

Time	Elapsed	PTC10	PTC11	PTC12	PTC13	PTC14	PTC15	VPRB3	VPRB4	PRESS	SVAC	HIPRB	LOPRB	HITC	LOTC	HIRATE	LORATE	AVGTC	MEAN	AIRTC	AIRTC1	AIRTC2	HILIMTC	CAPSTC	RUNTIME	SEGTIME	SEGTIMELEFT	TSET_AIR	TSET_PART	PSET	TEMPOUT	TEMPINT	PRESSOUT	COOLIP	SCROUT	PRESSIP	PRESSINT	SPREAD	AIRPARTDELTA	CAPSFLOW	SILENCE	BARLOCK	HIPSI	FANON	HYDON	FANSTARTSTOPPB	HYDPMPSTARTSTOPPB	COOLCNTRLONOFFSW	PRESSCNTRLONOFFSW	PRESSDUMPSW	PCMANUALSW	HILIMIT	BLWRMTRHILIMIT	MANINSIDE
HH:MM:SS	Mins	Deg.F	Deg.F	Deg.F	Deg.F	Deg.F	Deg.F	"Hg	"Hg	Psig	"Hg			Deg.F	Deg.F	Deg.F	Deg.F	Deg.F	Deg.F	Deg.F	Deg.F	Deg.F	Deg.F	Deg.F	Mins	Mins	Mins	Deg.F	Deg.F	Psig				%	%	%	%	Deg.F	Deg.F															
17:30:07	0.0	80.6	80.5	80.6	80.0	80.5	79.9	-27.7	-27.6	-0.3	-27.9	-27.6	-27.7	80.6	79.9	0.3	0.0	80.4	80.3	93.8	93.7	93.1	100.1	97.3	256.4	0.0	0.0	70.0	70.0	0.0	0.0	0.0	50.0	0.0	0.0	.Autoclave.Outputs.PRESSIP\OutputValue	8.0	0.7	13.2	-1.0	0.0	-1.0	-1.0	0.0	0.0	0.0	0.0	-1.0	-1.0	-1.0	0.0	0.0	-1.0	0.0
17:30:09	0.0	80.6	80.5	80.6	80.0	80.5	79.9	-27.7	-27.6	-0.3	-27.9	-27.6	-27.7	80.6	79.9	0.3	0.0	80.4	80.3	93.8	93.7	93.1	100.1	97.3	256.4	0.0	0.0	70.0	70.0	0.0	0.0	0.0	50.0	0.0	0.0	.Autoclave.Outputs.PRESSIP\OutputValue	8.0	0.7	13.2	-1.0	0.0	-1.0	-1.0	0.0	0.0	0.0	0.0	-1.0	-1.0	-1.0	0.0	0.0	-1.0	0.0
17:30:09	0.0	80.6	80.5	80.6	80.0	80.5	79.9	-27.7	-27.6	-0.3	-27.9	-27.6	-27.7	80.6	79.9	0.3	0.0	80.4	80.3	93.8	93.7	93.1	100.1	97.3	256.4	0.0	0.0	70.0	70.0	0.0	0.0	0.0	50.0	0.0	0.0	.Autoclave.Outputs.PRESSIP\OutputValue	8.0	0.7	13.2	-1.0	0.0	-1.0	-1.0	0.0	0.0	0.0	0.0	-1.0	-1.0	-1.0	0.0	0.0	-1.0	0.0
17:30:10	0.1	80.7	80.4	80.6	80.0	80.5	80.0	-27.7	-27.6	-0.3	-27.9	-27.6	-27.7	80.7	80.0	0.2	0.0	80.4	80.4	93.7	93.8	93.1	100.1	97.3	256.4	0.0	0.0	70.0	70.0	0.0	0.0	0.0	50.0	0.0	0.0	.Autoclave.Outputs.PRESSIP\OutputValue	8.0	0.7	13.2	-1.0	0.0	-1.0	-1.0	0.0	0.0	0.0	0.0	-1.0	-1.0	-1.0	0.0	0.0	-1.0	0.0
17:31:09	1.0	81.7	81.6	81.3	81.1	81.0	81.1	-27.7	-27.6	1.1	-27.9	-27.6	-27.7	81.7	81.0	1.5	0.5	81.3	81.4	94.2	94.2	93.5	97.4	95.8	1.0	1.0	0.0	88.4	85.2	1.5	9.6	-0.2	61.6	-1.0	0.0	.Autoclave.Outputs.PRESSIP\OutputValue	8.0	0.7	12.5	-1.0	0.0	-1.0	-1.0	-1.0	0.0	0.0	0.0	-1.0	-1.0	0.0	0.0	0.0	-1.0	0.0
17:32:09	2.0	82.8	82.5	82.0	81.9	81.5	81.8	-27.7	-27.6	2.7	-27.9	-27.6	-27.7	82.8	81.5	1.1	0.3	82.1	82.2	94.4	94.4	93.7	100.4	95.8	2.0	2.0	0.0	96.6	89.7	3.0	61.4	-0.3	61.4	0.0	22.9	.Autoclave.Outputs.PRESSIP\OutputValue	8.0	1.3	11.6	-1.0	0.0	-1.0	-1.0	-1.0	0.0	0.0	0.0	-1.0	-1.0	0.0	0.0	0.0	-1.0	0.0
17:33:09	3.0	84.9	84.3	83.3	83.8	82.4	82.6	-27.7	-27.6	3.6	-27.9	-27.6	-27.7	84.9	82.4	1.7	0.9	83.6	83.7	101.6	101.6	101.0	114.7	95.7	3.0	3.0	0.0	103.7	94.2	4.5	61.8	0.0	66.6	0.0	23.6	.Autoclave.Outputs.PRESSIP\OutputValue	8.0	2.5	16.7	-1.0	0.0	-1.0	-1.0	-1.0	0.0	0.0	0.0	-1.0	-1.0	0.0	0.0	0.0	-1.0	0.0
17:34:10	4.0	87.0	86.0	84.9	85.7	83.3	84.7	-27.6	-27.5	5.3	-27.9	-27.5	-27.6	87.0	83.3	2.9	0.8	85.3	85.2	107.9	107.9	107.2	121.8	95.8	4.0	4.0	0.0	110.2	98.7	6.0	63.5	0.2	64.5	0.0	26.9	.Autoclave.Outputs.PRESSIP\OutputValue	8.0	3.7	20.9	-1.0	0.0	-1.0	-1.0	-1.0	0.0	0.0	0.0	-1.0	-1.0	0.0	0.0	0.0	-1.0	0.0
17:35:09	5.0	89.7	87.9	86.7	87.4	84.4	86.4	-27.6	-27.5	6.9	-27.9	-27.5	-27.6	89.7	84.4	2.4	0.9	87.1	87.1	114.4	114.4	113.8	128.4	96.1	5.0	5.0	0.0	116.6	103.2	7.5	62.2	0.4	63.4	0.0	24.4	.Autoclave.Outputs.PRESSIP\OutputValue	8.0	5.3	24.7	-1.0	0.0	-1.0	-1.0	-1.0	0.0	0.0	0.0	-1.0	-1.0	0.0	0.0	0.0	-1.0	0.0
17:36:10	6.0	92.5	90.2	88.7	88.9	85.6	88.3	-27.6	-27.5	8.6	-27.9	-27.5	-27.6	92.5	85.6	2.8	1.1	89.0	89.1	120.2	120.3	119.7	135.4	96.2	6.0	6.0	0.0	123.1	107.7	9.0	67.7	0.6	63.0	0.0	35.5	.Autoclave.Outputs.PRESSIP\OutputValue	8.0	6.9	27.7	-1.0	0.0	-1.0	-1.0	-1.0	0.0	0.0	0.0	-1.0	-1.0	0.0	0.0	0.0	-1.0	0.0
17:37:10	7.0	95.6	92.6	90.9	93.0	87.1	90.6	-27.6	-27.4	9.5	-27.9	-27.4	-27.6	95.6	87.1	3.0	1.4	91.6	91.4	126.2	126.2	125.5	140.3	96.3	7.0	7.0	0.0	128.6	112.2	10.5	65.4	0.9	67.5	0.0	30.8	.Autoclave.Outputs.PRESSIP\OutputValue	8.0	8.5	30.5	-1.0	0.0	-1.0	-1.0	-1.0	0.0	0.0	0.0	-1.0	-1.0	0.0	0.0	0.0	-1.0	0.0
17:37:16	7.1	95.8	92.9	91.2	93.1	87.2	90.8	-27.6	-27.5	10.1	-27.9	-27.5	-27.6	95.8	87.2	4.2	1.5	91.8	91.5	126.7	126.9	126.1	141.5	96.3	7.1	7.1	0.0	129.4	112.6	10.6	67.2	0.9	64.8	0.0	34.3	.Autoclave.Outputs.PRESSIP\OutputValue	8.0	8.6	30.8	-1.0	0.0	-1.0	-1.0	-1.0	0.0	0.0	0.0	-1.0	-1.0	0.0	0.0	0.0	-1.0	0.0
17:38:10	8.0	98.7	95.4	93.4	96.1	88.7	92.9	-27.6	-27.4	11.4	-27.6	-27.4	-27.6	98.7	88.7	3.4	1.7	94.2	93.7	132.1	132.1	131.3	146.5	96.6	8.0	0.9	0.0	134.4	116.6	12.0	64.0	0.0	63.3	0.0	28.1	.Autoclave.Outputs.PRESSIP\OutputValue	8.0	10.0	33.3	-1.0	0.0	-1.0	-1.0	-1.0	0.0	0.0	0.0	-1.0	-1.0	0.0	0.0	0.0	-1.0	0.0
17:39:09	9.0	102.4	98.3	96.3	99.9	90.6	95.7	-23.9	-23.4	13.0	-23.0	-23.4	-23.9	102.4	90.6	4.2	1.9	97.2	96.5	137.6	137.6	136.8	151.5	96.6	9.0	1.9	0.0	140.0	121.2	13.5	64.0	0.3	63.2	0.0	28.0	.Autoclave.Outputs.PRESSIP\OutputValue	8.0	11.8	35.1	-1.0	0.0	-1.0	-1.0	-1.0	0.0	0.0	0.0	-1.0	-1.0	0.0	0.0	0.0	-1.0	0.0
17:40:09	10.0	105.5	101.4	99.5	103.1	92.6	98.6	-18.1	-17.9	14.2	-17.9	-17.9	-18.1	105.5	92.6	3.6	2.0	100.1	99.1	141.7	141.7	141.1	155.7	96.6	10.0	2.9	0.0	144.6	125.7	15.0	68.1	0.5	65.9	0.0	36.2	.Autoclave.Outputs.PRESSIP\OutputValue	8.0	12.9	36.1	-1.0	0.0	-1.0	-1.0	-1.0	0.0	0.0	0.0	-1.0	-1.0	0.0	0.0	0.0	-1.0	0.0
17:41:10	11.0	109.9	104.3	102.3	106.9	94.8	101.0	-12.8	-12.6	15.7	-12.7	-12.6	-12.8	109.9	94.8	4.2	2.1	103.2	102.4	146.6	146.7	146.0	162.3	96.8	11.0	3.9	0.0	150.2	130.2	16.5	73.3	0.9	66.5	0.0	46.6	.Autoclave.Outputs.PRESSIP\OutputValue	8.0	15.1	36.6	-1.0	0.0	-1.0	-1.0	-1.0	0.0	0.0	0.0	-1.0	-1.0	0.0	0.0	0.0	-1.0	0.0
17:42:10	12.0	114.0	107.8	105.8	110.8	97.0	104.1	-7.8	-7.8	17.4	-7.8	-7.8	-7.8	114.0	97.0	4.2	2.4	106.6	105.5	152.4	152.5	151.7	165.7	96.9	12.0	4.9	0.0	155.2	134.7	18.0	68.8	1.2	63.9	0.0	37.6	.Autoclave.Outputs.PRESSIP\OutputValue	8.0	17.0	38.3	-1.0	0.0	-1.0	-1.0	-1.0	0.0	0.0	0.0	-1.0	-1.0	0.0	0.0	0.0	-1.0	0.0
17:43:09	13.0	118.2	111.4	109.2	114.9	99.5	107.9	-3.7	-3.6	19.0	-3.6	-3.6	-3.7	118.2	99.5	4.3	2.4	110.2	108.9	157.8	157.9	157.3	170.8	97.2	13.0	5.9	0.0	160.2	139.2	19.5	62.8	1.4	62.3	0.0	25.7	.Autoclave.Outputs.PRESSIP\OutputValue	8.0	18.7	39.5	-1.0	0.0	-1.0	-1.0	-1.0	0.0	0.0	0.0	-1.0	-1.0	0.0	0.0	0.0	-1.0	0.0
17:44:10	14.0	122.9	114.9	113.0	119.2	102.0	111.5	-1.5	-1.4	20.4	-1.5	-1.4	-1.5	122.9	102.0	5.1	2.6	113.9	112.5	162.4	162.4	161.6	175.0	97.3	14.0	6.9	0.0	164.8	143.7	21.0	66.6	1.7	63.8	0.0	33.1	.Autoclave.Outputs.PRESSIP\OutputValue	8.0	20.9	39.4	-1.0	0.0	-1.0	-1.0	-1.0	0.0	0.0	0.0	-1.0	-1.0	0.0	0.0	0.0	-1.0	0.0
17:45:09	15.0	126.9	118.6	116.8	123.6	104.9	115.2	-0.5	-0.4	21.5	-0.6	-0.4	-0.5	126.9	104.9	4.3	2.9	117.7	115.9	166.4	166.4	165.7	177.5	97.2	15.0	7.9	0.0	168.9	148.2	22.5	66.6	1.9	68.0	0.0	33.1	.Autoclave.Outputs.PRESSIP\OutputValue	8.0	22.0	39.4	-1.0	0.0	-1.0	-1.0	-1.0	0.0	0.0	0.0	-1.0	-1.0	0.0	0.0	0.0	-1.0	0.0
17:46:10	16.1	131.0	122.6	120.6	128.3	107.8	119.0	-0.1	0.0	23.1	-0.3	0.0	-0.1	131.0	107.8	4.8	2.9	121.6	119.4	171.3	171.3	170.7	183.2	97.4	16.0	8.9	0.0	173.8	152.7	24.0	66.1	0.1	67.0	0.0	32.2	.Autoclave.Outputs.PRESSIP\OutputValue	8.0	23.2	40.2	-1.0	0.0	-1.0	-1.0	-1.0	0.0	0.0	0.0	-1.0	-1.0	0.0	0.0	0.0	-1.0	0.0
17:47:09	17.0	135.1	126.5	124.6	131.5	110.8	122.9	0.0	0.1	25.0	-0.1	0.1	0.0	135.1	110.8	4.6	3.0	125.2	123.0	175.9	175.9	175.2	189.1	97.5	17.0	9.9	0.0	179.1	157.1	25.5	69.5	0.3	63.1	0.0	39.1	.Autoclave.Outputs.PRESSIP\OutputValue	8.0	24.3	40.8	-1.0	0.0	-1.0	-1.0	-1.0	0.0	0.0	0.0	-1.0	-1.0	0.0	0.0	0.0	-1.0	0.0
17:48:09	18.0	139.9	131.0	128.8	137.6	114.0	126.8	0.0	0.1	26.6	-0.1	0.1	0.0	139.9	114.0	7.2	3.3	129.7	127.0	180.3	180.3	179.6	193.8	97.8	18.0	10.9	0.0	183.2	161.7	27.0	68.0	0.6	61.4	0.0	36.0	.Autoclave.Outputs.PRESSIP\OutputValue	8.0	25.9	40.4	-1.0	0.0	-1.0	-1.0	-1.0	0.0	0.0	0.0	-1.0	-1.0	0.0	0.0	0.0	-1.0	0.0
17:49:10	19.1	144.5	135.3	133.3	143.6	117.4	131.0	0.0	0.1	27.6	0.0	0.1	0.0	144.5	117.4	4.8	2.3	134.2	131.0	184.2	184.2	183.4	195.5	97.7	19.0	11.9	0.0	187.6	166.2	28.5	70.8	0.0	67.9	0.0	41.6	.Autoclave.Outputs.PRESSIP\OutputValue	8.0	27.1	39.7	-1.0	0.0	-1.0	-1.0	-1.0	0.0	0.0	0.0	-1.0	-1.0	0.0	0.0	0.0	-1.0	0.0
17:50:09	20.0	149.1	139.3	137.5	147.1	121.0	135.2	0.1	0.1	29.3	0.0	0.1	0.1	149.1	121.0	5.3	3.5	138.2	135.1	189.3	189.3	188.5	201.5	97.8	20.0	12.9	0.0	191.9	170.7	30.0	68.2	0.4	65.0	0.0	36.5	.Autoclave.Outputs.PRESSIP\OutputValue	8.0	28.1	40.2	-1.0	0.0	-1.0	-1.0	-1.0	0.0	0.0	0.0	-1.0	-1.0	0.0	0.0	0.0	-1.0	0.0
17:51:09	21.0	154.2	144.0	142.1	151.9	124.8	139.6	0.1	0.1	31.0	0.0	0.1	0.1	154.2	124.8	5.4	3.9	142.8	139.5	193.8	193.8	193.1	204.7	98.0	21.0	13.9	0.0	196.7	175.2	31.5	67.2	0.6	62.9	0.0	34.4	.Autoclave.Outputs.PRESSIP\OutputValue	8.0	29.4	39.6	-1.0	0.0	-1.0	-1.0	-1.0	0.0	0.0	0.0	-1.0	-1.0	0.0	0.0	0.0	-1.0	0.0
17:52:10	22.0	158.4	148.7	146.6	157.0	128.4	144.0	0.1	0.1	32.1	0.0	0.1	0.1	158.4	128.4	5.1	3.6	147.2	143.4	197.8	197.7	197.1	210.6	98.0	22.0	14.9	0.0	200.7	179.7	33.0	71.7	1.0	67.9	0.0	43.5	.Autoclave.Outputs.PRESSIP\OutputValue	8.0	30.0	39.4	-1.0	0.0	-1.0	-1.0	-1.0	0.0	0.0	0.0	-1.0	-1.0	0.0	0.0	0.0	-1.0	0.0
17:53:09	23.0	161.3	153.6	151.2	161.9	132.3	148.4	0.1	0.1	33.8	0.0	0.1	0.1	161.9	132.3	4.8	3.3	151.4	147.1	201.7	201.7	201.2	214.7	98.1	23.0	15.9	0.0	206.5	184.2	34.5	80.0	0.2	64.8	0.0	60.0	.Autoclave.Outputs.PRESSIP\OutputValue	8.0	29.6	39.8	-1.0	0.0	-1.0	-1.0	-1.0	0.0	0.0	0.0	-1.0	-1.0	0.0	0.0	0.0	-1.0	0.0
17:54:09	24.0	164.4	158.3	155.7	167.0	136.0	152.7	0.1	0.1	35.6	0.0	0.1	0.1	167.0	136.0	4.9	2.6	155.7	151.5	205.9	205.9	205.2	218.0	98.5	24.0	16.9	0.0	210.6	188.7	36.0	81.6	0.6	61.7	0.0	63.3	.Autoclave.Outputs.PRESSIP\OutputValue	8.0	31.0	38.9	-1.0	0.0	-1.0	-1.0	-1.0	0.0	0.0	0.0	-1.0	-1.0	0.0	0.0	0.0	-1.0	0.0
17:55:09	25.0	167.4	163.4	160.2	172.0	140.1	157.4	0.1	0.1	36.7	0.0	0.1	0.1	172.0	140.1	5.6	4.3	160.1	156.0	211.1	211.1	210.4	223.7	98.4	25.0	17.9	0.0	212.5	193.2	37.5	58.0	0.9	65.6	0.0	15.9	.Autoclave.Outputs.PRESSIP\OutputValue	8.0	31.9	39.1	-1.0	0.0	-1.0	-1.0	-1.0	0.0	0.0	0.0	-1.0	-1.0	0.0	0.0	0.0	-1.0	0.0
17:56:10	26.1	171.9	168.0	165.3	176.9	144.5	162.0	0.1	0.1	38.4	0.0	0.1	0.1	176.9	144.5	5.2	3.8	164.8	160.7	215.1	215.1	214.5	227.4	98.5	26.0	18.9	0.0	218.4	197.7	39.0	71.1	1.2	63.3	0.0	42.2	.Autoclave.Outputs.PRESSIP\OutputValue	8.0	32.4	38.2	-1.0	0.0	-1.0	-1.0	-1.0	0.0	0.0	0.0	-1.0	-1.0	0.0	0.0	0.0	-1.0	0.0
17:57:10	27.0	176.3	173.5	170.2	182.0	148.7	166.6	0.1	0.1	39.5	0.0	0.1	0.1	182.0	148.7	5.4	4.3	169.5	165.3	218.9	218.9	218.1	232.3	98.5	27.0	19.9	0.0	222.3	202.2	40.0	72.1	1.6	63.2	0.0	44.2	.Autoclave.Outputs.PRESSIP\OutputValue	8.0	33.3	36.9	-1.0	0.0	-1.0	-1.0	-1.0	0.0	0.0	0.0	-1.0	-1.0	0.0	0.0	0.0	-1.0	0.0
17:58:10	28.0	181.4	179.1	174.9	187.2	153.2	171.6	0.1	0.1	39.7	0.0	0.1	0.1	187.2	153.2	5.3	4.5	174.6	170.2	223.4	223.4	222.6	235.4	98.4	28.0	20.9	0.0	226.2	206.7	40.0	68.3	1.9	60.9	0.0	36.7	.Autoclave.Outputs.PRESSIP\OutputValue	8.0	34.0	36.2	-1.0	0.0	-1.0	-1.0	-1.0	0.0	0.0	0.0	-1.0	-1.0	0.0	0.0	0.0	-1.0	0.0
17:59:09	29.0	186.5	184.7	179.9	192.0	157.4	176.3	0.1	0.1	40.0	0.0	0.1	0.1	192.0	157.4	6.0	4.3	179.5	174.7	227.5	227.5	226.8	239.4	98.5	29.0	21.9	0.0	230.4	211.2	40.0	69.2	2.2	57.7	0.0	38.4	.Autoclave.Outputs.PRESSIP\OutputValue	8.0	34.6	35.5	-1.0	0.0	-1.0	-1.0	-1.0	0.0	0.0	0.0	-1.0	-1.0	0.0	0.0	0.0	-1.0	0.0
18:00:09	30.0	191.3	190.1	184.7	196.9	161.5	181.0	0.1	0.1	40.3	0.0	0.1	0.1	196.9	161.5	5.6	4.3	184.2	179.2	231.6	231.6	231.0	244.3	98.5	30.0	22.9	0.0	234.5	215.7	40.0	69.4	2.4	54.2	0.0	38.8	.Autoclave.Outputs.PRESSIP\OutputValue	7.6	35.4	34.8	-1.0	0.0	-1.0	-1.0	-1.0	0.0	0.0	0.0	-1.0	-1.0	0.0	0.0	0.0	-1.0	0.0
18:01:09	31.0	195.9	195.3	189.3	201.8	165.9	185.5	0.1	0.1	40.6	0.0	0.1	0.1	201.8	165.9	5.4	4.0	188.9	183.8	235.8	235.9	235.1	248.1	98.6	31.0	23.9	0.0	238.6	220.2	40.0	69.1	2.7	50.6	0.0	38.2	.Autoclave.Outputs.PRESSIP\OutputValue	6.7	35.9	34.1	-1.0	0.0	-1.0	-1.0	-1.0	0.0	0.0	0.0	-1.0	-1.0	0.0	0.0	0.0	-1.0	0.0
18:02:10	32.1	201.0	200.4	194.1	206.5	170.3	190.0	0.1	0.1	40.9	0.0	0.1	0.1	206.5	170.3	5.5	4.3	193.7	188.4	239.4	239.4	238.7	253.0	98.6	32.0	24.9	0.0	242.9	224.7	40.0	71.5	0.3	45.9	0.0	43.0	.Autoclave.Outputs.PRESSIP\OutputValue	5.2	36.2	33.0	-1.0	0.0	-1.0	-1.0	-1.0	0.0	0.0	0.0	-1.0	-1.0	0.0	0.0	0.0	-1.0	0.0
18:03:10	33.0	205.9	205.6	198.9	211.2	174.4	194.5	0.1	0.1	40.4	0.0	0.1	0.1	211.2	174.4	5.6	4.0	198.4	192.8	244.0	244.0	243.4	256.1	98.6	33.0	25.9	0.0	247.2	229.2	40.0	69.5	0.6	50.5	0.0	39.1	.Autoclave.Outputs.PRESSIP\OutputValue	4.3	36.8	32.9	-1.0	0.0	-1.0	-1.0	-1.0	0.0	0.0	0.0	-1.0	-1.0	0.0	0.0	0.0	-1.0	0.0
18:04:09	34.0	210.5	210.3	203.0	215.8	178.6	198.9	0.1	0.1	40.7	0.0	0.1	0.1	215.8	178.6	5.6	4.4	202.8	197.2	248.4	248.5	247.8	261.7	98.7	34.0	26.9	0.0	251.5	233.7	40.0	69.8	0.9	45.7	0.0	39.7	.Autoclave.Outputs.PRESSIP\OutputValue	3.1	37.2	32.7	-1.0	0.0	-1.0	-1.0	-1.0	0.0	0.0	0.0	-1.0	-1.0	0.0	0.0	0.0	-1.0	0.0
18:04:30	34.4	212.2	211.9	204.5	217.2	180.1	200.3	0.1	0.1	40.8	0.0	0.1	0.1	217.2	180.1	4.9	4.3	204.4	198.7	250.1	250.2	249.4	263.0	98.7	34.4	27.2	0.0	253.0	235.1	40.0	67.7	1.0	44.3	0.0	35.3	.Autoclave.Outputs.PRESSIP\OutputValue	2.6	37.1	32.9	-1.0	0.0	-1.0	-1.0	-1.0	0.0	0.0	0.0	-1.0	-1.0	0.0	0.0	0.0	-1.0	0.0
18:05:10	35.1	215.4	214.8	207.5	220.3	183.0	203.2	0.1	0.1	39.8	0.0	0.1	0.1	220.3	183.0	4.7	4.3	207.4	201.7	252.2	252.2	251.5	265.0	98.5	35.0	0.7	0.0	256.0	238.2	40.0	74.4	1.2	53.6	0.0	48.7	.Autoclave.Outputs.PRESSIP\OutputValue	1.6	37.3	31.9	-1.0	0.0	-1.0	-1.0	-1.0	0.0	0.0	0.0	-1.0	-1.0	0.0	0.0	0.0	-1.0	0.0
18:06:10	36.0	220.2	217.8	212.4	224.9	187.3	207.8	0.1	0.1	40.2	0.0	0.1	0.1	224.9	187.3	5.4	3.4	211.7	206.1	257.5	257.5	256.8	270.6	98.7	36.0	1.7	0.0	260.3	242.7	40.0	67.9	1.6	49.8	0.0	35.8	.Autoclave.Outputs.PRESSIP\OutputValue	1.6	37.6	32.6	-1.0	0.0	-1.0	-1.0	-1.0	0.0	0.0	0.0	-1.0	-1.0	0.0	0.0	0.0	-1.0	0.0
18:07:09	37.0	222.7	222.7	216.8	229.5	191.8	212.4	0.1	0.1	40.4	0.0	0.1	0.1	229.5	191.8	5.0	4.2	216.0	210.7	261.7	261.7	261.1	275.3	98.7	37.0	2.7	0.0	264.7	247.2	40.0	69.4	1.9	46.4	0.0	38.8	.Autoclave.Outputs.PRESSIP\OutputValue	1.0	37.7	32.2	-1.0	0.0	-1.0	-1.0	-1.0	0.0	0.0	0.0	-1.0	-1.0	0.0	0.0	0.0	-1.0	0.0
18:08:10	38.0	229.8	227.2	221.5	234.1	196.1	216.9	0.1	0.1	40.8	0.0	0.1	0.1	234.1	196.1	5.4	4.3	220.9	215.1	265.8	265.9	265.2	280.0	98.8	38.0	3.7	0.0	269.3	251.7	40.0	72.7	2.2	41.9	0.0	45.4	.Autoclave.Outputs.PRESSIP\OutputValue	-0.3	38.0	31.7	-1.0	0.0	-1.0	-1.0	-1.0	0.0	0.0	0.0	-1.0	-1.0	0.0	0.0	0.0	-1.0	0.0
18:09:09	39.0	234.5	232.2	226.1	238.7	200.5	221.3	0.1	0.1	39.8	0.0	0.1	0.1	238.7	200.5	5.3	4.7	225.6	219.6	270.1	270.1	269.5	283.0	98.6	39.0	4.7	0.0	273.5	256.2	40.0	72.9	2.5	49.8	0.0	45.7	.Autoclave.Outputs.PRESSIP\OutputValue	-1.8	38.2	31.4	-1.0	0.0	-1.0	-1.0	-1.0	0.0	0.0	0.0	-1.0	-1.0	0.0	0.0	0.0	-1.0	0.0
18:10:09	40.0	239.4	237.0	231.0	243.0	205.0	224.7	0.1	0.1	40.2	0.0	0.1	0.1	243.0	205.0	5.0	2.1	230.0	224.0	275.6	275.9	275.0	289.6	98.9	40.0	5.7	0.0	277.7	260.7	40.0	81.5	2.6	46.1	0.0	63.0	.Autoclave.Outputs.PRESSIP\OutputValue	-1.9	38.0	32.6	-1.0	0.0	-1.0	-1.0	-1.0	0.0	0.0	0.0	-1.0	-1.0	0.0	0.0	0.0	-1.0	0.0
18:11:10	41.0	244.0	241.2	235.7	248.1	209.3	230.2	0.1	0.1	40.4	0.0	0.1	0.1	248.1	209.3	4.8	2.9	234.8	228.7	280.2	280.2	279.6	292.6	98.8	41.0	6.7	0.0	282.2	265.2	40.0	63.9	2.9	43.2	0.0	27.8	.Autoclave.Outputs.PRESSIP\OutputValue	-2.6	38.8	32.1	-1.0	0.0	-1.0	-1.0	-1.0	0.0	0.0	0.0	-1.0	-1.0	0.0	0.0	0.0	-1.0	0.0
18:12:09	42.0	248.8	245.8	240.0	252.4	213.6	234.8	0.1	0.1	40.7	0.0	0.1	0.1	252.4	213.6	9.1	4.3	239.2	233.0	284.2	284.2	283.6	296.8	98.9	42.0	7.7	0.0	288.6	269.7	40.0	80.1	3.2	39.2	0.0	60.2	.Autoclave.Outputs.PRESSIP\OutputValue	-3.8	38.8	31.8	-1.0	0.0	-1.0	-1.0	-1.0	0.0	0.0	0.0	-1.0	-1.0	0.0	0.0	0.0	-1.0	0.0
18:13:10	43.0	252.8	249.8	244.7	256.5	218.2	239.2	0.1	0.1	40.7	0.0	0.1	0.1	256.5	218.2	4.8	4.2	243.5	237.4	287.3	287.3	286.6	294.7	98.9	43.0	8.7	0.0	287.4	272.0	40.0	52.2	3.4	37.3	0.0	4.4	.Autoclave.Outputs.PRESSIP\OutputValue	-5.5	38.3	30.8	-1.0	0.0	-1.0	-1.0	-1.0	0.0	0.0	0.0	-1.0	-1.0	0.0	0.0	0.0	-1.0	0.0
18:14:09	44.0	255.9	251.8	248.1	258.8	222.0	242.6	0.1	0.1	40.0	0.0	0.1	0.1	258.8	222.0	3.9	2.7	246.5	240.4	284.3	284.2	283.6	277.9	98.7	44.0	9.7	0.0	284.8	272.0	40.0	55.0	3.5	43.9	0.0	9.9	.Autoclave.Outputs.PRESSIP\OutputValue	-6.0	36.8	25.5	-1.0	0.0	-1.0	-1.0	-1.0	0.0	0.0	0.0	-1.0	-1.0	0.0	0.0	0.0	-1.0	0.0
18:15:10	45.1	257.3	252.1	250.0	260.8	225.3	244.9	0.1	0.1	40.4	0.0	0.1	0.1	260.8	225.3	3.2	0.0	248.4	243.1	279.7	279.7	279.0	287.4	98.9	45.0	10.7	0.0	283.2	272.0	40.0	72.5	0.9	39.8	0.0	44.9	.Autoclave.Outputs.PRESSIP\OutputValue	-6.0	35.5	18.9	-1.0	0.0	-1.0	-1.0	-1.0	0.0	0.0	0.0	-1.0	-1.0	0.0	0.0	0.0	-1.0	0.0
18:16:10	46.0	259.7	254.2	252.9	260.2	228.6	247.5	0.1	0.1	40.4	0.0	0.1	0.1	260.2	228.6	3.5	2.2	250.5	244.4	280.2	280.1	279.5	287.0	98.8	46.0	11.7	0.0	281.0	272.0	40.0	54.0	1.1	39.6	0.0	8.0	.Autoclave.Outputs.PRESSIP\OutputValue	-6.0	31.6	20.0	-1.0	0.0	-1.0	-1.0	-1.0	0.0	0.0	0.0	-1.0	-1.0	0.0	0.0	0.0	-1.0	0.0
18:17:10	47.0	261.5	255.5	254.9	264.5	231.4	249.8	0.1	0.1	40.3	0.0	0.1	0.1	264.5	231.4	3.1	1.5	252.9	248.0	278.6	278.6	277.9	284.1	99.0	47.0	12.7	0.0	279.5	272.0	40.0	55.4	1.2	40.5	0.0	10.8	.Autoclave.Outputs.PRESSIP\OutputValue	-6.0	33.1	14.1	-1.0	0.0	-1.0	-1.0	-1.0	0.0	0.0	0.0	-1.0	-1.0	0.0	0.0	0.0	-1.0	0.0
18:18:09	48.0	262.8	256.8	256.8	265.8	234.3	251.6	0.1	0.1	40.3	0.0	0.1	0.1	265.8	234.3	2.9	1.0	254.7	250.1	277.5	277.5	276.8	282.4	99.1	48.0	13.7	0.0	278.2	272.0	40.0	53.5	1.3	41.3	0.0	7.0	.Autoclave.Outputs.PRESSIP\OutputValue	-6.0	31.5	11.7	-1.0	0.0	-1.0	-1.0	-1.0	0.0	0.0	0.0	-1.0	-1.0	0.0	0.0	0.0	-1.0	0.0
18:19:09	49.0	263.9	257.8	258.5	266.6	236.8	253.2	0.1	0.1	40.3	0.0	0.1	0.1	266.6	236.8	2.6	1.0	256.1	251.7	276.7	276.7	275.9	281.6	99.1	49.0	14.7	0.0	277.3	272.0	40.0	53.6	1.4	41.5	0.0	7.1	.Autoclave.Outputs.PRESSIP\OutputValue	-6.0	29.8	10.1	-1.0	0.0	-1.0	-1.0	-1.0	0.0	0.0	0.0	-1.0	-1.0	0.0	0.0	0.0	-1.0	0.0
18:20:09	50.0	265.8	259.0	260.0	267.4	239.2	254.7	0.1	0.1	40.3	0.0	0.1	0.1	267.4	239.2	2.4	0.8	257.7	253.3	275.7	275.7	275.1	281.3	99.1	50.0	15.7	0.0	276.6	272.0	40.0	53.6	1.4	41.5	0.0	7.3	.Autoclave.Outputs.PRESSIP\OutputValue	-6.0	28.2	8.3	-1.0	0.0	-1.0	-1.0	-1.0	0.0	0.0	0.0	-1.0	-1.0	0.0	0.0	0.0	-1.0	0.0
18:21:09	51.0	266.0	259.7	261.3	268.1	241.6	256.0	0.1	0.1	40.2	0.0	0.1	0.1	268.1	241.6	2.4	0.7	258.8	254.9	275.0	275.0	274.4	280.5	99.1	51.0	16.7	0.0	275.9	272.0	40.0	54.4	1.5	41.9	0.0	8.7	.Autoclave.Outputs.PRESSIP\OutputValue	-6.0	26.5	6.9	-1.0	0.0	-1.0	-1.0	-1.0	0.0	0.0	0.0	-1.0	-1.0	0.0	0.0	0.0	-1.0	0.0
18:22:09	52.0	266.1	260.9	262.4	268.8	243.8	257.2	0.1	0.1	40.2	0.0	0.1	0.1	268.8	243.8	2.3	0.6	259.9	256.3	274.6	274.6	273.9	279.8	99.2	52.0	17.7	0.0	275.2	272.0	40.0	53.8	1.6	42.4	0.0	7.5	.Autoclave.Outputs.PRESSIP\OutputValue	-6.0	25.0	5.8	-1.0	0.0	-1.0	-1.0	-1.0	0.0	0.0	0.0	-1.0	-1.0	0.0	0.0	0.0	-1.0	0.0
18:23:09	53.0	267.2	261.9	263.4	269.2	245.7	258.3	0.1	0.1	40.2	0.0	0.1	0.1	269.2	245.7	1.9	0.5	261.0	257.5	274.2	274.1	273.4	279.4	99.2	53.0	18.7	0.0	274.8	272.0	40.0	53.2	1.6	42.0	0.0	6.3	.Autoclave.Outputs.PRESSIP\OutputValue	-6.0	23.5	5.0	-1.0	0.0	-1.0	-1.0	-1.0	0.0	0.0	0.0	-1.0	-1.0	0.0	0.0	0.0	-1.0	0.0
18:24:09	54.0	267.7	262.7	264.2	269.5	247.6	259.5	0.1	0.1	40.2	0.0	0.1	0.1	269.5	247.6	2.1	0.3	261.9	258.6	273.8	273.8	273.1	279.4	99.2	54.0	19.7	0.0	274.4	272.0	40.0	53.9	1.7	41.9	0.0	7.8	.Autoclave.Outputs.PRESSIP\OutputValue	-6.0	21.9	4.3	-1.0	0.0	-1.0	-1.0	-1.0	0.0	0.0	0.0	-1.0	-1.0	0.0	0.0	0.0	-1.0	0.0
18:25:10	55.1	268.5	263.6	265.1	270.0	249.5	260.5	0.1	0.1	40.2	0.0	0.1	0.1	270.0	249.5	1.9	0.3	262.9	259.8	273.3	273.4	272.7	278.8	99.2	55.0	20.7	0.0	274.1	272.0	40.0	54.6	1.7	41.5	0.0	9.2	.Autoclave.Outputs.PRESSIP\OutputValue	-6.0	20.5	3.3	-1.0	0.0	-1.0	-1.0	-1.0	0.0	0.0	0.0	-1.0	-1.0	0.0	0.0	0.0	-1.0	0.0
18:26:09	56.0	268.7	264.3	265.7	270.3	251.2	261.4	0.1	0.1	40.2	0.0	0.1	0.1	270.3	251.2	1.7	0.4	263.6	260.8	273.2	273.2	272.5	278.2	99.1	56.0	21.7	0.0	273.9	272.0	40.0	53.3	1.8	42.2	0.0	6.7	.Autoclave.Outputs.PRESSIP\OutputValue	-6.0	19.1	2.9	-1.0	0.0	-1.0	-1.0	-1.0	0.0	0.0	0.0	-1.0	-1.0	0.0	0.0	0.0	-1.0	0.0
18:27:09	57.0	269.1	265.0	266.4	270.3	252.7	262.0	0.1	0.1	40.2	0.0	0.1	0.1	270.3	252.7	1.5	0.1	264.3	261.5	272.9	272.9	272.1	278.1	99.2	57.0	22.7	0.0	273.5	272.0	40.0	53.4	1.8	42.2	0.0	6.8	.Autoclave.Outputs.PRESSIP\OutputValue	-6.0	17.6	2.6	-1.0	0.0	-1.0	-1.0	-1.0	0.0	0.0	0.0	-1.0	-1.0	0.0	0.0	0.0	-1.0	0.0
18:28:10	58.1	269.0	265.3	266.9	270.6	254.2	262.2	0.1	0.1	40.2	0.0	0.1	0.1	270.6	254.2	1.6	0.1	264.7	262.4	272.6	272.6	271.9	278.0	99.2	58.0	23.7	0.0	273.3	272.0	40.0	54.8	1.9	42.2	0.0	9.6	.Autoclave.Outputs.PRESSIP\OutputValue	-6.0	16.4	2.0	-1.0	0.0	-1.0	-1.0	-1.0	0.0	0.0	0.0	-1.0	-1.0	0.0	0.0	0.0	-1.0	0.0
18:29:09	59.0	269.5	266.0	267.4	270.7	255.5	263.2	0.1	0.1	40.2	0.0	0.1	0.1	270.7	255.5	1.3	0.1	265.4	263.1	272.5	272.5	271.9	277.9	99.2	59.0	24.7	0.0	273.2	272.0	40.0	54.2	1.9	42.4	0.0	8.3	.Autoclave.Outputs.PRESSIP\OutputValue	-6.0	15.2	1.8	-1.0	0.0	-1.0	-1.0	-1.0	0.0	0.0	0.0	-1.0	-1.0	0.0	0.0	0.0	-1.0	0.0
18:30:10	60.0	269.6	266.8	267.8	270.9	256.7	263.7	0.1	0.1	40.2	0.0	0.1	0.1	270.9	256.7	2.8	0.0	265.9	263.8	272.5	272.5	271.8	277.8	99.2	60.0	25.7	0.0	273.0	272.0	40.0	53.6	2.0	42.2	0.0	7.1	.Autoclave.Outputs.PRESSIP\OutputValue	-6.0	14.2	1.6	-1.0	0.0	-1.0	-1.0	-1.0	0.0	0.0	0.0	-1.0	-1.0	0.0	0.0	0.0	-1.0	0.0
18:31:09	61.0	270.0	267.0	268.3	271.0	257.8	263.7	0.0	0.1	40.2	0.0	0.1	0.0	271.0	257.8	1.2	-0.9	266.3	264.4	272.5	272.5	271.7	277.7	99.3	61.0	26.7	0.0	273.0	272.0	40.0	52.9	2.0	42.2	0.0	5.9	.Autoclave.Outputs.PRESSIP\OutputValue	-6.0	13.2	1.5	-1.0	0.0	-1.0	-1.0	-1.0	0.0	0.0	0.0	-1.0	-1.0	0.0	0.0	0.0	-1.0	0.0
18:32:09	62.0	270.3	267.2	268.5	271.0	258.8	264.7	0.1	0.1	40.2	0.0	0.1	0.1	271.0	258.8	1.1	0.1	266.8	264.9	272.4	272.4	271.7	277.5	99.4	62.0	27.7	0.0	273.0	272.0	40.0	53.7	2.1	42.2	0.0	7.3	.Autoclave.Outputs.PRESSIP\OutputValue	-6.0	12.2	1.4	-1.0	0.0	-1.0	-1.0	-1.0	0.0	0.0	0.0	-1.0	-1.0	0.0	0.0	0.0	-1.0	0.0
18:33:10	63.0	270.4	267.7	268.9	271.1	259.8	265.7	0.1	0.1	40.2	0.0	0.1	0.1	271.1	259.8	0.9	-0.2	267.3	265.5	272.3	272.3	271.6	277.5	99.4	63.0	28.7	0.0	272.9	272.0	40.0	53.0	2.2	42.4	0.0	6.1	.Autoclave.Outputs.PRESSIP\OutputValue	-6.0	11.3	1.2	-1.0	0.0	-1.0	-1.0	-1.0	0.0	0.0	0.0	-1.0	-1.0	0.0	0.0	0.0	-1.0	0.0
18:33:42	63.6	270.3	267.9	269.0	271.1	260.3	266.0	0.1	0.1	40.2	0.0	0.1	0.1	271.1	260.3	0.8	0.0	267.4	265.7	272.2	272.3	271.6	277.2	99.3	63.6	29.2	0.0	272.9	272.0	40.0	53.7	2.2	42.0	0.0	7.5	.Autoclave.Outputs.PRESSIP\OutputValue	-6.0	10.8	1.1	-1.0	0.0	-1.0	-1.0	-1.0	0.0	0.0	0.0	-1.0	-1.0	0.0	0.0	0.0	-1.0	0.0
18:34:10	64.1	270.4	268.0	269.2	271.2	260.6	266.1	0.1	0.1	40.2	0.0	0.1	0.1	271.2	260.6	0.9	-0.1	267.6	265.9	272.2	272.3	271.6	277.5	99.4	64.0	0.5	70.5	272.9	272.0	40.0	54.4	2.2	42.0	0.0	8.9	.Autoclave.Outputs.PRESSIP\OutputValue	-6.0	10.6	1.0	-1.0	0.0	-1.0	-1.0	-1.0	0.0	0.0	0.0	-1.0	-1.0	0.0	0.0	0.0	-1.0	0.0
18:35:10	65.0	270.3	268.3	269.4	271.2	261.4	266.2	0.1	0.1	40.2	0.0	0.1	0.1	271.2	261.4	0.9	-0.1	267.8	266.3	272.2	272.2	271.5	277.3	99.4	65.0	1.5	69.5	272.7	272.0	40.0	54.5	2.2	41.9	0.0	9.0	.Autoclave.Outputs.PRESSIP\OutputValue	-6.0	9.8	1.0	-1.0	0.0	-1.0	-1.0	-1.0	0.0	0.0	0.0	-1.0	-1.0	0.0	0.0	0.0	-1.0	0.0
18:36:09	66.0	270.2	268.6	269.6	271.4	262.2	266.0	0.1	0.1	40.2	0.0	0.1	0.1	271.4	262.2	0.7	-1.3	268.0	266.8	272.0	272.0	271.4	277.0	99.4	66.0	2.5	68.5	272.7	272.0	40.0	53.2	2.3	42.2	0.0	6.4	.Autoclave.Outputs.PRESSIP\OutputValue	-6.0	9.2	0.6	-1.0	0.0	-1.0	-1.0	-1.0	0.0	0.0	0.0	-1.0	-1.0	0.0	0.0	0.0	-1.0	0.0
18:37:09	67.0	270.7	268.8	269.9	271.4	262.9	266.4	0.1	0.1	40.2	0.0	0.1	0.1	271.4	262.9	1.8	0.1	268.4	267.2	272.1	272.1	271.4	276.9	99.4	67.0	3.5	67.5	272.6	272.0	40.0	52.6	2.3	42.2	0.0	5.1	.Autoclave.Outputs.PRESSIP\OutputValue	-6.0	8.5	0.7	-1.0	0.0	-1.0	-1.0	-1.0	0.0	0.0	0.0	-1.0	-1.0	0.0	0.0	0.0	-1.0	0.0
18:38:09	68.0	270.7	269.1	270.0	271.5	263.6	267.1	0.1	0.1	40.2	0.0	0.1	0.1	271.5	263.6	0.6	0.0	268.7	267.6	271.8	271.8	271.2	277.1	99.3	68.0	4.5	66.5	272.6	272.0	40.0	53.9	2.4	42.2	0.0	7.9	.Autoclave.Outputs.PRESSIP\OutputValue	-6.0	7.9	0.3	-1.0	0.0	-1.0	-1.0	-1.0	0.0	0.0	0.0	-1.0	-1.0	0.0	0.0	0.0	-1.0	0.0
18:39:09	69.0	270.7	269.2	270.2	271.5	264.2	267.0	0.1	0.1	40.2	0.0	0.1	0.1	271.5	264.2	0.6	-0.4	268.8	267.9	272.0	272.0	271.3	277.0	99.4	69.0	5.5	65.5	272.5	272.0	40.0	53.3	2.4	42.0	0.0	6.6	.Autoclave.Outputs.PRESSIP\OutputValue	-6.0	7.3	0.5	-1.0	0.0	-1.0	-1.0	-1.0	0.0	0.0	0.0	-1.0	-1.0	0.0	0.0	0.0	-1.0	0.0
18:40:10	70.0	270.8	269.4	270.3	271.5	264.7	267.2	0.0	0.1	40.2	0.0	0.1	0.0	271.5	264.7	1.3	-0.1	269.0	268.1	272.1	272.1	271.4	276.8	99.5	70.0	6.5	64.5	272.4	272.0	40.0	52.0	2.5	42.0	0.0	4.1	.Autoclave.Outputs.PRESSIP\OutputValue	-6.0	6.8	0.6	-1.0	0.0	-1.0	-1.0	-1.0	0.0	0.0	0.0	-1.0	-1.0	0.0	0.0	0.0	-1.0	0.0
18:41:10	71.1	270.5	269.7	270.4	271.7	265.3	268.0	0.1	0.1	40.2	0.0	0.1	0.1	271.7	265.3	0.5	-1.5	269.3	268.5	272.0	272.0	271.2	277.0	99.6	71.0	7.5	63.5	272.5	272.0	40.0	53.4	2.5	42.2	0.0	6.8	.Autoclave.Outputs.PRESSIP\OutputValue	-6.0	6.4	0.3	-1.0	0.0	-1.0	-1.0	-1.0	0.0	0.0	0.0	-1.0	-1.0	0.0	0.0	0.0	-1.0	0.0
18:42:10	72.0	270.4	269.7	270.5	271.7	265.6	267.8	0.1	0.1	40.2	0.0	0.1	0.1	271.7	265.6	1.6	-0.9	269.3	268.7	271.9	271.9	271.2	277.0	99.4	72.0	8.5	62.5	272.4	272.0	40.0	52.8	2.6	42.0	0.0	5.6	.Autoclave.Outputs.PRESSIP\OutputValue	-6.0	6.1	0.2	-1.0	0.0	-1.0	-1.0	-1.0	0.0	0.0	0.0	-1.0	-1.0	0.0	0.0	0.0	-1.0	0.0
18:43:09	73.0	269.9	269.8	270.5	271.7	266.1	267.9	0.1	0.1	40.2	0.0	0.1	0.1	271.7	266.1	0.4	-0.1	269.3	268.9	271.9	271.8	271.2	277.1	99.4	73.0	9.5	61.5	272.3	272.0	40.0	52.8	2.6	42.0	0.0	5.6	.Autoclave.Outputs.PRESSIP\OutputValue	-6.0	5.6	0.2	-1.0	0.0	-1.0	-1.0	-1.0	0.0	0.0	0.0	-1.0	-1.0	0.0	0.0	0.0	-1.0	0.0
18:44:09	74.0	270.7	270.1	270.6	271.7	266.5	267.9	0.1	0.1	40.2	0.0	0.1	0.1	271.7	266.5	0.4	0.0	269.6	269.1	271.8	271.9	271.1	276.9	99.5	74.0	10.5	60.5	272.3	272.0	40.0	53.5	2.6	41.9	0.0	7.1	.Autoclave.Outputs.PRESSIP\OutputValue	-6.0	5.2	0.1	-1.0	0.0	-1.0	-1.0	-1.0	0.0	0.0	0.0	-1.0	-1.0	0.0	0.0	0.0	-1.0	0.0
18:45:09	75.0	271.7	270.0	270.8	271.6	266.8	269.2	0.1	0.1	40.2	0.0	0.1	0.1	271.7	266.8	0.5	0.0	270.0	269.2	271.8	271.8	271.2	277.0	99.6	75.0	11.5	59.5	272.4	272.0	40.0	54.2	2.7	41.7	0.0	8.5	.Autoclave.Outputs.PRESSIP\OutputValue	-6.0	4.9	0.2	-1.0	0.0	-1.0	-1.0	-1.0	0.0	0.0	0.0	-1.0	-1.0	0.0	0.0	0.0	-1.0	0.0
18:46:10	76.0	271.7	270.0	270.8	271.7	267.2	268.6	0.1	0.1	40.2	0.0	0.1	0.1	271.7	267.2	0.3	-0.6	270.0	269.5	271.9	271.8	271.1	277.0	99.6	76.0	12.5	58.5	272.3	272.0	40.0	52.9	2.7	41.7	0.0	5.9	.Autoclave.Outputs.PRESSIP\OutputValue	-6.0	4.5	0.2	-1.0	0.0	-1.0	-1.0	-1.0	0.0	0.0	0.0	-1.0	-1.0	0.0	0.0	0.0	-1.0	0.0
18:47:09	77.0	271.1	270.2	270.8	271.6	267.5	269.0	0.1	0.1	40.2	0.0	0.1	0.1	271.6	267.5	0.6	0.0	270.0	269.6	271.8	271.8	271.1	276.8	99.7	77.0	13.5	57.5	272.3	272.0	40.0	53.6	2.7	41.9	0.0	7.3	.Autoclave.Outputs.PRESSIP\OutputValue	-6.0	4.1	0.2	-1.0	0.0	-1.0	-1.0	-1.0	0.0	0.0	0.0	-1.0	-1.0	0.0	0.0	0.0	-1.0	0.0
18:48:09	78.0	271.0	270.3	270.9	271.7	267.8	268.6	0.1	0.1	40.2	0.0	0.1	0.1	271.7	267.8	0.4	-0.3	270.1	269.8	271.8	271.8	271.2	276.5	99.6	78.0	14.5	56.5	272.3	272.0	40.0	53.7	2.8	41.9	0.0	7.4	.Autoclave.Outputs.PRESSIP\OutputValue	-6.0	3.9	0.1	-1.0	0.0	-1.0	-1.0	-1.0	0.0	0.0	0.0	-1.0	-1.0	0.0	0.0	0.0	-1.0	0.0
18:49:10	79.0	269.5	270.3	270.9	271.8	268.1	268.7	0.1	0.1	40.2	0.0	0.1	0.1	271.8	268.1	0.6	-1.5	269.9	270.0	271.8	271.8	271.1	276.7	99.6	79.0	15.5	55.5	272.3	272.0	40.0	53.7	2.8	41.7	0.0	7.4	.Autoclave.Outputs.PRESSIP\OutputValue	-6.0	3.7	0.0	-1.0	0.0	-1.0	-1.0	-1.0	0.0	0.0	0.0	-1.0	-1.0	0.0	0.0	0.0	-1.0	0.0
18:50:10	80.1	270.9	270.5	271.0	271.7	268.3	268.8	0.1	0.1	40.3	0.0	0.1	0.1	271.7	268.3	0.3	-2.2	270.2	270.0	271.8	271.8	271.2	276.8	99.6	80.0	16.5	54.5	272.3	272.0	40.0	53.1	2.8	41.7	0.0	6.2	.Autoclave.Outputs.PRESSIP\OutputValue	-6.0	3.4	0.1	-1.0	0.0	-1.0	-1.0	-1.0	0.0	0.0	0.0	-1.0	-1.0	0.0	0.0	0.0	-1.0	0.0
18:51:10	81.0	271.1	270.6	270.9	271.8	268.6	268.8	0.1	0.1	40.2	0.0	0.1	0.1	271.8	268.6	2.2	-0.1	270.3	270.2	271.9	271.9	271.1	276.6	99.6	81.0	17.5	53.5	272.3	272.0	40.0	53.1	2.9	41.7	0.0	6.2	.Autoclave.Outputs.PRESSIP\OutputValue	-6.0	3.2	0.1	-1.0	0.0	-1.0	-1.0	-1.0	0.0	0.0	0.0	-1.0	-1.0	0.0	0.0	0.0	-1.0	0.0
18:52:09	82.0	271.0	270.5	271.1	271.7	268.7	268.6	0.1	0.1	40.3	0.0	0.1	0.1	271.7	268.6	0.3	-0.4	270.3	270.2	271.8	271.8	271.1	276.8	99.6	82.0	18.5	52.5	272.2	272.0	40.0	53.1	2.9	41.5	0.0	6.3	.Autoclave.Outputs.PRESSIP\OutputValue	-6.0	3.1	0.1	-1.0	0.0	-1.0	-1.0	-1.0	0.0	0.0	0.0	-1.0	-1.0	0.0	0.0	0.0	-1.0	0.0
18:53:10	83.0	271.1	270.7	271.1	271.8	269.0	268.7	0.1	0.1	40.2	0.0	0.1	0.1	271.8	268.7	0.3	-0.2	270.4	270.3	271.9	271.8	271.2	276.7	99.5	83.0	19.5	51.5	272.2	272.0	40.0	53.2	3.0	41.7	0.0	6.4	.Autoclave.Outputs.PRESSIP\OutputValue	-6.0	3.1	0.1	-1.0	0.0	-1.0	-1.0	-1.0	0.0	0.0	0.0	-1.0	-1.0	0.0	0.0	0.0	-1.0	0.0
18:54:09	84.0	270.7	270.7	271.1	271.8	269.2	269.1	0.1	0.1	40.3	0.0	0.1	0.1	271.8	269.1	0.2	-0.4	270.4	270.5	271.8	271.8	271.1	276.7	99.6	84.0	20.5	50.5	272.2	272.0	40.0	52.5	3.0	41.9	0.0	5.1	.Autoclave.Outputs.PRESSIP\OutputValue	-6.0	2.7	0.0	-1.0	0.0	-1.0	-1.0	-1.0	0.0	0.0	0.0	-1.0	-1.0	0.0	0.0	0.0	-1.0	0.0
18:55:09	85.0	271.2	270.7	271.1	271.9	269.4	269.0	0.1	0.1	40.3	0.0	0.1	0.1	271.9	269.0	0.8	0.0	270.6	270.5	271.8	271.8	271.1	276.8	99.6	85.0	21.5	49.5	272.2	272.0	40.0	52.6	3.0	41.5	0.0	5.2	.Autoclave.Outputs.PRESSIP\OutputValue	-6.0	2.9	-0.1	-1.0	0.0	-1.0	-1.0	-1.0	0.0	0.0	0.0	-1.0	-1.0	0.0	0.0	0.0	-1.0	0.0
18:56:10	86.0	271.5	270.8	271.2	271.8	269.4	268.9	0.1	0.1	40.2	0.0	0.1	0.1	271.8	268.9	0.1	-0.4	270.6	270.4	271.8	271.8	271.2	276.5	99.7	86.0	22.5	48.5	272.2	272.0	40.0	53.3	3.0	41.7	0.0	6.5	.Autoclave.Outputs.PRESSIP\OutputValue	-6.0	2.9	0.0	-1.0	0.0	-1.0	-1.0	-1.0	0.0	0.0	0.0	-1.0	-1.0	0.0	0.0	0.0	-1.0	0.0
18:57:10	87.1	270.9	270.8	271.1	271.5	269.6	269.2	0.1	0.1	40.1	0.0	0.1	0.1	271.5	269.2	2.6	-0.3	270.5	270.4	271.1	271.1	270.3	272.1	99.7	87.0	23.5	47.5	272.5	272.0	40.0	60.0	3.1	43.2	0.0	20.0	.Autoclave.Outputs.PRESSIP\OutputValue	-6.0	2.3	-0.4	-1.0	0.0	-1.0	-1.0	-1.0	0.0	0.0	0.0	-1.0	-1.0	0.0	0.0	0.0	-1.0	0.0
18:58:09	88.0	271.3	270.8	271.1	271.8	269.8	269.2	0.1	0.1	40.3	0.0	0.1	0.1	271.8	269.2	0.2	-2.3	270.7	270.5	271.9	271.9	271.2	277.0	99.7	88.0	24.5	46.5	272.2	272.0	40.0	52.8	3.2	41.3	0.0	5.5	.Autoclave.Outputs.PRESSIP\OutputValue	-6.0	2.6	0.1	-1.0	0.0	-1.0	-1.0	-1.0	0.0	0.0	0.0	-1.0	-1.0	0.0	0.0	0.0	-1.0	0.0
18:59:09	89.0	271.2	270.8	271.2	271.7	269.8	269.4	0.1	0.2	40.3	0.0	0.2	0.1	271.7	269.4	0.2	-0.6	270.7	270.6	271.8	271.7	271.2	276.7	99.6	89.0	25.5	45.5	272.3	272.0	40.0	54.1	3.2	41.1	0.0	8.3	.Autoclave.Outputs.PRESSIP\OutputValue	-6.0	2.3	0.1	-1.0	0.0	-1.0	-1.0	-1.0	0.0	0.0	0.0	-1.0	-1.0	0.0	0.0	0.0	-1.0	0.0
19:00:09	90.0	271.6	270.8	271.2	271.7	270.0	270.4	0.1	0.1	40.3	0.0	0.1	0.1	271.7	270.0	0.7	0.0	271.0	270.9	271.8	272.0	271.1	276.8	99.7	90.0	26.5	44.5	272.2	272.0	40.0	54.2	3.3	41.5	0.0	8.3	.Autoclave.Outputs.PRESSIP\OutputValue	-6.0	1.7	0.1	-1.0	0.0	-1.0	-1.0	-1.0	0.0	0.0	0.0	-1.0	-1.0	0.0	0.0	0.0	-1.0	0.0
19:01:10	91.0	271.0	270.8	271.2	271.9	270.1	269.4	0.1	0.1	40.3	0.0	0.1	0.1	271.9	269.4	0.2	-0.4	270.7	270.7	272.0	272.0	271.2	276.5	99.7	91.0	27.5	43.5	272.2	272.0	40.0	52.2	3.3	41.3	0.0	4.4	.Autoclave.Outputs.PRESSIP\OutputValue	-6.0	2.5	0.1	-1.0	0.0	-1.0	-1.0	-1.0	0.0	0.0	0.0	-1.0	-1.0	0.0	0.0	0.0	-1.0	0.0
19:02:09	92.0	271.4	271.1	271.2	271.9	270.3	269.5	0.1	0.1	40.3	0.0	0.1	0.1	271.9	269.5	0.1	-0.2	270.9	270.7	271.9	271.9	271.2	276.7	99.9	92.0	28.5	42.5	272.1	272.0	40.0	52.9	3.3	41.3	0.0	5.8	.Autoclave.Outputs.PRESSIP\OutputValue	-6.0	2.4	0.0	-1.0	0.0	-1.0	-1.0	-1.0	0.0	0.0	0.0	-1.0	-1.0	0.0	0.0	0.0	-1.0	0.0
19:03:10	93.1	271.0	271.0	271.3	271.8	270.3	269.4	0.1	0.1	40.3	0.0	0.1	0.1	271.8	269.4	0.2	-0.3	270.8	270.6	271.8	271.8	271.1	276.6	99.7	93.0	29.5	41.5	272.2	272.0	40.0	53.6	3.3	41.3	0.0	7.1	.Autoclave.Outputs.PRESSIP\OutputValue	-6.0	2.4	0.0	-1.0	0.0	-1.0	-1.0	-1.0	0.0	0.0	0.0	-1.0	-1.0	0.0	0.0	0.0	-1.0	0.0
19:04:09	94.0	271.1	271.0	271.3	271.9	270.5	269.1	0.1	0.1	40.3	0.0	0.1	0.1	271.9	269.1	0.5	0.0	270.8	270.5	271.9	271.9	271.1	276.7	99.8	94.0	30.5	40.5	272.2	272.0	40.0	53.6	3.4	41.1	0.0	7.2	.Autoclave.Outputs.PRESSIP\OutputValue	-6.0	2.8	0.0	-1.0	0.0	-1.0	-1.0	-1.0	0.0	0.0	0.0	-1.0	-1.0	0.0	0.0	0.0	-1.0	0.0
19:05:09	95.0	271.2	271.1	271.4	272.0	270.5	269.2	0.1	0.1	40.3	0.0	0.1	0.1	272.0	269.2	0.1	-0.3	270.9	270.6	271.9	271.8	271.1	276.7	99.7	95.0	31.5	39.5	272.1	272.0	40.0	52.3	3.4	41.3	0.0	4.6	.Autoclave.Outputs.PRESSIP\OutputValue	-6.0	2.8	-0.1	-1.0	0.0	-1.0	-1.0	-1.0	0.0	0.0	0.0	-1.0	-1.0	0.0	0.0	0.0	-1.0	0.0
19:06:09	96.0	270.8	271.1	271.3	271.8	270.6	271.0	0.1	0.1	40.3	0.0	0.1	0.1	271.8	270.6	0.2	-0.1	271.1	271.2	271.8	271.8	271.1	276.8	99.8	96.0	32.5	38.5	272.3	272.0	40.0	54.3	3.4	41.3	0.0	8.6	.Autoclave.Outputs.PRESSIP\OutputValue	-6.0	1.2	0.0	-1.0	0.0	-1.0	-1.0	-1.0	0.0	0.0	0.0	-1.0	-1.0	0.0	0.0	0.0	-1.0	0.0
19:07:09	97.0	271.1	271.1	271.2	272.0	270.8	269.6	0.1	0.1	40.3	0.0	0.1	0.1	272.0	269.6	0.2	-0.1	271.0	270.8	271.8	271.7	271.0	276.5	99.9	97.0	33.5	37.5	272.1	272.0	40.0	53.0	3.4	41.3	0.0	6.0	.Autoclave.Outputs.PRESSIP\OutputValue	-6.0	2.4	-0.2	-1.0	0.0	-1.0	-1.0	-1.0	0.0	0.0	0.0	-1.0	-1.0	0.0	0.0	0.0	-1.0	0.0
19:08:09	98.0	271.2	271.1	271.3	272.0	270.8	269.4	0.1	0.1	40.3	0.0	0.1	0.1	272.0	269.4	0.1	-0.7	271.0	270.7	271.7	271.8	271.1	276.5	99.8	98.0	34.5	36.5	272.0	272.0	40.0	53.7	3.5	41.5	0.0	7.4	.Autoclave.Outputs.PRESSIP\OutputValue	-6.0	2.6	-0.3	-1.0	0.0	-1.0	-1.0	-1.0	0.0	0.0	0.0	-1.0	-1.0	0.0	0.0	0.0	-1.0	0.0
19:09:09	99.0	271.3	271.2	271.3	271.9	270.9	269.1	0.1	0.1	40.3	0.0	0.1	0.1	271.9	269.1	0.2	-1.1	271.0	270.5	271.8	271.8	271.0	276.5	99.8	99.0	35.5	35.5	272.1	272.0	40.0	53.1	3.5	41.5	0.0	6.1	.Autoclave.Outputs.PRESSIP\OutputValue	-6.0	2.8	-0.1	-1.0	0.0	-1.0	-1.0	-1.0	0.0	0.0	0.0	-1.0	-1.0	0.0	0.0	0.0	-1.0	0.0
19:10:10	100.1	268.9	271.0	271.2	271.9	271.0	270.0	0.1	0.1	40.3	0.0	0.1	0.1	271.9	268.9	0.0	-1.9	270.7	270.4	271.8	271.8	270.9	276.5	99.8	100.0	36.5	34.5	272.1	272.0	40.0	53.1	3.5	41.1	0.0	6.1	.Autoclave.Outputs.PRESSIP\OutputValue	-6.0	3.1	-0.1	-1.0	0.0	-1.0	-1.0	-1.0	0.0	0.0	0.0	-1.0	-1.0	0.0	0.0	0.0	-1.0	0.0
19:11:10	101.0	271.2	271.1	271.3	272.0	271.1	269.3	0.1	0.1	40.3	0.0	0.1	0.1	272.0	269.3	3.7	0.0	271.0	270.7	271.9	272.0	271.2	276.7	99.8	101.0	37.5	33.5	272.0	272.0	40.0	51.8	3.5	41.1	0.0	3.5	.Autoclave.Outputs.PRESSIP\OutputValue	-6.0	2.7	-0.1	-1.0	0.0	-1.0	-1.0	-1.0	0.0	0.0	0.0	-1.0	-1.0	0.0	0.0	0.0	-1.0	0.0
19:12:09	102.0	270.6	271.0	271.4	271.9	271.0	269.2	0.1	0.1	40.3	0.0	0.1	0.1	271.9	269.2	0.2	-0.1	270.9	270.6	271.9	272.0	271.2	276.7	99.9	102.0	38.5	32.5	272.1	272.0	40.0	51.8	3.6	41.1	0.0	3.6	.Autoclave.Outputs.PRESSIP\OutputValue	-6.0	2.7	0.0	-1.0	0.0	-1.0	-1.0	-1.0	0.0	0.0	0.0	-1.0	-1.0	0.0	0.0	0.0	-1.0	0.0
19:13:10	103.1	271.2	271.2	271.3	271.8	271.0	269.2	0.1	0.1	40.3	0.0	0.1	0.1	271.8	269.2	0.2	-0.2	271.0	270.5	271.9	271.9	271.2	276.6	99.9	103.0	39.5	31.5	272.2	272.0	40.0	53.8	3.6	41.1	0.0	7.6	.Autoclave.Outputs.PRESSIP\OutputValue	-6.0	2.6	0.1	-1.0	0.0	-1.0	-1.0	-1.0	0.0	0.0	0.0	-1.0	-1.0	0.0	0.0	0.0	-1.0	0.0
19:14:10	104.0	271.0	271.2	271.3	271.8	271.0	269.3	0.1	0.1	40.3	0.0	0.1	0.1	271.8	269.3	0.1	-0.2	270.9	270.6	271.8	271.8	271.1	276.6	100.0	104.0	40.5	30.5	272.2	272.0	40.0	52.5	3.6	40.9	0.0	5.0	.Autoclave.Outputs.PRESSIP\OutputValue	-6.0	2.5	0.0	-1.0	0.0	-1.0	-1.0	-1.0	0.0	0.0	0.0	-1.0	-1.0	0.0	0.0	0.0	-1.0	0.0
19:15:09	105.0	271.3	271.1	271.4	271.8	271.1	269.4	0.1	0.1	40.3	0.0	0.1	0.1	271.8	269.4	0.2	-0.2	271.0	270.6	272.0	272.0	271.2	276.7	99.9	105.0	41.5	29.5	272.1	272.0	40.0	52.5	3.6	41.1	0.0	5.0	.Autoclave.Outputs.PRESSIP\OutputValue	-6.0	2.4	0.2	-1.0	0.0	-1.0	-1.0	-1.0	0.0	0.0	0.0	-1.0	-1.0	0.0	0.0	0.0	-1.0	0.0
19:16:10	106.1	271.3	271.4	271.4	271.8	271.2	269.2	0.1	0.1	40.3	0.0	0.1	0.1	271.8	269.2	0.4	-0.1	271.1	270.5	271.8	271.9	271.1	276.7	99.9	106.0	42.5	28.5	272.1	272.0	40.0	53.2	3.6	40.9	0.0	6.4	.Autoclave.Outputs.PRESSIP\OutputValue	-6.0	2.6	0.0	-1.0	0.0	-1.0	-1.0	-1.0	0.0	0.0	0.0	-1.0	-1.0	0.0	0.0	0.0	-1.0	0.0
19:17:09	107.0	271.0	271.2	271.4	272.0	271.3	269.6	0.1	0.1	40.3	0.0	0.1	0.1	272.0	269.6	0.2	-0.6	271.1	270.8	271.7	271.7	271.0	276.5	99.9	107.0	43.5	27.5	272.0	272.0	40.0	53.2	3.6	41.1	0.0	6.4	.Autoclave.Outputs.PRESSIP\OutputValue	-6.0	2.4	-0.3	-1.0	0.0	-1.0	-1.0	-1.0	0.0	0.0	0.0	-1.0	-1.0	0.0	0.0	0.0	-1.0	0.0
19:18:09	108.0	271.4	271.2	271.4	271.9	271.3	269.1	0.1	0.1	40.3	0.0	0.1	0.1	271.9	269.1	0.3	-0.1	271.1	270.5	271.8	271.8	271.0	276.6	99.9	108.0	44.5	26.5	272.0	272.0	40.0	52.6	3.7	40.9	0.0	5.1	.Autoclave.Outputs.PRESSIP\OutputValue	-6.0	2.8	-0.1	-1.0	0.0	-1.0	-1.0	-1.0	0.0	0.0	0.0	-1.0	-1.0	0.0	0.0	0.0	-1.0	0.0
19:19:10	109.1	271.4	271.2	271.5	272.0	271.3	269.6	0.1	0.1	40.3	0.0	0.1	0.1	272.0	269.6	0.0	-0.5	271.2	270.8	271.8	271.8	270.9	276.6	99.8	109.0	45.5	25.5	272.0	272.0	40.0	52.6	3.7	40.7	0.0	5.2	.Autoclave.Outputs.PRESSIP\OutputValue	-6.0	2.4	-0.2	-1.0	0.0	-1.0	-1.0	-1.0	0.0	0.0	0.0	-1.0	-1.0	0.0	0.0	0.0	-1.0	0.0
19:20:10	110.0	271.0	271.3	271.5	272.0	271.5	269.3	0.1	0.1	40.3	0.0	0.1	0.1	272.0	269.3	0.9	0.0	271.1	270.7	271.8	271.8	271.1	276.6	99.8	110.0	46.5	24.5	272.0	272.0	40.0	52.6	3.7	40.7	0.0	5.2	.Autoclave.Outputs.PRESSIP\OutputValue	-6.0	2.7	-0.2	-1.0	0.0	-1.0	-1.0	-1.0	0.0	0.0	0.0	-1.0	-1.0	0.0	0.0	0.0	-1.0	0.0
19:21:10	111.0	271.5	271.1	271.4	272.0	271.4	269.5	0.1	0.1	40.3	0.0	0.1	0.1	272.0	269.5	0.0	-1.5	271.2	270.8	271.6	271.6	271.0	277.5	99.8	111.0	47.5	23.5	272.0	272.0	40.0	53.3	3.8	40.7	0.0	6.7	.Autoclave.Outputs.PRESSIP\OutputValue	-6.0	2.5	-0.4	-1.0	0.0	-1.0	-1.0	-1.0	0.0	0.0	0.0	-1.0	-1.0	0.0	0.0	0.0	-1.0	0.0
19:22:10	112.0	271.2	271.3	271.4	271.8	271.3	269.1	0.1	0.1	40.3	0.0	0.1	0.1	271.8	269.1	0.4	0.0	271.0	270.5	271.9	271.9	271.1	277.0	99.9	112.0	48.5	22.5	272.1	272.0	40.0	53.4	3.8	40.9	0.0	6.7	.Autoclave.Outputs.PRESSIP\OutputValue	-6.0	2.7	0.1	-1.0	0.0	-1.0	-1.0	-1.0	0.0	0.0	0.0	-1.0	-1.0	0.0	0.0	0.0	-1.0	0.0
19:23:10	113.0	271.5	271.2	271.5	271.9	271.3	269.2	0.1	0.1	40.3	0.0	0.1	0.1	271.9	269.2	0.2	-0.3	271.1	270.6	271.8	271.8	271.2	276.8	99.9	113.0	49.5	21.5	272.1	272.0	40.0	53.4	3.8	40.7	0.0	6.8	.Autoclave.Outputs.PRESSIP\OutputValue	-6.0	2.7	-0.1	-1.0	0.0	-1.0	-1.0	-1.0	0.0	0.0	0.0	-1.0	-1.0	0.0	0.0	0.0	-1.0	0.0
19:24:10	114.0	271.2	271.3	271.4	271.9	271.5	269.6	0.1	0.1	40.3	0.0	0.1	0.1	271.9	269.6	0.5	-0.1	271.2	270.8	271.8	271.8	271.1	276.6	99.8	114.0	50.5	20.5	272.1	272.0	40.0	52.7	3.8	40.7	0.0	5.5	.Autoclave.Outputs.PRESSIP\OutputValue	-6.0	2.3	-0.1	-1.0	0.0	-1.0	-1.0	-1.0	0.0	0.0	0.0	-1.0	-1.0	0.0	0.0	0.0	-1.0	0.0
19:25:09	115.0	271.2	271.2	271.5	271.8	271.4	270.8	0.1	0.1	40.3	0.0	0.1	0.1	271.8	270.8	0.4	-0.2	271.3	271.3	271.8	271.8	271.1	276.6	99.8	115.0	51.5	19.5	272.2	272.0	40.0	53.4	3.8	40.9	0.0	6.8	.Autoclave.Outputs.PRESSIP\OutputValue	-6.0	1.0	0.0	-1.0	0.0	-1.0	-1.0	-1.0	0.0	0.0	0.0	-1.0	-1.0	0.0	0.0	0.0	-1.0	0.0
19:26:10	116.1	271.2	271.2	271.4	271.9	271.5	269.7	0.1	0.1	40.3	0.0	0.1	0.1	271.9	269.7	0.2	-0.3	271.2	270.8	271.8	271.8	271.1	277.2	99.9	116.0	52.5	18.5	272.2	272.0	40.0	54.1	3.9	40.7	0.0	8.3	.Autoclave.Outputs.PRESSIP\OutputValue	-6.0	2.2	-0.1	-1.0	0.0	-1.0	-1.0	-1.0	0.0	0.0	0.0	-1.0	-1.0	0.0	0.0	0.0	-1.0	0.0
19:27:10	117.0	271.4	271.3	271.5	272.0	271.5	269.6	0.1	0.1	40.3	0.0	0.1	0.1	272.0	269.6	0.5	-0.3	271.2	270.8	271.8	271.8	271.2	276.7	100.0	117.0	53.5	17.5	272.2	272.0	40.0	53.5	3.9	40.9	0.0	7.0	.Autoclave.Outputs.PRESSIP\OutputValue	-6.0	2.4	-0.2	-1.0	0.0	-1.0	-1.0	-1.0	0.0	0.0	0.0	-1.0	-1.0	0.0	0.0	0.0	-1.0	0.0
19:28:09	118.0	271.4	271.3	271.4	272.0	271.5	269.6	0.1	0.1	40.3	0.0	0.1	0.1	272.0	269.6	0.3	-0.1	271.2	270.8	271.8	271.8	271.2	276.7	99.9	118.0	54.5	16.5	272.1	272.0	40.0	53.5	3.9	40.7	0.0	7.0	.Autoclave.Outputs.PRESSIP\OutputValue	-6.0	2.4	-0.2	-1.0	0.0	-1.0	-1.0	-1.0	0.0	0.0	0.0	-1.0	-1.0	0.0	0.0	0.0	-1.0	0.0
19:29:10	119.1	271.4	271.2	271.3	271.9	271.6	269.4	0.1	0.1	40.3	0.0	0.1	0.1	271.9	269.4	0.2	-0.4	271.1	270.7	271.8	271.8	271.1	276.8	99.9	119.0	55.5	15.5	272.0	272.0	40.0	53.5	4.0	40.7	0.0	7.1	.Autoclave.Outputs.PRESSIP\OutputValue	-6.0	2.5	-0.1	-1.0	0.0	-1.0	-1.0	-1.0	0.0	0.0	0.0	-1.0	-1.0	0.0	0.0	0.0	-1.0	0.0
19:30:10	120.0	271.2	271.2	271.3	271.9	271.5	269.4	0.1	0.1	40.3	0.0	0.1	0.1	271.9	269.4	0.0	-0.2	271.1	270.7	271.9	271.8	271.2	276.7	99.9	120.0	56.5	14.5	272.1	272.0	40.0	53.5	4.0	40.7	0.0	7.1	.Autoclave.Outputs.PRESSIP\OutputValue	-6.0	2.5	0.0	-1.0	0.0	-1.0	-1.0	-1.0	0.0	0.0	0.0	-1.0	-1.0	0.0	0.0	0.0	-1.0	0.0
19:31:09	121.0	270.9	271.2	271.3	271.9	271.5	269.8	0.1	0.1	40.3	0.0	0.1	0.1	271.9	269.8	0.5	0.0	271.1	270.9	272.0	272.0	271.1	276.6	99.9	121.0	57.5	13.5	272.1	272.0	40.0	52.9	4.0	40.9	0.0	5.8	.Autoclave.Outputs.PRESSIP\OutputValue	-6.0	2.1	0.1	-1.0	0.0	-1.0	-1.0	-1.0	0.0	0.0	0.0	-1.0	-1.0	0.0	0.0	0.0	-1.0	0.0
19:32:09	122.0	271.1	271.2	271.4	272.0	271.5	269.7	0.1	0.1	40.3	0.0	0.1	0.1	272.0	269.7	0.1	-0.3	271.2	270.9	272.0	271.9	271.2	276.8	100.1	122.0	58.5	12.5	272.1	272.0	40.0	51.6	4.0	40.5	0.0	3.1	.Autoclave.Outputs.PRESSIP\OutputValue	-6.0	2.3	0.0	-1.0	0.0	-1.0	-1.0	-1.0	0.0	0.0	0.0	-1.0	-1.0	0.0	0.0	0.0	-1.0	0.0
19:33:09	123.0	271.6	271.1	271.4	272.0	271.6	269.8	0.1	0.1	40.3	0.0	0.1	0.1	272.0	269.8	0.2	-0.2	271.3	270.9	271.7	271.7	271.2	276.6	99.9	123.0	59.5	11.5	272.0	272.0	40.0	52.3	4.0	40.7	0.0	4.5	.Autoclave.Outputs.PRESSIP\OutputValue	-6.0	2.2	-0.3	-1.0	0.0	-1.0	-1.0	-1.0	0.0	0.0	0.0	-1.0	-1.0	0.0	0.0	0.0	-1.0	0.0
19:34:09	124.0	271.0	271.2	271.3	272.0	271.6	269.8	0.1	0.1	40.3	0.0	0.1	0.1	272.0	269.8	0.3	0.0	271.2	270.9	271.8	271.8	271.1	276.5	99.9	124.0	60.5	10.5	272.0	272.0	40.0	52.9	4.0	40.7	0.0	5.9	.Autoclave.Outputs.PRESSIP\OutputValue	-6.0	2.2	-0.2	-1.0	0.0	-1.0	-1.0	-1.0	0.0	0.0	0.0	-1.0	-1.0	0.0	0.0	0.0	-1.0	0.0
19:35:09	125.0	271.1	271.2	271.3	272.0	271.6	269.8	0.1	0.2	40.3	0.0	0.2	0.1	272.0	269.8	0.1	-0.1	271.2	270.9	271.8	271.8	271.1	276.3	100.0	125.0	61.5	9.5	272.0	272.0	40.0	52.7	4.0	40.9	0.0	5.5	.Autoclave.Outputs.PRESSIP\OutputValue	-6.0	2.2	-0.2	-1.0	0.0	-1.0	-1.0	-1.0	0.0	0.0	0.0	-1.0	-1.0	0.0	0.0	0.0	-1.0	0.0
19:36:10	126.0	271.3	271.2	271.3	272.0	271.7	269.6	0.1	0.1	40.3	0.0	0.1	0.1	272.0	269.6	0.1	-0.2	271.2	270.8	271.8	271.9	271.0	276.5	99.9	126.0	62.5	8.5	272.0	272.0	40.0	53.0	4.1	40.7	0.0	5.9	.Autoclave.Outputs.PRESSIP\OutputValue	-6.0	2.4	-0.2	-1.0	0.0	-1.0	-1.0	-1.0	0.0	0.0	0.0	-1.0	-1.0	0.0	0.0	0.0	-1.0	0.0
19:37:10	127.0	271.1	271.3	271.4	272.0	271.7	269.8	0.1	0.1	40.3	0.0	0.1	0.1	272.0	269.8	0.3	-0.1	271.2	270.9	271.8	271.8	271.1	276.5	99.9	127.0	63.5	7.5	271.9	272.0	40.0	52.3	4.1	40.7	0.0	4.6	.Autoclave.Outputs.PRESSIP\OutputValue	-6.0	2.2	-0.2	-1.0	0.0	-1.0	-1.0	-1.0	0.0	0.0	0.0	-1.0	-1.0	0.0	0.0	0.0	-1.0	0.0
19:38:09	128.0	271.4	271.2	271.5	272.0	271.6	269.6	0.1	0.1	40.3	0.0	0.1	0.1	272.0	269.6	0.1	-0.4	271.2	270.8	271.9	271.8	271.1	276.6	99.9	128.0	64.5	6.5	272.0	272.0	40.0	52.3	4.1	40.5	0.0	4.6	.Autoclave.Outputs.PRESSIP\OutputValue	-6.0	2.4	-0.1	-1.0	0.0	-1.0	-1.0	-1.0	0.0	0.0	0.0	-1.0	-1.0	0.0	0.0	0.0	-1.0	0.0
19:39:09	129.0	270.6	271.4	271.4	271.9	271.7	269.8	0.1	0.1	40.3	0.0	0.1	0.1	271.9	269.8	0.1	0.0	271.1	270.9	271.8	271.9	271.0	276.6	99.9	129.0	65.5	5.5	272.0	272.0	40.0	53.0	4.1	40.5	0.0	6.0	.Autoclave.Outputs.PRESSIP\OutputValue	-6.0	2.1	-0.1	-1.0	0.0	-1.0	-1.0	-1.0	0.0	0.0	0.0	-1.0	-1.0	0.0	0.0	0.0	-1.0	0.0
19:40:09	130.0	269.7	271.2	271.4	272.0	271.7	269.8	0.1	0.1	40.3	0.0	0.1	0.1	272.0	269.7	0.2	-0.2	271.0	270.8	271.8	271.8	271.2	276.5	100.0	130.0	66.5	4.5	272.0	272.0	40.0	53.0	4.1	40.5	0.0	6.0	.Autoclave.Outputs.PRESSIP\OutputValue	-6.0	2.4	-0.2	-1.0	0.0	-1.0	-1.0	-1.0	0.0	0.0	0.0	-1.0	-1.0	0.0	0.0	0.0	-1.0	0.0
19:41:10	131.0	271.3	271.3	271.5	272.0	271.7	269.9	0.1	0.1	40.3	0.0	0.1	0.1	272.0	269.9	0.3	-0.1	271.3	271.0	271.8	271.8	271.0	276.5	100.0	131.0	67.5	3.5	272.0	272.0	40.0	53.0	4.1	40.7	0.0	6.0	.Autoclave.Outputs.PRESSIP\OutputValue	-6.0	2.1	-0.2	-1.0	0.0	-1.0	-1.0	-1.0	0.0	0.0	0.0	-1.0	-1.0	0.0	0.0	0.0	-1.0	0.0
19:42:10	132.1	271.4	271.2	271.4	272.1	271.7	269.7	0.1	0.1	40.3	0.0	0.1	0.1	272.1	269.7	0.2	-0.3	271.3	270.9	271.8	271.8	271.0	276.5	99.9	132.0	68.5	2.5	272.0	272.0	40.0	53.0	4.1	40.7	0.0	6.1	.Autoclave.Outputs.PRESSIP\OutputValue	-6.0	2.4	-0.3	-1.0	0.0	-1.0	-1.0	-1.0	0.0	0.0	0.0	-1.0	-1.0	0.0	0.0	0.0	-1.0	0.0
19:43:10	133.0	271.2	271.1	271.4	272.0	271.7	270.0	0.1	0.1	40.3	0.0	0.1	0.1	272.0	270.0	0.3	-0.4	271.2	271.0	271.8	271.8	271.1	276.5	99.9	133.0	69.5	1.5	272.0	272.0	40.0	53.0	4.1	40.5	0.0	6.1	.Autoclave.Outputs.PRESSIP\OutputValue	-6.0	2.0	-0.2	-1.0	0.0	-1.0	-1.0	-1.0	0.0	0.0	0.0	-1.0	-1.0	0.0	0.0	0.0	-1.0	0.0
19:44:09	134.0	271.2	271.2	271.4	272.0	271.7	270.0	0.1	0.1	40.4	0.0	0.1	0.1	272.0	270.0	0.3	-0.2	271.3	271.0	271.8	271.8	271.1	276.5	100.0	134.0	70.5	0.5	271.9	272.0	40.0	53.1	4.2	40.7	0.0	6.1	.Autoclave.Outputs.PRESSIP\OutputValue	-6.0	2.0	-0.2	-1.0	0.0	-1.0	-1.0	-1.0	0.0	0.0	0.0	-1.0	-1.0	0.0	0.0	0.0	-1.0	0.0
19:44:42	134.6	271.5	271.2	271.4	272.0	271.7	270.1	0.1	0.1	40.3	0.0	0.1	0.1	272.0	270.1	0.3	-0.1	271.3	271.1	271.8	271.8	271.1	276.6	100.0	134.6	71.0	0.0	272.0	272.0	40.0	53.1	4.2	40.5	0.0	6.1	.Autoclave.Outputs.PRESSIP\OutputValue	-6.0	1.9	-0.2	-1.0	0.0	-1.0	-1.0	-1.0	0.0	0.0	0.0	-1.0	-1.0	0.0	0.0	0.0	-1.0	0.0
19:45:09	135.0	271.0	271.0	271.5	271.8	271.6	269.9	0.1	0.1	39.7	0.0	0.1	0.1	271.8	269.9	0.9	-0.2	271.1	270.9	271.1	271.1	270.4	264.0	99.8	135.0	0.5	0.0	270.0	269.9	40.0	43.8	4.1	46.8	-1.0	0.0	.Autoclave.Outputs.PRESSIP\OutputValue	-6.0	1.9	-0.7	-1.0	0.0	-1.0	-1.0	-1.0	0.0	0.0	0.0	-1.0	-1.0	0.0	0.0	0.0	-1.0	0.0
19:46:09	136.0	268.4	268.3	269.4	269.8	270.9	268.0	0.1	0.1	39.9	0.0	0.1	0.1	270.9	268.0	-0.8	-3.2	269.1	269.5	263.3	263.3	262.6	268.5	99.9	136.0	1.5	0.0	265.4	265.4	40.0	66.7	4.4	45.8	0.0	33.4	.Autoclave.Outputs.PRESSIP\OutputValue	-5.2	2.9	-7.6	-1.0	0.0	-1.0	-1.0	-1.0	0.0	0.0	0.0	-1.0	-1.0	0.0	0.0	0.0	-1.0	0.0
19:47:09	137.0	268.5	267.3	268.8	268.4	270.3	267.3	0.1	0.1	39.0	0.0	0.1	0.1	270.3	267.3	0.4	-0.9	268.4	268.8	261.4	261.4	260.6	249.2	99.7	137.0	2.5	0.0	260.9	260.9	40.0	48.7	4.4	55.6	-1.0	0.0	.Autoclave.Outputs.PRESSIP\OutputValue	-4.6	3.0	-8.9	-1.0	0.0	-1.0	-1.0	-1.0	0.0	0.0	0.0	-1.0	-1.0	0.0	0.0	0.0	-1.0	0.0
19:48:10	138.1	265.5	264.6	266.4	266.3	269.4	265.3	0.1	0.1	40.3	0.0	0.1	0.1	269.4	264.6	-1.0	-3.1	266.3	267.0	255.2	255.1	254.5	259.5	100.0	138.0	3.5	0.0	256.4	256.4	40.0	60.9	4.6	42.0	0.0	21.8	.Autoclave.Outputs.PRESSIP\OutputValue	-4.7	4.8	-14.2	-1.0	0.0	-1.0	-1.0	-1.0	0.0	0.0	0.0	-1.0	-1.0	0.0	0.0	0.0	-1.0	0.0
19:49:10	139.0	263.3	262.2	264.9	263.1	268.0	263.5	0.1	0.1	39.4	0.0	0.1	0.1	268.0	262.2	-1.2	-2.7	264.2	265.1	249.3	249.2	248.4	239.4	99.9	139.0	4.5	0.0	251.9	251.9	40.0	70.3	4.6	51.6	0.0	40.5	.Autoclave.Outputs.PRESSIP\OutputValue	-4.5	5.8	-18.7	-1.0	0.0	-1.0	-1.0	-1.0	0.0	0.0	0.0	-1.0	-1.0	0.0	0.0	0.0	-1.0	0.0
19:50:09	140.0	261.4	260.6	262.7	261.9	267.2	262.2	0.1	0.1	39.7	0.0	0.1	0.1	267.2	260.6	-1.2	-2.7	262.7	263.9	248.0	248.1	247.2	249.4	99.9	140.0	5.5	0.0	247.5	247.4	40.0	49.2	4.8	48.8	0.0	0.0	.Autoclave.Outputs.PRESSIP\OutputValue	-4.0	6.6	-19.2	-1.0	0.0	-1.0	-1.0	-1.0	0.0	0.0	0.0	-1.0	-1.0	0.0	0.0	0.0	-1.0	0.0
19:51:09	141.0	258.1	257.1	260.2	258.2	265.4	260.0	0.1	0.1	40.3	0.0	0.1	0.1	265.4	257.1	-0.8	-3.8	259.8	261.3	240.1	240.1	239.4	240.3	100.1	141.0	6.5	0.0	243.0	242.9	40.0	72.0	4.9	43.5	0.0	44.0	.Autoclave.Outputs.PRESSIP\OutputValue	-3.6	8.3	-25.3	-1.0	0.0	-1.0	-1.0	-1.0	0.0	0.0	0.0	-1.0	-1.0	0.0	0.0	0.0	-1.0	0.0
19:52:10	142.0	256.1	255.2	258.5	255.7	263.9	257.3	0.1	0.1	39.4	0.0	0.1	0.1	263.9	255.2	-1.3	-3.6	257.8	259.6	238.5	238.3	237.5	224.4	99.9	142.0	7.5	0.0	238.4	238.4	40.0	52.7	4.9	51.4	0.0	5.3	.Autoclave.Outputs.PRESSIP\OutputValue	-4.0	8.7	-25.4	-1.0	0.0	-1.0	-1.0	-1.0	0.0	0.0	0.0	-1.0	-1.0	0.0	0.0	0.0	-1.0	0.0
19:53:09	143.0	253.1	252.1	255.6	252.9	262.1	256.6	0.1	0.1	40.0	0.0	0.1	0.1	262.1	252.1	-0.9	-3.4	255.4	257.1	234.4	234.4	233.7	236.9	100.1	143.0	8.5	0.0	233.9	233.9	40.0	50.2	5.1	46.9	0.0	0.5	.Autoclave.Outputs.PRESSIP\OutputValue	-3.6	10.0	-27.7	-1.0	0.0	-1.0	-1.0	-1.0	0.0	0.0	0.0	-1.0	-1.0	0.0	0.0	0.0	-1.0	0.0
19:53:48	143.7	250.8	250.2	253.9	250.2	260.9	253.3	0.0	0.1	39.8	0.0	0.1	0.0	260.9	250.2	-1.8	-3.3	253.2	255.6	229.4	229.3	228.5	218.6	100.0	143.7	9.1	0.0	231.1	231.1	40.0	64.8	5.1	48.4	0.0	29.6	.Autoclave.Outputs.PRESSIP\OutputValue	-3.1	10.7	-31.6	-1.0	0.0	-1.0	-1.0	-1.0	0.0	0.0	0.0	-1.0	-1.0	0.0	0.0	0.0	-1.0	0.0
19:54:09	144.0	249.3	248.3	252.5	249.1	260.1	252.2	0.1	0.1	40.2	0.0	0.1	0.1	260.1	248.3	-2.2	-4.4	251.9	254.2	227.2	227.2	226.4	227.2	100.1	144.0	0.4	0.0	229.4	229.4	40.0	68.3	5.2	44.7	0.0	36.5	.Autoclave.Outputs.PRESSIP\OutputValue	-3.1	11.8	-32.9	-1.0	0.0	-1.0	-1.0	-1.0	0.0	0.0	0.0	-1.0	-1.0	0.0	0.0	0.0	-1.0	0.0
19:55:10	145.1	246.8	246.4	250.1	245.8	258.2	249.3	0.0	0.1	39.3	0.0	0.1	0.0	258.2	245.8	-1.7	-2.7	249.4	252.0	224.3	224.1	223.3	211.3	99.9	145.0	1.4	0.0	224.9	224.9	40.0	57.5	5.2	53.5	0.0	15.0	.Autoclave.Outputs.PRESSIP\OutputValue	-3.2	12.4	-33.9	-1.0	0.0	-1.0	-1.0	-1.0	0.0	0.0	0.0	-1.0	-1.0	0.0	0.0	0.0	-1.0	0.0
19:56:09	146.0	243.5	243.5	247.2	243.1	256.1	247.9	0.0	0.1	39.8	0.0	0.1	0.0	256.1	243.1	-0.9	-3.6	246.9	249.6	221.6	221.6	220.9	223.4	100.1	146.0	2.4	0.0	220.4	220.4	40.0	45.7	5.3	49.2	-1.0	0.0	.Autoclave.Outputs.PRESSIP\OutputValue	-2.6	13.0	-34.5	-1.0	0.0	-1.0	-1.0	-1.0	0.0	0.0	0.0	-1.0	-1.0	0.0	0.0	0.0	-1.0	0.0
19:57:10	147.0	239.7	239.8	243.9	239.0	253.6	243.2	0.1	0.1	40.1	0.0	0.1	0.1	253.6	239.0	-2.5	-5.5	243.2	246.3	214.8	214.8	214.1	215.7	100.1	147.0	3.4	0.0	215.9	215.9	40.0	61.0	5.3	46.9	0.0	22.1	.Autoclave.Outputs.PRESSIP\OutputValue	-2.0	14.6	-38.8	-1.0	0.0	-1.0	-1.0	-1.0	0.0	0.0	0.0	-1.0	-1.0	0.0	0.0	0.0	-1.0	0.0
19:58:10	148.1	235.5	236.5	240.7	234.8	251.0	241.8	0.0	0.1	39.4	0.0	0.1	0.0	251.0	234.8	-1.4	-4.0	240.1	242.9	209.5	209.5	208.8	202.6	99.9	148.0	4.4	0.0	211.4	211.4	40.0	66.4	5.3	54.3	0.0	32.9	.Autoclave.Outputs.PRESSIP\OutputValue	-1.6	16.2	-41.5	-1.0	0.0	-1.0	-1.0	-1.0	0.0	0.0	0.0	-1.0	-1.0	0.0	0.0	0.0	-1.0	0.0
19:59:10	149.0	233.0	233.7	237.5	232.0	248.8	237.5	0.1	0.1	39.2	0.0	0.1	0.1	248.8	232.0	-2.4	-4.4	237.1	240.4	208.3	208.1	207.6	200.4	99.8	149.0	5.4	0.0	206.9	206.9	40.0	44.5	5.3	57.4	-1.0	0.0	.Autoclave.Outputs.PRESSIP\OutputValue	-0.8	16.8	-40.5	-1.0	0.0	-1.0	-1.0	-1.0	0.0	0.0	0.0	-1.0	-1.0	0.0	0.0	0.0	-1.0	0.0
20:00:09	150.0	229.3	230.5	233.9	228.3	246.0	233.4	0.0	0.1	40.1	0.0	0.1	0.0	246.0	228.3	-2.8	-3.9	233.6	237.2	203.3	203.3	202.6	204.4	100.0	150.0	6.4	0.0	202.4	202.4	40.0	48.0	5.4	48.7	0.0	0.0	.Autoclave.Outputs.PRESSIP\OutputValue	-0.5	17.7	-42.7	-1.0	0.0	-1.0	-1.0	-1.0	0.0	0.0	0.0	-1.0	-1.0	0.0	0.0	0.0	-1.0	0.0
20:01:09	151.0	225.1	226.5	230.4	224.0	243.2	231.8	0.0	0.1	39.7	0.0	0.1	0.0	243.2	224.0	-2.8	-4.3	230.2	233.6	197.1	197.0	196.4	197.5	100.1	151.0	7.4	0.0	198.0	197.9	40.0	59.3	5.4	53.6	0.0	18.6	.Autoclave.Outputs.PRESSIP\OutputValue	0.3	19.2	-46.1	-1.0	0.0	-1.0	-1.0	-1.0	0.0	0.0	0.0	-1.0	-1.0	0.0	0.0	0.0	-1.0	0.0
20:02:10	152.0	221.4	223.0	226.9	219.7	240.3	228.5	0.1	0.1	39.8	0.0	0.1	0.1	240.3	219.7	-1.9	-4.3	226.6	230.0	192.1	192.1	191.3	186.3	100.1	152.0	8.4	0.0	193.4	193.4	40.0	62.5	5.4	53.6	0.0	25.0	.Autoclave.Outputs.PRESSIP\OutputValue	1.2	20.6	-48.2	-1.0	0.0	-1.0	-1.0	-1.0	0.0	0.0	0.0	-1.0	-1.0	0.0	0.0	0.0	-1.0	0.0
20:03:09	153.0	218.0	219.8	223.3	216.3	237.6	225.3	0.0	0.1	39.4	0.0	0.1	0.0	237.6	216.3	-2.7	-3.7	223.4	227.0	189.8	189.8	189.1	181.3	100.0	153.0	9.4	0.0	189.0	188.9	40.0	46.6	5.3	57.4	-1.0	0.0	.Autoclave.Outputs.PRESSIP\OutputValue	1.4	21.3	-47.8	-1.0	0.0	-1.0	-1.0	-1.0	0.0	0.0	0.0	-1.0	-1.0	0.0	0.0	0.0	-1.0	0.0
20:04:10	154.1	213.9	215.8	219.7	212.7	234.5	219.6	0.1	0.1	39.5	0.0	0.1	0.1	234.5	212.7	-3.2	-5.6	219.4	223.6	185.8	185.8	185.1	186.3	100.2	154.0	10.4	0.0	184.4	184.4	40.0	44.6	5.4	57.1	-1.0	0.0	.Autoclave.Outputs.PRESSIP\OutputValue	2.5	21.8	-48.7	-1.0	0.0	-1.0	-1.0	-1.0	0.0	0.0	0.0	-1.0	-1.0	0.0	0.0	0.0	-1.0	0.0
20:05:09	155.0	209.4	212.8	216.1	208.6	231.3	216.2	0.0	0.1	39.9	0.0	0.1	0.0	231.3	208.6	-3.2	-4.4	215.7	219.9	180.1	180.2	179.4	179.8	100.1	155.0	11.4	0.0	180.0	179.9	40.0	52.7	5.3	53.8	0.0	5.4	.Autoclave.Outputs.PRESSIP\OutputValue	3.3	22.7	-51.2	-1.0	0.0	-1.0	-1.0	-1.0	0.0	0.0	0.0	-1.0	-1.0	0.0	0.0	0.0	-1.0	0.0
20:06:10	156.0	205.4	208.7	212.5	204.1	227.9	212.6	0.1	0.1	39.5	0.0	0.1	0.1	227.9	204.1	-3.4	-4.5	211.9	216.0	174.3	174.3	173.6	172.9	100.1	156.0	12.4	0.0	175.4	175.4	40.0	61.2	5.3	58.9	0.0	22.3	.Autoclave.Outputs.PRESSIP\OutputValue	4.1	23.8	-53.6	-1.0	0.0	-1.0	-1.0	-1.0	0.0	0.0	0.0	-1.0	-1.0	0.0	0.0	0.0	-1.0	0.0
20:07:10	157.0	201.9	205.2	208.8	200.3	224.8	210.5	0.0	0.1	39.6	0.0	0.1	0.0	224.8	200.3	-2.4	-3.8	208.6	212.5	171.8	171.6	170.9	163.6	100.1	157.0	13.4	0.0	170.9	170.9	40.0	47.8	5.2	58.9	-1.0	0.0	.Autoclave.Outputs.PRESSIP\OutputValue	5.3	24.5	-53.0	-1.0	0.0	-1.0	-1.0	-1.0	0.0	0.0	0.0	-1.0	-1.0	0.0	0.0	0.0	-1.0	0.0
20:08:10	158.0	197.9	201.6	204.7	196.5	221.6	205.3	0.0	0.1	39.5	0.0	0.1	0.0	221.6	196.5	-3.5	-4.4	204.6	209.0	168.1	168.1	167.3	163.3	99.8	158.0	14.4	0.0	166.4	166.4	40.0	41.8	5.2	61.1	-1.0	0.0	.Autoclave.Outputs.PRESSIP\OutputValue	5.9	25.1	-53.5	-1.0	0.0	-1.0	-1.0	-1.0	0.0	0.0	0.0	-1.0	-1.0	0.0	0.0	0.0	-1.0	0.0
20:09:10	159.0	193.6	197.0	200.7	192.2	218.2	202.8	0.1	0.1	39.3	0.0	0.1	0.1	218.2	192.2	-3.5	-4.4	200.7	205.2	163.3	163.3	162.6	162.9	100.0	159.0	15.4	0.0	161.9	161.9	40.0	44.4	5.1	63.6	-1.0	0.0	.Autoclave.Outputs.PRESSIP\OutputValue	7.3	26.0	-54.9	-1.0	0.0	-1.0	-1.0	-1.0	0.0	0.0	0.0	-1.0	-1.0	0.0	0.0	0.0	-1.0	0.0
20:10:09	160.0	189.0	193.5	196.6	187.9	214.5	197.6	0.1	0.1	39.6	0.0	0.1	0.1	214.5	187.9	-3.5	-4.3	196.5	201.2	157.6	157.7	156.9	157.1	100.1	160.0	16.4	0.0	157.4	157.4	40.0	52.4	5.1	61.7	0.0	4.8	.Autoclave.Outputs.PRESSIP\OutputValue	8.0	26.6	-56.9	-1.0	0.0	-1.0	-1.0	-1.0	0.0	0.0	0.0	-1.0	-1.0	0.0	0.0	0.0	-1.0	0.0
20:11:10	161.1	185.2	188.9	192.7	183.4	211.1	194.9	0.1	0.1	39.1	0.0	0.1	0.1	211.1	183.4	-3.6	-4.5	192.7	197.2	153.5	153.3	152.5	147.3	99.9	161.0	17.4	0.0	152.9	152.9	40.0	49.6	4.9	67.9	0.0	0.0	.Autoclave.Outputs.PRESSIP\OutputValue	8.0	27.7	-57.6	-1.0	0.0	-1.0	-1.0	-1.0	0.0	0.0	0.0	-1.0	-1.0	0.0	0.0	0.0	-1.0	0.0
20:12:09	162.0	181.2	185.3	188.9	179.7	207.6	190.6	0.0	0.1	39.4	0.0	0.1	0.0	207.6	179.7	-3.4	-4.2	188.9	193.6	150.1	150.1	149.3	144.8	100.0	162.0	18.4	0.0	148.5	148.4	40.0	40.9	4.8	64.1	-1.0	0.0	.Autoclave.Outputs.PRESSIP\OutputValue	8.0	27.9	-57.5	-1.0	0.0	-1.0	-1.0	-1.0	0.0	0.0	0.0	-1.0	-1.0	0.0	0.0	0.0	-1.0	0.0
20:13:10	163.0	176.9	181.5	184.7	175.2	203.8	186.4	0.1	0.1	39.2	0.0	0.1	0.1	203.8	175.2	-4.0	-4.9	184.7	189.5	144.5	144.5	143.8	143.7	100.1	163.0	19.4	0.0	144.0	143.9	40.0	49.6	4.7	65.6	0.0	0.0	.Autoclave.Outputs.PRESSIP\OutputValue	8.0	28.6	-59.3	-1.0	0.0	-1.0	-1.0	-1.0	0.0	0.0	0.0	-1.0	-1.0	0.0	0.0	0.0	-1.0	0.0
20:14:10	164.1	173.3	178.3	181.0	171.3	200.2	182.8	0.1	0.1	39.4	0.0	0.1	0.1	200.2	171.3	-3.3	-4.0	181.1	185.7	141.4	141.4	140.7	137.2	99.9	164.0	20.4	0.0	139.4	139.4	40.0	39.2	4.5	63.8	-1.0	0.0	.Autoclave.Outputs.PRESSIP\OutputValue	8.0	28.9	-58.8	-1.0	0.0	-1.0	-1.0	-1.0	0.0	0.0	0.0	-1.0	-1.0	0.0	0.0	0.0	-1.0	0.0
20:15:09	165.0	168.7	173.7	176.6	166.9	196.4	179.1	0.1	0.1	39.1	0.0	0.1	0.1	196.4	166.9	-4.0	-4.6	176.9	181.6	136.4	136.4	135.6	132.9	100.0	165.0	21.4	0.0	135.0	134.9	40.0	43.2	4.4	67.2	-1.0	0.0	.Autoclave.Outputs.PRESSIP\OutputValue	8.0	29.5	-60.0	-1.0	0.0	-1.0	-1.0	-1.0	0.0	0.0	0.0	-1.0	-1.0	0.0	0.0	0.0	-1.0	0.0
20:16:09	166.0	163.8	170.1	172.4	162.8	192.6	174.1	0.1	0.1	39.4	0.0	0.1	0.1	192.6	162.8	-3.7	-4.9	172.6	177.7	132.7	132.6	131.9	129.7	99.9	166.0	22.4	0.0	130.4	130.4	40.0	37.7	4.2	63.8	-1.0	0.0	.Autoclave.Outputs.PRESSIP\OutputValue	8.0	29.8	-59.9	-1.0	0.0	-1.0	-1.0	-1.0	0.0	0.0	0.0	-1.0	-1.0	0.0	0.0	0.0	-1.0	0.0
20:17:10	167.1	160.4	166.2	168.6	158.8	188.8	171.0	0.1	0.1	39.2	0.0	0.1	0.1	188.8	158.8	-3.6	-4.7	169.0	173.8	129.0	129.0	128.2	126.9	99.9	167.0	23.4	0.0	125.9	125.9	40.0	32.0	3.9	66.4	-1.0	0.0	.Autoclave.Outputs.PRESSIP\OutputValue	8.0	30.0	-59.8	-1.0	0.0	-1.0	-1.0	-1.0	0.0	0.0	0.0	-1.0	-1.0	0.0	0.0	0.0	-1.0	0.0
20:18:10	168.0	157.0	162.5	164.7	155.2	185.3	167.6	0.0	0.0	39.6	0.0	0.0	0.0	185.3	155.2	-2.7	-4.1	165.4	170.2	126.7	126.7	126.0	124.5	100.0	168.0	24.4	0.0	121.4	121.4	40.0	15.6	3.5	61.9	-1.0	0.0	.Autoclave.Outputs.PRESSIP\OutputValue	8.0	30.1	-58.6	-1.0	0.0	-1.0	-1.0	-1.0	0.0	0.0	0.0	-1.0	-1.0	0.0	0.0	0.0	-1.0	0.0
20:19:10	169.0	153.4	159.5	161.2	151.5	181.6	163.1	0.0	0.1	39.4	0.0	0.1	0.0	181.6	151.5	-2.8	-4.5	161.7	166.5	123.8	123.8	123.1	122.1	100.0	169.0	25.4	0.0	116.9	116.9	40.0	5.0	2.9	64.3	-1.0	0.0	.Autoclave.Outputs.PRESSIP\OutputValue	8.0	30.1	-57.8	-1.0	0.0	-1.0	-1.0	-1.0	0.0	0.0	0.0	-1.0	-1.0	0.0	0.0	0.0	-1.0	0.0
20:20:09	170.0	148.3	155.9	157.7	148.1	178.1	159.6	0.1	0.1	39.2	0.0	0.1	0.1	178.1	148.1	-3.4	-3.8	157.9	163.1	121.5	121.5	120.8	120.0	100.1	170.0	26.4	0.0	112.5	112.4	40.0	0.0	0.0	66.2	-1.0	0.0	.Autoclave.Outputs.PRESSIP\OutputValue	8.0	30.0	-56.6	-1.0	0.0	-1.0	-1.0	-1.0	0.0	0.0	0.0	-1.0	-1.0	0.0	0.0	0.0	-1.0	0.0
20:21:09	171.0	146.3	153.0	154.3	144.8	174.8	156.9	0.0	0.1	39.7	0.0	0.1	0.0	174.8	144.8	-2.8	-5.1	155.0	159.8	119.7	119.7	119.0	119.1	100.1	171.0	27.4	0.0	108.0	107.9	40.0	0.0	0.0	61.3	-1.0	0.0	.Autoclave.Outputs.PRESSIP\OutputValue	8.0	30.0	-55.1	-1.0	0.0	-1.0	-1.0	-1.0	0.0	0.0	0.0	-1.0	-1.0	0.0	0.0	0.0	-1.0	0.0
20:22:10	172.0	143.7	150.5	151.4	141.7	171.4	153.7	0.1	0.1	39.5	0.0	0.1	0.1	171.4	141.7	-1.5	-3.5	152.1	156.5	118.0	118.0	117.4	116.8	100.1	172.0	28.4	0.0	103.4	103.4	40.0	0.0	0.0	63.2	-1.0	0.0	.Autoclave.Outputs.PRESSIP\OutputValue	8.0	29.7	-53.4	-1.0	0.0	-1.0	-1.0	-1.0	0.0	0.0	0.0	-1.0	-1.0	0.0	0.0	0.0	-1.0	0.0
20:23:09	173.0	140.7	147.4	147.9	138.9	168.1	150.3	0.0	0.1	39.3	0.0	0.1	0.0	168.1	138.9	-3.0	-3.5	148.9	153.5	115.7	115.7	115.0	115.4	100.0	173.0	29.4	0.0	98.9	98.9	40.0	0.0	0.0	64.9	-1.0	0.0	.Autoclave.Outputs.PRESSIP\OutputValue	8.0	29.2	-52.4	-1.0	0.0	-1.0	-1.0	-1.0	0.0	0.0	0.0	-1.0	-1.0	0.0	0.0	0.0	-1.0	0.0
20:24:09	174.0	137.4	144.6	145.2	136.2	165.0	146.9	0.0	0.1	39.2	0.0	0.1	0.0	165.0	136.2	-2.7	-3.7	145.9	150.6	114.4	114.4	113.8	114.1	100.0	174.0	30.4	0.0	94.4	94.4	40.0	0.0	0.0	66.0	-1.0	0.0	.Autoclave.Outputs.PRESSIP\OutputValue	8.0	28.8	-50.6	-1.0	0.0	-1.0	-1.0	-1.0	0.0	0.0	0.0	-1.0	-1.0	0.0	0.0	0.0	-1.0	0.0
20:25:09	175.0	135.5	142.2	142.6	133.5	161.8	145.0	0.0	0.1	39.0	0.0	0.1	0.0	161.8	133.5	-1.9	-3.1	143.4	147.6	112.7	112.7	112.0	112.6	100.0	175.0	31.4	0.0	90.0	89.9	40.0	0.0	0.0	67.5	-1.0	0.0	.Autoclave.Outputs.PRESSIP\OutputValue	8.0	28.3	-49.1	-1.0	0.0	-1.0	-1.0	-1.0	0.0	0.0	0.0	-1.0	-1.0	0.0	0.0	0.0	-1.0	0.0
20:26:10	176.0	133.0	139.4	139.7	131.2	158.9	142.5	0.1	0.1	39.5	0.0	0.1	0.1	158.9	131.2	-2.5	-3.0	140.8	145.0	111.9	111.9	111.2	111.6	100.0	176.0	32.4	0.0	85.4	85.4	40.0	0.0	0.0	62.6	-1.0	0.0	.Autoclave.Outputs.PRESSIP\OutputValue	8.0	27.7	-47.0	-1.0	0.0	-1.0	-1.0	-1.0	0.0	0.0	0.0	-1.0	-1.0	0.0	0.0	0.0	-1.0	0.0
20:27:09	177.0	131.1	137.7	137.3	129.0	156.1	139.8	0.0	0.1	39.4	0.0	0.1	0.0	156.1	129.0	-2.1	-2.8	138.5	142.5	110.3	110.3	109.6	110.7	100.1	177.0	33.4	0.0	80.9	80.9	40.0	0.0	0.0	63.8	-1.0	0.0	.Autoclave.Outputs.PRESSIP\OutputValue	8.0	27.1	-45.8	-1.0	0.0	-1.0	-1.0	-1.0	0.0	0.0	0.0	-1.0	-1.0	0.0	0.0	0.0	-1.0	0.0
20:28:09	178.0	127.3	135.1	134.7	126.7	153.4	137.5	0.1	0.1	39.3	0.0	0.1	0.1	153.4	126.7	-2.3	-3.0	135.8	140.0	109.2	109.2	108.4	109.6	100.1	178.0	34.4	0.0	80.0	80.0	40.0	0.0	0.0	64.7	-1.0	0.0	.Autoclave.Outputs.PRESSIP\OutputValue	8.0	26.7	-44.2	-1.0	0.0	-1.0	-1.0	-1.0	0.0	0.0	0.0	-1.0	-1.0	0.0	0.0	0.0	-1.0	0.0
20:29:10	179.0	126.1	132.7	132.4	124.8	150.7	134.6	0.1	0.1	39.2	0.0	0.1	0.1	150.7	124.8	-1.7	-2.7	133.5	137.7	108.4	108.4	107.8	108.6	100.0	179.0	35.4	0.0	80.0	80.0	40.0	0.0	0.0	65.8	-1.0	0.0	.Autoclave.Outputs.PRESSIP\OutputValue	8.0	25.9	-42.3	-1.0	0.0	-1.0	-1.0	-1.0	0.0	0.0	0.0	-1.0	-1.0	0.0	0.0	0.0	-1.0	0.0
20:30:10	180.1	124.1	130.7	130.3	122.9	148.1	132.4	0.1	0.1	39.1	0.0	0.1	0.1	148.1	122.9	-1.6	-2.7	131.4	135.5	107.2	107.2	106.5	107.7	99.8	180.0	36.4	0.0	80.0	80.0	40.0	0.0	0.0	66.8	-1.0	0.0	.Autoclave.Outputs.PRESSIP\OutputValue	8.0	25.2	-40.9	-1.0	0.0	-1.0	-1.0	-1.0	0.0	0.0	0.0	-1.0	-1.0	0.0	0.0	0.0	-1.0	0.0
20:30:13	180.1	123.7	130.7	130.3	122.9	147.8	132.3	0.0	0.0	39.1	0.0	0.0	0.0	147.8	122.9	-1.6	-2.5	131.3	135.3	107.1	107.1	106.4	107.8	99.8	180.1	36.4	0.0	80.0	80.0	40.0	0.0	0.0	66.8	-1.0	0.0	.Autoclave.Outputs.PRESSIP\OutputValue	8.0	24.9	-40.9	-1.0	0.0	-1.0	-1.0	-1.0	0.0	0.0	0.0	-1.0	-1.0	0.0	0.0	0.0	-1.0	0.0
20:31:10	181.0	122.2	128.5	128.0	120.7	145.5	130.2	0.1	0.1	31.0	0.0	0.1	0.1	145.5	120.7	-2.3	-2.7	129.2	133.1	103.0	103.0	102.3	102.6	98.9	181.0	0.9	0.0	80.0	80.0	30.5	0.0	0.0	53.5	-1.0	0.0	.Autoclave.Outputs.PRESSIP\OutputValue	7.0	24.8	-42.5	-1.0	0.0	-1.0	-1.0	-1.0	0.0	0.0	0.0	-1.0	-1.0	0.0	0.0	0.0	-1.0	0.0
20:32:10	182.0	120.2	126.2	125.7	118.6	143.2	128.1	0.0	0.1	21.0	0.0	0.1	0.0	143.2	118.6	-1.9	-2.6	127.0	130.9	99.5	99.5	98.8	99.2	98.3	182.0	1.9	0.0	80.0	80.0	20.5	0.0	0.0	51.8	-1.0	0.0	.Autoclave.Outputs.PRESSIP\OutputValue	5.7	24.6	-43.7	-1.0	0.0	-1.0	-1.0	-1.0	0.0	0.0	0.0	-1.0	-1.0	0.0	0.0	0.0	-1.0	0.0
20:33:10	183.1	118.6	124.3	123.7	116.7	141.3	126.6	0.0	0.1	11.4	0.0	0.1	0.0	141.3	116.7	-1.6	-1.9	125.2	129.0	96.2	96.2	95.6	95.9	97.4	183.0	2.9	0.0	80.0	80.0	10.5	0.0	0.0	46.2	-1.0	0.0	.Autoclave.Outputs.PRESSIP\OutputValue	4.2	24.6	-45.1	-1.0	0.0	-1.0	-1.0	-1.0	0.0	0.0	0.0	-1.0	-1.0	0.0	0.0	0.0	-1.0	0.0
20:34:09	184.0	117.3	123.3	122.2	115.4	139.9	126.2	0.0	0.1	3.2	0.0	0.1	0.0	139.9	115.4	-1.0	-1.6	124.1	127.6	93.9	93.9	93.2	94.3	96.8	184.0	3.9	0.0	80.0	80.0	0.6	0.0	0.0	26.1	-1.0	0.0	.Autoclave.Outputs.PRESSIP\OutputValue	1.7	24.5	-46.0	-1.0	0.0	-1.0	-1.0	-1.0	0.0	0.0	0.0	-1.0	-1.0	-1.0	0.0	0.0	-1.0	0.0
20:34:41	184.6	117.1	123.2	121.7	114.9	139.3	125.1	0.0	0.1	1.0	0.0	0.1	0.0	139.3	114.9	-0.3	-1.3	123.6	127.1	93.8	93.8	93.0	94.6	96.9	184.5	4.5	0.0	80.0	80.0	0.0	0.0	0.0	39.1	-1.0	0.0	.Autoclave.Outputs.PRESSIP\OutputValue	-0.4	24.4	-45.6	-1.0	0.0	-1.0	-1.0	-1.0	0.0	0.0	0.0	-1.0	-1.0	-1.0	0.0	0.0	-1.0	0.0
