

Time	Elapsed	PTC5	PTC6	PTC7	PTC9	PTC10	PTC11	VPRB2	VPRB3	PRESS	SVAC	HIPRB	LOPRB	HITC	LOTC	HIRATE	LORATE	AVGTC	MEAN	AIRTC	AIRTC1	AIRTC2	HILIMTC	CAPSTC	RUNTIME	SEGTIME	SEGTIMELEFT	TSET_AIR	TSET_PART	PSET	TEMPOUT	TEMPINT	PRESSOUT	COOLIP	SCROUT	PRESSIP	PRESSINT	SPREAD	AIRPARTDELTA	CAPSFLOW	SILENCE	BARLOCK	HIPSI	FANON	HYDON	FANSTARTSTOPPB	HYDPMPSTARTSTOPPB	COOLCNTRLONOFFSW	PRESSCNTRLONOFFSW	PRESSDUMPSW	PCMANUALSW	HILIMIT	BLWRMTRHILIMIT	MANINSIDE
HH:MM:SS	Mins	Deg.F	Deg.F	Deg.F	Deg.F	Deg.F	Deg.F	"Hg	"Hg	Psig	"Hg			Deg.F	Deg.F	Deg.F	Deg.F	Deg.F	Deg.F	Deg.F	Deg.F	Deg.F	Deg.F	Deg.F	Mins	Mins	Mins	Deg.F	Deg.F	Psig				%	%	%	%	Deg.F	Deg.F															
22:55:10	0.0	79.8	79.7	80.1	78.8	78.2	78.0	-27.8	-27.9	-0.4	-27.9	-27.8	-27.9	80.2	77.9	0.4	0.2	79.1	79.1	93.8	93.8	93.4	106.1	102.6	538.4	0.0	0.0	70.0	70.0	0.0	0.0	0.0	50.0	0.0	0.0	.Autoclave.Outputs.PRESSIP\OutputValue	8.0	2.3	13.6	-1.0	0.0	-1.0	-1.0	0.0	0.0	0.0	0.0	-1.0	-1.0	-1.0	0.0	0.0	-1.0	0.0
22:55:12	0.0	79.8	79.7	80.1	78.8	78.2	78.0	-27.8	-27.9	-0.4	-27.9	-27.8	-27.9	80.2	77.9	0.4	0.2	79.1	79.1	93.8	93.8	93.4	106.1	102.6	538.4	0.0	0.0	70.0	70.0	0.0	0.0	0.0	50.0	0.0	0.0	.Autoclave.Outputs.PRESSIP\OutputValue	8.0	2.3	13.6	-1.0	0.0	-1.0	-1.0	0.0	0.0	0.0	0.0	-1.0	-1.0	-1.0	0.0	0.0	-1.0	0.0
22:55:13	0.0	79.8	79.7	80.1	78.8	78.2	78.0	-27.8	-27.8	-0.4	-27.9	-27.8	-27.8	80.1	78.0	0.4	0.2	79.1	79.1	93.8	94.1	93.4	105.8	102.7	538.4	0.0	0.0	70.0	70.0	0.0	0.0	0.0	50.0	0.0	0.0	.Autoclave.Outputs.PRESSIP\OutputValue	8.0	2.1	13.6	-1.0	0.0	-1.0	-1.0	0.0	0.0	0.0	0.0	-1.0	-1.0	-1.0	0.0	0.0	-1.0	0.0
22:55:13	0.0	79.8	79.7	80.1	78.8	78.2	78.0	-27.8	-27.8	-0.4	-27.9	-27.8	-27.8	80.1	78.0	0.4	0.2	79.1	79.1	93.8	94.1	93.4	105.8	102.7	538.4	0.0	0.0	70.0	70.0	0.0	0.0	0.0	50.0	0.0	0.0	.Autoclave.Outputs.PRESSIP\OutputValue	8.0	2.1	13.7	-1.0	0.0	-1.0	-1.0	0.0	0.0	0.0	0.0	-1.0	-1.0	-1.0	0.0	0.0	-1.0	0.0
22:56:13	1.0	81.1	81.1	81.6	80.0	79.3	79.8	-27.8	-27.8	1.0	-27.9	-27.8	-27.8	81.6	79.3	1.7	1.0	80.5	80.5	94.8	94.8	94.5	98.1	100.1	1.0	1.0	0.0	87.6	84.6	1.5	0.0	0.0	62.5	-1.0	0.0	.Autoclave.Outputs.PRESSIP\OutputValue	8.0	2.3	13.2	-1.0	0.0	-1.0	-1.0	-1.0	0.0	0.0	0.0	-1.0	-1.0	0.0	0.0	0.0	-1.0	0.0
22:57:13	2.0	82.0	82.2	82.7	80.8	80.1	81.4	-27.8	-27.8	2.4	-27.9	-27.8	-27.8	82.7	80.1	1.5	0.6	81.5	81.4	94.8	94.9	94.4	97.3	99.8	2.0	2.0	0.0	95.4	89.1	3.0	51.6	-0.3	63.5	0.0	3.2	.Autoclave.Outputs.PRESSIP\OutputValue	8.0	2.6	12.1	-1.0	0.0	-1.0	-1.0	-1.0	0.0	0.0	0.0	-1.0	-1.0	0.0	0.0	0.0	-1.0	0.0
22:58:13	3.0	83.5	83.7	84.7	82.4	81.7	83.6	-27.8	-27.9	4.0	-27.9	-27.8	-27.9	84.7	81.7	2.1	1.3	83.3	83.2	101.0	101.0	100.4	112.4	99.8	3.0	3.0	0.0	102.4	93.6	4.5	57.6	-0.1	63.0	0.0	15.2	.Autoclave.Outputs.PRESSIP\OutputValue	8.0	3.0	16.3	-1.0	0.0	-1.0	-1.0	-1.0	0.0	0.0	0.0	-1.0	-1.0	0.0	0.0	0.0	-1.0	0.0
22:59:13	4.0	85.3	85.7	86.8	84.2	83.4	86.1	-27.8	-27.8	5.3	-27.9	-27.8	-27.8	86.8	83.4	2.4	1.6	85.3	85.1	107.4	107.4	106.8	118.7	99.7	4.0	4.0	0.0	109.4	98.1	6.0	61.1	0.0	64.8	0.0	22.2	.Autoclave.Outputs.PRESSIP\OutputValue	8.0	3.4	20.6	-1.0	0.0	-1.0	-1.0	-1.0	0.0	0.0	0.0	-1.0	-1.0	0.0	0.0	0.0	-1.0	0.0
23:00:13	5.0	87.3	87.8	89.4	86.4	85.3	89.3	-27.7	-27.7	6.9	-28.0	-27.7	-27.7	89.4	85.3	3.2	2.0	87.6	87.4	113.9	113.9	113.4	125.2	99.9	5.0	5.0	0.0	116.0	102.6	7.5	62.1	0.3	63.8	0.0	24.2	.Autoclave.Outputs.PRESSIP\OutputValue	8.0	4.1	24.5	-1.0	0.0	-1.0	-1.0	-1.0	0.0	0.0	0.0	-1.0	-1.0	0.0	0.0	0.0	-1.0	0.0
23:01:13	6.0	89.7	90.3	92.1	88.5	87.5	92.7	-27.8	-27.8	8.5	-28.0	-27.8	-27.8	92.7	87.5	3.5	2.2	90.1	90.1	119.7	119.8	119.2	130.8	100.1	6.0	6.0	0.0	121.6	107.1	9.0	58.9	0.4	62.6	0.0	17.7	.Autoclave.Outputs.PRESSIP\OutputValue	8.0	5.2	27.0	-1.0	0.0	-1.0	-1.0	-1.0	0.0	0.0	0.0	-1.0	-1.0	0.0	0.0	0.0	-1.0	0.0
23:02:14	7.1	92.3	93.1	95.2	91.3	90.0	96.3	-27.8	-27.7	10.1	-28.0	-27.7	-27.8	96.3	90.0	3.8	2.5	93.0	93.2	124.6	124.9	124.1	135.8	100.1	7.0	7.0	0.0	126.8	111.6	10.5	63.3	0.6	63.2	0.0	26.7	.Autoclave.Outputs.PRESSIP\OutputValue	8.0	6.3	28.2	-1.0	0.0	-1.0	-1.0	-1.0	0.0	0.0	0.0	-1.0	-1.0	0.0	0.0	0.0	-1.0	0.0
23:02:14	7.1	92.3	93.1	95.2	91.3	90.0	96.3	-27.8	-27.7	10.1	-28.0	-27.7	-27.8	96.3	90.0	3.8	2.5	93.0	93.2	124.6	124.9	124.1	135.8	100.1	7.0	7.0	0.0	126.8	111.6	10.5	63.3	0.6	63.2	0.0	26.7	.Autoclave.Outputs.PRESSIP\OutputValue	8.0	6.3	28.2	-1.0	0.0	-1.0	-1.0	-1.0	0.0	0.0	0.0	-1.0	-1.0	0.0	0.0	0.0	-1.0	0.0
23:03:13	8.0	95.2	96.1	98.6	94.0	92.8	100.2	-27.4	-27.6	11.2	-27.3	-27.4	-27.6	100.2	92.8	3.9	2.7	96.1	96.5	130.0	130.1	129.3	140.1	100.2	8.0	1.0	0.0	132.0	116.1	12.0	63.3	0.8	66.1	0.0	26.6	.Autoclave.Outputs.PRESSIP\OutputValue	8.0	7.4	29.7	-1.0	0.0	-1.0	-1.0	-1.0	0.0	0.0	0.0	-1.0	-1.0	0.0	0.0	0.0	-1.0	0.0
23:04:13	9.0	98.4	99.5	102.3	97.5	95.8	104.6	-22.5	-23.0	12.8	-22.4	-22.5	-23.0	104.6	95.8	4.5	3.1	99.7	100.2	134.8	134.8	134.0	143.9	100.2	9.0	2.0	0.0	136.9	120.6	13.5	60.7	1.0	64.9	0.0	21.3	.Autoclave.Outputs.PRESSIP\OutputValue	8.0	8.8	30.1	-1.0	0.0	-1.0	-1.0	-1.0	0.0	0.0	0.0	-1.0	-1.0	0.0	0.0	0.0	-1.0	0.0
23:05:13	10.0	101.7	102.9	106.0	100.8	99.0	109.0	-17.3	-17.6	14.5	-17.3	-17.3	-17.6	109.0	99.0	4.4	3.1	103.2	104.0	139.5	139.5	138.9	149.6	100.3	10.0	3.0	0.0	141.2	125.1	15.0	60.8	1.2	62.5	0.0	21.5	.Autoclave.Outputs.PRESSIP\OutputValue	8.0	10.0	30.4	-1.0	0.0	-1.0	-1.0	-1.0	0.0	0.0	0.0	-1.0	-1.0	0.0	0.0	0.0	-1.0	0.0
23:06:13	11.0	105.0	106.6	109.8	104.4	102.1	113.6	-12.2	-12.3	15.6	-12.2	-12.2	-12.3	113.6	102.1	4.6	3.3	106.9	107.9	143.7	143.7	143.0	153.6	100.3	11.0	4.0	0.0	145.5	129.6	16.5	60.9	1.4	67.0	0.0	21.8	.Autoclave.Outputs.PRESSIP\OutputValue	8.0	11.5	30.0	-1.0	0.0	-1.0	-1.0	-1.0	0.0	0.0	0.0	-1.0	-1.0	0.0	0.0	0.0	-1.0	0.0
23:07:13	12.0	108.8	110.4	113.9	108.5	105.2	118.0	-7.4	-7.4	17.2	-7.3	-7.4	-7.4	118.0	105.2	4.4	3.6	110.8	111.6	148.2	148.2	147.6	157.3	100.3	12.0	5.0	0.0	149.9	134.1	18.0	60.4	1.6	65.9	0.0	20.7	.Autoclave.Outputs.PRESSIP\OutputValue	8.0	12.8	30.1	-1.0	0.0	-1.0	-1.0	-1.0	0.0	0.0	0.0	-1.0	-1.0	0.0	0.0	0.0	-1.0	0.0
23:08:13	13.0	112.8	114.3	117.8	112.1	109.1	122.5	-3.2	-3.2	19.0	-3.2	-3.2	-3.2	122.5	109.1	4.9	3.5	114.8	115.8	152.8	152.9	152.2	163.0	100.6	13.0	6.0	0.0	154.6	138.6	19.5	63.0	1.8	62.3	0.0	26.1	.Autoclave.Outputs.PRESSIP\OutputValue	8.0	13.4	30.2	-1.0	0.0	-1.0	-1.0	-1.0	0.0	0.0	0.0	-1.0	-1.0	0.0	0.0	0.0	-1.0	0.0
23:09:13	14.0	116.6	118.3	122.0	116.2	112.5	127.5	-1.4	-1.3	20.1	-1.3	-1.3	-1.4	127.5	112.5	4.8	3.1	118.8	120.0	157.0	157.0	156.3	166.4	100.4	14.0	7.0	0.0	158.8	143.1	21.0	62.7	1.9	67.3	0.0	25.4	.Autoclave.Outputs.PRESSIP\OutputValue	8.0	14.9	29.5	-1.0	0.0	-1.0	-1.0	-1.0	0.0	0.0	0.0	-1.0	-1.0	0.0	0.0	0.0	-1.0	0.0
23:10:13	15.0	120.5	122.5	126.3	119.2	116.7	131.9	-0.6	-0.5	21.7	-0.6	-0.5	-0.6	131.9	116.7	4.7	3.9	122.8	124.3	161.4	161.4	160.7	170.9	100.6	15.0	8.0	0.0	163.2	147.6	22.5	62.8	2.1	65.7	0.0	25.6	.Autoclave.Outputs.PRESSIP\OutputValue	8.0	15.1	29.5	-1.0	0.0	-1.0	-1.0	-1.0	0.0	0.0	0.0	-1.0	-1.0	0.0	0.0	0.0	-1.0	0.0
23:11:13	16.0	124.7	126.6	130.5	123.6	120.4	136.9	-0.3	-0.2	23.5	-0.3	-0.2	-0.3	136.9	120.4	4.9	3.0	127.1	128.6	165.8	165.9	165.2	175.6	100.7	16.0	9.0	0.0	167.6	152.1	24.0	62.3	2.3	62.7	0.0	24.7	.Autoclave.Outputs.PRESSIP\OutputValue	8.0	16.4	28.9	-1.0	0.0	-1.0	-1.0	-1.0	0.0	0.0	0.0	-1.0	-1.0	0.0	0.0	0.0	-1.0	0.0
23:12:13	17.0	128.9	131.1	135.1	127.8	124.7	141.5	-0.2	0.0	24.5	-0.1	0.0	-0.2	141.5	124.7	4.8	4.1	131.5	133.1	169.9	169.9	169.2	179.4	100.5	17.0	10.0	0.0	172.1	156.6	25.5	63.6	2.5	67.4	0.0	27.3	.Autoclave.Outputs.PRESSIP\OutputValue	8.0	16.7	28.4	-1.0	0.0	-1.0	-1.0	-1.0	0.0	0.0	0.0	-1.0	-1.0	0.0	0.0	0.0	-1.0	0.0
23:13:13	18.0	133.2	135.5	139.4	132.3	128.7	146.0	-0.1	0.0	26.2	-0.1	0.0	-0.1	146.0	128.7	4.9	4.2	135.8	137.3	173.9	173.9	173.3	183.5	100.6	18.0	11.0	0.0	176.1	161.1	27.0	65.3	2.7	65.7	0.0	30.5	.Autoclave.Outputs.PRESSIP\OutputValue	8.0	17.2	27.9	-1.0	0.0	-1.0	-1.0	-1.0	0.0	0.0	0.0	-1.0	-1.0	0.0	0.0	0.0	-1.0	0.0
23:14:13	19.0	136.8	140.0	143.8	136.6	133.0	151.0	0.0	0.0	28.0	0.0	0.0	0.0	151.0	133.0	5.2	4.1	140.2	142.0	178.6	178.5	177.8	187.7	100.8	19.0	12.0	0.0	180.1	165.6	28.5	63.4	2.9	62.3	0.0	26.8	.Autoclave.Outputs.PRESSIP\OutputValue	8.0	17.9	27.6	-1.0	0.0	-1.0	-1.0	-1.0	0.0	0.0	0.0	-1.0	-1.0	0.0	0.0	0.0	-1.0	0.0
23:15:13	20.0	137.1	144.6	148.3	141.2	137.3	155.7	0.0	0.0	29.0	0.0	0.0	0.0	155.7	137.1	4.8	4.3	144.0	146.4	182.6	182.5	181.8	191.8	100.7	20.0	13.0	0.0	184.3	170.1	30.0	62.1	3.1	68.0	0.0	24.3	.Autoclave.Outputs.PRESSIP\OutputValue	8.0	18.6	26.9	-1.0	0.0	-1.0	-1.0	-1.0	0.0	0.0	0.0	-1.0	-1.0	0.0	0.0	0.0	-1.0	0.0
23:16:13	21.0	146.7	149.2	153.1	146.2	141.7	160.5	0.0	0.0	30.7	0.0	0.0	0.0	160.5	141.7	6.0	4.5	149.6	151.1	186.7	186.7	186.0	196.2	100.8	21.0	14.0	0.0	188.8	174.6	31.5	63.9	3.3	65.9	0.0	27.7	.Autoclave.Outputs.PRESSIP\OutputValue	8.0	18.7	26.2	-1.0	0.0	-1.0	-1.0	-1.0	0.0	0.0	0.0	-1.0	-1.0	0.0	0.0	0.0	-1.0	0.0
23:17:13	22.0	151.2	153.9	157.6	150.8	146.4	165.6	0.0	0.1	32.5	0.0	0.1	0.0	165.6	146.4	5.1	3.6	154.2	156.0	190.9	191.0	190.3	200.4	100.8	22.0	15.0	0.0	192.7	179.1	33.0	63.3	3.4	63.4	0.0	26.6	.Autoclave.Outputs.PRESSIP\OutputValue	8.0	19.1	25.3	-1.0	0.0	-1.0	-1.0	-1.0	0.0	0.0	0.0	-1.0	-1.0	0.0	0.0	0.0	-1.0	0.0
23:18:13	23.0	155.8	158.7	162.2	156.2	150.7	170.3	0.0	0.1	34.1	0.0	0.1	0.0	170.3	150.7	5.5	4.3	159.0	160.5	195.2	195.2	194.5	204.9	101.0	23.0	16.0	0.0	197.0	183.6	34.5	61.3	3.6	62.0	0.0	22.6	.Autoclave.Outputs.PRESSIP\OutputValue	8.0	19.5	24.9	-1.0	0.0	-1.0	-1.0	-1.0	0.0	0.0	0.0	-1.0	-1.0	0.0	0.0	0.0	-1.0	0.0
23:19:13	24.0	160.6	163.4	166.8	160.8	155.4	175.0	0.0	0.1	35.3	0.0	0.1	0.0	175.0	155.4	4.9	4.2	163.7	165.2	199.2	199.2	198.4	208.6	100.9	24.0	17.0	0.0	201.3	188.1	36.0	65.7	3.8	65.3	0.0	31.3	.Autoclave.Outputs.PRESSIP\OutputValue	8.0	19.5	24.2	-1.0	0.0	-1.0	-1.0	-1.0	0.0	0.0	0.0	-1.0	-1.0	0.0	0.0	0.0	-1.0	0.0
23:20:13	25.0	165.1	167.9	171.1	165.5	159.8	180.0	0.0	0.1	37.1	0.0	0.1	0.0	180.0	159.8	4.9	4.3	168.2	169.9	203.6	203.6	202.8	213.8	101.0	25.0	18.0	0.0	206.0	192.6	37.5	68.3	4.0	61.8	0.0	36.7	.Autoclave.Outputs.PRESSIP\OutputValue	8.0	20.1	23.6	-1.0	0.0	-1.0	-1.0	-1.0	0.0	0.0	0.0	-1.0	-1.0	0.0	0.0	0.0	-1.0	0.0
23:21:13	26.0	169.5	172.9	176.1	168.4	165.4	184.8	0.0	0.1	38.1	0.0	0.1	0.0	184.8	165.4	5.2	3.9	172.8	175.1	207.5	207.6	206.9	216.7	100.9	26.0	19.0	0.0	209.5	197.1	39.0	67.3	4.2	66.3	0.0	34.6	.Autoclave.Outputs.PRESSIP\OutputValue	8.0	19.3	22.7	-1.0	0.0	-1.0	-1.0	-1.0	0.0	0.0	0.0	-1.0	-1.0	0.0	0.0	0.0	-1.0	0.0
23:22:13	27.0	173.9	177.4	180.7	173.3	170.1	189.2	0.0	0.1	39.1	0.0	0.1	0.0	189.2	170.1	5.2	4.2	177.4	179.7	211.9	211.9	211.2	221.5	100.8	27.0	20.0	0.0	213.8	201.6	40.0	64.9	4.4	66.6	0.0	29.8	.Autoclave.Outputs.PRESSIP\OutputValue	8.0	19.0	22.7	-1.0	0.0	-1.0	-1.0	-1.0	0.0	0.0	0.0	-1.0	-1.0	0.0	0.0	0.0	-1.0	0.0
23:23:13	28.0	179.3	182.2	185.2	177.8	174.9	194.2	0.0	0.1	39.4	0.0	0.1	0.0	194.2	174.9	5.0	4.1	182.3	184.6	216.1	216.2	215.5	225.8	100.8	28.0	21.0	0.0	218.3	206.1	40.0	66.8	4.6	63.8	0.0	33.5	.Autoclave.Outputs.PRESSIP\OutputValue	8.0	19.2	21.9	-1.0	0.0	-1.0	-1.0	-1.0	0.0	0.0	0.0	-1.0	-1.0	0.0	0.0	0.0	-1.0	0.0
23:24:13	29.0	183.7	186.9	189.7	182.5	179.5	198.7	-0.1	0.1	39.7	0.0	0.1	-0.1	198.7	179.5	4.8	4.4	186.8	189.1	220.5	220.5	219.7	230.1	100.8	29.0	22.0	0.0	222.1	210.6	40.0	63.1	4.8	60.8	0.0	26.1	.Autoclave.Outputs.PRESSIP\OutputValue	8.0	19.2	21.8	-1.0	0.0	-1.0	-1.0	-1.0	0.0	0.0	0.0	-1.0	-1.0	0.0	0.0	0.0	-1.0	0.0
23:24:19	29.1	183.9	187.2	190.3	183.0	180.0	199.2	0.0	0.1	39.8	0.0	0.1	0.0	199.2	180.0	5.0	4.4	187.3	189.6	220.8	220.9	220.1	230.4	100.7	29.1	22.1	0.0	223.0	211.0	40.0	66.8	4.8	60.4	0.0	33.7	.Autoclave.Outputs.PRESSIP\OutputValue	8.0	19.2	21.8	-1.0	0.0	-1.0	-1.0	-1.0	0.0	0.0	0.0	-1.0	-1.0	0.0	0.0	0.0	-1.0	0.0
23:25:13	30.0	188.4	191.6	194.4	187.2	184.3	203.2	0.0	0.1	40.0	0.0	0.1	0.0	203.2	184.3	11.4	4.6	191.5	193.8	224.9	224.9	224.2	234.7	100.7	30.0	0.9	0.0	227.1	215.1	40.0	67.2	5.0	57.5	0.0	34.5	.Autoclave.Outputs.PRESSIP\OutputValue	8.0	18.9	21.7	-1.0	0.0	-1.0	-1.0	-1.0	0.0	0.0	0.0	-1.0	-1.0	0.0	0.0	0.0	-1.0	0.0
23:26:13	31.0	193.5	196.2	198.8	191.7	188.8	208.1	0.0	0.1	40.3	0.0	0.1	0.0	208.1	188.8	4.9	0.3	196.2	198.5	229.2	229.2	228.5	239.4	100.7	31.0	1.9	0.0	231.4	219.6	40.0	67.4	5.2	54.2	0.0	34.7	.Autoclave.Outputs.PRESSIP\OutputValue	7.6	19.3	21.1	-1.0	0.0	-1.0	-1.0	-1.0	0.0	0.0	0.0	-1.0	-1.0	0.0	0.0	0.0	-1.0	0.0
23:27:13	32.0	197.8	200.9	203.3	196.3	193.4	212.5	0.0	0.1	40.6	0.0	0.1	0.0	212.5	193.4	4.7	4.3	200.7	203.0	233.8	233.8	233.1	243.4	100.7	32.0	2.9	0.0	235.9	224.1	40.0	60.1	5.4	50.5	0.0	20.3	.Autoclave.Outputs.PRESSIP\OutputValue	6.6	19.1	21.3	-1.0	0.0	-1.0	-1.0	-1.0	0.0	0.0	0.0	-1.0	-1.0	0.0	0.0	0.0	-1.0	0.0
23:28:13	33.0	202.3	205.6	207.7	201.8	198.1	217.5	0.0	0.1	40.9	0.0	0.1	0.0	217.5	198.1	4.9	4.5	205.5	207.8	238.3	238.4	237.6	248.1	100.8	33.0	3.9	0.0	240.1	228.6	40.0	67.6	5.6	45.5	0.0	35.2	.Autoclave.Outputs.PRESSIP\OutputValue	5.0	19.4	20.8	-1.0	0.0	-1.0	-1.0	-1.0	0.0	0.0	0.0	-1.0	-1.0	0.0	0.0	0.0	-1.0	0.0
23:29:13	34.0	206.9	210.3	212.4	207.3	202.3	221.5	0.0	0.1	40.0	0.0	0.1	0.0	221.5	202.3	5.7	3.1	210.1	211.9	242.7	242.7	241.8	252.5	100.7	34.0	4.9	0.0	244.8	233.1	40.0	67.4	5.9	54.4	0.0	34.8	.Autoclave.Outputs.PRESSIP\OutputValue	4.8	19.2	21.2	-1.0	0.0	-1.0	-1.0	-1.0	0.0	0.0	0.0	-1.0	-1.0	0.0	0.0	0.0	-1.0	0.0
23:30:13	35.0	211.7	214.9	216.8	212.2	206.9	225.8	0.0	0.1	40.3	0.0	0.1	0.0	225.8	206.9	5.4	4.3	214.7	216.4	247.1	247.1	246.4	257.1	100.6	35.0	5.9	0.0	249.4	237.6	40.0	67.6	6.0	51.4	0.0	35.1	.Autoclave.Outputs.PRESSIP\OutputValue	4.5	18.9	21.3	-1.0	0.0	-1.0	-1.0	-1.0	0.0	0.0	0.0	-1.0	-1.0	0.0	0.0	0.0	-1.0	0.0
23:31:13	36.0	216.5	219.3	221.3	216.2	212.0	230.5	0.0	0.1	40.6	0.0	0.1	0.0	230.5	212.0	4.9	2.6	219.3	221.3	251.7	251.8	251.0	261.6	100.6	36.0	6.9	0.0	254.1	242.1	40.0	68.1	6.2	47.4	0.0	36.2	.Autoclave.Outputs.PRESSIP\OutputValue	3.5	18.5	21.2	-1.0	0.0	-1.0	-1.0	-1.0	0.0	0.0	0.0	-1.0	-1.0	0.0	0.0	0.0	-1.0	0.0
23:32:13	37.0	221.0	223.7	225.6	221.3	216.7	234.8	0.0	0.1	40.9	0.0	0.1	0.0	234.8	216.7	6.7	4.3	223.8	225.7	256.4	256.4	255.7	266.7	100.6	37.0	7.9	0.0	258.6	246.6	40.0	68.4	6.5	42.4	0.0	36.7	.Autoclave.Outputs.PRESSIP\OutputValue	1.9	18.2	21.6	-1.0	0.0	-1.0	-1.0	-1.0	0.0	0.0	0.0	-1.0	-1.0	0.0	0.0	0.0	-1.0	0.0
23:33:13	38.0	225.4	228.2	230.1	225.6	220.9	239.3	-0.1	0.1	40.5	0.0	0.1	-0.1	239.3	220.9	4.7	4.3	228.2	230.1	260.8	260.8	260.0	270.8	100.7	38.0	8.9	0.0	262.8	251.1	40.0	67.8	6.7	46.1	0.0	35.6	.Autoclave.Outputs.PRESSIP\OutputValue	0.9	18.5	21.5	-1.0	0.0	-1.0	-1.0	-1.0	0.0	0.0	0.0	-1.0	-1.0	0.0	0.0	0.0	-1.0	0.0
23:34:13	39.0	229.2	233.0	234.8	230.1	225.2	243.7	0.0	0.1	40.8	0.0	0.1	0.0	243.7	225.2	4.7	4.0	232.7	234.4	265.3	265.3	264.5	275.6	100.6	39.0	9.9	0.0	267.3	255.6	40.0	68.2	6.9	42.0	0.0	36.5	.Autoclave.Outputs.PRESSIP\OutputValue	-0.4	18.6	21.6	-1.0	0.0	-1.0	-1.0	-1.0	0.0	0.0	0.0	-1.0	-1.0	0.0	0.0	0.0	-1.0	0.0
23:35:13	40.0	234.6	237.7	239.6	234.8	229.4	248.4	0.0	0.1	40.0	0.0	0.1	0.0	248.4	229.4	5.1	4.3	237.4	238.9	269.9	269.9	269.1	282.0	100.5	40.0	10.9	0.0	271.9	260.1	40.0	68.9	7.1	48.5	0.0	37.8	.Autoclave.Outputs.PRESSIP\OutputValue	-1.4	19.1	21.5	-1.0	0.0	-1.0	-1.0	-1.0	0.0	0.0	0.0	-1.0	-1.0	0.0	0.0	0.0	-1.0	0.0
23:36:13	41.0	239.3	242.3	244.0	239.2	233.7	252.8	0.0	0.1	40.3	0.0	0.1	0.0	252.8	233.7	4.8	4.3	241.9	243.2	274.2	274.2	273.5	285.5	100.5	41.0	11.9	0.0	276.4	264.6	40.0	69.6	7.3	45.7	0.0	39.3	.Autoclave.Outputs.PRESSIP\OutputValue	-1.6	19.2	21.4	-1.0	0.0	-1.0	-1.0	-1.0	0.0	0.0	0.0	-1.0	-1.0	0.0	0.0	0.0	-1.0	0.0
23:37:13	42.0	243.0	246.8	248.5	243.7	237.7	257.1	0.0	0.1	40.6	0.0	0.1	0.0	257.1	237.7	4.7	4.1	246.1	247.4	278.8	278.9	278.2	289.8	100.5	42.0	12.9	0.0	280.8	269.1	40.0	69.2	7.5	42.2	0.0	38.4	.Autoclave.Outputs.PRESSIP\OutputValue	-2.4	19.5	21.7	-1.0	0.0	-1.0	-1.0	-1.0	0.0	0.0	0.0	-1.0	-1.0	0.0	0.0	0.0	-1.0	0.0
23:38:13	43.0	247.4	251.2	253.0	244.4	241.5	261.8	0.0	0.1	40.6	0.0	0.1	0.0	261.8	241.5	13.1	0.5	249.9	251.6	282.5	282.5	281.9	289.3	100.4	43.0	13.9	0.0	281.9	272.0	40.0	50.5	7.6	40.3	0.0	1.1	.Autoclave.Outputs.PRESSIP\OutputValue	-3.7	20.4	20.7	-1.0	0.0	-1.0	-1.0	-1.0	0.0	0.0	0.0	-1.0	-1.0	0.0	0.0	0.0	-1.0	0.0
23:39:13	44.0	251.7	254.3	255.9	247.2	246.3	264.5	0.0	0.1	40.5	0.0	0.1	0.0	264.5	246.3	3.4	-4.5	253.3	255.4	279.9	279.9	279.2	286.1	100.6	44.0	14.9	0.0	279.9	272.0	40.0	55.2	7.6	40.3	0.0	10.5	.Autoclave.Outputs.PRESSIP\OutputValue	-4.7	18.3	15.4	-1.0	0.0	-1.0	-1.0	-1.0	0.0	0.0	0.0	-1.0	-1.0	0.0	0.0	0.0	-1.0	0.0
23:40:13	45.0	254.2	257.2	259.0	252.8	248.0	266.0	0.0	0.1	40.4	0.0	0.1	0.0	266.0	248.0	6.7	-2.2	256.2	257.0	278.2	278.0	277.4	283.3	100.3	45.0	15.9	0.0	278.1	272.0	40.0	53.9	7.6	40.4	0.0	7.8	.Autoclave.Outputs.PRESSIP\OutputValue	-5.6	18.1	12.2	-1.0	0.0	-1.0	-1.0	-1.0	0.0	0.0	0.0	-1.0	-1.0	0.0	0.0	0.0	-1.0	0.0
23:41:13	46.0	257.2	259.4	261.2	253.7	251.1	267.3	0.0	0.1	40.4	0.0	0.1	0.0	267.3	251.1	7.8	1.5	258.3	259.2	276.9	276.9	276.2	282.1	100.4	46.0	16.9	0.0	276.6	272.0	40.0	52.5	7.6	40.2	0.0	5.1	.Autoclave.Outputs.PRESSIP\OutputValue	-6.0	16.3	9.6	-1.0	0.0	-1.0	-1.0	-1.0	0.0	0.0	0.0	-1.0	-1.0	0.0	0.0	0.0	-1.0	0.0
23:42:13	47.0	259.2	261.5	263.1	257.1	253.1	268.8	0.0	0.1	40.3	0.0	0.1	0.0	268.8	253.1	2.7	0.9	260.5	260.9	275.9	275.9	275.1	281.0	100.4	47.0	17.9	0.0	275.6	272.0	40.0	53.9	7.6	40.5	0.0	7.7	.Autoclave.Outputs.PRESSIP\OutputValue	-6.0	15.8	7.1	-1.0	0.0	-1.0	-1.0	-1.0	0.0	0.0	0.0	-1.0	-1.0	0.0	0.0	0.0	-1.0	0.0
23:43:13	48.0	261.5	263.2	264.6	257.9	255.6	269.1	0.0	0.1	40.3	0.0	0.1	0.0	269.1	255.6	2.2	1.0	262.0	262.3	275.0	274.9	274.2	280.3	100.3	48.0	18.9	0.0	274.9	272.0	40.0	55.2	7.6	40.9	0.0	10.3	.Autoclave.Outputs.PRESSIP\OutputValue	-6.0	13.6	5.9	-1.0	0.0	-1.0	-1.0	-1.0	0.0	0.0	0.0	-1.0	-1.0	0.0	0.0	0.0	-1.0	0.0
23:44:13	49.0	262.7	264.7	266.0	261.2	256.7	269.6	0.0	0.1	40.3	0.0	0.1	0.0	269.6	256.7	2.0	0.5	263.5	263.1	274.4	274.4	273.6	279.6	100.4	49.0	19.9	0.0	274.3	272.0	40.0	55.1	7.6	41.1	0.0	10.3	.Autoclave.Outputs.PRESSIP\OutputValue	-6.0	13.0	4.8	-1.0	0.0	-1.0	-1.0	-1.0	0.0	0.0	0.0	-1.0	-1.0	0.0	0.0	0.0	-1.0	0.0
23:45:13	50.0	264.6	266.0	267.1	262.5	258.4	270.2	0.0	0.1	40.3	0.0	0.1	0.0	270.2	258.4	1.8	0.6	264.8	264.3	274.1	274.1	273.3	279.3	100.4	50.0	20.9	0.0	273.8	272.0	40.0	53.8	7.5	40.9	0.0	7.6	.Autoclave.Outputs.PRESSIP\OutputValue	-6.0	11.9	3.9	-1.0	0.0	-1.0	-1.0	-1.0	0.0	0.0	0.0	-1.0	-1.0	0.0	0.0	0.0	-1.0	0.0
23:46:04	50.9	265.7	267.0	267.9	262.2	260.3	270.6	0.0	0.1	40.3	0.0	0.1	0.0	270.6	260.3	1.6	0.4	265.6	265.4	273.7	273.7	273.1	279.1	100.4	50.9	21.7	0.0	273.7	272.0	40.0	53.8	7.5	40.7	0.0	7.5	.Autoclave.Outputs.PRESSIP\OutputValue	-6.0	10.4	3.4	-1.0	0.0	-1.0	-1.0	-1.0	0.0	0.0	0.0	-1.0	-1.0	0.0	0.0	0.0	-1.0	0.0
23:46:13	51.0	265.8	267.2	268.1	263.1	260.3	270.5	0.0	0.1	40.3	-0.3	0.1	0.0	270.5	260.3	2.2	-0.2	265.8	265.4	273.7	273.7	273.0	278.8	100.3	51.0	0.2	70.8	273.6	272.0	40.0	54.4	7.5	40.9	0.0	8.9	.Autoclave.Outputs.PRESSIP\OutputValue	-6.0	10.3	3.2	-1.0	0.0	-1.0	-1.0	-1.0	0.0	0.0	0.0	-1.0	-1.0	0.0	0.0	0.0	-1.0	0.0
23:47:13	52.0	266.4	267.3	268.1	264.0	260.6	269.7	0.0	0.1	40.1	0.0	0.1	0.0	269.7	260.6	1.6	-0.7	266.0	265.1	269.8	269.8	269.1	273.4	100.5	52.0	1.2	69.8	274.4	272.0	40.0	85.9	7.6	43.4	0.0	71.8	.Autoclave.Outputs.PRESSIP\OutputValue	-6.0	9.2	0.1	-1.0	0.0	-1.0	-1.0	-1.0	0.0	0.0	0.0	-1.0	-1.0	0.0	0.0	0.0	-1.0	0.0
23:48:13	53.0	267.0	268.2	268.8	265.1	262.0	270.0	0.0	0.1	40.3	0.0	0.1	0.0	270.0	262.0	1.3	0.7	266.9	266.0	271.9	272.0	271.3	278.9	100.4	53.0	2.2	68.8	274.0	272.0	40.0	69.5	7.9	40.9	0.0	38.9	.Autoclave.Outputs.PRESSIP\OutputValue	-6.0	8.1	1.9	-1.0	0.0	-1.0	-1.0	-1.0	0.0	0.0	0.0	-1.0	-1.0	0.0	0.0	0.0	-1.0	0.0
23:49:13	54.0	267.9	268.6	269.2	265.8	262.9	269.8	0.0	0.1	40.3	0.0	0.1	0.0	269.8	262.9	2.0	-0.2	267.4	266.3	271.3	271.3	270.7	277.9	100.4	54.0	3.2	67.8	274.0	272.0	40.0	74.3	8.1	41.1	0.0	48.6	.Autoclave.Outputs.PRESSIP\OutputValue	-6.0	7.0	1.5	-1.0	0.0	-1.0	-1.0	-1.0	0.0	0.0	0.0	-1.0	-1.0	0.0	0.0	0.0	-1.0	0.0
23:50:13	55.0	268.1	269.1	269.6	266.5	263.9	270.4	0.0	0.0	40.3	0.0	0.0	0.0	270.4	263.9	1.0	-9.8	267.9	267.1	271.8	271.8	271.1	278.1	100.4	55.0	4.2	66.8	273.9	272.0	40.0	69.1	8.2	40.9	0.0	38.3	.Autoclave.Outputs.PRESSIP\OutputValue	-6.0	6.6	1.4	-1.0	0.0	-1.0	-1.0	-1.0	0.0	0.0	0.0	-1.0	-1.0	0.0	0.0	0.0	-1.0	0.0
23:51:13	56.0	268.8	269.6	270.1	267.1	264.7	270.7	0.0	0.1	40.1	0.0	0.1	0.0	270.7	264.7	9.5	0.2	268.5	267.7	271.4	271.4	270.8	273.6	100.4	56.0	5.2	65.8	273.5	272.0	40.0	69.2	8.3	42.6	0.0	38.4	.Autoclave.Outputs.PRESSIP\OutputValue	-6.0	6.1	0.7	-1.0	0.0	-1.0	-1.0	-1.0	0.0	0.0	0.0	-1.0	-1.0	0.0	0.0	0.0	-1.0	0.0
23:52:13	57.0	269.4	269.6	269.8	267.2	265.0	269.8	0.0	0.0	40.2	0.0	0.0	0.0	269.8	265.0	2.6	-1.4	268.5	267.4	270.5	270.5	269.9	274.9	100.4	57.0	6.2	64.8	274.2	272.0	40.0	80.2	8.6	42.4	0.0	60.3	.Autoclave.Outputs.PRESSIP\OutputValue	-6.0	4.9	0.7	-1.0	0.0	-1.0	-1.0	-1.0	0.0	0.0	0.0	-1.0	-1.0	0.0	0.0	0.0	-1.0	0.0
23:53:13	58.0	269.6	270.0	270.4	267.9	266.0	270.4	0.0	0.1	40.3	0.0	0.1	0.0	270.4	266.0	1.0	-1.5	269.1	268.2	271.6	271.5	270.9	277.5	100.4	58.0	7.2	63.8	273.6	272.0	40.0	70.1	8.8	40.9	0.0	40.3	.Autoclave.Outputs.PRESSIP\OutputValue	-6.0	4.5	1.2	-1.0	0.0	-1.0	-1.0	-1.0	0.0	0.0	0.0	-1.0	-1.0	0.0	0.0	0.0	-1.0	0.0
23:54:13	59.0	270.2	270.5	270.7	268.7	267.0	270.8	0.0	0.1	40.4	0.0	0.1	0.0	270.8	267.0	0.8	0.3	269.7	268.9	273.2	273.2	272.7	278.7	100.4	59.0	8.2	62.8	273.0	272.0	40.0	54.8	8.8	40.3	0.0	9.7	.Autoclave.Outputs.PRESSIP\OutputValue	-6.0	3.9	2.4	-1.0	0.0	-1.0	-1.0	-1.0	0.0	0.0	0.0	-1.0	-1.0	0.0	0.0	0.0	-1.0	0.0
23:55:13	60.0	269.9	270.7	271.0	269.0	267.4	270.9	0.0	0.1	40.0	0.0	0.1	0.0	271.0	267.4	0.6	0.3	269.8	269.2	271.8	271.8	271.3	270.8	100.3	60.0	9.2	61.8	272.9	272.0	40.0	64.1	8.8	43.5	0.0	28.3	.Autoclave.Outputs.PRESSIP\OutputValue	-6.0	3.6	0.9	-1.0	0.0	-1.0	-1.0	-1.0	0.0	0.0	0.0	-1.0	-1.0	0.0	0.0	0.0	-1.0	0.0
23:56:13	61.0	269.3	270.0	270.5	268.3	267.1	269.7	0.0	0.1	40.2	0.0	0.1	0.0	270.5	267.1	-0.3	-1.4	269.2	268.8	267.8	267.8	267.3	273.5	100.3	61.0	10.2	60.8	273.7	272.0	40.0	97.1	9.1	41.9	0.0	94.2	.Autoclave.Outputs.PRESSIP\OutputValue	-5.9	3.4	-2.6	-1.0	0.0	-1.0	-1.0	-1.0	0.0	0.0	0.0	-1.0	-1.0	0.0	0.0	0.0	-1.0	0.0
23:57:13	62.0	270.4	270.6	270.6	269.3	267.9	270.6	0.0	0.1	40.3	0.0	0.1	0.0	270.6	267.9	0.7	0.3	269.9	269.2	272.2	272.2	271.7	277.0	100.2	62.0	11.2	59.8	273.3	272.0	40.0	64.9	9.3	41.1	0.0	29.7	.Autoclave.Outputs.PRESSIP\OutputValue	-6.0	2.8	1.6	-1.0	0.0	-1.0	-1.0	-1.0	0.0	0.0	0.0	-1.0	-1.0	0.0	0.0	0.0	-1.0	0.0
23:58:13	63.0	269.2	270.2	270.5	268.8	267.8	269.8	0.0	0.1	40.1	-0.4	0.1	0.0	270.5	267.8	0.2	-0.6	269.4	269.1	269.1	269.2	268.5	271.3	100.2	63.0	12.2	58.8	273.5	272.0	40.0	86.9	9.5	42.8	0.0	73.8	.Autoclave.Outputs.PRESSIP\OutputValue	-6.0	2.7	-1.3	-1.0	0.0	-1.0	-1.0	-1.0	0.0	0.0	0.0	-1.0	-1.0	0.0	0.0	0.0	-1.0	0.0
23:59:13	64.0	269.9	270.3	270.5	269.0	268.1	270.0	-0.1	0.1	40.1	0.0	0.1	-0.1	270.5	268.1	0.3	-10.0	269.6	269.3	270.4	270.4	269.7	271.3	100.2	64.0	13.2	57.8	273.5	272.0	40.0	77.2	9.8	43.0	0.0	54.3	.Autoclave.Outputs.PRESSIP\OutputValue	-6.0	2.4	0.0	-1.0	0.0	-1.0	-1.0	-1.0	0.0	0.0	0.0	-1.0	-1.0	0.0	0.0	0.0	-1.0	0.0
00:00:13	65.0	270.1	270.6	270.9	269.6	268.7	270.5	0.0	0.1	40.3	0.0	0.1	0.0	270.9	268.7	18.1	0.2	270.1	269.8	272.7	272.7	272.1	277.3	100.3	65.0	14.2	56.8	273.1	272.0	40.0	61.3	10.0	40.7	0.0	22.7	.Autoclave.Outputs.PRESSIP\OutputValue	-6.0	2.2	1.9	-1.0	0.0	-1.0	-1.0	-1.0	0.0	0.0	0.0	-1.0	-1.0	0.0	0.0	0.0	-1.0	0.0
00:01:13	66.0	269.6	270.5	270.9	269.7	268.5	270.2	0.0	0.1	40.4	0.0	0.1	0.0	270.9	268.5	0.2	-9.5	269.9	269.7	271.7	271.7	271.3	278.9	100.2	66.0	15.2	55.8	273.3	272.0	40.0	69.5	10.2	39.8	0.0	39.1	.Autoclave.Outputs.PRESSIP\OutputValue	-6.0	2.4	0.9	-1.0	0.0	-1.0	-1.0	-1.0	0.0	0.0	0.0	-1.0	-1.0	0.0	0.0	0.0	-1.0	0.0
00:02:13	67.0	270.3	270.9	271.3	270.0	269.3	270.9	0.0	0.1	39.9	0.0	0.1	0.0	271.3	269.3	1.6	0.4	270.5	270.3	272.0	272.0	271.5	267.4	100.1	67.0	16.2	54.8	272.8	272.0	40.0	61.8	10.2	44.9	0.0	23.5	.Autoclave.Outputs.PRESSIP\OutputValue	-6.0	2.0	0.8	-1.0	0.0	-1.0	-1.0	-1.0	0.0	0.0	0.0	-1.0	-1.0	0.0	0.0	0.0	-1.0	0.0
00:03:13	68.0	269.5	270.5	270.9	269.9	269.2	270.2	0.0	0.1	40.4	0.0	0.1	0.0	270.9	269.2	-0.1	-0.7	270.0	270.0	271.3	271.4	271.0	277.3	100.3	68.0	17.2	53.8	273.1	272.0	40.0	71.2	10.5	40.5	0.0	42.4	.Autoclave.Outputs.PRESSIP\OutputValue	-6.0	1.7	0.5	-1.0	0.0	-1.0	-1.0	-1.0	0.0	0.0	0.0	-1.0	-1.0	0.0	0.0	0.0	-1.0	0.0
00:04:13	69.0	270.1	270.5	270.8	269.8	269.4	269.9	0.0	0.1	40.3	0.0	0.1	0.0	270.8	269.4	0.9	-0.3	270.1	270.1	270.3	270.3	269.8	274.3	100.3	69.0	18.2	52.8	273.2	272.0	40.0	78.7	10.6	41.7	0.0	57.4	.Autoclave.Outputs.PRESSIP\OutputValue	-6.0	1.4	-0.4	-1.0	0.0	-1.0	-1.0	-1.0	0.0	0.0	0.0	-1.0	-1.0	0.0	0.0	0.0	-1.0	0.0
00:05:13	70.0	269.6	270.5	270.9	269.9	269.4	270.3	-0.1	0.1	40.3	0.0	0.1	-0.1	270.9	269.4	0.5	-0.7	270.1	270.1	271.1	271.1	270.5	274.3	100.2	70.0	19.2	51.8	273.0	272.0	40.0	71.5	10.8	41.3	0.0	43.0	.Autoclave.Outputs.PRESSIP\OutputValue	-6.0	1.5	0.3	-1.0	0.0	-1.0	-1.0	-1.0	0.0	0.0	0.0	-1.0	-1.0	0.0	0.0	0.0	-1.0	0.0
00:06:13	71.0	270.0	270.3	270.7	269.7	269.4	270.0	0.0	0.1	40.2	0.0	0.1	0.0	270.7	269.4	-0.1	-0.7	270.0	270.0	269.8	269.7	269.4	273.6	100.2	71.0	20.2	50.8	273.4	272.0	40.0	82.4	11.0	41.5	0.0	64.8	.Autoclave.Outputs.PRESSIP\OutputValue	-6.0	1.3	-0.8	-1.0	0.0	-1.0	-1.0	-1.0	0.0	0.0	0.0	-1.0	-1.0	0.0	0.0	0.0	-1.0	0.0
00:07:13	72.0	269.9	270.3	271.1	269.9	269.5	270.0	0.0	0.1	40.2	0.0	0.1	0.0	271.1	269.5	0.9	-0.1	270.1	270.3	270.6	270.6	270.0	273.1	100.2	72.0	21.2	49.8	273.1	272.0	40.0	76.6	11.2	41.9	0.0	53.2	.Autoclave.Outputs.PRESSIP\OutputValue	-6.0	1.6	-0.4	-1.0	0.0	-1.0	-1.0	-1.0	0.0	0.0	0.0	-1.0	-1.0	0.0	0.0	0.0	-1.0	0.0
00:08:13	73.0	269.7	269.9	270.7	269.6	269.4	269.7	0.0	0.1	40.3	0.0	0.1	0.0	270.7	269.4	-0.1	-0.6	269.8	270.0	269.6	269.6	269.0	274.4	100.3	73.0	22.2	48.8	273.3	272.0	40.0	84.2	11.5	40.7	0.0	68.3	.Autoclave.Outputs.PRESSIP\OutputValue	-6.0	1.3	-1.0	-1.0	0.0	-1.0	-1.0	-1.0	0.0	0.0	0.0	-1.0	-1.0	0.0	0.0	0.0	-1.0	0.0
00:09:13	74.0	269.7	270.3	270.9	269.5	269.7	270.2	0.0	0.1	40.1	0.0	0.1	0.0	270.9	269.5	0.6	-1.6	270.1	270.2	271.3	271.3	270.6	271.3	100.2	74.0	23.2	47.8	272.9	272.0	40.0	69.0	11.6	42.6	0.0	38.0	.Autoclave.Outputs.PRESSIP\OutputValue	-6.0	1.3	0.5	-1.0	0.0	-1.0	-1.0	-1.0	0.0	0.0	0.0	-1.0	-1.0	0.0	0.0	0.0	-1.0	0.0
00:10:13	75.0	269.9	270.1	270.7	269.8	269.6	269.8	0.0	0.1	40.3	0.0	0.1	0.0	270.7	269.6	1.7	-0.4	270.0	270.1	270.3	270.3	269.6	273.5	100.4	75.0	24.2	46.8	273.3	272.0	40.0	79.9	11.8	41.3	0.0	59.7	.Autoclave.Outputs.PRESSIP\OutputValue	-6.0	1.1	-0.3	-1.0	0.0	-1.0	-1.0	-1.0	0.0	0.0	0.0	-1.0	-1.0	0.0	0.0	0.0	-1.0	0.0
00:11:13	76.0	270.6	270.5	270.9	270.3	270.0	270.3	0.0	0.1	40.5	0.0	0.1	0.0	270.9	270.0	1.1	-0.2	270.4	270.4	272.7	272.7	272.0	279.6	100.4	76.0	25.2	45.8	273.1	272.0	40.0	62.0	12.0	39.0	0.0	24.1	.Autoclave.Outputs.PRESSIP\OutputValue	-6.0	0.9	1.9	-1.0	0.0	-1.0	-1.0	-1.0	0.0	0.0	0.0	-1.0	-1.0	0.0	0.0	0.0	-1.0	0.0
00:12:13	77.0	270.5	270.3	271.2	269.9	269.8	270.3	0.0	0.1	40.0	0.0	0.1	0.0	271.2	269.8	1.1	-0.3	270.3	270.5	269.5	269.5	268.7	264.8	100.4	77.0	26.2	44.8	273.1	272.0	40.0	82.0	12.0	44.5	0.0	64.1	.Autoclave.Outputs.PRESSIP\OutputValue	-6.0	1.4	-1.6	-1.0	0.0	-1.0	-1.0	-1.0	0.0	0.0	0.0	-1.0	-1.0	0.0	0.0	0.0	-1.0	0.0
00:13:13	78.0	270.6	270.5	271.0	270.4	270.0	270.3	0.0	0.1	40.5	0.0	0.1	0.0	271.0	270.0	0.3	-0.3	270.5	270.5	272.2	272.2	271.5	278.0	100.3	78.0	27.2	43.8	273.0	272.0	40.0	66.3	12.3	39.4	0.0	32.6	.Autoclave.Outputs.PRESSIP\OutputValue	-6.0	1.0	1.3	-1.0	0.0	-1.0	-1.0	-1.0	0.0	0.0	0.0	-1.0	-1.0	0.0	0.0	0.0	-1.0	0.0
00:14:13	79.0	270.9	270.8	271.3	270.8	271.0	270.6	0.0	0.0	39.8	0.0	0.0	0.0	271.3	270.6	0.5	0.3	270.9	270.9	272.5	272.3	271.5	265.1	100.2	79.0	28.2	42.8	273.1	272.0	40.0	61.8	12.3	45.2	0.0	23.6	.Autoclave.Outputs.PRESSIP\OutputValue	-6.0	0.6	1.3	-1.0	0.0	-1.0	-1.0	-1.0	0.0	0.0	0.0	-1.0	-1.0	0.0	0.0	0.0	-1.0	0.0
00:15:13	80.0	270.5	270.5	270.7	269.6	270.1	270.0	0.0	0.1	40.5	0.0	0.1	0.0	270.7	269.6	-0.1	-1.3	270.2	270.2	271.8	271.8	271.1	278.0	100.4	80.0	29.2	41.8	273.2	272.0	40.0	70.6	12.6	39.2	0.0	41.2	.Autoclave.Outputs.PRESSIP\OutputValue	-6.0	1.0	1.2	-1.0	0.0	-1.0	-1.0	-1.0	0.0	0.0	0.0	-1.0	-1.0	0.0	0.0	0.0	-1.0	0.0
00:16:13	81.0	271.0	270.8	271.0	269.5	271.2	270.6	0.0	0.1	39.8	0.0	0.1	0.0	271.2	269.5	1.1	0.4	270.7	270.4	272.0	271.7	270.8	263.7	100.2	81.0	30.2	40.8	272.7	272.0	40.0	64.0	12.6	45.4	0.0	27.9	.Autoclave.Outputs.PRESSIP\OutputValue	-6.0	1.6	0.9	-1.0	0.0	-1.0	-1.0	-1.0	0.0	0.0	0.0	-1.0	-1.0	0.0	0.0	0.0	-1.0	0.0
00:17:13	82.0	270.2	270.5	270.7	270.0	268.8	270.4	0.0	0.1	40.4	0.0	0.1	0.0	270.7	268.8	-0.1	-1.0	270.1	269.7	271.9	271.9	271.2	277.4	100.4	82.0	31.2	39.8	272.6	272.0	40.0	65.6	12.9	39.8	0.0	31.2	.Autoclave.Outputs.PRESSIP\OutputValue	-6.0	1.9	1.3	-1.0	0.0	-1.0	-1.0	-1.0	0.0	0.0	0.0	-1.0	-1.0	0.0	0.0	0.0	-1.0	0.0
00:18:13	83.0	269.3	269.9	270.3	269.0	269.5	269.3	0.0	0.1	40.4	0.0	0.1	0.0	270.3	269.0	0.0	-0.9	269.6	269.7	268.2	268.2	267.5	274.1	100.6	83.0	32.2	38.8	273.8	272.0	40.0	96.7	11.3	40.3	0.0	93.4	.Autoclave.Outputs.PRESSIP\OutputValue	-6.0	1.2	-2.0	-1.0	0.0	-1.0	-1.0	-1.0	0.0	0.0	0.0	-1.0	-1.0	0.0	0.0	0.0	-1.0	0.0
00:19:13	84.0	269.4	269.9	270.0	269.0	270.0	269.3	0.0	0.1	40.3	0.0	0.1	0.0	270.0	269.0	12.6	-0.3	269.6	269.5	268.6	268.6	267.9	272.4	100.5	84.0	33.2	37.8	273.8	272.0	40.0	94.3	11.6	41.1	0.0	88.7	.Autoclave.Outputs.PRESSIP\OutputValue	-6.0	0.9	-1.3	-1.0	0.0	-1.0	-1.0	-1.0	0.0	0.0	0.0	-1.0	-1.0	0.0	0.0	0.0	-1.0	0.0
00:20:13	85.0	270.4	270.1	270.3	270.0	270.3	269.6	0.0	0.0	40.4	0.0	0.0	0.0	270.4	269.6	0.9	-11.1	270.1	270.0	270.4	270.4	269.7	275.0	100.5	85.0	34.2	36.8	273.5	272.0	40.0	80.0	11.9	40.3	0.0	59.9	.Autoclave.Outputs.PRESSIP\OutputValue	-6.0	0.8	0.0	-1.0	0.0	-1.0	-1.0	-1.0	0.0	0.0	0.0	-1.0	-1.0	0.0	0.0	0.0	-1.0	0.0
00:21:13	86.0	270.3	270.3	268.8	269.9	269.9	269.8	0.0	0.1	40.3	0.0	0.1	0.0	270.3	268.8	0.6	-0.8	269.8	269.5	270.8	270.7	270.0	273.8	100.5	86.0	35.2	35.8	273.4	272.0	40.0	77.7	12.1	40.9	0.0	55.3	.Autoclave.Outputs.PRESSIP\OutputValue	-6.0	1.6	0.5	-1.0	0.0	-1.0	-1.0	-1.0	0.0	0.0	0.0	-1.0	-1.0	0.0	0.0	0.0	-1.0	0.0
00:22:13	87.0	270.4	270.8	270.9	270.7	270.4	270.7	0.0	0.1	40.5	0.0	0.1	0.0	270.9	270.4	1.2	-2.1	270.7	270.6	273.4	273.5	272.7	279.5	100.5	87.0	36.2	34.8	273.0	272.0	40.0	57.6	12.2	38.5	0.0	15.1	.Autoclave.Outputs.PRESSIP\OutputValue	-6.0	0.5	2.6	-1.0	0.0	-1.0	-1.0	-1.0	0.0	0.0	0.0	-1.0	-1.0	0.0	0.0	0.0	-1.0	0.0
00:23:13	88.0	270.2	270.3	270.3	269.5	270.1	269.6	0.0	0.1	40.4	0.0	0.1	0.0	270.3	269.5	1.2	-1.5	270.0	269.9	269.9	269.9	269.3	276.3	100.6	88.0	37.2	33.8	273.7	272.0	40.0	85.6	12.4	39.8	0.0	71.1	.Autoclave.Outputs.PRESSIP\OutputValue	-6.0	0.8	-0.4	-1.0	0.0	-1.0	-1.0	-1.0	0.0	0.0	0.0	-1.0	-1.0	0.0	0.0	0.0	-1.0	0.0
00:24:13	89.0	270.4	270.0	270.0	269.5	269.8	269.6	0.0	0.0	40.0	0.0	0.0	0.0	270.4	269.5	0.7	-1.3	269.9	270.0	268.7	268.5	267.9	266.0	100.4	89.0	38.2	32.8	273.5	272.0	40.0	88.4	12.5	44.3	0.0	76.8	.Autoclave.Outputs.PRESSIP\OutputValue	-6.0	0.9	-1.7	-1.0	0.0	-1.0	-1.0	-1.0	0.0	0.0	0.0	-1.0	-1.0	0.0	0.0	0.0	-1.0	0.0
00:25:13	90.0	269.9	270.3	270.5	269.8	270.4	270.0	-0.1	0.0	40.3	0.0	0.0	-0.1	270.5	269.8	0.8	-1.2	270.2	270.2	271.7	271.7	271.0	274.0	100.6	90.0	39.2	31.8	273.5	272.0	40.0	70.8	12.2	40.7	0.0	41.7	.Autoclave.Outputs.PRESSIP\OutputValue	-6.0	0.6	1.3	-1.0	0.0	-1.0	-1.0	-1.0	0.0	0.0	0.0	-1.0	-1.0	0.0	0.0	0.0	-1.0	0.0
00:26:13	91.0	269.8	270.1	270.3	270.0	269.9	269.7	0.0	0.1	40.1	0.0	0.1	0.0	270.3	269.7	0.9	-0.1	270.0	270.0	269.6	269.6	268.8	267.4	100.4	91.0	40.2	30.8	273.6	272.0	40.0	86.3	12.3	43.4	0.0	72.6	.Autoclave.Outputs.PRESSIP\OutputValue	-6.0	0.5	-0.6	-1.0	0.0	-1.0	-1.0	-1.0	0.0	0.0	0.0	-1.0	-1.0	0.0	0.0	0.0	-1.0	0.0
00:27:13	92.0	269.8	270.3	270.5	269.8	270.6	269.8	0.0	0.1	40.3	0.0	0.1	0.0	270.6	269.8	0.2	-1.0	270.1	270.2	271.5	271.5	270.7	273.0	100.5	92.0	41.2	29.8	273.5	272.0	40.0	73.9	12.5	41.3	0.0	47.8	.Autoclave.Outputs.PRESSIP\OutputValue	-6.0	0.8	1.0	-1.0	0.0	-1.0	-1.0	-1.0	0.0	0.0	0.0	-1.0	-1.0	0.0	0.0	0.0	-1.0	0.0
00:28:13	93.0	270.1	270.1	270.3	269.5	270.2	269.8	0.0	0.1	40.3	0.0	0.1	0.0	270.3	269.5	0.1	-1.3	270.0	269.9	270.6	270.6	269.8	273.4	100.5	93.0	42.2	28.8	273.3	272.0	40.0	78.8	12.7	40.7	0.0	57.6	.Autoclave.Outputs.PRESSIP\OutputValue	-6.0	0.7	0.4	-1.0	0.0	-1.0	-1.0	-1.0	0.0	0.0	0.0	-1.0	-1.0	0.0	0.0	0.0	-1.0	0.0
00:29:13	94.0	270.3	270.3	270.4	269.9	269.8	270.1	0.0	0.0	40.4	0.0	0.0	0.0	270.4	269.8	1.6	-0.1	270.1	270.1	271.3	271.3	270.7	276.9	100.6	94.0	43.2	27.8	273.6	272.0	40.0	75.5	13.0	39.6	0.0	50.9	.Autoclave.Outputs.PRESSIP\OutputValue	-6.0	0.6	1.0	-1.0	0.0	-1.0	-1.0	-1.0	0.0	0.0	0.0	-1.0	-1.0	0.0	0.0	0.0	-1.0	0.0
00:30:13	95.0	270.3	270.5	270.7	270.3	270.2	270.2	0.0	0.1	40.4	0.0	0.1	0.0	270.7	270.2	1.2	-0.8	270.4	270.4	271.8	271.8	271.1	275.7	100.6	95.0	44.2	26.8	273.5	272.0	40.0	71.1	13.1	40.0	0.0	42.2	.Autoclave.Outputs.PRESSIP\OutputValue	-6.0	0.5	1.2	-1.0	0.0	-1.0	-1.0	-1.0	0.0	0.0	0.0	-1.0	-1.0	0.0	0.0	0.0	-1.0	0.0
00:31:13	96.0	270.5	270.5	270.5	270.0	270.3	270.0	0.0	0.1	40.2	0.0	0.1	0.0	270.5	270.0	4.8	-0.7	270.3	270.3	271.3	271.2	270.5	272.4	100.7	96.0	45.2	25.8	273.2	272.0	40.0	72.4	13.2	41.7	0.0	44.8	.Autoclave.Outputs.PRESSIP\OutputValue	-6.0	0.5	0.8	-1.0	0.0	-1.0	-1.0	-1.0	0.0	0.0	0.0	-1.0	-1.0	0.0	0.0	0.0	-1.0	0.0
00:32:13	97.0	270.6	270.6	270.6	270.0	270.2	270.2	-0.1	0.1	40.3	0.0	0.1	-0.1	270.6	270.0	4.2	-0.5	270.4	270.3	272.3	272.3	271.5	275.8	100.6	97.0	46.2	24.8	273.3	272.0	40.0	65.3	13.5	40.2	0.0	30.6	.Autoclave.Outputs.PRESSIP\OutputValue	-6.0	0.6	1.7	-1.0	0.0	-1.0	-1.0	-1.0	0.0	0.0	0.0	-1.0	-1.0	0.0	0.0	0.0	-1.0	0.0
00:33:13	98.0	269.8	270.3	270.0	270.1	270.3	269.8	0.0	0.1	40.4	0.0	0.1	0.0	270.3	269.8	0.2	-9.7	270.1	270.1	270.7	270.7	269.8	275.3	100.7	98.0	47.2	23.8	273.7	272.0	40.0	81.9	13.7	39.8	0.0	63.9	.Autoclave.Outputs.PRESSIP\OutputValue	-6.0	0.5	0.4	-1.0	0.0	-1.0	-1.0	-1.0	0.0	0.0	0.0	-1.0	-1.0	0.0	0.0	0.0	-1.0	0.0
00:34:13	99.0	269.5	270.0	269.8	269.9	270.0	269.5	0.0	0.1	40.5	0.0	0.1	0.0	270.0	269.5	0.7	-0.6	269.8	269.8	270.0	270.2	269.4	277.8	100.7	99.0	48.2	22.8	274.0	272.0	40.0	88.2	14.0	38.8	0.0	76.4	.Autoclave.Outputs.PRESSIP\OutputValue	-6.0	0.5	0.0	-1.0	0.0	-1.0	-1.0	-1.0	0.0	0.0	0.0	-1.0	-1.0	0.0	0.0	0.0	-1.0	0.0
00:35:13	100.0	269.8	270.0	269.9	269.5	269.7	269.6	0.0	0.1	40.3	0.0	0.1	0.0	270.0	269.5	0.4	0.1	269.8	269.8	270.0	269.9	269.3	272.5	100.7	100.0	49.2	21.8	273.7	272.0	40.0	87.8	14.2	40.9	0.0	75.5	.Autoclave.Outputs.PRESSIP\OutputValue	-6.0	0.5	0.0	-1.0	0.0	-1.0	-1.0	-1.0	0.0	0.0	0.0	-1.0	-1.0	0.0	0.0	0.0	-1.0	0.0
00:36:13	101.0	270.0	270.2	269.6	270.2	270.2	269.5	0.0	0.1	40.3	0.0	0.1	0.0	270.2	269.5	0.4	-0.3	270.0	269.9	270.9	270.9	270.1	273.0	100.6	101.0	50.2	20.8	273.8	272.0	40.0	81.3	14.4	40.5	0.0	62.6	.Autoclave.Outputs.PRESSIP\OutputValue	-6.0	0.7	0.7	-1.0	0.0	-1.0	-1.0	-1.0	0.0	0.0	0.0	-1.0	-1.0	0.0	0.0	0.0	-1.0	0.0
00:37:13	102.0	270.2	270.4	270.0	269.5	270.4	270.0	0.0	0.1	40.5	0.0	0.1	0.0	270.4	269.5	0.3	-0.5	270.1	270.0	272.2	272.2	271.5	278.5	100.8	102.0	51.2	19.8	273.6	272.0	40.0	72.2	14.6	38.7	0.0	44.4	.Autoclave.Outputs.PRESSIP\OutputValue	-6.0	0.9	1.8	-1.0	0.0	-1.0	-1.0	-1.0	0.0	0.0	0.0	-1.0	-1.0	0.0	0.0	0.0	-1.0	0.0
00:38:13	103.0	269.4	270.1	269.7	270.0	270.0	269.6	-0.1	0.1	40.6	0.0	0.1	-0.1	270.1	269.4	0.2	-0.6	269.8	269.8	270.9	270.9	270.2	278.7	100.7	103.0	52.2	18.8	273.9	272.0	40.0	83.1	14.8	38.5	0.0	66.1	.Autoclave.Outputs.PRESSIP\OutputValue	-6.0	0.7	0.8	-1.0	0.0	-1.0	-1.0	-1.0	0.0	0.0	0.0	-1.0	-1.0	0.0	0.0	0.0	-1.0	0.0
00:39:13	104.0	270.1	270.3	269.9	270.0	270.0	270.0	0.0	0.1	40.4	0.0	0.1	0.0	270.3	269.9	0.7	-0.1	270.1	270.1	271.2	271.3	270.5	274.7	100.8	104.0	53.2	17.8	273.7	272.0	40.0	78.3	15.0	40.2	0.0	56.7	.Autoclave.Outputs.PRESSIP\OutputValue	-6.0	0.5	0.9	-1.0	0.0	-1.0	-1.0	-1.0	0.0	0.0	0.0	-1.0	-1.0	0.0	0.0	0.0	-1.0	0.0
00:40:13	105.0	270.1	270.3	270.0	269.4	269.0	270.1	-0.1	0.1	40.4	0.0	0.1	-0.1	270.3	269.0	0.8	-2.7	269.8	269.6	271.0	270.9	270.2	274.7	100.7	105.0	54.2	16.8	273.3	272.0	40.0	80.7	15.1	40.3	0.0	61.4	.Autoclave.Outputs.PRESSIP\OutputValue	-6.0	1.4	0.7	-1.0	0.0	-1.0	-1.0	-1.0	0.0	0.0	0.0	-1.0	-1.0	0.0	0.0	0.0	-1.0	0.0
00:41:13	106.0	270.2	270.3	270.0	270.8	269.8	269.6	0.0	0.1	40.3	-0.3	0.1	0.0	270.8	269.6	3.4	-1.2	270.1	270.2	270.5	270.4	269.7	272.7	100.6	106.0	55.2	15.8	273.5	272.0	40.0	83.5	15.3	40.7	0.0	67.1	.Autoclave.Outputs.PRESSIP\OutputValue	-6.0	1.2	-0.3	-1.0	0.0	-1.0	-1.0	-1.0	0.0	0.0	0.0	-1.0	-1.0	0.0	0.0	0.0	-1.0	0.0
00:42:13	107.0	270.3	270.5	270.1	270.8	270.4	270.3	-0.1	0.0	40.4	0.0	0.0	-0.1	270.8	270.1	0.6	-0.1	270.4	270.4	271.6	271.6	270.8	275.0	100.7	107.0	56.2	14.8	273.5	272.0	40.0	75.7	15.5	40.2	0.0	51.4	.Autoclave.Outputs.PRESSIP\OutputValue	-6.0	0.8	0.8	-1.0	0.0	-1.0	-1.0	-1.0	0.0	0.0	0.0	-1.0	-1.0	0.0	0.0	0.0	-1.0	0.0
00:43:13	108.0	270.4	270.5	270.2	270.2	270.2	270.2	0.0	0.1	40.2	0.0	0.1	0.0	270.5	270.2	0.4	-0.3	270.3	270.4	270.6	270.6	269.9	269.8	100.6	108.0	57.2	13.8	273.3	272.0	40.0	80.9	15.6	42.0	0.0	61.9	.Autoclave.Outputs.PRESSIP\OutputValue	-6.0	0.4	0.1	-1.0	0.0	-1.0	-1.0	-1.0	0.0	0.0	0.0	-1.0	-1.0	0.0	0.0	0.0	-1.0	0.0
00:44:13	109.0	270.8	270.8	270.9	271.1	270.6	270.7	-0.1	0.1	40.6	0.0	0.1	-0.1	271.1	270.6	0.5	-0.3	270.8	270.8	273.0	272.9	272.1	278.8	100.6	109.0	58.2	12.8	273.2	272.0	40.0	64.6	15.7	38.5	0.0	29.3	.Autoclave.Outputs.PRESSIP\OutputValue	-6.0	0.6	1.9	-1.0	0.0	-1.0	-1.0	-1.0	0.0	0.0	0.0	-1.0	-1.0	0.0	0.0	0.0	-1.0	0.0
00:45:13	110.0	270.4	270.3	270.5	269.6	270.4	270.0	0.0	0.1	40.4	0.0	0.1	0.0	270.5	269.6	0.4	-0.4	270.2	270.1	269.1	269.1	268.4	272.3	100.7	110.0	59.2	11.8	273.5	272.0	40.0	91.9	15.8	40.3	0.0	83.7	.Autoclave.Outputs.PRESSIP\OutputValue	-6.0	0.8	-1.3	-1.0	0.0	-1.0	-1.0	-1.0	0.0	0.0	0.0	-1.0	-1.0	0.0	0.0	0.0	-1.0	0.0
00:46:13	111.0	270.8	270.8	271.0	270.6	271.3	270.7	0.0	0.1	40.6	0.0	0.1	0.0	271.3	270.6	0.9	-0.2	270.9	271.0	272.8	272.8	272.1	279.3	100.7	111.0	60.2	10.8	273.1	272.0	40.0	65.3	16.0	38.1	0.0	30.7	.Autoclave.Outputs.PRESSIP\OutputValue	-6.0	0.6	1.6	-1.0	0.0	-1.0	-1.0	-1.0	0.0	0.0	0.0	-1.0	-1.0	0.0	0.0	0.0	-1.0	0.0
00:47:13	112.0	270.4	270.3	270.5	270.3	269.7	270.1	0.0	0.1	40.5	0.0	0.1	0.0	270.5	269.7	0.1	-1.3	270.2	270.1	269.9	270.0	269.2	277.3	100.8	112.0	61.2	9.8	273.4	272.0	40.0	88.2	16.1	38.7	0.0	76.4	.Autoclave.Outputs.PRESSIP\OutputValue	-6.0	0.8	-0.5	-1.0	0.0	-1.0	-1.0	-1.0	0.0	0.0	0.0	-1.0	-1.0	0.0	0.0	0.0	-1.0	0.0
00:48:13	113.0	270.9	271.0	271.1	270.8	270.5	271.0	-0.1	0.1	40.6	0.0	0.1	-0.1	271.1	270.5	1.0	0.5	270.9	270.8	273.4	273.5	272.6	279.8	100.8	113.0	62.2	8.8	272.9	272.0	40.0	60.9	16.2	37.7	0.0	21.8	.Autoclave.Outputs.PRESSIP\OutputValue	-6.0	0.6	2.4	-1.0	0.0	-1.0	-1.0	-1.0	0.0	0.0	0.0	-1.0	-1.0	0.0	0.0	0.0	-1.0	0.0
00:49:13	114.0	270.6	270.4	270.7	269.7	270.3	270.3	0.0	0.1	40.6	0.0	0.1	0.0	270.7	269.7	-0.4	-1.2	270.3	270.2	270.0	270.0	269.1	277.7	100.8	114.0	63.2	7.8	273.3	272.0	40.0	87.8	16.4	38.5	0.0	75.5	.Autoclave.Outputs.PRESSIP\OutputValue	-6.0	0.9	-0.6	-1.0	0.0	-1.0	-1.0	-1.0	0.0	0.0	0.0	-1.0	-1.0	0.0	0.0	0.0	-1.0	0.0
00:50:13	115.0	271.1	271.1	271.2	271.1	270.9	271.2	0.0	0.1	40.6	0.0	0.1	0.0	271.2	270.9	2.1	0.4	271.1	271.0	273.5	273.5	272.9	279.7	100.7	115.0	64.2	6.8	272.9	272.0	40.0	59.4	16.5	37.9	-1.0	18.7	.Autoclave.Outputs.PRESSIP\OutputValue	-6.0	0.4	2.3	-1.0	0.0	-1.0	-1.0	-1.0	0.0	0.0	0.0	-1.0	-1.0	0.0	0.0	0.0	-1.0	0.0
00:51:13	116.0	270.7	270.7	270.7	269.8	270.6	270.3	0.0	0.1	40.6	0.0	0.1	0.0	270.7	269.8	-0.4	-1.4	270.5	270.3	271.6	271.6	270.7	279.1	100.9	116.0	65.2	5.8	273.3	272.0	40.0	76.3	16.7	38.3	0.0	52.6	.Autoclave.Outputs.PRESSIP\OutputValue	-6.0	0.9	0.9	-1.0	0.0	-1.0	-1.0	-1.0	0.0	0.0	0.0	-1.0	-1.0	0.0	0.0	0.0	-1.0	0.0
00:52:13	117.0	271.0	271.2	271.2	271.7	271.5	270.8	-0.1	0.1	40.2	0.0	0.1	-0.1	271.7	270.8	0.9	0.4	271.2	271.3	273.5	273.4	272.6	270.6	100.6	117.0	66.2	4.8	272.7	272.0	40.0	59.6	16.7	42.0	-1.0	19.2	.Autoclave.Outputs.PRESSIP\OutputValue	-6.0	0.9	1.8	-1.0	0.0	-1.0	-1.0	-1.0	0.0	0.0	0.0	-1.0	-1.0	0.0	0.0	0.0	-1.0	0.0
00:53:13	118.0	270.9	270.8	270.9	269.6	269.6	270.3	0.0	0.1	40.6	0.0	0.1	0.0	270.9	269.6	0.0	-0.6	270.4	270.2	272.0	272.0	271.4	278.2	100.7	118.0	67.2	3.8	273.2	272.0	40.0	72.5	17.0	38.5	0.0	45.1	.Autoclave.Outputs.PRESSIP\OutputValue	-6.0	1.3	1.1	-1.0	0.0	-1.0	-1.0	-1.0	0.0	0.0	0.0	-1.0	-1.0	0.0	0.0	0.0	-1.0	0.0
00:54:13	119.0	269.9	270.5	270.6	270.4	270.7	270.0	0.0	0.0	40.5	0.0	0.0	0.0	270.7	269.9	-0.1	-1.5	270.4	270.3	270.2	270.2	269.6	276.3	100.6	119.0	68.2	2.8	273.4	272.0	40.0	86.5	17.1	38.8	0.0	72.9	.Autoclave.Outputs.PRESSIP\OutputValue	-6.0	0.8	-0.4	-1.0	0.0	-1.0	-1.0	-1.0	0.0	0.0	0.0	-1.0	-1.0	0.0	0.0	0.0	-1.0	0.0
00:55:14	120.1	269.7	270.0	269.8	269.8	270.6	269.6	-0.1	0.2	40.5	0.0	0.2	-0.1	270.6	269.6	0.4	-0.8	269.9	270.1	268.2	268.3	267.6	275.0	100.7	120.0	69.2	1.8	273.3	272.0	40.0	93.4	11.8	39.8	0.0	86.7	.Autoclave.Outputs.PRESSIP\OutputValue	-6.0	0.9	-2.3	-1.0	0.0	-1.0	-1.0	-1.0	0.0	0.0	0.0	-1.0	-1.0	0.0	0.0	0.0	-1.0	0.0
00:56:13	121.0	270.0	270.4	270.5	270.9	270.1	270.1	0.0	0.0	40.5	0.0	0.0	0.0	270.9	270.0	1.4	0.1	270.3	270.5	271.1	271.3	270.7	276.4	100.6	121.0	70.2	0.8	273.5	272.0	40.0	71.4	12.1	39.4	0.0	42.9	.Autoclave.Outputs.PRESSIP\OutputValue	-6.0	0.9	0.2	-1.0	0.0	-1.0	-1.0	-1.0	0.0	0.0	0.0	-1.0	-1.0	0.0	0.0	0.0	-1.0	0.0
00:57:04	121.9	269.4	270.1	270.2	270.1	270.3	269.7	-0.1	0.1	40.3	0.0	0.1	-0.1	270.3	269.4	1.9	-1.9	270.0	269.8	269.5	269.5	268.9	272.4	100.7	121.9	71.0	0.0	273.8	272.0	40.0	89.6	12.3	40.7	0.0	79.3	.Autoclave.Outputs.PRESSIP\OutputValue	-6.0	0.9	-0.8	-1.0	0.0	-1.0	-1.0	-1.0	0.0	0.0	0.0	-1.0	-1.0	0.0	0.0	0.0	-1.0	0.0
00:57:13	122.0	270.3	270.1	270.2	269.7	269.8	269.6	-0.1	0.1	40.3	0.0	0.1	-0.1	270.3	269.6	1.1	-0.6	270.0	270.0	269.9	270.0	269.3	273.7	100.7	122.0	0.2	0.0	271.3	271.3	40.0	69.5	12.3	40.5	0.0	39.1	.Autoclave.Outputs.PRESSIP\OutputValue	-6.0	0.7	-0.4	-1.0	0.0	-1.0	-1.0	-1.0	0.0	0.0	0.0	-1.0	-1.0	0.0	0.0	0.0	-1.0	0.0
00:58:13	123.0	269.7	269.8	269.8	269.6	270.5	269.1	0.0	0.1	40.2	0.0	0.1	0.0	270.5	269.1	0.0	-1.5	269.8	269.8	267.9	267.9	267.4	270.9	100.8	123.0	1.2	0.0	266.8	266.8	40.0	53.0	12.3	42.2	-1.0	6.1	.Autoclave.Outputs.PRESSIP\OutputValue	-6.0	1.3	-2.5	-1.0	0.0	-1.0	-1.0	-1.0	0.0	0.0	0.0	-1.0	-1.0	0.0	0.0	0.0	-1.0	0.0
00:59:13	124.0	267.8	268.0	268.2	267.6	268.3	266.6	0.0	0.1	39.9	0.0	0.1	0.0	268.3	266.6	-1.6	-2.7	267.8	267.4	261.1	261.1	260.6	265.5	100.6	124.0	2.2	0.0	262.3	262.3	40.0	68.5	12.4	45.6	0.0	37.0	.Autoclave.Outputs.PRESSIP\OutputValue	-5.4	1.6	-7.1	-1.0	0.0	-1.0	-1.0	-1.0	0.0	0.0	0.0	-1.0	-1.0	0.0	0.0	0.0	-1.0	0.0
01:00:13	125.0	266.1	266.2	266.5	265.7	266.6	264.0	-0.1	0.1	39.3	0.0	0.1	-0.1	266.6	264.0	-1.3	-2.0	265.9	265.3	254.8	254.8	254.1	252.8	100.4	125.0	3.2	0.0	257.8	257.8	40.0	80.5	12.5	52.2	0.0	60.9	.Autoclave.Outputs.PRESSIP\OutputValue	-4.5	2.5	-11.7	-1.0	0.0	-1.0	-1.0	-1.0	0.0	0.0	0.0	-1.0	-1.0	0.0	0.0	0.0	-1.0	0.0
01:01:13	126.0	264.6	264.8	265.0	264.3	265.3	262.0	-0.1	0.1	39.6	0.0	0.1	-0.1	265.3	262.0	-1.3	-2.0	264.3	263.6	252.6	252.6	252.2	242.7	100.4	126.0	4.2	0.0	253.3	253.3	40.0	64.6	12.5	50.1	0.0	29.2	.Autoclave.Outputs.PRESSIP\OutputValue	-3.4	3.2	-12.6	-1.0	0.0	-1.0	-1.0	-1.0	0.0	0.0	0.0	-1.0	-1.0	0.0	0.0	0.0	-1.0	0.0
01:02:13	127.0	262.7	262.6	262.7	262.3	263.6	259.8	0.0	0.1	39.9	0.0	0.1	0.0	263.6	259.8	-1.9	-3.0	262.3	261.7	250.2	250.2	249.5	250.8	100.2	127.0	5.2	0.0	248.8	248.8	40.0	51.4	12.6	47.4	-1.0	2.8	.Autoclave.Outputs.PRESSIP\OutputValue	-3.3	3.7	-13.3	-1.0	0.0	-1.0	-1.0	-1.0	0.0	0.0	0.0	-1.0	-1.0	0.0	0.0	0.0	-1.0	0.0
01:03:13	128.0	260.0	259.9	260.0	259.7	261.3	255.6	0.0	0.0	39.7	0.0	0.0	0.0	261.3	255.6	-2.2	-10.7	259.4	258.4	244.7	244.7	244.2	248.4	100.4	128.0	6.2	0.0	244.3	244.3	40.0	58.2	12.7	50.0	0.0	16.3	.Autoclave.Outputs.PRESSIP\OutputValue	-2.5	5.6	-16.5	-1.0	0.0	-1.0	-1.0	-1.0	0.0	0.0	0.0	-1.0	-1.0	0.0	0.0	0.0	-1.0	0.0
01:03:20	128.2	256.8	259.7	259.8	259.5	261.0	255.6	0.0	0.1	39.7	0.0	0.1	0.0	261.0	255.6	-0.7	-3.5	258.7	258.3	245.1	245.0	244.4	247.8	100.3	128.1	6.3	0.0	243.8	243.8	40.0	52.3	12.7	50.5	-1.0	4.6	.Autoclave.Outputs.PRESSIP\OutputValue	-2.5	5.3	-15.9	-1.0	0.0	-1.0	-1.0	-1.0	0.0	0.0	0.0	-1.0	-1.0	0.0	0.0	0.0	-1.0	0.0
01:04:13	129.0	257.8	257.0	256.9	256.8	258.7	252.3	0.0	0.0	40.2	0.0	0.0	0.0	258.7	252.3	9.0	-3.8	256.6	255.5	239.0	239.0	238.5	242.1	100.3	129.0	0.9	0.0	239.8	239.8	40.0	66.2	12.8	46.2	0.0	32.3	.Autoclave.Outputs.PRESSIP\OutputValue	-2.1	6.3	-19.6	-1.0	0.0	-1.0	-1.0	-1.0	0.0	0.0	0.0	-1.0	-1.0	0.0	0.0	0.0	-1.0	0.0
01:05:13	130.0	255.6	253.7	253.9	253.5	255.9	248.8	0.0	0.1	39.7	0.0	0.1	0.0	255.9	248.8	-2.7	-5.8	253.6	252.3	233.4	233.5	232.8	234.6	100.3	130.0	1.9	0.0	235.3	235.3	40.0	73.6	12.8	51.1	0.0	47.2	.Autoclave.Outputs.PRESSIP\OutputValue	-1.6	7.0	-22.5	-1.0	0.0	-1.0	-1.0	-1.0	0.0	0.0	0.0	-1.0	-1.0	0.0	0.0	0.0	-1.0	0.0
01:06:13	131.0	252.2	251.0	250.8	250.5	253.3	244.7	0.0	0.0	39.9	0.0	0.0	0.0	253.3	244.7	-2.6	-3.3	250.4	249.0	228.9	228.8	228.1	226.0	100.5	131.0	2.9	0.0	230.8	230.8	40.0	73.7	12.9	50.6	0.0	47.4	.Autoclave.Outputs.PRESSIP\OutputValue	-0.8	8.5	-24.4	-1.0	0.0	-1.0	-1.0	-1.0	0.0	0.0	0.0	-1.0	-1.0	0.0	0.0	0.0	-1.0	0.0
01:07:13	132.0	249.8	248.0	247.7	247.4	250.4	241.3	0.0	0.0	39.2	0.0	0.0	0.0	250.4	241.3	-1.5	-3.9	247.4	245.8	225.2	225.0	224.4	214.4	100.2	132.0	3.9	0.0	226.3	226.3	40.0	68.3	12.9	57.1	0.0	36.6	.Autoclave.Outputs.PRESSIP\OutputValue	-0.6	9.0	-25.2	-1.0	0.0	-1.0	-1.0	-1.0	0.0	0.0	0.0	-1.0	-1.0	0.0	0.0	0.0	-1.0	0.0
01:08:13	133.0	246.4	244.7	244.3	244.4	247.6	237.5	0.0	0.0	39.0	0.0	0.0	0.0	247.6	237.5	-3.2	-4.2	244.1	242.5	221.7	221.7	221.2	212.9	100.1	133.0	4.9	0.0	221.8	221.8	40.0	59.8	12.9	60.2	0.0	19.5	.Autoclave.Outputs.PRESSIP\OutputValue	0.3	10.0	-25.9	-1.0	0.0	-1.0	-1.0	-1.0	0.0	0.0	0.0	-1.0	-1.0	0.0	0.0	0.0	-1.0	0.0
01:09:13	134.0	242.7	241.2	240.7	241.1	244.4	233.9	-0.1	0.0	39.6	0.0	0.0	-0.1	244.4	233.9	-3.0	-3.6	240.7	239.1	218.7	218.5	217.9	212.3	100.2	134.0	5.9	0.0	217.3	217.3	40.0	51.7	12.9	54.1	-1.0	3.4	.Autoclave.Outputs.PRESSIP\OutputValue	0.4	10.4	-25.7	-1.0	0.0	-1.0	-1.0	-1.0	0.0	0.0	0.0	-1.0	-1.0	0.0	0.0	0.0	-1.0	0.0
01:10:13	135.0	239.1	237.5	237.0	237.5	241.1	229.6	0.0	0.0	39.5	0.0	0.0	0.0	241.1	229.6	-3.5	-5.1	237.0	235.3	214.4	214.3	213.7	211.8	100.2	135.0	6.9	0.0	212.8	212.8	40.0	50.5	13.0	56.1	-1.0	0.9	.Autoclave.Outputs.PRESSIP\OutputValue	1.1	11.4	-26.7	-1.0	0.0	-1.0	-1.0	-1.0	0.0	0.0	0.0	-1.0	-1.0	0.0	0.0	0.0	-1.0	0.0
01:11:13	136.0	235.9	234.0	233.2	233.7	237.7	225.4	0.0	0.0	39.3	0.0	0.0	0.0	237.7	225.4	-3.2	-4.1	233.3	231.5	209.9	209.9	209.2	208.7	100.3	136.0	7.9	0.0	208.3	208.3	40.0	50.6	13.0	59.5	-1.0	1.2	.Autoclave.Outputs.PRESSIP\OutputValue	2.4	12.3	-27.8	-1.0	0.0	-1.0	-1.0	-1.0	0.0	0.0	0.0	-1.0	-1.0	0.0	0.0	0.0	-1.0	0.0
01:12:13	137.0	232.4	230.1	229.4	230.7	233.7	221.4	0.0	0.0	39.6	0.0	0.0	0.0	233.7	221.4	-3.4	-4.2	229.6	227.5	205.4	205.3	204.6	204.4	100.4	137.0	8.9	0.0	203.8	203.8	40.0	50.5	13.0	56.3	-1.0	1.0	.Autoclave.Outputs.PRESSIP\OutputValue	3.2	12.3	-28.3	-1.0	0.0	-1.0	-1.0	-1.0	0.0	0.0	0.0	-1.0	-1.0	0.0	0.0	0.0	-1.0	0.0
01:13:13	138.0	228.2	226.2	225.4	226.1	230.5	217.2	0.0	0.0	39.3	0.0	0.0	0.0	230.5	217.2	-3.4	-4.4	225.6	223.8	201.0	200.9	200.3	198.5	100.1	138.0	9.9	0.0	199.3	199.3	40.0	50.0	13.0	61.4	-1.0	0.0	.Autoclave.Outputs.PRESSIP\OutputValue	4.3	13.3	-29.5	-1.0	0.0	-1.0	-1.0	-1.0	0.0	0.0	0.0	-1.0	-1.0	0.0	0.0	0.0	-1.0	0.0
01:14:13	139.0	224.9	222.4	221.6	222.2	226.9	212.6	0.0	0.1	39.7	0.0	0.1	0.0	226.9	212.6	0.5	-4.4	221.8	219.7	196.4	196.4	195.7	193.4	100.3	139.0	10.9	0.0	194.8	194.8	40.0	50.5	12.9	57.9	-1.0	0.9	.Autoclave.Outputs.PRESSIP\OutputValue	4.8	14.3	-30.5	-1.0	0.0	-1.0	-1.0	-1.0	0.0	0.0	0.0	-1.0	-1.0	0.0	0.0	0.0	-1.0	0.0
01:15:13	140.0	220.5	218.4	217.4	218.2	223.0	208.4	0.0	0.0	39.2	0.0	0.0	0.0	223.0	208.4	-4.0	-16.2	217.6	215.7	191.6	191.5	190.7	186.2	100.2	140.0	11.9	0.0	190.3	190.3	40.0	52.5	12.9	62.9	-1.0	5.1	.Autoclave.Outputs.PRESSIP\OutputValue	5.7	14.6	-31.4	-1.0	0.0	-1.0	-1.0	-1.0	0.0	0.0	0.0	-1.0	-1.0	0.0	0.0	0.0	-1.0	0.0
01:16:13	141.0	216.9	214.3	213.2	214.0	219.2	203.9	0.0	0.0	39.7	0.0	0.0	0.0	219.2	203.9	4.2	-4.4	213.6	211.5	186.5	186.5	185.7	180.0	100.3	141.0	12.9	0.0	185.8	185.8	40.0	56.5	12.9	59.7	-1.0	13.0	.Autoclave.Outputs.PRESSIP\OutputValue	7.1	15.3	-32.7	-1.0	0.0	-1.0	-1.0	-1.0	0.0	0.0	0.0	-1.0	-1.0	0.0	0.0	0.0	-1.0	0.0
01:17:13	142.0	212.7	210.1	208.9	209.7	215.2	199.6	0.0	0.1	39.3	0.0	0.1	0.0	215.2	199.6	-3.7	-4.5	209.4	207.4	181.1	181.1	180.3	175.3	100.2	142.0	13.9	0.0	181.3	181.3	40.0	62.5	12.8	64.2	0.0	25.0	.Autoclave.Outputs.PRESSIP\OutputValue	7.7	15.7	-34.2	-1.0	0.0	-1.0	-1.0	-1.0	0.0	0.0	0.0	-1.0	-1.0	0.0	0.0	0.0	-1.0	0.0
01:18:13	143.0	208.7	205.8	204.8	205.6	211.0	194.9	0.0	0.0	39.2	0.0	0.0	0.0	211.0	194.9	-4.1	-4.5	205.1	203.0	176.3	176.3	175.6	174.4	100.1	143.0	14.9	0.0	176.8	176.8	40.0	63.8	12.8	65.6	0.0	27.5	.Autoclave.Outputs.PRESSIP\OutputValue	8.0	16.2	-34.8	-1.0	0.0	-1.0	-1.0	-1.0	0.0	0.0	0.0	-1.0	-1.0	0.0	0.0	0.0	-1.0	0.0
01:19:13	144.0	204.5	202.2	200.7	201.4	207.2	190.6	-0.1	0.1	40.0	0.0	0.1	-0.1	207.2	190.6	-3.9	-4.6	201.1	198.9	172.3	172.2	171.5	173.1	100.3	144.0	15.9	0.0	172.3	172.3	40.0	61.1	12.7	58.5	0.0	22.2	.Autoclave.Outputs.PRESSIP\OutputValue	8.0	16.7	-35.0	-1.0	0.0	-1.0	-1.0	-1.0	0.0	0.0	0.0	-1.0	-1.0	0.0	0.0	0.0	-1.0	0.0
01:20:13	145.0	200.5	197.8	196.4	197.2	203.1	186.5	0.0	0.1	39.7	0.0	0.1	0.0	203.1	186.5	-3.6	-4.6	196.9	194.8	168.3	168.4	167.6	169.6	100.4	145.0	16.9	0.0	167.8	167.8	40.0	57.6	12.7	61.1	0.0	15.3	.Autoclave.Outputs.PRESSIP\OutputValue	8.0	16.7	-34.9	-1.0	0.0	-1.0	-1.0	-1.0	0.0	0.0	0.0	-1.0	-1.0	0.0	0.0	0.0	-1.0	0.0
01:21:13	146.0	196.4	193.8	192.2	193.3	199.3	182.5	0.0	0.1	39.4	0.0	0.1	0.0	199.3	182.5	-3.5	-4.7	192.9	190.9	164.8	164.8	164.1	165.7	100.4	146.0	17.9	0.0	163.3	163.3	40.0	51.6	12.6	64.3	-1.0	3.2	.Autoclave.Outputs.PRESSIP\OutputValue	8.0	16.9	-34.6	-1.0	0.0	-1.0	-1.0	-1.0	0.0	0.0	0.0	-1.0	-1.0	0.0	0.0	0.0	-1.0	0.0
01:22:13	147.0	192.3	189.6	188.0	189.4	195.3	178.2	0.0	0.0	39.5	0.0	0.0	0.0	195.3	178.2	-3.8	-4.7	188.8	186.8	160.4	160.4	159.6	157.8	100.3	147.0	18.9	0.0	158.8	158.8	40.0	49.6	12.5	63.2	-1.0	0.0	.Autoclave.Outputs.PRESSIP\OutputValue	8.0	17.2	-35.0	-1.0	0.0	-1.0	-1.0	-1.0	0.0	0.0	0.0	-1.0	-1.0	0.0	0.0	0.0	-1.0	0.0
01:23:13	148.0	188.2	185.6	183.9	185.7	190.9	173.7	-0.1	0.0	39.0	0.0	0.0	-0.1	190.9	173.7	-3.8	-4.5	184.7	182.3	155.5	155.4	154.6	151.3	100.4	148.0	19.9	0.0	154.3	154.3	40.0	52.8	12.4	67.7	-1.0	5.7	.Autoclave.Outputs.PRESSIP\OutputValue	8.0	17.3	-35.5	-1.0	0.0	-1.0	-1.0	-1.0	0.0	0.0	0.0	-1.0	-1.0	0.0	0.0	0.0	-1.0	0.0
01:24:13	149.0	183.9	181.4	179.6	180.5	187.0	169.7	0.0	0.0	39.3	0.0	0.0	0.0	187.0	169.7	-4.0	-5.1	180.4	178.4	151.4	151.4	150.5	147.7	100.4	149.0	20.9	0.0	149.8	149.8	40.0	50.0	12.3	64.5	-1.0	0.1	.Autoclave.Outputs.PRESSIP\OutputValue	8.0	17.4	-35.7	-1.0	0.0	-1.0	-1.0	-1.0	0.0	0.0	0.0	-1.0	-1.0	0.0	0.0	0.0	-1.0	0.0
01:25:13	150.0	179.7	177.1	175.3	176.1	182.8	164.8	0.0	0.1	39.0	0.0	0.1	0.0	182.8	164.8	-3.9	-4.5	176.0	173.8	146.8	146.7	145.9	143.4	100.2	150.0	21.9	0.0	145.3	145.3	40.0	50.5	12.2	67.7	-1.0	1.1	.Autoclave.Outputs.PRESSIP\OutputValue	8.0	18.1	-36.1	-1.0	0.0	-1.0	-1.0	-1.0	0.0	0.0	0.0	-1.0	-1.0	0.0	0.0	0.0	-1.0	0.0
01:26:13	151.0	175.3	172.9	170.9	172.6	178.5	160.4	0.0	0.0	39.4	0.0	0.0	0.0	178.5	160.4	-3.7	-4.5	171.8	169.5	142.8	142.8	141.9	141.4	100.4	151.0	22.9	0.0	140.8	140.8	40.0	47.2	12.1	63.6	-1.0	0.0	.Autoclave.Outputs.PRESSIP\OutputValue	8.0	18.2	-35.8	-1.0	0.0	-1.0	-1.0	-1.0	0.0	0.0	0.0	-1.0	-1.0	0.0	0.0	0.0	-1.0	0.0
01:27:13	152.0	171.0	168.2	166.6	167.3	174.4	155.6	-0.1	0.1	39.0	0.0	0.1	-0.1	174.4	155.6	-4.0	-5.3	167.2	165.0	137.2	137.3	136.4	135.1	100.2	152.0	23.9	0.0	136.3	136.3	40.0	54.5	11.9	67.9	-1.0	9.0	.Autoclave.Outputs.PRESSIP\OutputValue	8.0	18.9	-37.3	-1.0	0.0	-1.0	-1.0	-1.0	0.0	0.0	0.0	-1.0	-1.0	0.0	0.0	0.0	-1.0	0.0
01:28:13	153.0	166.8	164.2	162.2	162.9	170.1	151.3	-0.1	0.1	39.2	0.0	0.1	-0.1	170.1	151.3	-4.1	-4.7	162.9	160.7	133.2	133.2	132.4	131.2	100.4	153.0	24.9	0.0	131.8	131.8	40.0	51.6	11.8	65.6	-1.0	3.2	.Autoclave.Outputs.PRESSIP\OutputValue	8.0	18.9	-37.0	-1.0	0.0	-1.0	-1.0	-1.0	0.0	0.0	0.0	-1.0	-1.0	0.0	0.0	0.0	-1.0	0.0
01:29:13	154.0	162.6	159.9	158.0	161.2	164.9	147.2	-0.1	0.0	39.6	0.0	0.0	-0.1	164.9	147.2	-4.2	-4.4	159.0	156.0	129.5	129.5	128.6	128.0	100.5	154.0	25.9	0.0	127.3	127.3	40.0	46.2	11.7	62.3	-1.0	0.0	.Autoclave.Outputs.PRESSIP\OutputValue	8.0	17.8	-35.5	-1.0	0.0	-1.0	-1.0	-1.0	0.0	0.0	0.0	-1.0	-1.0	0.0	0.0	0.0	-1.0	0.0
01:30:13	155.0	158.4	155.6	153.8	154.7	161.9	143.0	0.0	0.1	39.3	0.0	0.1	0.0	161.9	143.0	-4.0	-4.3	154.6	152.4	125.7	125.7	124.9	124.6	100.4	155.0	26.9	0.0	122.8	122.8	40.0	41.2	11.4	65.3	-1.0	0.0	.Autoclave.Outputs.PRESSIP\OutputValue	8.0	19.0	-36.3	-1.0	0.0	-1.0	-1.0	-1.0	0.0	0.0	0.0	-1.0	-1.0	0.0	0.0	0.0	-1.0	0.0
01:31:13	156.0	154.4	152.0	150.0	150.9	157.8	139.3	-0.1	0.0	39.0	0.0	0.0	-0.1	157.8	139.3	-3.9	-4.3	150.7	148.5	122.9	122.9	122.2	122.2	100.4	156.0	27.9	0.0	118.3	118.3	40.0	28.2	11.1	67.5	-1.0	0.0	.Autoclave.Outputs.PRESSIP\OutputValue	8.0	18.6	-34.9	-1.0	0.0	-1.0	-1.0	-1.0	0.0	0.0	0.0	-1.0	-1.0	0.0	0.0	0.0	-1.0	0.0
01:32:13	157.0	150.4	148.3	146.1	146.9	153.9	135.8	0.0	0.0	39.4	0.0	0.0	0.0	153.9	135.8	-3.6	-3.9	146.9	144.8	120.4	120.4	119.7	120.2	100.5	157.0	28.9	0.0	113.8	113.8	40.0	13.7	10.5	63.8	-1.0	0.0	.Autoclave.Outputs.PRESSIP\OutputValue	8.0	18.2	-33.5	-1.0	0.0	-1.0	-1.0	-1.0	0.0	0.0	0.0	-1.0	-1.0	0.0	0.0	0.0	-1.0	0.0
01:33:13	158.0	146.6	144.6	142.6	144.5	150.0	132.5	0.0	0.1	39.2	0.0	0.1	0.0	150.0	132.5	-2.4	-4.0	143.5	141.2	118.1	118.0	117.4	117.9	100.5	158.0	29.9	0.0	109.3	109.3	40.0	0.0	0.0	65.5	-1.0	0.0	.Autoclave.Outputs.PRESSIP\OutputValue	8.0	17.6	-31.9	-1.0	0.0	-1.0	-1.0	-1.0	0.0	0.0	0.0	-1.0	-1.0	0.0	0.0	0.0	-1.0	0.0
01:34:00	158.8	144.0	142.0	140.0	140.9	147.9	130.3	-0.1	0.0	39.1	0.0	0.0	-0.1	147.9	130.3	-3.3	-3.7	140.8	139.1	116.6	116.4	115.8	116.6	100.3	158.8	30.6	0.0	105.9	105.9	40.0	0.0	0.0	66.8	-1.0	0.0	.Autoclave.Outputs.PRESSIP\OutputValue	8.0	17.7	-31.4	-1.0	0.0	-1.0	-1.0	-1.0	0.0	0.0	0.0	-1.0	-1.0	0.0	0.0	0.0	-1.0	0.0
01:34:13	159.0	143.4	141.2	139.2	142.9	145.7	129.5	0.0	0.1	38.4	0.0	0.1	0.0	145.7	129.5	-2.2	-4.2	140.3	137.6	116.1	116.1	115.3	115.8	100.3	159.0	0.2	0.0	104.8	104.8	37.6	0.0	0.0	51.1	-1.0	0.0	.Autoclave.Outputs.PRESSIP\OutputValue	7.8	16.3	-29.6	-1.0	0.0	-1.0	-1.0	-1.0	0.0	0.0	0.0	-1.0	-1.0	-1.0	0.0	0.0	-1.0	0.0
01:35:13	160.0	140.2	137.6	135.6	140.0	142.0	126.0	0.0	0.0	28.2	0.0	0.0	0.0	142.0	126.0	-2.7	-5.5	136.9	134.0	110.1	109.9	109.1	109.8	99.1	160.0	1.2	0.0	100.4	100.3	27.8	0.0	0.0	50.5	-1.0	0.0	.Autoclave.Outputs.PRESSIP\OutputValue	6.6	16.1	-31.9	-1.0	0.0	-1.0	-1.0	-1.0	0.0	0.0	0.0	-1.0	-1.0	-1.0	0.0	0.0	-1.0	0.0
01:36:14	161.1	135.8	134.3	132.5	137.0	138.9	123.0	0.0	0.0	18.7	0.0	0.0	0.0	138.9	123.0	3.0	-3.3	133.6	131.0	105.4	105.3	104.7	105.4	98.3	161.0	2.2	0.0	95.8	95.8	17.7	0.0	0.0	44.1	-1.0	0.0	.Autoclave.Outputs.PRESSIP\OutputValue	5.3	15.9	-33.5	-1.0	0.0	-1.0	-1.0	-1.0	0.0	0.0	0.0	-1.0	-1.0	0.0	0.0	0.0	-1.0	0.0
01:37:13	162.0	133.8	131.7	129.8	134.5	136.4	120.4	-0.1	0.0	8.5	0.0	0.0	-0.1	136.4	120.4	-2.5	-7.4	131.1	128.4	101.1	101.1	100.5	101.1	97.4	162.0	3.2	0.0	91.3	91.3	7.7	0.0	0.0	45.8	-1.0	0.0	.Autoclave.Outputs.PRESSIP\OutputValue	3.8	16.0	-35.3	-1.0	0.0	-1.0	-1.0	-1.0	0.0	0.0	0.0	-1.0	-1.0	-1.0	0.0	0.0	-1.0	0.0
01:38:13	163.0	131.4	129.5	127.7	130.4	135.5	118.7	0.0	-0.1	1.7	0.0	0.0	-0.1	135.5	118.7	-0.8	-4.5	128.9	127.1	99.1	99.2	98.5	99.8	97.1	163.0	4.2	0.0	86.8	86.8	0.0	0.0	0.0	32.4	-1.0	0.0	.Autoclave.Outputs.PRESSIP\OutputValue	0.5	16.8	-36.4	-1.0	0.0	-1.0	-1.0	-1.0	0.0	0.0	0.0	-1.0	-1.0	-1.0	0.0	0.0	-1.0	0.0
01:38:27	163.3	131.0	129.2	127.4	129.8	135.4	118.5	0.0	0.0	1.0	0.0	0.0	0.0	135.4	118.5	-0.6	-4.6	128.6	127.0	99.1	99.1	98.3	99.9	97.1	163.3	4.5	0.0	85.8	85.8	0.0	0.0	0.0	39.7	-1.0	0.0	.Autoclave.Outputs.PRESSIP\OutputValue	-0.2	16.9	-36.3	-1.0	0.0	-1.0	-1.0	-1.0	0.0	0.0	0.0	-1.0	-1.0	-1.0	0.0	0.0	-1.0	0.0
