
Time	Elapsed	PTC5	PTC6	PTC7	PTC10	PTC11	PTC12	PTC13	PTC14	PTC15	PTC16	PTC17	PTC18	VPRB2	VPRB3	VPRB4	VPRB8	PRESS	SVAC	HIPRB	LOPRB	HITC	LOTC	HIRATE	LORATE	AVGTC	MEAN	AIRTC	AIRTC1	AIRTC2	HILIMTC	CAPSTC	RUNTIME	SEGTIME	SEGTIMELEFT	TSET_AIR	TSET_PART	PSET	TEMPOUT	TEMPINT	PRESSOUT	COOLIP	SCROUT	PRESSIP	PRESSINT	SPREAD	AIRPARTDELTA	CAPSFLOW	SILENCE	BARLOCK	HIPSI	FANON	HYDON	FANSTARTSTOPPB	HYDPMPSTARTSTOPPB	COOLCNTRLONOFFSW	PRESSCNTRLONOFFSW	PRESSDUMPSW	PCMANUALSW	HILIMIT	BLWRMTRHILIMIT	MANINSIDE
HH:MM:SS	Mins	Deg.F	Deg.F	Deg.F	Deg.F	Deg.F	Deg.F	Deg.F	Deg.F	Deg.F	Deg.F	Deg.F	Deg.F	"Hg	"Hg	"Hg	"Hg	Psig	"Hg			Deg.F	Deg.F	Deg.F	Deg.F	Deg.F	Deg.F	Deg.F	Deg.F	Deg.F	Deg.F	Deg.F	Mins	Mins	Mins	Deg.F	Deg.F	Psig				%	%	%	%	Deg.F	Deg.F															
22:00:22	0.0	80.0	80.4	80.8	80.1	78.5	79.4	83.4	83.3	81.7	78.6	79.0	78.7	-27.8	-27.8	-27.6	-27.6	-0.3	-28.0	-27.6	-27.8	83.5	78.5	0.3	0.1	80.3	81.0	94.5	94.5	93.7	114.5	101.8	246.0	0.0	0.0	70.0	70.0	0.0	0.0	0.0	50.0	0.0	0.0	.Autoclave.Outputs.PRESSIP\OutputValue	8.0	5.0	11.0	-1.0	0.0	-1.0	-1.0	0.0	0.0	0.0	0.0	-1.0	-1.0	-1.0	0.0	0.0	-1.0	0.0
22:00:24	0.0	80.0	80.4	80.8	80.1	78.5	79.4	83.4	83.3	81.7	78.6	79.0	78.7	-27.8	-27.8	-27.6	-27.6	-0.3	-28.0	-27.6	-27.8	83.5	78.5	0.3	0.1	80.3	81.0	94.5	94.5	93.7	114.5	101.8	246.0	0.0	0.0	70.0	70.0	0.0	0.0	0.0	50.0	0.0	0.0	.Autoclave.Outputs.PRESSIP\OutputValue	8.0	5.0	11.0	-1.0	0.0	-1.0	-1.0	0.0	0.0	0.0	0.0	-1.0	-1.0	-1.0	0.0	0.0	-1.0	0.0
22:00:24	0.0	80.0	80.4	80.8	80.1	78.5	79.4	83.4	83.3	81.7	78.6	79.0	78.7	-27.8	-27.8	-27.6	-27.6	-0.3	-28.0	-27.6	-27.8	83.4	78.5	0.4	0.1	80.3	81.0	94.5	94.5	93.8	114.5	101.9	246.0	0.0	0.0	70.0	70.0	0.0	0.0	0.0	50.0	0.0	0.0	.Autoclave.Outputs.PRESSIP\OutputValue	8.0	4.9	11.0	-1.0	0.0	-1.0	-1.0	0.0	0.0	0.0	0.0	-1.0	-1.0	-1.0	0.0	0.0	-1.0	0.0
22:00:24	0.0	80.0	80.4	80.8	80.1	78.5	79.4	83.4	83.3	81.7	78.6	79.0	78.7	-27.8	-27.8	-27.6	-27.6	-0.3	-28.0	-27.6	-27.8	83.4	78.5	0.4	0.1	80.3	81.0	94.5	94.5	93.8	114.5	101.9	246.0	0.0	0.0	70.0	70.0	0.0	0.0	0.0	50.0	0.0	0.0	.Autoclave.Outputs.PRESSIP\OutputValue	8.0	4.9	11.1	-1.0	0.0	-1.0	-1.0	0.0	0.0	0.0	0.0	-1.0	-1.0	-1.0	0.0	0.0	-1.0	0.0
22:01:24	1.0	80.7	81.5	83.0	80.6	79.0	80.3	86.2	84.5	83.7	79.2	79.8	79.1	-27.9	-27.9	-27.7	-27.8	1.2	-27.9	-27.7	-27.9	86.2	79.0	2.4	0.3	81.5	82.6	97.5	97.5	96.9	102.7	99.1	1.0	1.0	0.0	89.7	87.9	1.5	0.0	0.0	61.0	-1.0	0.0	.Autoclave.Outputs.PRESSIP\OutputValue	8.0	7.2	11.4	-1.0	0.0	-1.0	-1.0	-1.0	0.0	0.0	0.0	-1.0	-1.0	0.0	0.0	0.0	-1.0	0.0
22:02:24	2.0	81.5	82.6	84.4	81.3	79.6	81.0	87.5	85.9	85.6	79.9	80.6	79.7	-27.8	-27.9	-27.8	-27.8	2.6	-27.9	-27.8	-27.9	87.5	79.6	1.9	0.6	82.5	83.6	98.1	98.1	97.4	101.0	99.0	2.0	2.0	0.0	97.3	92.4	3.0	40.7	-0.3	61.5	-1.0	0.0	.Autoclave.Outputs.PRESSIP\OutputValue	8.0	7.9	10.7	-1.0	0.0	-1.0	-1.0	-1.0	0.0	0.0	0.0	-1.0	-1.0	0.0	0.0	0.0	-1.0	0.0
22:03:24	3.0	82.2	83.6	86.1	82.0	80.2	81.7	89.5	87.3	87.2	80.5	81.4	80.1	-27.9	-27.9	-27.7	-27.7	3.7	-27.9	-27.7	-27.9	89.5	80.1	2.0	0.5	83.5	84.8	102.2	102.2	101.6	112.9	98.9	3.0	3.0	0.0	104.0	96.9	4.5	60.2	-0.2	65.8	0.0	20.4	.Autoclave.Outputs.PRESSIP\OutputValue	8.0	9.4	12.8	-1.0	0.0	-1.0	-1.0	-1.0	0.0	0.0	0.0	-1.0	-1.0	0.0	0.0	0.0	-1.0	0.0
22:04:24	4.0	83.4	84.8	88.3	83.0	81.0	83.0	92.2	89.4	89.7	81.3	82.6	80.8	-27.8	-27.8	-27.7	-27.8	5.2	-27.9	-27.7	-27.8	92.2	80.8	2.6	0.5	85.0	86.5	108.3	108.5	107.8	119.6	99.1	4.0	4.0	0.0	110.6	101.4	6.0	60.9	0.0	65.9	0.0	21.7	.Autoclave.Outputs.PRESSIP\OutputValue	8.0	11.4	16.2	-1.0	0.0	-1.0	-1.0	-1.0	0.0	0.0	0.0	-1.0	-1.0	0.0	0.0	0.0	-1.0	0.0
22:05:25	5.0	84.6	86.6	90.8	84.0	81.9	84.2	95.0	91.7	92.4	82.2	84.0	81.6	-27.8	-27.8	-27.6	-27.7	6.9	-28.0	-27.6	-27.8	95.0	81.6	3.0	0.8	86.6	88.3	114.9	114.8	114.2	125.8	99.3	5.0	5.0	0.0	116.7	105.9	7.5	59.9	0.2	64.0	0.0	19.8	.Autoclave.Outputs.PRESSIP\OutputValue	8.0	13.4	20.0	-1.0	0.0	-1.0	-1.0	-1.0	0.0	0.0	0.0	-1.0	-1.0	0.0	0.0	0.0	-1.0	0.0
22:06:25	6.0	86.2	88.3	93.7	85.3	83.0	85.7	98.4	93.9	95.6	83.6	85.1	82.5	-27.6	-27.5	-27.2	-27.3	8.6	-27.9	-27.2	-27.6	98.4	82.5	3.3	1.0	88.4	90.4	120.7	120.7	120.1	132.9	99.5	6.0	6.0	0.0	122.6	110.4	9.0	60.9	0.4	61.9	0.0	21.7	.Autoclave.Outputs.PRESSIP\OutputValue	8.0	15.9	22.4	-1.0	0.0	-1.0	-1.0	-1.0	0.0	0.0	0.0	-1.0	-1.0	0.0	0.0	0.0	-1.0	0.0
22:07:25	7.1	87.8	90.3	96.4	86.8	84.3	87.5	101.3	97.0	99.0	84.8	86.6	83.6	-27.8	-27.8	-27.5	-27.7	9.7	-27.9	-27.5	-27.8	101.3	83.6	3.3	1.0	90.5	92.4	126.3	126.4	125.7	137.9	99.4	7.0	7.0	0.0	128.6	114.9	10.5	63.0	0.6	67.5	0.0	26.1	.Autoclave.Outputs.PRESSIP\OutputValue	8.0	17.7	25.0	-1.0	0.0	-1.0	-1.0	-1.0	0.0	0.0	0.0	-1.0	-1.0	0.0	0.0	0.0	-1.0	0.0
22:07:28	7.1	87.9	90.5	96.6	86.8	84.2	87.6	101.6	96.9	99.1	84.7	86.8	83.5	-27.8	-27.9	-27.5	-27.7	10.1	-27.9	-27.5	-27.9	101.6	83.5	3.3	1.0	90.5	92.5	126.6	126.7	125.9	138.5	99.4	7.1	7.0	0.0	128.8	115.1	10.6	63.1	0.6	63.6	0.0	26.2	.Autoclave.Outputs.PRESSIP\OutputValue	8.0	18.1	25.3	-1.0	0.0	-1.0	-1.0	-1.0	0.0	0.0	0.0	-1.0	-1.0	0.0	0.0	0.0	-1.0	0.0
22:08:25	8.1	89.7	92.6	99.5	88.4	85.7	89.3	104.4	99.8	102.6	86.2	88.4	84.8	-27.7	-27.8	-27.4	-27.7	11.2	-27.4	-27.4	-27.8	104.4	84.8	3.9	1.3	92.6	94.6	131.9	131.9	131.2	142.2	99.5	8.0	1.0	0.0	134.2	119.4	12.0	62.5	0.8	65.5	0.0	25.0	.Autoclave.Outputs.PRESSIP\OutputValue	8.0	19.6	27.5	-1.0	0.0	-1.0	-1.0	-1.0	0.0	0.0	0.0	-1.0	-1.0	0.0	0.0	0.0	-1.0	0.0
22:09:24	9.0	91.6	94.5	102.5	90.1	87.3	91.6	108.0	103.2	106.3	87.9	90.2	86.1	-23.2	-23.6	-23.4	-23.5	12.9	-22.8	-23.2	-23.6	108.0	86.1	3.5	1.4	95.0	97.0	137.5	137.7	136.8	147.8	99.7	9.0	2.0	0.0	139.5	123.9	13.5	61.9	1.0	63.5	0.0	23.7	.Autoclave.Outputs.PRESSIP\OutputValue	8.0	21.9	29.5	-1.0	0.0	-1.0	-1.0	-1.0	0.0	0.0	0.0	-1.0	-1.0	0.0	0.0	0.0	-1.0	0.0
22:10:25	10.1	93.8	96.8	106.3	92.0	89.0	93.9	111.5	106.5	110.3	89.6	91.7	87.6	-17.8	-17.9	-17.9	-17.8	14.7	-17.6	-17.8	-17.9	111.5	87.6	4.2	1.5	97.4	99.5	143.0	143.0	142.3	154.3	99.8	10.0	3.0	0.0	145.1	128.4	15.0	63.6	1.3	61.0	0.0	27.2	.Autoclave.Outputs.PRESSIP\OutputValue	8.0	23.9	31.5	-1.0	0.0	-1.0	-1.0	-1.0	0.0	0.0	0.0	-1.0	-1.0	0.0	0.0	0.0	-1.0	0.0
22:11:24	11.0	96.1	99.4	109.6	94.1	91.0	96.3	115.3	110.2	114.4	91.6	94.0	89.2	-12.7	-12.7	-12.6	-12.7	15.6	-12.5	-12.6	-12.7	115.3	89.2	4.4	1.6	100.1	102.2	148.0	148.0	147.3	158.4	99.9	11.0	4.0	0.0	150.1	132.9	16.5	63.6	1.5	66.7	0.0	27.2	.Autoclave.Outputs.PRESSIP\OutputValue	8.0	26.1	32.7	-1.0	0.0	-1.0	-1.0	-1.0	0.0	0.0	0.0	-1.0	-1.0	0.0	0.0	0.0	-1.0	0.0
22:12:24	12.0	98.5	102.4	113.0	96.2	93.1	98.7	119.5	113.9	118.8	93.7	96.2	90.9	-7.9	-7.8	-7.7	-7.8	17.3	-7.5	-7.7	-7.9	119.5	90.9	4.4	1.7	102.9	105.2	153.3	153.4	152.7	163.6	100.0	12.0	5.0	0.0	155.5	137.4	18.0	65.8	1.7	64.8	0.0	31.6	.Autoclave.Outputs.PRESSIP\OutputValue	8.0	28.6	33.8	-1.0	0.0	-1.0	-1.0	-1.0	0.0	0.0	0.0	-1.0	-1.0	0.0	0.0	0.0	-1.0	0.0
22:13:25	13.1	101.1	105.2	117.0	98.6	95.5	101.4	123.5	118.1	123.3	96.0	98.1	92.9	-3.7	-3.6	-3.6	-3.7	19.0	-3.5	-3.6	-3.7	123.5	92.9	4.7	1.9	105.9	108.2	158.2	158.2	157.5	168.6	100.1	13.0	6.0	0.0	160.4	141.9	19.5	64.0	1.9	62.5	0.0	28.0	.Autoclave.Outputs.PRESSIP\OutputValue	8.0	30.6	34.7	-1.0	0.0	-1.0	-1.0	-1.0	0.0	0.0	0.0	-1.0	-1.0	0.0	0.0	0.0	-1.0	0.0
22:14:25	14.1	103.5	107.9	121.0	101.0	97.9	104.2	127.2	121.3	127.8	98.1	100.5	94.9	-1.7	-1.6	-1.6	-1.7	20.1	-1.5	-1.6	-1.7	127.8	94.9	4.5	2.0	108.8	111.4	162.6	162.6	162.0	172.8	100.1	14.0	7.0	0.0	165.0	146.4	21.0	66.3	2.1	67.0	0.0	32.6	.Autoclave.Outputs.PRESSIP\OutputValue	8.0	32.9	34.8	-1.0	0.0	-1.0	-1.0	-1.0	0.0	0.0	0.0	-1.0	-1.0	0.0	0.0	0.0	-1.0	0.0
22:15:24	15.0	106.2	110.5	124.8	103.7	100.4	107.2	131.1	126.1	132.2	100.7	103.1	97.3	-0.6	-0.4	-0.4	-0.5	21.7	-0.7	-0.4	-0.6	132.2	97.3	4.6	2.2	111.9	114.8	167.4	167.4	166.7	177.0	100.4	15.0	8.0	0.0	169.6	150.9	22.5	65.0	2.4	65.7	0.0	29.9	.Autoclave.Outputs.PRESSIP\OutputValue	8.0	34.9	35.2	-1.0	0.0	-1.0	-1.0	-1.0	0.0	0.0	0.0	-1.0	-1.0	0.0	0.0	0.0	-1.0	0.0
22:16:24	16.0	108.9	113.4	128.9	106.5	103.0	110.2	134.9	130.3	137.0	103.3	105.9	99.3	-0.2	0.0	0.0	0.0	23.5	-0.3	0.0	-0.2	137.0	99.3	4.7	2.5	115.1	118.2	171.8	171.7	171.1	181.3	100.4	16.0	9.0	0.0	173.8	155.4	24.0	65.1	2.6	63.2	0.0	30.3	.Autoclave.Outputs.PRESSIP\OutputValue	8.0	37.7	34.8	-1.0	0.0	-1.0	-1.0	-1.0	0.0	0.0	0.0	-1.0	-1.0	0.0	0.0	0.0	-1.0	0.0
22:17:25	17.1	111.8	116.6	132.7	109.3	106.0	113.5	139.0	134.9	141.6	106.3	108.9	102.0	0.0	0.1	0.1	0.1	25.1	-0.1	0.1	0.0	141.6	102.0	4.8	2.2	118.6	121.8	175.9	176.0	175.4	185.6	100.5	17.0	10.0	0.0	178.4	159.9	25.5	66.1	2.8	61.5	0.0	32.3	.Autoclave.Outputs.PRESSIP\OutputValue	8.0	39.6	34.3	-1.0	0.0	-1.0	-1.0	-1.0	0.0	0.0	0.0	-1.0	-1.0	0.0	0.0	0.0	-1.0	0.0
22:18:24	18.0	114.6	119.7	137.3	112.2	108.8	116.9	142.4	138.4	146.1	109.0	111.9	104.7	0.0	0.1	0.2	0.1	26.2	0.0	0.2	0.0	146.1	104.7	4.7	2.8	121.8	125.4	180.6	180.5	179.9	189.5	100.4	18.0	11.0	0.0	182.5	164.4	27.0	64.1	3.0	66.3	0.0	28.3	.Autoclave.Outputs.PRESSIP\OutputValue	8.0	41.4	34.5	-1.0	0.0	-1.0	-1.0	-1.0	0.0	0.0	0.0	-1.0	-1.0	0.0	0.0	0.0	-1.0	0.0
22:19:25	19.1	117.8	123.2	141.6	115.4	112.0	120.3	146.5	143.2	150.8	111.9	114.7	107.4	0.0	0.2	0.2	0.2	27.8	0.0	0.2	0.0	150.8	107.4	5.0	2.8	125.4	129.1	184.8	184.9	184.5	194.0	100.4	19.0	12.0	0.0	186.9	168.9	28.5	65.9	3.2	65.5	0.0	31.7	.Autoclave.Outputs.PRESSIP\OutputValue	8.0	43.4	34.0	-1.0	0.0	-1.0	-1.0	-1.0	0.0	0.0	0.0	-1.0	-1.0	0.0	0.0	0.0	-1.0	0.0
22:20:25	20.1	120.8	126.3	145.9	118.7	115.1	123.8	150.5	146.9	155.7	115.0	118.4	110.2	0.1	0.2	0.2	0.2	29.6	0.0	0.2	0.1	155.7	110.2	4.8	-10.8	128.9	133.0	189.0	189.0	188.3	197.8	100.6	20.0	13.0	0.0	190.8	173.4	30.0	64.1	3.4	61.7	0.0	28.3	.Autoclave.Outputs.PRESSIP\OutputValue	8.0	45.5	33.3	-1.0	0.0	-1.0	-1.0	-1.0	0.0	0.0	0.0	-1.0	-1.0	0.0	0.0	0.0	-1.0	0.0
22:21:25	21.1	123.7	129.2	150.2	121.8	118.2	127.3	154.5	151.3	160.5	117.9	121.3	113.2	0.0	0.2	0.2	0.1	30.6	0.0	0.2	0.0	160.5	113.2	16.8	2.9	132.4	136.9	193.1	193.2	192.8	203.0	100.5	21.0	14.0	0.0	195.4	177.9	31.5	68.8	3.7	67.2	0.0	37.7	.Autoclave.Outputs.PRESSIP\OutputValue	8.0	47.3	32.6	-1.0	0.0	-1.0	-1.0	-1.0	0.0	0.0	0.0	-1.0	-1.0	0.0	0.0	0.0	-1.0	0.0
22:22:25	22.0	126.5	132.6	155.0	125.3	121.6	131.0	158.8	157.0	165.0	121.2	124.8	116.3	0.1	0.2	0.2	0.2	32.3	0.0	0.2	0.1	165.0	116.3	5.4	2.9	136.3	140.7	197.7	197.7	197.3	206.7	100.7	22.0	15.0	0.0	199.7	182.4	33.0	65.9	3.9	64.7	0.0	31.7	.Autoclave.Outputs.PRESSIP\OutputValue	8.0	48.7	32.7	-1.0	0.0	-1.0	-1.0	-1.0	0.0	0.0	0.0	-1.0	-1.0	0.0	0.0	0.0	-1.0	0.0
22:23:24	23.0	129.8	135.7	159.6	128.7	125.3	134.7	163.3	161.1	169.6	124.6	127.6	119.4	0.0	0.2	0.2	0.1	33.9	0.0	0.2	0.0	169.6	119.4	5.2	3.0	139.9	144.5	201.4	201.5	201.1	211.1	100.7	23.0	16.0	0.0	203.9	186.9	34.5	71.2	4.1	63.5	0.0	42.5	.Autoclave.Outputs.PRESSIP\OutputValue	8.0	50.2	31.8	-1.0	0.0	-1.0	-1.0	-1.0	0.0	0.0	0.0	-1.0	-1.0	0.0	0.0	0.0	-1.0	0.0
22:24:24	24.0	133.5	139.1	163.8	132.3	128.8	138.6	167.7	165.0	174.5	127.9	130.7	122.8	0.0	0.2	0.2	0.2	35.6	0.0	0.2	0.0	174.5	122.8	5.1	3.3	143.7	148.7	206.0	206.0	205.6	215.2	100.9	24.0	17.0	0.0	208.2	191.4	36.0	66.8	4.3	62.1	0.0	33.7	.Autoclave.Outputs.PRESSIP\OutputValue	8.0	51.7	31.5	-1.0	0.0	-1.0	-1.0	-1.0	0.0	0.0	0.0	-1.0	-1.0	0.0	0.0	0.0	-1.0	0.0
22:25:24	25.0	137.2	142.5	168.7	135.9	132.3	142.4	171.7	169.6	179.4	131.3	134.8	126.5	0.1	0.2	0.2	0.2	36.7	0.0	0.2	0.1	179.4	126.5	5.0	3.5	148.6	153.0	210.3	210.3	209.8	218.6	100.9	25.0	18.0	0.0	212.3	195.9	37.5	65.6	4.6	66.3	0.0	31.3	.Autoclave.Outputs.PRESSIP\OutputValue	8.0	52.9	30.9	-1.0	0.0	-1.0	-1.0	-1.0	0.0	0.0	0.0	-1.0	-1.0	0.0	0.0	0.0	-1.0	0.0
22:26:25	26.1	140.8	146.1	172.8	139.9	136.2	146.5	176.4	174.3	184.0	135.3	138.5	130.2	0.0	0.2	0.2	0.2	38.5	0.0	0.2	0.0	184.0	130.2	5.0	3.3	151.7	157.1	214.5	214.6	214.0	222.9	101.0	26.0	19.0	0.0	217.2	200.4	39.0	68.0	4.8	63.1	0.0	36.0	.Autoclave.Outputs.PRESSIP\OutputValue	8.0	53.8	30.5	-1.0	0.0	-1.0	-1.0	-1.0	0.0	0.0	0.0	-1.0	-1.0	0.0	0.0	0.0	-1.0	0.0
22:27:25	27.1	144.5	149.6	178.0	143.9	140.3	150.8	180.4	180.9	189.0	138.7	141.9	133.8	0.1	0.1	0.2	0.2	39.4	0.0	0.2	0.1	189.0	133.8	5.1	3.4	156.0	161.4	218.8	218.8	218.2	227.3	100.8	27.0	20.0	0.0	220.6	204.9	40.0	65.6	5.0	63.8	0.0	31.1	.Autoclave.Outputs.PRESSIP\OutputValue	8.0	55.2	29.8	-1.0	0.0	-1.0	-1.0	-1.0	0.0	0.0	0.0	-1.0	-1.0	0.0	0.0	0.0	-1.0	0.0
22:28:24	28.0	148.1	153.1	182.5	147.7	144.2	154.6	184.6	184.1	193.8	142.4	145.7	137.6	-0.1	0.2	0.2	0.2	39.7	0.0	0.2	-0.1	193.8	137.6	5.0	3.3	159.9	165.7	222.7	222.7	222.2	232.3	100.7	28.0	21.0	0.0	225.0	209.4	40.0	66.2	5.3	60.6	0.0	32.4	.Autoclave.Outputs.PRESSIP\OutputValue	8.0	56.2	28.9	-1.0	0.0	-1.0	-1.0	-1.0	0.0	0.0	0.0	-1.0	-1.0	0.0	0.0	0.0	-1.0	0.0
22:29:24	29.0	151.9	156.2	187.1	151.6	148.0	158.7	189.0	188.7	198.2	146.4	148.7	141.3	0.0	0.2	0.2	0.2	40.0	0.0	0.2	0.0	198.2	141.3	4.9	3.1	163.8	169.8	227.2	227.2	226.5	236.3	100.8	29.0	22.0	0.0	229.4	213.9	40.0	71.9	5.5	58.1	0.0	43.8	.Autoclave.Outputs.PRESSIP\OutputValue	8.0	56.9	29.0	-1.0	0.0	-1.0	-1.0	-1.0	0.0	0.0	0.0	-1.0	-1.0	0.0	0.0	0.0	-1.0	0.0
22:30:25	30.1	155.6	159.4	191.5	155.6	152.0	162.6	193.2	193.4	203.1	150.1	152.9	145.2	0.1	0.2	0.2	0.2	40.3	0.0	0.2	0.1	203.1	145.2	5.5	3.3	167.9	174.2	231.8	231.8	231.1	241.3	100.8	30.0	23.0	0.0	233.7	218.4	40.0	66.9	5.7	54.2	0.0	33.8	.Autoclave.Outputs.PRESSIP\OutputValue	7.7	57.9	28.7	-1.0	0.0	-1.0	-1.0	-1.0	0.0	0.0	0.0	-1.0	-1.0	0.0	0.0	0.0	-1.0	0.0
22:31:24	31.0	159.5	163.0	196.2	159.6	155.7	166.8	197.2	197.6	208.3	153.7	155.8	149.1	0.1	0.2	0.2	0.2	40.6	0.0	0.2	0.1	208.3	149.1	5.2	3.2	171.9	178.7	235.9	235.9	235.2	244.9	100.7	31.0	24.0	0.0	237.8	222.9	40.0	67.7	5.9	50.6	0.0	35.4	.Autoclave.Outputs.PRESSIP\OutputValue	6.7	59.2	27.6	-1.0	0.0	-1.0	-1.0	-1.0	0.0	0.0	0.0	-1.0	-1.0	0.0	0.0	0.0	-1.0	0.0
22:32:25	32.1	163.4	166.1	200.7	163.5	159.7	170.8	201.3	202.8	212.2	157.5	159.7	153.0	0.1	0.2	0.2	0.2	40.9	0.0	0.2	0.1	212.2	153.0	4.6	3.2	175.9	182.6	240.4	240.4	239.6	250.2	100.8	32.0	25.0	0.0	242.5	227.4	40.0	67.3	6.2	45.7	0.0	34.5	.Autoclave.Outputs.PRESSIP\OutputValue	5.2	59.2	28.2	-1.0	0.0	-1.0	-1.0	-1.0	0.0	0.0	0.0	-1.0	-1.0	0.0	0.0	0.0	-1.0	0.0
22:33:25	33.1	167.3	169.4	204.5	167.1	163.5	175.0	205.4	206.6	216.4	161.6	163.5	156.7	0.1	0.2	0.2	0.2	40.1	0.0	0.2	0.1	216.4	156.7	4.5	3.4	179.7	186.6	245.0	245.0	244.2	255.0	100.8	33.0	26.0	0.0	247.4	231.9	40.0	70.9	6.4	53.4	0.0	41.8	.Autoclave.Outputs.PRESSIP\OutputValue	4.8	59.7	28.6	-1.0	0.0	-1.0	-1.0	-1.0	0.0	0.0	0.0	-1.0	-1.0	0.0	0.0	0.0	-1.0	0.0
22:34:25	34.0	171.3	173.1	208.8	171.3	167.4	179.1	209.6	211.2	221.1	165.1	167.5	160.5	0.0	0.2	0.2	0.2	40.4	0.0	0.2	0.0	221.1	160.5	6.0	3.6	183.8	190.8	249.5	249.5	248.7	259.6	100.8	34.0	27.0	0.0	251.4	236.4	40.0	67.7	6.6	49.9	0.0	35.4	.Autoclave.Outputs.PRESSIP\OutputValue	4.3	60.6	28.4	-1.0	0.0	-1.0	-1.0	-1.0	0.0	0.0	0.0	-1.0	-1.0	0.0	0.0	0.0	-1.0	0.0
22:35:24	35.0	175.3	176.4	213.1	175.2	171.5	183.4	213.8	216.5	225.2	169.0	170.5	164.2	0.1	0.2	0.2	0.2	40.7	0.0	0.2	0.1	225.2	164.2	6.0	3.4	187.8	194.7	253.8	253.8	253.2	263.3	100.8	35.0	28.0	0.0	256.6	240.9	40.0	71.8	6.9	46.3	0.0	43.5	.Autoclave.Outputs.PRESSIP\OutputValue	3.2	61.0	28.6	-1.0	0.0	-1.0	-1.0	-1.0	0.0	0.0	0.0	-1.0	-1.0	0.0	0.0	0.0	-1.0	0.0
22:36:24	36.0	179.6	179.7	218.0	179.3	175.6	187.7	218.0	221.6	229.6	173.3	174.4	168.2	0.0	0.2	0.2	0.2	39.8	0.0	0.2	0.0	229.6	168.2	4.9	2.4	192.1	198.9	257.9	258.1	257.3	267.4	100.6	36.0	29.0	0.0	260.9	245.4	40.0	75.9	7.1	53.7	0.0	51.8	.Autoclave.Outputs.PRESSIP\OutputValue	1.7	61.4	28.3	-1.0	0.0	-1.0	-1.0	-1.0	0.0	0.0	0.0	-1.0	-1.0	0.0	0.0	0.0	-1.0	0.0
22:37:25	37.1	183.8	182.3	222.6	183.6	179.7	191.9	222.5	226.3	234.4	177.3	178.6	172.3	0.1	0.2	0.2	0.2	40.1	0.0	0.2	0.1	234.4	172.3	5.6	3.0	196.3	203.4	263.1	263.1	262.4	272.6	100.9	37.0	30.0	0.0	265.5	249.9	40.0	70.8	7.3	50.2	0.0	41.7	.Autoclave.Outputs.PRESSIP\OutputValue	1.6	62.1	28.7	-1.0	0.0	-1.0	-1.0	-1.0	0.0	0.0	0.0	-1.0	-1.0	0.0	0.0	0.0	-1.0	0.0
22:38:25	38.0	188.0	185.3	226.5	187.6	183.7	196.3	226.0	230.8	238.2	180.7	181.4	176.3	0.0	0.2	0.2	0.2	40.2	0.0	0.2	0.0	238.2	176.3	4.4	3.0	200.1	207.3	266.0	265.8	265.2	271.4	100.9	38.0	31.0	0.0	266.2	252.0	40.0	57.3	7.5	49.1	0.0	14.6	.Autoclave.Outputs.PRESSIP\OutputValue	1.1	61.9	27.8	-1.0	0.0	-1.0	-1.0	-1.0	0.0	0.0	0.0	-1.0	-1.0	0.0	0.0	0.0	-1.0	0.0
22:39:25	39.1	191.8	189.1	228.9	191.1	187.3	199.7	228.1	232.6	239.7	184.6	185.0	179.5	0.1	0.2	0.2	0.2	40.1	0.0	0.2	0.1	239.7	179.5	4.0	2.3	203.1	209.6	264.3	264.2	263.5	269.6	101.1	39.0	32.0	0.0	264.1	252.0	40.0	54.7	7.5	49.1	0.0	9.4	.Autoclave.Outputs.PRESSIP\OutputValue	0.7	60.2	24.6	-1.0	0.0	-1.0	-1.0	-1.0	0.0	0.0	0.0	-1.0	-1.0	0.0	0.0	0.0	-1.0	0.0
22:39:36	39.2	192.2	189.9	229.2	191.7	187.9	200.1	228.6	235.1	240.1	185.3	185.8	180.1	0.1	0.2	0.2	0.2	40.1	0.0	0.2	0.1	240.1	180.1	3.9	1.5	203.8	210.1	263.8	263.8	263.1	268.9	100.9	39.2	32.1	0.0	264.1	252.0	40.0	57.4	7.5	49.5	0.0	14.7	.Autoclave.Outputs.PRESSIP\OutputValue	0.7	60.0	23.9	-1.0	0.0	-1.0	-1.0	-1.0	0.0	0.0	0.0	-1.0	-1.0	0.0	0.0	0.0	-1.0	0.0
22:40:24	40.0	195.4	192.9	231.6	194.8	191.0	203.0	231.2	236.0	242.5	188.1	188.3	182.6	0.1	0.2	0.2	0.2	40.5	0.0	0.2	0.1	242.5	182.6	3.8	1.8	206.5	212.6	267.0	267.0	266.3	276.1	101.0	40.0	0.8	0.0	268.6	255.7	40.0	66.8	7.7	45.5	0.0	33.6	.Autoclave.Outputs.PRESSIP\OutputValue	0.1	59.9	24.5	-1.0	0.0	-1.0	-1.0	-1.0	0.0	0.0	0.0	-1.0	-1.0	0.0	0.0	0.0	-1.0	0.0
22:41:24	41.0	199.0	196.4	235.4	198.4	194.7	206.9	234.7	239.9	246.3	191.9	192.0	186.6	0.1	0.2	0.2	0.2	40.8	0.0	0.2	0.1	246.3	186.6	4.6	3.4	210.2	216.5	271.9	272.0	271.2	282.1	101.0	41.0	1.8	0.0	273.6	260.2	40.0	68.9	7.9	40.4	0.0	37.8	.Autoclave.Outputs.PRESSIP\OutputValue	-1.2	59.7	25.6	-1.0	0.0	-1.0	-1.0	-1.0	0.0	0.0	0.0	-1.0	-1.0	0.0	0.0	0.0	-1.0	0.0
22:42:25	42.1	203.0	199.9	239.8	202.6	198.5	210.7	238.7	242.9	249.8	195.6	195.0	190.5	0.1	0.2	0.2	0.2	40.0	0.0	0.2	0.1	249.8	190.5	4.0	0.8	213.9	220.2	277.0	277.0	276.2	287.9	100.9	42.0	2.8	0.0	278.9	264.7	40.0	68.7	8.1	47.5	0.0	37.3	.Autoclave.Outputs.PRESSIP\OutputValue	-2.3	59.3	27.2	-1.0	0.0	-1.0	-1.0	-1.0	0.0	0.0	0.0	-1.0	-1.0	0.0	0.0	0.0	-1.0	0.0
22:43:24	43.0	207.2	204.2	244.3	206.5	202.2	214.9	242.7	247.1	253.8	199.4	198.8	194.1	0.1	0.2	0.2	0.2	40.3	0.0	0.2	0.1	253.8	194.1	7.2	3.8	217.9	224.0	282.0	282.0	281.3	292.3	101.1	43.0	3.8	0.0	284.3	269.2	40.0	71.4	8.3	44.7	0.0	42.8	.Autoclave.Outputs.PRESSIP\OutputValue	-2.6	59.7	28.2	-1.0	0.0	-1.0	-1.0	-1.0	0.0	0.0	0.0	-1.0	-1.0	0.0	0.0	0.0	-1.0	0.0
22:44:24	44.0	211.4	207.9	248.9	210.5	206.3	219.0	246.1	251.8	258.0	203.0	202.7	197.7	0.1	0.2	0.2	0.2	40.4	0.0	0.2	0.1	258.0	197.7	4.7	3.6	221.9	227.9	285.8	285.8	285.1	292.9	101.0	44.0	4.8	0.0	285.8	272.0	40.0	56.2	8.5	42.6	0.0	12.5	.Autoclave.Outputs.PRESSIP\OutputValue	-3.4	60.3	27.8	-1.0	0.0	-1.0	-1.0	-1.0	0.0	0.0	0.0	-1.0	-1.0	0.0	0.0	0.0	-1.0	0.0
22:45:24	45.0	215.2	212.1	250.9	213.9	209.8	222.3	248.0	255.8	259.6	206.9	205.6	201.4	0.1	0.2	0.2	0.2	40.3	0.0	0.2	0.1	259.6	201.4	4.0	2.0	225.1	230.5	284.0	284.0	283.3	289.7	100.9	45.0	5.8	0.0	284.3	272.0	40.0	58.9	8.5	42.6	0.0	17.9	.Autoclave.Outputs.PRESSIP\OutputValue	-4.1	58.2	24.4	-1.0	0.0	-1.0	-1.0	-1.0	0.0	0.0	0.0	-1.0	-1.0	0.0	0.0	0.0	-1.0	0.0
22:46:24	46.0	218.9	215.4	252.5	217.1	213.1	225.2	250.0	255.8	261.3	210.2	208.9	204.4	0.1	0.2	0.2	0.2	40.3	0.0	0.2	0.1	261.3	204.4	3.6	1.5	227.7	232.9	282.8	282.6	282.0	288.3	100.9	46.0	6.8	0.0	283.2	272.0	40.0	56.9	8.5	42.6	0.0	13.9	.Autoclave.Outputs.PRESSIP\OutputValue	-4.7	56.9	21.5	-1.0	0.0	-1.0	-1.0	-1.0	0.0	0.0	0.0	-1.0	-1.0	0.0	0.0	0.0	-1.0	0.0
22:47:24	47.0	222.0	218.4	253.5	220.2	216.4	227.9	251.4	255.8	262.5	213.2	211.7	207.5	0.1	0.2	0.2	0.2	40.3	0.0	0.2	0.1	262.5	207.5	3.4	0.9	230.0	235.0	281.7	281.7	281.0	287.0	101.1	47.0	7.8	0.0	281.6	272.0	40.0	55.0	8.5	42.0	0.0	9.9	.Autoclave.Outputs.PRESSIP\OutputValue	-5.3	55.0	19.2	-1.0	0.0	-1.0	-1.0	-1.0	0.0	0.0	0.0	-1.0	-1.0	0.0	0.0	0.0	-1.0	0.0
22:48:25	48.1	224.9	221.4	254.8	223.1	219.4	230.5	253.0	257.6	263.5	216.1	214.0	210.1	0.1	0.2	0.2	0.2	40.2	0.0	0.2	0.1	263.5	210.1	3.2	0.2	232.4	236.8	280.7	280.6	280.1	286.3	100.9	48.0	8.8	0.0	280.7	272.0	40.0	54.3	8.5	41.9	0.0	8.6	.Autoclave.Outputs.PRESSIP\OutputValue	-5.8	53.4	17.2	-1.0	0.0	-1.0	-1.0	-1.0	0.0	0.0	0.0	-1.0	-1.0	0.0	0.0	0.0	-1.0	0.0
22:49:25	49.1	227.6	224.0	255.6	225.6	222.2	232.8	253.7	259.3	264.1	218.5	216.7	212.7	0.1	0.2	0.2	0.2	40.2	0.0	0.2	0.1	264.1	212.7	3.1	0.7	234.4	238.4	280.1	280.1	279.2	285.0	101.0	49.0	9.8	0.0	280.1	272.0	40.0	57.6	8.5	42.0	0.0	15.2	.Autoclave.Outputs.PRESSIP\OutputValue	-6.0	51.4	16.0	-1.0	0.0	-1.0	-1.0	-1.0	0.0	0.0	0.0	-1.0	-1.0	0.0	0.0	0.0	-1.0	0.0
22:50:25	50.0	230.1	226.9	256.6	228.1	224.8	235.2	254.9	261.3	264.9	221.2	219.4	215.4	0.1	0.2	0.2	0.2	40.2	0.0	0.2	0.1	264.9	215.4	2.7	0.1	236.6	240.2	279.4	279.5	278.6	284.2	101.0	50.0	10.8	0.0	279.2	272.0	40.0	55.6	8.5	41.9	0.0	11.2	.Autoclave.Outputs.PRESSIP\OutputValue	-6.0	49.5	14.5	-1.0	0.0	-1.0	-1.0	-1.0	0.0	0.0	0.0	-1.0	-1.0	0.0	0.0	0.0	-1.0	0.0
22:51:25	51.0	232.6	229.4	257.6	230.5	227.4	237.2	255.7	261.6	265.5	223.5	222.0	217.8	0.1	0.2	0.2	0.2	40.2	0.0	0.2	0.1	265.5	217.8	3.0	0.4	238.4	241.7	278.7	278.7	277.9	284.0	100.9	51.0	11.8	0.0	278.5	272.0	40.0	54.9	8.5	42.0	0.0	9.8	.Autoclave.Outputs.PRESSIP\OutputValue	-6.0	47.7	13.2	-1.0	0.0	-1.0	-1.0	-1.0	0.0	0.0	0.0	-1.0	-1.0	0.0	0.0	0.0	-1.0	0.0
22:52:24	52.0	234.7	231.8	258.7	232.7	229.7	239.3	256.4	262.9	265.8	225.8	223.8	219.9	0.1	0.2	0.2	0.1	40.2	0.0	0.2	0.1	265.8	219.9	2.5	0.4	240.1	242.9	278.4	278.4	277.7	283.5	101.0	52.0	12.8	0.0	278.3	272.0	40.0	55.5	8.4	41.9	0.0	11.1	.Autoclave.Outputs.PRESSIP\OutputValue	-6.0	45.9	12.6	-1.0	0.0	-1.0	-1.0	-1.0	0.0	0.0	0.0	-1.0	-1.0	0.0	0.0	0.0	-1.0	0.0
22:53:25	53.1	236.8	234.1	259.3	234.9	231.9	241.0	257.4	263.2	266.4	227.9	225.8	222.1	0.1	0.2	0.2	0.2	40.2	0.0	0.2	0.1	266.4	222.1	2.3	0.2	241.7	244.3	277.8	277.8	277.2	283.0	101.0	53.0	13.8	0.0	277.9	272.0	40.0	56.8	8.4	42.0	0.0	13.7	.Autoclave.Outputs.PRESSIP\OutputValue	-6.0	44.3	11.4	-1.0	0.0	-1.0	-1.0	-1.0	0.0	0.0	0.0	-1.0	-1.0	0.0	0.0	0.0	-1.0	0.0
22:54:25	54.0	238.9	236.3	259.7	236.9	233.9	242.6	257.9	263.6	266.8	230.3	228.0	224.2	0.1	0.2	0.2	0.2	40.2	0.0	0.2	0.1	266.8	224.2	2.4	0.0	243.3	245.5	277.4	277.4	276.7	282.3	101.0	54.0	14.8	0.0	277.0	272.0	40.0	56.2	8.4	42.2	0.0	12.3	.Autoclave.Outputs.PRESSIP\OutputValue	-6.0	42.6	10.6	-1.0	0.0	-1.0	-1.0	-1.0	0.0	0.0	0.0	-1.0	-1.0	0.0	0.0	0.0	-1.0	0.0
22:55:24	55.0	240.6	237.5	260.4	238.7	235.9	244.2	258.2	264.3	267.4	232.4	229.9	226.0	0.1	0.2	0.2	0.2	40.2	0.0	0.2	0.1	267.4	226.0	2.5	0.1	244.6	246.7	276.7	276.9	276.1	283.1	101.0	55.0	15.8	0.0	276.8	272.0	40.0	59.5	8.4	41.7	0.0	19.0	.Autoclave.Outputs.PRESSIP\OutputValue	-6.0	41.4	9.3	-1.0	0.0	-1.0	-1.0	-1.0	0.0	0.0	0.0	-1.0	-1.0	0.0	0.0	0.0	-1.0	0.0
22:56:25	56.1	242.3	240.1	261.0	240.5	237.7	245.6	259.1	264.8	267.5	234.2	231.7	228.2	0.1	0.2	0.2	0.2	40.1	0.0	0.2	0.1	267.5	228.2	4.3	0.3	246.1	247.9	276.6	276.6	275.9	281.7	101.0	56.0	16.8	0.0	276.7	272.0	40.0	56.1	8.4	42.6	0.0	12.3	.Autoclave.Outputs.PRESSIP\OutputValue	-6.0	39.3	9.1	-1.0	0.0	-1.0	-1.0	-1.0	0.0	0.0	0.0	-1.0	-1.0	0.0	0.0	0.0	-1.0	0.0
22:57:24	57.0	243.8	241.8	262.0	242.1	239.4	247.2	259.6	265.3	267.7	236.0	233.6	230.0	0.1	0.2	0.2	0.1	40.1	0.0	0.2	0.1	267.7	230.0	1.9	0.1	247.4	248.9	276.5	276.5	275.8	281.6	100.9	57.0	17.8	0.0	276.2	272.0	40.0	54.8	8.3	42.6	0.0	9.6	.Autoclave.Outputs.PRESSIP\OutputValue	-6.0	37.7	8.8	-1.0	0.0	-1.0	-1.0	-1.0	0.0	0.0	0.0	-1.0	-1.0	0.0	0.0	0.0	-1.0	0.0
22:58:25	58.1	245.6	243.5	262.4	243.7	241.1	248.6	260.2	265.5	268.4	237.7	235.5	231.9	0.1	0.2	0.1	0.2	40.2	0.0	0.2	0.1	268.4	231.9	2.0	0.0	248.7	250.2	276.2	276.2	275.5	281.5	100.9	58.0	18.8	0.0	275.6	272.0	40.0	49.4	8.3	42.4	-1.0	0.0	.Autoclave.Outputs.PRESSIP\OutputValue	-6.0	36.5	7.8	-1.0	0.0	-1.0	-1.0	-1.0	0.0	0.0	0.0	-1.0	-1.0	0.0	0.0	0.0	-1.0	0.0
22:59:24	59.0	246.8	245.2	262.5	245.1	242.6	249.6	260.2	265.5	268.1	239.0	237.0	233.4	0.1	0.2	0.2	0.2	40.2	0.0	0.2	0.1	268.1	233.4	1.8	-0.1	249.6	250.8	275.2	275.2	274.5	281.7	101.1	59.0	19.8	0.0	276.0	272.0	40.0	60.2	8.4	42.6	0.0	20.4	.Autoclave.Outputs.PRESSIP\OutputValue	-6.0	34.7	7.1	-1.0	0.0	-1.0	-1.0	-1.0	0.0	0.0	0.0	-1.0	-1.0	0.0	0.0	0.0	-1.0	0.0
23:00:24	60.0	248.3	246.7	263.3	246.6	244.2	251.0	261.0	266.6	268.5	240.7	239.0	235.1	0.1	0.2	0.2	0.1	40.1	0.0	0.2	0.1	268.5	235.1	2.1	-0.2	250.9	251.8	275.5	275.5	274.8	280.6	101.0	60.0	20.8	0.0	275.5	272.0	40.0	55.5	8.4	42.6	0.0	11.1	.Autoclave.Outputs.PRESSIP\OutputValue	-6.0	33.4	7.0	-1.0	0.0	-1.0	-1.0	-1.0	0.0	0.0	0.0	-1.0	-1.0	0.0	0.0	0.0	-1.0	0.0
23:01:25	61.1	249.6	248.4	264.0	248.1	245.6	252.1	261.7	266.5	269.1	242.3	240.4	236.9	0.1	0.2	0.2	0.2	40.1	0.0	0.2	0.1	269.1	236.9	2.0	-0.4	252.1	253.0	275.3	275.3	274.8	280.5	100.9	61.0	21.8	0.0	275.3	272.0	40.0	55.5	8.4	42.6	0.0	11.0	.Autoclave.Outputs.PRESSIP\OutputValue	-6.0	32.2	6.2	-1.0	0.0	-1.0	-1.0	-1.0	0.0	0.0	0.0	-1.0	-1.0	0.0	0.0	0.0	-1.0	0.0
23:02:24	62.0	250.9	249.5	264.4	249.4	247.1	253.3	261.9	266.6	269.2	243.8	242.1	238.5	0.1	0.2	0.2	0.1	40.1	0.0	0.2	0.1	269.2	238.5	1.8	-0.1	253.1	253.9	275.1	275.1	274.6	280.0	100.9	62.0	22.8	0.0	274.5	272.0	40.0	52.2	8.4	42.8	0.0	4.3	.Autoclave.Outputs.PRESSIP\OutputValue	-6.0	30.7	5.9	-1.0	0.0	-1.0	-1.0	-1.0	0.0	0.0	0.0	-1.0	-1.0	0.0	0.0	0.0	-1.0	0.0
23:03:25	63.0	252.0	250.9	265.0	250.7	248.4	254.4	262.4	267.2	269.2	245.4	243.7	240.2	0.0	0.1	0.1	0.0	40.1	0.0	0.1	0.0	269.2	240.2	1.7	0.4	254.1	254.7	275.0	275.0	274.6	279.6	100.8	63.0	23.8	0.0	274.8	272.0	40.0	54.1	8.3	43.0	0.0	8.2	.Autoclave.Outputs.PRESSIP\OutputValue	-6.0	29.0	5.8	-1.0	0.0	-1.0	-1.0	-1.0	0.0	0.0	0.0	-1.0	-1.0	0.0	0.0	0.0	-1.0	0.0
23:04:24	64.0	253.2	252.1	265.4	252.1	249.8	255.4	262.9	268.2	269.4	246.6	245.1	241.8	0.0	0.1	0.1	0.1	40.1	0.0	0.1	0.0	269.4	241.8	1.6	-0.1	255.2	255.6	274.9	274.9	274.4	279.7	100.7	64.0	24.8	0.0	274.4	272.0	40.0	53.4	8.3	42.8	0.0	6.8	.Autoclave.Outputs.PRESSIP\OutputValue	-6.0	27.6	5.5	-1.0	0.0	-1.0	-1.0	-1.0	0.0	0.0	0.0	-1.0	-1.0	0.0	0.0	0.0	-1.0	0.0
23:05:24	65.0	254.2	253.2	265.7	253.2	251.0	256.3	263.0	267.9	269.8	247.8	246.4	243.1	0.0	0.1	0.1	-0.1	40.1	0.0	0.1	-0.1	269.8	243.1	1.3	-0.2	256.0	256.5	274.6	274.6	274.1	279.8	100.7	65.0	25.8	0.0	274.3	272.0	40.0	54.8	8.3	42.6	0.0	9.6	.Autoclave.Outputs.PRESSIP\OutputValue	-6.0	26.7	4.8	-1.0	0.0	-1.0	-1.0	-1.0	0.0	0.0	0.0	-1.0	-1.0	0.0	0.0	0.0	-1.0	0.0
23:06:24	66.0	255.2	254.3	265.6	254.0	252.1	257.1	263.1	269.0	269.3	249.1	247.5	244.3	0.0	0.1	0.1	0.1	39.9	0.0	0.1	0.0	269.3	244.3	1.3	-1.3	256.7	256.8	272.7	272.7	272.2	274.7	100.6	66.0	26.8	0.0	274.8	272.0	40.0	70.1	8.3	44.7	0.0	40.3	.Autoclave.Outputs.PRESSIP\OutputValue	-5.9	25.0	3.4	-1.0	0.0	-1.0	-1.0	-1.0	0.0	0.0	0.0	-1.0	-1.0	0.0	0.0	0.0	-1.0	0.0
23:07:25	67.0	256.0	255.2	266.4	255.2	253.1	258.0	263.8	268.0	269.8	250.1	248.8	245.6	0.0	0.1	0.1	0.1	40.1	0.0	0.1	0.0	269.8	245.6	1.4	0.7	257.5	257.7	274.1	274.1	273.8	280.3	100.7	67.0	27.8	0.0	274.5	272.0	40.0	58.9	8.5	42.8	0.0	17.9	.Autoclave.Outputs.PRESSIP\OutputValue	-6.0	24.2	4.3	-1.0	0.0	-1.0	-1.0	-1.0	0.0	0.0	0.0	-1.0	-1.0	0.0	0.0	0.0	-1.0	0.0
23:08:24	68.0	257.0	256.4	267.0	256.2	254.2	258.8	264.2	268.2	269.9	251.1	249.8	246.7	0.0	0.1	0.1	0.0	40.1	0.0	0.1	0.0	269.9	246.7	2.0	-0.1	258.3	258.3	274.4	274.4	274.0	279.5	100.7	68.0	28.8	0.0	274.2	272.0	40.0	54.9	8.5	43.0	0.0	9.8	.Autoclave.Outputs.PRESSIP\OutputValue	-6.0	23.2	4.5	-1.0	0.0	-1.0	-1.0	-1.0	0.0	0.0	0.0	-1.0	-1.0	0.0	0.0	0.0	-1.0	0.0
23:09:25	69.1	257.8	257.2	267.3	257.1	255.1	259.5	264.5	268.8	269.6	252.2	251.0	248.0	0.0	0.1	0.1	0.1	40.1	0.0	0.1	0.0	269.6	248.0	1.2	-1.8	259.0	258.8	274.6	274.6	273.9	279.2	100.7	69.0	29.8	0.0	274.0	272.0	40.0	50.2	8.5	42.8	0.0	0.5	.Autoclave.Outputs.PRESSIP\OutputValue	-6.0	21.6	5.0	-1.0	0.0	-1.0	-1.0	-1.0	0.0	0.0	0.0	-1.0	-1.0	0.0	0.0	0.0	-1.0	0.0
23:10:24	70.0	258.7	258.0	267.6	258.0	256.1	260.2	264.6	268.6	269.9	253.2	251.9	249.0	0.0	0.1	0.1	0.1	40.1	0.0	0.1	0.0	269.9	249.0	1.7	0.1	259.7	259.5	274.0	274.1	273.7	278.7	100.7	70.0	30.8	0.0	274.0	272.0	40.0	57.5	8.4	42.8	0.0	15.1	.Autoclave.Outputs.PRESSIP\OutputValue	-6.0	20.9	4.1	-1.0	0.0	-1.0	-1.0	-1.0	0.0	0.0	0.0	-1.0	-1.0	0.0	0.0	0.0	-1.0	0.0
23:11:25	71.1	259.3	258.8	267.9	258.9	257.0	260.9	264.8	269.1	269.8	254.2	253.0	250.2	0.0	0.1	0.1	0.1	40.1	0.0	0.1	0.0	269.8	250.2	1.2	-0.4	260.3	260.0	273.5	273.5	273.1	278.3	100.6	71.0	31.8	0.0	273.9	272.0	40.0	58.9	8.4	43.2	0.0	17.7	.Autoclave.Outputs.PRESSIP\OutputValue	-6.0	19.6	3.7	-1.0	0.0	-1.0	-1.0	-1.0	0.0	0.0	0.0	-1.0	-1.0	0.0	0.0	0.0	-1.0	0.0
23:12:25	72.1	259.9	259.6	267.9	259.5	257.7	261.4	264.8	268.9	269.6	254.9	253.8	251.2	0.0	0.1	0.1	0.1	40.1	0.0	0.1	0.0	269.6	251.2	1.0	-1.8	260.8	260.4	272.6	272.6	272.2	277.7	100.4	72.0	32.8	0.0	274.1	272.0	40.0	66.9	8.4	43.2	0.0	33.8	.Autoclave.Outputs.PRESSIP\OutputValue	-6.0	18.4	3.0	-1.0	0.0	-1.0	-1.0	-1.0	0.0	0.0	0.0	-1.0	-1.0	0.0	0.0	0.0	-1.0	0.0
23:13:24	73.0	260.6	260.3	268.4	260.3	258.6	262.1	265.3	270.8	270.6	255.8	254.9	252.2	0.0	0.1	0.1	0.1	40.0	0.0	0.1	0.0	270.8	252.2	2.8	0.6	261.7	261.5	273.8	273.7	273.3	276.0	100.5	73.0	33.8	0.0	273.8	272.0	40.0	55.6	8.4	43.9	0.0	11.1	.Autoclave.Outputs.PRESSIP\OutputValue	-6.0	18.6	3.0	-1.0	0.0	-1.0	-1.0	-1.0	0.0	0.0	0.0	-1.0	-1.0	0.0	0.0	0.0	-1.0	0.0
23:14:25	74.1	261.3	260.9	268.5	260.9	259.2	262.6	265.6	269.5	270.4	256.5	255.7	253.1	0.0	0.1	0.1	0.1	40.0	0.0	0.1	0.0	270.4	253.1	0.8	-0.5	262.0	261.8	273.6	273.6	273.1	275.6	100.4	74.0	34.8	0.0	273.8	272.0	40.0	58.9	8.5	44.1	0.0	17.8	.Autoclave.Outputs.PRESSIP\OutputValue	-6.0	17.3	3.2	-1.0	0.0	-1.0	-1.0	-1.0	0.0	0.0	0.0	-1.0	-1.0	0.0	0.0	0.0	-1.0	0.0
23:15:24	75.0	262.0	261.4	268.8	261.4	259.8	263.0	265.8	268.9	270.4	257.2	256.3	253.9	0.0	0.1	0.1	0.1	40.1	0.0	0.1	0.0	270.4	253.9	0.8	0.0	262.4	262.2	274.0	274.1	273.4	279.1	100.5	75.0	35.8	0.0	273.7	272.0	40.0	54.3	8.5	42.6	0.0	8.6	.Autoclave.Outputs.PRESSIP\OutputValue	-6.0	16.5	3.6	-1.0	0.0	-1.0	-1.0	-1.0	0.0	0.0	0.0	-1.0	-1.0	0.0	0.0	0.0	-1.0	0.0
23:16:24	76.0	262.4	262.0	269.2	262.1	260.4	263.4	266.2	270.8	270.4	257.8	257.1	254.9	0.0	0.1	0.1	0.0	40.1	0.0	0.1	0.0	270.8	254.9	1.1	-1.4	263.1	262.9	273.9	273.8	273.3	279.0	100.4	76.0	36.8	0.0	273.6	272.0	40.0	54.3	8.5	42.8	0.0	8.6	.Autoclave.Outputs.PRESSIP\OutputValue	-6.0	15.9	3.1	-1.0	0.0	-1.0	-1.0	-1.0	0.0	0.0	0.0	-1.0	-1.0	0.0	0.0	0.0	-1.0	0.0
23:17:25	77.1	262.8	262.4	268.9	262.4	260.9	263.8	265.7	270.0	270.1	258.5	257.6	255.5	0.0	0.1	0.1	0.1	39.9	0.0	0.1	0.0	270.1	255.5	0.7	-0.6	263.2	262.8	272.5	272.4	271.7	274.4	100.4	77.0	37.8	0.0	274.1	272.0	40.0	65.7	8.5	44.7	0.0	31.3	.Autoclave.Outputs.PRESSIP\OutputValue	-6.0	14.6	2.4	-1.0	0.0	-1.0	-1.0	-1.0	0.0	0.0	0.0	-1.0	-1.0	0.0	0.0	0.0	-1.0	0.0
23:18:24	78.0	263.3	262.9	269.3	263.0	261.4	264.2	266.3	270.0	270.6	259.0	258.3	256.2	0.0	0.1	0.1	0.1	40.1	0.0	0.1	0.0	270.6	256.2	0.7	0.2	263.7	263.4	273.6	273.6	272.9	278.7	100.3	78.0	38.8	0.0	273.2	272.0	40.0	53.7	8.6	43.0	0.0	7.4	.Autoclave.Outputs.PRESSIP\OutputValue	-6.0	14.4	3.0	-1.0	0.0	-1.0	-1.0	-1.0	0.0	0.0	0.0	-1.0	-1.0	0.0	0.0	0.0	-1.0	0.0
23:19:25	79.0	263.8	263.4	269.3	263.5	262.1	264.6	266.4	270.4	270.7	259.7	259.1	256.8	0.0	0.1	0.1	0.0	40.1	0.0	0.1	0.0	270.7	256.8	0.7	0.2	264.2	263.8	273.5	273.6	272.8	278.9	100.4	79.0	39.8	0.0	273.2	272.0	40.0	57.0	8.6	43.0	0.0	14.1	.Autoclave.Outputs.PRESSIP\OutputValue	-6.0	13.9	2.8	-1.0	0.0	-1.0	-1.0	-1.0	0.0	0.0	0.0	-1.0	-1.0	0.0	0.0	0.0	-1.0	0.0
23:20:24	80.0	264.1	263.8	269.3	263.8	262.4	264.8	266.3	269.8	270.5	260.2	259.5	257.6	0.0	0.1	0.1	0.0	40.1	0.0	0.1	0.0	270.5	257.6	0.7	-0.2	264.3	264.1	272.9	273.0	272.2	279.2	100.4	80.0	40.8	0.0	273.8	272.0	40.0	49.1	8.6	42.4	0.0	0.0	.Autoclave.Outputs.PRESSIP\OutputValue	-6.0	12.9	2.4	-1.0	0.0	-1.0	-1.0	-1.0	0.0	0.0	0.0	-1.0	-1.0	0.0	0.0	0.0	-1.0	0.0
23:21:24	81.0	264.6	264.2	269.8	264.3	262.9	265.2	266.8	270.8	270.7	260.8	260.0	258.3	0.0	0.1	0.1	0.0	40.1	0.0	0.1	0.0	270.8	258.3	0.7	-0.1	264.9	264.6	273.6	273.6	272.9	278.3	100.4	81.0	41.8	0.0	273.4	272.0	40.0	55.1	8.6	42.8	0.0	10.1	.Autoclave.Outputs.PRESSIP\OutputValue	-6.0	12.5	2.8	-1.0	0.0	-1.0	-1.0	-1.0	0.0	0.0	0.0	-1.0	-1.0	0.0	0.0	0.0	-1.0	0.0
23:22:25	82.1	265.0	264.7	269.7	264.5	263.3	265.7	266.7	269.5	270.7	261.4	260.8	259.0	0.0	0.1	0.1	0.1	39.8	0.0	0.1	0.0	270.7	259.0	0.9	0.0	265.1	264.9	272.8	272.6	272.0	271.5	100.4	82.0	42.8	0.0	273.3	272.0	40.0	59.7	8.6	45.4	0.0	19.4	.Autoclave.Outputs.PRESSIP\OutputValue	-6.0	11.7	2.1	-1.0	0.0	-1.0	-1.0	-1.0	0.0	0.0	0.0	-1.0	-1.0	0.0	0.0	0.0	-1.0	0.0
23:23:25	83.0	265.3	265.1	269.6	264.8	263.6	265.8	266.7	269.6	270.6	261.7	261.0	259.6	0.0	0.1	0.1	0.0	40.1	-0.2	0.1	0.0	270.6	259.6	0.6	-0.7	265.3	265.1	272.7	272.8	272.1	279.2	100.4	83.0	43.8	0.0	272.5	272.0	40.0	61.9	8.7	42.6	0.0	23.7	.Autoclave.Outputs.PRESSIP\OutputValue	-6.0	11.0	2.1	-1.0	0.0	-1.0	-1.0	-1.0	0.0	0.0	0.0	-1.0	-1.0	0.0	0.0	0.0	-1.0	0.0
23:24:15	83.9	265.7	265.4	269.8	265.2	264.0	266.1	267.1	273.0	271.0	262.4	261.8	260.3	0.0	0.1	0.1	0.1	40.1	0.0	0.1	0.0	273.0	260.3	1.0	-1.0	266.0	266.7	273.1	273.1	272.3	278.0	100.4	83.9	44.6	0.0	272.7	272.0	40.0	49.2	8.7	43.2	0.0	0.0	.Autoclave.Outputs.PRESSIP\OutputValue	-6.0	12.7	1.8	-1.0	0.0	-1.0	-1.0	-1.0	0.0	0.0	0.0	-1.0	-1.0	0.0	0.0	0.0	-1.0	0.0
23:24:24	84.0	265.8	265.5	269.8	265.2	264.1	266.2	267.4	270.4	270.6	262.4	261.9	260.2	0.0	0.1	0.1	0.1	40.1	0.0	0.1	0.0	270.6	260.2	0.9	-0.7	265.8	265.4	272.9	273.0	272.2	277.9	100.6	84.0	0.2	70.8	272.9	272.0	40.0	57.8	8.7	43.4	0.0	15.7	.Autoclave.Outputs.PRESSIP\OutputValue	-6.0	10.4	2.3	-1.0	0.0	-1.0	-1.0	-1.0	0.0	0.0	0.0	-1.0	-1.0	0.0	0.0	0.0	-1.0	0.0
23:25:24	85.0	266.0	265.8	269.5	265.5	264.5	266.5	266.9	270.6	270.1	262.9	262.3	260.7	0.0	0.1	0.1	0.1	39.8	0.0	0.1	0.0	270.6	260.7	1.7	-0.6	265.9	265.7	271.3	271.3	270.5	269.7	100.4	85.0	1.2	69.8	273.5	272.0	40.0	70.5	8.7	46.3	0.0	41.1	.Autoclave.Outputs.PRESSIP\OutputValue	-5.9	9.9	0.7	-1.0	0.0	-1.0	-1.0	-1.0	0.0	0.0	0.0	-1.0	-1.0	0.0	0.0	0.0	-1.0	0.0
23:26:25	86.0	266.1	266.0	269.7	265.8	264.7	266.7	267.4	270.4	270.3	263.1	262.6	261.1	0.0	0.1	0.1	0.0	40.1	0.0	0.1	0.0	270.4	261.1	0.4	-0.4	266.2	265.8	272.3	272.3	271.6	278.4	100.5	86.0	2.2	68.8	273.4	272.0	40.0	67.4	8.9	43.1	0.0	34.8	.Autoclave.Outputs.PRESSIP\OutputValue	-5.9	9.3	1.9	-1.0	0.0	-1.0	-1.0	-1.0	0.0	0.0	0.0	-1.0	-1.0	0.0	0.0	0.0	-1.0	0.0
23:27:24	87.0	266.5	266.2	270.0	266.1	265.1	266.9	267.4	269.9	270.8	263.6	263.1	261.6	0.0	0.1	0.1	0.1	40.1	0.0	0.1	0.0	270.8	261.6	0.6	-0.6	266.4	266.2	272.9	272.9	272.2	278.9	100.6	87.0	3.2	67.8	273.3	272.0	40.0	60.1	9.0	42.8	0.0	20.2	.Autoclave.Outputs.PRESSIP\OutputValue	-6.0	9.2	2.1	-1.0	0.0	-1.0	-1.0	-1.0	0.0	0.0	0.0	-1.0	-1.0	0.0	0.0	0.0	-1.0	0.0
23:28:24	88.0	266.6	266.5	269.5	266.2	265.3	267.0	267.2	269.9	269.8	263.9	263.3	262.1	0.0	0.1	0.1	0.1	40.0	0.0	0.1	0.0	269.9	262.1	0.5	-0.5	266.4	266.0	271.0	271.1	270.4	275.3	100.6	88.0	4.2	66.8	273.3	272.0	40.0	75.5	9.0	44.2	0.0	51.0	.Autoclave.Outputs.PRESSIP\OutputValue	-5.9	7.8	1.1	-1.0	0.0	-1.0	-1.0	-1.0	0.0	0.0	0.0	-1.0	-1.0	0.0	0.0	0.0	-1.0	0.0
23:29:24	89.0	267.0	266.7	270.2	266.6	265.6	267.3	267.5	269.8	270.9	264.1	263.7	262.5	0.0	0.1	0.1	0.1	40.1	0.0	0.1	0.0	270.9	262.5	0.6	-0.3	266.8	266.7	273.3	273.3	272.5	279.1	100.6	89.0	5.2	65.8	273.4	272.0	40.0	57.6	9.1	42.6	0.0	15.2	.Autoclave.Outputs.PRESSIP\OutputValue	-6.0	8.4	2.4	-1.0	0.0	-1.0	-1.0	-1.0	0.0	0.0	0.0	-1.0	-1.0	0.0	0.0	0.0	-1.0	0.0
23:30:24	90.0	267.1	267.0	270.0	266.8	265.9	267.4	267.4	270.9	270.2	264.5	264.0	262.8	0.0	0.1	0.1	0.0	40.1	0.0	0.1	0.0	270.9	262.8	0.5	-0.4	267.0	266.9	271.8	271.9	271.1	278.6	100.7	90.0	6.2	64.8	273.5	272.0	40.0	71.0	9.2	42.9	0.0	42.1	.Autoclave.Outputs.PRESSIP\OutputValue	-5.9	8.1	0.9	-1.0	0.0	-1.0	-1.0	-1.0	0.0	0.0	0.0	-1.0	-1.0	0.0	0.0	0.0	-1.0	0.0
23:31:24	91.0	267.4	267.2	270.5	267.0	266.2	267.7	268.0	271.0	270.8	264.9	264.5	263.4	0.0	0.1	0.1	0.0	40.1	0.0	0.1	0.0	271.0	263.4	0.7	0.2	267.4	267.2	273.3	273.3	272.6	278.6	100.6	91.0	7.2	63.8	273.0	272.0	40.0	54.4	9.3	42.8	0.0	8.8	.Autoclave.Outputs.PRESSIP\OutputValue	-6.0	7.6	2.3	-1.0	0.0	-1.0	-1.0	-1.0	0.0	0.0	0.0	-1.0	-1.0	0.0	0.0	0.0	-1.0	0.0
23:32:25	92.0	267.7	267.6	270.4	267.2	266.4	268.0	267.9	270.8	270.7	265.1	265.0	263.8	0.0	0.1	0.1	0.1	40.0	0.0	0.1	0.0	270.8	263.8	0.7	-0.1	267.6	267.3	272.8	272.7	272.0	274.4	100.5	92.0	8.2	62.8	272.7	272.0	40.0	58.4	9.2	44.1	0.0	16.7	.Autoclave.Outputs.PRESSIP\OutputValue	-6.0	7.0	2.0	-1.0	0.0	-1.0	-1.0	-1.0	0.0	0.0	0.0	-1.0	-1.0	0.0	0.0	0.0	-1.0	0.0
23:33:24	93.0	268.0	267.8	270.5	267.4	266.7	268.1	268.0	270.9	271.1	265.4	265.2	264.1	0.0	0.1	0.1	0.2	39.7	0.0	0.2	0.0	271.1	264.1	0.4	0.0	267.8	267.6	272.7	272.7	272.0	270.7	100.4	93.0	9.2	61.8	272.6	272.0	40.0	55.7	9.2	46.6	0.0	11.4	.Autoclave.Outputs.PRESSIP\OutputValue	-6.0	7.0	1.6	-1.0	0.0	-1.0	-1.0	-1.0	0.0	0.0	0.0	-1.0	-1.0	0.0	0.0	0.0	-1.0	0.0
23:34:24	94.0	268.0	267.8	270.1	267.5	266.8	268.0	267.9	270.5	270.8	265.5	265.3	264.3	0.0	0.1	0.1	-0.1	40.1	0.0	0.1	-0.1	270.8	264.3	0.3	-0.5	267.7	267.6	272.1	272.1	271.3	277.7	100.6	94.0	10.2	60.8	273.3	272.0	40.0	66.0	9.5	43.3	0.0	31.9	.Autoclave.Outputs.PRESSIP\OutputValue	-5.9	6.5	1.3	-1.0	0.0	-1.0	-1.0	-1.0	0.0	0.0	0.0	-1.0	-1.0	0.0	0.0	0.0	-1.0	0.0
23:35:24	95.0	268.1	268.1	270.3	267.7	267.0	268.4	268.0	270.3	270.9	266.0	265.7	264.8	0.0	0.1	0.1	0.0	40.0	0.0	0.1	0.0	270.9	264.8	0.6	0.0	267.9	267.9	272.2	272.2	271.5	274.2	100.5	95.0	11.2	59.8	273.3	272.0	40.0	64.0	9.5	44.5	0.0	28.0	.Autoclave.Outputs.PRESSIP\OutputValue	-6.0	6.1	1.3	-1.0	0.0	-1.0	-1.0	-1.0	0.0	0.0	0.0	-1.0	-1.0	0.0	0.0	0.0	-1.0	0.0
23:36:24	96.0	268.4	268.3	270.7	268.0	267.2	268.5	268.4	272.3	271.3	266.2	266.1	265.2	0.0	0.1	0.1	0.1	40.1	0.0	0.1	0.0	272.3	265.2	0.5	-0.5	268.4	268.8	273.0	273.0	272.3	278.3	100.4	96.0	12.2	58.8	272.9	272.0	40.0	50.0	9.6	42.8	0.0	0.1	.Autoclave.Outputs.PRESSIP\OutputValue	-6.0	7.1	0.7	-1.0	0.0	-1.0	-1.0	-1.0	0.0	0.0	0.0	-1.0	-1.0	0.0	0.0	0.0	-1.0	0.0
23:37:25	97.1	268.5	268.4	270.4	268.1	267.4	268.6	268.3	271.0	270.8	266.4	266.2	265.4	0.0	0.1	0.1	-0.2	40.0	0.0	0.1	-0.2	271.0	265.4	0.9	-0.6	268.3	268.2	272.1	272.0	271.4	275.4	100.4	97.0	13.2	57.8	272.3	272.0	40.0	62.1	9.6	44.3	0.0	24.1	.Autoclave.Outputs.PRESSIP\OutputValue	-6.0	5.6	1.1	-1.0	0.0	-1.0	-1.0	-1.0	0.0	0.0	0.0	-1.0	-1.0	0.0	0.0	0.0	-1.0	0.0
23:38:25	98.1	268.7	268.5	270.7	268.2	267.6	268.8	268.7	270.9	271.4	266.7	266.5	265.7	0.0	0.1	0.1	-0.5	40.0	0.0	0.1	-0.5	271.4	265.7	0.7	-1.2	268.5	268.6	272.9	272.9	272.2	278.0	100.6	98.0	14.2	56.8	272.7	272.0	40.0	55.4	9.6	43.5	0.0	10.8	.Autoclave.Outputs.PRESSIP\OutputValue	-6.0	5.7	1.5	-1.0	0.0	-1.0	-1.0	-1.0	0.0	0.0	0.0	-1.0	-1.0	0.0	0.0	0.0	-1.0	0.0
23:39:24	99.0	268.7	268.7	270.7	268.4	267.7	268.8	268.4	270.6	270.9	266.9	266.7	265.9	0.0	0.1	0.1	0.5	40.1	0.0	0.5	0.0	270.9	265.9	1.3	-0.7	268.5	268.4	272.0	272.0	271.3	278.4	100.6	99.0	15.2	55.8	272.9	272.0	40.0	62.8	9.7	43.0	0.0	25.6	.Autoclave.Outputs.PRESSIP\OutputValue	-6.0	5.0	1.1	-1.0	0.0	-1.0	-1.0	-1.0	0.0	0.0	0.0	-1.0	-1.0	0.0	0.0	0.0	-1.0	0.0
23:40:24	100.0	269.0	268.9	270.9	268.5	268.0	269.0	268.9	270.5	271.4	267.1	267.0	266.3	0.0	0.1	0.1	0.0	40.1	0.0	0.1	0.0	271.4	266.3	0.7	0.1	268.8	268.9	272.7	272.8	272.0	278.3	100.6	100.0	16.2	54.8	272.4	272.0	40.0	57.5	9.7	42.8	0.0	14.9	.Autoclave.Outputs.PRESSIP\OutputValue	-6.0	5.1	1.3	-1.0	0.0	-1.0	-1.0	-1.0	0.0	0.0	0.0	-1.0	-1.0	0.0	0.0	0.0	-1.0	0.0
23:41:24	101.0	268.7	268.9	270.0	268.4	267.9	268.7	268.0	271.7	270.1	267.4	267.0	266.5	0.0	0.1	0.1	0.4	40.0	0.0	0.4	0.0	271.7	266.5	0.3	-1.0	268.6	269.1	269.6	269.6	268.8	274.2	100.4	101.0	17.2	53.8	273.8	272.0	40.0	85.6	9.8	44.3	0.0	71.2	.Autoclave.Outputs.PRESSIP\OutputValue	-5.8	5.2	-2.1	-1.0	0.0	-1.0	-1.0	-1.0	0.0	0.0	0.0	-1.0	-1.0	0.0	0.0	0.0	-1.0	0.0
23:42:25	102.0	269.1	269.1	270.7	268.7	268.1	269.1	268.8	270.7	271.2	267.6	267.3	266.7	0.0	0.1	0.1	0.1	40.1	0.0	0.1	0.0	271.2	266.7	0.9	-0.2	268.9	269.0	272.5	272.5	271.8	278.4	100.5	102.0	18.2	52.8	272.7	272.0	40.0	61.1	9.9	43.3	0.0	22.1	.Autoclave.Outputs.PRESSIP\OutputValue	-5.9	4.5	1.3	-1.0	0.0	-1.0	-1.0	-1.0	0.0	0.0	0.0	-1.0	-1.0	0.0	0.0	0.0	-1.0	0.0
23:43:25	103.1	269.2	269.2	270.7	268.7	268.3	269.2	268.7	269.9	270.8	267.9	267.5	266.9	0.0	0.1	0.1	-0.2	40.0	0.0	0.1	-0.2	270.8	266.9	0.3	-0.4	268.9	268.9	271.7	271.6	270.9	276.0	100.4	103.0	19.2	51.8	273.3	272.0	40.0	65.1	10.0	44.1	0.0	30.2	.Autoclave.Outputs.PRESSIP\OutputValue	-6.0	3.9	0.9	-1.0	0.0	-1.0	-1.0	-1.0	0.0	0.0	0.0	-1.0	-1.0	0.0	0.0	0.0	-1.0	0.0
23:44:24	104.0	269.5	269.4	271.0	268.9	268.4	269.3	269.0	272.4	271.4	268.1	267.7	267.2	0.0	0.1	0.1	0.2	40.1	0.0	0.2	0.0	272.4	267.2	0.3	-0.4	269.4	269.8	272.4	272.4	271.7	277.3	100.6	104.0	20.2	50.8	272.7	272.0	40.0	62.5	10.0	43.4	0.0	24.9	.Autoclave.Outputs.PRESSIP\OutputValue	-6.0	5.2	0.0	-1.0	0.0	-1.0	-1.0	-1.0	0.0	0.0	0.0	-1.0	-1.0	0.0	0.0	0.0	-1.0	0.0
23:45:25	105.0	269.5	269.5	270.5	268.9	268.5	269.4	268.8	269.0	270.9	268.1	267.9	267.4	0.0	0.1	0.1	0.0	40.1	0.0	0.1	0.0	270.9	267.4	0.4	-1.5	269.0	269.2	271.7	271.6	271.0	277.7	100.6	105.0	21.2	49.8	273.2	272.0	40.0	67.8	10.0	43.2	0.0	35.7	.Autoclave.Outputs.PRESSIP\OutputValue	-6.0	3.5	0.8	-1.0	0.0	-1.0	-1.0	-1.0	0.0	0.0	0.0	-1.0	-1.0	0.0	0.0	0.0	-1.0	0.0
23:46:25	106.1	269.7	269.7	271.0	269.1	268.8	269.7	269.2	271.0	270.8	268.4	268.3	267.7	0.0	0.1	0.1	0.0	39.8	0.0	0.1	0.0	271.0	267.7	0.8	0.2	269.5	269.4	271.7	271.5	271.0	271.0	100.5	106.0	22.2	48.8	272.6	272.0	40.0	65.2	10.0	45.9	0.0	30.4	.Autoclave.Outputs.PRESSIP\OutputValue	-5.9	3.3	0.7	-1.0	0.0	-1.0	-1.0	-1.0	0.0	0.0	0.0	-1.0	-1.0	0.0	0.0	0.0	-1.0	0.0
23:47:24	107.0	269.7	269.8	271.0	269.3	268.9	269.7	269.5	270.8	271.1	268.5	268.5	268.0	0.0	0.1	0.1	0.1	40.1	0.0	0.1	0.0	271.1	268.0	0.5	-0.1	269.6	269.6	272.7	272.7	272.2	278.5	100.6	107.0	23.2	47.8	272.8	272.0	40.0	56.6	10.2	43.0	0.0	13.3	.Autoclave.Outputs.PRESSIP\OutputValue	-6.0	3.1	1.6	-1.0	0.0	-1.0	-1.0	-1.0	0.0	0.0	0.0	-1.0	-1.0	0.0	0.0	0.0	-1.0	0.0
23:48:25	108.0	269.7	269.8	270.7	269.1	268.9	269.5	268.5	269.9	270.3	268.6	268.4	268.0	0.0	0.1	0.1	0.2	40.0	0.0	0.2	0.0	270.7	268.0	0.3	-2.1	269.3	269.3	269.7	269.8	269.1	273.3	100.7	108.0	24.2	46.8	272.7	272.0	40.0	72.7	10.3	44.9	0.0	45.5	.Autoclave.Outputs.PRESSIP\OutputValue	-5.8	2.7	-0.9	-1.0	0.0	-1.0	-1.0	-1.0	0.0	0.0	0.0	-1.0	-1.0	0.0	0.0	0.0	-1.0	0.0
23:49:25	109.1	269.9	269.8	271.1	269.4	269.1	269.7	269.1	270.7	270.8	268.7	268.7	268.2	0.0	0.1	0.1	-0.6	40.1	0.0	0.1	-0.6	271.1	268.2	1.7	-0.1	269.6	269.6	272.1	272.1	271.6	278.5	100.5	109.0	25.2	45.8	272.8	272.0	40.0	65.1	10.4	42.9	0.0	30.3	.Autoclave.Outputs.PRESSIP\OutputValue	-5.9	2.9	1.1	-1.0	0.0	-1.0	-1.0	-1.0	0.0	0.0	0.0	-1.0	-1.0	0.0	0.0	0.0	-1.0	0.0
23:50:24	110.0	269.9	269.9	270.5	269.3	269.1	269.7	268.6	270.4	269.9	269.0	268.9	268.5	0.0	0.1	0.1	-0.5	39.8	0.0	0.1	-0.5	270.5	268.5	0.4	-0.4	269.5	269.5	270.0	270.1	269.4	268.9	100.5	110.0	26.2	44.8	273.4	272.0	40.0	80.5	10.5	46.3	0.0	61.0	.Autoclave.Outputs.PRESSIP\OutputValue	-5.8	2.0	-0.4	-1.0	0.0	-1.0	-1.0	-1.0	0.0	0.0	0.0	-1.0	-1.0	0.0	0.0	0.0	-1.0	0.0
23:51:24	111.0	269.9	269.9	271.0	269.6	269.2	269.7	269.2	270.7	270.7	269.0	268.9	268.5	0.0	0.1	0.1	0.0	40.1	0.0	0.1	0.0	271.0	268.5	0.4	-0.5	269.7	269.7	272.0	272.0	271.6	277.8	100.5	111.0	27.2	43.8	273.0	272.0	40.0	65.1	10.7	43.3	0.0	30.3	.Autoclave.Outputs.PRESSIP\OutputValue	-5.9	2.5	1.1	-1.0	0.0	-1.0	-1.0	-1.0	0.0	0.0	0.0	-1.0	-1.0	0.0	0.0	0.0	-1.0	0.0
23:52:24	112.0	270.1	270.1	271.6	269.7	269.3	269.9	269.8	271.0	271.0	269.2	269.3	268.8	0.0	0.1	0.1	0.1	40.0	0.0	0.1	0.0	271.6	268.8	0.8	0.1	270.0	270.2	272.9	273.0	272.4	276.9	100.4	112.0	28.2	42.8	272.4	272.0	40.0	56.0	10.7	43.4	0.0	12.0	.Autoclave.Outputs.PRESSIP\OutputValue	-6.0	2.8	1.4	-1.0	0.0	-1.0	-1.0	-1.0	0.0	0.0	0.0	-1.0	-1.0	0.0	0.0	0.0	-1.0	0.0
23:53:25	113.1	270.1	270.0	271.3	269.7	269.4	269.9	269.8	270.6	271.0	269.2	269.3	268.9	0.0	0.1	0.1	0.1	40.1	0.0	0.1	0.0	271.3	268.9	0.2	-0.6	269.9	270.1	272.5	272.5	271.9	277.9	100.4	113.0	29.2	41.8	272.8	272.0	40.0	61.5	10.8	43.0	0.0	22.9	.Autoclave.Outputs.PRESSIP\OutputValue	-6.0	2.4	1.3	-1.0	0.0	-1.0	-1.0	-1.0	0.0	0.0	0.0	-1.0	-1.0	0.0	0.0	0.0	-1.0	0.0
23:54:25	114.1	270.3	270.2	271.7	269.8	269.5	270.0	269.9	271.2	271.3	269.5	269.4	269.2	0.0	0.1	0.1	0.1	40.1	0.0	0.1	0.0	271.7	269.2	0.4	0.1	270.2	270.4	272.9	272.9	272.4	277.7	100.4	114.0	30.2	40.8	272.4	272.0	40.0	56.1	10.7	43.2	0.0	12.2	.Autoclave.Outputs.PRESSIP\OutputValue	-6.0	2.5	1.3	-1.0	0.0	-1.0	-1.0	-1.0	0.0	0.0	0.0	-1.0	-1.0	0.0	0.0	0.0	-1.0	0.0
23:55:24	115.0	270.0	270.1	270.8	269.5	269.4	269.7	269.0	269.6	269.9	269.5	269.3	269.2	0.0	0.1	0.1	0.0	40.0	0.0	0.1	0.0	270.8	269.0	0.1	-1.0	269.7	269.9	269.1	269.1	268.7	273.4	100.4	115.0	31.2	39.8	273.4	272.0	40.0	87.5	10.8	44.4	0.0	75.1	.Autoclave.Outputs.PRESSIP\OutputValue	-5.8	1.7	-1.6	-1.0	0.0	-1.0	-1.0	-1.0	0.0	0.0	0.0	-1.0	-1.0	0.0	0.0	0.0	-1.0	0.0
23:56:25	116.1	270.2	270.1	271.4	269.9	269.5	269.9	269.9	270.6	270.8	269.5	269.5	269.3	0.0	0.1	0.1	0.1	40.2	0.0	0.1	0.0	271.4	269.3	0.8	-0.1	270.1	270.3	272.3	272.3	271.8	278.9	100.2	116.0	32.2	38.8	272.6	272.0	40.0	61.0	11.0	42.9	0.0	22.0	.Autoclave.Outputs.PRESSIP\OutputValue	-5.9	2.1	1.0	-1.0	0.0	-1.0	-1.0	-1.0	0.0	0.0	0.0	-1.0	-1.0	0.0	0.0	0.0	-1.0	0.0
23:57:24	117.0	270.3	270.2	271.0	269.7	269.6	269.9	269.4	271.5	270.4	269.6	269.6	269.4	0.0	0.1	0.1	0.0	39.9	0.0	0.1	0.0	271.5	269.4	0.1	-0.7	270.1	270.5	270.3	270.3	269.8	271.6	100.3	117.0	33.2	37.8	273.0	272.0	40.0	77.0	11.0	45.2	0.0	54.1	.Autoclave.Outputs.PRESSIP\OutputValue	-5.9	2.1	-1.2	-1.0	0.0	-1.0	-1.0	-1.0	0.0	0.0	0.0	-1.0	-1.0	0.0	0.0	0.0	-1.0	0.0
23:58:24	118.0	270.4	270.3	271.6	270.0	269.6	270.0	270.0	271.0	271.1	269.7	269.7	269.4	0.0	0.1	0.1	0.0	40.1	0.0	0.1	0.0	271.6	269.4	0.9	-0.1	270.2	270.5	272.5	272.5	272.0	278.2	100.3	118.0	34.2	36.8	272.3	272.0	40.0	57.2	11.1	42.8	0.0	14.3	.Autoclave.Outputs.PRESSIP\OutputValue	-6.0	2.2	1.0	-1.0	0.0	-1.0	-1.0	-1.0	0.0	0.0	0.0	-1.0	-1.0	0.0	0.0	0.0	-1.0	0.0
23:59:24	119.0	270.2	270.2	270.9	269.8	269.5	269.6	269.4	271.5	270.0	269.7	269.5	269.4	0.0	0.1	0.1	0.1	40.0	0.0	0.1	0.0	271.5	269.4	0.1	-1.8	270.0	270.5	269.6	269.6	268.9	274.8	100.1	119.0	35.2	35.8	272.4	272.0	40.0	77.7	11.3	43.8	0.0	55.5	.Autoclave.Outputs.PRESSIP\OutputValue	-5.8	2.1	-1.9	-1.0	0.0	-1.0	-1.0	-1.0	0.0	0.0	0.0	-1.0	-1.0	0.0	0.0	0.0	-1.0	0.0
00:00:24	120.0	270.4	270.2	271.5	270.0	269.6	270.0	269.8	270.8	270.9	269.6	269.5	269.3	0.0	0.1	0.1	0.0	40.1	0.0	0.1	0.0	271.5	269.3	1.3	-0.2	270.1	270.4	272.3	272.3	271.7	278.4	100.1	120.0	36.2	34.8	272.5	272.0	40.0	53.2	11.4	42.8	0.0	6.4	.Autoclave.Outputs.PRESSIP\OutputValue	-6.0	2.2	0.9	-1.0	0.0	-1.0	-1.0	-1.0	0.0	0.0	0.0	-1.0	-1.0	0.0	0.0	0.0	-1.0	0.0
00:01:24	121.0	270.3	270.2	270.9	269.8	269.5	269.8	269.4	270.4	269.9	269.6	269.4	269.3	0.0	0.0	0.1	0.0	40.0	0.0	0.1	0.0	270.9	269.3	0.7	-0.7	269.9	270.1	270.1	270.1	269.5	273.2	100.2	121.0	37.2	33.8	273.0	272.0	40.0	78.8	11.4	44.4	0.0	57.6	.Autoclave.Outputs.PRESSIP\OutputValue	-5.9	1.6	-0.7	-1.0	0.0	-1.0	-1.0	-1.0	0.0	0.0	0.0	-1.0	-1.0	0.0	0.0	0.0	-1.0	0.0
00:02:24	122.0	270.4	270.3	271.5	269.9	269.6	269.9	269.9	271.3	271.2	269.7	269.6	269.3	0.0	0.1	0.1	0.1	40.2	0.0	0.1	0.0	271.5	269.3	0.7	-0.2	270.2	270.4	272.6	272.6	271.9	279.1	100.2	122.0	38.2	32.8	272.5	272.0	40.0	58.9	11.6	42.2	0.0	17.9	.Autoclave.Outputs.PRESSIP\OutputValue	-6.0	2.2	1.2	-1.0	0.0	-1.0	-1.0	-1.0	0.0	0.0	0.0	-1.0	-1.0	0.0	0.0	0.0	-1.0	0.0
00:03:24	123.0	270.5	270.3	271.5	270.1	269.7	270.2	269.9	270.6	271.1	269.8	269.8	269.6	0.0	0.1	0.1	0.1	40.0	0.0	0.1	0.0	271.5	269.6	1.1	0.0	270.3	270.5	272.5	272.5	271.7	274.5	100.4	123.0	39.2	31.8	272.3	272.0	40.0	57.6	11.5	44.5	0.0	15.1	.Autoclave.Outputs.PRESSIP\OutputValue	-6.0	1.9	1.1	-1.0	0.0	-1.0	-1.0	-1.0	0.0	0.0	0.0	-1.0	-1.0	0.0	0.0	0.0	-1.0	0.0
00:04:25	124.0	270.5	270.3	271.4	270.0	269.7	270.0	270.2	270.8	270.8	269.7	269.7	269.5	0.0	0.0	0.1	0.1	40.1	0.0	0.1	0.0	271.4	269.5	0.3	-0.3	270.2	270.4	272.4	272.4	271.6	278.3	100.4	124.0	40.2	30.8	272.1	272.0	40.0	57.4	11.7	42.8	0.0	14.9	.Autoclave.Outputs.PRESSIP\OutputValue	-6.0	1.9	1.1	-1.0	0.0	-1.0	-1.0	-1.0	0.0	0.0	0.0	-1.0	-1.0	0.0	0.0	0.0	-1.0	0.0
00:05:25	125.1	270.5	270.4	271.1	269.9	269.8	270.2	269.7	270.6	270.8	270.0	269.8	269.5	0.0	0.1	0.1	0.1	39.8	0.0	0.1	0.0	271.1	269.5	0.5	-0.3	270.2	270.3	270.8	270.5	269.9	268.6	100.2	125.0	41.2	29.8	272.9	272.0	40.0	73.0	11.6	46.5	0.0	46.0	.Autoclave.Outputs.PRESSIP\OutputValue	-5.9	1.6	-0.2	-1.0	0.0	-1.0	-1.0	-1.0	0.0	0.0	0.0	-1.0	-1.0	0.0	0.0	0.0	-1.0	0.0
00:06:25	126.1	270.5	270.4	271.3	270.0	269.6	270.0	270.1	270.3	271.1	269.9	269.9	269.7	0.0	0.1	0.1	0.1	40.1	0.0	0.1	0.0	271.3	269.6	0.2	-1.5	270.2	270.4	272.1	272.2	271.4	277.8	100.3	126.0	42.2	28.8	272.7	272.0	40.0	64.5	11.8	42.8	0.0	29.0	.Autoclave.Outputs.PRESSIP\OutputValue	-6.0	1.6	0.9	-1.0	0.0	-1.0	-1.0	-1.0	0.0	0.0	0.0	-1.0	-1.0	0.0	0.0	0.0	-1.0	0.0
00:07:24	127.0	270.5	270.5	270.9	269.9	269.8	270.2	269.4	271.0	270.0	270.0	270.0	269.9	0.0	0.1	0.1	0.1	39.7	0.0	0.1	0.0	271.0	269.4	1.2	-0.4	270.2	270.2	270.1	270.1	269.3	267.1	100.2	127.0	43.2	27.8	273.3	272.0	40.0	79.2	11.8	47.1	0.0	58.4	.Autoclave.Outputs.PRESSIP\OutputValue	-5.9	1.6	-0.9	-1.0	0.0	-1.0	-1.0	-1.0	0.0	0.0	0.0	-1.0	-1.0	0.0	0.0	0.0	-1.0	0.0
00:08:24	128.0	270.5	270.3	271.0	270.2	269.9	270.2	270.2	271.3	270.8	270.0	270.0	269.8	0.0	0.1	0.1	0.1	40.1	0.0	0.1	0.0	271.3	269.8	0.1	-1.4	270.4	270.6	272.0	272.0	271.2	277.5	100.3	128.0	44.2	26.8	273.0	272.0	40.0	66.7	12.0	43.1	0.0	33.5	.Autoclave.Outputs.PRESSIP\OutputValue	-5.9	1.5	0.7	-1.0	0.0	-1.0	-1.0	-1.0	0.0	0.0	0.0	-1.0	-1.0	0.0	0.0	0.0	-1.0	0.0
00:09:24	129.0	270.5	270.5	270.7	269.9	269.8	270.1	269.4	270.4	270.1	270.2	269.9	270.0	0.0	0.1	0.1	0.0	39.7	0.0	0.1	0.0	270.7	269.4	1.4	-0.3	270.1	270.1	269.3	269.3	268.6	266.3	100.2	129.0	45.2	25.8	271.6	272.0	40.0	75.2	12.1	47.5	0.0	50.4	.Autoclave.Outputs.PRESSIP\OutputValue	-5.8	1.2	-1.3	-1.0	0.0	-1.0	-1.0	-1.0	0.0	0.0	0.0	-1.0	-1.0	0.0	0.0	0.0	-1.0	0.0
00:10:25	130.1	270.6	270.4	271.2	270.2	269.8	270.2	270.1	270.6	271.0	270.0	270.0	269.9	0.0	0.1	0.1	0.1	40.1	0.0	0.1	0.0	271.2	269.8	0.5	-0.3	270.3	270.5	271.9	272.0	271.2	277.3	100.2	130.0	46.2	24.8	272.4	272.0	40.0	67.5	12.3	43.5	0.0	34.9	.Autoclave.Outputs.PRESSIP\OutputValue	-5.9	1.3	0.8	-1.0	0.0	-1.0	-1.0	-1.0	0.0	0.0	0.0	-1.0	-1.0	0.0	0.0	0.0	-1.0	0.0
00:11:25	131.0	270.7	270.6	271.5	270.2	270.0	270.3	270.5	271.0	271.1	270.4	270.4	270.2	0.0	0.1	0.1	0.0	40.1	0.0	0.1	0.0	271.5	270.0	1.1	-0.2	270.6	270.7	272.7	272.7	271.9	278.3	100.2	131.0	47.2	23.8	272.4	272.0	40.0	59.0	12.3	43.0	0.0	18.0	.Autoclave.Outputs.PRESSIP\OutputValue	-6.0	1.4	1.3	-1.0	0.0	-1.0	-1.0	-1.0	0.0	0.0	0.0	-1.0	-1.0	0.0	0.0	0.0	-1.0	0.0
00:12:24	132.0	270.6	270.6	270.9	270.0	269.9	270.1	270.1	271.2	270.4	270.2	270.1	270.2	0.0	0.1	0.1	0.1	40.0	0.0	0.1	0.0	271.2	269.9	0.1	-1.2	270.4	270.6	271.0	271.0	270.2	276.7	100.2	132.0	48.2	22.8	272.8	272.0	40.0	72.4	12.4	43.6	0.0	44.8	.Autoclave.Outputs.PRESSIP\OutputValue	-5.9	1.3	-0.2	-1.0	0.0	-1.0	-1.0	-1.0	0.0	0.0	0.0	-1.0	-1.0	0.0	0.0	0.0	-1.0	0.0
00:13:25	133.1	270.7	270.6	270.9	270.0	269.8	270.3	270.1	270.3	270.8	270.5	270.4	270.3	0.0	0.1	0.1	0.0	39.8	0.0	0.1	0.0	270.9	269.8	0.3	-0.1	270.4	270.3	271.7	271.6	270.8	270.8	100.1	133.0	49.2	21.8	272.9	272.0	40.0	69.1	12.4	45.8	0.0	38.2	.Autoclave.Outputs.PRESSIP\OutputValue	-6.0	1.0	0.9	-1.0	0.0	-1.0	-1.0	-1.0	0.0	0.0	0.0	-1.0	-1.0	0.0	0.0	0.0	-1.0	0.0
00:14:24	134.0	270.7	270.6	271.2	270.1	269.8	270.1	270.3	270.4	271.3	270.4	270.4	270.3	0.0	0.1	0.1	0.0	40.1	0.0	0.1	0.0	271.3	269.8	0.6	-1.4	270.5	270.6	272.5	272.5	271.6	278.5	100.1	134.0	50.2	20.8	272.8	272.0	40.0	63.9	12.6	42.6	0.0	27.8	.Autoclave.Outputs.PRESSIP\OutputValue	-6.0	1.5	1.2	-1.0	0.0	-1.0	-1.0	-1.0	0.0	0.0	0.0	-1.0	-1.0	0.0	0.0	0.0	-1.0	0.0
00:15:24	135.0	270.7	270.7	270.9	270.0	269.8	270.1	270.2	270.6	270.8	270.4	270.3	270.3	0.0	0.1	0.1	0.1	40.1	0.0	0.1	0.0	270.9	269.8	1.0	-0.5	270.4	270.3	271.4	271.4	270.7	277.3	100.1	135.0	51.2	19.8	272.9	272.0	40.0	69.1	12.6	43.2	0.0	38.2	.Autoclave.Outputs.PRESSIP\OutputValue	-5.9	1.0	0.6	-1.0	0.0	-1.0	-1.0	-1.0	0.0	0.0	0.0	-1.0	-1.0	0.0	0.0	0.0	-1.0	0.0
00:16:24	136.0	270.7	270.6	271.3	270.2	269.9	270.3	270.5	270.6	271.1	270.6	270.5	270.5	0.0	0.1	0.1	0.1	40.0	0.0	0.1	0.0	271.3	269.9	0.7	-0.5	270.6	270.6	272.6	272.6	271.9	275.1	100.1	136.0	52.2	18.8	271.7	272.0	40.0	61.1	12.7	43.9	0.0	22.2	.Autoclave.Outputs.PRESSIP\OutputValue	-6.0	1.3	1.4	-1.0	0.0	-1.0	-1.0	-1.0	0.0	0.0	0.0	-1.0	-1.0	0.0	0.0	0.0	-1.0	0.0
00:17:25	137.0	270.8	270.6	271.0	270.0	269.9	270.4	270.0	271.1	270.4	270.5	270.6	270.5	0.0	0.1	0.1	0.1	39.7	0.0	0.1	0.0	271.1	269.9	0.5	-0.4	270.5	270.5	270.9	270.8	270.0	268.4	100.0	137.0	53.2	17.8	272.3	272.0	40.0	57.8	12.7	46.8	0.0	15.6	.Autoclave.Outputs.PRESSIP\OutputValue	-5.9	1.2	-0.2	-1.0	0.0	-1.0	-1.0	-1.0	0.0	0.0	0.0	-1.0	-1.0	0.0	0.0	0.0	-1.0	0.0
00:18:24	138.0	270.6	270.6	271.3	270.2	270.0	270.4	270.5	272.1	271.0	270.5	270.6	270.5	0.0	0.1	0.1	0.2	40.1	0.0	0.2	0.0	272.1	270.0	0.2	-0.7	270.7	271.1	272.3	272.3	271.5	277.6	100.0	138.0	54.2	16.8	272.8	272.0	40.0	62.9	12.9	43.0	0.0	25.8	.Autoclave.Outputs.PRESSIP\OutputValue	-6.0	2.1	0.2	-1.0	0.0	-1.0	-1.0	-1.0	0.0	0.0	0.0	-1.0	-1.0	0.0	0.0	0.0	-1.0	0.0
00:19:25	139.1	270.7	270.6	270.9	270.2	270.1	270.4	270.2	270.3	270.7	270.7	270.6	270.6	0.0	0.1	0.1	0.2	40.0	0.0	0.2	0.0	270.9	270.1	0.4	-0.2	270.5	270.5	271.1	271.0	270.2	273.8	100.1	139.0	55.2	15.8	273.1	272.0	40.0	72.9	12.9	44.4	0.0	45.8	.Autoclave.Outputs.PRESSIP\OutputValue	-5.9	0.7	0.3	-1.0	0.0	-1.0	-1.0	-1.0	0.0	0.0	0.0	-1.0	-1.0	0.0	0.0	0.0	-1.0	0.0
00:20:24	140.0	270.7	270.7	271.2	270.2	270.1	270.4	270.5	269.8	271.0	270.6	270.7	270.7	0.0	0.1	0.1	0.0	40.0	0.0	0.1	0.0	271.2	269.8	0.4	-0.1	270.6	270.5	271.8	271.8	271.0	274.7	100.1	140.0	56.2	14.8	272.7	272.0	40.0	65.4	12.9	44.3	0.0	30.8	.Autoclave.Outputs.PRESSIP\OutputValue	-6.0	1.4	0.7	-1.0	0.0	-1.0	-1.0	-1.0	0.0	0.0	0.0	-1.0	-1.0	0.0	0.0	0.0	-1.0	0.0
00:21:25	141.0	270.8	270.8	270.6	270.0	270.0	270.3	269.9	270.8	270.4	270.8	270.5	270.6	0.0	0.1	0.1	0.0	39.7	0.0	0.1	0.0	270.8	269.9	0.1	-0.7	270.5	270.4	269.2	269.2	268.6	266.6	100.0	141.0	57.2	13.8	273.2	272.0	40.0	85.2	13.0	47.1	0.0	70.5	.Autoclave.Outputs.PRESSIP\OutputValue	-5.8	0.9	-1.6	-1.0	0.0	-1.0	-1.0	-1.0	0.0	0.0	0.0	-1.0	-1.0	0.0	0.0	0.0	-1.0	0.0
00:22:24	142.0	270.8	270.7	271.2	270.3	270.0	270.4	270.5	270.3	271.1	270.6	270.7	270.6	0.0	0.1	0.1	-0.2	40.1	0.0	0.1	-0.2	271.2	270.0	0.4	-0.4	270.6	270.6	272.2	272.2	271.5	277.3	100.0	142.0	58.2	12.8	272.9	272.0	40.0	65.7	13.2	43.1	0.0	31.4	.Autoclave.Outputs.PRESSIP\OutputValue	-5.9	1.1	1.1	-1.0	0.0	-1.0	-1.0	-1.0	0.0	0.0	0.0	-1.0	-1.0	0.0	0.0	0.0	-1.0	0.0
00:23:24	143.0	270.9	270.8	271.5	270.3	270.2	270.5	270.7	270.7	271.1	270.8	270.8	270.7	0.0	0.1	0.1	0.0	40.1	0.0	0.1	0.0	271.5	270.2	0.7	-0.9	270.8	270.8	272.4	272.4	271.7	277.8	100.1	143.0	59.2	11.8	272.6	272.0	40.0	63.3	13.2	43.2	0.0	26.5	.Autoclave.Outputs.PRESSIP\OutputValue	-6.0	1.2	1.0	-1.0	0.0	-1.0	-1.0	-1.0	0.0	0.0	0.0	-1.0	-1.0	0.0	0.0	0.0	-1.0	0.0
00:24:24	144.0	270.9	270.8	271.3	270.3	270.2	270.5	270.5	271.1	270.8	270.7	270.8	270.7	0.0	0.1	0.1	-0.9	40.0	0.0	0.1	-0.9	271.3	270.2	1.4	-0.5	270.7	270.7	271.8	271.8	271.0	276.0	100.2	144.0	60.2	10.8	272.2	272.0	40.0	63.7	13.2	43.7	0.0	27.4	.Autoclave.Outputs.PRESSIP\OutputValue	-6.0	1.0	0.6	-1.0	0.0	-1.0	-1.0	-1.0	0.0	0.0	0.0	-1.0	-1.0	0.0	0.0	0.0	-1.0	0.0
00:25:24	145.0	270.8	270.8	270.8	270.2	270.2	270.4	270.1	271.2	270.3	270.8	270.8	270.9	0.0	0.1	0.1	0.4	39.8	0.0	0.4	0.0	271.2	270.1	0.2	-1.3	270.6	270.7	270.0	269.9	269.1	268.1	100.0	145.0	61.2	9.8	272.5	272.0	40.0	81.7	13.3	47.1	0.0	63.5	.Autoclave.Outputs.PRESSIP\OutputValue	-5.9	1.1	-1.2	-1.0	0.0	-1.0	-1.0	-1.0	0.0	0.0	0.0	-1.0	-1.0	0.0	0.0	0.0	-1.0	0.0
00:26:25	146.1	270.9	270.8	271.2	270.3	270.2	270.4	270.8	272.3	271.1	270.9	270.8	270.7	0.0	0.1	0.1	-0.1	40.1	0.0	0.1	-0.1	272.3	270.2	0.2	-0.3	270.9	271.3	272.2	272.3	271.6	277.4	100.0	146.0	62.2	8.8	272.8	272.0	40.0	61.9	13.5	43.2	0.0	23.9	.Autoclave.Outputs.PRESSIP\OutputValue	-5.9	2.1	-0.1	-1.0	0.0	-1.0	-1.0	-1.0	0.0	0.0	0.0	-1.0	-1.0	0.0	0.0	0.0	-1.0	0.0
00:27:24	147.0	270.7	270.8	270.3	270.0	270.0	270.3	269.8	270.9	270.0	270.7	270.7	270.9	0.0	0.1	0.1	0.0	39.9	0.0	0.1	0.0	270.9	269.8	0.2	-1.2	270.4	270.4	269.0	269.0	268.3	271.2	100.1	147.0	63.2	7.8	273.2	272.0	40.0	88.5	13.5	45.7	0.0	76.9	.Autoclave.Outputs.PRESSIP\OutputValue	-5.8	1.1	-1.9	-1.0	0.0	-1.0	-1.0	-1.0	0.0	0.0	0.0	-1.0	-1.0	0.0	0.0	0.0	-1.0	0.0
00:28:25	148.1	270.8	270.6	271.4	270.3	270.2	270.4	270.6	271.1	271.0	270.8	270.8	270.9	0.0	0.1	0.1	0.0	40.1	0.0	0.1	0.0	271.4	270.2	1.2	-0.2	270.7	270.8	272.5	272.5	271.7	278.4	100.0	148.0	64.2	6.8	272.8	272.0	40.0	63.8	13.7	43.1	0.0	27.5	.Autoclave.Outputs.PRESSIP\OutputValue	-5.9	1.1	1.2	-1.0	0.0	-1.0	-1.0	-1.0	0.0	0.0	0.0	-1.0	-1.0	0.0	0.0	0.0	-1.0	0.0
00:29:25	149.1	270.8	270.8	270.8	270.1	270.0	270.2	270.4	270.7	270.6	270.7	270.8	270.8	0.0	0.1	0.1	0.0	40.0	0.0	0.1	0.0	270.8	270.0	0.2	-0.7	270.6	270.4	270.7	270.7	270.0	275.8	99.9	149.0	65.2	5.8	273.2	272.0	40.0	77.6	13.8	43.7	0.0	55.2	.Autoclave.Outputs.PRESSIP\OutputValue	-5.9	0.8	-0.1	-1.0	0.0	-1.0	-1.0	-1.0	0.0	0.0	0.0	-1.0	-1.0	0.0	0.0	0.0	-1.0	0.0
00:30:24	150.0	270.8	270.8	271.6	270.4	270.2	270.6	271.2	271.4	271.3	270.9	271.0	270.9	0.0	0.1	0.1	-0.5	40.1	0.0	0.1	-0.5	271.6	270.2	1.8	-0.1	270.9	270.9	273.2	273.2	272.4	277.5	99.9	150.0	66.2	4.8	270.8	272.0	40.0	56.3	13.8	43.4	-1.0	12.6	.Autoclave.Outputs.PRESSIP\OutputValue	-6.0	1.3	1.7	-1.0	0.0	-1.0	-1.0	-1.0	0.0	0.0	0.0	-1.0	-1.0	0.0	0.0	0.0	-1.0	0.0
00:31:24	151.0	270.7	270.7	270.9	270.2	270.0	270.2	270.5	270.7	270.3	270.7	270.7	270.7	0.1	0.1	0.1	0.1	40.1	0.0	0.1	0.1	270.9	270.0	-0.1	-1.5	270.5	270.4	271.3	271.3	270.5	278.2	100.0	151.0	67.2	3.8	272.8	272.0	40.0	74.1	14.1	43.2	0.0	48.3	.Autoclave.Outputs.PRESSIP\OutputValue	-5.8	0.8	0.5	-1.0	0.0	-1.0	-1.0	-1.0	0.0	0.0	0.0	-1.0	-1.0	0.0	0.0	0.0	-1.0	0.0
00:32:24	152.0	270.8	270.8	271.0	270.2	270.1	270.4	270.7	270.8	271.1	270.8	270.9	271.0	0.0	0.1	0.1	0.1	40.1	0.0	0.1	0.0	271.1	270.1	0.7	0.0	270.7	270.6	272.0	272.0	271.2	276.7	99.9	152.0	68.2	2.8	272.7	272.0	40.0	66.6	14.2	43.5	0.0	33.3	.Autoclave.Outputs.PRESSIP\OutputValue	-5.9	1.0	0.9	-1.0	0.0	-1.0	-1.0	-1.0	0.0	0.0	0.0	-1.0	-1.0	0.0	0.0	0.0	-1.0	0.0
00:33:24	153.0	270.8	270.8	270.8	270.0	270.0	270.2	270.3	270.8	270.5	270.9	270.9	271.0	0.0	0.1	0.1	0.1	39.9	0.0	0.1	0.0	271.0	270.0	0.8	-0.3	270.6	270.5	270.1	270.1	269.2	271.0	99.9	153.0	69.2	1.8	273.1	272.0	40.0	81.8	14.2	45.4	0.0	63.5	.Autoclave.Outputs.PRESSIP\OutputValue	-5.8	1.0	-0.9	-1.0	0.0	-1.0	-1.0	-1.0	0.0	0.0	0.0	-1.0	-1.0	0.0	0.0	0.0	-1.0	0.0
00:34:24	154.0	270.8	270.8	271.3	270.2	270.0	270.3	270.8	271.0	271.1	270.8	270.9	270.9	0.0	0.1	0.1	0.0	40.1	0.0	0.1	0.0	271.3	270.0	0.6	-1.2	270.7	270.6	272.4	272.4	271.7	278.4	99.9	154.0	70.2	0.8	272.7	272.0	40.0	63.5	14.4	43.0	0.0	27.0	.Autoclave.Outputs.PRESSIP\OutputValue	-6.0	1.2	1.2	-1.0	0.0	-1.0	-1.0	-1.0	0.0	0.0	0.0	-1.0	-1.0	0.0	0.0	0.0	-1.0	0.0
00:35:15	154.9	270.7	270.8	270.8	270.0	270.0	270.4	270.6	271.7	270.5	271.0	271.0	270.9	0.0	0.1	0.1	0.5	39.8	0.0	0.5	0.0	271.7	270.0	0.8	-0.4	270.7	270.8	270.7	270.7	270.0	270.5	99.8	154.9	71.0	0.0	273.0	272.0	40.0	77.7	14.4	45.9	0.0	55.5	.Autoclave.Outputs.PRESSIP\OutputValue	-5.9	1.7	-0.3	-1.0	0.0	-1.0	-1.0	-1.0	0.0	0.0	0.0	-1.0	-1.0	0.0	0.0	0.0	-1.0	0.0
00:35:25	155.1	270.6	270.8	270.6	270.0	270.0	270.1	270.3	271.5	270.2	270.9	270.9	270.9	0.1	0.1	0.1	0.1	39.9	0.0	0.1	0.1	271.5	270.0	0.4	-0.5	270.6	270.7	270.3	270.3	269.5	272.9	99.9	155.0	0.2	0.0	271.2	271.2	40.0	68.6	14.4	45.2	0.0	37.2	.Autoclave.Outputs.PRESSIP\OutputValue	-5.9	1.5	-1.2	-1.0	0.0	-1.0	-1.0	-1.0	0.0	0.0	0.0	-1.0	-1.0	0.0	0.0	0.0	-1.0	0.0
00:36:24	156.0	270.2	270.6	269.0	269.5	269.8	269.7	268.8	269.9	268.8	270.7	270.5	270.6	0.0	0.1	0.1	0.0	39.1	0.0	0.1	0.0	270.7	268.8	-0.2	-1.7	269.8	269.8	265.9	265.8	264.9	256.5	99.6	156.0	1.2	0.0	266.7	266.7	40.0	68.0	14.4	52.8	0.0	36.0	.Autoclave.Outputs.PRESSIP\OutputValue	-5.4	1.9	-4.8	-1.0	0.0	-1.0	-1.0	-1.0	0.0	0.0	0.0	-1.0	-1.0	0.0	0.0	0.0	-1.0	0.0
00:37:24	157.0	269.5	269.9	267.4	269.0	269.2	268.8	267.6	267.8	267.0	269.8	269.8	269.9	0.0	0.1	0.1	-0.8	39.5	0.0	0.1	-0.8	269.9	267.0	-0.6	-2.7	268.8	268.5	263.2	263.2	262.4	265.4	99.8	157.0	2.2	0.0	262.3	262.2	40.0	56.2	14.5	50.9	0.0	12.4	.Autoclave.Outputs.PRESSIP\OutputValue	-4.3	2.9	-6.7	-1.0	0.0	-1.0	-1.0	-1.0	0.0	0.0	0.0	-1.0	-1.0	0.0	0.0	0.0	-1.0	0.0
00:38:24	158.0	268.4	269.1	264.9	268.1	268.5	267.5	265.1	265.8	264.3	269.1	268.8	269.2	0.0	0.1	0.1	0.0	40.1	0.0	0.1	0.0	269.2	264.3	-0.7	-2.8	267.4	266.8	257.4	257.4	256.7	260.9	99.9	158.0	3.2	0.0	257.8	257.7	40.0	65.0	14.6	45.1	0.0	29.9	.Autoclave.Outputs.PRESSIP\OutputValue	-3.8	4.9	-11.8	-1.0	0.0	-1.0	-1.0	-1.0	0.0	0.0	0.0	-1.0	-1.0	0.0	0.0	0.0	-1.0	0.0
00:39:24	159.0	267.1	268.3	261.8	267.0	267.6	266.1	262.5	263.1	261.3	268.2	267.7	268.3	0.0	0.1	0.1	0.1	39.7	0.0	0.1	0.0	268.3	261.3	-0.7	-3.2	265.8	264.8	251.2	251.4	250.7	253.6	99.7	159.0	4.2	0.0	253.2	253.2	40.0	76.3	14.6	49.2	0.0	52.7	.Autoclave.Outputs.PRESSIP\OutputValue	-3.3	7.0	-17.1	-1.0	0.0	-1.0	-1.0	-1.0	0.0	0.0	0.0	-1.0	-1.0	0.0	0.0	0.0	-1.0	0.0
00:40:24	160.0	265.9	267.2	259.4	265.8	266.6	264.5	259.8	261.4	258.3	267.3	266.6	267.8	0.0	0.0	0.1	0.0	40.1	0.0	0.1	0.0	267.8	258.3	-0.5	-3.1	264.2	263.1	246.1	246.0	245.5	245.6	99.8	160.0	5.2	0.0	248.7	248.7	40.0	80.4	14.7	47.1	0.0	60.8	.Autoclave.Outputs.PRESSIP\OutputValue	-2.6	9.5	-21.7	-1.0	0.0	-1.0	-1.0	-1.0	0.0	0.0	0.0	-1.0	-1.0	0.0	0.0	0.0	-1.0	0.0
00:41:25	161.1	264.4	266.0	256.6	264.3	265.4	263.2	257.4	259.2	255.3	266.2	265.6	266.5	0.0	0.0	0.1	0.0	39.5	0.0	0.1	0.0	266.5	255.3	-1.2	-2.9	262.5	260.9	242.5	242.5	241.9	235.3	99.7	161.0	6.2	0.0	244.2	244.2	40.0	73.7	14.7	52.4	0.0	47.4	.Autoclave.Outputs.PRESSIP\OutputValue	-2.6	11.2	-24.0	-1.0	0.0	-1.0	-1.0	-1.0	0.0	0.0	0.0	-1.0	-1.0	0.0	0.0	0.0	-1.0	0.0
00:42:25	162.1	262.9	264.6	254.2	263.1	264.1	261.6	255.0	256.7	252.3	264.8	264.3	265.2	0.0	0.1	0.1	-0.1	39.1	0.0	0.1	-0.1	265.2	252.3	-1.3	-2.6	260.7	258.8	240.0	239.9	239.3	230.0	99.5	162.0	7.2	0.0	239.7	239.7	40.0	61.1	14.7	56.5	0.0	22.2	.Autoclave.Outputs.PRESSIP\OutputValue	-2.1	12.9	-25.2	-1.0	0.0	-1.0	-1.0	-1.0	0.0	0.0	0.0	-1.0	-1.0	0.0	0.0	0.0	-1.0	0.0
00:43:25	163.0	261.4	263.1	251.5	261.4	262.6	259.6	252.6	253.8	249.7	263.3	262.9	264.1	0.0	0.1	0.1	0.0	39.1	0.0	0.1	0.0	264.1	249.7	-1.4	-3.7	258.8	256.9	236.8	236.7	236.0	231.6	99.6	163.0	8.2	0.0	235.2	235.2	40.0	52.5	14.8	57.8	-1.0	5.0	.Autoclave.Outputs.PRESSIP\OutputValue	-0.9	14.4	-27.3	-1.0	0.0	-1.0	-1.0	-1.0	0.0	0.0	0.0	-1.0	-1.0	0.0	0.0	0.0	-1.0	0.0
00:44:24	164.0	259.3	261.3	248.6	259.7	261.0	257.5	249.7	250.8	246.6	261.7	261.2	262.5	0.0	0.1	0.1	0.1	39.7	0.0	0.1	0.0	262.5	246.6	-1.3	-4.3	256.7	254.6	232.2	232.2	231.5	231.2	99.6	164.0	9.2	0.0	230.8	230.7	40.0	53.3	14.8	51.9	-1.0	6.7	.Autoclave.Outputs.PRESSIP\OutputValue	-0.5	15.9	-30.3	-1.0	0.0	-1.0	-1.0	-1.0	0.0	0.0	0.0	-1.0	-1.0	0.0	0.0	0.0	-1.0	0.0
00:45:21	165.0	257.3	259.7	245.6	258.0	259.4	255.4	247.1	248.0	243.1	260.0	259.5	260.9	0.0	0.1	0.1	0.1	39.6	0.0	0.1	0.0	260.9	243.1	-1.4	-4.0	254.5	252.0	227.9	227.8	227.2	230.1	99.6	165.0	10.1	0.0	226.6	226.5	40.0	54.1	14.9	53.4	-1.0	8.3	.Autoclave.Outputs.PRESSIP\OutputValue	0.3	17.8	-33.2	-1.0	0.0	-1.0	-1.0	-1.0	0.0	0.0	0.0	-1.0	-1.0	0.0	0.0	0.0	-1.0	0.0
00:45:24	165.0	257.2	259.6	245.4	257.8	259.3	255.3	246.8	247.6	243.1	259.8	259.3	260.9	0.0	0.1	0.1	0.0	39.5	0.0	0.1	0.0	260.9	243.1	-1.7	-4.0	254.3	252.0	227.5	227.5	227.0	226.8	99.5	165.0	0.1	0.0	226.3	226.2	40.0	54.7	14.9	55.0	-1.0	9.4	.Autoclave.Outputs.PRESSIP\OutputValue	0.4	17.8	-33.4	-1.0	0.0	-1.0	-1.0	-1.0	0.0	0.0	0.0	-1.0	-1.0	0.0	0.0	0.0	-1.0	0.0
00:46:24	166.0	255.1	257.7	242.5	255.7	257.4	252.9	244.0	244.3	239.8	258.0	257.6	259.2	0.0	0.0	0.1	0.0	39.2	0.0	0.1	0.0	259.2	239.8	-1.7	-3.0	252.0	249.5	223.4	223.4	222.8	222.5	99.5	166.0	1.1	0.0	221.8	221.7	40.0	52.1	14.9	59.2	-1.0	4.1	.Autoclave.Outputs.PRESSIP\OutputValue	1.8	19.4	-35.8	-1.0	0.0	-1.0	-1.0	-1.0	0.0	0.0	0.0	-1.0	-1.0	0.0	0.0	0.0	-1.0	0.0
00:47:25	167.1	253.0	255.9	239.3	253.4	255.4	250.5	240.4	241.3	236.2	255.9	255.3	257.5	0.0	0.1	0.1	0.0	39.8	0.0	0.1	0.0	257.5	236.2	-1.8	-3.9	249.5	246.9	218.9	218.8	218.3	218.5	99.5	167.0	2.1	0.0	217.2	217.2	40.0	52.0	14.9	53.9	-1.0	3.9	.Autoclave.Outputs.PRESSIP\OutputValue	2.2	21.3	-38.6	-1.0	0.0	-1.0	-1.0	-1.0	0.0	0.0	0.0	-1.0	-1.0	0.0	0.0	0.0	-1.0	0.0
00:48:24	168.0	250.8	253.6	235.8	251.3	253.3	248.0	237.2	238.1	232.7	253.9	253.4	255.6	0.0	0.0	0.1	0.0	39.4	0.0	0.1	0.0	255.6	232.7	-1.8	-3.5	247.0	244.2	214.3	214.3	213.8	212.1	99.5	168.0	3.1	0.0	212.8	212.7	40.0	52.7	14.9	59.0	-1.0	5.4	.Autoclave.Outputs.PRESSIP\OutputValue	3.1	22.9	-41.3	-1.0	0.0	-1.0	-1.0	-1.0	0.0	0.0	0.0	-1.0	-1.0	0.0	0.0	0.0	-1.0	0.0
00:49:25	169.0	248.1	251.3	232.4	248.9	251.1	245.5	233.7	234.7	228.9	251.8	250.9	253.9	-0.1	0.0	0.1	0.0	39.0	0.0	0.1	-0.1	253.9	228.9	-2.0	-3.9	244.3	241.4	209.7	209.5	209.1	204.4	99.4	169.0	4.1	0.0	208.2	208.2	40.0	53.3	14.8	64.8	-1.0	6.5	.Autoclave.Outputs.PRESSIP\OutputValue	4.6	25.0	-44.2	-1.0	0.0	-1.0	-1.0	-1.0	0.0	0.0	0.0	-1.0	-1.0	0.0	0.0	0.0	-1.0	0.0
00:50:24	170.0	245.4	249.2	228.8	246.4	248.8	242.7	230.1	231.5	225.1	249.4	248.8	251.4	0.0	0.0	0.1	0.0	39.3	0.0	0.1	0.0	251.4	225.1	-2.2	-3.8	241.5	238.3	204.7	204.8	204.1	198.0	99.4	170.0	5.1	0.0	203.7	203.7	40.0	56.7	14.8	61.9	-1.0	13.3	.Autoclave.Outputs.PRESSIP\OutputValue	5.2	26.3	-46.7	-1.0	0.0	-1.0	-1.0	-1.0	0.0	0.0	0.0	-1.0	-1.0	0.0	0.0	0.0	-1.0	0.0
00:51:24	171.0	242.8	246.7	225.3	243.7	246.3	239.8	226.5	227.9	221.4	247.1	246.2	249.4	0.0	0.0	0.1	0.0	39.3	0.0	0.1	0.0	249.4	221.4	-2.2	-4.4	238.6	235.4	199.7	199.3	198.8	192.7	99.4	171.0	6.1	0.0	199.3	199.2	40.0	60.0	14.8	65.2	0.0	20.0	.Autoclave.Outputs.PRESSIP\OutputValue	6.4	28.0	-49.7	-1.0	0.0	-1.0	-1.0	-1.0	0.0	0.0	0.0	-1.0	-1.0	0.0	0.0	0.0	-1.0	0.0
00:52:24	172.0	240.0	244.3	221.3	240.9	243.9	236.9	223.0	224.9	217.0	244.8	243.5	247.4	0.0	0.0	0.1	0.0	39.5	0.0	0.1	0.0	247.4	217.0	-2.1	-4.1	235.7	232.2	194.2	194.2	193.5	189.2	99.4	172.0	7.1	0.0	194.8	194.7	40.0	66.0	14.8	62.3	0.0	32.0	.Autoclave.Outputs.PRESSIP\OutputValue	6.9	30.4	-53.2	-1.0	0.0	-1.0	-1.0	-1.0	0.0	0.0	0.0	-1.0	-1.0	0.0	0.0	0.0	-1.0	0.0
00:53:24	173.0	237.1	241.6	217.6	238.1	241.1	233.8	219.3	220.9	213.2	241.9	240.8	244.8	0.0	0.1	0.1	0.1	39.3	0.0	0.1	0.0	244.8	213.2	-2.5	-4.9	232.5	229.0	189.7	189.7	189.0	188.7	99.5	173.0	8.1	0.0	190.2	190.2	40.0	65.9	14.7	64.6	0.0	31.9	.Autoclave.Outputs.PRESSIP\OutputValue	7.9	31.6	-55.1	-1.0	0.0	-1.0	-1.0	-1.0	0.0	0.0	0.0	-1.0	-1.0	0.0	0.0	0.0	-1.0	0.0
00:54:25	174.1	234.3	238.8	214.4	235.8	238.5	230.9	216.1	216.9	210.0	239.1	238.3	242.4	0.0	0.1	0.2	0.1	39.9	0.0	0.2	0.0	242.4	210.0	-2.3	-3.5	229.6	226.2	186.1	186.1	185.4	187.8	99.5	174.0	9.1	0.0	185.7	185.7	40.0	61.2	14.7	59.4	0.0	22.4	.Autoclave.Outputs.PRESSIP\OutputValue	8.0	32.4	-56.3	-1.0	0.0	-1.0	-1.0	-1.0	0.0	0.0	0.0	-1.0	-1.0	0.0	0.0	0.0	-1.0	0.0
00:55:25	175.1	231.4	236.1	210.7	232.5	235.8	227.8	212.8	213.5	205.9	236.5	235.4	239.7	0.0	0.0	0.2	0.1	39.6	0.0	0.2	0.0	239.7	205.9	-2.7	-4.0	226.5	222.8	182.5	182.4	181.7	184.4	99.5	175.0	10.1	0.0	181.3	181.2	40.0	54.6	14.6	62.1	-1.0	9.2	.Autoclave.Outputs.PRESSIP\OutputValue	8.0	33.8	-57.2	-1.0	0.0	-1.0	-1.0	-1.0	0.0	0.0	0.0	-1.0	-1.0	0.0	0.0	0.0	-1.0	0.0
00:56:24	176.0	228.2	233.0	207.1	229.8	232.9	224.8	209.1	210.0	202.4	233.6	232.8	236.9	0.0	0.1	0.2	0.0	39.0	0.0	0.2	0.0	236.9	202.4	-2.7	-4.0	223.4	219.7	178.3	178.3	177.5	175.0	99.2	176.0	11.1	0.0	176.7	176.7	40.0	51.1	14.5	67.7	-1.0	2.2	.Autoclave.Outputs.PRESSIP\OutputValue	8.0	34.5	-58.6	-1.0	0.0	-1.0	-1.0	-1.0	0.0	0.0	0.0	-1.0	-1.0	0.0	0.0	0.0	-1.0	0.0
00:57:24	177.0	225.2	230.4	203.4	226.8	230.1	221.7	204.9	206.2	198.0	230.8	229.8	234.7	0.0	0.0	0.1	0.0	39.4	0.0	0.1	0.0	234.7	198.0	-2.3	-4.2	220.2	216.4	173.2	173.1	172.3	168.0	99.4	177.0	12.1	0.0	172.2	172.2	40.0	56.4	14.4	64.3	-1.0	12.8	.Autoclave.Outputs.PRESSIP\OutputValue	8.0	36.7	-61.5	-1.0	0.0	-1.0	-1.0	-1.0	0.0	0.0	0.0	-1.0	-1.0	0.0	0.0	0.0	-1.0	0.0
00:58:25	178.1	222.0	227.5	199.3	223.8	227.2	218.3	201.3	202.4	193.7	227.8	227.0	231.9	0.0	0.0	0.2	0.1	39.1	0.0	0.2	0.0	231.9	193.7	-2.6	-4.5	216.8	212.8	168.0	167.9	167.2	165.0	99.3	178.0	13.1	0.0	167.7	167.7	40.0	61.0	14.4	66.8	0.0	22.0	.Autoclave.Outputs.PRESSIP\OutputValue	8.0	38.2	-63.9	-1.0	0.0	-1.0	-1.0	-1.0	0.0	0.0	0.0	-1.0	-1.0	0.0	0.0	0.0	-1.0	0.0
00:59:24	179.0	218.5	224.6	196.2	220.5	224.3	215.1	197.3	198.1	189.9	224.7	224.1	229.1	0.0	0.1	0.2	0.0	39.7	0.0	0.2	0.0	229.1	189.9	-2.8	-4.2	213.5	209.5	163.8	163.7	162.9	164.0	99.5	179.0	14.1	0.0	163.3	163.2	40.0	59.0	14.3	61.7	0.0	18.0	.Autoclave.Outputs.PRESSIP\OutputValue	8.0	39.2	-65.3	-1.0	0.0	-1.0	-1.0	-1.0	0.0	0.0	0.0	-1.0	-1.0	0.0	0.0	0.0	-1.0	0.0
01:00:24	180.0	215.1	221.4	192.0	217.3	221.1	211.7	193.4	194.3	185.9	221.7	221.3	226.0	0.0	0.1	0.2	0.1	39.3	0.0	0.2	0.0	226.0	185.9	-2.7	-4.5	210.1	206.0	159.6	159.6	158.8	160.2	99.5	180.0	15.1	0.0	158.8	158.7	40.0	56.9	14.2	64.7	0.0	13.8	.Autoclave.Outputs.PRESSIP\OutputValue	8.0	40.1	-66.4	-1.0	0.0	-1.0	-1.0	-1.0	0.0	0.0	0.0	-1.0	-1.0	0.0	0.0	0.0	-1.0	0.0
01:01:24	181.0	211.5	218.2	187.9	214.0	218.0	208.3	189.5	190.2	181.5	218.3	218.2	223.3	0.0	0.0	0.2	0.0	39.5	0.0	0.2	0.0	223.3	181.5	-3.0	-4.6	206.6	202.4	155.0	154.9	154.1	153.2	99.4	181.0	16.1	0.0	154.3	154.2	40.0	57.5	14.1	62.8	-1.0	15.0	.Autoclave.Outputs.PRESSIP\OutputValue	8.0	41.8	-68.3	-1.0	0.0	-1.0	-1.0	-1.0	0.0	0.0	0.0	-1.0	-1.0	0.0	0.0	0.0	-1.0	0.0
01:02:24	182.0	207.8	215.1	184.4	210.8	214.8	205.0	185.8	186.5	177.4	215.4	215.1	220.5	0.0	0.0	0.2	0.0	39.2	0.0	0.2	0.0	220.5	177.4	-2.7	-4.4	203.2	199.0	150.7	150.7	149.9	148.8	99.3	182.0	17.1	0.0	149.8	149.7	40.0	56.1	14.0	66.2	-1.0	12.1	.Autoclave.Outputs.PRESSIP\OutputValue	8.0	43.1	-69.8	-1.0	0.0	-1.0	-1.0	-1.0	0.0	0.0	0.0	-1.0	-1.0	0.0	0.0	0.0	-1.0	0.0
01:03:24	183.0	204.4	211.9	180.6	207.3	211.6	201.6	181.6	182.1	173.2	211.9	211.9	216.9	0.0	0.1	0.2	0.0	39.5	0.0	0.2	0.0	216.9	173.2	-3.0	-4.4	199.6	195.1	146.3	146.3	145.5	144.2	99.3	183.0	18.1	0.0	145.3	145.2	40.0	55.3	13.9	63.0	-1.0	10.6	.Autoclave.Outputs.PRESSIP\OutputValue	8.0	43.7	-70.6	-1.0	0.0	-1.0	-1.0	-1.0	0.0	0.0	0.0	-1.0	-1.0	0.0	0.0	0.0	-1.0	0.0
01:04:24	184.0	200.5	208.5	176.4	204.1	208.5	198.0	177.6	178.0	168.5	208.9	208.3	213.8	0.0	0.0	0.2	0.1	39.1	0.0	0.2	0.0	213.8	168.5	-3.1	-4.8	195.9	191.2	142.1	142.0	141.3	140.0	99.3	184.0	19.1	0.0	140.8	140.7	40.0	53.2	13.8	66.4	-1.0	6.5	.Autoclave.Outputs.PRESSIP\OutputValue	8.0	45.3	-71.7	-1.0	0.0	-1.0	-1.0	-1.0	0.0	0.0	0.0	-1.0	-1.0	0.0	0.0	0.0	-1.0	0.0
01:05:24	185.0	196.9	204.8	172.8	200.9	205.3	194.6	173.6	173.9	164.6	205.1	204.9	210.6	0.0	0.0	0.2	0.0	39.4	0.0	0.2	0.0	210.6	164.6	-3.3	-4.1	192.3	187.6	137.6	137.6	136.9	135.6	99.4	185.0	20.1	0.0	136.2	136.2	40.0	52.3	13.6	63.6	-1.0	4.7	.Autoclave.Outputs.PRESSIP\OutputValue	8.0	46.0	-73.0	-1.0	0.0	-1.0	-1.0	-1.0	0.0	0.0	0.0	-1.0	-1.0	0.0	0.0	0.0	-1.0	0.0
01:06:25	186.0	193.5	201.5	168.8	197.5	202.0	191.0	169.8	169.6	160.5	201.7	201.1	207.5	0.0	0.0	0.2	0.0	39.1	0.0	0.2	0.0	207.5	160.5	-3.1	-4.4	188.7	184.0	133.4	133.4	132.6	132.1	99.3	186.0	21.1	0.0	131.7	131.7	40.0	50.2	13.5	67.0	-1.0	0.4	.Autoclave.Outputs.PRESSIP\OutputValue	8.0	47.0	-74.1	-1.0	0.0	-1.0	-1.0	-1.0	0.0	0.0	0.0	-1.0	-1.0	0.0	0.0	0.0	-1.0	0.0
01:07:25	187.1	189.4	198.1	165.5	194.2	198.7	187.5	166.1	165.8	156.8	198.6	197.7	204.1	0.0	0.0	0.2	0.1	39.4	0.0	0.2	0.0	204.1	156.8	-3.3	-4.2	185.2	180.5	130.1	130.1	129.3	129.1	99.4	187.0	22.1	0.0	127.2	127.2	40.0	42.7	13.3	63.4	-1.0	0.0	.Autoclave.Outputs.PRESSIP\OutputValue	8.0	47.3	-74.0	-1.0	0.0	-1.0	-1.0	-1.0	0.0	0.0	0.0	-1.0	-1.0	0.0	0.0	0.0	-1.0	0.0
01:08:24	188.0	186.0	194.8	162.2	190.9	195.4	184.3	162.4	162.2	153.0	194.9	195.5	201.1	0.0	0.1	0.2	0.1	39.2	0.0	0.2	0.0	201.1	153.0	-2.3	-4.0	181.9	177.1	127.1	127.1	126.3	126.2	99.3	188.0	23.1	0.0	122.7	122.7	40.0	32.4	12.9	65.6	-1.0	0.0	.Autoclave.Outputs.PRESSIP\OutputValue	8.0	48.1	-74.0	-1.0	0.0	-1.0	-1.0	-1.0	0.0	0.0	0.0	-1.0	-1.0	0.0	0.0	0.0	-1.0	0.0
01:09:24	189.0	182.5	191.2	159.3	187.4	192.3	180.7	159.1	159.0	149.7	191.8	192.5	198.0	0.0	0.1	0.2	0.1	39.7	0.0	0.2	0.0	198.0	149.7	-3.1	-4.3	178.6	173.9	124.8	124.8	124.0	124.6	99.4	189.0	24.1	0.0	118.2	118.2	40.0	16.5	12.4	61.1	-1.0	0.0	.Autoclave.Outputs.PRESSIP\OutputValue	8.0	48.3	-73.2	-1.0	0.0	-1.0	-1.0	-1.0	0.0	0.0	0.0	-1.0	-1.0	0.0	0.0	0.0	-1.0	0.0
01:10:24	190.0	179.4	188.2	155.7	184.1	188.9	177.7	155.8	155.2	146.2	188.3	189.3	194.8	0.0	0.1	0.2	0.2	39.4	0.0	0.2	0.0	194.8	146.2	-2.4	-3.8	175.3	170.5	122.2	122.2	121.5	122.3	99.3	190.0	25.1	0.0	113.8	113.7	40.0	2.5	11.6	63.6	-1.0	0.0	.Autoclave.Outputs.PRESSIP\OutputValue	8.0	48.6	-72.6	-1.0	0.0	-1.0	-1.0	-1.0	0.0	0.0	0.0	-1.0	-1.0	0.0	0.0	0.0	-1.0	0.0
01:11:24	191.0	176.1	184.9	152.8	180.8	185.8	174.4	153.1	152.1	143.0	185.1	186.0	192.0	0.0	0.0	0.2	-0.1	39.3	0.0	0.2	-0.1	192.0	143.0	-2.7	-3.5	172.2	167.5	120.2	120.2	119.4	120.3	99.4	191.0	26.1	0.0	109.2	109.2	40.0	0.0	0.0	65.1	-1.0	0.0	.Autoclave.Outputs.PRESSIP\OutputValue	8.0	49.0	-71.8	-1.0	0.0	-1.0	-1.0	-1.0	0.0	0.0	0.0	-1.0	-1.0	0.0	0.0	0.0	-1.0	0.0
01:12:24	192.0	172.7	181.9	150.2	177.8	182.7	171.5	150.1	149.2	140.4	182.2	182.7	188.9	0.0	0.0	0.2	0.2	39.1	0.0	0.2	0.0	188.9	140.4	-2.3	-3.5	169.2	164.7	118.5	118.4	117.7	118.7	99.3	192.0	27.1	0.0	104.8	104.7	40.0	0.0	0.0	67.0	-1.0	0.0	.Autoclave.Outputs.PRESSIP\OutputValue	8.0	48.5	-70.4	-1.0	0.0	-1.0	-1.0	-1.0	0.0	0.0	0.0	-1.0	-1.0	0.0	0.0	0.0	-1.0	0.0
01:13:24	193.0	169.5	178.1	147.8	175.1	179.7	168.7	147.5	146.4	138.0	179.2	180.3	186.1	0.0	0.0	0.2	-0.1	39.6	0.0	0.2	-0.1	186.1	138.0	-2.3	-4.5	166.4	162.1	117.0	117.0	116.2	117.3	99.3	193.0	28.1	0.0	100.3	100.2	40.0	0.0	0.0	62.1	-1.0	0.0	.Autoclave.Outputs.PRESSIP\OutputValue	8.0	48.1	-69.1	-1.0	0.0	-1.0	-1.0	-1.0	0.0	0.0	0.0	-1.0	-1.0	0.0	0.0	0.0	-1.0	0.0
01:14:25	194.1	166.4	174.4	145.8	172.1	176.5	165.8	145.0	143.6	135.7	176.0	177.4	183.0	0.0	0.0	0.2	0.2	39.4	0.0	0.2	0.0	183.0	135.7	-2.1	-3.9	163.5	159.4	115.2	115.2	114.5	115.9	99.3	194.0	29.1	0.0	95.7	95.7	40.0	0.0	0.0	63.8	-1.0	0.0	.Autoclave.Outputs.PRESSIP\OutputValue	8.0	47.3	-67.8	-1.0	0.0	-1.0	-1.0	-1.0	0.0	0.0	0.0	-1.0	-1.0	0.0	0.0	0.0	-1.0	0.0
01:15:25	195.0	163.4	172.8	143.3	169.3	173.6	163.0	142.5	141.0	133.4	173.2	174.7	180.0	0.0	0.1	0.2	0.2	39.3	0.0	0.2	0.0	180.0	133.4	-1.6	-3.3	160.8	156.7	113.9	113.8	113.2	114.3	99.2	195.0	30.1	0.0	91.2	91.2	40.0	0.0	0.0	64.9	-1.0	0.0	.Autoclave.Outputs.PRESSIP\OutputValue	8.0	46.6	-66.1	-1.0	0.0	-1.0	-1.0	-1.0	0.0	0.0	0.0	-1.0	-1.0	0.0	0.0	0.0	-1.0	0.0
01:16:24	196.0	160.9	169.5	140.6	166.3	170.6	160.3	140.1	138.8	131.0	170.3	171.6	177.5	0.0	0.0	0.2	-0.1	39.2	0.0	0.2	-0.1	177.5	131.0	-2.2	-3.1	158.1	154.3	112.5	112.6	111.8	113.3	99.2	196.0	31.1	0.0	86.8	86.7	40.0	0.0	0.0	66.2	-1.0	0.0	.Autoclave.Outputs.PRESSIP\OutputValue	8.0	46.5	-65.0	-1.0	0.0	-1.0	-1.0	-1.0	0.0	0.0	0.0	-1.0	-1.0	0.0	0.0	0.0	-1.0	0.0
01:17:24	197.0	158.1	166.7	138.8	164.0	168.1	157.7	138.1	136.5	128.8	167.6	169.2	174.7	0.0	0.1	0.2	0.1	39.0	0.0	0.2	0.0	174.7	128.8	-1.7	-2.9	155.7	151.8	111.5	111.5	110.7	112.3	99.3	197.0	32.1	0.0	82.3	82.2	40.0	0.0	0.0	67.7	-1.0	0.0	.Autoclave.Outputs.PRESSIP\OutputValue	8.0	45.9	-63.2	-1.0	0.0	-1.0	-1.0	-1.0	0.0	0.0	0.0	-1.0	-1.0	0.0	0.0	0.0	-1.0	0.0
01:18:24	198.0	155.4	163.4	136.6	161.1	165.3	155.3	136.2	134.0	127.3	165.2	166.6	172.1	0.0	0.1	0.2	0.1	39.6	0.0	0.2	0.0	172.1	127.3	-1.9	-2.9	153.2	149.7	110.4	110.5	109.7	111.4	99.3	198.0	33.1	0.0	80.0	80.0	40.0	0.0	0.0	61.9	-1.0	0.0	.Autoclave.Outputs.PRESSIP\OutputValue	8.0	44.8	-61.7	-1.0	0.0	-1.0	-1.0	-1.0	0.0	0.0	0.0	-1.0	-1.0	0.0	0.0	0.0	-1.0	0.0
01:19:24	199.0	152.8	161.3	135.1	158.6	162.6	152.9	134.6	131.9	125.5	162.6	163.9	169.5	0.0	0.0	0.2	0.5	39.5	0.0	0.5	0.0	169.5	125.5	-1.5	-5.7	150.9	147.5	109.3	109.2	108.6	110.5	99.2	199.0	34.1	0.0	80.0	80.0	40.0	0.0	0.0	63.4	-1.0	0.0	.Autoclave.Outputs.PRESSIP\OutputValue	8.0	44.0	-60.2	-1.0	0.0	-1.0	-1.0	-1.0	0.0	0.0	0.0	-1.0	-1.0	0.0	0.0	0.0	-1.0	0.0
01:20:25	200.1	150.4	157.7	132.8	156.2	160.1	150.6	132.7	130.2	123.4	160.1	161.5	167.0	0.0	0.1	0.2	-0.5	39.4	0.0	0.2	-0.5	167.0	123.4	-1.3	-2.8	148.6	145.2	108.4	108.3	107.6	109.3	99.1	200.0	35.1	0.0	80.0	80.0	40.0	0.0	0.0	64.1	-1.0	0.0	.Autoclave.Outputs.PRESSIP\OutputValue	8.0	43.6	-58.6	-1.0	0.0	-1.0	-1.0	-1.0	0.0	0.0	0.0	-1.0	-1.0	0.0	0.0	0.0	-1.0	0.0
01:21:24	201.0	148.0	155.3	131.3	154.0	157.7	148.5	130.8	128.4	121.8	157.5	159.1	164.8	0.0	0.0	0.2	0.3	39.3	0.0	0.3	0.0	164.8	121.8	-0.5	-2.6	146.4	143.3	107.4	107.4	106.7	108.6	99.0	201.0	36.1	0.0	80.0	80.0	40.0	0.0	0.0	64.9	-1.0	0.0	.Autoclave.Outputs.PRESSIP\OutputValue	8.0	43.0	-57.4	-1.0	0.0	-1.0	-1.0	-1.0	0.0	0.0	0.0	-1.0	-1.0	0.0	0.0	0.0	-1.0	0.0
01:22:24	202.0	145.9	153.6	129.7	151.9	155.4	146.3	129.1	126.5	120.4	155.3	156.9	162.4	0.0	0.0	0.2	0.0	39.2	0.0	0.2	0.0	162.4	120.4	-1.5	-2.7	144.4	141.4	106.6	106.5	106.0	107.7	99.2	202.0	37.1	0.0	80.0	80.0	40.0	0.0	0.0	66.0	-1.0	0.0	.Autoclave.Outputs.PRESSIP\OutputValue	8.0	42.0	-55.8	-1.0	0.0	-1.0	-1.0	-1.0	0.0	0.0	0.0	-1.0	-1.0	0.0	0.0	0.0	-1.0	0.0
01:23:25	203.1	143.7	151.2	128.1	149.6	153.2	144.3	127.8	124.9	118.9	153.1	154.5	160.1	0.0	0.1	0.2	0.0	39.1	0.0	0.2	0.0	160.1	118.9	-1.5	-2.6	142.4	139.5	105.6	105.6	105.0	107.1	99.0	203.0	38.1	0.0	80.0	80.0	40.0	0.0	0.0	67.0	-1.0	0.0	.Autoclave.Outputs.PRESSIP\OutputValue	8.0	41.2	-54.5	-1.0	0.0	-1.0	-1.0	-1.0	0.0	0.0	0.0	-1.0	-1.0	0.0	0.0	0.0	-1.0	0.0
01:24:25	204.1	141.7	148.8	126.5	147.5	150.8	142.2	125.7	123.0	117.6	151.0	152.5	157.7	0.0	0.1	0.2	-0.9	39.0	0.0	0.2	-0.9	157.7	117.6	-1.5	-2.3	140.4	137.7	104.8	105.0	104.3	106.3	98.9	204.0	39.1	0.0	80.0	80.0	40.0	0.0	0.0	67.5	-1.0	0.0	.Autoclave.Outputs.PRESSIP\OutputValue	8.0	40.1	-52.9	-1.0	0.0	-1.0	-1.0	-1.0	0.0	0.0	0.0	-1.0	-1.0	0.0	0.0	0.0	-1.0	0.0
01:25:24	205.0	139.7	146.7	125.1	145.3	148.9	140.3	124.9	121.8	116.2	148.7	150.5	155.6	0.0	0.0	0.2	0.2	39.6	0.0	0.2	0.0	155.6	116.2	-1.0	-2.3	138.6	135.9	104.4	104.4	103.7	105.9	99.2	205.0	40.1	0.0	80.0	80.0	40.0	0.0	0.0	62.3	-1.0	0.0	.Autoclave.Outputs.PRESSIP\OutputValue	8.0	39.4	-51.2	-1.0	0.0	-1.0	-1.0	-1.0	0.0	0.0	0.0	-1.0	-1.0	0.0	0.0	0.0	-1.0	0.0
01:26:25	206.1	137.8	144.6	123.8	143.5	146.6	138.4	123.7	120.4	115.3	146.9	148.5	153.5	-0.1	0.0	0.2	-0.1	39.5	0.0	0.2	-0.1	153.5	115.3	-1.2	-2.2	136.9	134.4	103.6	103.6	103.0	105.2	98.9	206.0	41.1	0.0	80.0	80.0	40.0	0.0	0.0	62.8	-1.0	0.0	.Autoclave.Outputs.PRESSIP\OutputValue	8.0	38.2	-49.9	-1.0	0.0	-1.0	-1.0	-1.0	0.0	0.0	0.0	-1.0	-1.0	0.0	0.0	0.0	-1.0	0.0
01:27:24	207.0	135.8	142.6	122.5	141.5	144.8	136.7	122.4	119.1	114.0	145.0	146.7	151.5	0.0	0.0	0.3	0.0	39.4	0.0	0.3	0.0	151.5	114.0	-1.2	-2.1	135.2	132.8	103.0	103.0	102.3	104.5	98.9	207.0	42.1	0.0	80.0	80.0	40.0	0.0	0.0	63.8	-1.0	0.0	.Autoclave.Outputs.PRESSIP\OutputValue	8.0	37.5	-48.5	-1.0	0.0	-1.0	-1.0	-1.0	0.0	0.0	0.0	-1.0	-1.0	0.0	0.0	0.0	-1.0	0.0
01:28:25	208.0	134.1	140.7	121.1	139.7	142.9	135.0	120.9	117.7	113.0	143.1	144.9	149.6	0.0	0.0	0.2	0.1	39.4	0.0	0.2	0.0	149.6	113.0	-1.0	-2.1	133.6	131.3	102.2	102.2	101.8	104.0	98.9	208.0	43.1	0.0	80.0	80.0	40.0	0.0	0.0	64.3	-1.0	0.0	.Autoclave.Outputs.PRESSIP\OutputValue	8.0	36.6	-47.4	-1.0	0.0	-1.0	-1.0	-1.0	0.0	0.0	0.0	-1.0	-1.0	0.0	0.0	0.0	-1.0	0.0
01:29:22	209.0	132.6	138.8	119.8	137.9	141.0	133.5	119.8	116.5	111.6	141.3	143.1	147.9	0.0	0.0	0.2	0.0	39.3	0.0	0.2	0.0	147.9	111.6	-1.0	-2.1	132.0	129.8	101.9	101.9	101.2	103.3	98.8	209.0	44.0	0.0	80.0	80.0	40.0	0.0	0.0	65.1	-1.0	0.0	.Autoclave.Outputs.PRESSIP\OutputValue	8.0	36.3	-46.1	-1.0	0.0	-1.0	-1.0	-1.0	0.0	0.0	0.0	-1.0	-1.0	0.0	0.0	0.0	-1.0	0.0
01:29:25	209.1	132.5	138.7	119.9	137.9	141.0	133.4	120.0	116.4	111.7	141.1	142.8	147.8	0.0	0.1	0.2	0.4	39.3	0.0	0.4	0.0	147.8	111.7	-1.2	-2.1	131.9	129.8	101.7	101.8	101.1	103.4	98.9	209.0	0.1	0.0	80.0	80.0	39.5	0.0	0.0	60.4	-1.0	0.0	.Autoclave.Outputs.PRESSIP\OutputValue	8.0	36.1	-46.1	-1.0	0.0	-1.0	-1.0	-1.0	0.0	0.0	0.0	-1.0	-1.0	0.0	0.0	0.0	-1.0	0.0
01:30:25	210.1	130.5	136.8	118.1	136.1	138.9	131.4	117.9	114.7	110.0	139.2	140.7	145.7	0.0	0.0	0.2	0.1	30.4	0.0	0.2	0.0	145.7	110.0	-1.7	-2.4	130.0	127.9	98.0	98.0	97.5	98.9	97.6	210.0	1.1	0.0	80.0	80.0	29.5	0.0	0.0	48.0	-1.0	0.0	.Autoclave.Outputs.PRESSIP\OutputValue	6.9	35.7	-47.7	-1.0	0.0	-1.0	-1.0	-1.0	0.0	0.0	0.0	-1.0	-1.0	-1.0	0.0	0.0	-1.0	0.0
01:31:24	211.0	129.0	134.9	116.6	134.4	137.5	129.8	116.4	113.0	108.4	137.6	139.1	144.0	0.0	0.0	0.1	0.1	20.1	0.0	0.1	0.0	144.0	108.4	-1.4	-1.8	128.4	126.2	94.7	94.7	94.1	95.5	97.0	211.0	2.1	0.0	80.0	80.0	19.5	0.0	0.0	50.3	-1.0	0.0	.Autoclave.Outputs.PRESSIP\OutputValue	5.5	35.6	-49.3	-1.0	0.0	-1.0	-1.0	-1.0	0.0	0.0	0.0	-1.0	-1.0	-1.0	0.0	0.0	-1.0	0.0
01:32:24	212.0	127.7	133.5	115.3	133.1	136.0	128.5	115.4	111.5	107.0	136.3	138.1	142.6	0.0	0.0	0.1	0.0	10.6	0.0	0.1	0.0	142.6	107.0	-0.9	-1.9	127.1	124.8	91.8	91.8	91.2	92.7	96.3	212.0	3.1	0.0	80.0	80.0	9.5	0.0	0.0	43.3	-1.0	0.0	.Autoclave.Outputs.PRESSIP\OutputValue	4.0	35.6	-50.8	-1.0	0.0	-1.0	-1.0	-1.0	0.0	0.0	0.0	-1.0	-1.0	-1.0	0.0	0.0	-1.0	0.0
01:33:24	213.0	127.1	132.3	114.6	132.1	135.1	127.5	115.1	110.3	106.2	135.4	137.9	141.9	-0.1	0.0	0.1	-0.2	2.6	0.0	0.1	-0.2	141.9	106.2	-0.3	-1.2	126.3	124.1	89.6	89.6	89.2	90.8	95.4	213.0	4.1	0.0	80.0	80.0	0.0	0.0	0.0	23.9	-1.0	0.0	.Autoclave.Outputs.PRESSIP\OutputValue	0.9	35.7	-52.3	-1.0	0.0	-1.0	-1.0	-1.0	0.0	0.0	0.0	-1.0	-1.0	-1.0	0.0	0.0	-1.0	0.0
01:33:51	213.5	126.9	131.9	114.8	131.8	134.7	127.2	115.1	110.2	106.2	135.2	137.6	141.7	-0.2	-0.1	0.0	-0.1	1.0	0.0	0.0	-0.2	141.7	106.2	0.1	-1.3	126.1	124.0	89.5	89.6	89.0	91.0	95.5	213.5	4.5	0.0	80.0	80.0	0.0	0.0	0.0	39.0	-1.0	0.0	.Autoclave.Outputs.PRESSIP\OutputValue	-0.6	35.5	-52.3	-1.0	0.0	-1.0	-1.0	-1.0	0.0	0.0	0.0	-1.0	-1.0	-1.0	0.0	0.0	-1.0	0.0
