

Time	Elapsed	PTC5	PTC6	PTC7	PTC10	PTC11	PTC12	PTC14	PTC15	PTC16	PTC25	PTC26	PTC27	PTC28	PTC29	PTC30	VPRB2	VPRB3	VPRB4	VPRB7	VPRB8	VPRB10	PRESS	SVAC	HIPRB	LOPRB	HITC	LOTC	HIRATE	LORATE	AVGTC	MEAN	AIRTC	AIRTC1	AIRTC2	HILIMTC	CAPSTC	RUNTIME	SEGTIME	SEGTIMELEFT	TSET_AIR	TSET_PART	PSET	TEMPOUT	TEMPINT	PRESSOUT	COOLIP	SCROUT	PRESSIP	PRESSINT	SPREAD	AIRPARTDELTA	CAPSFLOW	SILENCE	BARLOCK	HIPSI	FANON	HYDON	FANSTARTSTOPPB	HYDPMPSTARTSTOPPB	COOLCNTRLONOFFSW	PRESSCNTRLONOFFSW	PRESSDUMPSW	PCMANUALSW	HILIMIT	BLWRMTRHILIMIT	MANINSIDE
HH:MM:SS	Mins	Deg.F	Deg.F	Deg.F	Deg.F	Deg.F	Deg.F	Deg.F	Deg.F	Deg.F	Deg.F	Deg.F	Deg.F	Deg.F	Deg.F	Deg.F	"Hg	"Hg	"Hg	"Hg	"Hg	"Hg	Psig	"Hg			Deg.F	Deg.F	Deg.F	Deg.F	Deg.F	Deg.F	Deg.F	Deg.F	Deg.F	Deg.F	Deg.F	Mins	Mins	Mins	Deg.F	Deg.F	Psig				%	%	%	%	Deg.F	Deg.F															
23:20:22	0.0	82.7	81.6	80.3	79.3	78.9	79.3	80.1	79.1	79.9	79.4	79.9	79.3	81.2	80.9	80.5	-27.2	-27.7	-27.6	-27.7	-27.5	-27.5	-0.4	-27.9	-27.2	-27.7	82.7	78.9	0.3	0.1	80.2	80.8	93.2	93.2	92.5	105.7	101.1	278.5	0.0	0.0	70.0	70.0	0.0	0.0	0.0	50.0	0.0	0.0	.Autoclave.Outputs.PRESSIP\OutputValue	8.0	3.8	10.6	-1.0	0.0	-1.0	-1.0	0.0	0.0	0.0	0.0	-1.0	-1.0	-1.0	0.0	0.0	-1.0	0.0
23:20:24	0.0	82.7	81.6	80.3	79.3	78.9	79.3	80.1	79.1	79.9	79.4	79.9	79.3	81.2	80.9	80.5	-27.2	-27.7	-27.6	-27.7	-27.5	-27.5	-0.4	-27.9	-27.2	-27.7	82.7	78.9	0.3	0.1	80.2	80.8	93.2	93.2	92.5	105.7	101.1	278.5	0.0	0.0	70.0	70.0	0.0	0.0	0.0	50.0	0.0	0.0	.Autoclave.Outputs.PRESSIP\OutputValue	8.0	3.8	10.6	-1.0	0.0	-1.0	-1.0	0.0	0.0	0.0	0.0	-1.0	-1.0	-1.0	0.0	0.0	-1.0	0.0
23:20:25	0.1	82.7	81.6	80.3	79.3	78.9	79.3	80.1	79.1	79.9	79.4	79.9	79.3	81.2	80.9	80.5	-27.2	-27.7	-27.6	-27.7	-27.5	-27.5	-0.4	-27.9	-27.2	-27.7	82.7	78.9	0.3	0.1	80.2	80.8	93.2	93.2	92.5	105.9	101.1	278.5	0.0	0.0	70.0	70.0	0.0	0.0	0.0	50.0	0.0	0.0	.Autoclave.Outputs.PRESSIP\OutputValue	8.0	3.8	10.6	-1.0	0.0	-1.0	-1.0	0.0	0.0	0.0	0.0	-1.0	-1.0	-1.0	0.0	0.0	-1.0	0.0
23:20:25	0.1	82.7	81.6	80.3	79.3	78.9	79.3	80.1	79.1	79.9	79.4	79.9	79.3	81.2	80.9	80.5	-27.2	-27.7	-27.6	-27.7	-27.5	-27.5	-0.4	-27.9	-27.2	-27.7	82.7	78.9	0.3	0.1	80.2	80.8	93.2	93.2	92.5	105.9	101.1	278.5	0.0	0.0	70.0	70.0	0.0	0.0	0.0	50.0	0.0	0.0	.Autoclave.Outputs.PRESSIP\OutputValue	8.0	3.8	10.5	-1.0	0.0	-1.0	-1.0	0.0	0.0	0.0	0.0	-1.0	-1.0	-1.0	0.0	0.0	-1.0	0.0
23:21:25	1.1	84.4	82.6	81.5	80.9	79.7	80.3	81.4	79.9	80.4	79.6	80.8	79.8	81.7	81.7	80.8	-27.2	-27.8	-27.7	-27.7	-27.5	-27.6	1.1	-27.9	-27.2	-27.8	84.4	79.6	1.8	0.3	81.0	82.0	94.8	94.8	94.2	98.7	98.5	1.0	1.0	0.0	90.0	87.2	1.5	15.2	-0.2	62.0	-1.0	0.0	.Autoclave.Outputs.PRESSIP\OutputValue	8.0	4.8	10.4	-1.0	0.0	-1.0	-1.0	-1.0	0.0	0.0	0.0	-1.0	-1.0	0.0	0.0	0.0	-1.0	0.0
23:22:25	2.1	85.7	83.4	82.4	82.3	80.2	81.3	82.0	80.5	81.0	80.3	81.6	80.5	82.5	82.5	81.6	-27.1	-27.7	-29.3	-27.7	-27.5	-27.7	2.7	-27.9	-27.1	-29.3	85.7	80.2	1.3	0.5	81.9	83.0	95.3	95.3	94.7	102.5	98.3	2.0	2.0	0.0	97.7	91.7	3.0	62.8	-0.3	61.5	0.0	25.7	.Autoclave.Outputs.PRESSIP\OutputValue	8.0	5.5	9.6	-1.0	0.0	-1.0	-1.0	-1.0	0.0	0.0	0.0	-1.0	-1.0	0.0	0.0	0.0	-1.0	0.0
23:23:25	3.1	88.3	84.7	83.9	84.7	81.4	82.9	83.3	81.3	81.8	80.9	83.0	81.3	83.6	83.7	82.5	-27.0	-27.7	-27.6	-27.7	-27.5	-27.7	3.6	-27.9	-27.0	-27.7	88.3	80.9	2.6	0.6	83.2	84.6	102.1	102.1	101.4	114.5	98.2	3.0	3.0	0.0	104.1	96.2	4.5	60.5	-0.1	67.1	0.0	20.9	.Autoclave.Outputs.PRESSIP\OutputValue	8.0	7.4	13.8	-1.0	0.0	-1.0	-1.0	-1.0	0.0	0.0	0.0	-1.0	-1.0	0.0	0.0	0.0	-1.0	0.0
23:24:25	4.1	90.7	86.0	85.8	87.3	82.5	84.4	84.7	82.2	82.7	81.9	84.7	82.5	85.0	85.1	83.5	-26.9	-27.7	-27.7	-27.8	-27.8	-27.7	5.2	-27.9	-26.9	-27.8	90.7	81.9	2.6	0.9	84.6	86.3	108.4	108.4	107.7	121.3	98.3	4.0	4.0	0.0	110.7	100.7	6.0	62.7	0.1	65.9	0.0	25.4	.Autoclave.Outputs.PRESSIP\OutputValue	8.0	8.8	17.7	-1.0	0.0	-1.0	-1.0	-1.0	0.0	0.0	0.0	-1.0	-1.0	0.0	0.0	0.0	-1.0	0.0
23:25:25	5.1	93.6	87.5	87.6	90.4	84.0	86.4	86.0	83.2	83.7	83.0	86.4	84.1	86.6	86.8	85.0	-26.7	-27.6	-27.8	-27.8	-27.7	-27.7	6.9	-27.9	-26.7	-27.8	93.6	83.0	3.5	0.8	86.3	88.3	114.9	114.9	114.4	127.6	98.5	5.0	5.0	0.0	116.9	105.2	7.5	60.9	0.3	64.3	0.0	21.7	.Autoclave.Outputs.PRESSIP\OutputValue	8.0	10.6	21.4	-1.0	0.0	-1.0	-1.0	-1.0	0.0	0.0	0.0	-1.0	-1.0	0.0	0.0	0.0	-1.0	0.0
23:26:25	6.0	96.6	89.2	89.5	93.8	85.5	88.4	87.8	84.3	85.1	84.2	88.3	85.6	88.2	88.4	86.6	-26.6	-27.5	-27.3	-27.7	-27.7	-27.7	8.5	-27.9	-26.6	-27.7	96.6	84.2	3.1	1.2	88.1	90.4	121.1	121.1	120.4	134.3	98.7	6.0	6.0	0.0	122.9	109.7	9.0	61.0	0.5	63.0	0.0	22.1	.Autoclave.Outputs.PRESSIP\OutputValue	8.0	12.4	24.6	-1.0	0.0	-1.0	-1.0	-1.0	0.0	0.0	0.0	-1.0	-1.0	0.0	0.0	0.0	-1.0	0.0
23:27:25	7.1	99.5	91.2	91.7	97.4	87.4	90.7	89.6	85.8	86.3	85.6	90.5	87.5	90.1	90.2	88.5	-26.5	-27.5	-27.9	-27.7	-27.7	-27.6	10.0	-27.9	-26.5	-27.9	99.5	85.6	3.8	1.4	90.1	92.5	126.8	126.8	126.1	141.1	98.7	7.0	7.0	0.0	129.0	114.2	10.5	64.4	0.8	63.1	0.0	28.8	.Autoclave.Outputs.PRESSIP\OutputValue	8.0	13.9	27.3	-1.0	0.0	-1.0	-1.0	-1.0	0.0	0.0	0.0	-1.0	-1.0	0.0	0.0	0.0	-1.0	0.0
23:27:26	7.1	99.6	91.4	92.0	97.4	87.5	90.8	89.6	85.8	86.4	85.7	90.6	87.4	90.1	90.3	88.5	-26.4	-27.5	-27.5	-27.7	-27.7	-27.7	10.1	-27.9	-26.4	-27.7	99.6	85.7	3.8	1.4	90.2	92.6	126.8	127.0	126.2	141.3	98.8	7.0	7.0	0.0	129.0	114.3	10.5	63.6	0.8	63.2	0.0	27.1	.Autoclave.Outputs.PRESSIP\OutputValue	8.0	13.9	27.3	-1.0	0.0	-1.0	-1.0	-1.0	0.0	0.0	0.0	-1.0	-1.0	0.0	0.0	0.0	-1.0	0.0
23:28:25	8.1	102.7	93.6	94.4	101.4	89.3	93.3	91.6	87.5	88.0	87.2	92.6	89.4	92.1	92.2	90.5	-26.1	-27.4	-27.5	-27.7	-27.5	-27.5	11.2	-27.3	-26.1	-27.7	102.7	87.2	3.4	1.6	92.4	94.9	132.6	132.6	131.9	145.1	98.9	8.0	1.0	0.0	134.8	118.7	12.0	63.3	1.0	65.8	0.0	26.5	.Autoclave.Outputs.PRESSIP\OutputValue	8.0	15.5	29.9	-1.0	0.0	-1.0	-1.0	-1.0	0.0	0.0	0.0	-1.0	-1.0	0.0	0.0	0.0	-1.0	0.0
23:29:25	9.0	106.1	95.9	96.5	105.8	91.8	96.3	94.2	89.4	90.1	88.8	94.9	91.6	94.5	94.7	93.0	-22.2	-23.3	-22.8	-23.0	-22.7	-22.6	12.9	-22.6	-22.2	-23.3	106.1	88.8	4.5	1.6	94.9	97.4	138.2	138.2	137.5	151.3	98.9	9.0	2.0	0.0	140.4	123.2	13.5	64.4	1.2	64.1	0.0	28.8	.Autoclave.Outputs.PRESSIP\OutputValue	8.0	17.3	32.1	-1.0	0.0	-1.0	-1.0	-1.0	0.0	0.0	0.0	-1.0	-1.0	0.0	0.0	0.0	-1.0	0.0
23:30:25	10.1	110.0	98.5	99.6	109.8	94.2	99.2	96.7	91.6	92.1	90.1	97.6	94.1	96.9	97.1	95.5	-17.1	-17.7	-17.5	-17.6	-17.4	-17.3	14.7	-17.4	-17.1	-17.7	110.0	90.1	4.5	1.3	97.5	100.0	143.2	143.1	142.5	157.2	99.1	10.0	3.0	0.0	145.3	127.7	15.0	65.4	1.5	60.8	0.0	30.9	.Autoclave.Outputs.PRESSIP\OutputValue	8.0	19.9	33.2	-1.0	0.0	-1.0	-1.0	-1.0	0.0	0.0	0.0	-1.0	-1.0	0.0	0.0	0.0	-1.0	0.0
23:31:25	11.1	113.7	101.4	102.6	114.6	96.7	102.4	99.2	93.8	94.4	92.7	100.1	96.8	99.4	99.7	98.2	-12.1	-12.4	-12.5	-12.5	-12.3	-12.2	15.6	-12.2	-12.1	-12.5	114.6	92.7	4.3	1.9	100.4	103.7	147.8	148.0	147.3	159.7	99.0	11.0	4.0	0.0	150.2	132.2	16.5	65.7	1.7	66.8	0.0	31.4	.Autoclave.Outputs.PRESSIP\OutputValue	8.0	21.9	33.1	-1.0	0.0	-1.0	-1.0	-1.0	0.0	0.0	0.0	-1.0	-1.0	0.0	0.0	0.0	-1.0	0.0
23:32:26	12.1	117.3	104.7	105.8	118.9	99.6	105.6	102.3	96.2	96.8	94.7	102.6	99.4	102.0	102.0	101.0	-7.2	-7.4	-7.2	-7.4	-7.4	-7.3	17.2	-7.2	-7.2	-7.4	118.9	94.7	4.8	2.0	103.3	106.8	152.4	152.4	151.8	164.5	99.1	12.0	5.0	0.0	154.5	136.7	18.0	64.5	1.9	65.9	0.0	28.9	.Autoclave.Outputs.PRESSIP\OutputValue	8.0	24.2	33.4	-1.0	0.0	-1.0	-1.0	-1.0	0.0	0.0	0.0	-1.0	-1.0	0.0	0.0	0.0	-1.0	0.0
23:33:25	13.1	120.9	106.6	108.1	123.5	102.3	108.9	104.7	98.8	99.2	96.8	105.3	102.2	104.4	104.5	103.8	-3.1	-3.3	-3.2	-3.4	-3.3	-3.2	18.9	-3.3	-3.1	-3.4	123.5	96.8	4.7	2.1	106.0	110.2	157.1	157.1	156.4	168.1	99.2	13.0	6.0	0.0	158.9	141.2	19.5	62.8	2.1	63.8	0.0	25.6	.Autoclave.Outputs.PRESSIP\OutputValue	8.0	26.7	33.5	-1.0	0.0	-1.0	-1.0	-1.0	0.0	0.0	0.0	-1.0	-1.0	0.0	0.0	0.0	-1.0	0.0
23:34:25	14.1	124.7	109.8	111.9	128.1	105.2	112.5	107.7	101.3	101.8	99.0	108.1	105.2	107.0	107.3	106.9	-1.3	-1.3	-1.3	-1.5	-1.4	-1.2	20.6	-1.4	-1.2	-1.5	128.1	99.0	4.8	2.2	109.1	113.6	161.5	161.6	161.0	172.7	99.3	14.0	7.0	0.0	163.4	145.7	21.0	63.5	2.3	62.2	0.0	27.0	.Autoclave.Outputs.PRESSIP\OutputValue	8.0	29.1	33.3	-1.0	0.0	-1.0	-1.0	-1.0	0.0	0.0	0.0	-1.0	-1.0	0.0	0.0	0.0	-1.0	0.0
23:35:25	15.0	128.8	112.8	114.8	132.8	108.3	116.2	110.4	104.0	104.6	101.2	111.0	108.2	109.7	110.1	110.0	-0.4	-0.5	-0.4	-0.6	-0.6	-0.5	21.5	-0.5	-0.4	-0.6	132.8	101.2	4.6	2.2	112.2	117.0	165.4	165.4	164.7	176.6	99.1	15.0	8.0	0.0	167.7	150.2	22.5	66.4	2.5	67.6	0.0	32.8	.Autoclave.Outputs.PRESSIP\OutputValue	8.0	31.6	32.5	-1.0	0.0	-1.0	-1.0	-1.0	0.0	0.0	0.0	-1.0	-1.0	0.0	0.0	0.0	-1.0	0.0
23:36:25	16.1	132.3	116.0	117.9	137.4	111.5	119.8	113.6	106.8	107.6	103.7	113.9	111.4	112.7	113.0	113.5	0.0	0.0	0.0	-0.1	-0.2	0.0	23.2	-0.1	0.0	-0.2	137.4	103.7	4.7	2.6	115.4	120.6	169.7	169.6	169.0	181.5	99.1	16.0	9.0	0.0	172.0	154.7	24.0	66.0	2.8	65.7	0.0	32.0	.Autoclave.Outputs.PRESSIP\OutputValue	8.0	33.7	32.2	-1.0	0.0	-1.0	-1.0	-1.0	0.0	0.0	0.0	-1.0	-1.0	0.0	0.0	0.0	-1.0	0.0
23:37:25	17.1	136.3	119.6	121.4	142.0	114.7	124.0	116.9	109.9	110.7	106.3	116.8	114.3	115.8	116.0	116.9	0.1	0.1	0.1	0.0	0.0	0.1	24.7	0.0	0.1	0.0	142.0	106.3	4.8	2.6	118.8	124.2	174.3	174.3	173.7	184.1	99.3	17.0	10.0	0.0	176.3	159.2	25.5	64.8	3.0	65.4	0.0	29.6	.Autoclave.Outputs.PRESSIP\OutputValue	8.0	35.7	32.2	-1.0	0.0	-1.0	-1.0	-1.0	0.0	0.0	0.0	-1.0	-1.0	0.0	0.0	0.0	-1.0	0.0
23:38:25	18.1	140.1	123.1	125.6	146.9	118.1	127.9	120.4	113.3	113.7	108.9	120.4	117.9	118.9	119.1	120.4	0.2	0.1	0.2	0.1	0.1	0.2	26.4	0.1	0.2	0.1	146.9	108.9	4.9	2.7	122.3	127.9	178.7	178.7	178.1	189.7	99.4	18.0	11.0	0.0	180.7	163.7	27.0	64.4	3.2	64.2	0.0	28.8	.Autoclave.Outputs.PRESSIP\OutputValue	8.0	38.0	31.7	-1.0	0.0	-1.0	-1.0	-1.0	0.0	0.0	0.0	-1.0	-1.0	0.0	0.0	0.0	-1.0	0.0
23:39:25	19.1	144.4	125.8	128.6	151.7	121.8	131.7	123.5	116.4	117.2	111.5	123.6	121.2	122.2	122.6	124.1	0.3	0.2	0.2	0.1	0.1	0.1	27.7	0.1	0.3	0.1	151.7	111.5	5.0	2.6	125.8	131.6	182.5	182.5	181.8	194.1	99.5	19.0	12.0	0.0	184.7	168.2	28.5	67.1	3.4	65.6	0.0	34.1	.Autoclave.Outputs.PRESSIP\OutputValue	8.0	40.2	30.7	-1.0	0.0	-1.0	-1.0	-1.0	0.0	0.0	0.0	-1.0	-1.0	0.0	0.0	0.0	-1.0	0.0
23:40:25	20.1	148.2	129.4	132.6	156.4	125.5	135.9	126.7	119.7	120.6	114.2	127.2	124.8	125.4	126.0	128.0	0.3	0.2	0.1	0.1	0.1	0.1	29.2	0.1	0.3	0.1	156.4	114.2	4.7	2.7	129.4	135.3	186.7	186.7	186.0	197.2	99.6	20.0	13.0	0.0	189.0	172.7	30.0	66.6	3.7	66.1	0.0	33.1	.Autoclave.Outputs.PRESSIP\OutputValue	8.0	42.2	30.3	-1.0	0.0	-1.0	-1.0	-1.0	0.0	0.0	0.0	-1.0	-1.0	0.0	0.0	0.0	-1.0	0.0
23:41:25	21.1	152.3	133.3	136.2	161.2	129.2	140.7	130.9	123.4	124.0	117.3	130.4	128.6	128.9	129.6	131.8	0.3	0.2	0.2	0.1	0.1	0.1	30.9	0.1	0.3	0.1	161.2	117.3	4.8	2.8	133.2	139.3	191.3	191.3	190.6	202.7	99.7	21.0	14.0	0.0	193.2	177.3	31.5	65.1	3.9	63.5	0.0	30.2	.Autoclave.Outputs.PRESSIP\OutputValue	8.0	43.9	30.1	-1.0	0.0	-1.0	-1.0	-1.0	0.0	0.0	0.0	-1.0	-1.0	0.0	0.0	0.0	-1.0	0.0
23:42:25	22.0	156.2	136.6	140.1	166.1	133.3	144.4	134.2	126.8	127.5	120.3	133.7	132.2	132.2	133.1	135.6	0.3	0.2	0.2	0.1	0.1	0.2	32.7	0.1	0.3	0.1	166.1	120.3	5.1	3.2	136.8	143.2	195.3	195.5	194.8	206.1	99.7	22.0	15.0	0.0	197.3	181.7	33.0	65.6	4.1	61.1	0.0	31.2	.Autoclave.Outputs.PRESSIP\OutputValue	8.0	45.8	29.2	-1.0	0.0	-1.0	-1.0	-1.0	0.0	0.0	0.0	-1.0	-1.0	0.0	0.0	0.0	-1.0	0.0
23:43:25	23.1	160.4	140.3	143.6	171.0	137.2	149.2	137.9	130.5	131.1	123.3	137.4	135.9	135.7	136.9	139.7	0.3	0.2	0.2	0.1	0.1	0.2	33.6	0.1	0.3	0.1	171.0	123.3	4.9	3.2	140.7	147.2	199.4	199.4	198.9	209.7	99.7	23.0	16.0	0.0	201.5	186.2	34.5	65.3	4.3	66.7	0.0	30.6	.Autoclave.Outputs.PRESSIP\OutputValue	8.0	47.7	28.4	-1.0	0.0	-1.0	-1.0	-1.0	0.0	0.0	0.0	-1.0	-1.0	0.0	0.0	0.0	-1.0	0.0
23:44:25	24.1	164.3	144.0	148.1	175.6	141.2	153.9	142.6	134.4	135.1	126.6	140.9	139.9	139.4	140.6	143.8	0.3	0.1	0.2	0.1	0.1	0.2	35.3	0.1	0.3	0.1	175.6	126.6	5.1	3.2	144.7	151.1	203.6	203.6	202.9	214.2	99.8	24.0	17.0	0.0	205.9	190.7	36.0	68.1	4.5	65.3	0.0	36.2	.Autoclave.Outputs.PRESSIP\OutputValue	8.0	49.0	28.0	-1.0	0.0	-1.0	-1.0	-1.0	0.0	0.0	0.0	-1.0	-1.0	0.0	0.0	0.0	-1.0	0.0
23:45:25	25.0	168.5	148.0	152.1	180.2	145.4	158.6	146.8	138.3	138.9	130.0	144.6	143.8	143.2	144.3	148.1	0.4	0.2	0.2	0.1	0.1	0.2	37.0	0.1	0.4	0.1	180.2	130.0	4.8	3.5	148.7	155.1	208.0	207.9	207.4	218.5	99.9	25.0	18.0	0.0	210.2	195.2	37.5	66.9	4.8	62.4	0.0	33.8	.Autoclave.Outputs.PRESSIP\OutputValue	8.0	50.2	27.8	-1.0	0.0	-1.0	-1.0	-1.0	0.0	0.0	0.0	-1.0	-1.0	0.0	0.0	0.0	-1.0	0.0
23:46:25	26.1	172.3	151.5	156.2	185.2	149.8	163.2	150.3	142.2	142.9	133.4	148.4	147.8	146.9	148.4	152.3	0.4	0.2	0.2	0.1	0.1	0.1	38.0	0.1	0.4	0.1	185.2	133.4	5.0	3.3	152.7	159.3	211.9	211.9	211.3	221.9	99.9	26.0	19.0	0.0	214.2	199.7	39.0	68.5	5.0	68.0	0.0	36.9	.Autoclave.Outputs.PRESSIP\OutputValue	8.0	51.8	26.7	-1.0	0.0	-1.0	-1.0	-1.0	0.0	0.0	0.0	-1.0	-1.0	0.0	0.0	0.0	-1.0	0.0
23:47:25	27.1	176.6	155.4	119.5	189.8	154.0	167.8	154.7	146.2	147.0	136.9	152.7	152.0	150.8	152.4	156.7	0.4	0.2	0.2	0.2	0.1	0.2	39.7	0.1	0.4	0.1	189.8	136.9	4.9	3.7	156.6	163.4	216.3	216.3	215.7	226.5	99.9	27.0	20.0	0.0	218.5	204.2	40.0	66.8	5.2	60.9	0.0	33.6	.Autoclave.Outputs.PRESSIP\OutputValue	8.0	52.9	26.5	-1.0	0.0	-1.0	-1.0	-1.0	0.0	0.0	0.0	-1.0	-1.0	0.0	0.0	0.0	-1.0	0.0
23:48:25	28.0	180.7	158.6	252.2	194.8	158.6	172.8	158.3	150.1	151.2	140.8	156.8	156.3	154.6	156.7	161.0	0.4	0.2	0.2	0.2	0.2	0.3	40.1	0.1	0.4	0.2	194.8	140.8	5.8	3.8	160.8	167.8	220.1	220.1	219.3	232.0	99.9	28.0	21.0	0.0	222.7	208.7	40.0	70.9	5.5	57.4	0.0	41.8	.Autoclave.Outputs.PRESSIP\OutputValue	8.0	54.0	25.3	-1.0	0.0	-1.0	-1.0	-1.0	0.0	0.0	0.0	-1.0	-1.0	0.0	0.0	0.0	-1.0	0.0
23:49:25	29.1	184.9	163.3	176.6	199.6	163.0	177.6	162.6	154.3	155.2	144.6	160.6	160.7	158.3	160.8	165.4	0.5	0.2	0.2	0.2	0.2	0.2	40.3	0.1	0.5	0.2	199.6	144.6	5.2	3.7	165.1	172.1	224.6	224.6	223.9	236.6	99.9	29.0	22.0	0.0	226.8	213.3	40.0	68.7	5.7	53.9	0.0	37.4	.Autoclave.Outputs.PRESSIP\OutputValue	7.6	55.0	25.0	-1.0	0.0	-1.0	-1.0	-1.0	0.0	0.0	0.0	-1.0	-1.0	0.0	0.0	0.0	-1.0	0.0
23:50:25	30.1	188.9	167.0	138.5	204.2	167.4	182.3	166.8	158.3	159.4	148.5	164.4	164.9	162.1	164.8	169.8	0.5	0.2	0.2	0.2	0.2	0.2	40.6	0.1	0.5	0.2	204.2	148.5	4.8	3.1	169.2	176.4	228.7	228.7	228.0	240.0	99.9	30.0	23.0	0.0	231.2	217.7	40.0	70.6	5.9	50.5	0.0	41.2	.Autoclave.Outputs.PRESSIP\OutputValue	6.6	55.7	24.5	-1.0	0.0	-1.0	-1.0	-1.0	0.0	0.0	0.0	-1.0	-1.0	0.0	0.0	0.0	-1.0	0.0
23:51:25	31.1	193.2	170.3	101.7	208.9	171.8	186.6	171.0	162.7	163.6	152.3	168.4	169.1	165.9	169.0	174.3	0.5	0.2	0.2	0.1	0.2	0.3	40.9	0.1	0.5	0.1	208.9	152.3	4.8	4.0	173.4	180.6	233.4	233.4	232.7	244.4	99.9	31.0	24.0	0.0	235.5	222.2	40.0	67.8	6.2	45.5	0.0	35.5	.Autoclave.Outputs.PRESSIP\OutputValue	5.0	56.6	24.5	-1.0	0.0	-1.0	-1.0	-1.0	0.0	0.0	0.0	-1.0	-1.0	0.0	0.0	0.0	-1.0	0.0
23:52:25	32.1	197.1	173.9	181.0	213.6	176.4	191.9	174.6	166.7	167.7	156.1	172.3	173.6	169.9	173.1	178.7	0.5	0.2	0.2	0.2	0.1	0.2	40.1	0.1	0.5	0.1	213.6	156.1	4.9	3.2	177.5	184.9	238.2	238.2	237.5	249.2	99.7	32.0	25.0	0.0	239.8	226.8	40.0	66.0	6.4	53.3	0.0	32.0	.Autoclave.Outputs.PRESSIP\OutputValue	4.5	57.5	24.6	-1.0	0.0	-1.0	-1.0	-1.0	0.0	0.0	0.0	-1.0	-1.0	0.0	0.0	0.0	-1.0	0.0
23:53:25	33.1	201.7	177.5	187.6	218.2	180.9	196.2	178.7	171.0	171.9	160.0	176.1	178.1	174.0	177.3	183.1	0.5	0.2	0.2	0.2	0.2	0.2	40.4	0.1	0.5	0.2	218.2	160.0	4.6	3.8	181.8	189.1	242.2	242.3	241.6	253.5	99.8	33.0	26.0	0.0	244.3	231.2	40.0	68.2	6.6	50.1	0.0	36.3	.Autoclave.Outputs.PRESSIP\OutputValue	4.0	58.2	24.1	-1.0	0.0	-1.0	-1.0	-1.0	0.0	0.0	0.0	-1.0	-1.0	0.0	0.0	0.0	-1.0	0.0
23:54:25	34.1	206.0	181.2	191.4	222.8	185.3	200.8	183.2	175.1	176.0	164.1	180.0	182.6	178.0	181.5	187.6	0.5	0.2	0.2	0.2	0.1	0.2	40.8	0.1	0.5	0.1	222.8	164.1	4.8	3.5	186.0	193.4	246.6	246.6	245.9	259.0	99.6	34.0	27.0	0.0	248.8	235.8	40.0	69.1	6.9	45.3	0.0	38.1	.Autoclave.Outputs.PRESSIP\OutputValue	2.7	58.7	23.9	-1.0	0.0	-1.0	-1.0	-1.0	0.0	0.0	0.0	-1.0	-1.0	0.0	0.0	0.0	-1.0	0.0
23:55:25	35.1	210.2	185.3	195.2	227.2	189.7	205.4	187.5	179.3	180.0	168.2	184.0	187.0	181.9	185.8	192.1	0.5	0.3	0.2	0.2	0.1	0.3	39.6	0.1	0.5	0.1	227.2	168.2	4.6	3.8	190.2	197.7	250.9	250.9	250.1	260.9	99.7	35.0	28.0	0.0	253.3	240.2	40.0	70.3	7.1	54.8	0.0	40.7	.Autoclave.Outputs.PRESSIP\OutputValue	1.1	59.0	23.8	-1.0	0.0	-1.0	-1.0	-1.0	0.0	0.0	0.0	-1.0	-1.0	0.0	0.0	0.0	-1.0	0.0
23:56:25	36.1	214.4	189.2	196.2	231.8	194.1	210.1	191.8	183.5	184.3	172.4	188.0	191.4	185.7	190.0	196.4	0.6	0.2	0.2	0.2	0.1	0.2	40.2	0.1	0.6	0.1	231.8	172.4	4.8	3.7	194.5	202.1	255.7	255.7	254.9	267.8	99.8	36.0	29.0	0.0	257.7	244.7	40.0	68.7	7.3	49.2	0.0	37.3	.Autoclave.Outputs.PRESSIP\OutputValue	1.0	59.4	24.0	-1.0	0.0	-1.0	-1.0	-1.0	0.0	0.0	0.0	-1.0	-1.0	0.0	0.0	0.0	-1.0	0.0
23:57:25	37.1	218.7	193.1	198.4	236.3	198.7	214.7	195.7	187.9	188.7	176.5	191.6	195.8	189.7	194.3	200.7	0.6	0.2	0.2	0.2	0.1	0.3	40.5	0.1	0.6	0.1	236.3	176.5	4.7	3.9	198.7	206.4	260.0	260.1	259.4	271.9	99.9	37.0	30.0	0.0	262.3	249.2	40.0	70.9	7.5	45.7	0.0	41.8	.Autoclave.Outputs.PRESSIP\OutputValue	0.3	59.8	23.8	-1.0	0.0	-1.0	-1.0	-1.0	0.0	0.0	0.0	-1.0	-1.0	0.0	0.0	0.0	-1.0	0.0
23:58:17	37.9	222.8	195.6	202.4	240.1	202.4	218.8	199.3	191.6	192.3	180.1	195.0	199.6	193.2	198.1	204.4	0.6	0.2	0.2	0.2	0.1	0.2	40.6	0.1	0.6	0.1	240.1	180.1	4.8	3.5	202.4	210.1	263.9	263.8	263.2	273.9	99.8	37.9	30.8	0.0	263.9	252.0	40.0	57.1	7.7	42.8	0.0	14.3	.Autoclave.Outputs.PRESSIP\OutputValue	-0.7	60.0	23.9	-1.0	0.0	-1.0	-1.0	-1.0	0.0	0.0	0.0	-1.0	-1.0	0.0	0.0	0.0	-1.0	0.0
23:58:25	38.0	223.0	196.6	203.4	240.6	203.0	219.3	199.8	192.2	192.8	180.8	195.5	200.2	193.7	198.6	205.2	0.6	0.2	0.2	0.2	0.1	0.2	40.6	0.1	0.6	0.1	240.6	180.8	4.8	3.5	202.9	210.7	263.8	263.8	263.1	272.1	99.7	38.0	0.1	0.0	264.6	252.6	40.0	61.5	7.7	43.6	0.0	23.1	.Autoclave.Outputs.PRESSIP\OutputValue	-0.9	59.8	23.3	-1.0	0.0	-1.0	-1.0	-1.0	0.0	0.0	0.0	-1.0	-1.0	0.0	0.0	0.0	-1.0	0.0
23:59:25	39.1	226.9	200.3	207.3	244.7	207.6	223.7	203.4	196.4	196.9	184.8	199.1	204.5	197.6	202.5	209.4	0.6	0.2	0.2	0.2	0.1	0.2	41.0	0.1	0.6	0.1	244.7	184.8	4.6	3.4	207.0	214.7	267.3	267.3	266.6	279.9	99.7	39.0	1.1	0.0	269.7	257.1	40.0	71.2	7.9	37.6	0.0	42.5	.Autoclave.Outputs.PRESSIP\OutputValue	-2.5	59.9	22.7	-1.0	0.0	-1.0	-1.0	-1.0	0.0	0.0	0.0	-1.0	-1.0	0.0	0.0	0.0	-1.0	0.0
00:00:25	40.1	230.9	204.5	212.2	249.1	212.2	228.5	207.7	200.7	201.3	188.9	202.7	209.0	201.6	206.9	213.9	0.6	0.2	0.2	0.1	0.1	0.2	40.5	0.1	0.6	0.1	249.1	188.9	4.8	3.9	211.3	219.0	272.0	272.0	271.2	285.0	99.7	40.0	2.1	0.0	274.3	261.6	40.0	70.7	8.2	41.3	0.0	41.4	.Autoclave.Outputs.PRESSIP\OutputValue	-3.3	60.2	23.0	-1.0	0.0	-1.0	-1.0	-1.0	0.0	0.0	0.0	-1.0	-1.0	0.0	0.0	0.0	-1.0	0.0
00:01:25	41.0	235.1	208.2	217.0	253.5	216.6	232.8	211.9	204.8	205.6	193.2	206.4	213.3	205.7	211.1	218.2	0.7	0.2	0.2	0.2	0.1	0.2	40.8	0.1	0.7	0.1	253.5	193.2	4.7	3.6	215.4	223.3	276.5	276.5	275.9	288.9	99.9	41.0	3.1	0.0	278.8	266.1	40.0	72.0	8.4	37.4	0.0	44.0	.Autoclave.Outputs.PRESSIP\OutputValue	-4.6	60.3	23.1	-1.0	0.0	-1.0	-1.0	-1.0	0.0	0.0	0.0	-1.0	-1.0	0.0	0.0	0.0	-1.0	0.0
00:02:25	42.1	239.2	212.1	222.3	257.8	221.0	237.4	216.1	209.1	209.8	197.6	210.2	217.7	209.7	215.5	222.5	0.7	0.2	0.2	0.2	0.1	0.2	40.0	0.1	0.7	0.1	257.8	197.6	4.6	3.7	219.7	227.7	280.6	280.6	279.9	295.1	99.7	42.0	4.1	0.0	283.5	270.6	40.0	75.1	8.6	44.8	0.0	50.2	.Autoclave.Outputs.PRESSIP\OutputValue	-5.5	60.2	22.9	-1.0	0.0	-1.0	-1.0	-1.0	0.0	0.0	0.0	-1.0	-1.0	0.0	0.0	0.0	-1.0	0.0
00:03:25	43.1	243.1	216.0	226.0	261.6	225.3	241.4	220.3	213.4	214.1	202.1	213.8	222.1	213.8	219.5	227.0	0.7	0.2	0.2	0.2	0.1	0.2	39.7	0.1	0.7	0.1	261.6	202.1	4.6	3.7	223.8	231.8	283.2	283.2	282.5	287.6	99.7	43.0	5.1	0.0	282.4	272.0	40.0	52.1	8.7	47.1	0.0	4.1	.Autoclave.Outputs.PRESSIP\OutputValue	-5.4	59.5	21.7	-1.0	0.0	-1.0	-1.0	-1.0	0.0	0.0	0.0	-1.0	-1.0	0.0	0.0	0.0	-1.0	0.0
00:04:25	44.0	245.3	218.8	229.2	263.7	228.6	244.1	222.9	216.9	217.4	205.8	216.2	225.5	217.1	222.4	230.4	0.7	0.2	0.2	0.2	0.1	0.2	39.7	0.1	0.7	0.1	263.7	205.8	3.7	2.1	226.8	234.7	280.5	280.5	279.8	286.2	99.8	44.0	6.1	0.0	280.4	272.0	40.0	55.4	8.7	48.4	0.0	10.8	.Autoclave.Outputs.PRESSIP\OutputValue	-4.9	57.9	16.9	-1.0	0.0	-1.0	-1.0	-1.0	0.0	0.0	0.0	-1.0	-1.0	0.0	0.0	0.0	-1.0	0.0
00:05:25	45.1	247.4	221.3	230.4	265.2	231.8	246.7	225.8	220.6	220.8	209.0	218.5	228.6	220.2	224.9	233.4	0.7	0.2	0.2	0.2	0.1	0.2	39.7	0.1	0.7	0.1	265.2	209.0	3.8	1.6	229.6	237.1	278.8	278.8	278.1	285.4	99.8	45.0	7.1	0.0	278.8	272.0	40.0	56.1	8.7	48.6	0.0	12.1	.Autoclave.Outputs.PRESSIP\OutputValue	-4.3	56.2	13.7	-1.0	0.0	-1.0	-1.0	-1.0	0.0	0.0	0.0	-1.0	-1.0	0.0	0.0	0.0	-1.0	0.0
00:06:25	46.1	249.1	223.9	232.5	266.4	234.6	248.9	228.7	223.7	223.8	212.0	220.8	231.3	222.9	227.4	236.2	0.7	0.2	0.2	0.2	0.1	0.2	39.6	0.1	0.7	0.1	266.4	212.0	3.3	1.5	232.1	239.2	277.8	277.8	277.0	283.1	99.8	46.0	8.1	0.0	277.6	272.0	40.0	56.0	8.7	49.9	0.0	12.1	.Autoclave.Outputs.PRESSIP\OutputValue	-3.6	54.4	11.5	-1.0	0.0	-1.0	-1.0	-1.0	0.0	0.0	0.0	-1.0	-1.0	0.0	0.0	0.0	-1.0	0.0
00:07:25	47.1	250.7	226.0	235.0	267.4	237.2	251.1	231.5	226.8	226.7	214.8	223.1	234.0	225.6	229.8	238.8	0.6	0.2	0.2	0.1	0.1	0.2	39.6	0.1	0.6	0.1	267.4	214.8	3.1	0.9	234.5	241.1	276.9	276.9	276.2	282.7	99.8	47.0	9.1	0.0	276.7	272.0	40.0	55.4	8.7	51.0	0.0	10.7	.Autoclave.Outputs.PRESSIP\OutputValue	-2.9	52.6	9.6	-1.0	0.0	-1.0	-1.0	-1.0	0.0	0.0	0.0	-1.0	-1.0	0.0	0.0	0.0	-1.0	0.0
00:08:25	48.1	252.0	228.4	236.8	268.0	239.6	253.0	233.5	229.6	229.5	217.6	225.3	236.3	228.1	232.0	241.1	0.7	0.2	0.2	0.1	0.1	0.2	39.7	0.1	0.7	0.1	268.0	217.6	2.9	0.8	236.7	242.8	276.0	276.0	275.4	282.5	99.7	48.0	10.1	0.0	276.0	272.0	40.0	56.0	8.7	51.1	0.0	12.0	.Autoclave.Outputs.PRESSIP\OutputValue	-2.2	50.4	8.1	-1.0	0.0	-1.0	-1.0	-1.0	0.0	0.0	0.0	-1.0	-1.0	0.0	0.0	0.0	-1.0	0.0
00:09:25	49.1	253.4	230.1	238.3	268.6	242.0	254.7	235.9	232.3	232.0	220.3	227.4	238.6	230.5	234.2	243.3	0.6	0.2	0.2	0.1	0.1	0.2	39.6	0.1	0.6	0.1	268.6	220.3	2.8	0.5	238.8	244.4	275.6	275.6	274.9	281.3	99.7	49.0	11.1	0.0	275.4	272.0	40.0	55.3	8.6	52.3	0.0	10.6	.Autoclave.Outputs.PRESSIP\OutputValue	-1.4	48.3	7.1	-1.0	0.0	-1.0	-1.0	-1.0	0.0	0.0	0.0	-1.0	-1.0	0.0	0.0	0.0	-1.0	0.0
00:10:25	50.1	254.5	232.3	239.9	269.0	244.0	256.3	238.0	234.7	234.3	222.6	229.3	240.5	232.9	236.2	245.3	0.6	0.1	0.2	0.1	0.1	0.2	39.6	0.1	0.6	0.1	269.0	222.6	2.7	0.4	240.7	245.8	275.1	275.1	274.4	280.7	99.7	50.0	12.1	0.0	275.0	272.0	40.0	56.0	8.6	53.1	0.0	11.9	.Autoclave.Outputs.PRESSIP\OutputValue	-0.6	46.4	6.2	-1.0	0.0	-1.0	-1.0	-1.0	0.0	0.0	0.0	-1.0	-1.0	0.0	0.0	0.0	-1.0	0.0
00:11:25	51.0	255.7	234.4	241.2	269.5	246.0	257.7	240.0	237.1	236.8	225.2	231.4	242.3	235.1	238.3	247.1	0.6	0.2	0.2	0.2	0.1	0.1	39.6	0.1	0.6	0.1	269.5	225.2	2.3	0.5	242.6	247.3	274.8	274.8	273.9	280.4	99.7	51.0	13.1	0.0	274.5	272.0	40.0	54.6	8.6	54.2	0.0	9.2	.Autoclave.Outputs.PRESSIP\OutputValue	0.2	44.3	5.4	-1.0	0.0	-1.0	-1.0	-1.0	0.0	0.0	0.0	-1.0	-1.0	0.0	0.0	0.0	-1.0	0.0
00:12:25	52.1	256.6	236.2	243.7	269.7	247.9	259.0	241.9	239.4	238.7	227.5	233.2	244.3	237.2	240.1	248.8	0.5	0.2	0.1	0.1	0.1	0.1	39.6	0.1	0.5	0.1	269.7	227.5	2.4	0.3	244.3	248.6	274.7	274.7	273.9	279.6	99.6	52.0	14.1	0.0	274.2	272.0	40.0	53.9	8.5	55.0	0.0	7.8	.Autoclave.Outputs.PRESSIP\OutputValue	1.0	42.2	5.1	-1.0	0.0	-1.0	-1.0	-1.0	0.0	0.0	0.0	-1.0	-1.0	0.0	0.0	0.0	-1.0	0.0
00:13:25	53.1	257.5	237.5	242.0	270.1	249.7	260.3	243.6	241.4	240.8	229.8	235.0	246.0	239.1	241.9	250.3	0.5	0.2	0.1	0.1	0.1	0.2	39.6	0.1	0.5	0.1	270.1	229.8	2.4	0.2	245.9	249.9	274.3	274.3	273.6	279.9	99.6	53.0	15.1	0.0	274.0	272.0	40.0	53.9	8.5	55.4	0.0	7.7	.Autoclave.Outputs.PRESSIP\OutputValue	1.7	40.3	4.3	-1.0	0.0	-1.0	-1.0	-1.0	0.0	0.0	0.0	-1.0	-1.0	0.0	0.0	0.0	-1.0	0.0
00:14:25	54.0	258.5	238.8	242.5	270.3	251.5	261.5	245.4	243.5	242.8	231.8	236.9	247.5	241.0	243.6	251.9	0.5	0.1	0.2	0.1	0.1	0.1	39.6	0.1	0.5	0.1	270.3	231.8	2.1	0.3	247.5	251.0	274.0	274.0	273.3	279.5	99.8	54.0	16.1	0.0	273.7	272.0	40.0	54.5	8.5	56.2	0.0	9.0	.Autoclave.Outputs.PRESSIP\OutputValue	2.5	38.5	3.8	-1.0	0.0	-1.0	-1.0	-1.0	0.0	0.0	0.0	-1.0	-1.0	0.0	0.0	0.0	-1.0	0.0
00:15:25	55.1	259.4	240.7	243.6	270.5	252.9	262.4	247.1	245.3	244.7	233.9	238.6	248.9	242.8	245.4	253.2	0.5	0.1	0.2	0.1	0.1	0.2	39.6	0.1	0.5	0.1	270.5	233.9	2.1	0.2	249.0	252.2	273.9	273.9	273.2	278.9	99.7	55.0	17.1	0.0	273.5	272.0	40.0	53.8	8.4	57.3	0.0	7.6	.Autoclave.Outputs.PRESSIP\OutputValue	3.3	36.6	3.5	-1.0	0.0	-1.0	-1.0	-1.0	0.0	0.0	0.0	-1.0	-1.0	0.0	0.0	0.0	-1.0	0.0
00:16:25	56.1	259.9	242.1	244.6	270.7	254.3	263.3	248.6	247.0	246.3	235.8	240.1	250.2	244.5	246.9	254.6	0.5	0.2	0.1	0.1	0.1	0.1	39.6	0.1	0.5	0.1	270.7	235.8	1.9	0.1	250.3	253.2	273.7	273.7	273.0	278.6	99.7	56.0	18.1	0.0	273.4	272.0	40.0	54.4	8.4	58.1	0.0	8.8	.Autoclave.Outputs.PRESSIP\OutputValue	4.1	34.9	3.1	-1.0	0.0	-1.0	-1.0	-1.0	0.0	0.0	0.0	-1.0	-1.0	0.0	0.0	0.0	-1.0	0.0
00:17:25	57.0	260.5	243.3	246.3	270.8	255.8	264.1	250.2	248.6	248.1	237.7	241.7	251.6	246.2	248.4	255.7	0.5	0.1	0.1	0.1	0.1	0.2	39.6	0.1	0.5	0.1	270.8	237.7	1.9	0.2	251.6	254.2	273.5	273.5	272.9	278.9	99.7	57.0	19.1	0.0	273.2	272.0	40.0	54.4	8.4	58.7	0.0	8.8	.Autoclave.Outputs.PRESSIP\OutputValue	4.8	33.1	2.8	-1.0	0.0	-1.0	-1.0	-1.0	0.0	0.0	0.0	-1.0	-1.0	0.0	0.0	0.0	-1.0	0.0
00:18:25	58.1	261.1	244.2	247.3	271.0	256.9	264.8	251.4	250.2	249.7	239.4	243.1	252.8	247.8	249.8	256.8	0.4	0.1	0.2	0.1	0.0	0.2	39.6	0.0	0.4	0.0	271.0	239.4	1.9	0.0	252.8	255.2	273.6	273.6	272.8	278.8	99.5	58.0	20.1	0.0	273.1	272.0	40.0	53.0	8.3	59.4	0.0	6.0	.Autoclave.Outputs.PRESSIP\OutputValue	5.6	31.6	2.7	-1.0	0.0	-1.0	-1.0	-1.0	0.0	0.0	0.0	-1.0	-1.0	0.0	0.0	0.0	-1.0	0.0
00:19:25	59.1	261.5	245.3	248.3	271.0	258.1	265.4	252.7	251.5	251.2	241.1	244.6	254.0	249.2	251.2	257.8	0.4	0.1	0.1	0.1	0.1	0.2	39.6	0.0	0.4	0.1	271.0	241.1	1.8	0.2	253.9	256.0	273.5	273.4	272.7	278.5	99.7	59.0	21.1	0.0	273.0	272.0	40.0	53.0	8.3	60.0	0.0	6.0	.Autoclave.Outputs.PRESSIP\OutputValue	6.3	29.9	2.6	-1.0	0.0	-1.0	-1.0	-1.0	0.0	0.0	0.0	-1.0	-1.0	0.0	0.0	0.0	-1.0	0.0
00:20:25	60.0	262.3	246.9	249.6	271.1	259.2	266.2	254.0	253.0	252.6	242.6	246.1	255.0	250.7	252.5	258.9	0.4	0.2	0.2	0.1	0.1	0.1	39.6	0.0	0.4	0.1	271.1	242.6	1.6	0.0	255.1	256.8	273.4	273.4	272.6	278.7	99.7	60.0	22.1	0.0	273.0	272.0	40.0	54.3	8.3	60.5	0.0	8.6	.Autoclave.Outputs.PRESSIP\OutputValue	7.0	28.5	2.4	-1.0	0.0	-1.0	-1.0	-1.0	0.0	0.0	0.0	-1.0	-1.0	0.0	0.0	0.0	-1.0	0.0
00:21:25	61.1	262.6	247.4	250.1	271.2	260.2	266.6	255.1	254.3	254.0	244.2	247.5	256.1	252.1	253.7	259.9	0.4	0.1	0.1	0.1	0.1	0.1	39.6	0.0	0.4	0.1	271.2	244.2	1.6	0.1	256.1	257.7	273.2	273.3	272.6	278.5	99.7	61.0	23.1	0.0	272.8	272.0	40.0	53.6	8.2	61.4	0.0	7.1	.Autoclave.Outputs.PRESSIP\OutputValue	7.7	27.0	2.1	-1.0	0.0	-1.0	-1.0	-1.0	0.0	0.0	0.0	-1.0	-1.0	0.0	0.0	0.0	-1.0	0.0
00:22:25	62.1	263.1	248.3	251.3	271.2	261.2	266.9	256.2	255.4	255.3	245.6	248.8	257.0	253.3	254.9	260.7	0.4	0.1	0.2	0.1	0.1	0.1	39.6	0.0	0.4	0.1	271.2	245.6	1.5	0.1	257.0	258.4	273.1	273.2	272.6	278.2	99.7	62.0	24.1	0.0	272.8	272.0	40.0	54.2	8.2	61.5	0.0	8.4	.Autoclave.Outputs.PRESSIP\OutputValue	8.0	25.6	2.0	-1.0	0.0	-1.0	-1.0	-1.0	0.0	0.0	0.0	-1.0	-1.0	0.0	0.0	0.0	-1.0	0.0
00:23:25	63.1	263.4	249.2	252.5	271.2	261.9	267.4	257.2	256.5	256.5	247.1	249.9	257.8	254.5	256.0	261.4	0.4	0.1	0.2	0.1	0.1	0.1	39.6	0.0	0.4	0.1	271.2	247.1	1.3	0.0	257.9	259.1	273.1	273.1	272.4	278.4	99.6	63.0	25.1	0.0	272.7	272.0	40.0	52.8	8.1	61.5	0.0	5.7	.Autoclave.Outputs.PRESSIP\OutputValue	8.0	24.1	2.0	-1.0	0.0	-1.0	-1.0	-1.0	0.0	0.0	0.0	-1.0	-1.0	0.0	0.0	0.0	-1.0	0.0
00:24:25	64.1	263.9	250.4	254.1	271.2	262.8	267.9	258.2	257.6	257.5	248.5	251.2	258.7	255.8	257.0	262.2	0.4	0.1	0.1	0.1	0.1	0.1	39.6	0.0	0.4	0.1	271.2	248.5	1.5	0.2	258.8	259.8	273.1	273.1	272.4	277.7	99.7	64.0	26.1	0.0	272.6	272.0	40.0	52.8	8.1	61.3	0.0	5.6	.Autoclave.Outputs.PRESSIP\OutputValue	8.0	22.7	2.0	-1.0	0.0	-1.0	-1.0	-1.0	0.0	0.0	0.0	-1.0	-1.0	0.0	0.0	0.0	-1.0	0.0
00:25:25	65.1	264.3	251.2	253.9	271.3	263.5	268.1	259.2	258.6	258.7	249.7	252.3	259.5	256.9	258.2	262.9	0.4	0.1	0.2	0.1	0.1	0.1	39.7	0.0	0.4	0.1	271.3	249.7	1.4	0.0	259.6	260.5	273.0	273.0	272.2	277.9	99.7	65.0	27.1	0.0	272.7	272.0	40.0	53.4	8.1	61.5	0.0	6.8	.Autoclave.Outputs.PRESSIP\OutputValue	8.0	21.6	1.8	-1.0	0.0	-1.0	-1.0	-1.0	0.0	0.0	0.0	-1.0	-1.0	0.0	0.0	0.0	-1.0	0.0
00:26:25	66.1	264.6	252.1	254.8	271.5	264.1	269.5	260.0	259.4	259.5	251.0	253.5	260.3	257.9	259.1	263.6	0.4	0.1	0.1	0.1	0.1	0.2	39.7	0.0	0.4	0.1	271.5	251.0	1.2	0.0	260.4	261.2	273.0	273.0	272.3	277.8	99.6	66.0	28.1	0.0	272.6	272.0	40.0	53.4	8.0	61.3	0.0	6.7	.Autoclave.Outputs.PRESSIP\OutputValue	8.0	20.5	1.6	-1.0	0.0	-1.0	-1.0	-1.0	0.0	0.0	0.0	-1.0	-1.0	0.0	0.0	0.0	-1.0	0.0
00:27:25	67.0	264.8	252.8	255.7	271.4	264.7	268.8	260.6	260.2	260.3	252.2	254.5	261.0	258.9	259.9	264.1	0.4	0.1	0.1	0.1	0.0	0.2	39.6	0.0	0.4	0.0	271.4	252.2	1.2	0.0	261.0	261.8	272.9	272.9	272.2	277.8	99.7	67.0	29.1	0.0	272.6	272.0	40.0	53.3	8.0	61.5	0.0	6.7	.Autoclave.Outputs.PRESSIP\OutputValue	8.0	19.2	1.6	-1.0	0.0	-1.0	-1.0	-1.0	0.0	0.0	0.0	-1.0	-1.0	0.0	0.0	0.0	-1.0	0.0
00:28:25	68.1	265.0	253.8	256.0	271.5	265.2	269.1	261.5	261.1	261.1	253.5	255.6	261.6	259.9	260.8	264.8	0.3	0.1	0.1	0.1	0.1	0.2	39.6	0.0	0.3	0.1	271.5	253.5	1.3	0.0	261.8	262.5	272.9	272.9	272.2	277.7	99.8	68.0	30.1	0.0	272.5	272.0	40.0	53.3	7.9	61.5	0.0	6.6	.Autoclave.Outputs.PRESSIP\OutputValue	8.0	18.0	1.5	-1.0	0.0	-1.0	-1.0	-1.0	0.0	0.0	0.0	-1.0	-1.0	0.0	0.0	0.0	-1.0	0.0
00:29:25	69.1	265.7	254.0	257.1	271.5	265.6	269.3	262.2	261.7	261.8	254.5	256.5	262.3	260.7	261.6	265.4	0.3	0.1	0.1	0.1	0.1	0.1	39.7	0.0	0.3	0.1	271.5	254.0	1.1	0.1	262.3	262.8	272.9	272.9	272.2	277.8	99.8	69.0	31.1	0.0	272.6	272.0	40.0	53.9	7.9	61.3	0.0	7.8	.Autoclave.Outputs.PRESSIP\OutputValue	8.0	17.4	1.5	-1.0	0.0	-1.0	-1.0	-1.0	0.0	0.0	0.0	-1.0	-1.0	0.0	0.0	0.0	-1.0	0.0
00:30:25	70.0	265.9	254.5	258.0	271.5	266.1	269.3	262.8	262.4	262.5	255.6	257.6	263.0	261.6	262.5	266.0	0.4	0.1	0.1	0.1	0.0	0.1	39.7	0.0	0.4	0.0	271.5	254.5	1.1	0.0	263.0	263.0	273.0	272.9	272.3	277.6	99.8	70.0	32.1	0.0	272.5	272.0	40.0	52.5	7.9	61.1	0.0	5.1	.Autoclave.Outputs.PRESSIP\OutputValue	8.0	16.9	1.6	-1.0	0.0	-1.0	-1.0	-1.0	0.0	0.0	0.0	-1.0	-1.0	0.0	0.0	0.0	-1.0	0.0
00:31:25	71.1	266.1	255.7	258.5	271.5	266.5	269.6	263.4	263.0	263.1	256.7	258.3	263.5	262.3	263.1	266.5	0.3	0.1	0.1	0.1	0.0	0.1	39.7	0.0	0.3	0.0	271.5	255.7	1.0	0.0	263.5	263.6	272.9	272.9	272.2	277.5	99.8	71.0	33.1	0.0	272.5	272.0	40.0	53.2	7.8	61.3	0.0	6.3	.Autoclave.Outputs.PRESSIP\OutputValue	8.0	15.7	1.5	-1.0	0.0	-1.0	-1.0	-1.0	0.0	0.0	0.0	-1.0	-1.0	0.0	0.0	0.0	-1.0	0.0
00:32:25	72.1	266.5	256.0	258.8	271.5	266.8	269.8	264.1	263.6	263.7	257.5	259.3	264.0	263.0	263.9	266.9	0.3	0.1	0.1	0.1	0.0	0.2	39.7	0.0	0.3	0.0	271.5	256.0	1.0	0.0	264.0	263.8	272.9	272.9	272.0	278.0	99.8	72.0	34.1	0.0	272.5	272.0	40.0	53.8	7.8	60.9	0.0	7.6	.Autoclave.Outputs.PRESSIP\OutputValue	8.0	15.4	1.5	-1.0	0.0	-1.0	-1.0	-1.0	0.0	0.0	0.0	-1.0	-1.0	0.0	0.0	0.0	-1.0	0.0
00:33:25	73.0	266.6	256.8	259.5	271.5	267.2	270.2	264.6	264.3	264.3	258.4	260.0	264.5	263.7	264.4	267.3	0.4	0.1	0.1	0.1	0.1	0.1	39.7	0.0	0.4	0.1	271.5	256.8	1.1	0.1	264.6	264.2	272.8	272.7	272.1	277.9	99.6	73.0	35.1	0.0	272.3	272.0	40.0	53.8	7.7	61.1	0.0	7.5	.Autoclave.Outputs.PRESSIP\OutputValue	8.0	14.6	1.4	-1.0	0.0	-1.0	-1.0	-1.0	0.0	0.0	0.0	-1.0	-1.0	0.0	0.0	0.0	-1.0	0.0
00:34:25	74.1	267.0	257.0	260.2	271.7	267.5	270.0	265.1	264.8	264.8	259.2	260.6	264.9	264.3	264.9	267.7	0.3	0.1	0.1	0.1	0.1	0.2	39.7	0.0	0.3	0.1	271.7	257.0	0.7	-0.1	265.0	264.4	272.9	272.9	272.0	277.7	99.8	74.0	36.1	0.0	272.3	272.0	40.0	53.1	7.7	61.1	0.0	6.1	.Autoclave.Outputs.PRESSIP\OutputValue	8.0	14.6	1.3	-1.0	0.0	-1.0	-1.0	-1.0	0.0	0.0	0.0	-1.0	-1.0	0.0	0.0	0.0	-1.0	0.0
00:35:25	75.1	267.2	257.8	260.7	271.7	267.7	270.0	265.5	265.1	265.3	259.9	261.3	265.4	264.8	265.6	268.2	0.3	0.1	0.1	0.1	0.1	0.1	39.7	0.0	0.3	0.1	271.7	257.8	0.8	0.0	265.4	264.8	272.9	272.9	272.0	277.4	99.7	75.0	37.1	0.0	272.4	272.0	40.0	52.4	7.7	61.1	0.0	4.7	.Autoclave.Outputs.PRESSIP\OutputValue	8.0	13.8	1.3	-1.0	0.0	-1.0	-1.0	-1.0	0.0	0.0	0.0	-1.0	-1.0	0.0	0.0	0.0	-1.0	0.0
00:36:25	76.1	267.4	258.2	261.0	271.7	268.1	270.1	266.0	265.5	265.7	260.7	261.9	265.9	265.4	266.0	268.5	0.3	0.1	0.1	0.1	0.0	0.1	39.7	0.0	0.3	0.0	271.7	258.2	0.8	0.0	265.8	265.0	272.7	272.7	272.2	277.6	99.9	76.0	38.1	0.0	272.3	272.0	40.0	53.0	7.6	61.1	0.0	6.0	.Autoclave.Outputs.PRESSIP\OutputValue	8.0	13.4	1.1	-1.0	0.0	-1.0	-1.0	-1.0	0.0	0.0	0.0	-1.0	-1.0	0.0	0.0	0.0	-1.0	0.0
00:37:25	77.1	267.6	259.3	261.6	271.5	268.3	270.4	266.4	266.1	266.2	261.4	262.5	266.3	265.9	266.6	268.8	0.3	0.1	0.1	0.1	0.0	0.1	39.7	0.0	0.3	0.0	271.5	259.3	0.7	-0.1	266.2	265.4	272.8	272.9	272.0	277.4	99.7	77.0	39.1	0.0	272.3	272.0	40.0	53.6	7.6	60.9	0.0	7.2	.Autoclave.Outputs.PRESSIP\OutputValue	8.0	12.1	1.4	-1.0	0.0	-1.0	-1.0	-1.0	0.0	0.0	0.0	-1.0	-1.0	0.0	0.0	0.0	-1.0	0.0
00:38:25	78.1	267.8	259.1	262.3	271.7	268.5	270.2	266.8	266.5	266.6	261.9	263.0	266.6	266.3	266.8	269.2	0.3	0.1	0.1	0.1	0.1	0.1	39.7	0.0	0.3	0.1	271.7	259.1	0.7	0.0	266.5	265.4	272.7	272.7	272.0	277.3	99.6	78.0	40.1	0.0	272.4	272.0	40.0	52.9	7.5	60.9	0.0	5.8	.Autoclave.Outputs.PRESSIP\OutputValue	8.0	12.5	1.1	-1.0	0.0	-1.0	-1.0	-1.0	0.0	0.0	0.0	-1.0	-1.0	0.0	0.0	0.0	-1.0	0.0
00:39:02	78.7	267.9	260.2	262.4	271.7	268.7	270.6	267.1	266.7	266.7	262.4	263.4	266.9	266.6	267.1	269.4	0.3	0.1	0.1	0.1	0.1	0.1	39.7	0.0	0.3	0.1	271.7	260.2	0.9	0.0	266.8	266.0	272.7	272.8	272.1	277.5	99.8	78.6	40.7	0.0	272.3	272.0	40.0	53.5	7.5	60.9	0.0	7.1	.Autoclave.Outputs.PRESSIP\OutputValue	8.0	11.4	1.1	-1.0	0.0	-1.0	-1.0	-1.0	0.0	0.0	0.0	-1.0	-1.0	0.0	0.0	0.0	-1.0	0.0
00:39:25	79.1	268.0	259.6	262.3	271.6	268.8	270.5	267.2	266.9	266.9	262.5	263.6	266.9	266.7	267.3	269.6	0.3	0.1	0.1	0.1	0.1	0.2	39.7	0.0	0.3	0.1	271.6	259.6	0.7	-0.2	266.9	265.6	272.7	272.7	272.0	277.6	99.8	79.0	0.4	70.6	272.4	272.0	40.0	52.9	7.5	60.8	0.0	5.7	.Autoclave.Outputs.PRESSIP\OutputValue	8.0	11.9	1.2	-1.0	0.0	-1.0	-1.0	-1.0	0.0	0.0	0.0	-1.0	-1.0	0.0	0.0	0.0	-1.0	0.0
00:40:25	80.1	268.2	260.0	263.9	271.7	269.0	270.6	267.5	267.2	267.2	263.1	264.2	267.3	267.1	267.6	269.7	0.3	0.1	0.1	0.1	0.0	0.1	39.7	0.0	0.3	0.0	271.7	260.0	0.7	0.0	267.2	265.9	272.8	272.8	272.0	277.4	99.7	80.0	1.4	69.6	272.3	272.0	40.0	52.2	7.5	61.1	0.0	4.3	.Autoclave.Outputs.PRESSIP\OutputValue	8.0	11.6	1.2	-1.0	0.0	-1.0	-1.0	-1.0	0.0	0.0	0.0	-1.0	-1.0	0.0	0.0	0.0	-1.0	0.0
00:41:25	81.1	268.3	260.8	262.8	271.7	269.2	270.9	267.9	267.5	267.6	263.6	264.7	267.7	267.6	268.0	269.9	0.3	0.1	0.1	0.0	0.1	0.1	39.7	0.0	0.3	0.0	271.7	260.8	0.8	-0.2	267.5	266.3	272.8	272.8	272.0	277.3	99.7	81.0	2.4	68.6	272.3	272.0	40.0	52.1	7.4	60.8	0.0	4.2	.Autoclave.Outputs.PRESSIP\OutputValue	8.0	10.8	1.2	-1.0	0.0	-1.0	-1.0	-1.0	0.0	0.0	0.0	-1.0	-1.0	0.0	0.0	0.0	-1.0	0.0
00:42:25	82.1	268.2	261.2	263.5	271.7	269.3	271.0	268.0	267.7	267.8	264.0	265.0	267.9	267.9	268.4	270.3	0.3	0.1	0.1	0.1	0.1	0.1	39.7	0.0	0.3	0.1	271.7	261.2	1.2	-0.2	267.7	266.5	272.7	272.7	272.0	277.3	99.7	82.0	3.4	67.6	272.3	272.0	40.0	52.7	7.4	60.9	0.0	5.5	.Autoclave.Outputs.PRESSIP\OutputValue	8.0	10.4	1.1	-1.0	0.0	-1.0	-1.0	-1.0	0.0	0.0	0.0	-1.0	-1.0	0.0	0.0	0.0	-1.0	0.0
00:43:25	83.0	268.5	261.0	263.8	271.7	269.5	270.9	268.3	268.2	268.1	264.5	265.4	268.2	268.3	268.7	270.5	0.3	0.1	0.1	0.1	0.0	0.1	39.7	0.0	0.3	0.0	271.7	261.0	0.4	-0.4	268.0	266.4	272.7	272.7	272.0	277.2	99.6	83.0	4.4	66.6	272.3	272.0	40.0	52.7	7.4	60.8	0.0	5.4	.Autoclave.Outputs.PRESSIP\OutputValue	8.0	10.6	1.1	-1.0	0.0	-1.0	-1.0	-1.0	0.0	0.0	0.0	-1.0	-1.0	0.0	0.0	0.0	-1.0	0.0
00:44:25	84.1	268.8	262.0	264.7	271.8	269.7	271.0	268.6	268.2	268.4	265.0	265.9	268.6	268.7	269.1	270.8	0.3	0.1	0.1	0.0	0.1	0.1	39.7	0.0	0.3	0.0	271.8	262.0	0.6	0.1	268.3	266.9	272.5	272.7	272.0	277.4	99.6	84.0	5.4	65.6	272.3	272.0	40.0	54.0	7.3	60.8	0.0	8.0	.Autoclave.Outputs.PRESSIP\OutputValue	8.0	9.7	0.8	-1.0	0.0	-1.0	-1.0	-1.0	0.0	0.0	0.0	-1.0	-1.0	0.0	0.0	0.0	-1.0	0.0
00:45:25	85.1	268.9	262.1	264.3	271.7	269.8	270.9	268.8	268.6	268.6	265.4	266.3	268.8	269.0	269.3	271.0	0.3	0.1	0.1	0.1	0.1	0.1	39.8	0.0	0.3	0.1	271.7	262.1	0.4	-0.3	268.5	266.9	272.6	272.6	271.9	277.3	99.6	85.0	6.4	64.6	272.2	272.0	40.0	53.3	7.3	60.6	0.0	6.6	.Autoclave.Outputs.PRESSIP\OutputValue	8.0	9.5	1.0	-1.0	0.0	-1.0	-1.0	-1.0	0.0	0.0	0.0	-1.0	-1.0	0.0	0.0	0.0	-1.0	0.0
00:46:25	86.0	269.0	262.5	265.4	271.7	269.9	271.1	269.1	268.8	268.9	265.8	266.7	269.0	269.3	269.6	271.2	0.3	0.1	0.1	0.1	0.1	0.2	39.7	0.0	0.3	0.1	271.7	262.5	0.4	-0.1	268.8	267.1	272.6	272.6	271.9	277.6	99.7	86.0	7.4	63.6	272.3	272.0	40.0	53.9	7.2	60.6	0.0	7.9	.Autoclave.Outputs.PRESSIP\OutputValue	8.0	9.1	1.0	-1.0	0.0	-1.0	-1.0	-1.0	0.0	0.0	0.0	-1.0	-1.0	0.0	0.0	0.0	-1.0	0.0
00:47:25	87.1	269.2	262.7	265.1	271.7	270.0	271.1	269.3	269.0	269.1	265.8	266.9	268.9	269.5	269.7	271.3	0.3	0.1	0.1	0.1	0.1	0.1	39.7	0.0	0.3	0.1	271.7	262.7	0.5	0.0	268.9	267.2	272.6	272.6	271.9	277.2	99.6	87.0	8.4	62.6	272.3	272.0	40.0	53.2	7.2	60.6	0.0	6.5	.Autoclave.Outputs.PRESSIP\OutputValue	8.0	8.9	1.0	-1.0	0.0	-1.0	-1.0	-1.0	0.0	0.0	0.0	-1.0	-1.0	0.0	0.0	0.0	-1.0	0.0
00:48:25	88.1	269.3	263.1	265.3	271.7	270.1	271.1	269.6	269.2	269.3	266.5	267.2	269.5	269.6	270.2	271.6	0.3	0.1	0.1	0.1	0.1	0.2	39.7	0.0	0.3	0.1	271.7	263.1	0.4	-0.1	269.1	267.4	272.6	272.7	271.9	277.1	99.7	88.0	9.4	61.6	272.3	272.0	40.0	53.2	7.2	60.8	0.0	6.4	.Autoclave.Outputs.PRESSIP\OutputValue	8.0	8.5	1.0	-1.0	0.0	-1.0	-1.0	-1.0	0.0	0.0	0.0	-1.0	-1.0	0.0	0.0	0.0	-1.0	0.0
00:49:25	89.0	269.3	263.4	265.9	271.7	270.2	271.3	269.7	269.4	269.5	266.9	267.7	269.7	270.1	270.4	271.8	0.3	0.1	0.1	0.1	0.0	0.1	39.7	0.0	0.3	0.0	271.8	263.4	0.4	-0.3	269.4	267.6	272.6	272.6	272.0	277.2	99.7	89.0	10.4	60.6	272.2	272.0	40.0	52.5	7.1	60.9	0.0	5.0	.Autoclave.Outputs.PRESSIP\OutputValue	8.0	8.4	0.8	-1.0	0.0	-1.0	-1.0	-1.0	0.0	0.0	0.0	-1.0	-1.0	0.0	0.0	0.0	-1.0	0.0
00:50:25	90.1	269.3	263.8	266.2	271.7	270.3	271.2	269.8	269.5	269.6	267.2	267.9	269.9	270.3	270.6	271.7	0.3	0.1	0.1	0.1	0.0	0.2	39.7	0.0	0.3	0.0	271.7	263.8	1.1	0.0	269.5	267.8	272.5	272.5	271.8	277.2	99.7	90.0	11.4	59.6	272.1	272.0	40.0	52.2	7.1	60.8	0.0	4.4	.Autoclave.Outputs.PRESSIP\OutputValue	8.0	7.9	0.8	-1.0	0.0	-1.0	-1.0	-1.0	0.0	0.0	0.0	-1.0	-1.0	0.0	0.0	0.0	-1.0	0.0
00:51:25	91.1	269.4	263.6	266.2	271.6	270.2	271.1	269.9	269.8	269.8	267.5	268.2	270.0	270.5	270.6	271.9	0.3	0.1	0.1	0.1	0.0	0.2	39.7	0.0	0.3	0.0	271.9	263.6	0.4	-0.5	269.6	267.8	272.5	272.5	271.7	276.9	99.9	91.0	12.4	58.6	272.0	272.0	40.0	51.5	7.1	60.9	0.0	3.0	.Autoclave.Outputs.PRESSIP\OutputValue	8.0	8.3	0.6	-1.0	0.0	-1.0	-1.0	-1.0	0.0	0.0	0.0	-1.0	-1.0	0.0	0.0	0.0	-1.0	0.0
00:52:26	92.1	269.6	263.9	267.4	271.5	270.3	271.1	270.1	269.9	270.0	267.7	268.4	270.2	270.6	270.9	272.1	0.3	0.1	0.1	0.1	0.0	0.1	39.7	0.0	0.3	0.0	272.1	263.9	0.5	0.0	269.7	268.0	272.3	272.3	271.6	276.8	99.8	92.0	13.4	57.6	271.9	272.0	40.0	52.1	7.0	60.9	0.0	4.3	.Autoclave.Outputs.PRESSIP\OutputValue	8.0	8.2	0.2	-1.0	0.0	-1.0	-1.0	-1.0	0.0	0.0	0.0	-1.0	-1.0	0.0	0.0	0.0	-1.0	0.0
00:53:25	93.1	269.6	264.5	266.4	271.4	270.3	271.1	270.2	269.8	270.0	268.0	268.6	270.3	270.8	271.0	272.1	0.3	0.1	0.1	0.1	0.1	0.1	39.7	0.0	0.3	0.1	272.1	264.5	0.3	-0.4	269.8	268.3	272.2	272.2	271.5	276.7	99.8	93.0	14.4	56.6	271.9	272.0	40.0	53.4	7.0	60.8	0.0	6.9	.Autoclave.Outputs.PRESSIP\OutputValue	8.0	7.6	0.1	-1.0	0.0	-1.0	-1.0	-1.0	0.0	0.0	0.0	-1.0	-1.0	0.0	0.0	0.0	-1.0	0.0
00:54:25	94.1	269.8	264.9	267.0	271.4	270.3	271.1	270.2	270.0	270.0	268.3	268.8	270.3	270.9	271.1	272.1	0.3	0.1	0.1	0.1	0.1	0.2	39.7	0.0	0.3	0.1	272.1	264.9	0.2	0.0	269.9	268.5	272.1	272.1	271.4	276.7	99.8	94.0	15.4	55.6	271.8	272.0	40.0	52.1	6.9	60.9	0.0	4.1	.Autoclave.Outputs.PRESSIP\OutputValue	8.0	7.2	0.0	-1.0	0.0	-1.0	-1.0	-1.0	0.0	0.0	0.0	-1.0	-1.0	0.0	0.0	0.0	-1.0	0.0
00:55:25	95.1	269.8	264.6	267.1	271.3	270.5	270.9	270.3	270.1	270.2	268.4	269.0	270.4	271.0	271.3	272.3	0.3	0.1	0.1	0.1	0.0	0.1	39.7	0.0	0.3	0.0	272.3	264.6	0.4	-0.1	270.0	268.5	272.1	272.2	271.4	276.6	100.0	95.0	16.4	54.6	271.9	272.0	40.0	52.7	6.9	60.9	0.0	5.4	.Autoclave.Outputs.PRESSIP\OutputValue	8.0	7.7	-0.2	-1.0	0.0	-1.0	-1.0	-1.0	0.0	0.0	0.0	-1.0	-1.0	0.0	0.0	0.0	-1.0	0.0
00:56:25	96.0	269.7	265.0	267.2	271.3	270.5	270.9	270.4	270.2	270.4	268.6	269.1	270.5	271.1	271.3	272.4	0.3	0.1	0.1	0.0	0.1	0.1	39.7	0.0	0.3	0.0	272.4	265.0	0.4	-0.3	270.1	268.7	272.0	272.1	271.4	276.5	99.8	96.0	17.4	53.6	271.8	272.0	40.0	52.7	6.9	60.9	0.0	5.3	.Autoclave.Outputs.PRESSIP\OutputValue	8.0	7.4	-0.4	-1.0	0.0	-1.0	-1.0	-1.0	0.0	0.0	0.0	-1.0	-1.0	0.0	0.0	0.0	-1.0	0.0
00:57:25	97.1	269.9	265.0	267.4	271.2	270.4	271.0	270.4	270.3	270.4	268.8	269.3	270.6	271.2	271.4	272.4	0.3	0.1	0.1	0.0	0.1	0.2	39.7	0.0	0.3	0.0	272.4	265.0	0.2	-0.1	270.2	268.7	272.0	272.0	271.3	276.7	99.8	97.0	18.4	52.6	271.6	272.0	40.0	52.0	6.8	61.1	0.0	3.9	.Autoclave.Outputs.PRESSIP\OutputValue	8.0	7.4	-0.4	-1.0	0.0	-1.0	-1.0	-1.0	0.0	0.0	0.0	-1.0	-1.0	0.0	0.0	0.0	-1.0	0.0
00:58:25	98.1	270.1	265.1	267.6	271.2	270.5	271.0	270.6	270.3	270.5	269.0	269.4	270.7	271.4	271.5	272.3	0.3	0.1	0.1	0.1	0.1	0.2	39.7	0.0	0.3	0.1	272.3	265.1	0.5	-0.2	270.3	268.7	271.9	271.9	271.2	276.4	99.9	98.0	19.4	51.6	271.6	272.0	40.0	53.3	6.8	60.9	0.0	6.5	.Autoclave.Outputs.PRESSIP\OutputValue	8.0	7.2	-0.4	-1.0	0.0	-1.0	-1.0	-1.0	0.0	0.0	0.0	-1.0	-1.0	0.0	0.0	0.0	-1.0	0.0
00:59:25	99.0	269.9	265.6	267.8	271.2	270.4	270.8	270.7	270.5	270.5	269.2	269.6	270.8	271.5	271.6	272.3	0.3	0.1	0.1	0.1	0.1	0.1	39.7	0.0	0.3	0.1	272.3	265.6	0.6	-0.2	270.3	269.0	271.8	271.8	271.1	276.5	99.9	99.0	20.4	50.6	271.7	272.0	40.0	51.2	6.8	60.9	0.0	2.4	.Autoclave.Outputs.PRESSIP\OutputValue	8.0	6.7	-0.5	-1.0	0.0	-1.0	-1.0	-1.0	0.0	0.0	0.0	-1.0	-1.0	0.0	0.0	0.0	-1.0	0.0
01:00:25	100.1	270.0	265.5	267.8	271.1	270.5	270.8	270.7	270.6	270.7	269.3	269.7	270.9	271.5	271.7	272.6	0.3	0.1	0.1	0.1	0.0	0.1	39.7	0.0	0.3	0.0	272.6	265.5	0.3	-0.4	270.4	269.1	271.8	271.8	271.2	276.2	99.7	100.0	21.4	49.6	271.5	272.0	40.0	53.2	6.7	60.9	0.0	6.4	.Autoclave.Outputs.PRESSIP\OutputValue	8.0	7.1	-0.8	-1.0	0.0	-1.0	-1.0	-1.0	0.0	0.0	0.0	-1.0	-1.0	0.0	0.0	0.0	-1.0	0.0
01:01:25	101.1	270.1	265.9	267.9	271.0	270.5	270.8	270.8	270.6	270.8	269.5	269.8	270.8	271.6	271.8	272.6	0.3	0.1	0.1	0.1	0.0	0.1	39.7	0.0	0.3	0.0	272.6	265.9	0.2	-0.1	270.5	269.3	271.8	271.8	271.2	276.3	99.7	101.0	22.4	48.6	271.5	272.0	40.0	53.2	6.7	61.1	0.0	6.3	.Autoclave.Outputs.PRESSIP\OutputValue	8.0	6.7	-0.8	-1.0	0.0	-1.0	-1.0	-1.0	0.0	0.0	0.0	-1.0	-1.0	0.0	0.0	0.0	-1.0	0.0
01:02:25	102.0	269.9	266.1	268.5	271.0	270.4	270.9	270.8	270.7	270.7	269.6	269.9	270.9	271.8	271.8	272.6	0.3	0.1	0.1	0.1	0.0	0.1	39.7	0.0	0.3	0.0	272.6	266.1	0.2	-0.2	270.5	269.4	271.8	271.8	271.1	276.4	99.8	102.0	23.4	47.6	271.4	272.0	40.0	51.8	6.7	61.1	0.0	3.6	.Autoclave.Outputs.PRESSIP\OutputValue	8.0	6.5	-0.8	-1.0	0.0	-1.0	-1.0	-1.0	0.0	0.0	0.0	-1.0	-1.0	0.0	0.0	0.0	-1.0	0.0
01:03:25	103.1	270.1	266.4	268.4	270.9	270.4	271.1	270.9	270.8	270.9	269.7	270.0	271.0	271.8	271.9	272.5	0.3	0.1	0.1	0.1	0.0	0.1	39.7	0.0	0.3	0.0	272.5	266.4	0.2	-0.1	270.6	269.5	271.7	271.7	271.0	276.2	99.9	103.0	24.4	46.6	271.5	272.0	40.0	53.1	6.6	60.9	0.0	6.2	.Autoclave.Outputs.PRESSIP\OutputValue	8.0	6.1	-0.8	-1.0	0.0	-1.0	-1.0	-1.0	0.0	0.0	0.0	-1.0	-1.0	0.0	0.0	0.0	-1.0	0.0
01:04:25	104.1	270.1	266.7	268.5	270.8	270.4	270.6	270.9	270.8	271.0	269.8	270.2	271.1	271.9	272.0	272.6	0.3	0.1	0.1	0.1	0.1	0.1	39.7	0.0	0.3	0.1	272.6	266.7	0.5	-0.3	270.6	269.7	271.6	271.6	271.0	276.2	99.7	104.0	25.4	45.6	271.4	272.0	40.0	52.4	6.6	61.1	0.0	4.8	.Autoclave.Outputs.PRESSIP\OutputValue	8.0	5.9	-1.0	-1.0	0.0	-1.0	-1.0	-1.0	0.0	0.0	0.0	-1.0	-1.0	0.0	0.0	0.0	-1.0	0.0
01:05:25	105.0	270.0	266.3	268.1	270.8	270.5	270.7	271.0	270.8	271.0	269.9	270.3	270.9	272.0	272.0	272.6	0.3	0.1	0.1	0.1	0.1	0.1	39.7	0.0	0.3	0.1	272.6	266.3	0.2	-0.5	270.6	269.5	271.6	271.6	270.9	276.4	99.8	105.0	26.4	44.6	271.3	272.0	40.0	53.0	6.6	60.9	0.0	6.1	.Autoclave.Outputs.PRESSIP\OutputValue	8.0	6.3	-1.0	-1.0	0.0	-1.0	-1.0	-1.0	0.0	0.0	0.0	-1.0	-1.0	0.0	0.0	0.0	-1.0	0.0
01:06:25	106.1	270.1	266.9	268.5	270.8	270.4	270.7	271.0	270.8	271.0	270.1	270.3	270.9	272.0	272.1	272.7	0.3	0.1	0.1	0.1	0.0	0.1	39.7	0.0	0.3	0.0	272.7	266.9	0.8	-0.1	270.7	269.8	271.7	271.7	271.0	276.1	99.7	106.0	27.4	43.6	271.4	272.0	40.0	53.0	6.5	60.9	0.0	6.0	.Autoclave.Outputs.PRESSIP\OutputValue	8.0	5.8	-1.0	-1.0	0.0	-1.0	-1.0	-1.0	0.0	0.0	0.0	-1.0	-1.0	0.0	0.0	0.0	-1.0	0.0
01:07:25	107.1	270.2	267.0	267.9	270.8	270.5	270.9	271.1	270.9	271.0	270.3	270.4	271.1	272.1	272.2	272.7	0.3	0.1	0.1	0.1	0.1	0.1	39.7	0.0	0.3	0.1	272.7	267.0	0.5	-0.3	270.8	269.9	271.5	271.7	270.8	276.3	99.8	107.0	28.4	42.6	271.3	272.0	40.0	53.6	6.5	60.9	0.0	7.3	.Autoclave.Outputs.PRESSIP\OutputValue	8.0	5.7	-1.2	-1.0	0.0	-1.0	-1.0	-1.0	0.0	0.0	0.0	-1.0	-1.0	0.0	0.0	0.0	-1.0	0.0
01:08:25	108.1	270.2	267.1	269.3	270.8	270.5	270.9	271.1	270.8	270.9	270.3	270.5	271.1	272.1	272.1	272.7	0.3	0.1	0.1	0.1	0.1	0.1	39.7	0.0	0.3	0.1	272.7	267.1	0.2	-0.1	270.8	269.9	271.6	271.6	270.9	276.1	99.8	108.0	29.4	41.6	271.3	272.0	40.0	52.3	6.5	60.9	0.0	4.5	.Autoclave.Outputs.PRESSIP\OutputValue	8.0	5.6	-1.1	-1.0	0.0	-1.0	-1.0	-1.0	0.0	0.0	0.0	-1.0	-1.0	0.0	0.0	0.0	-1.0	0.0
01:09:25	109.1	270.1	266.9	269.0	270.8	270.4	270.6	271.1	270.8	271.0	270.3	270.8	271.3	272.2	272.3	272.6	0.3	0.1	0.1	0.1	0.0	0.2	39.7	0.0	0.3	0.0	272.6	266.9	0.2	-0.3	270.8	269.8	271.7	271.6	270.9	276.2	99.7	109.0	30.4	40.6	271.5	272.0	40.0	51.6	6.4	60.8	0.0	3.1	.Autoclave.Outputs.PRESSIP\OutputValue	8.0	5.7	-0.9	-1.0	0.0	-1.0	-1.0	-1.0	0.0	0.0	0.0	-1.0	-1.0	0.0	0.0	0.0	-1.0	0.0
01:10:25	110.1	270.0	267.4	269.0	270.7	270.5	270.7	271.1	270.9	271.1	270.4	270.7	271.2	272.2	272.3	272.8	0.3	0.1	0.1	0.0	0.1	0.1	39.7	0.0	0.3	0.0	272.8	267.4	0.2	-0.2	270.9	270.1	271.6	271.6	270.9	275.9	99.7	110.0	31.4	39.6	271.3	272.0	40.0	52.2	6.4	60.9	0.0	4.4	.Autoclave.Outputs.PRESSIP\OutputValue	8.0	5.4	-1.2	-1.0	0.0	-1.0	-1.0	-1.0	0.0	0.0	0.0	-1.0	-1.0	0.0	0.0	0.0	-1.0	0.0
01:11:25	111.1	270.2	267.4	269.5	270.7	270.5	270.7	271.1	271.0	271.2	270.6	270.8	271.2	272.2	272.3	272.8	0.3	0.1	0.2	0.1	0.1	0.1	39.7	0.0	0.3	0.1	272.8	267.4	0.8	-0.1	270.9	270.1	271.7	271.6	270.8	276.2	99.7	111.0	32.4	38.6	271.3	272.0	40.0	51.5	6.4	60.9	0.0	3.0	.Autoclave.Outputs.PRESSIP\OutputValue	8.0	5.4	-1.1	-1.0	0.0	-1.0	-1.0	-1.0	0.0	0.0	0.0	-1.0	-1.0	0.0	0.0	0.0	-1.0	0.0
01:12:25	112.0	270.3	267.5	268.7	270.6	270.3	270.6	271.2	271.0	271.1	270.6	270.8	271.3	272.4	272.4	272.8	0.3	0.1	0.1	0.0	0.0	0.1	39.7	0.0	0.3	0.0	272.8	267.5	0.1	-0.2	270.9	270.2	271.5	271.5	270.8	276.0	99.7	112.0	33.4	37.6	271.3	272.0	40.0	52.8	6.3	61.1	0.0	5.6	.Autoclave.Outputs.PRESSIP\OutputValue	8.0	5.3	-1.3	-1.0	0.0	-1.0	-1.0	-1.0	0.0	0.0	0.0	-1.0	-1.0	0.0	0.0	0.0	-1.0	0.0
01:13:25	113.1	270.2	267.5	269.5	270.5	270.4	270.6	271.2	270.9	271.1	270.7	270.9	271.3	272.3	272.4	272.8	0.3	0.1	0.1	0.0	0.1	0.1	39.7	0.0	0.3	0.0	272.8	267.5	0.2	0.0	270.9	270.2	271.5	271.4	270.8	276.1	99.7	113.0	34.4	36.6	271.3	272.0	40.0	52.1	6.3	61.1	0.0	4.2	.Autoclave.Outputs.PRESSIP\OutputValue	8.0	5.3	-1.3	-1.0	0.0	-1.0	-1.0	-1.0	0.0	0.0	0.0	-1.0	-1.0	0.0	0.0	0.0	-1.0	0.0
01:14:25	114.1	270.4	268.0	269.4	270.7	270.4	270.7	271.2	271.0	271.2	270.8	271.0	271.3	272.4	272.5	272.7	0.3	0.1	0.2	0.1	0.0	0.1	39.7	0.0	0.3	0.0	272.7	268.0	0.5	-0.2	271.0	270.4	271.5	271.5	270.7	276.0	99.7	114.0	35.4	35.6	271.2	272.0	40.0	52.1	6.3	60.9	0.0	4.2	.Autoclave.Outputs.PRESSIP\OutputValue	8.0	4.7	-1.2	-1.0	0.0	-1.0	-1.0	-1.0	0.0	0.0	0.0	-1.0	-1.0	0.0	0.0	0.0	-1.0	0.0
01:15:25	115.0	270.3	267.9	269.2	270.7	270.3	270.2	271.3	271.0	271.2	270.8	270.9	271.4	272.4	272.5	272.7	0.3	0.1	0.1	0.1	0.0	0.1	39.7	0.0	0.3	0.0	272.7	267.9	0.2	-0.5	271.0	270.3	271.4	271.5	270.8	276.0	99.6	115.0	36.4	34.6	271.2	272.0	40.0	52.7	6.3	61.1	0.0	5.5	.Autoclave.Outputs.PRESSIP\OutputValue	8.0	4.8	-1.3	-1.0	0.0	-1.0	-1.0	-1.0	0.0	0.0	0.0	-1.0	-1.0	0.0	0.0	0.0	-1.0	0.0
01:16:25	116.1	270.0	267.6	269.2	270.6	270.3	270.4	271.2	271.1	271.2	271.0	271.2	271.5	272.6	272.5	272.9	0.3	0.1	0.1	0.0	0.1	0.2	39.7	0.0	0.3	0.0	272.9	267.6	0.2	0.0	271.0	270.3	271.3	271.3	270.7	275.9	99.6	116.0	37.4	33.6	271.1	272.0	40.0	52.0	6.2	61.1	0.0	4.1	.Autoclave.Outputs.PRESSIP\OutputValue	8.0	5.3	-1.6	-1.0	0.0	-1.0	-1.0	-1.0	0.0	0.0	0.0	-1.0	-1.0	0.0	0.0	0.0	-1.0	0.0
01:17:25	117.1	270.3	267.9	269.5	270.5	270.3	270.7	271.2	271.1	271.2	270.9	271.2	271.5	272.5	272.6	272.9	0.3	0.1	0.1	0.1	0.0	0.1	39.7	0.0	0.3	0.0	272.9	267.9	0.1	-0.2	271.1	270.4	271.5	271.4	270.7	276.0	99.7	117.0	38.4	32.6	271.2	272.0	40.0	51.3	6.2	60.9	0.0	2.7	.Autoclave.Outputs.PRESSIP\OutputValue	8.0	5.0	-1.4	-1.0	0.0	-1.0	-1.0	-1.0	0.0	0.0	0.0	-1.0	-1.0	0.0	0.0	0.0	-1.0	0.0
01:18:25	118.0	270.3	268.7	269.4	270.5	270.3	270.5	271.3	271.0	271.2	271.0	271.2	271.4	272.6	272.6	272.8	0.3	0.1	0.1	0.1	0.0	0.1	39.7	0.0	0.3	0.0	272.8	268.7	0.7	-0.2	271.1	270.8	271.4	271.3	270.7	275.9	99.7	118.0	39.4	31.6	271.2	272.0	40.0	52.0	6.2	61.1	0.0	4.0	.Autoclave.Outputs.PRESSIP\OutputValue	8.0	4.1	-1.4	-1.0	0.0	-1.0	-1.0	-1.0	0.0	0.0	0.0	-1.0	-1.0	0.0	0.0	0.0	-1.0	0.0
01:19:25	119.1	270.5	268.1	269.2	270.5	270.2	270.3	271.1	271.0	271.2	271.2	271.3	271.5	272.6	272.6	272.8	0.3	0.1	0.2	0.1	0.0	0.1	39.7	0.0	0.3	0.0	272.8	268.1	0.3	-0.3	271.1	270.5	271.3	271.3	270.6	275.9	99.5	119.0	40.4	30.6	271.2	272.0	40.0	52.6	6.2	60.9	0.0	5.2	.Autoclave.Outputs.PRESSIP\OutputValue	8.0	4.7	-1.5	-1.0	0.0	-1.0	-1.0	-1.0	0.0	0.0	0.0	-1.0	-1.0	0.0	0.0	0.0	-1.0	0.0
01:20:25	120.1	270.6	268.0	269.7	270.6	270.3	270.4	271.2	271.0	271.2	271.2	271.3	271.5	272.6	272.7	272.8	0.3	0.1	0.1	0.0	0.1	0.1	39.7	0.0	0.3	0.0	272.8	268.0	0.2	-0.3	271.1	270.4	271.3	271.4	270.7	275.9	99.7	120.0	41.4	29.6	271.1	272.0	40.0	52.6	6.1	60.9	0.0	5.2	.Autoclave.Outputs.PRESSIP\OutputValue	8.0	4.8	-1.5	-1.0	0.0	-1.0	-1.0	-1.0	0.0	0.0	0.0	-1.0	-1.0	0.0	0.0	0.0	-1.0	0.0
01:21:25	121.1	270.4	268.6	270.1	270.5	270.3	270.4	271.3	271.0	271.2	271.1	271.3	271.5	272.6	272.6	272.8	0.3	0.1	0.2	0.1	0.0	0.1	39.7	0.0	0.3	0.0	272.8	268.6	0.2	-0.2	271.1	270.7	271.5	271.5	270.7	275.9	99.7	121.0	42.4	28.6	271.3	272.0	40.0	53.2	6.1	61.1	0.0	6.5	.Autoclave.Outputs.PRESSIP\OutputValue	8.0	4.2	-1.3	-1.0	0.0	-1.0	-1.0	-1.0	0.0	0.0	0.0	-1.0	-1.0	0.0	0.0	0.0	-1.0	0.0
01:22:25	122.1	270.4	268.2	269.8	270.6	270.3	270.9	271.3	271.0	271.2	271.2	271.4	271.5	272.6	272.6	272.8	0.3	0.1	0.1	0.0	0.1	0.1	39.7	0.0	0.3	0.0	272.8	268.2	0.3	-0.1	271.1	270.5	271.5	271.5	270.7	276.0	99.6	122.0	43.4	27.6	271.3	272.0	40.0	51.9	6.1	60.8	0.0	3.8	.Autoclave.Outputs.PRESSIP\OutputValue	8.0	4.6	-1.3	-1.0	0.0	-1.0	-1.0	-1.0	0.0	0.0	0.0	-1.0	-1.0	0.0	0.0	0.0	-1.0	0.0
01:23:25	123.1	270.4	268.4	269.8	270.7	270.3	270.5	271.3	271.1	271.2	271.2	271.4	271.5	272.6	272.7	272.8	0.3	0.1	0.1	0.1	0.0	0.1	39.7	0.0	0.3	0.0	272.8	268.4	0.1	-0.2	271.2	270.6	271.4	271.4	270.8	275.9	99.5	123.0	44.4	26.6	271.2	272.0	40.0	52.5	6.1	61.1	0.0	5.0	.Autoclave.Outputs.PRESSIP\OutputValue	8.0	4.4	-1.4	-1.0	0.0	-1.0	-1.0	-1.0	0.0	0.0	0.0	-1.0	-1.0	0.0	0.0	0.0	-1.0	0.0
01:24:25	124.1	270.2	268.1	270.4	270.6	270.3	270.4	271.3	271.1	271.3	271.2	271.4	271.5	272.6	272.6	272.7	0.3	0.1	0.1	0.0	0.1	0.1	39.7	0.0	0.3	0.0	272.7	268.1	0.2	-0.5	271.1	270.4	271.5	271.5	270.8	276.0	99.7	124.0	45.4	25.6	271.2	272.0	40.0	51.8	6.0	61.1	0.0	3.7	.Autoclave.Outputs.PRESSIP\OutputValue	8.0	4.6	-1.2	-1.0	0.0	-1.0	-1.0	-1.0	0.0	0.0	0.0	-1.0	-1.0	0.0	0.0	0.0	-1.0	0.0
01:25:25	125.1	270.5	268.9	270.0	270.6	270.4	270.6	271.3	271.1	271.3	271.4	271.4	271.4	272.7	272.6	272.8	0.3	0.1	0.1	0.1	0.1	0.1	39.7	0.0	0.3	0.1	272.8	268.9	0.4	-0.1	271.2	270.9	271.4	271.4	270.7	276.0	99.6	125.0	46.4	24.6	271.2	272.0	40.0	52.5	6.0	60.8	0.0	4.9	.Autoclave.Outputs.PRESSIP\OutputValue	8.0	3.9	-1.4	-1.0	0.0	-1.0	-1.0	-1.0	0.0	0.0	0.0	-1.0	-1.0	0.0	0.0	0.0	-1.0	0.0
01:26:25	126.1	270.5	268.8	270.0	270.7	270.3	270.6	271.3	271.1	271.3	271.4	271.5	271.6	272.7	272.7	272.8	0.3	0.1	0.1	0.1	0.0	0.1	39.7	0.0	0.3	0.0	272.8	268.8	0.2	-0.1	271.2	270.8	271.4	271.4	270.7	275.8	99.6	126.0	47.4	23.6	271.1	272.0	40.0	51.1	6.0	60.9	0.0	2.2	.Autoclave.Outputs.PRESSIP\OutputValue	8.0	4.0	-1.4	-1.0	0.0	-1.0	-1.0	-1.0	0.0	0.0	0.0	-1.0	-1.0	0.0	0.0	0.0	-1.0	0.0
01:27:25	127.1	270.4	269.0	270.4	270.5	270.3	270.5	271.3	271.1	271.3	271.5	271.5	271.6	272.7	272.7	272.9	0.3	0.1	0.1	0.1	0.0	0.1	39.7	0.0	0.3	0.0	272.9	269.0	0.5	-0.3	271.2	271.0	271.4	271.4	270.7	276.0	99.5	127.0	48.4	22.6	271.1	272.0	40.0	51.1	6.0	60.8	0.0	2.2	.Autoclave.Outputs.PRESSIP\OutputValue	8.0	3.9	-1.5	-1.0	0.0	-1.0	-1.0	-1.0	0.0	0.0	0.0	-1.0	-1.0	0.0	0.0	0.0	-1.0	0.0
01:28:25	128.0	270.4	269.3	270.5	270.5	270.3	270.3	271.3	271.1	271.3	271.4	271.6	271.5	272.7	272.7	272.9	0.3	0.1	0.1	0.0	0.0	0.1	39.7	0.0	0.3	0.0	272.9	269.3	0.2	-0.2	271.2	271.1	271.3	271.3	270.6	275.9	99.6	128.0	49.4	21.6	271.1	272.0	40.0	52.4	5.9	60.9	0.0	4.8	.Autoclave.Outputs.PRESSIP\OutputValue	8.0	3.6	-1.6	-1.0	0.0	-1.0	-1.0	-1.0	0.0	0.0	0.0	-1.0	-1.0	0.0	0.0	0.0	-1.0	0.0
01:29:25	129.1	270.4	268.9	270.0	270.5	270.2	270.4	271.2	271.0	271.2	271.5	271.5	271.6	272.7	272.7	272.9	0.3	0.1	0.1	0.0	0.1	0.2	39.7	0.0	0.3	0.0	272.9	268.9	0.3	-0.1	271.2	270.9	271.5	271.4	270.7	275.8	99.7	129.0	50.4	20.6	271.2	272.0	40.0	51.7	5.9	60.9	0.0	3.4	.Autoclave.Outputs.PRESSIP\OutputValue	8.0	4.0	-1.4	-1.0	0.0	-1.0	-1.0	-1.0	0.0	0.0	0.0	-1.0	-1.0	0.0	0.0	0.0	-1.0	0.0
01:30:25	130.1	270.4	268.7	270.3	270.6	270.3	270.4	271.2	271.0	271.2	271.5	271.6	271.6	272.8	272.7	272.9	0.3	0.1	0.1	0.1	0.0	0.1	39.7	0.0	0.3	0.0	272.9	268.7	0.1	-0.3	271.2	270.8	271.3	271.3	270.7	275.8	99.5	130.0	51.4	19.6	271.2	272.0	40.0	53.0	5.9	60.9	0.0	6.0	.Autoclave.Outputs.PRESSIP\OutputValue	8.0	4.2	-1.6	-1.0	0.0	-1.0	-1.0	-1.0	0.0	0.0	0.0	-1.0	-1.0	0.0	0.0	0.0	-1.0	0.0
01:31:25	131.0	270.4	268.7	270.4	270.5	270.2	270.2	271.2	271.0	271.2	271.5	271.6	271.5	272.7	272.7	272.8	0.3	0.1	0.1	0.1	0.1	0.1	39.7	0.0	0.3	0.1	272.8	268.7	0.4	-0.2	271.2	270.8	271.3	271.3	270.6	275.9	99.6	131.0	52.4	18.6	271.2	272.0	40.0	53.0	5.9	61.1	0.0	6.0	.Autoclave.Outputs.PRESSIP\OutputValue	8.0	4.1	-1.5	-1.0	0.0	-1.0	-1.0	-1.0	0.0	0.0	0.0	-1.0	-1.0	0.0	0.0	0.0	-1.0	0.0
01:32:25	132.1	270.8	269.1	270.4	270.5	270.2	270.3	271.3	271.1	271.2	271.5	271.7	271.7	272.7	272.8	272.8	0.3	0.1	0.1	0.0	0.0	0.2	39.7	0.0	0.3	0.0	272.8	269.1	0.3	-0.1	271.3	271.0	271.5	271.5	270.7	275.9	99.5	132.0	53.4	17.6	271.2	272.0	40.0	51.6	5.8	60.8	0.0	3.3	.Autoclave.Outputs.PRESSIP\OutputValue	8.0	3.7	-1.3	-1.0	0.0	-1.0	-1.0	-1.0	0.0	0.0	0.0	-1.0	-1.0	0.0	0.0	0.0	-1.0	0.0
01:33:26	133.1	270.4	269.3	270.0	270.4	270.2	270.2	271.3	271.0	271.2	271.5	271.7	271.7	272.8	272.7	272.8	0.3	0.1	0.1	0.1	0.0	0.1	39.7	0.0	0.3	0.0	272.8	269.3	0.3	0.0	271.2	271.1	271.4	271.4	270.7	275.6	99.6	133.0	54.4	16.6	271.2	272.0	40.0	52.3	5.8	60.9	0.0	4.6	.Autoclave.Outputs.PRESSIP\OutputValue	8.0	3.5	-1.4	-1.0	0.0	-1.0	-1.0	-1.0	0.0	0.0	0.0	-1.0	-1.0	0.0	0.0	0.0	-1.0	0.0
01:34:25	134.0	270.6	269.2	270.3	270.5	270.1	270.3	271.2	271.0	271.1	271.5	271.7	271.6	272.8	272.7	272.9	0.3	0.1	0.1	0.1	0.0	0.1	39.7	0.0	0.3	0.0	272.9	269.2	0.1	-0.3	271.2	271.1	271.4	271.4	270.6	275.6	99.6	134.0	55.4	15.6	271.2	272.0	40.0	52.9	5.8	60.9	0.0	5.9	.Autoclave.Outputs.PRESSIP\OutputValue	8.0	3.7	-1.5	-1.0	0.0	-1.0	-1.0	-1.0	0.0	0.0	0.0	-1.0	-1.0	0.0	0.0	0.0	-1.0	0.0
01:35:25	135.1	270.5	269.2	270.2	270.5	270.2	270.2	271.3	271.1	271.3	271.5	271.7	271.6	272.7	272.8	272.8	0.3	0.1	0.1	0.1	0.0	0.1	39.7	0.0	0.3	0.0	272.8	269.2	0.1	-0.3	271.2	271.0	271.4	271.4	270.7	276.0	99.6	135.0	56.4	14.6	271.2	272.0	40.0	52.2	5.8	61.1	0.0	4.5	.Autoclave.Outputs.PRESSIP\OutputValue	8.0	3.6	-1.4	-1.0	0.0	-1.0	-1.0	-1.0	0.0	0.0	0.0	-1.0	-1.0	0.0	0.0	0.0	-1.0	0.0
01:36:25	136.1	270.5	269.0	270.5	270.5	270.2	271.1	271.3	271.0	271.2	271.6	271.7	271.6	272.7	272.7	272.9	0.3	0.1	0.1	0.1	0.0	0.1	39.7	0.0	0.3	0.0	272.9	269.0	0.2	-0.3	271.3	271.0	271.5	271.4	270.7	275.9	99.6	136.0	57.4	13.6	271.2	272.0	40.0	51.5	5.7	60.6	0.0	3.1	.Autoclave.Outputs.PRESSIP\OutputValue	8.0	3.9	-1.4	-1.0	0.0	-1.0	-1.0	-1.0	0.0	0.0	0.0	-1.0	-1.0	0.0	0.0	0.0	-1.0	0.0
01:37:25	137.1	270.5	269.5	270.9	270.5	270.2	270.1	271.2	271.1	271.2	271.7	271.8	271.6	272.8	272.8	272.8	0.3	0.1	0.1	0.0	0.1	0.1	39.7	0.0	0.3	0.0	272.8	269.5	0.3	-0.1	271.3	271.2	271.3	271.3	270.6	275.9	99.7	137.0	58.4	12.6	271.2	272.0	40.0	52.9	5.7	61.1	0.0	5.7	.Autoclave.Outputs.PRESSIP\OutputValue	8.0	3.3	-1.5	-1.0	0.0	-1.0	-1.0	-1.0	0.0	0.0	0.0	-1.0	-1.0	0.0	0.0	0.0	-1.0	0.0
01:38:25	138.1	270.6	269.4	270.2	270.5	270.2	270.4	271.3	271.1	271.2	271.6	271.7	271.7	272.8	272.8	272.8	0.3	0.1	0.1	0.1	0.0	0.1	39.7	0.0	0.3	0.0	272.8	269.4	0.1	-0.1	271.3	271.1	271.3	271.4	270.7	275.9	99.6	138.0	59.4	11.6	271.1	272.0	40.0	52.2	5.7	60.9	0.0	4.3	.Autoclave.Outputs.PRESSIP\OutputValue	8.0	3.4	-1.5	-1.0	0.0	-1.0	-1.0	-1.0	0.0	0.0	0.0	-1.0	-1.0	0.0	0.0	0.0	-1.0	0.0
01:39:25	139.1	270.6	269.6	270.4	270.4	270.2	270.4	271.3	271.0	271.3	271.7	271.9	271.7	272.8	272.8	272.8	0.3	0.1	0.1	0.1	0.0	0.2	39.7	0.0	0.3	0.0	272.8	269.6	0.1	-0.1	271.3	271.2	271.3	271.3	270.7	275.9	99.5	139.0	60.4	10.6	271.2	272.0	40.0	52.8	5.7	61.1	0.0	5.6	.Autoclave.Outputs.PRESSIP\OutputValue	8.0	3.2	-1.5	-1.0	0.0	-1.0	-1.0	-1.0	0.0	0.0	0.0	-1.0	-1.0	0.0	0.0	0.0	-1.0	0.0
01:40:25	140.1	270.7	269.6	270.6	270.5	270.1	270.6	271.3	271.0	271.2	271.7	271.7	271.7	272.9	272.9	272.9	0.3	0.1	0.1	0.1	0.1	0.1	39.7	0.0	0.3	0.1	272.9	269.6	0.2	-0.2	271.3	271.3	271.3	271.3	270.7	275.8	99.6	140.0	61.4	9.6	271.1	272.0	40.0	52.1	5.7	61.1	0.0	4.2	.Autoclave.Outputs.PRESSIP\OutputValue	8.0	3.3	-1.6	-1.0	0.0	-1.0	-1.0	-1.0	0.0	0.0	0.0	-1.0	-1.0	0.0	0.0	0.0	-1.0	0.0
01:41:25	141.0	270.6	269.4	269.9	270.4	270.2	270.3	271.3	271.1	271.2	271.7	271.9	271.7	272.7	272.8	273.0	0.3	0.1	0.1	0.1	0.0	0.1	39.7	0.0	0.3	0.0	273.0	269.4	0.2	-0.2	271.3	271.2	271.3	271.3	270.6	275.8	99.5	141.0	62.4	8.6	271.1	272.0	40.0	52.1	5.6	61.1	0.0	4.2	.Autoclave.Outputs.PRESSIP\OutputValue	8.0	3.6	-1.7	-1.0	0.0	-1.0	-1.0	-1.0	0.0	0.0	0.0	-1.0	-1.0	0.0	0.0	0.0	-1.0	0.0
01:42:25	142.1	270.5	269.6	270.5	270.4	270.1	270.3	271.3	271.0	271.3	271.7	271.8	271.8	272.9	272.8	272.9	0.3	0.1	0.1	0.0	0.1	0.2	39.7	0.0	0.3	0.0	272.9	269.6	0.1	-0.2	271.3	271.3	271.2	271.3	270.6	275.8	99.5	142.0	63.4	7.6	271.1	272.0	40.0	52.7	5.6	61.1	0.0	5.5	.Autoclave.Outputs.PRESSIP\OutputValue	8.0	3.3	-1.7	-1.0	0.0	-1.0	-1.0	-1.0	0.0	0.0	0.0	-1.0	-1.0	0.0	0.0	0.0	-1.0	0.0
01:43:25	143.1	270.7	269.6	270.3	270.3	270.1	270.2	271.3	271.0	271.2	271.7	271.9	271.7	272.9	272.8	272.9	0.3	0.1	0.1	0.1	0.0	0.1	39.7	0.0	0.3	0.0	272.9	269.6	0.2	-0.1	271.3	271.3	271.3	271.2	270.5	275.8	99.4	143.0	64.4	6.6	271.1	272.0	40.0	52.1	5.6	61.1	0.0	4.1	.Autoclave.Outputs.PRESSIP\OutputValue	8.0	3.3	-1.6	-1.0	0.0	-1.0	-1.0	-1.0	0.0	0.0	0.0	-1.0	-1.0	0.0	0.0	0.0	-1.0	0.0
01:44:25	144.0	270.6	269.6	270.4	270.3	270.0	270.3	271.2	271.0	271.2	271.7	271.9	271.7	272.8	272.8	272.8	0.3	0.1	0.1	0.1	0.0	0.1	39.7	0.0	0.3	0.0	272.8	269.6	0.1	-0.1	271.3	271.2	271.3	271.3	270.6	275.6	99.6	144.0	65.4	5.6	271.1	272.0	40.0	52.0	5.6	61.1	0.0	4.1	.Autoclave.Outputs.PRESSIP\OutputValue	8.0	3.2	-1.5	-1.0	0.0	-1.0	-1.0	-1.0	0.0	0.0	0.0	-1.0	-1.0	0.0	0.0	0.0	-1.0	0.0
01:45:25	145.1	270.7	269.9	270.5	270.4	270.1	270.0	271.3	271.1	271.3	271.8	271.9	271.7	272.9	272.8	272.9	0.3	0.1	0.1	0.1	0.0	0.2	39.7	0.0	0.3	0.0	272.9	269.9	0.2	-0.2	271.3	271.4	271.3	271.3	270.6	275.6	99.5	145.0	66.4	4.6	271.1	272.0	40.0	52.0	5.6	60.8	0.0	4.0	.Autoclave.Outputs.PRESSIP\OutputValue	8.0	3.0	-1.6	-1.0	0.0	-1.0	-1.0	-1.0	0.0	0.0	0.0	-1.0	-1.0	0.0	0.0	0.0	-1.0	0.0
01:46:25	146.1	270.6	269.8	270.5	270.3	270.0	270.2	271.3	271.0	271.3	271.8	271.8	271.6	272.8	272.8	272.9	0.3	0.1	0.1	0.1	0.0	0.2	39.7	0.0	0.3	0.0	272.9	269.8	0.2	-0.5	271.3	271.4	271.2	271.2	270.5	275.8	99.4	146.0	67.4	3.6	271.1	272.0	40.0	52.7	5.5	60.9	0.0	5.3	.Autoclave.Outputs.PRESSIP\OutputValue	8.0	3.1	-1.7	-1.0	0.0	-1.0	-1.0	-1.0	0.0	0.0	0.0	-1.0	-1.0	0.0	0.0	0.0	-1.0	0.0
01:47:25	147.0	270.7	269.9	270.9	270.2	270.0	270.3	271.3	271.1	271.3	271.7	271.9	271.6	272.8	272.7	272.9	0.3	0.1	0.2	0.1	0.1	0.1	39.7	0.0	0.3	0.1	272.9	269.9	0.5	-0.2	271.3	271.4	271.2	271.2	270.6	275.9	99.5	147.0	68.4	2.6	271.2	272.0	40.0	53.3	5.5	60.9	0.0	6.6	.Autoclave.Outputs.PRESSIP\OutputValue	8.0	3.0	-1.7	-1.0	0.0	-1.0	-1.0	-1.0	0.0	0.0	0.0	-1.0	-1.0	0.0	0.0	0.0	-1.0	0.0
01:48:25	148.1	270.7	270.2	270.5	270.5	270.2	270.4	271.3	271.1	271.3	271.7	271.9	271.7	272.8	272.8	272.8	0.3	0.1	0.1	0.1	0.0	0.1	39.7	0.0	0.3	0.0	272.8	270.2	0.4	-0.1	271.4	271.5	271.3	271.3	270.6	275.8	99.5	148.0	69.4	1.6	271.1	272.0	40.0	52.0	5.5	61.1	0.0	3.9	.Autoclave.Outputs.PRESSIP\OutputValue	8.0	2.6	-1.5	-1.0	0.0	-1.0	-1.0	-1.0	0.0	0.0	0.0	-1.0	-1.0	0.0	0.0	0.0	-1.0	0.0
01:49:25	149.1	270.7	269.7	270.2	270.3	270.1	270.5	271.3	271.1	271.2	271.7	271.9	271.7	272.8	272.9	272.8	0.3	0.1	0.1	0.1	0.0	0.1	39.7	0.0	0.3	0.0	272.9	269.7	0.2	-0.1	271.3	271.3	271.3	271.3	270.6	275.8	99.5	149.0	70.4	0.6	271.1	272.0	40.0	51.9	5.5	60.9	0.0	3.9	.Autoclave.Outputs.PRESSIP\OutputValue	8.0	3.2	-1.6	-1.0	0.0	-1.0	-1.0	-1.0	0.0	0.0	0.0	-1.0	-1.0	0.0	0.0	0.0	-1.0	0.0
01:50:02	149.7	270.7	269.8	270.5	270.4	270.2	270.4	271.3	271.0	271.2	271.9	271.8	271.7	272.8	272.9	272.9	0.3	0.1	0.1	0.1	0.1	0.1	39.7	0.0	0.3	0.1	272.9	269.8	0.2	-0.1	271.4	271.4	271.3	271.3	270.7	276.0	99.6	149.6	71.0	0.0	271.2	272.0	40.0	52.6	5.5	60.8	0.0	5.2	.Autoclave.Outputs.PRESSIP\OutputValue	8.0	3.1	-1.6	-1.0	0.0	-1.0	-1.0	-1.0	0.0	0.0	0.0	-1.0	-1.0	0.0	0.0	0.0	-1.0	0.0
01:50:25	150.0	270.9	269.8	270.4	270.5	270.2	270.4	271.4	271.1	271.4	271.7	271.9	271.7	272.8	272.9	272.8	0.3	0.1	0.1	0.1	0.0	0.1	39.7	0.0	0.3	0.0	272.9	269.8	0.2	-0.1	271.4	271.4	271.5	271.6	270.8	276.1	99.6	150.0	0.4	0.0	270.3	270.3	40.0	45.3	5.5	60.9	-1.0	0.0	.Autoclave.Outputs.PRESSIP\OutputValue	8.0	3.1	-1.4	-1.0	0.0	-1.0	-1.0	-1.0	0.0	0.0	0.0	-1.0	-1.0	0.0	0.0	0.0	-1.0	0.0
01:51:25	151.1	269.1	268.6	268.9	267.7	268.6	268.0	270.1	270.3	270.5	270.9	270.7	270.9	272.0	271.1	271.9	0.3	0.1	0.1	0.1	0.0	0.1	40.3	0.0	0.3	0.0	272.0	267.7	-0.7	-2.8	270.0	269.8	262.7	262.7	261.9	267.3	99.6	151.0	1.4	0.0	265.8	265.8	40.0	74.3	5.6	55.0	0.0	48.5	.Autoclave.Outputs.PRESSIP\OutputValue	7.9	4.3	-9.3	-1.0	0.0	-1.0	-1.0	-1.0	0.0	0.0	0.0	-1.0	-1.0	0.0	0.0	0.0	-1.0	0.0
01:52:25	152.1	268.5	268.6	268.7	266.7	268.2	267.5	269.7	270.1	270.2	270.3	270.2	270.3	271.4	270.5	271.3	0.3	0.1	0.1	0.1	0.0	0.1	39.8	0.0	0.3	0.0	271.4	266.7	-0.2	-0.8	269.5	269.0	262.4	262.4	261.6	259.0	99.4	152.0	2.4	0.0	261.3	261.3	40.0	46.2	5.7	59.7	-1.0	0.0	.Autoclave.Outputs.PRESSIP\OutputValue	7.5	4.7	-9.0	-1.0	0.0	-1.0	-1.0	-1.0	0.0	0.0	0.0	-1.0	-1.0	0.0	0.0	0.0	-1.0	0.0
01:53:25	153.1	266.0	266.9	266.2	263.6	266.6	265.3	268.1	269.1	269.0	268.8	268.6	268.9	270.3	268.6	269.7	0.3	0.1	0.1	0.1	0.0	0.2	39.8	0.0	0.3	0.0	270.3	263.6	-1.0	-3.3	267.8	266.9	255.5	255.6	254.9	260.0	99.5	153.0	3.4	0.0	256.8	256.7	40.0	62.4	5.9	59.6	0.0	24.8	.Autoclave.Outputs.PRESSIP\OutputValue	8.0	6.7	-14.8	-1.0	0.0	-1.0	-1.0	-1.0	0.0	0.0	0.0	-1.0	-1.0	0.0	0.0	0.0	-1.0	0.0
01:54:25	154.1	264.1	264.7	265.0	260.5	264.8	262.9	266.7	268.0	267.8	268.1	267.6	267.8	269.2	266.9	268.6	0.3	0.1	0.1	0.1	0.0	0.1	39.9	0.0	0.3	0.0	269.2	260.5	-0.7	-2.8	266.3	264.8	249.7	249.6	248.8	243.4	99.6	154.0	4.4	0.0	252.3	252.3	40.0	71.2	5.9	59.4	0.0	42.4	.Autoclave.Outputs.PRESSIP\OutputValue	8.0	8.7	-19.5	-1.0	0.0	-1.0	-1.0	-1.0	0.0	0.0	0.0	-1.0	-1.0	0.0	0.0	0.0	-1.0	0.0
01:55:25	155.1	262.3	264.4	264.2	258.3	263.8	261.6	265.7	267.1	266.9	266.7	266.3	266.2	267.9	265.7	266.8	0.3	0.1	0.1	0.1	0.0	0.1	40.0	0.0	0.3	0.0	267.9	258.3	-1.0	-2.4	265.0	263.1	248.8	248.8	248.2	249.9	99.5	155.0	5.4	0.0	247.8	247.8	40.0	47.9	6.0	57.3	-1.0	0.0	.Autoclave.Outputs.PRESSIP\OutputValue	7.8	9.6	-19.1	-1.0	0.0	-1.0	-1.0	-1.0	0.0	0.0	0.0	-1.0	-1.0	0.0	0.0	0.0	-1.0	0.0
01:56:25	156.1	259.4	262.6	261.5	254.3	261.6	258.9	263.7	265.6	265.2	265.2	264.3	264.3	266.2	263.5	264.8	0.3	0.1	0.1	0.0	0.0	0.1	39.7	0.0	0.3	0.0	266.2	254.3	-1.4	-4.0	262.8	260.2	242.0	241.9	241.3	245.1	99.5	156.0	6.4	0.0	243.3	243.2	40.0	62.7	6.1	60.6	0.0	25.4	.Autoclave.Outputs.PRESSIP\OutputValue	8.0	11.9	-24.2	-1.0	0.0	-1.0	-1.0	-1.0	0.0	0.0	0.0	-1.0	-1.0	0.0	0.0	0.0	-1.0	0.0
01:57:25	157.0	257.3	260.9	259.5	250.7	259.5	256.1	261.7	263.9	263.6	263.8	262.8	262.6	264.6	261.6	263.0	0.3	0.1	0.1	0.0	0.0	0.1	40.0	0.0	0.3	0.0	264.6	250.7	-1.3	-3.7	260.9	257.6	236.4	236.2	235.5	231.6	99.5	157.0	7.4	0.0	238.8	238.8	40.0	70.2	6.1	58.9	0.0	40.4	.Autoclave.Outputs.PRESSIP\OutputValue	8.0	13.9	-28.2	-1.0	0.0	-1.0	-1.0	-1.0	0.0	0.0	0.0	-1.0	-1.0	0.0	0.0	0.0	-1.0	0.0
01:58:25	158.1	255.0	259.6	258.0	248.1	257.8	254.3	260.3	262.4	262.1	262.2	261.2	260.6	263.0	260.0	261.0	0.3	0.1	0.1	0.0	0.0	0.2	39.6	0.0	0.3	0.0	263.0	248.1	-1.2	-2.6	259.1	255.5	235.6	235.6	234.8	229.3	99.5	158.0	8.4	0.0	234.3	234.3	40.0	44.9	6.2	61.3	-1.0	0.0	.Autoclave.Outputs.PRESSIP\OutputValue	7.8	14.9	-27.4	-1.0	0.0	-1.0	-1.0	-1.0	0.0	0.0	0.0	-1.0	-1.0	0.0	0.0	0.0	-1.0	0.0
01:59:20	159.0	252.0	257.4	255.6	244.2	255.6	251.4	258.0	260.6	260.2	260.5	259.2	258.5	260.9	257.7	258.5	0.3	0.1	0.1	0.1	0.0	0.1	39.8	0.0	0.3	0.0	260.9	244.2	-1.8	-4.4	256.8	252.5	229.5	229.5	228.8	233.0	99.6	158.9	9.3	0.0	230.2	230.2	40.0	59.2	6.3	60.0	0.0	18.4	.Autoclave.Outputs.PRESSIP\OutputValue	8.0	16.7	-31.5	-1.0	0.0	-1.0	-1.0	-1.0	0.0	0.0	0.0	-1.0	-1.0	0.0	0.0	0.0	-1.0	0.0
01:59:25	159.1	251.9	257.2	255.8	243.9	255.3	251.3	257.9	260.4	259.9	260.3	259.1	258.3	260.8	257.5	258.4	0.3	0.1	0.1	0.0	0.0	0.1	39.8	0.0	0.3	0.0	260.8	243.9	-1.8	-4.4	256.6	252.3	229.8	229.9	229.1	233.2	99.5	159.0	0.1	0.0	229.8	229.8	40.0	54.3	6.3	59.8	0.0	8.6	.Autoclave.Outputs.PRESSIP\OutputValue	8.0	16.9	-31.0	-1.0	0.0	-1.0	-1.0	-1.0	0.0	0.0	0.0	-1.0	-1.0	0.0	0.0	0.0	-1.0	0.0
02:00:25	160.0	249.0	255.0	252.8	239.8	252.7	248.0	255.5	258.2	258.0	258.5	257.0	256.0	258.7	255.1	256.0	0.3	0.1	0.1	0.0	0.0	0.1	40.2	0.0	0.3	0.0	258.7	239.8	-1.9	-4.1	254.1	249.2	223.2	223.2	222.5	224.6	99.6	160.0	1.1	0.0	225.3	225.3	40.0	68.4	6.4	56.2	0.0	36.7	.Autoclave.Outputs.PRESSIP\OutputValue	7.9	18.9	-35.5	-1.0	0.0	-1.0	-1.0	-1.0	0.0	0.0	0.0	-1.0	-1.0	0.0	0.0	0.0	-1.0	0.0
02:01:25	161.1	246.0	252.3	251.0	236.0	249.9	244.7	253.2	256.3	255.7	256.7	254.9	253.6	256.7	252.7	253.5	0.3	0.1	0.1	0.1	0.0	0.1	39.3	0.0	0.3	0.0	256.7	236.0	-1.8	-3.2	251.6	246.3	219.4	219.4	218.6	208.2	99.4	161.0	2.1	0.0	220.8	220.8	40.0	61.7	6.4	64.5	0.0	23.5	.Autoclave.Outputs.PRESSIP\OutputValue	8.0	20.7	-37.3	-1.0	0.0	-1.0	-1.0	-1.0	0.0	0.0	0.0	-1.0	-1.0	0.0	0.0	0.0	-1.0	0.0
02:02:25	162.1	242.8	250.7	248.2	232.7	247.8	242.4	251.1	254.0	253.6	254.6	252.6	250.9	254.2	250.6	250.5	0.3	0.1	0.1	0.0	0.1	0.1	39.4	0.0	0.3	0.0	254.6	232.7	-2.2	-3.8	249.2	243.6	218.1	217.9	217.1	213.3	99.3	162.0	3.1	0.0	216.3	216.2	40.0	42.4	6.5	63.8	-1.0	0.0	.Autoclave.Outputs.PRESSIP\OutputValue	8.0	21.9	-36.5	-1.0	0.0	-1.0	-1.0	-1.0	0.0	0.0	0.0	-1.0	-1.0	0.0	0.0	0.0	-1.0	0.0
02:03:25	163.0	239.5	248.8	245.8	228.4	244.9	239.1	248.6	251.5	251.1	252.3	250.1	248.2	251.7	247.8	247.5	0.3	0.1	0.1	0.0	0.0	0.1	40.2	0.0	0.3	0.0	252.3	228.4	-2.3	-4.5	246.4	240.3	211.6	211.6	211.0	215.0	99.5	163.0	4.1	0.0	211.8	211.8	40.0	56.0	6.5	56.7	0.0	12.0	.Autoclave.Outputs.PRESSIP\OutputValue	7.9	23.9	-40.7	-1.0	0.0	-1.0	-1.0	-1.0	0.0	0.0	0.0	-1.0	-1.0	0.0	0.0	0.0	-1.0	0.0
02:04:25	164.1	236.1	245.4	243.0	223.6	241.7	235.1	245.4	248.8	248.4	250.0	247.6	245.5	249.3	244.8	244.9	0.3	0.1	0.1	0.1	0.0	0.1	39.6	0.0	0.3	0.0	250.0	223.6	-2.1	-4.7	243.3	236.8	205.3	205.3	204.5	204.2	99.5	164.0	5.1	0.0	207.3	207.3	40.0	68.6	6.5	62.3	0.0	37.3	.Autoclave.Outputs.PRESSIP\OutputValue	8.0	26.4	-44.7	-1.0	0.0	-1.0	-1.0	-1.0	0.0	0.0	0.0	-1.0	-1.0	0.0	0.0	0.0	-1.0	0.0
02:05:25	165.1	233.2	243.4	240.4	220.2	238.9	232.1	242.9	246.4	246.1	247.7	245.4	242.8	246.9	242.6	241.8	0.3	0.1	0.1	0.0	0.0	0.1	39.7	0.0	0.3	0.0	247.7	220.2	-1.6	-3.3	240.7	233.9	202.8	202.6	201.9	191.8	99.5	165.0	6.1	0.0	202.8	202.8	40.0	54.6	6.5	60.9	0.0	9.1	.Autoclave.Outputs.PRESSIP\OutputValue	8.0	27.5	-44.9	-1.0	0.0	-1.0	-1.0	-1.0	0.0	0.0	0.0	-1.0	-1.0	0.0	0.0	0.0	-1.0	0.0
02:06:25	166.1	229.7	240.9	238.0	216.4	236.4	229.1	240.0	243.7	243.3	245.1	242.6	239.7	244.0	239.9	238.6	0.3	0.1	0.1	0.0	0.0	0.1	39.8	0.0	0.3	0.0	245.1	216.4	-2.7	-4.0	237.8	230.7	200.0	200.0	199.3	197.9	99.4	166.0	7.1	0.0	198.3	198.3	40.0	43.4	6.5	59.2	-1.0	0.0	.Autoclave.Outputs.PRESSIP\OutputValue	8.0	28.7	-45.1	-1.0	0.0	-1.0	-1.0	-1.0	0.0	0.0	0.0	-1.0	-1.0	0.0	0.0	0.0	-1.0	0.0
02:07:25	167.1	226.2	237.9	235.1	211.8	232.9	225.3	237.3	240.8	240.5	242.6	239.8	236.6	241.3	236.9	235.3	0.3	0.1	0.1	0.0	0.0	0.1	39.6	0.0	0.3	0.0	242.6	211.8	-2.5	-4.6	234.7	227.2	194.6	194.5	193.9	194.9	99.5	167.0	8.1	0.0	193.8	193.8	40.0	49.4	6.5	61.7	0.0	0.0	.Autoclave.Outputs.PRESSIP\OutputValue	8.0	30.8	-48.0	-1.0	0.0	-1.0	-1.0	-1.0	0.0	0.0	0.0	-1.0	-1.0	0.0	0.0	0.0	-1.0	0.0
02:08:25	168.1	222.5	234.9	232.4	207.4	229.6	221.5	234.3	237.9	237.4	239.9	237.1	233.6	238.4	233.8	232.1	0.3	0.2	0.1	0.0	0.0	0.1	40.1	0.0	0.3	0.0	239.9	207.4	-2.3	-4.4	231.5	223.7	189.1	189.1	188.4	189.6	99.6	168.0	9.1	0.0	189.3	189.3	40.0	56.0	6.5	57.3	0.0	12.1	.Autoclave.Outputs.PRESSIP\OutputValue	8.0	32.5	-50.8	-1.0	0.0	-1.0	-1.0	-1.0	0.0	0.0	0.0	-1.0	-1.0	0.0	0.0	0.0	-1.0	0.0
02:09:25	169.1	218.8	232.3	229.0	203.0	226.1	217.4	230.9	234.9	234.4	237.3	234.3	230.4	235.7	230.7	228.8	0.3	0.1	0.1	0.0	0.0	0.1	39.4	0.0	0.3	0.0	237.3	203.0	-2.5	-4.4	228.2	220.2	183.7	183.7	182.9	178.2	99.5	169.0	10.1	0.0	184.8	184.8	40.0	61.9	6.4	64.0	0.0	23.8	.Autoclave.Outputs.PRESSIP\OutputValue	8.0	34.3	-53.6	-1.0	0.0	-1.0	-1.0	-1.0	0.0	0.0	0.0	-1.0	-1.0	0.0	0.0	0.0	-1.0	0.0
02:10:25	170.1	215.3	229.3	226.1	199.2	223.1	214.2	228.2	231.9	231.5	235.0	231.4	227.2	232.7	228.1	225.5	0.3	0.1	0.1	0.1	0.0	0.1	39.0	0.0	0.3	0.0	235.0	199.2	-2.5	-3.8	225.2	217.1	181.6	181.6	180.7	173.2	99.4	170.0	11.1	0.0	180.3	180.3	40.0	45.9	6.4	67.5	-1.0	0.0	.Autoclave.Outputs.PRESSIP\OutputValue	8.0	35.8	-53.4	-1.0	0.0	-1.0	-1.0	-1.0	0.0	0.0	0.0	-1.0	-1.0	0.0	0.0	0.0	-1.0	0.0
02:11:25	171.1	211.5	226.4	222.9	195.1	219.8	210.6	225.1	228.7	228.5	232.0	228.3	223.8	229.5	224.9	221.8	0.3	0.2	0.1	0.1	0.0	0.1	39.9	0.0	0.3	0.0	232.0	195.1	-3.0	-4.2	221.9	213.6	177.6	177.6	176.8	177.1	99.6	171.0	12.1	0.0	175.8	175.8	40.0	43.2	6.4	58.9	-1.0	0.0	.Autoclave.Outputs.PRESSIP\OutputValue	8.0	36.9	-54.4	-1.0	0.0	-1.0	-1.0	-1.0	0.0	0.0	0.0	-1.0	-1.0	0.0	0.0	0.0	-1.0	0.0
02:12:25	172.1	207.6	223.4	219.5	190.6	216.2	206.5	221.5	225.5	225.3	229.2	225.0	220.3	226.4	221.6	218.3	0.3	0.2	0.1	0.0	0.0	0.1	39.6	0.0	0.3	0.0	229.2	190.6	-3.0	-4.6	218.4	209.9	171.9	171.9	171.2	172.6	99.5	172.0	13.1	0.0	171.3	171.3	40.0	50.8	6.3	62.1	0.0	1.6	.Autoclave.Outputs.PRESSIP\OutputValue	8.0	38.6	-57.3	-1.0	0.0	-1.0	-1.0	-1.0	0.0	0.0	0.0	-1.0	-1.0	0.0	0.0	0.0	-1.0	0.0
02:13:26	173.1	203.7	219.9	216.2	186.1	212.5	202.5	218.4	222.1	221.9	226.2	221.9	216.9	223.1	218.1	214.7	0.3	0.2	0.1	0.1	0.0	0.1	39.9	0.0	0.3	0.0	226.2	186.1	-2.8	-4.2	214.9	206.2	166.9	166.9	166.2	164.7	99.7	173.0	14.1	0.0	166.8	166.8	40.0	53.8	6.2	59.2	0.0	7.5	.Autoclave.Outputs.PRESSIP\OutputValue	8.0	40.1	-59.3	-1.0	0.0	-1.0	-1.0	-1.0	0.0	0.0	0.0	-1.0	-1.0	0.0	0.0	0.0	-1.0	0.0
02:14:25	174.1	200.0	217.1	213.6	181.6	208.8	198.5	215.3	218.8	218.6	223.2	218.6	213.5	219.8	214.7	211.1	0.3	0.2	0.1	0.0	0.0	0.1	39.3	0.0	0.3	0.0	223.2	181.6	-2.1	-4.4	211.4	202.4	162.4	162.2	161.5	156.4	99.6	174.0	15.1	0.0	162.3	162.3	40.0	53.8	6.1	65.1	0.0	7.5	.Autoclave.Outputs.PRESSIP\OutputValue	8.0	41.6	-60.8	-1.0	0.0	-1.0	-1.0	-1.0	0.0	0.0	0.0	-1.0	-1.0	0.0	0.0	0.0	-1.0	0.0
02:15:25	175.1	196.3	214.1	210.1	177.6	205.1	194.7	211.4	215.5	215.5	220.2	215.3	209.9	216.4	211.6	207.2	0.3	0.2	0.1	0.0	0.0	0.1	39.0	0.0	0.3	0.0	220.2	177.6	-3.1	-4.6	207.9	198.9	159.0	159.0	158.1	153.2	99.5	175.0	16.1	0.0	157.8	157.8	40.0	46.3	6.1	67.9	-1.0	0.0	.Autoclave.Outputs.PRESSIP\OutputValue	8.0	42.6	-61.2	-1.0	0.0	-1.0	-1.0	-1.0	0.0	0.0	0.0	-1.0	-1.0	0.0	0.0	0.0	-1.0	0.0
02:16:25	176.0	192.1	210.1	206.5	173.3	201.6	190.9	208.1	212.0	212.1	216.9	212.0	206.2	213.0	208.0	203.4	0.3	0.2	0.1	0.0	0.0	0.1	39.6	0.0	0.3	0.0	216.9	173.3	-3.2	-4.3	204.3	195.1	154.8	154.8	154.1	154.3	99.7	176.0	17.1	0.0	153.3	153.3	40.0	44.4	6.0	61.5	-1.0	0.0	.Autoclave.Outputs.PRESSIP\OutputValue	8.0	43.6	-62.1	-1.0	0.0	-1.0	-1.0	-1.0	0.0	0.0	0.0	-1.0	-1.0	0.0	0.0	0.0	-1.0	0.0
02:17:25	177.1	188.0	206.8	202.7	168.7	197.7	186.5	204.3	208.5	208.6	213.5	208.5	202.5	209.5	204.3	199.6	0.3	0.2	0.1	0.0	0.0	0.1	39.1	0.0	0.3	0.0	213.5	168.7	-3.4	-4.7	200.5	191.1	149.2	149.3	148.6	145.8	99.7	177.0	18.1	0.0	148.8	148.8	40.0	51.5	5.9	67.2	0.0	2.9	.Autoclave.Outputs.PRESSIP\OutputValue	8.0	44.8	-64.3	-1.0	0.0	-1.0	-1.0	-1.0	0.0	0.0	0.0	-1.0	-1.0	0.0	0.0	0.0	-1.0	0.0
02:18:25	178.1	184.3	203.3	199.5	164.9	194.2	182.9	201.0	205.1	205.2	210.5	205.4	199.0	206.1	201.4	195.9	0.3	0.2	0.1	0.0	0.0	0.1	39.5	0.0	0.3	0.0	210.5	164.9	-3.0	-3.9	197.1	187.7	146.7	146.7	146.0	142.3	99.8	178.0	19.1	0.0	144.3	144.2	40.0	37.9	5.7	62.6	-1.0	0.0	.Autoclave.Outputs.PRESSIP\OutputValue	8.0	45.6	-63.8	-1.0	0.0	-1.0	-1.0	-1.0	0.0	0.0	0.0	-1.0	-1.0	0.0	0.0	0.0	-1.0	0.0
02:19:25	179.0	180.0	199.7	195.6	160.4	190.1	178.5	197.6	201.3	201.5	207.2	201.9	195.1	202.5	197.3	192.1	0.3	0.2	0.1	0.0	0.0	0.2	39.2	0.0	0.3	0.0	207.2	160.4	-3.3	-4.9	193.2	183.8	141.3	141.3	140.5	137.4	99.8	179.0	20.1	0.0	139.8	139.8	40.0	43.8	5.5	66.4	-1.0	0.0	.Autoclave.Outputs.PRESSIP\OutputValue	8.0	46.8	-65.9	-1.0	0.0	-1.0	-1.0	-1.0	0.0	0.0	0.0	-1.0	-1.0	0.0	0.0	0.0	-1.0	0.0
02:20:25	180.1	175.9	195.8	192.2	156.2	186.6	174.9	193.6	197.7	198.0	203.8	198.5	191.5	199.0	194.0	188.1	0.3	0.2	0.1	0.0	0.0	0.1	39.5	0.0	0.3	0.0	203.8	156.2	-3.3	-4.1	189.5	180.0	136.6	136.6	136.0	133.8	99.8	180.0	21.1	0.0	135.3	135.2	40.0	43.6	5.4	63.2	-1.0	0.0	.Autoclave.Outputs.PRESSIP\OutputValue	8.0	47.6	-67.2	-1.0	0.0	-1.0	-1.0	-1.0	0.0	0.0	0.0	-1.0	-1.0	0.0	0.0	0.0	-1.0	0.0
02:21:25	181.1	171.9	192.9	188.5	152.1	182.5	170.5	190.2	194.0	194.4	200.6	195.1	187.7	195.4	190.4	184.4	0.3	0.2	0.1	0.0	0.0	0.1	39.2	0.0	0.3	0.0	200.6	152.1	-3.1	-4.4	185.9	176.4	133.7	133.7	132.9	131.0	99.9	181.0	22.1	0.0	130.8	130.8	40.0	34.2	5.2	66.0	-1.0	0.0	.Autoclave.Outputs.PRESSIP\OutputValue	8.0	48.5	-66.9	-1.0	0.0	-1.0	-1.0	-1.0	0.0	0.0	0.0	-1.0	-1.0	0.0	0.0	0.0	-1.0	0.0
02:22:25	182.1	168.2	189.0	185.2	148.4	179.0	167.1	186.6	190.2	190.8	197.1	191.7	184.1	191.9	186.9	180.6	0.3	0.2	0.1	0.1	0.0	0.1	39.6	0.0	0.3	0.0	197.1	148.4	-3.5	-4.0	182.3	172.8	130.3	130.3	129.4	128.7	100.1	182.0	23.1	0.0	126.3	126.3	40.0	26.5	4.9	61.7	-1.0	0.0	.Autoclave.Outputs.PRESSIP\OutputValue	8.0	48.7	-66.8	-1.0	0.0	-1.0	-1.0	-1.0	0.0	0.0	0.0	-1.0	-1.0	0.0	0.0	0.0	-1.0	0.0
02:23:25	183.1	164.7	185.9	181.8	144.8	175.3	163.3	183.0	186.7	187.3	194.2	188.4	180.4	188.4	183.6	177.0	0.3	0.2	0.1	0.0	0.0	0.1	39.4	0.0	0.3	0.0	194.2	144.8	-3.0	-3.9	178.8	169.5	127.5	127.5	126.7	126.0	100.0	183.0	24.1	0.0	121.8	121.8	40.0	14.8	4.4	64.1	-1.0	0.0	.Autoclave.Outputs.PRESSIP\OutputValue	8.0	49.4	-66.7	-1.0	0.0	-1.0	-1.0	-1.0	0.0	0.0	0.0	-1.0	-1.0	0.0	0.0	0.0	-1.0	0.0
02:24:25	184.1	161.1	182.4	178.4	141.4	171.9	159.9	179.9	183.2	183.9	191.3	185.2	177.0	185.1	180.5	173.5	0.3	0.2	0.1	0.0	0.0	0.2	39.2	0.0	0.3	0.0	191.3	141.4	-2.9	-3.6	175.4	166.4	125.6	125.6	124.8	124.2	100.0	184.0	25.1	0.0	117.3	117.3	40.0	0.0	0.0	66.0	-1.0	0.0	.Autoclave.Outputs.PRESSIP\OutputValue	8.0	49.9	-65.7	-1.0	0.0	-1.0	-1.0	-1.0	0.0	0.0	0.0	-1.0	-1.0	0.0	0.0	0.0	-1.0	0.0
02:25:25	185.1	157.6	179.5	175.5	138.4	168.2	156.5	176.5	179.8	180.6	188.4	182.0	173.7	181.9	177.5	170.1	0.3	0.2	0.1	0.0	0.0	0.1	39.8	0.0	0.3	0.0	188.4	138.4	-2.9	-3.8	172.2	163.4	123.5	123.5	122.7	122.7	100.1	185.0	26.1	0.0	112.8	112.8	40.0	0.0	0.0	60.4	-1.0	0.0	.Autoclave.Outputs.PRESSIP\OutputValue	8.0	50.0	-64.9	-1.0	0.0	-1.0	-1.0	-1.0	0.0	0.0	0.0	-1.0	-1.0	0.0	0.0	0.0	-1.0	0.0
02:26:25	186.0	154.4	176.4	172.3	135.5	165.1	153.3	173.5	176.4	177.3	185.3	179.1	170.5	178.6	174.4	166.8	0.3	0.2	0.1	0.0	0.0	0.1	39.5	0.0	0.3	0.0	185.3	135.5	-2.9	-3.6	169.0	160.4	121.4	121.4	120.8	120.8	100.0	186.0	27.1	0.0	108.3	108.3	40.0	0.0	0.0	63.0	-1.0	0.0	.Autoclave.Outputs.PRESSIP\OutputValue	8.0	49.8	-63.9	-1.0	0.0	-1.0	-1.0	-1.0	0.0	0.0	0.0	-1.0	-1.0	0.0	0.0	0.0	-1.0	0.0
02:27:25	187.1	151.7	173.4	169.7	132.9	161.8	150.1	170.5	173.1	174.1	181.9	175.9	167.1	175.5	171.2	163.5	0.3	0.2	0.1	0.0	0.0	0.1	39.3	0.0	0.3	0.0	181.9	132.9	-2.7	-3.5	165.9	157.4	119.8	119.8	119.1	119.3	100.1	187.0	28.1	0.0	103.8	103.7	40.0	0.0	0.0	64.5	-1.0	0.0	.Autoclave.Outputs.PRESSIP\OutputValue	8.0	49.0	-62.1	-1.0	0.0	-1.0	-1.0	-1.0	0.0	0.0	0.0	-1.0	-1.0	0.0	0.0	0.0	-1.0	0.0
02:28:25	188.1	148.6	170.4	166.7	130.4	158.6	147.2	167.2	170.0	171.0	179.3	173.1	163.9	172.5	168.3	160.5	0.3	0.2	0.1	0.0	0.0	0.1	39.2	0.0	0.3	0.0	179.3	130.4	-2.6	-3.3	162.9	154.9	118.1	118.1	117.4	117.8	100.1	188.0	29.1	0.0	99.3	99.2	40.0	0.0	0.0	65.8	-1.0	0.0	.Autoclave.Outputs.PRESSIP\OutputValue	8.0	48.9	-61.2	-1.0	0.0	-1.0	-1.0	-1.0	0.0	0.0	0.0	-1.0	-1.0	0.0	0.0	0.0	-1.0	0.0
02:29:25	189.0	146.1	167.5	163.8	128.2	155.6	144.5	164.2	166.8	168.0	176.6	170.3	161.1	169.5	165.5	157.6	0.3	0.2	0.1	0.0	0.0	0.2	39.1	0.0	0.3	0.0	176.6	128.2	-2.2	-3.1	160.1	152.4	116.6	116.5	116.0	116.5	100.0	189.0	30.1	0.0	94.8	94.8	40.0	0.0	0.0	67.3	-1.0	0.0	.Autoclave.Outputs.PRESSIP\OutputValue	8.0	48.4	-60.0	-1.0	0.0	-1.0	-1.0	-1.0	0.0	0.0	0.0	-1.0	-1.0	0.0	0.0	0.0	-1.0	0.0
02:30:25	190.1	143.6	164.8	161.2	126.2	153.0	141.8	161.6	163.9	165.1	173.9	167.7	158.4	166.6	163.0	154.8	0.3	0.2	0.1	0.0	0.0	0.1	39.6	0.0	0.3	0.0	173.9	126.2	-2.1	-3.3	157.4	150.1	115.7	115.7	115.0	115.6	100.2	190.0	31.1	0.0	90.3	90.3	40.0	0.0	0.0	62.3	-1.0	0.0	.Autoclave.Outputs.PRESSIP\OutputValue	8.0	47.7	-58.2	-1.0	0.0	-1.0	-1.0	-1.0	0.0	0.0	0.0	-1.0	-1.0	0.0	0.0	0.0	-1.0	0.0
02:31:25	191.1	141.4	161.8	158.4	124.2	150.3	139.4	158.8	161.0	162.3	171.0	165.0	155.7	163.8	160.5	152.1	0.3	0.2	0.1	0.1	0.0	0.1	39.5	0.0	0.3	0.0	171.0	124.2	-1.9	-2.9	154.8	147.6	114.2	114.2	113.6	114.4	100.2	191.0	32.1	0.0	85.8	85.8	40.0	0.0	0.0	63.4	-1.0	0.0	.Autoclave.Outputs.PRESSIP\OutputValue	8.0	46.8	-56.8	-1.0	0.0	-1.0	-1.0	-1.0	0.0	0.0	0.0	-1.0	-1.0	0.0	0.0	0.0	-1.0	0.0
02:32:25	192.0	138.8	159.6	156.0	122.5	147.6	136.9	156.3	158.4	159.5	168.4	162.6	152.9	161.2	158.1	149.5	0.3	0.2	0.1	0.0	0.0	0.2	39.3	0.0	0.3	0.0	168.4	122.5	-2.0	-2.8	152.3	145.5	113.0	113.0	112.4	113.3	100.2	192.0	33.1	0.0	81.3	81.3	40.0	0.0	0.0	64.5	-1.0	0.0	.Autoclave.Outputs.PRESSIP\OutputValue	8.0	45.9	-55.4	-1.0	0.0	-1.0	-1.0	-1.0	0.0	0.0	0.0	-1.0	-1.0	0.0	0.0	0.0	-1.0	0.0
02:33:25	193.1	136.6	157.0	153.4	120.8	145.1	134.6	153.9	155.6	156.9	165.8	160.1	150.5	158.6	155.5	147.0	0.3	0.2	0.1	0.0	0.0	0.1	39.3	0.0	0.3	0.0	165.8	120.8	-1.6	-2.7	149.8	143.3	112.1	112.2	111.5	112.4	100.2	193.0	34.1	0.0	80.0	80.0	40.0	0.0	0.0	65.6	-1.0	0.0	.Autoclave.Outputs.PRESSIP\OutputValue	8.0	45.0	-53.7	-1.0	0.0	-1.0	-1.0	-1.0	0.0	0.0	0.0	-1.0	-1.0	0.0	0.0	0.0	-1.0	0.0
02:34:25	194.1	134.7	154.5	151.6	119.2	142.7	132.5	151.4	153.0	154.5	163.4	157.6	148.1	156.1	153.0	144.6	0.4	0.2	0.1	0.1	0.1	0.1	39.1	0.0	0.4	0.1	163.4	119.2	-1.7	-2.8	147.5	141.3	110.8	110.8	110.1	111.5	100.2	194.0	35.1	0.0	80.0	80.0	40.0	0.0	0.0	66.8	-1.0	0.0	.Autoclave.Outputs.PRESSIP\OutputValue	8.0	44.2	-52.6	-1.0	0.0	-1.0	-1.0	-1.0	0.0	0.0	0.0	-1.0	-1.0	0.0	0.0	0.0	-1.0	0.0
02:35:25	195.0	133.0	152.6	149.1	117.8	140.4	130.6	149.0	150.6	152.1	160.9	155.3	145.8	153.6	150.9	142.4	0.4	0.2	0.1	0.1	0.0	0.2	39.0	0.0	0.4	0.0	160.9	117.8	-1.4	-2.5	145.3	139.4	109.8	109.8	109.2	110.6	100.2	195.0	36.1	0.0	80.0	80.0	40.0	0.0	0.0	67.5	-1.0	0.0	.Autoclave.Outputs.PRESSIP\OutputValue	8.0	43.1	-51.1	-1.0	0.0	-1.0	-1.0	-1.0	0.0	0.0	0.0	-1.0	-1.0	0.0	0.0	0.0	-1.0	0.0
02:36:25	196.1	131.0	150.3	147.3	116.6	138.3	128.8	146.9	148.2	149.6	158.5	153.0	143.7	151.3	148.4	140.4	0.4	0.2	0.1	0.0	0.0	0.1	39.6	0.0	0.4	0.0	158.5	116.6	-1.3	-2.6	143.2	137.6	109.4	109.5	108.7	110.0	100.3	196.0	37.1	0.0	80.0	80.0	40.0	0.0	0.0	62.4	-1.0	0.0	.Autoclave.Outputs.PRESSIP\OutputValue	8.0	41.9	-49.1	-1.0	0.0	-1.0	-1.0	-1.0	0.0	0.0	0.0	-1.0	-1.0	0.0	0.0	0.0	-1.0	0.0
02:37:25	197.1	129.3	148.1	145.1	115.3	136.2	126.9	144.9	146.0	147.3	156.4	151.0	141.4	149.0	146.4	138.2	0.4	0.2	0.1	0.1	0.1	0.1	39.5	0.0	0.4	0.1	156.4	115.3	-1.2	-2.4	141.2	135.9	108.3	108.2	107.6	109.3	100.2	197.0	38.1	0.0	80.0	80.0	40.0	0.0	0.0	63.2	-1.0	0.0	.Autoclave.Outputs.PRESSIP\OutputValue	8.0	41.1	-48.1	-1.0	0.0	-1.0	-1.0	-1.0	0.0	0.0	0.0	-1.0	-1.0	0.0	0.0	0.0	-1.0	0.0
02:38:25	198.1	127.5	146.2	143.3	114.1	134.1	125.2	142.8	143.8	145.2	154.1	148.9	139.5	146.7	144.3	136.2	0.4	0.2	0.1	0.1	0.1	0.2	39.4	0.0	0.4	0.1	154.1	114.1	-1.3	-2.3	139.2	134.1	107.5	107.5	106.8	108.5	100.2	198.0	39.1	0.0	80.0	80.0	40.0	0.0	0.0	63.8	-1.0	0.0	.Autoclave.Outputs.PRESSIP\OutputValue	8.0	40.0	-46.6	-1.0	0.0	-1.0	-1.0	-1.0	0.0	0.0	0.0	-1.0	-1.0	0.0	0.0	0.0	-1.0	0.0
02:39:25	199.1	126.0	144.2	141.1	113.0	132.3	123.4	140.7	141.7	143.0	152.1	146.8	137.5	144.5	142.2	134.4	0.4	0.2	0.1	0.0	0.1	0.1	39.3	0.0	0.4	0.0	152.1	113.0	-1.0	-2.3	137.3	132.6	106.8	106.7	106.1	107.8	100.4	199.0	40.1	0.0	80.0	80.0	40.0	0.0	0.0	64.9	-1.0	0.0	.Autoclave.Outputs.PRESSIP\OutputValue	8.0	39.1	-45.3	-1.0	0.0	-1.0	-1.0	-1.0	0.0	0.0	0.0	-1.0	-1.0	0.0	0.0	0.0	-1.0	0.0
02:40:25	200.1	124.3	142.7	139.5	111.9	130.3	121.9	138.9	139.6	141.1	149.8	145.0	135.7	142.5	140.4	132.5	0.5	0.2	0.2	0.1	0.1	0.2	39.3	0.0	0.5	0.1	149.8	111.9	-1.2	-2.3	135.5	130.9	106.3	106.3	105.6	107.2	100.2	200.0	41.1	0.0	80.0	80.0	40.0	0.0	0.0	65.5	-1.0	0.0	.Autoclave.Outputs.PRESSIP\OutputValue	8.0	37.9	-43.5	-1.0	0.0	-1.0	-1.0	-1.0	0.0	0.0	0.0	-1.0	-1.0	0.0	0.0	0.0	-1.0	0.0
02:41:25	201.1	123.1	140.3	138.2	110.9	128.7	120.4	137.0	137.7	139.1	147.9	143.0	133.9	140.6	138.6	131.0	0.5	0.2	0.1	0.1	0.0	0.2	39.2	0.0	0.5	0.0	147.9	110.9	-0.9	-2.0	133.7	129.4	105.4	105.6	104.8	106.6	100.2	201.0	42.1	0.0	80.0	80.0	40.0	0.0	0.0	65.8	-1.0	0.0	.Autoclave.Outputs.PRESSIP\OutputValue	8.0	37.0	-42.6	-1.0	0.0	-1.0	-1.0	-1.0	0.0	0.0	0.0	-1.0	-1.0	0.0	0.0	0.0	-1.0	0.0
02:41:25	201.1	123.1	140.3	138.2	110.9	128.7	120.4	137.0	137.7	139.1	147.9	143.0	133.9	140.6	138.6	131.0	0.5	0.2	0.1	0.1	0.0	0.2	39.2	0.0	0.5	0.0	147.9	110.9	-0.9	-2.0	133.7	129.4	105.4	105.6	104.8	106.6	100.2	201.0	42.1	0.0	80.0	80.0	40.0	0.0	0.0	65.8	-1.0	0.0	.Autoclave.Outputs.PRESSIP\OutputValue	8.0	37.0	-42.5	-1.0	0.0	-1.0	-1.0	-1.0	0.0	0.0	0.0	-1.0	-1.0	0.0	0.0	0.0	-1.0	0.0
02:42:25	202.0	121.3	138.5	135.5	109.4	126.6	118.4	135.0	135.7	137.1	145.6	140.8	131.8	138.6	136.4	129.1	0.4	0.2	0.1	0.0	0.1	0.1	30.9	0.0	0.4	0.0	145.6	109.4	-1.5	-2.3	131.7	127.5	101.2	101.1	100.5	102.0	99.2	202.0	1.0	0.0	80.0	80.0	29.9	0.0	0.0	46.3	-1.0	0.0	.Autoclave.Outputs.PRESSIP\OutputValue	6.9	36.2	-44.4	-1.0	0.0	-1.0	-1.0	-1.0	0.0	0.0	0.0	-1.0	-1.0	0.0	0.0	0.0	-1.0	0.0
02:43:25	203.1	119.5	136.7	133.7	107.7	125.0	116.8	133.2	133.9	135.3	143.6	138.9	130.1	136.7	134.5	127.2	0.2	0.2	0.1	0.0	0.0	0.1	20.3	0.0	0.2	0.0	143.6	107.7	-1.7	-2.1	129.9	125.7	97.6	97.4	96.7	98.0	98.3	203.0	2.0	0.0	80.0	80.0	19.9	0.0	0.0	52.0	-1.0	0.0	.Autoclave.Outputs.PRESSIP\OutputValue	5.5	35.9	-46.0	-1.0	0.0	-1.0	-1.0	-1.0	0.0	0.0	0.0	-1.0	-1.0	0.0	0.0	0.0	-1.0	0.0
02:44:25	204.1	118.2	135.2	132.5	106.2	123.3	115.5	131.8	132.4	133.9	142.3	137.6	128.5	135.2	133.1	125.6	0.1	0.1	0.1	0.0	0.0	0.1	10.6	0.0	0.1	0.0	142.3	106.2	-1.2	-1.9	128.5	124.3	94.1	94.0	93.4	95.0	97.4	204.0	3.0	0.0	80.0	80.0	9.9	0.0	0.0	47.0	-1.0	0.0	.Autoclave.Outputs.PRESSIP\OutputValue	4.0	36.1	-48.2	-1.0	0.0	-1.0	-1.0	-1.0	0.0	0.0	0.0	-1.0	-1.0	0.0	0.0	0.0	-1.0	0.0
02:45:25	205.0	117.1	134.1	131.5	105.1	122.3	114.6	130.7	131.1	132.7	141.0	136.6	127.3	133.7	132.2	124.3	0.0	0.0	0.1	0.0	0.0	0.1	2.8	0.0	0.1	0.0	141.0	105.1	-1.0	-1.4	127.3	123.1	92.1	92.1	91.4	93.9	97.0	205.0	4.0	0.0	80.0	80.0	0.0	0.0	0.0	23.4	-1.0	0.0	.Autoclave.Outputs.PRESSIP\OutputValue	1.2	35.9	-48.9	-1.0	0.0	-1.0	-1.0	-1.0	0.0	0.0	0.0	-1.0	-1.0	-1.0	0.0	0.0	-1.0	0.0
02:45:53	205.5	116.7	133.6	130.9	104.8	121.9	114.4	130.4	130.6	132.3	140.7	136.4	126.9	133.4	131.7	123.9	0.0	0.0	0.0	-0.1	-0.1	0.1	1.0	-0.1	0.1	-0.1	140.7	104.8	-0.8	-1.2	127.0	122.8	92.2	92.2	91.5	94.2	97.3	205.5	4.5	0.0	80.0	80.0	0.0	0.0	0.0	39.4	-1.0	0.0	.Autoclave.Outputs.PRESSIP\OutputValue	-0.4	35.9	-48.6	-1.0	0.0	-1.0	-1.0	-1.0	0.0	0.0	0.0	-1.0	-1.0	-1.0	0.0	0.0	-1.0	0.0
