

Time	Elapsed	PTC4	PTC5	PTC6	PTC7	PTC8	PTC9	PTC10	PTC11	PTC12	VPRB2	VPRB3	VPRB4	PRESS	SVAC	HIPRB	LOPRB	HITC	LOTC	HIRATE	LORATE	AVGTC	MEAN	AIRTC	AIRTC1	AIRTC2	HILIMTC	CAPSTC	RUNTIME	SEGTIME	SEGTIMELEFT	TSET_AIR	TSET_PART	PSET	TEMPOUT	TEMPINT	PRESSOUT	COOLIP	SCROUT	PRESSIP	PRESSINT	SPREAD	AIRPARTDELTA	CAPSFLOW	SILENCE	BARLOCK	HIPSI	FANON	HYDON	FANSTARTSTOPPB	HYDPMPSTARTSTOPPB	COOLCNTRLONOFFSW	PRESSCNTRLONOFFSW	PRESSDUMPSW	PCMANUALSW	HILIMIT	BLWRMTRHILIMIT	MANINSIDE
HH:MM:SS	Mins	Deg.F	Deg.F	Deg.F	Deg.F	Deg.F	Deg.F	Deg.F	Deg.F	Deg.F	"Hg	"Hg	"Hg	Psig	"Hg			Deg.F	Deg.F	Deg.F	Deg.F	Deg.F	Deg.F	Deg.F	Deg.F	Deg.F	Deg.F	Deg.F	Mins	Mins	Mins	Deg.F	Deg.F	Psig				%	%	%	%	Deg.F	Deg.F															
17:20:06	0.0	75.6	75.7	75.8	81.0	80.1	80.1	78.1	77.6	77.7	-27.7	-27.7	-27.6	-0.4	-28.0	-27.6	-27.7	81.0	75.6	0.2	0.0	78.0	78.3	86.9	86.9	86.3	90.8	89.8	216.3	0.0	0.0	70.0	70.0	0.0	0.0	0.0	50.0	0.0	0.0	.Autoclave.Outputs.PRESSIP\OutputValue	8.0	5.3	5.9	-1.0	0.0	-1.0	-1.0	0.0	0.0	0.0	0.0	-1.0	-1.0	-1.0	0.0	0.0	-1.0	0.0
17:20:08	0.0	75.6	75.7	75.8	81.0	80.1	80.1	78.1	77.6	77.7	-27.7	-27.7	-27.6	-0.4	-28.0	-27.6	-27.7	81.0	75.6	0.2	0.0	78.0	78.3	86.9	86.9	86.3	90.8	89.8	216.3	0.0	0.0	70.0	70.0	0.0	0.0	0.0	50.0	0.0	0.0	.Autoclave.Outputs.PRESSIP\OutputValue	8.0	5.3	5.9	-1.0	0.0	-1.0	-1.0	0.0	0.0	0.0	0.0	-1.0	-1.0	-1.0	0.0	0.0	-1.0	0.0
17:20:08	0.0	75.6	75.7	75.8	81.0	80.1	80.1	78.1	77.6	77.7	-27.7	-27.7	-27.6	-0.4	-28.0	-27.6	-27.7	81.0	75.6	0.2	0.0	78.0	78.3	86.9	87.1	86.3	90.8	89.8	216.3	0.0	0.0	70.0	70.0	0.0	0.0	0.0	50.0	0.0	0.0	.Autoclave.Outputs.PRESSIP\OutputValue	8.0	5.4	5.9	-1.0	0.0	-1.0	-1.0	0.0	0.0	0.0	0.0	-1.0	-1.0	-1.0	0.0	0.0	-1.0	0.0
17:20:08	0.0	75.6	75.7	75.8	81.0	80.1	80.1	78.1	77.6	77.7	-27.7	-27.7	-27.6	-0.4	-28.0	-27.6	-27.7	81.0	75.6	0.2	0.0	78.0	78.3	86.9	87.1	86.3	90.8	89.8	216.3	0.0	0.0	70.0	70.0	0.0	0.0	0.0	50.0	0.0	0.0	.Autoclave.Outputs.PRESSIP\OutputValue	8.0	5.4	5.9	-1.0	0.0	-1.0	-1.0	0.0	0.0	0.0	0.0	-1.0	-1.0	-1.0	0.0	0.0	-1.0	0.0
17:21:08	1.0	75.7	75.8	75.8	81.5	80.7	80.6	79.7	78.4	78.7	-27.7	-27.7	-27.6	1.1	-28.0	-27.6	-27.7	81.5	75.7	1.5	0.1	78.6	78.6	88.4	88.4	87.7	91.9	89.3	1.0	1.0	0.0	89.5	85.5	1.5	54.9	-0.2	62.2	0.0	9.9	.Autoclave.Outputs.PRESSIP\OutputValue	8.0	5.8	6.9	-1.0	0.0	-1.0	-1.0	-1.0	0.0	0.0	0.0	-1.0	-1.0	0.0	0.0	0.0	-1.0	0.0
17:22:08	2.0	75.8	75.8	76.0	82.3	81.3	81.4	82.2	79.7	79.9	-27.6	-27.7	-27.6	2.1	-28.0	-27.6	-27.7	82.3	75.8	2.3	0.5	79.4	79.1	95.5	95.5	95.0	108.5	89.4	2.0	2.0	0.0	97.7	90.0	3.0	61.9	0.0	67.2	0.0	23.7	.Autoclave.Outputs.PRESSIP\OutputValue	8.0	6.5	13.2	-1.0	0.0	-1.0	-1.0	-1.0	0.0	0.0	0.0	-1.0	-1.0	0.0	0.0	0.0	-1.0	0.0
17:23:08	3.0	75.8	75.8	76.1	83.5	82.5	82.7	83.7	80.8	81.0	-27.7	-27.5	-27.6	3.8	-28.0	-27.5	-27.7	83.7	75.8	1.3	-0.9	80.2	79.8	103.1	103.1	102.6	117.0	89.6	3.0	3.0	0.0	105.3	94.5	4.5	62.7	0.2	65.0	0.0	25.4	.Autoclave.Outputs.PRESSIP\OutputValue	8.0	7.9	19.4	-1.0	0.0	-1.0	-1.0	-1.0	0.0	0.0	0.0	-1.0	-1.0	0.0	0.0	0.0	-1.0	0.0
17:24:08	4.0	75.9	75.9	76.2	84.9	83.9	84.5	84.8	81.4	81.9	-27.6	-27.6	-27.6	5.5	-28.0	-27.6	-27.6	84.9	75.9	1.8	0.1	81.1	80.4	110.1	110.1	109.5	123.6	89.9	4.0	4.0	0.0	113.1	99.0	6.0	68.8	0.5	62.9	0.0	37.5	.Autoclave.Outputs.PRESSIP\OutputValue	8.0	9.0	25.2	-1.0	0.0	-1.0	-1.0	-1.0	0.0	0.0	0.0	-1.0	-1.0	0.0	0.0	0.0	-1.0	0.0
17:25:08	5.0	76.2	76.2	76.4	86.4	85.4	86.6	86.9	83.2	83.4	-27.6	-27.6	-27.6	7.2	-28.0	-27.6	-27.6	86.9	76.2	2.9	0.3	82.3	81.6	117.0	117.1	116.5	130.8	90.1	5.0	5.0	0.0	119.9	103.5	7.5	65.8	0.7	61.7	0.0	31.6	.Autoclave.Outputs.PRESSIP\OutputValue	8.0	10.7	30.1	-1.0	0.0	-1.0	-1.0	-1.0	0.0	0.0	0.0	-1.0	-1.0	0.0	0.0	0.0	-1.0	0.0
17:26:08	6.0	76.5	76.4	76.8	88.4	87.7	89.1	90.0	85.0	85.7	-27.6	-27.5	-27.6	8.0	-28.0	-27.5	-27.6	90.0	76.4	2.6	-0.2	84.0	83.2	123.8	123.8	123.2	136.5	90.1	6.0	6.0	0.0	125.9	108.0	9.0	62.6	0.9	67.6	0.0	25.1	.Autoclave.Outputs.PRESSIP\OutputValue	8.0	13.6	33.8	-1.0	0.0	-1.0	-1.0	-1.0	0.0	0.0	0.0	-1.0	-1.0	0.0	0.0	0.0	-1.0	0.0
17:27:08	7.0	77.1	77.0	77.4	90.3	89.9	91.9	92.3	86.7	87.5	-27.6	-27.5	-27.6	9.7	-28.0	-27.5	-27.6	92.3	77.0	2.8	0.8	85.6	84.7	130.2	130.3	129.5	142.8	90.4	7.0	7.0	0.0	132.6	112.5	10.5	65.1	1.2	66.3	0.0	30.1	.Autoclave.Outputs.PRESSIP\OutputValue	8.0	15.3	37.8	-1.0	0.0	-1.0	-1.0	-1.0	0.0	0.0	0.0	-1.0	-1.0	0.0	0.0	0.0	-1.0	0.0
17:27:19	7.2	77.3	77.3	77.5	90.9	90.3	92.3	92.9	87.1	87.8	-27.6	-27.4	-27.6	10.1	-28.0	-27.4	-27.6	92.9	77.3	3.8	0.7	85.9	85.1	131.1	131.1	130.4	143.8	90.5	7.2	7.2	0.0	133.5	113.2	10.7	65.9	1.2	66.1	0.0	31.9	.Autoclave.Outputs.PRESSIP\OutputValue	8.0	15.6	38.1	-1.0	0.0	-1.0	-1.0	-1.0	0.0	0.0	0.0	-1.0	-1.0	0.0	0.0	0.0	-1.0	0.0
17:28:08	8.0	77.9	77.8	78.1	92.7	92.3	95.0	94.8	88.5	89.6	-27.5	-27.3	-27.6	11.3	-27.8	-27.3	-27.6	95.0	77.8	3.1	0.7	87.4	86.4	136.3	136.3	135.6	149.1	90.8	8.0	0.8	0.0	139.1	117.0	12.0	68.2	1.5	65.1	0.0	36.3	.Autoclave.Outputs.PRESSIP\OutputValue	8.0	17.1	41.3	-1.0	0.0	-1.0	-1.0	-1.0	0.0	0.0	0.0	-1.0	-1.0	0.0	0.0	0.0	-1.0	0.0
17:29:08	9.0	78.6	78.7	78.9	95.5	95.4	98.3	97.1	90.6	91.6	-23.4	-25.0	-23.3	12.9	-23.4	-23.3	-25.0	98.3	78.6	3.4	0.9	89.4	88.4	142.2	142.2	141.4	154.2	90.9	9.0	1.8	0.0	144.7	121.5	13.5	67.6	1.7	63.5	0.0	35.3	.Autoclave.Outputs.PRESSIP\OutputValue	8.0	19.7	43.9	-1.0	0.0	-1.0	-1.0	-1.0	0.0	0.0	0.0	-1.0	-1.0	0.0	0.0	0.0	-1.0	0.0
17:30:08	10.0	79.6	79.7	79.9	98.5	98.8	102.1	99.0	93.0	93.7	-18.2	-18.7	-18.1	14.6	-18.3	-18.1	-18.7	102.1	79.6	3.8	0.9	91.6	90.8	147.6	147.6	146.9	159.7	91.2	10.0	2.8	0.0	149.9	126.0	15.0	65.9	2.0	61.5	0.0	31.7	.Autoclave.Outputs.PRESSIP\OutputValue	8.0	22.5	45.5	-1.0	0.0	-1.0	-1.0	-1.0	0.0	0.0	0.0	-1.0	-1.0	0.0	0.0	0.0	-1.0	0.0
17:31:08	11.0	81.0	81.1	81.2	101.4	102.0	105.9	103.9	96.0	97.5	-13.1	-13.4	-12.9	15.5	-13.1	-12.9	-13.4	105.9	81.0	3.9	1.2	94.5	93.4	152.3	152.4	151.6	165.0	91.2	11.0	3.8	0.0	155.2	130.5	16.5	70.2	2.3	67.9	0.0	40.3	.Autoclave.Outputs.PRESSIP\OutputValue	8.0	24.9	46.4	-1.0	0.0	-1.0	-1.0	-1.0	0.0	0.0	0.0	-1.0	-1.0	0.0	0.0	0.0	-1.0	0.0
17:32:08	12.0	82.4	82.5	82.5	104.7	105.4	110.0	106.9	99.0	100.3	-8.3	-8.7	-8.1	17.1	-8.3	-8.1	-8.7	110.0	82.4	4.1	1.1	97.1	96.2	157.4	157.4	156.6	168.7	91.4	12.0	4.8	0.0	160.0	135.0	18.0	67.7	2.5	66.9	0.0	35.4	.Autoclave.Outputs.PRESSIP\OutputValue	8.0	27.6	47.4	-1.0	0.0	-1.0	-1.0	-1.0	0.0	0.0	0.0	-1.0	-1.0	0.0	0.0	0.0	-1.0	0.0
17:33:08	13.0	83.7	83.9	83.9	108.0	109.3	114.6	110.5	101.7	103.2	-3.9	-4.3	-3.7	18.6	-3.9	-3.7	-4.3	114.6	83.7	4.5	1.8	99.9	99.1	162.0	162.1	161.3	173.4	91.6	13.0	5.8	0.0	164.5	139.5	19.5	67.9	2.8	66.8	0.0	35.8	.Autoclave.Outputs.PRESSIP\OutputValue	8.0	30.9	47.4	-1.0	0.0	-1.0	-1.0	-1.0	0.0	0.0	0.0	-1.0	-1.0	0.0	0.0	0.0	-1.0	0.0
17:34:08	14.0	85.5	85.8	85.5	111.4	113.3	118.9	113.7	105.0	106.3	-1.7	-1.9	-1.6	20.2	-1.8	-1.6	-1.9	118.9	85.5	4.6	0.6	102.8	102.2	166.7	166.9	166.1	177.9	91.8	14.0	6.8	0.0	169.1	144.0	21.0	67.0	3.0	65.3	0.0	34.0	.Autoclave.Outputs.PRESSIP\OutputValue	8.0	33.4	47.8	-1.0	0.0	-1.0	-1.0	-1.0	0.0	0.0	0.0	-1.0	-1.0	0.0	0.0	0.0	-1.0	0.0
17:35:08	15.0	87.1	87.6	87.2	114.9	117.0	123.6	117.5	108.1	109.8	-0.9	-0.9	-0.7	21.8	-0.9	-0.7	-0.9	123.6	87.1	4.8	0.3	105.9	105.3	171.2	171.2	170.5	181.6	92.0	15.0	7.8	0.0	173.5	148.5	22.5	66.5	3.2	65.2	0.0	33.0	.Autoclave.Outputs.PRESSIP\OutputValue	8.0	36.5	47.6	-1.0	0.0	-1.0	-1.0	-1.0	0.0	0.0	0.0	-1.0	-1.0	0.0	0.0	0.0	-1.0	0.0
17:36:08	16.0	89.2	89.8	89.2	118.7	121.5	128.1	121.2	111.2	113.3	-0.5	-0.3	-0.3	23.3	-0.5	-0.3	-0.5	128.1	89.2	4.4	2.3	109.1	108.6	175.8	175.8	175.1	186.1	92.3	16.0	8.8	0.0	178.0	153.0	24.0	66.0	3.5	64.6	0.0	32.0	.Autoclave.Outputs.PRESSIP\OutputValue	8.0	38.9	47.7	-1.0	0.0	-1.0	-1.0	-1.0	0.0	0.0	0.0	-1.0	-1.0	0.0	0.0	0.0	-1.0	0.0
17:37:08	17.0	91.5	91.9	91.3	122.5	125.3	132.7	123.5	113.9	116.1	-0.2	-0.1	0.0	25.1	-0.3	0.0	-0.2	132.7	91.3	4.7	2.4	112.1	112.0	180.1	180.1	179.4	191.1	92.5	17.0	9.8	0.0	182.3	157.5	25.5	66.2	3.7	62.0	0.0	32.5	.Autoclave.Outputs.PRESSIP\OutputValue	8.0	41.4	47.4	-1.0	0.0	-1.0	-1.0	-1.0	0.0	0.0	0.0	-1.0	-1.0	0.0	0.0	0.0	-1.0	0.0
17:38:08	18.0	93.4	94.2	93.5	126.7	129.6	137.4	129.0	118.5	120.4	-0.1	0.0	0.0	26.1	-0.2	0.0	-0.1	137.4	93.4	6.1	1.8	115.9	115.4	184.1	184.2	183.5	195.4	92.4	18.0	10.8	0.0	186.7	162.0	27.0	69.3	4.0	67.1	0.0	38.7	.Autoclave.Outputs.PRESSIP\OutputValue	8.0	44.0	46.7	-1.0	0.0	-1.0	-1.0	-1.0	0.0	0.0	0.0	-1.0	-1.0	0.0	0.0	0.0	-1.0	0.0
17:39:08	19.0	96.2	96.7	95.9	130.7	134.2	142.1	132.8	122.3	124.3	-0.1	0.1	0.1	27.9	-0.1	0.1	-0.1	142.1	95.9	4.8	2.5	119.5	119.0	188.6	188.7	188.0	198.8	92.8	19.0	11.8	0.0	191.0	166.5	28.5	68.7	4.2	63.8	0.0	37.3	.Autoclave.Outputs.PRESSIP\OutputValue	8.0	46.2	46.5	-1.0	0.0	-1.0	-1.0	-1.0	0.0	0.0	0.0	-1.0	-1.0	0.0	0.0	0.0	-1.0	0.0
17:40:08	20.0	98.3	99.2	98.3	134.7	138.5	146.8	136.5	125.9	128.0	0.0	0.1	0.1	29.4	-0.1	0.1	0.0	146.8	98.3	5.3	2.5	122.9	122.5	192.9	192.9	192.2	203.3	92.8	20.0	12.8	0.0	195.3	171.0	30.0	69.0	4.4	64.1	0.0	37.9	.Autoclave.Outputs.PRESSIP\OutputValue	8.0	48.5	46.1	-1.0	0.0	-1.0	-1.0	-1.0	0.0	0.0	0.0	-1.0	-1.0	0.0	0.0	0.0	-1.0	0.0
17:41:08	21.0	101.3	102.0	101.0	139.1	143.0	151.4	140.6	129.9	132.3	0.0	0.1	0.1	30.7	-0.1	0.1	0.0	151.4	101.0	4.6	2.6	126.7	126.2	197.1	197.1	196.2	207.8	93.0	21.0	13.8	0.0	199.6	175.5	31.5	69.9	4.7	65.5	0.0	39.8	.Autoclave.Outputs.PRESSIP\OutputValue	8.0	50.4	45.7	-1.0	0.0	-1.0	-1.0	-1.0	0.0	0.0	0.0	-1.0	-1.0	0.0	0.0	0.0	-1.0	0.0
17:42:08	22.0	103.8	104.7	103.7	143.7	147.5	156.2	144.4	134.2	136.5	0.0	0.1	0.1	32.3	-0.1	0.1	0.0	156.2	103.7	8.0	3.2	130.5	129.9	201.7	201.7	201.1	210.9	93.4	22.0	14.8	0.0	203.9	180.0	33.0	68.1	4.9	64.5	0.0	36.3	.Autoclave.Outputs.PRESSIP\OutputValue	8.0	52.5	45.5	-1.0	0.0	-1.0	-1.0	-1.0	0.0	0.0	0.0	-1.0	-1.0	0.0	0.0	0.0	-1.0	0.0
17:43:08	23.0	106.6	107.6	106.5	147.6	152.2	161.2	147.5	137.4	140.4	0.0	0.1	0.1	34.1	-0.1	0.1	0.0	161.2	106.5	5.2	-6.0	134.1	133.8	206.0	206.0	205.3	216.0	93.7	23.0	15.8	0.0	208.0	184.5	34.5	65.5	5.1	62.3	0.0	31.0	.Autoclave.Outputs.PRESSIP\OutputValue	8.0	54.7	44.8	-1.0	0.0	-1.0	-1.0	-1.0	0.0	0.0	0.0	-1.0	-1.0	0.0	0.0	0.0	-1.0	0.0
17:44:08	24.0	109.7	110.6	109.5	153.0	157.1	166.0	153.6	142.1	146.0	0.0	0.1	0.1	35.2	-0.1	0.1	0.0	166.0	109.5	6.5	3.2	138.6	137.7	209.6	209.6	208.9	220.7	93.7	24.0	16.8	0.0	212.0	189.0	36.0	70.7	5.4	66.7	0.0	41.3	.Autoclave.Outputs.PRESSIP\OutputValue	8.0	56.5	43.6	-1.0	0.0	-1.0	-1.0	-1.0	0.0	0.0	0.0	-1.0	-1.0	0.0	0.0	0.0	-1.0	0.0
17:45:08	25.0	112.8	113.9	112.7	157.2	161.8	170.8	157.0	146.5	150.0	0.0	0.1	0.1	36.7	-0.6	0.1	0.0	170.8	112.7	5.1	3.1	142.5	141.7	214.1	214.2	213.5	223.4	93.9	25.0	17.8	0.0	216.3	193.5	37.5	68.7	5.6	65.6	0.0	37.4	.Autoclave.Outputs.PRESSIP\OutputValue	8.0	58.1	43.3	-1.0	0.0	-1.0	-1.0	-1.0	0.0	0.0	0.0	-1.0	-1.0	0.0	0.0	0.0	-1.0	0.0
17:46:08	26.0	116.0	117.2	115.9	161.7	166.5	175.6	161.4	150.5	154.6	0.0	0.1	0.0	38.5	-0.1	0.1	0.0	175.6	115.9	5.2	3.1	146.6	145.7	218.3	218.4	217.6	227.7	94.1	26.0	18.8	0.0	220.6	198.0	39.0	68.8	5.8	62.7	0.0	37.5	.Autoclave.Outputs.PRESSIP\OutputValue	8.0	59.7	42.7	-1.0	0.0	-1.0	-1.0	-1.0	0.0	0.0	0.0	-1.0	-1.0	0.0	0.0	0.0	-1.0	0.0
17:47:08	27.0	119.4	120.4	119.2	165.6	170.9	180.4	166.0	155.1	159.1	0.0	0.1	0.0	39.6	-0.1	0.1	0.0	180.4	119.2	6.0	3.1	150.7	149.8	222.2	222.2	221.4	233.1	94.1	27.0	19.8	0.0	224.7	202.5	40.0	71.0	6.1	61.7	0.0	42.0	.Autoclave.Outputs.PRESSIP\OutputValue	8.0	61.2	41.8	-1.0	0.0	-1.0	-1.0	-1.0	0.0	0.0	0.0	-1.0	-1.0	0.0	0.0	0.0	-1.0	0.0
17:48:08	28.0	122.7	124.0	122.7	171.1	176.8	185.4	170.6	159.5	163.6	0.0	0.1	0.0	40.0	-0.1	0.1	0.0	185.4	122.7	5.2	3.2	155.1	154.0	226.5	226.5	226.0	236.9	94.2	28.0	20.8	0.0	228.7	207.0	40.0	68.6	6.3	58.5	0.0	37.1	.Autoclave.Outputs.PRESSIP\OutputValue	8.0	62.7	41.1	-1.0	0.0	-1.0	-1.0	-1.0	0.0	0.0	0.0	-1.0	-1.0	0.0	0.0	0.0	-1.0	0.0
17:49:08	29.0	126.5	127.6	126.3	175.9	181.0	190.2	175.0	163.8	168.2	0.0	0.1	0.1	40.2	-0.1	0.1	0.0	190.2	126.3	5.0	3.7	159.4	158.2	230.9	230.8	230.2	241.4	94.2	29.0	21.8	0.0	232.8	211.5	40.0	68.3	6.5	55.5	0.0	36.6	.Autoclave.Outputs.PRESSIP\OutputValue	7.8	63.9	40.8	-1.0	0.0	-1.0	-1.0	-1.0	0.0	0.0	0.0	-1.0	-1.0	0.0	0.0	0.0	-1.0	0.0
17:50:08	30.0	130.1	131.2	129.8	179.7	186.0	194.8	179.5	168.8	172.8	-0.1	0.1	0.1	40.6	-0.1	0.1	-0.1	194.8	129.8	5.1	3.6	163.6	162.3	235.2	235.2	234.6	245.5	94.2	30.0	22.8	0.0	237.1	216.0	40.0	67.9	6.7	51.5	0.0	35.9	.Autoclave.Outputs.PRESSIP\OutputValue	7.0	65.0	40.5	-1.0	0.0	-1.0	-1.0	-1.0	0.0	0.0	0.0	-1.0	-1.0	0.0	0.0	0.0	-1.0	0.0
17:51:08	31.0	133.8	134.8	133.5	184.8	191.4	199.5	184.5	173.0	177.4	0.0	0.2	0.1	40.9	-0.1	0.2	0.0	199.5	133.5	4.9	1.3	168.1	166.5	239.4	239.4	238.9	249.9	94.4	31.0	23.8	0.0	241.7	220.5	40.0	70.1	6.9	46.9	0.0	40.2	.Autoclave.Outputs.PRESSIP\OutputValue	5.7	66.0	40.0	-1.0	0.0	-1.0	-1.0	-1.0	0.0	0.0	0.0	-1.0	-1.0	0.0	0.0	0.0	-1.0	0.0
17:52:08	32.0	137.6	138.7	137.4	188.4	195.1	204.4	188.9	177.9	182.1	0.0	0.2	0.0	40.0	-0.1	0.2	0.0	204.4	137.4	7.8	4.1	172.3	170.9	243.8	243.9	243.3	254.5	94.3	32.0	24.8	0.0	245.7	225.0	40.0	67.6	7.2	54.9	0.0	35.2	.Autoclave.Outputs.PRESSIP\OutputValue	5.0	67.0	39.5	-1.0	0.0	-1.0	-1.0	-1.0	0.0	0.0	0.0	-1.0	-1.0	0.0	0.0	0.0	-1.0	0.0
17:53:08	33.0	141.6	142.3	141.1	192.4	199.4	208.9	193.3	182.2	186.2	0.0	0.1	0.1	40.3	-0.1	0.1	0.0	208.9	141.1	5.2	2.9	176.4	175.0	248.0	248.1	247.5	257.8	94.5	33.0	25.8	0.0	250.1	229.5	40.0	69.1	7.4	52.0	0.0	38.3	.Autoclave.Outputs.PRESSIP\OutputValue	4.7	67.8	39.2	-1.0	0.0	-1.0	-1.0	-1.0	0.0	0.0	0.0	-1.0	-1.0	0.0	0.0	0.0	-1.0	0.0
17:54:09	34.1	145.2	146.4	145.0	198.1	204.2	213.4	197.4	186.8	190.7	0.0	0.1	0.1	40.6	-0.1	0.1	0.0	213.4	145.0	5.7	3.5	180.8	179.2	252.4	252.5	252.2	263.8	94.4	34.0	26.8	0.0	254.6	234.0	40.0	70.5	7.6	47.9	0.0	41.0	.Autoclave.Outputs.PRESSIP\OutputValue	3.8	68.4	39.1	-1.0	0.0	-1.0	-1.0	-1.0	0.0	0.0	0.0	-1.0	-1.0	0.0	0.0	0.0	-1.0	0.0
17:55:08	35.0	149.2	150.3	148.8	202.1	208.5	217.9	202.5	191.5	195.6	0.0	0.1	0.1	40.9	-0.1	0.1	0.0	217.9	148.8	5.3	2.9	185.2	183.4	256.7	256.9	256.5	267.9	94.6	35.0	27.8	0.0	259.0	238.5	40.0	71.5	7.8	43.2	0.0	43.0	.Autoclave.Outputs.PRESSIP\OutputValue	2.3	69.2	38.8	-1.0	0.0	-1.0	-1.0	-1.0	0.0	0.0	0.0	-1.0	-1.0	0.0	0.0	0.0	-1.0	0.0
17:56:08	36.0	152.9	154.0	152.5	206.3	213.1	222.5	206.8	196.4	200.0	0.0	0.1	0.1	40.1	-0.1	0.1	0.0	222.5	152.5	5.1	3.1	189.4	187.5	261.5	261.5	261.1	272.4	94.7	36.0	28.8	0.0	263.6	243.0	40.0	69.2	8.0	51.1	0.0	38.3	.Autoclave.Outputs.PRESSIP\OutputValue	1.9	70.1	39.0	-1.0	0.0	-1.0	-1.0	-1.0	0.0	0.0	0.0	-1.0	-1.0	0.0	0.0	0.0	-1.0	0.0
17:57:08	37.0	156.9	157.9	156.4	212.4	218.3	227.0	212.0	200.4	205.0	0.0	0.1	0.1	40.4	-0.1	0.1	0.0	227.0	156.4	5.3	3.7	194.0	191.7	265.6	266.0	265.3	277.2	94.8	37.0	29.8	0.0	268.1	247.5	40.0	72.1	8.3	47.3	0.0	44.2	.Autoclave.Outputs.PRESSIP\OutputValue	1.4	70.7	38.6	-1.0	0.0	-1.0	-1.0	-1.0	0.0	0.0	0.0	-1.0	-1.0	0.0	0.0	0.0	-1.0	0.0
17:58:08	38.0	160.5	161.6	160.0	215.3	222.2	231.5	216.6	205.4	209.4	0.0	0.1	0.1	40.7	-0.1	0.1	0.0	231.5	160.0	5.1	3.6	198.1	195.8	270.5	270.3	269.8	281.8	94.9	38.0	30.8	0.0	272.4	252.0	40.0	70.0	8.5	43.2	0.0	40.0	.Autoclave.Outputs.PRESSIP\OutputValue	0.3	71.6	39.0	-1.0	0.0	-1.0	-1.0	-1.0	0.0	0.0	0.0	-1.0	-1.0	0.0	0.0	0.0	-1.0	0.0
17:59:08	39.0	164.4	165.7	164.1	220.3	226.5	235.1	219.4	208.8	213.0	0.0	0.1	0.1	40.5	-0.1	0.1	0.0	235.1	164.1	4.1	2.3	201.9	199.6	268.6	268.6	268.4	274.8	94.8	39.0	31.8	0.0	268.8	252.0	40.0	56.7	8.5	44.4	0.0	13.3	.Autoclave.Outputs.PRESSIP\OutputValue	-0.8	71.1	33.5	-1.0	0.0	-1.0	-1.0	-1.0	0.0	0.0	0.0	-1.0	-1.0	0.0	0.0	0.0	-1.0	0.0
18:00:08	40.0	168.6	169.7	168.0	223.0	230.1	238.0	221.4	212.4	215.9	0.0	0.1	0.1	40.4	-0.1	0.1	0.0	238.0	168.0	4.2	2.7	205.2	203.0	266.1	266.4	265.7	272.0	95.1	40.0	32.8	0.0	266.0	252.0	40.0	55.3	8.5	44.3	0.0	10.6	.Autoclave.Outputs.PRESSIP\OutputValue	-1.7	70.1	28.1	-1.0	0.0	-1.0	-1.0	-1.0	0.0	0.0	0.0	-1.0	-1.0	0.0	0.0	0.0	-1.0	0.0
18:01:08	41.0	172.2	173.3	171.8	225.2	232.8	240.4	224.3	215.6	219.2	0.0	0.1	0.1	40.3	-0.1	0.1	0.0	240.4	171.8	4.3	2.4	208.3	206.1	264.0	263.7	263.3	269.2	95.1	41.0	33.8	0.0	263.7	252.0	40.0	54.0	8.4	44.8	0.0	7.9	.Autoclave.Outputs.PRESSIP\OutputValue	-2.3	68.7	23.6	-1.0	0.0	-1.0	-1.0	-1.0	0.0	0.0	0.0	-1.0	-1.0	0.0	0.0	0.0	-1.0	0.0
18:02:08	42.0	175.9	176.9	175.5	228.4	234.9	242.2	226.3	218.6	221.6	-0.1	0.1	0.1	40.2	-0.1	0.1	-0.1	242.2	175.5	4.0	1.6	211.1	208.9	262.2	262.2	261.6	266.6	95.2	42.0	34.8	0.0	261.7	252.0	40.0	51.9	8.4	45.1	0.0	3.8	.Autoclave.Outputs.PRESSIP\OutputValue	-2.8	66.8	20.0	-1.0	0.0	-1.0	-1.0	-1.0	0.0	0.0	0.0	-1.0	-1.0	0.0	0.0	0.0	-1.0	0.0
18:03:08	43.0	179.5	180.6	179.3	230.4	237.2	243.8	228.6	221.2	224.2	0.0	0.1	0.1	40.2	-0.1	0.1	0.0	243.8	179.3	3.7	1.5	213.9	211.6	261.0	260.8	260.3	265.4	95.2	43.0	35.8	0.0	260.1	252.0	40.0	50.6	8.3	45.3	0.0	1.1	.Autoclave.Outputs.PRESSIP\OutputValue	-3.1	64.6	17.2	-1.0	0.0	-1.0	-1.0	-1.0	0.0	0.0	0.0	-1.0	-1.0	0.0	0.0	0.0	-1.0	0.0
18:03:13	43.1	180.9	181.4	180.2	230.9	237.3	243.9	228.4	221.5	224.1	0.0	0.1	0.0	40.1	-0.1	0.1	0.0	243.9	180.2	3.7	1.5	214.3	212.1	260.5	260.3	260.0	264.9	95.1	43.1	35.9	0.0	260.2	252.0	40.0	53.2	8.3	45.6	0.0	6.4	.Autoclave.Outputs.PRESSIP\OutputValue	-3.2	63.8	16.7	-1.0	0.0	-1.0	-1.0	-1.0	0.0	0.0	0.0	-1.0	-1.0	0.0	0.0	0.0	-1.0	0.0
18:04:08	44.0	182.7	183.6	182.5	233.2	239.1	245.8	232.6	225.0	227.8	0.0	0.1	0.1	40.6	-0.1	0.1	0.0	245.8	182.5	3.9	1.6	216.9	214.2	264.9	264.9	264.4	275.5	95.3	44.0	0.9	0.0	266.7	256.2	40.0	70.2	8.5	39.5	0.0	40.4	.Autoclave.Outputs.PRESSIP\OutputValue	-4.0	63.4	19.1	-1.0	0.0	-1.0	-1.0	-1.0	0.0	0.0	0.0	-1.0	-1.0	0.0	0.0	0.0	-1.0	0.0
18:05:08	45.0	186.0	186.9	186.0	238.1	242.4	248.2	235.9	228.0	231.0	0.0	0.1	0.1	39.8	-0.1	0.1	0.0	248.2	186.0	3.7	2.3	220.3	217.1	270.3	270.3	269.8	281.5	95.2	45.0	1.9	0.0	273.1	260.7	40.0	74.4	8.7	46.6	0.0	48.7	.Autoclave.Outputs.PRESSIP\OutputValue	-5.4	62.3	22.1	-1.0	0.0	-1.0	-1.0	-1.0	0.0	0.0	0.0	-1.0	-1.0	0.0	0.0	0.0	-1.0	0.0
18:06:08	46.0	188.9	189.8	189.1	240.0	245.6	251.1	240.2	232.0	234.8	0.0	0.1	0.0	40.2	-0.1	0.1	0.0	251.1	188.9	3.7	2.9	223.5	220.0	277.2	277.2	276.7	288.7	95.4	46.0	2.9	0.0	279.3	265.2	40.0	71.2	8.9	42.1	0.0	42.4	.Autoclave.Outputs.PRESSIP\OutputValue	-5.5	62.2	26.1	-1.0	0.0	-1.0	-1.0	-1.0	0.0	0.0	0.0	-1.0	-1.0	0.0	0.0	0.0	-1.0	0.0
18:07:08	47.0	192.1	193.2	192.3	243.4	248.6	254.5	242.9	237.2	238.4	0.0	0.2	0.1	40.6	-0.1	0.2	0.0	254.5	192.1	4.2	2.8	227.0	223.3	282.9	283.0	282.3	295.1	95.5	47.0	3.9	0.0	285.0	269.7	40.0	70.5	9.1	37.9	0.0	41.0	.Autoclave.Outputs.PRESSIP\OutputValue	-6.0	62.4	28.4	-1.0	0.0	-1.0	-1.0	-1.0	0.0	0.0	0.0	-1.0	-1.0	0.0	0.0	0.0	-1.0	0.0
18:08:08	48.0	195.5	196.5	195.7	247.2	252.4	258.0	247.0	240.1	241.9	0.0	0.1	0.0	40.3	-0.1	0.1	0.0	258.0	195.5	4.4	2.1	230.5	226.8	286.6	286.6	286.1	285.8	95.5	48.0	4.9	0.0	287.6	272.0	40.0	62.0	9.2	41.5	0.0	24.0	.Autoclave.Outputs.PRESSIP\OutputValue	-6.0	62.5	28.6	-1.0	0.0	-1.0	-1.0	-1.0	0.0	0.0	0.0	-1.0	-1.0	0.0	0.0	0.0	-1.0	0.0
18:09:08	49.0	198.6	199.4	198.6	248.9	254.2	259.7	248.0	240.6	243.7	0.0	0.1	0.1	40.4	-0.1	0.1	0.0	259.7	198.6	3.3	0.7	232.4	229.1	281.6	281.6	281.0	287.9	95.7	49.0	5.9	0.0	284.2	272.0	40.0	74.2	8.7	40.0	0.0	48.4	.Autoclave.Outputs.PRESSIP\OutputValue	-6.0	61.2	21.9	-1.0	0.0	-1.0	-1.0	-1.0	0.0	0.0	0.0	-1.0	-1.0	0.0	0.0	0.0	-1.0	0.0
18:10:08	50.0	201.9	202.8	201.9	251.3	257.0	262.1	249.7	243.0	245.8	0.0	0.1	0.1	40.2	-0.1	0.1	0.0	262.1	201.9	3.3	1.5	235.1	232.0	282.1	282.1	281.4	283.8	95.8	50.0	6.9	0.0	281.7	272.0	40.0	53.0	8.8	41.7	0.0	5.9	.Autoclave.Outputs.PRESSIP\OutputValue	-6.0	60.3	20.0	-1.0	0.0	-1.0	-1.0	-1.0	0.0	0.0	0.0	-1.0	-1.0	0.0	0.0	0.0	-1.0	0.0
18:11:08	51.0	204.8	205.8	204.9	253.0	258.7	262.9	252.6	245.8	247.0	0.0	0.1	0.1	40.4	-0.1	0.1	0.0	262.9	204.8	4.2	1.8	237.3	233.9	279.9	279.9	279.0	287.1	96.1	51.0	7.9	0.0	280.8	272.0	40.0	62.5	9.0	40.0	0.0	25.0	.Autoclave.Outputs.PRESSIP\OutputValue	-6.0	58.1	17.0	-1.0	0.0	-1.0	-1.0	-1.0	0.0	0.0	0.0	-1.0	-1.0	0.0	0.0	0.0	-1.0	0.0
18:12:08	52.0	207.8	208.7	207.9	255.1	260.3	265.9	253.1	247.5	249.8	0.0	0.1	0.0	40.0	-0.1	0.1	0.0	265.9	207.8	2.9	-1.4	239.6	236.9	278.8	278.6	277.8	278.2	96.0	52.0	8.9	0.0	278.9	272.0	40.0	57.2	9.0	43.5	0.0	14.3	.Autoclave.Outputs.PRESSIP\OutputValue	-6.0	58.1	12.9	-1.0	0.0	-1.0	-1.0	-1.0	0.0	0.0	0.0	-1.0	-1.0	0.0	0.0	0.0	-1.0	0.0
18:13:08	53.0	211.0	211.7	211.0	256.9	261.2	265.6	255.2	249.7	252.1	0.0	0.1	0.1	40.3	-0.1	0.1	0.0	265.6	211.0	4.0	-1.0	241.6	238.3	276.8	276.9	276.2	283.9	96.1	53.0	9.9	0.0	278.3	272.0	40.0	67.4	9.2	41.3	0.0	34.8	.Autoclave.Outputs.PRESSIP\OutputValue	-6.0	54.7	11.2	-1.0	0.0	-1.0	-1.0	-1.0	0.0	0.0	0.0	-1.0	-1.0	0.0	0.0	0.0	-1.0	0.0
18:14:08	54.0	213.8	214.6	213.7	258.5	263.2	266.7	256.6	251.8	253.6	0.0	0.1	0.1	40.3	-0.1	0.1	0.0	266.7	213.7	2.7	0.9	243.6	240.2	277.5	277.5	276.7	282.7	96.1	54.0	10.9	0.0	277.3	272.0	40.0	56.1	9.2	41.1	0.0	12.2	.Autoclave.Outputs.PRESSIP\OutputValue	-6.0	53.1	10.8	-1.0	0.0	-1.0	-1.0	-1.0	0.0	0.0	0.0	-1.0	-1.0	0.0	0.0	0.0	-1.0	0.0
18:15:08	55.0	216.2	217.2	216.1	259.2	264.2	267.5	257.3	252.5	254.1	0.0	0.1	0.0	40.1	-0.1	0.1	0.0	267.5	216.1	2.4	-0.8	244.9	241.8	275.3	275.3	274.6	277.4	96.4	55.0	11.9	0.0	278.0	272.0	40.0	74.8	9.2	43.0	0.0	49.5	.Autoclave.Outputs.PRESSIP\OutputValue	-6.0	51.4	7.8	-1.0	0.0	-1.0	-1.0	-1.0	0.0	0.0	0.0	-1.0	-1.0	0.0	0.0	0.0	-1.0	0.0
18:16:08	56.0	218.6	219.6	218.5	261.9	265.2	268.2	259.1	255.1	256.8	0.0	0.1	0.1	40.2	-0.1	0.1	0.0	268.2	218.5	3.3	1.0	247.0	243.4	276.1	276.1	275.5	280.9	96.5	56.0	12.9	0.0	275.7	272.0	40.0	53.5	9.3	42.0	0.0	7.0	.Autoclave.Outputs.PRESSIP\OutputValue	-6.0	49.7	7.9	-1.0	0.0	-1.0	-1.0	-1.0	0.0	0.0	0.0	-1.0	-1.0	0.0	0.0	0.0	-1.0	0.0
18:17:08	57.0	221.2	222.0	221.1	261.4	265.6	268.5	259.8	256.4	257.8	0.0	0.1	0.1	40.2	-0.1	0.1	0.0	268.5	221.1	2.7	-0.4	248.2	244.8	274.4	274.4	273.7	281.1	96.5	57.0	13.9	0.0	275.4	272.0	40.0	63.6	9.4	42.0	0.0	27.2	.Autoclave.Outputs.PRESSIP\OutputValue	-6.0	47.4	5.9	-1.0	0.0	-1.0	-1.0	-1.0	0.0	0.0	0.0	-1.0	-1.0	0.0	0.0	0.0	-1.0	0.0
18:18:08	58.0	223.6	224.4	223.6	262.7	266.5	269.1	260.7	257.6	258.9	0.0	0.1	0.1	40.1	-0.1	0.1	0.0	269.1	223.6	2.4	0.5	249.7	246.4	274.6	274.6	273.9	278.7	96.6	58.0	14.9	0.0	275.0	272.0	40.0	59.6	9.4	43.0	0.0	19.2	.Autoclave.Outputs.PRESSIP\OutputValue	-6.0	45.5	5.5	-1.0	0.0	-1.0	-1.0	-1.0	0.0	0.0	0.0	-1.0	-1.0	0.0	0.0	0.0	-1.0	0.0
18:19:08	59.0	225.5	226.3	225.4	263.8	266.3	269.2	260.8	259.8	260.0	0.0	0.1	0.1	39.8	-0.1	0.1	0.0	269.2	225.4	2.2	0.3	250.8	247.3	273.8	273.8	273.0	269.9	96.5	59.0	15.9	0.0	274.5	272.0	40.0	60.3	9.4	46.2	0.0	20.6	.Autoclave.Outputs.PRESSIP\OutputValue	-6.0	43.8	4.6	-1.0	0.0	-1.0	-1.0	-1.0	0.0	0.0	0.0	-1.0	-1.0	0.0	0.0	0.0	-1.0	0.0
18:20:08	60.0	227.8	228.7	227.8	264.3	267.6	269.6	262.6	259.9	261.1	0.0	0.1	0.1	40.2	-0.1	0.1	0.0	269.6	227.8	2.1	0.0	252.2	248.7	273.2	273.4	272.5	279.3	96.7	60.0	16.9	0.0	274.4	272.0	40.0	65.9	9.6	42.4	0.0	31.7	.Autoclave.Outputs.PRESSIP\OutputValue	-6.0	41.8	3.6	-1.0	0.0	-1.0	-1.0	-1.0	0.0	0.0	0.0	-1.0	-1.0	0.0	0.0	0.0	-1.0	0.0
18:21:08	61.0	229.3	230.1	229.3	265.2	267.4	269.9	263.6	261.0	262.1	0.0	0.1	0.1	40.2	-0.1	0.1	0.0	269.9	229.3	2.8	0.3	253.1	249.6	274.4	274.4	273.6	280.2	96.8	61.0	17.9	0.0	274.2	272.0	40.0	56.5	9.7	41.9	0.0	13.1	.Autoclave.Outputs.PRESSIP\OutputValue	-6.0	40.6	4.5	-1.0	0.0	-1.0	-1.0	-1.0	0.0	0.0	0.0	-1.0	-1.0	0.0	0.0	0.0	-1.0	0.0
18:22:08	62.0	231.6	232.3	231.5	265.7	269.0	270.0	262.0	260.8	261.9	0.0	0.1	0.1	39.6	-0.1	0.1	0.0	270.0	231.5	2.9	-0.6	253.9	250.8	270.4	270.4	269.6	265.7	96.8	62.0	18.9	0.0	274.0	272.0	40.0	80.6	9.7	47.7	0.0	61.1	.Autoclave.Outputs.PRESSIP\OutputValue	-5.8	38.5	0.4	-1.0	0.0	-1.0	-1.0	-1.0	0.0	0.0	0.0	-1.0	-1.0	0.0	0.0	0.0	-1.0	0.0
18:23:08	63.0	233.2	233.8	233.2	265.9	268.5	270.1	264.6	262.4	263.3	0.0	0.1	0.1	40.2	-0.1	0.1	0.0	270.1	233.2	2.0	0.1	255.0	251.7	272.5	272.6	271.9	278.8	96.9	63.0	19.9	0.0	274.0	272.0	40.0	71.5	10.0	42.6	0.0	43.1	.Autoclave.Outputs.PRESSIP\OutputValue	-6.0	36.9	2.4	-1.0	0.0	-1.0	-1.0	-1.0	0.0	0.0	0.0	-1.0	-1.0	0.0	0.0	0.0	-1.0	0.0
18:24:08	64.0	234.7	235.5	234.7	266.4	268.6	270.3	264.9	263.1	264.0	0.0	0.1	0.1	40.0	-0.1	0.1	0.0	270.3	234.7	1.6	0.1	255.8	252.5	273.4	273.4	272.6	275.6	97.0	64.0	20.9	0.0	273.7	272.0	40.0	59.6	10.0	43.7	0.0	19.1	.Autoclave.Outputs.PRESSIP\OutputValue	-6.0	35.6	3.1	-1.0	0.0	-1.0	-1.0	-1.0	0.0	0.0	0.0	-1.0	-1.0	0.0	0.0	0.0	-1.0	0.0
18:25:08	65.0	236.3	237.1	236.5	267.3	269.1	270.5	265.9	264.0	264.7	0.0	0.1	0.0	40.2	-0.1	0.1	0.0	270.5	236.3	1.8	0.0	256.8	253.4	274.0	274.0	273.2	279.3	97.0	65.0	21.9	0.0	273.5	272.0	40.0	54.9	10.0	41.9	0.0	9.9	.Autoclave.Outputs.PRESSIP\OutputValue	-6.0	34.2	3.5	-1.0	0.0	-1.0	-1.0	-1.0	0.0	0.0	0.0	-1.0	-1.0	0.0	0.0	0.0	-1.0	0.0
18:26:08	66.0	238.2	238.9	238.2	267.4	269.8	270.7	266.5	264.5	265.4	0.0	0.1	0.1	40.2	-0.1	0.1	0.0	270.7	238.2	1.9	0.2	257.7	254.5	273.7	273.7	273.1	278.9	97.0	66.0	22.9	0.0	273.3	272.0	40.0	54.9	10.0	42.0	0.0	9.8	.Autoclave.Outputs.PRESSIP\OutputValue	-6.0	32.5	3.0	-1.0	0.0	-1.0	-1.0	-1.0	0.0	0.0	0.0	-1.0	-1.0	0.0	0.0	0.0	-1.0	0.0
18:27:08	67.0	239.4	240.2	239.4	267.9	270.0	271.0	266.9	265.1	265.9	0.0	0.1	0.0	40.2	-0.1	0.1	0.0	271.0	239.4	1.4	-0.3	258.4	255.2	273.6	273.6	272.9	278.7	97.1	67.0	23.9	0.0	273.1	272.0	40.0	54.2	9.9	41.9	0.0	8.3	.Autoclave.Outputs.PRESSIP\OutputValue	-6.0	31.6	2.6	-1.0	0.0	-1.0	-1.0	-1.0	0.0	0.0	0.0	-1.0	-1.0	0.0	0.0	0.0	-1.0	0.0
18:28:08	68.0	240.8	241.5	240.8	268.1	269.9	271.1	267.2	265.7	266.3	0.0	0.1	0.1	40.2	-0.1	0.1	0.0	271.1	240.8	1.6	0.2	259.1	256.0	273.6	273.5	272.8	278.5	97.2	68.0	24.9	0.0	272.9	272.0	40.0	52.8	9.9	41.5	0.0	5.5	.Autoclave.Outputs.PRESSIP\OutputValue	-6.0	30.3	2.5	-1.0	0.0	-1.0	-1.0	-1.0	0.0	0.0	0.0	-1.0	-1.0	0.0	0.0	0.0	-1.0	0.0
18:29:08	69.0	242.1	242.9	242.2	269.2	270.6	272.4	267.1	266.2	266.8	0.0	0.1	0.1	40.2	-0.1	0.1	0.0	272.4	242.1	1.4	0.1	260.0	257.3	273.3	273.3	272.6	278.7	97.2	69.0	25.9	0.0	272.8	272.0	40.0	53.4	9.8	41.9	0.0	6.7	.Autoclave.Outputs.PRESSIP\OutputValue	-6.0	30.3	0.9	-1.0	0.0	-1.0	-1.0	-1.0	0.0	0.0	0.0	-1.0	-1.0	0.0	0.0	0.0	-1.0	0.0
18:30:08	70.0	243.3	244.1	243.5	269.1	270.3	271.3	267.9	266.6	267.2	0.0	0.1	0.0	40.2	-0.1	0.1	0.0	271.3	243.3	0.8	0.0	260.4	257.3	273.2	273.2	272.5	278.2	97.4	70.0	26.9	0.0	272.6	272.0	40.0	54.6	9.7	41.9	0.0	9.3	.Autoclave.Outputs.PRESSIP\OutputValue	-6.0	28.0	1.9	-1.0	0.0	-1.0	-1.0	-1.0	0.0	0.0	0.0	-1.0	-1.0	0.0	0.0	0.0	-1.0	0.0
18:31:08	71.0	244.7	245.5	244.7	269.2	270.5	271.4	268.1	266.9	267.6	0.0	0.1	0.1	40.2	-0.1	0.1	0.0	271.4	244.7	2.1	-0.1	261.0	258.1	273.1	273.1	272.4	278.0	97.4	71.0	27.9	0.0	272.6	272.0	40.0	53.9	9.7	42.0	0.0	7.8	.Autoclave.Outputs.PRESSIP\OutputValue	-6.0	26.7	1.7	-1.0	0.0	-1.0	-1.0	-1.0	0.0	0.0	0.0	-1.0	-1.0	0.0	0.0	0.0	-1.0	0.0
18:32:08	72.0	246.1	246.8	246.2	269.3	270.5	271.4	266.7	266.5	266.6	0.0	0.1	0.0	39.6	-0.1	0.1	0.0	271.4	246.1	1.7	-1.6	261.1	258.8	271.1	271.1	270.5	263.8	97.4	72.0	28.9	0.0	272.6	272.0	40.0	65.2	9.6	48.1	0.0	30.4	.Autoclave.Outputs.PRESSIP\OutputValue	-5.9	25.3	-0.3	-1.0	0.0	-1.0	-1.0	-1.0	0.0	0.0	0.0	-1.0	-1.0	0.0	0.0	0.0	-1.0	0.0
18:33:08	73.0	247.3	248.0	247.5	269.7	270.4	271.1	268.5	267.5	267.9	0.0	0.1	0.1	40.2	-0.1	0.1	0.0	271.1	247.3	1.4	-0.6	262.0	259.2	271.5	271.5	270.7	278.0	97.5	73.0	29.9	0.0	272.9	272.0	40.0	67.5	9.9	41.9	0.0	35.0	.Autoclave.Outputs.PRESSIP\OutputValue	-6.0	23.8	0.4	-1.0	0.0	-1.0	-1.0	-1.0	0.0	0.0	0.0	-1.0	-1.0	0.0	0.0	0.0	-1.0	0.0
18:34:08	74.0	248.1	248.8	248.3	270.0	270.2	271.2	268.9	267.9	268.4	0.0	0.1	0.1	40.2	-0.1	0.1	0.0	271.2	248.1	0.7	-0.1	262.4	259.7	273.2	273.2	272.4	278.3	97.6	74.0	30.9	0.0	272.8	272.0	40.0	54.9	10.0	41.7	0.0	9.7	.Autoclave.Outputs.PRESSIP\OutputValue	-6.0	23.1	2.0	-1.0	0.0	-1.0	-1.0	-1.0	0.0	0.0	0.0	-1.0	-1.0	0.0	0.0	0.0	-1.0	0.0
18:35:08	75.0	249.1	249.7	249.3	270.7	270.7	271.3	269.1	268.0	268.6	0.0	0.1	0.1	40.2	-0.1	0.1	0.0	271.3	249.1	1.0	0.0	263.0	260.2	273.1	273.1	272.4	278.2	97.7	75.0	31.9	0.0	272.7	272.0	40.0	54.8	9.9	41.9	0.0	9.6	.Autoclave.Outputs.PRESSIP\OutputValue	-6.0	22.2	1.8	-1.0	0.0	-1.0	-1.0	-1.0	0.0	0.0	0.0	-1.0	-1.0	0.0	0.0	0.0	-1.0	0.0
18:36:08	76.0	250.2	250.8	250.4	269.4	270.3	271.2	267.8	267.6	268.0	0.0	0.1	0.1	39.9	-0.1	0.1	0.0	271.2	250.2	1.4	-1.6	262.9	260.7	268.8	268.8	268.0	269.2	97.7	76.0	32.9	0.0	272.8	272.0	40.0	84.9	10.0	45.2	0.0	69.7	.Autoclave.Outputs.PRESSIP\OutputValue	-5.8	21.0	-2.4	-1.0	0.0	-1.0	-1.0	-1.0	0.0	0.0	0.0	-1.0	-1.0	0.0	0.0	0.0	-1.0	0.0
18:37:08	77.0	251.3	251.9	251.6	270.4	270.7	271.1	269.5	268.2	268.9	0.0	0.1	0.1	40.2	-0.1	0.1	0.0	271.1	251.3	1.9	-0.1	263.7	261.2	272.1	272.0	271.3	278.5	97.9	77.0	33.9	0.0	272.8	272.0	40.0	63.1	10.2	41.7	0.0	26.2	.Autoclave.Outputs.PRESSIP\OutputValue	-6.0	19.8	1.0	-1.0	0.0	-1.0	-1.0	-1.0	0.0	0.0	0.0	-1.0	-1.0	0.0	0.0	0.0	-1.0	0.0
18:38:08	78.0	251.8	252.6	252.1	270.2	270.9	271.3	269.6	268.8	269.1	0.0	0.1	0.0	40.2	-0.1	0.1	0.0	271.3	251.8	1.0	0.1	264.1	261.6	273.0	273.0	272.4	278.8	97.8	78.0	34.9	0.0	272.8	272.0	40.0	56.4	10.2	41.7	0.0	12.9	.Autoclave.Outputs.PRESSIP\OutputValue	-6.0	19.5	1.7	-1.0	0.0	-1.0	-1.0	-1.0	0.0	0.0	0.0	-1.0	-1.0	0.0	0.0	0.0	-1.0	0.0
18:39:08	79.0	252.8	253.4	252.8	269.7	270.6	270.5	268.3	268.1	268.2	0.0	0.1	0.1	39.9	-0.1	0.1	0.0	270.6	252.8	1.0	-1.8	263.8	261.7	268.6	268.6	267.9	269.3	97.9	79.0	35.9	0.0	273.1	272.0	40.0	87.8	10.2	44.9	0.0	75.6	.Autoclave.Outputs.PRESSIP\OutputValue	-5.8	17.8	-2.0	-1.0	0.0	-1.0	-1.0	-1.0	0.0	0.0	0.0	-1.0	-1.0	0.0	0.0	0.0	-1.0	0.0
18:40:08	80.0	253.5	254.3	253.7	270.0	270.8	271.5	266.8	269.0	269.3	0.0	0.1	0.1	40.3	-0.1	0.1	0.0	271.5	253.5	1.8	-0.2	264.3	262.5	271.9	272.0	271.3	278.4	97.8	80.0	36.9	0.0	273.0	272.0	40.0	66.7	10.5	41.7	0.0	33.5	.Autoclave.Outputs.PRESSIP\OutputValue	-6.0	18.0	0.4	-1.0	0.0	-1.0	-1.0	-1.0	0.0	0.0	0.0	-1.0	-1.0	0.0	0.0	0.0	-1.0	0.0
18:41:08	81.0	254.3	255.1	254.5	270.1	270.7	271.0	269.1	269.0	270.1	0.0	0.1	0.0	40.1	-0.1	0.1	0.0	271.0	254.3	0.7	-0.6	264.9	262.7	272.0	272.0	271.4	274.2	97.9	81.0	37.9	0.0	273.0	272.0	40.0	64.7	10.5	43.2	0.0	29.5	.Autoclave.Outputs.PRESSIP\OutputValue	-6.0	16.7	1.0	-1.0	0.0	-1.0	-1.0	-1.0	0.0	0.0	0.0	-1.0	-1.0	0.0	0.0	0.0	-1.0	0.0
18:42:08	82.0	255.4	255.9	255.4	270.6	270.9	271.2	269.1	268.8	269.0	-0.1	0.1	0.1	39.9	-0.1	0.1	-0.1	271.2	255.4	1.5	-0.3	265.2	263.3	272.0	272.0	271.2	270.4	98.0	82.0	38.9	0.0	273.0	272.0	40.0	64.1	10.5	44.7	0.0	28.2	.Autoclave.Outputs.PRESSIP\OutputValue	-6.0	15.8	0.8	-1.0	0.0	-1.0	-1.0	-1.0	0.0	0.0	0.0	-1.0	-1.0	0.0	0.0	0.0	-1.0	0.0
18:43:08	83.0	255.8	256.3	255.9	270.6	271.0	271.1	270.3	269.4	269.7	0.0	0.1	0.1	40.3	-0.1	0.1	0.0	271.1	255.8	0.4	-0.1	265.6	263.5	272.9	272.8	272.2	279.6	98.2	83.0	39.9	0.0	272.8	272.0	40.0	57.6	10.7	40.9	0.0	15.1	.Autoclave.Outputs.PRESSIP\OutputValue	-6.0	15.3	1.8	-1.0	0.0	-1.0	-1.0	-1.0	0.0	0.0	0.0	-1.0	-1.0	0.0	0.0	0.0	-1.0	0.0
18:44:08	84.0	256.1	256.8	256.4	270.6	271.4	271.2	268.1	268.6	268.5	0.0	0.1	0.1	39.7	-0.1	0.1	0.0	271.4	256.1	0.3	-1.7	265.3	263.8	269.6	269.6	268.8	264.7	97.9	84.0	40.9	0.0	272.8	272.0	40.0	80.2	10.7	46.7	0.0	60.4	.Autoclave.Outputs.PRESSIP\OutputValue	-5.9	15.3	-1.8	-1.0	0.0	-1.0	-1.0	-1.0	0.0	0.0	0.0	-1.0	-1.0	0.0	0.0	0.0	-1.0	0.0
18:45:08	85.0	257.1	257.7	257.3	270.7	270.9	271.0	270.3	269.6	269.8	0.0	0.1	0.1	40.3	-0.1	0.1	0.0	271.0	257.1	1.6	-0.4	266.1	264.1	272.0	271.8	271.3	278.4	98.1	85.0	41.9	0.0	273.0	272.0	40.0	65.2	11.0	41.5	0.0	30.4	.Autoclave.Outputs.PRESSIP\OutputValue	-6.0	13.9	1.0	-1.0	0.0	-1.0	-1.0	-1.0	0.0	0.0	0.0	-1.0	-1.0	0.0	0.0	0.0	-1.0	0.0
18:46:08	86.0	257.6	258.3	257.8	271.3	270.9	271.3	270.2	269.7	269.9	0.0	0.1	0.1	40.1	-0.1	0.1	0.0	271.3	257.6	0.6	-0.4	266.3	264.5	272.5	272.5	272.2	274.9	98.2	86.0	42.9	0.0	272.6	272.0	40.0	59.2	11.0	42.8	0.0	18.4	.Autoclave.Outputs.PRESSIP\OutputValue	-6.0	13.7	1.2	-1.0	0.0	-1.0	-1.0	-1.0	0.0	0.0	0.0	-1.0	-1.0	0.0	0.0	0.0	-1.0	0.0
18:47:08	87.0	258.3	258.9	258.4	270.7	271.1	271.4	269.2	269.3	269.4	0.0	0.1	0.1	39.8	-0.1	0.1	0.0	271.4	258.3	0.7	-0.8	266.3	264.9	271.4	271.4	270.6	267.2	98.0	87.0	43.9	0.0	272.6	272.0	40.0	67.9	11.0	45.7	0.0	35.7	.Autoclave.Outputs.PRESSIP\OutputValue	-6.0	13.1	0.0	-1.0	0.0	-1.0	-1.0	-1.0	0.0	0.0	0.0	-1.0	-1.0	0.0	0.0	0.0	-1.0	0.0
18:48:08	88.0	258.7	259.1	258.8	270.9	270.6	271.2	270.6	270.0	270.2	0.0	0.1	0.1	40.3	-0.1	0.1	0.0	271.2	258.7	1.0	-0.5	266.7	265.0	271.8	271.6	271.4	278.0	98.1	88.0	44.9	0.0	272.8	272.0	40.0	65.4	11.2	41.5	0.0	30.8	.Autoclave.Outputs.PRESSIP\OutputValue	-6.0	12.5	0.6	-1.0	0.0	-1.0	-1.0	-1.0	0.0	0.0	0.0	-1.0	-1.0	0.0	0.0	0.0	-1.0	0.0
18:49:08	89.0	259.1	259.8	259.1	272.1	271.4	271.3	269.1	269.4	269.2	-0.1	0.1	0.1	39.7	-0.1	0.1	-0.1	272.1	259.1	0.5	-1.2	266.7	265.6	270.6	270.6	270.1	265.2	98.0	89.0	45.9	0.0	272.6	272.0	40.0	71.4	11.2	46.6	0.0	42.9	.Autoclave.Outputs.PRESSIP\OutputValue	-5.9	13.0	-1.4	-1.0	0.0	-1.0	-1.0	-1.0	0.0	0.0	0.0	-1.0	-1.0	0.0	0.0	0.0	-1.0	0.0
18:50:08	90.0	259.3	259.8	259.5	271.2	270.7	271.2	270.6	270.0	270.1	0.0	0.1	0.0	40.3	-0.1	0.1	0.0	271.2	259.3	1.1	-0.3	266.9	265.3	271.6	271.3	271.0	277.2	98.3	90.0	46.9	0.0	272.7	272.0	40.0	67.7	11.5	41.7	0.0	35.4	.Autoclave.Outputs.PRESSIP\OutputValue	-6.0	11.9	0.4	-1.0	0.0	-1.0	-1.0	-1.0	0.0	0.0	0.0	-1.0	-1.0	0.0	0.0	0.0	-1.0	0.0
18:51:03	91.0	260.3	260.7	260.3	271.3	271.1	271.3	270.8	270.3	270.4	-0.1	0.1	0.1	40.1	-0.1	0.1	-0.1	271.3	260.3	0.9	-0.9	267.4	265.8	273.0	273.2	272.6	275.6	98.0	90.9	47.8	0.0	272.5	272.0	40.0	57.0	11.5	42.0	0.0	14.1	.Autoclave.Outputs.PRESSIP\OutputValue	-6.0	11.0	1.6	-1.0	0.0	-1.0	-1.0	-1.0	0.0	0.0	0.0	-1.0	-1.0	0.0	0.0	0.0	-1.0	0.0
18:51:08	91.0	260.0	260.5	260.3	271.3	271.0	271.4	270.1	269.8	269.9	0.0	0.1	0.1	40.0	-0.1	0.1	0.0	271.4	260.0	1.2	-0.4	267.2	265.7	272.3	272.3	272.0	270.3	98.2	91.0	0.1	70.9	272.7	272.0	40.0	59.0	11.5	44.5	0.0	18.1	.Autoclave.Outputs.PRESSIP\OutputValue	-6.0	11.4	0.9	-1.0	0.0	-1.0	-1.0	-1.0	0.0	0.0	0.0	-1.0	-1.0	0.0	0.0	0.0	-1.0	0.0
18:52:08	92.0	260.3	260.8	260.5	271.6	271.0	271.1	270.8	270.2	270.2	0.0	0.1	0.0	40.3	-0.1	0.1	0.0	271.6	260.3	0.2	-0.8	267.4	265.9	271.9	271.8	271.3	277.7	98.3	92.0	1.1	69.9	272.8	272.0	40.0	65.0	11.7	41.1	0.0	30.1	.Autoclave.Outputs.PRESSIP\OutputValue	-6.0	11.3	0.4	-1.0	0.0	-1.0	-1.0	-1.0	0.0	0.0	0.0	-1.0	-1.0	0.0	0.0	0.0	-1.0	0.0
18:53:08	93.0	260.7	261.3	260.9	271.7	271.3	271.3	270.1	269.9	269.7	0.0	0.1	0.0	40.1	-0.1	0.1	0.0	271.7	260.7	0.9	-0.8	267.4	266.2	271.7	271.9	271.3	272.0	98.1	93.0	2.1	68.9	272.4	272.0	40.0	65.7	11.7	43.4	0.0	31.4	.Autoclave.Outputs.PRESSIP\OutputValue	-6.0	11.0	0.1	-1.0	0.0	-1.0	-1.0	-1.0	0.0	0.0	0.0	-1.0	-1.0	0.0	0.0	0.0	-1.0	0.0
18:54:08	94.0	261.2	261.7	261.3	271.5	271.4	271.2	271.1	270.5	270.6	0.0	0.1	0.1	40.3	-0.1	0.1	0.0	271.5	261.2	1.2	-0.2	267.8	266.3	272.8	272.8	272.2	278.4	98.3	94.0	3.1	67.9	272.3	272.0	40.0	56.5	11.8	40.9	0.0	12.9	.Autoclave.Outputs.PRESSIP\OutputValue	-6.0	10.3	1.4	-1.0	0.0	-1.0	-1.0	-1.0	0.0	0.0	0.0	-1.0	-1.0	0.0	0.0	0.0	-1.0	0.0
18:55:08	95.0	261.6	262.0	261.7	271.0	270.7	271.1	269.5	269.6	269.5	0.0	0.1	0.1	40.0	-0.1	0.1	0.0	271.1	261.6	0.5	-2.0	267.4	266.4	268.4	268.5	267.8	268.4	98.3	95.0	4.1	66.9	272.9	272.0	40.0	89.2	11.8	44.6	0.0	78.3	.Autoclave.Outputs.PRESSIP\OutputValue	-5.9	9.5	-2.7	-1.0	0.0	-1.0	-1.0	-1.0	0.0	0.0	0.0	-1.0	-1.0	0.0	0.0	0.0	-1.0	0.0
18:56:08	96.0	261.8	262.4	261.9	271.4	271.1	271.1	271.0	270.3	270.3	0.0	0.1	0.1	40.3	-0.1	0.1	0.0	271.4	261.8	1.7	-0.9	267.9	266.6	272.0	272.0	271.4	277.6	98.2	96.0	5.1	65.9	272.7	272.0	40.0	63.4	12.1	41.1	0.0	26.8	.Autoclave.Outputs.PRESSIP\OutputValue	-6.0	9.6	0.7	-1.0	0.0	-1.0	-1.0	-1.0	0.0	0.0	0.0	-1.0	-1.0	0.0	0.0	0.0	-1.0	0.0
18:57:08	97.0	262.2	262.7	262.3	271.5	271.8	271.3	269.7	269.8	269.6	0.0	0.1	0.1	39.9	-0.1	0.1	0.0	271.8	262.2	0.9	-1.0	267.9	267.0	271.1	271.1	270.5	268.1	98.3	97.0	6.1	64.9	272.5	272.0	40.0	68.1	12.0	44.9	0.0	36.2	.Autoclave.Outputs.PRESSIP\OutputValue	-6.0	9.6	-0.7	-1.0	0.0	-1.0	-1.0	-1.0	0.0	0.0	0.0	-1.0	-1.0	0.0	0.0	0.0	-1.0	0.0
18:58:08	98.0	262.6	263.1	262.7	271.6	271.1	271.1	271.0	270.3	270.3	0.0	0.1	0.1	40.3	-0.1	0.1	0.0	271.6	262.6	1.0	-0.2	268.2	267.1	271.8	271.8	271.4	277.5	98.4	98.0	7.1	63.9	272.0	272.0	40.0	61.1	12.2	40.9	0.0	22.3	.Autoclave.Outputs.PRESSIP\OutputValue	-6.0	9.0	0.3	-1.0	0.0	-1.0	-1.0	-1.0	0.0	0.0	0.0	-1.0	-1.0	0.0	0.0	0.0	-1.0	0.0
18:59:08	99.0	262.7	263.1	262.7	271.9	270.9	270.9	269.5	269.6	269.4	0.0	0.1	0.1	40.0	-0.1	0.1	0.0	271.9	262.7	0.6	-1.6	267.9	267.3	268.2	268.2	267.9	268.8	98.2	99.0	8.1	62.9	271.6	272.0	40.0	80.3	12.3	44.2	0.0	60.7	.Autoclave.Outputs.PRESSIP\OutputValue	-5.9	9.2	-3.6	-1.0	0.0	-1.0	-1.0	-1.0	0.0	0.0	0.0	-1.0	-1.0	0.0	0.0	0.0	-1.0	0.0
19:00:08	100.0	263.3	263.8	263.5	271.5	271.1	271.0	271.0	270.3	270.3	0.0	0.1	0.0	40.3	-0.1	0.1	0.0	271.5	263.3	1.7	0.0	268.4	267.4	272.0	272.1	271.5	278.4	98.5	100.0	9.1	61.9	273.0	272.0	40.0	66.1	12.5	40.7	0.0	32.2	.Autoclave.Outputs.PRESSIP\OutputValue	-6.0	8.2	0.6	-1.0	0.0	-1.0	-1.0	-1.0	0.0	0.0	0.0	-1.0	-1.0	0.0	0.0	0.0	-1.0	0.0
19:01:08	101.0	263.6	264.1	263.7	271.6	271.1	270.7	270.1	269.3	269.5	0.0	0.1	0.1	40.0	-0.1	0.1	0.0	271.6	263.6	0.5	-1.0	268.2	267.6	270.6	270.4	269.8	269.5	98.3	101.0	10.1	60.9	272.7	272.0	40.0	76.1	12.5	43.7	0.0	52.2	.Autoclave.Outputs.PRESSIP\OutputValue	-6.0	8.0	-0.9	-1.0	0.0	-1.0	-1.0	-1.0	0.0	0.0	0.0	-1.0	-1.0	0.0	0.0	0.0	-1.0	0.0
19:02:08	102.0	263.8	264.2	263.8	271.6	271.1	271.0	271.0	270.4	270.4	0.0	0.1	0.1	40.3	-0.2	0.1	0.0	271.6	263.8	0.7	-1.0	268.6	267.7	272.4	272.5	271.8	278.9	98.6	102.0	11.1	59.9	272.6	272.0	40.0	62.1	12.7	40.3	0.0	24.1	.Autoclave.Outputs.PRESSIP\OutputValue	-6.0	7.8	0.9	-1.0	0.0	-1.0	-1.0	-1.0	0.0	0.0	0.0	-1.0	-1.0	0.0	0.0	0.0	-1.0	0.0
19:03:08	103.0	264.1	264.4	263.8	271.3	270.9	271.1	270.5	270.0	270.0	0.0	0.1	0.1	40.3	-0.1	0.1	0.0	271.3	263.8	1.0	-0.7	268.5	267.6	271.4	271.4	270.7	275.2	98.7	103.0	12.1	58.9	272.3	272.0	40.0	68.7	12.7	41.7	0.0	37.4	.Autoclave.Outputs.PRESSIP\OutputValue	-6.0	7.4	0.2	-1.0	0.0	-1.0	-1.0	-1.0	0.0	0.0	0.0	-1.0	-1.0	0.0	0.0	0.0	-1.0	0.0
19:04:08	104.0	264.3	264.8	264.4	271.6	270.9	271.2	270.5	269.8	269.6	0.0	0.1	0.1	39.9	-0.1	0.1	0.0	271.6	264.3	0.9	-0.2	268.6	267.9	272.7	272.7	271.9	268.4	98.5	104.0	13.1	57.9	272.4	272.0	40.0	58.1	12.7	45.4	0.0	16.1	.Autoclave.Outputs.PRESSIP\OutputValue	-6.0	7.3	1.2	-1.0	0.0	-1.0	-1.0	-1.0	0.0	0.0	0.0	-1.0	-1.0	0.0	0.0	0.0	-1.0	0.0
19:05:08	105.0	264.7	265.1	264.6	271.3	270.8	270.8	270.8	270.2	270.3	0.0	0.1	0.1	40.3	-0.1	0.1	0.0	271.3	264.6	0.2	-0.7	268.7	268.0	271.3	271.4	270.6	277.8	98.6	105.0	14.1	56.9	272.8	272.0	40.0	69.7	13.0	40.7	0.0	39.4	.Autoclave.Outputs.PRESSIP\OutputValue	-6.0	6.6	0.1	-1.0	0.0	-1.0	-1.0	-1.0	0.0	0.0	0.0	-1.0	-1.0	0.0	0.0	0.0	-1.0	0.0
19:06:08	106.0	264.7	265.0	264.6	271.4	271.1	271.0	270.3	270.0	270.0	0.0	0.1	0.1	40.0	-0.1	0.1	0.0	271.4	264.6	0.5	-0.1	268.7	268.0	272.6	272.6	271.8	270.8	98.7	106.0	15.1	55.9	272.7	272.0	40.0	61.0	13.0	43.9	0.0	22.1	.Autoclave.Outputs.PRESSIP\OutputValue	-6.0	6.7	1.3	-1.0	0.0	-1.0	-1.0	-1.0	0.0	0.0	0.0	-1.0	-1.0	0.0	0.0	0.0	-1.0	0.0
19:07:08	107.0	265.2	265.6	265.1	271.5	270.5	270.8	270.8	270.2	270.3	0.0	0.1	0.0	40.3	-0.1	0.1	0.0	271.5	265.1	0.3	-0.5	268.9	268.3	271.7	271.7	270.9	277.4	98.7	107.0	16.1	54.9	272.7	272.0	40.0	68.6	13.2	40.5	0.0	37.2	.Autoclave.Outputs.PRESSIP\OutputValue	-6.0	6.3	0.3	-1.0	0.0	-1.0	-1.0	-1.0	0.0	0.0	0.0	-1.0	-1.0	0.0	0.0	0.0	-1.0	0.0
19:08:08	108.0	265.0	265.3	265.2	271.4	270.6	271.0	271.1	270.5	270.7	0.0	0.1	0.1	40.4	-0.1	0.1	0.0	271.4	265.0	0.5	0.1	269.0	268.2	273.5	273.5	272.8	279.0	98.8	108.0	17.1	53.9	272.6	272.0	40.0	55.3	13.2	40.2	-1.0	10.5	.Autoclave.Outputs.PRESSIP\OutputValue	-6.0	6.4	2.2	-1.0	0.0	-1.0	-1.0	-1.0	0.0	0.0	0.0	-1.0	-1.0	0.0	0.0	0.0	-1.0	0.0
19:09:08	109.0	265.3	265.6	265.3	271.1	271.1	270.7	270.9	270.2	270.4	0.0	0.2	0.0	40.4	-0.1	0.2	0.0	271.1	265.3	0.6	-0.5	269.0	268.2	270.9	270.9	270.2	278.2	98.8	109.0	18.1	52.9	272.6	272.0	40.0	76.2	13.5	40.3	0.0	52.3	.Autoclave.Outputs.PRESSIP\OutputValue	-6.0	5.8	-0.2	-1.0	0.0	-1.0	-1.0	-1.0	0.0	0.0	0.0	-1.0	-1.0	0.0	0.0	0.0	-1.0	0.0
19:10:08	110.0	265.5	265.9	265.5	271.3	270.6	271.0	271.2	270.4	270.6	0.0	0.1	0.1	40.4	0.0	0.1	0.0	271.3	265.5	0.7	-0.3	269.1	268.4	273.4	273.5	272.7	279.2	98.7	110.0	19.1	51.9	272.7	272.0	40.0	56.9	13.5	39.4	0.0	13.7	.Autoclave.Outputs.PRESSIP\OutputValue	-6.0	5.8	2.2	-1.0	0.0	-1.0	-1.0	-1.0	0.0	0.0	0.0	-1.0	-1.0	0.0	0.0	0.0	-1.0	0.0
19:11:08	111.0	265.7	266.1	265.9	271.0	271.2	270.7	270.9	270.3	270.5	0.0	0.1	0.1	40.4	0.0	0.1	0.0	271.2	265.7	0.0	-0.7	269.2	268.5	270.7	270.7	269.8	278.1	98.9	111.0	20.1	50.9	273.1	272.0	40.0	78.4	13.7	40.2	0.0	56.9	.Autoclave.Outputs.PRESSIP\OutputValue	-6.0	5.5	-0.5	-1.0	0.0	-1.0	-1.0	-1.0	0.0	0.0	0.0	-1.0	-1.0	0.0	0.0	0.0	-1.0	0.0
19:12:08	112.0	266.2	266.5	266.2	271.9	271.1	270.9	271.1	270.5	270.6	0.0	0.1	0.1	40.4	-0.1	0.1	0.0	271.9	266.2	0.9	0.2	269.5	269.0	273.2	273.2	272.3	278.4	99.0	112.0	21.1	49.9	272.8	272.0	40.0	59.8	13.8	40.3	0.0	19.6	.Autoclave.Outputs.PRESSIP\OutputValue	-6.0	5.7	1.4	-1.0	0.0	-1.0	-1.0	-1.0	0.0	0.0	0.0	-1.0	-1.0	0.0	0.0	0.0	-1.0	0.0
19:13:08	113.0	266.2	266.5	266.3	271.3	270.9	271.0	270.1	270.0	270.1	0.0	0.1	0.1	40.0	-0.1	0.1	0.0	271.3	266.2	0.5	-0.3	269.2	268.7	272.3	272.2	271.5	270.2	98.9	113.0	22.1	48.9	272.7	272.0	40.0	65.1	13.7	43.5	0.0	30.2	.Autoclave.Outputs.PRESSIP\OutputValue	-6.0	5.1	1.1	-1.0	0.0	-1.0	-1.0	-1.0	0.0	0.0	0.0	-1.0	-1.0	0.0	0.0	0.0	-1.0	0.0
19:14:08	114.0	266.3	266.6	266.3	271.4	270.7	271.0	271.2	270.6	270.7	0.0	0.1	0.0	40.4	0.0	0.1	0.0	271.4	266.3	0.3	-0.5	269.4	268.8	272.4	272.4	271.6	279.0	99.1	114.0	23.1	47.9	272.2	272.0	40.0	61.2	13.9	39.8	0.0	22.5	.Autoclave.Outputs.PRESSIP\OutputValue	-6.0	5.1	1.1	-1.0	0.0	-1.0	-1.0	-1.0	0.0	0.0	0.0	-1.0	-1.0	0.0	0.0	0.0	-1.0	0.0
19:15:08	115.0	266.5	266.9	266.7	270.7	270.7	270.9	270.8	270.4	270.6	0.0	0.1	0.1	40.3	0.0	0.1	0.0	270.9	266.5	0.6	-0.4	269.4	268.7	271.4	271.4	270.7	277.9	99.1	115.0	24.1	46.9	273.0	272.0	40.0	72.8	13.9	40.5	0.0	45.6	.Autoclave.Outputs.PRESSIP\OutputValue	-6.0	4.4	0.5	-1.0	0.0	-1.0	-1.0	-1.0	0.0	0.0	0.0	-1.0	-1.0	0.0	0.0	0.0	-1.0	0.0
19:16:08	116.0	266.7	267.1	266.8	271.3	271.1	271.1	269.8	270.0	269.9	0.0	0.1	0.1	39.9	-0.1	0.1	0.0	271.3	266.7	0.3	-0.7	269.3	269.0	271.7	271.5	270.8	267.6	99.0	116.0	25.1	45.9	272.8	272.0	40.0	67.9	13.9	44.5	0.0	35.9	.Autoclave.Outputs.PRESSIP\OutputValue	-6.0	4.6	0.5	-1.0	0.0	-1.0	-1.0	-1.0	0.0	0.0	0.0	-1.0	-1.0	0.0	0.0	0.0	-1.0	0.0
19:17:08	117.0	266.9	267.3	267.0	271.4	270.9	271.0	271.1	270.5	270.6	0.0	0.1	0.0	40.3	0.0	0.1	0.0	271.4	266.9	1.1	-0.2	269.6	269.1	272.2	272.2	271.4	277.9	99.2	117.0	26.1	44.9	272.3	272.0	40.0	62.8	14.1	40.5	0.0	25.6	.Autoclave.Outputs.PRESSIP\OutputValue	-6.0	4.5	0.9	-1.0	0.0	-1.0	-1.0	-1.0	0.0	0.0	0.0	-1.0	-1.0	0.0	0.0	0.0	-1.0	0.0
19:18:08	118.0	267.2	267.5	267.3	271.2	270.9	271.0	270.2	270.1	270.2	0.0	0.1	0.1	40.2	-0.1	0.1	0.0	271.2	267.2	0.3	-0.9	269.5	269.2	270.8	270.7	270.0	273.0	99.0	118.0	27.1	43.9	273.0	272.0	40.0	75.5	14.1	41.9	0.0	51.0	.Autoclave.Outputs.PRESSIP\OutputValue	-6.0	4.0	-0.3	-1.0	0.0	-1.0	-1.0	-1.0	0.0	0.0	0.0	-1.0	-1.0	0.0	0.0	0.0	-1.0	0.0
19:19:08	119.0	267.2	267.5	267.4	270.8	271.2	271.0	271.4	270.8	270.9	0.0	0.1	0.1	40.4	0.0	0.1	0.0	271.4	267.2	1.2	-0.1	269.8	269.3	273.0	273.1	272.3	279.2	99.2	119.0	28.1	42.9	272.3	272.0	40.0	58.9	14.2	39.6	0.0	17.8	.Autoclave.Outputs.PRESSIP\OutputValue	-6.0	4.2	1.7	-1.0	0.0	-1.0	-1.0	-1.0	0.0	0.0	0.0	-1.0	-1.0	0.0	0.0	0.0	-1.0	0.0
19:20:08	120.0	267.3	267.6	267.4	270.9	270.7	270.9	271.0	270.5	270.7	0.0	0.1	0.1	40.4	-0.1	0.1	0.0	271.0	267.3	0.3	-0.7	269.7	269.1	270.6	270.8	270.0	278.1	99.3	120.0	29.1	41.9	272.4	272.0	40.0	78.4	14.4	40.0	0.0	56.8	.Autoclave.Outputs.PRESSIP\OutputValue	-6.0	3.7	-0.3	-1.0	0.0	-1.0	-1.0	-1.0	0.0	0.0	0.0	-1.0	-1.0	0.0	0.0	0.0	-1.0	0.0
19:21:08	121.0	267.5	267.7	267.6	271.2	271.1	271.0	271.4	270.8	271.0	0.0	0.1	0.1	40.5	0.0	0.1	0.0	271.4	267.5	0.7	0.2	269.9	269.4	273.3	273.3	272.5	279.6	99.2	121.0	30.1	40.9	272.3	272.0	40.0	57.1	14.4	39.4	-1.0	14.2	.Autoclave.Outputs.PRESSIP\OutputValue	-6.0	3.9	2.0	-1.0	0.0	-1.0	-1.0	-1.0	0.0	0.0	0.0	-1.0	-1.0	0.0	0.0	0.0	-1.0	0.0
19:22:08	122.0	267.7	268.0	267.8	270.7	270.3	270.8	271.1	270.6	270.7	0.0	0.2	0.1	40.4	0.0	0.2	0.0	271.1	267.7	0.1	-0.7	269.8	269.4	271.0	271.0	270.2	278.6	99.4	122.0	31.1	39.9	272.8	272.0	40.0	74.7	14.7	39.8	0.0	49.4	.Autoclave.Outputs.PRESSIP\OutputValue	-6.0	3.4	0.0	-1.0	0.0	-1.0	-1.0	-1.0	0.0	0.0	0.0	-1.0	-1.0	0.0	0.0	0.0	-1.0	0.0
19:23:08	123.0	267.5	268.0	267.8	270.1	270.6	271.0	271.4	270.8	270.9	0.0	0.1	0.0	40.4	0.0	0.1	0.0	271.4	267.5	1.7	-0.1	269.8	269.4	273.3	273.3	272.6	279.3	99.3	123.0	32.1	38.9	272.6	272.0	40.0	52.7	14.7	39.6	-1.0	5.4	.Autoclave.Outputs.PRESSIP\OutputValue	-6.0	3.9	2.0	-1.0	0.0	-1.0	-1.0	-1.0	0.0	0.0	0.0	-1.0	-1.0	0.0	0.0	0.0	-1.0	0.0
19:24:08	124.0	267.7	268.0	267.9	271.0	270.8	270.8	271.1	270.7	270.8	0.0	0.1	0.1	40.4	-0.1	0.1	0.0	271.1	267.7	0.3	-1.2	269.9	269.4	271.0	271.0	270.3	278.4	99.3	124.0	33.1	37.9	272.8	272.0	40.0	75.6	14.9	40.0	0.0	51.3	.Autoclave.Outputs.PRESSIP\OutputValue	-6.0	3.4	0.0	-1.0	0.0	-1.0	-1.0	-1.0	0.0	0.0	0.0	-1.0	-1.0	0.0	0.0	0.0	-1.0	0.0
19:25:08	125.0	267.9	268.2	268.0	271.4	270.7	271.1	271.3	270.7	270.9	0.0	0.1	0.1	40.3	0.0	0.1	0.0	271.4	267.9	1.2	-0.6	270.0	269.6	273.4	273.4	272.7	276.4	99.2	125.0	34.1	36.9	272.4	272.0	40.0	57.6	15.0	40.7	-1.0	15.3	.Autoclave.Outputs.PRESSIP\OutputValue	-6.0	3.5	2.1	-1.0	0.0	-1.0	-1.0	-1.0	0.0	0.0	0.0	-1.0	-1.0	0.0	0.0	0.0	-1.0	0.0
19:26:08	126.0	268.0	268.2	268.0	271.3	270.8	270.8	271.1	270.6	270.7	0.0	0.1	0.1	40.4	0.0	0.1	0.0	271.3	268.0	0.2	-0.8	270.0	269.6	271.7	271.7	271.0	278.0	99.4	126.0	35.1	35.9	272.8	272.0	40.0	70.5	15.2	40.0	0.0	41.1	.Autoclave.Outputs.PRESSIP\OutputValue	-6.0	3.3	0.5	-1.0	0.0	-1.0	-1.0	-1.0	0.0	0.0	0.0	-1.0	-1.0	0.0	0.0	0.0	-1.0	0.0
19:27:08	127.0	268.1	268.4	268.2	271.4	270.9	271.2	271.4	270.7	270.9	0.0	0.1	0.1	40.3	0.0	0.1	0.0	271.4	268.1	1.3	0.1	270.1	269.7	273.5	273.5	272.7	276.5	99.3	127.0	36.1	34.9	272.6	272.0	40.0	57.2	15.2	41.1	-1.0	14.4	.Autoclave.Outputs.PRESSIP\OutputValue	-6.0	3.3	2.2	-1.0	0.0	-1.0	-1.0	-1.0	0.0	0.0	0.0	-1.0	-1.0	0.0	0.0	0.0	-1.0	0.0
19:28:08	128.0	268.2	268.5	268.2	271.0	270.5	270.7	271.2	270.5	270.7	0.0	0.1	0.1	40.4	0.0	0.1	0.0	271.2	268.2	0.0	-1.4	270.0	269.7	271.6	271.7	270.9	277.9	99.4	128.0	37.1	33.9	272.8	272.0	40.0	72.1	15.4	40.2	0.0	44.2	.Autoclave.Outputs.PRESSIP\OutputValue	-6.0	3.0	0.5	-1.0	0.0	-1.0	-1.0	-1.0	0.0	0.0	0.0	-1.0	-1.0	0.0	0.0	0.0	-1.0	0.0
19:29:08	129.0	268.1	268.5	268.4	270.9	271.3	271.1	271.4	270.7	271.0	0.0	0.1	0.1	40.4	0.0	0.1	0.0	271.4	268.1	1.1	0.0	270.2	269.7	273.6	273.5	272.8	278.7	99.3	129.0	38.1	32.9	272.5	272.0	40.0	56.1	15.4	39.8	-1.0	12.2	.Autoclave.Outputs.PRESSIP\OutputValue	-6.0	3.3	2.3	-1.0	0.0	-1.0	-1.0	-1.0	0.0	0.0	0.0	-1.0	-1.0	0.0	0.0	0.0	-1.0	0.0
19:30:08	130.0	268.3	268.6	268.4	270.9	270.6	270.8	271.1	270.6	270.7	0.0	0.1	0.1	40.4	-0.1	0.1	0.0	271.1	268.3	0.5	-0.4	270.0	269.7	271.5	271.5	270.8	278.4	99.4	130.0	39.1	31.9	272.8	272.0	40.0	72.4	15.7	39.8	0.0	44.7	.Autoclave.Outputs.PRESSIP\OutputValue	-6.0	2.8	0.5	-1.0	0.0	-1.0	-1.0	-1.0	0.0	0.0	0.0	-1.0	-1.0	0.0	0.0	0.0	-1.0	0.0
19:31:08	131.0	268.6	268.9	268.7	271.3	270.8	271.0	271.2	270.6	270.8	0.0	0.1	0.1	40.2	0.0	0.1	0.0	271.3	268.6	1.0	-0.1	270.2	269.9	273.5	273.5	272.8	275.2	99.2	131.0	40.1	30.9	272.6	272.0	40.0	57.0	15.7	41.7	-1.0	14.1	.Autoclave.Outputs.PRESSIP\OutputValue	-6.0	2.7	2.3	-1.0	0.0	-1.0	-1.0	-1.0	0.0	0.0	0.0	-1.0	-1.0	0.0	0.0	0.0	-1.0	0.0
19:32:08	132.0	268.7	269.0	268.7	271.0	270.5	270.8	271.1	270.5	270.7	0.0	0.1	0.1	40.4	0.0	0.1	0.0	271.1	268.7	0.0	-0.6	270.1	269.9	271.8	271.8	271.1	277.9	99.3	132.0	41.1	29.9	272.8	272.0	40.0	69.9	15.9	40.0	0.0	39.9	.Autoclave.Outputs.PRESSIP\OutputValue	-6.0	2.4	0.8	-1.0	0.0	-1.0	-1.0	-1.0	0.0	0.0	0.0	-1.0	-1.0	0.0	0.0	0.0	-1.0	0.0
19:33:08	133.0	268.8	269.2	268.8	270.2	270.3	271.0	269.1	269.6	269.5	0.0	0.1	0.1	39.9	0.0	0.1	0.0	271.0	268.8	0.5	-1.4	269.6	269.9	270.3	270.1	269.3	263.8	99.2	133.0	42.1	28.9	272.9	272.0	40.0	82.2	15.9	45.9	0.0	64.3	.Autoclave.Outputs.PRESSIP\OutputValue	-5.9	2.2	-0.7	-1.0	0.0	-1.0	-1.0	-1.0	0.0	0.0	0.0	-1.0	-1.0	0.0	0.0	0.0	-1.0	0.0
19:34:08	134.0	268.6	268.9	268.6	271.1	270.7	270.9	271.1	270.5	270.7	0.0	0.1	0.1	40.4	0.0	0.1	0.0	271.1	268.6	1.4	-0.4	270.1	269.8	272.2	272.3	271.6	278.2	99.5	134.0	43.1	27.9	272.9	272.0	40.0	66.9	16.2	40.0	0.0	33.7	.Autoclave.Outputs.PRESSIP\OutputValue	-6.0	2.5	1.2	-1.0	0.0	-1.0	-1.0	-1.0	0.0	0.0	0.0	-1.0	-1.0	0.0	0.0	0.0	-1.0	0.0
19:35:08	135.0	268.9	269.1	268.9	271.0	270.4	270.7	269.6	269.8	269.8	0.0	0.1	0.0	40.1	0.0	0.1	0.0	271.0	268.9	0.5	-1.8	269.8	269.9	268.7	268.7	268.1	269.3	99.5	135.0	44.1	26.9	273.2	272.0	40.0	93.6	16.2	43.0	0.0	87.2	.Autoclave.Outputs.PRESSIP\OutputValue	-5.9	2.1	-2.2	-1.0	0.0	-1.0	-1.0	-1.0	0.0	0.0	0.0	-1.0	-1.0	0.0	0.0	0.0	-1.0	0.0
19:36:08	136.0	268.8	269.1	268.9	271.1	270.7	270.8	271.1	270.5	270.7	0.0	0.1	0.1	40.4	-0.1	0.1	0.0	271.1	268.8	1.8	-0.1	270.2	269.9	272.6	272.6	271.8	278.7	99.4	136.0	45.1	25.9	272.9	272.0	40.0	67.1	16.4	39.8	0.0	34.3	.Autoclave.Outputs.PRESSIP\OutputValue	-6.0	2.3	1.6	-1.0	0.0	-1.0	-1.0	-1.0	0.0	0.0	0.0	-1.0	-1.0	0.0	0.0	0.0	-1.0	0.0
19:37:08	137.0	268.9	269.2	269.1	270.5	270.2	270.6	270.5	270.2	270.3	0.0	0.1	0.1	40.3	0.0	0.1	0.0	270.6	268.9	0.0	-0.7	270.0	269.8	269.5	269.5	268.9	275.3	99.5	137.0	46.1	24.9	273.1	272.0	40.0	89.9	16.5	40.9	0.0	79.8	.Autoclave.Outputs.PRESSIP\OutputValue	-6.0	1.7	-1.1	-1.0	0.0	-1.0	-1.0	-1.0	0.0	0.0	0.0	-1.0	-1.0	0.0	0.0	0.0	-1.0	0.0
19:38:08	138.0	268.8	269.1	269.0	271.2	270.4	270.9	271.4	270.6	270.9	-0.1	0.1	0.1	40.5	0.0	0.1	-0.1	271.4	268.8	1.0	0.0	270.3	270.1	273.3	273.4	272.7	280.0	99.7	138.0	47.1	23.9	272.6	272.0	40.0	60.7	16.7	39.0	0.0	21.4	.Autoclave.Outputs.PRESSIP\OutputValue	-6.0	2.6	2.0	-1.0	0.0	-1.0	-1.0	-1.0	0.0	0.0	0.0	-1.0	-1.0	0.0	0.0	0.0	-1.0	0.0
19:39:08	139.0	269.0	269.2	269.3	270.7	270.4	270.7	270.7	270.4	270.4	0.0	0.1	0.1	40.4	0.0	0.1	0.0	270.7	269.0	0.2	-0.6	270.1	269.9	269.6	269.6	269.1	276.1	99.7	139.0	48.1	22.9	273.2	272.0	40.0	88.2	16.8	40.3	0.0	76.3	.Autoclave.Outputs.PRESSIP\OutputValue	-6.0	1.7	-1.1	-1.0	0.0	-1.0	-1.0	-1.0	0.0	0.0	0.0	-1.0	-1.0	0.0	0.0	0.0	-1.0	0.0
19:40:08	140.0	269.3	269.5	269.4	271.1	271.0	270.9	271.5	270.7	270.9	0.0	0.1	0.1	40.5	0.0	0.1	0.0	271.5	269.3	1.2	0.2	270.5	270.4	273.1	273.2	272.7	279.9	99.7	140.0	49.1	21.9	272.5	272.0	40.0	60.2	16.9	39.0	0.0	20.5	.Autoclave.Outputs.PRESSIP\OutputValue	-6.0	2.2	1.7	-1.0	0.0	-1.0	-1.0	-1.0	0.0	0.0	0.0	-1.0	-1.0	0.0	0.0	0.0	-1.0	0.0
19:41:08	141.0	269.4	269.4	269.4	271.1	270.4	270.7	271.1	270.5	270.7	0.0	0.1	0.1	40.4	0.0	0.1	0.0	271.1	269.4	0.0	-0.9	270.3	270.2	270.9	271.0	270.5	278.3	99.7	141.0	50.1	20.9	272.9	272.0	40.0	78.4	17.1	39.8	0.0	56.9	.Autoclave.Outputs.PRESSIP\OutputValue	-6.0	1.7	-0.1	-1.0	0.0	-1.0	-1.0	-1.0	0.0	0.0	0.0	-1.0	-1.0	0.0	0.0	0.0	-1.0	0.0
19:42:08	142.0	269.2	269.4	269.3	271.4	271.0	271.0	271.3	270.8	270.9	0.0	0.2	0.1	40.4	0.0	0.2	0.0	271.4	269.2	0.9	-0.5	270.5	270.3	273.6	273.6	272.9	279.3	99.7	142.0	51.1	19.9	272.5	272.0	40.0	57.8	17.1	39.6	-1.0	15.5	.Autoclave.Outputs.PRESSIP\OutputValue	-6.0	2.2	2.3	-1.0	0.0	-1.0	-1.0	-1.0	0.0	0.0	0.0	-1.0	-1.0	0.0	0.0	0.0	-1.0	0.0
19:43:08	143.0	269.0	269.4	269.4	270.8	270.4	270.8	271.2	270.6	270.7	0.0	0.1	0.1	40.4	-0.1	0.1	0.0	271.2	269.0	0.1	-0.7	270.3	270.1	271.3	271.4	271.0	278.4	99.7	143.0	52.1	18.9	272.8	272.0	40.0	74.7	17.3	39.8	0.0	49.4	.Autoclave.Outputs.PRESSIP\OutputValue	-6.0	2.2	0.2	-1.0	0.0	-1.0	-1.0	-1.0	0.0	0.0	0.0	-1.0	-1.0	0.0	0.0	0.0	-1.0	0.0
19:44:08	144.0	269.0	269.4	269.3	271.4	271.2	271.1	270.0	270.2	270.0	0.0	0.1	0.1	39.9	0.0	0.1	0.0	271.4	269.0	0.4	-0.2	270.2	270.2	272.3	272.3	271.6	265.8	99.4	144.0	53.1	17.9	272.9	272.0	40.0	67.5	17.3	45.3	0.0	35.1	.Autoclave.Outputs.PRESSIP\OutputValue	-6.0	2.4	1.0	-1.0	0.0	-1.0	-1.0	-1.0	0.0	0.0	0.0	-1.0	-1.0	0.0	0.0	0.0	-1.0	0.0
19:45:08	145.0	269.2	269.7	269.3	271.2	271.7	270.9	271.2	270.7	270.7	0.0	0.1	0.1	40.4	0.0	0.1	0.0	271.7	269.2	0.6	-0.4	270.5	270.5	272.2	272.2	271.5	278.1	99.5	145.0	54.1	16.9	272.7	272.0	40.0	68.9	17.6	39.8	0.0	37.9	.Autoclave.Outputs.PRESSIP\OutputValue	-6.0	2.5	0.5	-1.0	0.0	-1.0	-1.0	-1.0	0.0	0.0	0.0	-1.0	-1.0	0.0	0.0	0.0	-1.0	0.0
19:46:08	146.0	269.5	269.7	269.6	271.7	270.7	270.9	269.5	269.8	269.5	0.0	0.1	0.1	40.0	0.0	0.1	0.0	271.7	269.5	0.3	-1.7	270.1	270.6	269.8	269.8	269.3	265.8	99.5	146.0	55.1	15.9	273.0	272.0	40.0	86.5	17.6	44.2	0.0	72.9	.Autoclave.Outputs.PRESSIP\OutputValue	-6.0	2.2	-1.8	-1.0	0.0	-1.0	-1.0	-1.0	0.0	0.0	0.0	-1.0	-1.0	0.0	0.0	0.0	-1.0	0.0
19:47:08	147.0	269.3	269.6	269.5	271.5	270.9	271.0	271.3	270.6	270.7	0.0	0.1	0.0	40.4	0.0	0.1	0.0	271.5	269.3	1.8	-0.3	270.5	270.4	272.2	272.2	271.8	278.3	99.5	147.0	56.1	14.9	272.7	272.0	40.0	67.8	17.8	39.8	0.0	35.6	.Autoclave.Outputs.PRESSIP\OutputValue	-6.0	2.2	0.8	-1.0	0.0	-1.0	-1.0	-1.0	0.0	0.0	0.0	-1.0	-1.0	0.0	0.0	0.0	-1.0	0.0
19:48:08	148.0	269.5	269.8	269.7	271.0	270.6	270.8	270.3	270.2	270.1	0.0	0.1	0.1	40.3	0.0	0.1	0.0	271.0	269.5	0.1	-1.1	270.2	270.2	269.0	268.9	268.4	273.6	99.7	148.0	57.1	13.9	273.2	272.0	40.0	91.2	17.9	40.9	0.0	82.5	.Autoclave.Outputs.PRESSIP\OutputValue	-6.0	1.5	-1.9	-1.0	0.0	-1.0	-1.0	-1.0	0.0	0.0	0.0	-1.0	-1.0	0.0	0.0	0.0	-1.0	0.0
19:49:08	149.0	269.3	269.7	269.4	271.6	271.0	271.1	271.4	270.7	270.7	-0.1	0.1	0.1	40.5	0.0	0.1	-0.1	271.6	269.3	1.3	-0.1	270.6	270.4	272.7	272.7	272.1	278.9	99.7	149.0	58.1	12.9	272.5	272.0	40.0	65.3	18.0	39.4	0.0	30.7	.Autoclave.Outputs.PRESSIP\OutputValue	-6.0	2.3	1.2	-1.0	0.0	-1.0	-1.0	-1.0	0.0	0.0	0.0	-1.0	-1.0	0.0	0.0	0.0	-1.0	0.0
19:50:08	150.0	269.7	269.8	269.6	271.2	270.9	270.8	271.0	270.5	270.4	0.0	0.1	0.1	40.4	0.0	0.1	0.0	271.2	269.6	0.8	-0.6	270.4	270.4	269.9	269.9	269.3	277.0	99.9	150.0	59.1	11.9	272.9	272.0	40.0	86.8	18.1	39.6	0.0	73.6	.Autoclave.Outputs.PRESSIP\OutputValue	-6.0	1.5	-1.2	-1.0	0.0	-1.0	-1.0	-1.0	0.0	0.0	0.0	-1.0	-1.0	0.0	0.0	0.0	-1.0	0.0
19:51:08	151.0	269.3	269.6	269.4	271.3	271.0	271.1	271.5	270.7	270.7	0.0	0.1	0.1	40.5	0.0	0.1	0.0	271.5	269.3	1.1	-1.1	270.5	270.4	273.2	273.2	272.6	279.4	99.7	151.0	60.1	10.9	272.5	272.0	40.0	62.9	18.2	39.0	0.0	25.7	.Autoclave.Outputs.PRESSIP\OutputValue	-6.0	2.2	1.8	-1.0	0.0	-1.0	-1.0	-1.0	0.0	0.0	0.0	-1.0	-1.0	0.0	0.0	0.0	-1.0	0.0
19:52:08	152.0	269.4	269.7	269.5	271.2	270.9	270.8	271.4	270.6	270.6	0.0	0.2	0.1	40.5	0.0	0.2	0.0	271.4	269.4	0.1	-0.8	270.5	270.4	270.9	271.1	270.5	279.1	99.9	152.0	61.1	9.9	272.6	272.0	40.0	77.0	18.3	38.8	0.0	54.1	.Autoclave.Outputs.PRESSIP\OutputValue	-6.0	2.0	-0.4	-1.0	0.0	-1.0	-1.0	-1.0	0.0	0.0	0.0	-1.0	-1.0	0.0	0.0	0.0	-1.0	0.0
19:53:08	153.0	269.8	270.1	269.9	271.5	271.2	271.1	270.1	270.2	269.9	0.0	0.1	0.1	39.9	0.0	0.1	0.0	271.5	269.8	0.9	0.0	270.4	270.6	272.3	272.3	271.7	266.4	99.6	153.0	62.1	8.9	272.2	272.0	40.0	65.0	18.3	45.1	0.0	30.0	.Autoclave.Outputs.PRESSIP\OutputValue	-6.0	1.7	0.9	-1.0	0.0	-1.0	-1.0	-1.0	0.0	0.0	0.0	-1.0	-1.0	0.0	0.0	0.0	-1.0	0.0
19:54:08	154.0	269.5	269.7	269.5	271.4	270.9	270.9	271.2	270.5	270.5	0.0	0.1	0.1	40.4	0.0	0.1	0.0	271.4	269.5	1.0	-0.8	270.5	270.4	272.1	272.1	271.4	278.0	99.9	154.0	63.1	7.9	272.7	272.0	40.0	69.9	18.6	39.4	0.0	39.8	.Autoclave.Outputs.PRESSIP\OutputValue	-6.0	1.9	0.8	-1.0	0.0	-1.0	-1.0	-1.0	0.0	0.0	0.0	-1.0	-1.0	0.0	0.0	0.0	-1.0	0.0
19:55:08	155.0	269.7	270.0	269.6	271.1	270.5	270.8	269.4	269.6	269.4	0.0	0.1	0.1	40.0	0.0	0.1	0.0	271.1	269.4	0.4	-1.9	270.0	270.2	269.2	269.2	268.4	267.3	99.7	155.0	64.1	6.9	273.0	272.0	40.0	91.3	18.6	43.8	0.0	82.5	.Autoclave.Outputs.PRESSIP\OutputValue	-6.0	1.7	-1.8	-1.0	0.0	-1.0	-1.0	-1.0	0.0	0.0	0.0	-1.0	-1.0	0.0	0.0	0.0	-1.0	0.0
19:56:08	156.0	269.7	269.9	269.8	271.2	270.9	270.9	271.2	270.5	270.6	0.0	0.1	0.1	40.5	0.0	0.1	0.0	271.2	269.7	1.9	-0.4	270.5	270.4	272.6	272.6	272.0	278.5	100.0	156.0	65.1	5.9	272.4	272.0	40.0	65.5	18.8	39.2	0.0	30.9	.Autoclave.Outputs.PRESSIP\OutputValue	-6.0	1.5	1.5	-1.0	0.0	-1.0	-1.0	-1.0	0.0	0.0	0.0	-1.0	-1.0	0.0	0.0	0.0	-1.0	0.0
19:57:08	157.0	269.7	269.9	269.6	271.0	270.7	270.7	270.8	270.3	270.4	0.0	0.1	0.1	40.4	0.0	0.1	0.0	271.0	269.6	0.2	-0.6	270.4	270.3	270.2	270.2	269.5	276.7	100.1	157.0	66.1	4.9	273.2	272.0	40.0	87.6	18.9	39.6	0.0	75.1	.Autoclave.Outputs.PRESSIP\OutputValue	-6.0	1.3	-0.7	-1.0	0.0	-1.0	-1.0	-1.0	0.0	0.0	0.0	-1.0	-1.0	0.0	0.0	0.0	-1.0	0.0
19:58:08	158.0	269.7	270.0	269.7	271.6	271.0	271.0	271.2	270.5	270.5	0.0	0.1	0.1	40.3	0.0	0.1	0.0	271.6	269.7	0.8	0.0	270.6	270.6	273.4	273.3	272.6	276.3	100.0	158.0	67.1	3.9	272.4	272.0	40.0	60.9	18.9	40.5	-1.0	21.8	.Autoclave.Outputs.PRESSIP\OutputValue	-6.0	1.9	1.9	-1.0	0.0	-1.0	-1.0	-1.0	0.0	0.0	0.0	-1.0	-1.0	0.0	0.0	0.0	-1.0	0.0
19:59:08	159.0	269.9	270.0	269.8	271.5	270.8	270.8	271.1	270.4	270.6	0.0	0.2	0.1	40.5	0.0	0.2	0.0	271.5	269.8	0.4	-0.6	270.6	270.7	271.9	272.0	271.2	278.4	100.1	159.0	68.1	2.9	272.8	272.0	40.0	73.2	19.1	39.4	0.0	46.3	.Autoclave.Outputs.PRESSIP\OutputValue	-6.0	1.6	0.5	-1.0	0.0	-1.0	-1.0	-1.0	0.0	0.0	0.0	-1.0	-1.0	0.0	0.0	0.0	-1.0	0.0
20:00:08	160.0	269.9	270.1	269.8	271.0	270.7	270.8	270.7	270.2	270.3	0.0	0.1	0.1	40.4	0.0	0.1	0.0	271.0	269.8	0.1	-0.5	270.4	270.4	272.0	271.9	271.4	276.7	100.2	160.0	69.1	1.9	273.2	272.0	40.0	74.0	19.1	40.0	0.0	48.1	.Autoclave.Outputs.PRESSIP\OutputValue	-6.0	1.1	1.1	-1.0	0.0	-1.0	-1.0	-1.0	0.0	0.0	0.0	-1.0	-1.0	0.0	0.0	0.0	-1.0	0.0
20:01:08	161.0	270.0	270.3	270.1	271.2	270.7	271.0	269.0	269.5	269.3	0.0	0.0	0.0	40.0	0.0	0.0	0.0	271.2	269.0	1.0	-1.6	270.1	270.1	270.2	270.0	269.3	264.9	100.1	161.0	70.1	0.9	272.8	272.0	40.0	84.5	19.1	44.7	0.0	69.0	.Autoclave.Outputs.PRESSIP\OutputValue	-6.0	2.2	-0.9	-1.0	0.0	-1.0	-1.0	-1.0	0.0	0.0	0.0	-1.0	-1.0	0.0	0.0	0.0	-1.0	0.0
20:02:03	162.0	269.8	270.1	269.9	271.4	270.9	270.9	271.1	270.5	270.5	0.0	0.1	0.1	40.5	0.0	0.1	0.0	271.4	269.8	0.5	-0.9	270.6	270.6	272.4	272.4	271.7	278.4	100.3	161.9	71.0	0.0	272.6	272.0	40.0	68.7	19.3	39.0	0.0	37.4	.Autoclave.Outputs.PRESSIP\OutputValue	-6.0	1.6	1.1	-1.0	0.0	-1.0	-1.0	-1.0	0.0	0.0	0.0	-1.0	-1.0	0.0	0.0	0.0	-1.0	0.0
20:02:08	162.0	270.0	270.2	269.9	271.3	270.7	271.0	271.0	270.5	270.6	0.0	0.2	0.1	40.4	0.0	0.2	0.0	271.3	269.9	1.9	-0.9	270.6	270.6	272.6	272.7	272.0	278.6	100.4	162.0	0.1	0.0	271.6	271.6	40.0	60.6	19.3	39.4	-1.0	21.2	.Autoclave.Outputs.PRESSIP\OutputValue	-6.0	1.3	1.4	-1.0	0.0	-1.0	-1.0	-1.0	0.0	0.0	0.0	-1.0	-1.0	0.0	0.0	0.0	-1.0	0.0
20:03:08	163.0	269.6	270.0	269.8	270.4	269.9	270.1	269.5	269.6	269.5	0.0	0.1	0.1	40.1	0.0	0.1	0.0	270.4	269.5	-0.1	-1.4	269.8	269.9	266.8	266.9	266.0	271.3	100.3	163.0	1.1	0.0	267.1	267.1	40.0	69.4	19.4	42.9	0.0	38.8	.Autoclave.Outputs.PRESSIP\OutputValue	-5.9	0.9	-3.5	-1.0	0.0	-1.0	-1.0	-1.0	0.0	0.0	0.0	-1.0	-1.0	0.0	0.0	0.0	-1.0	0.0
20:04:08	164.0	269.8	270.1	269.9	269.2	268.7	268.8	267.7	268.6	268.2	0.0	0.1	0.1	39.8	0.0	0.1	0.0	270.1	267.7	0.5	-2.3	269.0	268.9	260.7	260.7	259.9	263.9	100.4	164.0	2.1	0.0	262.6	262.6	40.0	80.1	19.5	47.0	0.0	60.2	.Autoclave.Outputs.PRESSIP\OutputValue	-5.4	2.4	-9.4	-1.0	0.0	-1.0	-1.0	-1.0	0.0	0.0	0.0	-1.0	-1.0	0.0	0.0	0.0	-1.0	0.0
20:05:08	165.0	269.9	270.0	269.8	268.0	267.4	267.6	265.3	267.2	266.6	0.0	0.1	0.1	39.4	0.0	0.1	0.0	270.0	265.3	0.1	-2.3	268.0	267.6	255.5	255.6	254.7	254.9	100.2	165.0	3.1	0.0	258.1	258.1	40.0	84.7	19.5	52.3	0.0	69.4	.Autoclave.Outputs.PRESSIP\OutputValue	-4.4	4.7	-14.5	-1.0	0.0	-1.0	-1.0	-1.0	0.0	0.0	0.0	-1.0	-1.0	0.0	0.0	0.0	-1.0	0.0
20:06:08	166.0	269.5	269.9	269.5	266.9	266.3	266.0	263.2	265.9	264.9	0.0	0.1	0.0	39.6	0.0	0.1	0.0	269.9	263.2	-0.3	-1.5	266.9	266.5	251.9	251.9	251.2	243.2	100.4	166.0	4.1	0.0	253.6	253.6	40.0	76.8	19.5	50.4	0.0	53.7	.Autoclave.Outputs.PRESSIP\OutputValue	-3.3	6.7	-18.0	-1.0	0.0	-1.0	-1.0	-1.0	0.0	0.0	0.0	-1.0	-1.0	0.0	0.0	0.0	-1.0	0.0
20:07:08	167.0	269.3	269.5	269.4	265.4	264.2	264.1	261.6	264.6	263.5	0.0	0.1	0.1	39.3	0.0	0.1	0.0	269.5	261.6	0.0	-2.0	265.7	265.5	249.1	249.1	248.3	239.2	100.2	167.0	5.1	0.0	249.1	249.1	40.0	65.5	19.6	53.6	0.0	31.1	.Autoclave.Outputs.PRESSIP\OutputValue	-3.2	7.9	-20.4	-1.0	0.0	-1.0	-1.0	-1.0	0.0	0.0	0.0	-1.0	-1.0	0.0	0.0	0.0	-1.0	0.0
20:08:08	168.0	268.9	269.1	268.8	263.3	262.6	261.9	260.2	263.4	262.1	0.0	0.1	0.1	39.2	0.0	0.1	0.0	269.1	260.2	-0.4	-2.4	264.5	264.6	246.0	246.0	245.2	239.4	100.3	168.0	6.1	0.0	244.6	244.6	40.0	56.9	19.6	55.5	-1.0	13.9	.Autoclave.Outputs.PRESSIP\OutputValue	-2.4	8.9	-23.1	-1.0	0.0	-1.0	-1.0	-1.0	0.0	0.0	0.0	-1.0	-1.0	0.0	0.0	0.0	-1.0	0.0
20:09:08	169.0	268.2	268.4	268.0	262.8	260.6	259.4	258.8	262.1	260.6	0.0	0.1	0.1	39.9	0.0	0.1	0.0	268.4	258.8	-0.5	-2.4	263.2	263.6	241.9	241.9	241.0	239.7	100.4	169.0	7.1	0.0	240.1	240.1	40.0	55.6	19.7	48.4	-1.0	11.2	.Autoclave.Outputs.PRESSIP\OutputValue	-2.2	9.6	-26.5	-1.0	0.0	-1.0	-1.0	-1.0	0.0	0.0	0.0	-1.0	-1.0	0.0	0.0	0.0	-1.0	0.0
20:10:08	170.0	267.5	267.7	267.5	259.5	257.8	256.9	257.1	260.7	259.3	0.0	0.1	0.1	39.7	0.0	0.1	0.0	267.7	256.9	-0.5	-2.7	261.6	262.3	237.4	237.3	236.6	237.8	100.4	170.0	8.1	0.0	235.6	235.6	40.0	55.8	19.7	50.4	-1.0	11.5	.Autoclave.Outputs.PRESSIP\OutputValue	-1.7	10.8	-30.3	-1.0	0.0	-1.0	-1.0	-1.0	0.0	0.0	0.0	-1.0	-1.0	0.0	0.0	0.0	-1.0	0.0
20:11:08	171.0	266.9	266.8	266.8	257.1	255.2	254.0	254.1	258.1	256.5	0.0	0.1	0.0	39.4	0.0	0.1	0.0	266.9	254.0	-0.7	-2.9	259.5	260.5	232.8	232.8	232.0	231.7	100.4	171.0	9.1	0.0	231.1	231.1	40.0	56.3	19.7	55.3	-1.0	12.6	.Autoclave.Outputs.PRESSIP\OutputValue	-0.7	12.9	-34.1	-1.0	0.0	-1.0	-1.0	-1.0	0.0	0.0	0.0	-1.0	-1.0	0.0	0.0	0.0	-1.0	0.0
20:12:08	172.0	265.6	265.7	265.6	254.7	252.7	251.0	251.4	256.3	253.9	0.0	0.1	0.1	39.7	0.0	0.1	0.0	265.7	251.0	-0.9	-3.3	257.4	258.4	228.3	228.3	227.5	224.9	100.5	172.0	10.1	0.0	226.6	226.6	40.0	56.3	19.6	52.8	-1.0	12.6	.Autoclave.Outputs.PRESSIP\OutputValue	-0.2	14.7	-37.4	-1.0	0.0	-1.0	-1.0	-1.0	0.0	0.0	0.0	-1.0	-1.0	0.0	0.0	0.0	-1.0	0.0
20:13:08	173.0	264.7	264.8	264.7	252.1	249.7	247.7	248.0	253.2	251.1	-0.1	0.1	0.0	39.3	0.0	0.1	-0.1	264.8	247.7	-1.0	-3.3	255.1	256.3	223.4	223.4	222.5	217.5	100.3	173.0	11.1	0.0	222.1	222.1	40.0	59.0	19.6	57.5	-1.0	18.0	.Autoclave.Outputs.PRESSIP\OutputValue	0.6	17.0	-41.4	-1.0	0.0	-1.0	-1.0	-1.0	0.0	0.0	0.0	-1.0	-1.0	0.0	0.0	0.0	-1.0	0.0
20:14:08	174.0	263.3	263.4	263.5	249.5	246.4	244.5	245.2	250.6	248.5	0.0	0.1	0.1	39.3	0.0	0.1	0.0	263.5	244.5	-1.2	-3.3	252.8	254.0	218.6	218.6	217.8	211.7	100.4	174.0	12.1	0.0	217.6	217.6	40.0	59.7	19.6	58.6	-1.0	19.4	.Autoclave.Outputs.PRESSIP\OutputValue	2.0	19.0	-44.9	-1.0	0.0	-1.0	-1.0	-1.0	0.0	0.0	0.0	-1.0	-1.0	0.0	0.0	0.0	-1.0	0.0
20:15:08	175.0	262.1	262.1	262.3	246.4	243.3	241.1	242.1	248.2	245.6	-0.1	0.1	0.1	39.3	0.0	0.1	-0.1	262.3	241.1	-1.1	-3.4	250.4	251.7	214.2	214.0	213.3	206.2	100.4	175.0	13.1	0.0	213.1	213.1	40.0	60.3	19.5	59.3	-1.0	20.6	.Autoclave.Outputs.PRESSIP\OutputValue	2.6	21.2	-48.1	-1.0	0.0	-1.0	-1.0	-1.0	0.0	0.0	0.0	-1.0	-1.0	0.0	0.0	0.0	-1.0	0.0
20:16:02	175.9	260.6	260.7	260.9	243.6	240.1	238.0	239.2	245.3	242.9	0.0	0.0	0.1	39.1	0.0	0.1	0.0	260.9	238.0	-1.0	-4.1	247.9	249.5	209.9	209.7	208.9	203.0	100.4	175.9	14.0	0.0	209.1	209.1	40.0	62.4	19.5	62.6	-1.0	24.7	.Autoclave.Outputs.PRESSIP\OutputValue	3.6	22.9	-51.1	-1.0	0.0	-1.0	-1.0	-1.0	0.0	0.0	0.0	-1.0	-1.0	0.0	0.0	0.0	-1.0	0.0
20:16:08	176.0	260.6	260.6	260.7	243.3	239.8	237.5	238.5	244.9	242.4	0.0	0.0	0.0	39.0	0.0	0.0	0.0	260.7	237.5	-1.6	-4.1	247.6	249.1	208.4	208.4	207.7	202.0	100.4	176.0	0.1	0.0	208.6	208.6	40.0	69.0	19.5	63.2	0.0	38.0	.Autoclave.Outputs.PRESSIP\OutputValue	3.8	23.2	-52.3	-1.0	0.0	-1.0	-1.0	-1.0	0.0	0.0	0.0	-1.0	-1.0	0.0	0.0	0.0	-1.0	0.0
20:17:08	177.0	259.1	258.9	259.2	240.4	236.4	234.1	235.4	242.1	239.4	0.0	0.0	0.1	39.7	0.0	0.1	0.0	259.2	234.1	-1.4	-3.6	245.0	246.7	203.7	203.7	203.0	200.2	100.7	177.0	1.1	0.0	204.1	204.1	40.0	69.5	19.5	57.9	0.0	39.1	.Autoclave.Outputs.PRESSIP\OutputValue	5.1	25.1	-55.5	-1.0	0.0	-1.0	-1.0	-1.0	0.0	0.0	0.0	-1.0	-1.0	0.0	0.0	0.0	-1.0	0.0
20:18:08	178.0	257.2	257.0	257.4	236.7	233.4	230.2	232.4	239.4	236.5	0.0	0.1	0.1	39.6	0.0	0.1	0.0	257.4	230.2	-1.8	-3.8	242.2	243.8	199.3	199.3	198.5	199.4	100.6	178.0	2.1	0.0	199.6	199.6	40.0	69.5	19.4	59.9	0.0	39.1	.Autoclave.Outputs.PRESSIP\OutputValue	5.8	27.2	-58.1	-1.0	0.0	-1.0	-1.0	-1.0	0.0	0.0	0.0	-1.0	-1.0	0.0	0.0	0.0	-1.0	0.0
20:19:08	179.0	255.4	255.2	255.6	233.8	229.6	226.6	229.8	236.5	233.5	0.0	0.1	0.0	39.4	0.0	0.1	0.0	255.6	226.6	-1.5	-3.9	239.6	241.1	195.6	195.7	194.9	197.4	100.6	179.0	3.1	0.0	195.1	195.1	40.0	64.2	19.3	62.8	0.0	28.4	.Autoclave.Outputs.PRESSIP\OutputValue	7.1	29.0	-60.1	-1.0	0.0	-1.0	-1.0	-1.0	0.0	0.0	0.0	-1.0	-1.0	0.0	0.0	0.0	-1.0	0.0
20:20:08	180.0	253.4	253.3	253.8	230.5	225.7	222.9	226.5	233.7	230.5	0.0	0.1	0.1	39.8	0.0	0.1	0.0	253.8	222.9	-1.7	-3.9	236.7	238.4	191.7	191.7	191.0	194.1	100.6	180.0	4.1	0.0	190.6	190.6	40.0	60.2	19.3	60.0	-1.0	20.4	.Autoclave.Outputs.PRESSIP\OutputValue	8.0	30.9	-62.2	-1.0	0.0	-1.0	-1.0	-1.0	0.0	0.0	0.0	-1.0	-1.0	0.0	0.0	0.0	-1.0	0.0
20:21:08	181.0	251.6	251.2	251.8	226.5	221.9	219.2	223.3	230.4	227.4	0.0	0.0	0.1	39.3	0.0	0.1	0.0	251.8	219.2	-2.0	-3.8	233.7	235.5	188.1	188.1	187.5	187.3	100.6	181.0	5.1	0.0	186.1	186.1	40.0	54.1	19.2	64.1	-1.0	8.1	.Autoclave.Outputs.PRESSIP\OutputValue	8.0	32.6	-63.8	-1.0	0.0	-1.0	-1.0	-1.0	0.0	0.0	0.0	-1.0	-1.0	0.0	0.0	0.0	-1.0	0.0
20:22:08	182.0	249.4	249.1	249.8	223.4	218.3	215.5	219.0	226.9	223.3	0.0	0.0	0.0	39.5	0.0	0.0	0.0	249.8	215.5	-2.1	-4.2	230.5	232.6	183.5	183.5	182.9	179.9	100.7	182.0	6.1	0.0	181.6	181.6	40.0	53.2	19.0	62.6	-1.0	6.5	.Autoclave.Outputs.PRESSIP\OutputValue	8.0	34.4	-66.4	-1.0	0.0	-1.0	-1.0	-1.0	0.0	0.0	0.0	-1.0	-1.0	0.0	0.0	0.0	-1.0	0.0
20:23:08	183.0	247.0	246.6	247.5	219.9	214.5	211.4	214.7	222.8	219.3	-0.1	0.0	0.1	39.1	0.0	0.1	-0.1	247.5	211.4	-2.3	-4.3	227.1	229.4	178.2	178.0	177.3	173.1	100.7	183.0	7.1	0.0	177.1	177.1	40.0	59.8	18.9	66.6	-1.0	19.6	.Autoclave.Outputs.PRESSIP\OutputValue	8.0	36.2	-69.4	-1.0	0.0	-1.0	-1.0	-1.0	0.0	0.0	0.0	-1.0	-1.0	0.0	0.0	0.0	-1.0	0.0
20:24:08	184.0	244.7	244.4	245.3	216.2	210.5	207.4	211.2	219.6	216.1	0.0	0.0	0.0	39.6	0.0	0.0	0.0	245.3	207.4	-2.2	-4.0	223.9	226.3	173.6	173.6	172.9	169.0	100.7	184.0	8.1	0.0	172.6	172.6	40.0	59.7	18.8	61.9	-1.0	19.4	.Autoclave.Outputs.PRESSIP\OutputValue	8.0	38.0	-71.8	-1.0	0.0	-1.0	-1.0	-1.0	0.0	0.0	0.0	-1.0	-1.0	0.0	0.0	0.0	-1.0	0.0
20:25:08	185.0	242.3	241.9	242.8	212.2	207.0	203.2	207.7	216.0	212.6	0.0	0.1	0.1	39.4	0.0	0.1	0.0	242.8	203.2	-2.3	-4.8	220.6	223.0	168.8	168.8	168.0	166.5	100.7	185.0	9.1	0.0	168.1	168.1	40.0	62.4	18.7	64.3	-1.0	24.7	.Autoclave.Outputs.PRESSIP\OutputValue	8.0	39.7	-74.1	-1.0	0.0	-1.0	-1.0	-1.0	0.0	0.0	0.0	-1.0	-1.0	0.0	0.0	0.0	-1.0	0.0
20:26:08	186.0	239.7	239.4	240.2	208.3	202.1	199.0	204.1	212.7	209.1	0.0	0.1	0.1	39.1	-0.2	0.1	0.0	240.2	199.0	-2.5	-4.2	217.2	219.6	164.7	164.7	163.9	162.6	100.7	186.0	10.1	0.0	163.6	163.6	40.0	59.6	18.6	67.3	-1.0	19.2	.Autoclave.Outputs.PRESSIP\OutputValue	8.0	41.3	-75.6	-1.0	0.0	-1.0	-1.0	-1.0	0.0	0.0	0.0	-1.0	-1.0	0.0	0.0	0.0	-1.0	0.0
20:27:08	187.0	237.0	236.6	237.7	204.6	197.8	194.9	200.4	209.1	205.4	-0.1	0.0	0.1	39.4	0.0	0.1	-0.1	237.7	194.9	-2.7	-4.3	213.7	216.3	160.4	160.4	159.7	158.1	100.7	187.0	11.1	0.0	159.1	159.1	40.0	56.8	18.5	63.8	-1.0	13.5	.Autoclave.Outputs.PRESSIP\OutputValue	8.0	42.9	-77.4	-1.0	0.0	-1.0	-1.0	-1.0	0.0	0.0	0.0	-1.0	-1.0	0.0	0.0	0.0	-1.0	0.0
20:28:08	188.0	234.4	234.0	235.1	200.4	194.0	190.8	196.4	205.0	201.3	0.0	0.1	0.1	39.1	0.0	0.1	0.0	235.1	190.8	-2.7	-4.7	210.2	213.0	156.2	156.2	155.4	153.8	100.6	188.0	12.1	0.0	154.6	154.6	40.0	56.0	18.4	67.2	-1.0	12.0	.Autoclave.Outputs.PRESSIP\OutputValue	8.0	44.4	-79.0	-1.0	0.0	-1.0	-1.0	-1.0	0.0	0.0	0.0	-1.0	-1.0	0.0	0.0	0.0	-1.0	0.0
20:29:08	189.0	231.8	231.3	232.4	196.5	189.8	186.8	192.5	201.4	197.8	0.0	0.0	0.1	39.4	0.0	0.1	0.0	232.4	186.8	-2.6	-4.1	206.7	209.6	151.9	151.8	151.0	149.6	100.7	189.0	13.1	0.0	150.1	150.1	40.0	54.6	18.2	64.0	-1.0	9.1	.Autoclave.Outputs.PRESSIP\OutputValue	8.0	45.7	-80.6	-1.0	0.0	-1.0	-1.0	-1.0	0.0	0.0	0.0	-1.0	-1.0	0.0	0.0	0.0	-1.0	0.0
20:30:08	190.0	228.9	228.3	229.5	192.6	185.6	182.5	188.5	197.3	193.8	0.0	0.1	0.1	39.0	0.0	0.1	0.0	229.5	182.5	-2.8	-4.2	203.0	206.0	147.4	147.4	146.7	145.2	100.6	190.0	14.1	0.0	145.6	145.6	40.0	53.6	18.0	67.5	-1.0	7.3	.Autoclave.Outputs.PRESSIP\OutputValue	8.0	47.1	-82.2	-1.0	0.0	-1.0	-1.0	-1.0	0.0	0.0	0.0	-1.0	-1.0	0.0	0.0	0.0	-1.0	0.0
20:31:08	191.0	226.1	225.6	226.8	188.7	181.3	178.4	184.5	193.4	189.8	0.0	0.0	0.0	39.3	0.0	0.0	0.0	226.8	178.4	-2.8	-4.6	199.4	202.6	143.0	143.0	142.2	141.3	100.8	191.0	15.1	0.0	141.1	141.1	40.0	53.5	17.8	64.7	-1.0	7.0	.Autoclave.Outputs.PRESSIP\OutputValue	8.0	48.5	-83.9	-1.0	0.0	-1.0	-1.0	-1.0	0.0	0.0	0.0	-1.0	-1.0	0.0	0.0	0.0	-1.0	0.0
20:32:08	192.0	223.1	222.4	223.9	184.8	177.3	174.0	181.2	189.9	186.4	0.0	0.0	0.1	39.7	0.0	0.1	0.0	223.9	174.0	-3.0	-4.3	195.9	199.0	138.9	138.9	138.2	137.3	100.9	192.0	16.1	0.0	136.6	136.6	40.0	50.7	17.6	62.3	-1.0	1.4	.Autoclave.Outputs.PRESSIP\OutputValue	8.0	50.0	-85.1	-1.0	0.0	-1.0	-1.0	-1.0	0.0	0.0	0.0	-1.0	-1.0	0.0	0.0	0.0	-1.0	0.0
20:33:08	193.0	220.1	219.7	221.0	180.4	173.2	170.1	176.9	186.2	182.3	0.0	0.1	0.0	39.3	0.0	0.1	0.0	221.0	170.1	-2.9	-4.5	192.2	195.6	135.1	134.9	134.2	133.3	100.7	193.0	17.1	0.0	132.1	132.1	40.0	45.8	17.4	64.3	-1.0	0.0	.Autoclave.Outputs.PRESSIP\OutputValue	8.0	51.0	-86.0	-1.0	0.0	-1.0	-1.0	-1.0	0.0	0.0	0.0	-1.0	-1.0	0.0	0.0	0.0	-1.0	0.0
20:34:08	194.0	217.2	216.6	218.0	176.5	169.1	165.8	173.2	182.4	178.4	0.0	0.1	0.0	39.1	0.0	0.1	0.0	218.0	165.8	-2.9	-4.6	188.6	191.9	131.8	131.8	131.0	130.3	100.7	194.0	18.1	0.0	127.6	127.6	40.0	37.4	17.0	67.0	-1.0	0.0	.Autoclave.Outputs.PRESSIP\OutputValue	8.0	52.3	-86.3	-1.0	0.0	-1.0	-1.0	-1.0	0.0	0.0	0.0	-1.0	-1.0	0.0	0.0	0.0	-1.0	0.0
20:35:08	195.0	214.2	213.4	215.1	172.6	165.7	162.0	169.6	178.7	174.9	-0.1	0.1	0.0	39.5	0.0	0.1	-0.1	215.1	162.0	-2.9	-3.9	185.1	188.5	129.1	129.0	128.3	127.9	100.9	195.0	19.1	0.0	123.1	123.1	40.0	24.9	16.5	63.0	-1.0	0.0	.Autoclave.Outputs.PRESSIP\OutputValue	8.0	53.1	-86.0	-1.0	0.0	-1.0	-1.0	-1.0	0.0	0.0	0.0	-1.0	-1.0	0.0	0.0	0.0	-1.0	0.0
20:36:08	196.0	211.1	210.2	212.0	168.9	161.3	158.2	166.0	175.3	171.3	0.0	0.1	0.0	39.3	0.0	0.1	0.0	212.0	158.2	-3.2	-4.1	181.6	185.1	126.3	126.3	125.6	125.6	100.7	196.0	20.1	0.0	118.6	118.6	40.0	12.9	15.9	65.1	-1.0	0.0	.Autoclave.Outputs.PRESSIP\OutputValue	8.0	53.8	-85.7	-1.0	0.0	-1.0	-1.0	-1.0	0.0	0.0	0.0	-1.0	-1.0	0.0	0.0	0.0	-1.0	0.0
20:37:08	197.0	207.8	207.1	209.0	165.4	157.8	154.5	162.7	171.2	167.8	-0.1	0.1	0.1	39.1	0.0	0.1	-0.1	209.0	154.5	-3.0	-3.8	178.1	181.7	124.0	124.0	123.2	123.6	100.7	197.0	21.1	0.0	114.1	114.1	40.0	0.0	0.0	67.2	-1.0	0.0	.Autoclave.Outputs.PRESSIP\OutputValue	8.0	54.5	-85.0	-1.0	0.0	-1.0	-1.0	-1.0	0.0	0.0	0.0	-1.0	-1.0	0.0	0.0	0.0	-1.0	0.0
20:38:08	198.0	204.8	204.0	205.8	161.5	154.0	151.0	159.3	167.9	164.1	-0.1	0.0	0.1	39.6	0.0	0.1	-0.1	205.8	151.0	-2.9	-3.9	174.7	178.4	122.1	122.1	121.4	121.9	100.8	198.0	22.1	0.0	109.6	109.6	40.0	0.0	0.0	62.4	-1.0	0.0	.Autoclave.Outputs.PRESSIP\OutputValue	8.0	54.8	-83.6	-1.0	0.0	-1.0	-1.0	-1.0	0.0	0.0	0.0	-1.0	-1.0	0.0	0.0	0.0	-1.0	0.0
20:39:08	199.0	201.8	200.9	202.8	158.5	150.9	147.8	156.0	164.1	160.8	-0.1	0.1	0.1	39.3	0.0	0.1	-0.1	202.8	147.8	-3.0	-3.8	171.5	175.3	120.1	120.1	119.5	120.1	100.9	199.0	23.1	0.0	105.1	105.1	40.0	0.0	0.0	64.5	-1.0	0.0	.Autoclave.Outputs.PRESSIP\OutputValue	8.0	55.0	-82.6	-1.0	0.0	-1.0	-1.0	-1.0	0.0	0.0	0.0	-1.0	-1.0	0.0	0.0	0.0	-1.0	0.0
20:40:08	200.0	198.6	197.8	199.7	155.2	147.5	144.9	153.5	161.2	158.1	0.0	0.0	0.1	39.2	0.0	0.1	0.0	199.7	144.9	-2.9	-3.2	168.5	172.3	118.6	118.6	117.8	118.6	100.9	200.0	24.1	0.0	100.6	100.6	40.0	0.0	0.0	66.0	-1.0	0.0	.Autoclave.Outputs.PRESSIP\OutputValue	8.0	54.8	-81.0	-1.0	0.0	-1.0	-1.0	-1.0	0.0	0.0	0.0	-1.0	-1.0	0.0	0.0	0.0	-1.0	0.0
20:41:08	201.0	195.6	194.8	196.7	152.2	144.6	141.9	150.4	158.1	155.1	0.0	0.0	0.1	39.1	0.0	0.1	0.0	196.7	141.9	-2.9	-3.3	165.5	169.3	116.8	116.8	116.3	117.1	100.8	201.0	25.1	0.0	96.1	96.1	40.0	0.0	0.0	67.3	-1.0	0.0	.Autoclave.Outputs.PRESSIP\OutputValue	8.0	54.8	-79.8	-1.0	0.0	-1.0	-1.0	-1.0	0.0	0.0	0.0	-1.0	-1.0	0.0	0.0	0.0	-1.0	0.0
20:42:08	202.0	192.6	191.6	193.7	149.0	142.0	139.4	148.1	155.2	152.3	-0.1	0.0	0.1	39.5	0.0	0.1	-0.1	193.7	139.4	-2.5	-3.3	162.6	166.5	115.5	115.4	114.9	115.9	100.8	202.0	26.1	0.0	91.6	91.6	40.0	0.0	0.0	62.4	-1.0	0.0	.Autoclave.Outputs.PRESSIP\OutputValue	8.0	54.3	-78.1	-1.0	0.0	-1.0	-1.0	-1.0	0.0	0.0	0.0	-1.0	-1.0	0.0	0.0	0.0	-1.0	0.0
20:43:08	203.0	189.8	188.8	190.8	146.5	139.3	136.8	145.4	152.3	149.4	-0.1	0.1	0.1	39.4	0.0	0.1	-0.1	190.8	136.8	-2.5	-3.3	159.9	163.8	114.1	114.1	113.5	114.7	100.8	203.0	27.1	0.0	87.1	87.1	40.0	0.0	0.0	63.8	-1.0	0.0	.Autoclave.Outputs.PRESSIP\OutputValue	8.0	54.0	-76.6	-1.0	0.0	-1.0	-1.0	-1.0	0.0	0.0	0.0	-1.0	-1.0	0.0	0.0	0.0	-1.0	0.0
20:44:08	204.0	186.7	186.0	187.8	143.6	137.0	134.2	142.6	149.6	146.7	0.0	0.0	0.1	39.3	0.0	0.1	0.0	187.8	134.2	-2.1	-3.0	157.1	161.0	113.0	112.9	112.3	113.4	100.8	204.0	28.1	0.0	82.6	82.6	40.0	0.0	0.0	64.9	-1.0	0.0	.Autoclave.Outputs.PRESSIP\OutputValue	8.0	53.6	-74.7	-1.0	0.0	-1.0	-1.0	-1.0	0.0	0.0	0.0	-1.0	-1.0	0.0	0.0	0.0	-1.0	0.0
20:45:08	205.0	183.9	182.9	185.0	141.4	134.6	132.0	140.4	147.0	144.0	0.0	0.0	0.1	39.2	0.0	0.1	0.0	185.0	132.0	-2.2	-3.5	154.6	158.5	111.5	111.5	111.0	112.5	100.7	205.0	29.1	0.0	80.0	80.0	40.0	0.0	0.0	66.2	-1.0	0.0	.Autoclave.Outputs.PRESSIP\OutputValue	8.0	53.0	-73.4	-1.0	0.0	-1.0	-1.0	-1.0	0.0	0.0	0.0	-1.0	-1.0	0.0	0.0	0.0	-1.0	0.0
20:46:08	206.0	181.0	180.3	182.3	139.0	132.3	129.8	138.3	144.2	141.8	0.0	0.1	0.1	39.1	0.0	0.1	0.0	182.3	129.8	-2.1	-3.0	152.1	156.0	110.5	110.5	110.1	111.2	100.6	206.0	30.1	0.0	80.0	80.0	40.0	0.0	0.0	67.2	-1.0	0.0	.Autoclave.Outputs.PRESSIP\OutputValue	8.0	52.5	-71.7	-1.0	0.0	-1.0	-1.0	-1.0	0.0	0.0	0.0	-1.0	-1.0	0.0	0.0	0.0	-1.0	0.0
20:47:08	207.0	178.3	177.6	179.3	136.6	129.8	127.8	136.1	142.0	139.4	-0.1	0.0	0.1	39.6	0.0	0.1	-0.1	179.3	127.8	-2.0	-2.9	149.6	153.5	109.5	109.5	109.2	110.6	100.8	207.0	31.1	0.0	80.0	80.0	40.0	0.0	0.0	62.1	-1.0	0.0	.Autoclave.Outputs.PRESSIP\OutputValue	8.0	51.5	-69.7	-1.0	0.0	-1.0	-1.0	-1.0	0.0	0.0	0.0	-1.0	-1.0	0.0	0.0	0.0	-1.0	0.0
20:48:08	208.0	175.6	174.9	176.6	134.5	128.6	125.8	133.7	139.4	136.9	0.0	0.1	0.1	39.5	0.0	0.1	0.0	176.6	125.8	-1.8	-2.9	147.3	151.2	108.6	108.5	108.1	109.6	100.7	208.0	32.1	0.0	80.0	80.0	40.0	0.0	0.0	63.2	-1.0	0.0	.Autoclave.Outputs.PRESSIP\OutputValue	8.0	50.8	-67.9	-1.0	0.0	-1.0	-1.0	-1.0	0.0	0.0	0.0	-1.0	-1.0	0.0	0.0	0.0	-1.0	0.0
20:49:08	209.0	172.8	172.2	174.0	132.5	126.3	123.9	131.7	137.2	134.8	0.0	0.0	0.1	39.4	0.0	0.1	0.0	174.0	123.9	-1.8	-2.9	145.0	148.9	107.5	107.5	107.0	108.8	100.7	209.0	33.1	0.0	80.0	80.0	40.0	0.0	0.0	64.0	-1.0	0.0	.Autoclave.Outputs.PRESSIP\OutputValue	8.0	50.1	-66.4	-1.0	0.0	-1.0	-1.0	-1.0	0.0	0.0	0.0	-1.0	-1.0	0.0	0.0	0.0	-1.0	0.0
20:50:08	210.0	170.5	169.6	171.5	130.1	124.4	122.4	130.0	135.0	132.8	0.0	0.0	0.0	39.3	0.0	0.0	0.0	171.5	122.4	-1.5	-2.7	142.9	146.9	106.6	106.7	106.4	107.8	100.6	210.0	34.1	0.0	80.0	80.0	40.0	0.0	0.0	64.7	-1.0	0.0	.Autoclave.Outputs.PRESSIP\OutputValue	8.0	49.1	-64.8	-1.0	0.0	-1.0	-1.0	-1.0	0.0	0.0	0.0	-1.0	-1.0	0.0	0.0	0.0	-1.0	0.0
20:51:08	211.0	167.7	167.0	168.8	128.6	122.7	120.7	128.1	132.8	130.7	0.0	0.1	0.0	39.2	0.0	0.1	0.0	168.8	120.7	-1.6	-2.7	140.8	144.7	105.9	105.8	105.5	107.1	100.7	211.0	35.1	0.0	80.0	80.0	40.0	0.0	0.0	65.6	-1.0	0.0	.Autoclave.Outputs.PRESSIP\OutputValue	8.0	48.1	-62.8	-1.0	0.0	-1.0	-1.0	-1.0	0.0	0.0	0.0	-1.0	-1.0	0.0	0.0	0.0	-1.0	0.0
20:52:08	212.0	165.3	164.7	166.4	126.6	121.5	119.2	126.3	130.9	128.7	0.0	0.1	0.1	39.2	0.0	0.1	0.0	166.4	119.2	-1.6	-2.6	138.8	142.8	104.9	104.9	104.6	106.4	100.5	212.0	36.1	0.0	80.0	80.0	40.0	0.0	0.0	66.4	-1.0	0.0	.Autoclave.Outputs.PRESSIP\OutputValue	8.0	47.2	-61.4	-1.0	0.0	-1.0	-1.0	-1.0	0.0	0.0	0.0	-1.0	-1.0	0.0	0.0	0.0	-1.0	0.0
20:53:08	213.0	163.0	162.4	164.0	124.9	119.7	117.7	124.8	129.1	127.1	0.0	0.0	0.1	39.1	0.0	0.1	0.0	164.0	117.7	-0.8	-2.5	137.0	140.8	104.5	104.5	104.0	105.7	100.5	213.0	37.1	0.0	80.0	80.0	40.0	0.0	0.0	67.3	-1.0	0.0	.Autoclave.Outputs.PRESSIP\OutputValue	8.0	46.3	-59.4	-1.0	0.0	-1.0	-1.0	-1.0	0.0	0.0	0.0	-1.0	-1.0	0.0	0.0	0.0	-1.0	0.0
20:54:08	214.0	160.7	159.9	161.6	123.5	118.1	116.4	123.2	127.2	125.4	0.0	0.1	0.1	39.6	0.0	0.1	0.0	161.6	116.4	-1.4	-2.7	135.1	139.0	103.7	103.7	103.5	105.3	100.4	214.0	38.1	0.0	80.0	80.0	40.0	0.0	0.0	62.4	-1.0	0.0	.Autoclave.Outputs.PRESSIP\OutputValue	8.0	45.2	-57.8	-1.0	0.0	-1.0	-1.0	-1.0	0.0	0.0	0.0	-1.0	-1.0	0.0	0.0	0.0	-1.0	0.0
20:55:08	215.0	158.4	157.9	159.4	121.8	116.8	115.3	121.8	125.8	124.0	0.0	0.1	0.1	39.5	0.0	0.1	0.0	159.4	115.3	-1.2	-2.4	133.5	137.3	103.3	103.3	102.8	104.6	100.5	215.0	39.1	0.0	80.0	80.0	40.0	0.0	0.0	62.8	-1.0	0.0	.Autoclave.Outputs.PRESSIP\OutputValue	8.0	44.1	-56.0	-1.0	0.0	-1.0	-1.0	-1.0	0.0	0.0	0.0	-1.0	-1.0	0.0	0.0	0.0	-1.0	0.0
20:56:08	216.0	156.2	155.5	157.0	120.0	115.3	113.9	120.2	123.5	122.0	0.0	0.1	0.1	39.4	0.0	0.1	0.0	157.0	113.9	-1.3	-2.6	131.5	135.4	102.5	102.5	102.0	104.0	100.5	216.0	40.1	0.0	80.0	80.0	40.0	0.0	0.0	63.8	-1.0	0.0	.Autoclave.Outputs.PRESSIP\OutputValue	8.0	43.1	-54.4	-1.0	0.0	-1.0	-1.0	-1.0	0.0	0.0	0.0	-1.0	-1.0	0.0	0.0	0.0	-1.0	0.0
20:57:08	217.0	154.2	153.5	154.8	119.1	114.5	112.7	119.0	122.4	120.8	0.0	0.0	0.1	39.4	0.0	0.1	0.0	154.8	112.7	-1.0	-2.3	130.1	133.7	102.2	102.1	101.4	103.7	100.6	217.0	41.1	0.0	80.0	80.0	40.0	0.0	0.0	64.1	-1.0	0.0	.Autoclave.Outputs.PRESSIP\OutputValue	8.0	42.1	-52.5	-1.0	0.0	-1.0	-1.0	-1.0	0.0	0.0	0.0	-1.0	-1.0	0.0	0.0	0.0	-1.0	0.0
20:58:08	218.0	152.2	151.5	152.8	117.1	113.1	111.5	117.5	121.0	119.2	0.0	0.0	0.1	39.3	0.0	0.1	0.0	152.8	111.5	-1.2	-1.9	128.4	132.1	101.5	101.5	100.8	103.2	100.5	218.0	42.1	0.0	80.0	80.0	40.0	0.0	0.0	65.1	-1.0	0.0	.Autoclave.Outputs.PRESSIP\OutputValue	8.0	41.3	-51.2	-1.0	0.0	-1.0	-1.0	-1.0	0.0	0.0	0.0	-1.0	-1.0	0.0	0.0	0.0	-1.0	0.0
20:59:08	219.0	150.1	149.4	150.8	116.2	111.6	110.6	116.0	119.5	117.8	0.0	0.1	0.1	39.2	0.0	0.1	0.0	150.8	110.6	-0.9	-2.2	126.9	130.7	101.1	101.0	100.4	102.8	100.6	219.0	43.1	0.0	80.0	80.0	40.0	0.0	0.0	65.6	-1.0	0.0	.Autoclave.Outputs.PRESSIP\OutputValue	8.0	40.2	-49.6	-1.0	0.0	-1.0	-1.0	-1.0	0.0	0.0	0.0	-1.0	-1.0	0.0	0.0	0.0	-1.0	0.0
21:00:08	220.0	148.2	147.7	148.8	115.1	110.9	109.6	115.0	117.8	116.7	0.0	0.1	0.1	39.2	0.0	0.1	0.0	148.8	109.6	-0.6	-2.0	125.5	129.2	100.7	100.7	99.9	102.3	100.6	220.0	44.1	0.0	80.0	80.0	40.0	0.0	0.0	66.0	-1.0	0.0	.Autoclave.Outputs.PRESSIP\OutputValue	8.0	39.2	-48.0	-1.0	0.0	-1.0	-1.0	-1.0	0.0	0.0	0.0	-1.0	-1.0	0.0	0.0	0.0	-1.0	0.0
21:00:32	220.4	147.5	146.9	148.0	114.5	110.3	109.3	114.6	117.7	116.0	0.0	0.0	0.1	39.2	0.0	0.1	0.0	148.0	109.3	-0.8	-2.0	125.0	128.6	100.5	100.5	99.7	102.2	100.6	220.4	44.5	0.0	80.0	80.0	40.0	0.0	0.0	66.2	-1.0	0.0	.Autoclave.Outputs.PRESSIP\OutputValue	8.0	38.7	-47.5	-1.0	0.0	-1.0	-1.0	-1.0	0.0	0.0	0.0	-1.0	-1.0	0.0	0.0	0.0	-1.0	0.0
21:01:08	221.0	146.4	145.7	146.9	113.6	109.8	108.6	113.4	116.3	115.3	0.0	0.0	0.1	34.6	0.0	0.1	0.0	146.9	108.6	-0.7	-2.0	124.0	127.7	98.1	98.1	97.4	99.4	99.9	221.0	0.6	0.0	80.0	80.0	34.0	0.0	0.0	47.4	-1.0	0.0	.Autoclave.Outputs.PRESSIP\OutputValue	7.4	38.3	-48.7	-1.0	0.0	-1.0	-1.0	-1.0	0.0	0.0	0.0	-1.0	-1.0	-1.0	0.0	0.0	-1.0	0.0
21:02:08	222.0	144.6	144.0	145.1	112.0	108.4	107.4	111.6	114.9	113.6	0.0	0.1	0.0	24.1	0.0	0.1	0.0	145.1	107.4	-1.2	-1.8	122.4	126.2	94.3	94.2	93.6	95.5	98.9	222.0	1.6	0.0	80.0	80.0	23.9	0.0	0.0	52.3	-1.0	0.0	.Autoclave.Outputs.PRESSIP\OutputValue	6.1	37.7	-50.7	-1.0	0.0	-1.0	-1.0	-1.0	0.0	0.0	0.0	-1.0	-1.0	-1.0	0.0	0.0	-1.0	0.0
21:03:08	223.0	143.1	142.5	143.4	110.7	107.2	106.2	110.5	113.7	112.2	0.0	0.0	0.1	14.5	0.0	0.1	0.0	143.4	106.2	-1.0	-1.8	121.1	124.8	91.2	91.2	90.5	92.8	98.3	223.0	2.6	0.0	80.0	80.0	13.9	0.0	0.0	48.9	-1.0	0.0	.Autoclave.Outputs.PRESSIP\OutputValue	4.6	37.2	-52.1	-1.0	0.0	-1.0	-1.0	-1.0	0.0	0.0	0.0	-1.0	-1.0	-1.0	0.0	0.0	-1.0	0.0
21:04:08	224.0	141.6	141.0	141.9	109.6	106.0	105.1	109.3	112.6	111.0	0.0	0.0	0.0	5.3	0.0	0.0	0.0	141.9	105.1	-1.0	-1.6	119.8	123.5	88.4	88.4	87.6	90.6	97.4	224.0	3.6	0.0	80.0	80.0	3.9	0.0	0.0	39.5	-1.0	0.0	.Autoclave.Outputs.PRESSIP\OutputValue	2.8	36.8	-53.4	-1.0	0.0	-1.0	-1.0	-1.0	0.0	0.0	0.0	-1.0	-1.0	-1.0	0.0	0.0	-1.0	0.0
21:05:01	224.9	140.5	140.0	140.6	109.1	105.9	104.1	108.1	111.2	110.0	0.0	-0.1	0.0	1.0	0.0	0.0	-0.1	140.6	104.1	-0.8	-1.8	118.8	122.3	88.0	88.1	87.4	90.9	97.5	224.9	4.5	0.0	80.0	80.0	0.0	0.0	0.0	39.3	-1.0	0.0	.Autoclave.Outputs.PRESSIP\OutputValue	-0.6	36.5	-52.5	-1.0	0.0	-1.0	-1.0	-1.0	0.0	0.0	0.0	-1.0	-1.0	-1.0	0.0	0.0	-1.0	0.0
