Filename:	AC(7x15)_20160714-002.DAT
LoadNumber:	5504
Filepath:	C:\ASC DATA
Equipment:	Autoclave, 7x15
Run Recipe:	Recipes\AIDC\BELL\G15   BELL 270F 40P
Run Date:	Thursday, July 14, 2016
Run Time:	12:27:52
File Length:	178539
OperatorName:	OPERATOR

PART INFORMATION

PART INDEX #1
Part Number:	212-030-014-001D
Serial Number:	22671121
Part Name:	
Part TCs:	PTC17	PTC16	PTC18	
Part Probes:	VPRB2	
Other Sensors:	

PART INDEX #2
Part Number:	429-030-458-109V
Serial Number:	22678280
Part Name:	
Part TCs:	PTC13	PTC14	PTC15	
Part Probes:	VPRB3	
Other Sensors:	

PART INDEX #3


Time	Elapsed	PTC6	PTC7	PTC9	PTC10	PTC11	PTC12	PTC13	PTC14	PTC15	PTC16	PTC17	PTC18	PTC19	PTC22	PTC24	VPRB2	VPRB3	VPRB4	VPRB7	VPRB9	PRESS	SVAC	HIPRB	LOPRB	HITC	LOTC	HIRATE	LORATE	AVGTC	MEAN	AIRTC	AIRTC1	AIRTC2	HILIMTC	CAPSTC	RUNTIME	SEGTIME	SEGTIMELEFT	TSET_AIR	TSET_PART	PSET	TEMPOUT	TEMPINT	PRESSOUT	COOLIP	SCROUT	PRESSIP	PRESSINT	SPREAD	AIRPARTDELTA	CAPSFLOW	SILENCE	BARLOCK	HIPSI	FANON	HYDON	FANSTARTSTOPPB	HYDPMPSTARTSTOPPB	COOLCNTRLONOFFSW	PRESSCNTRLONOFFSW	PRESSDUMPSW	PCMANUALSW	HILIMIT	BLWRMTRHILIMIT	MANINSIDE
HH:MM:SS	Mins	Deg.F	Deg.F	Deg.F	Deg.F	Deg.F	Deg.F	Deg.F	Deg.F	Deg.F	Deg.F	Deg.F	Deg.F	Deg.F	Deg.F	Deg.F	"Hg	"Hg	"Hg	"Hg	"Hg	Psig	"Hg			Deg.F	Deg.F	Deg.F	Deg.F	Deg.F	Deg.F	Deg.F	Deg.F	Deg.F	Deg.F	Deg.F	Mins	Mins	Mins	Deg.F	Deg.F	Psig				%	%	%	%	Deg.F	Deg.F															
09:05:03	0.0	78.0	78.5	78.4	76.9	76.1	75.8	77.2	76.6	76.6	78.6	78.7	78.5	80.4	76.6	77.7	-27.9	-27.9	-27.5	-27.9	-27.8	-0.4	-28.0	-27.5	-27.9	80.4	75.8	0.2	0.0	77.6	78.1	90.6	90.6	90.0	101.8	99.9	291.5	0.0	0.0	70.0	70.0	0.0	0.0	0.0	50.0	0.0	0.0	.Autoclave.Outputs.PRESSIP\OutputValue	8.0	4.5	10.3	-1.0	0.0	-1.0	-1.0	0.0	0.0	0.0	0.0	-1.0	-1.0	-1.0	0.0	0.0	-1.0	0.0
09:05:05	0.0	78.0	78.5	78.4	76.9	76.1	75.8	77.2	76.6	76.6	78.6	78.7	78.5	80.4	76.6	77.7	-27.9	-27.9	-27.5	-27.9	-27.8	-0.4	-28.0	-27.5	-27.9	80.4	75.8	0.2	0.0	77.6	78.1	90.6	90.6	90.0	101.8	99.9	291.5	0.0	0.0	70.0	70.0	0.0	0.0	0.0	50.0	0.0	0.0	.Autoclave.Outputs.PRESSIP\OutputValue	8.0	4.5	10.3	-1.0	0.0	-1.0	-1.0	0.0	0.0	0.0	0.0	-1.0	-1.0	-1.0	0.0	0.0	-1.0	0.0
09:05:05	0.0	78.0	78.4	78.5	76.9	76.1	75.8	77.2	76.6	76.7	78.6	78.7	78.6	80.4	76.6	77.9	-27.8	-27.8	-27.8	-27.9	-27.7	-0.4	-28.0	-27.7	-27.9	80.4	75.8	0.2	0.0	77.7	78.1	90.6	90.7	90.1	101.7	99.9	291.5	0.0	0.0	70.0	70.0	0.0	0.0	0.0	50.0	0.0	0.0	.Autoclave.Outputs.PRESSIP\OutputValue	8.0	4.5	10.3	-1.0	0.0	-1.0	-1.0	0.0	0.0	0.0	0.0	-1.0	-1.0	-1.0	0.0	0.0	-1.0	0.0
09:05:05	0.0	78.0	78.4	78.5	76.9	76.1	75.8	77.2	76.6	76.7	78.6	78.7	78.6	80.4	76.6	77.9	-27.8	-27.8	-27.8	-27.9	-27.7	-0.4	-28.0	-27.7	-27.9	80.4	75.8	0.2	0.0	77.7	78.1	90.6	90.7	90.1	101.7	99.9	291.5	0.0	0.0	70.0	70.0	0.0	0.0	0.0	50.0	0.0	0.0	.Autoclave.Outputs.PRESSIP\OutputValue	8.0	4.5	10.3	-1.0	0.0	-1.0	-1.0	0.0	0.0	0.0	0.0	-1.0	-1.0	-1.0	0.0	0.0	-1.0	0.0
09:06:06	1.1	78.4	78.9	78.8	77.9	76.7	77.0	77.9	79.0	77.8	79.4	79.3	79.2	80.8	77.0	78.5	-27.8	-27.8	-27.6	-27.9	-27.7	1.0	-28.0	-27.6	-27.9	80.8	76.7	2.0	0.3	78.4	78.7	91.1	91.1	90.5	94.2	97.7	1.0	1.0	0.0	88.9	84.9	1.5	31.8	-0.3	63.1	-1.0	0.0	.Autoclave.Outputs.PRESSIP\OutputValue	8.0	4.0	10.4	-1.0	0.0	-1.0	-1.0	-1.0	0.0	0.0	0.0	-1.0	-1.0	0.0	0.0	0.0	-1.0	0.0
09:07:06	2.1	79.0	79.6	79.6	78.3	77.1	78.1	78.7	80.9	79.0	80.2	80.1	80.1	81.3	77.6	79.3	-27.8	-27.8	-27.7	-27.8	-27.7	2.0	-28.0	-27.7	-27.8	81.3	77.1	1.9	0.4	79.3	79.2	94.5	94.5	93.9	108.5	97.3	2.0	2.0	0.0	97.4	89.4	3.0	68.0	-0.2	68.1	0.0	36.0	.Autoclave.Outputs.PRESSIP\OutputValue	8.0	4.1	13.3	-1.0	0.0	-1.0	-1.0	-1.0	0.0	0.0	0.0	-1.0	-1.0	0.0	0.0	0.0	-1.0	0.0
09:08:05	3.0	80.0	80.6	80.6	79.4	78.0	79.6	79.8	83.3	80.6	81.5	81.3	81.4	82.3	78.5	80.8	-27.8	-27.8	-27.6	-27.9	-27.7	3.5	-28.0	-27.6	-27.9	83.3	78.0	2.7	0.8	80.5	80.7	101.8	101.8	101.2	113.6	97.4	3.0	3.0	0.0	104.3	93.9	4.5	65.2	0.0	67.9	0.0	30.4	.Autoclave.Outputs.PRESSIP\OutputValue	8.0	5.3	18.5	-1.0	0.0	-1.0	-1.0	-1.0	0.0	0.0	0.0	-1.0	-1.0	0.0	0.0	0.0	-1.0	0.0
09:09:06	4.1	81.3	82.1	82.1	80.6	79.0	81.2	81.1	85.8	82.5	83.1	82.5	82.8	83.1	79.5	82.3	-27.8	-27.7	-27.5	-27.8	-27.7	5.1	-28.0	-27.5	-27.8	85.8	79.0	2.4	-2.8	81.9	82.4	108.4	108.4	107.9	121.0	97.6	4.0	4.0	0.0	110.9	98.4	6.0	64.2	0.3	66.9	0.0	28.4	.Autoclave.Outputs.PRESSIP\OutputValue	8.0	6.8	22.6	-1.0	0.0	-1.0	-1.0	-1.0	0.0	0.0	0.0	-1.0	-1.0	0.0	0.0	0.0	-1.0	0.0
09:10:06	5.1	82.8	83.7	83.7	82.1	80.2	83.0	82.4	88.4	84.3	84.8	84.1	84.5	84.0	80.8	83.8	-27.8	-27.7	-27.5	-27.8	-27.7	6.7	-28.0	-27.5	-27.8	88.4	80.2	5.1	1.0	83.5	84.3	115.0	115.0	114.5	128.3	97.8	5.0	5.0	0.0	117.3	102.9	7.5	63.1	0.5	66.1	0.0	26.1	.Autoclave.Outputs.PRESSIP\OutputValue	8.0	8.2	26.6	-1.0	0.0	-1.0	-1.0	-1.0	0.0	0.0	0.0	-1.0	-1.0	0.0	0.0	0.0	-1.0	0.0
09:11:06	6.0	84.7	85.6	85.8	83.6	81.4	85.0	83.7	91.0	86.5	87.2	85.8	86.5	85.3	81.9	85.8	-27.8	-27.6	-27.0	-27.9	-27.7	8.3	-28.0	-27.0	-27.9	91.0	81.4	2.7	1.1	85.3	86.2	121.4	121.4	120.7	134.4	98.1	6.0	6.0	0.0	123.7	107.4	9.0	63.9	0.7	65.2	0.0	27.8	.Autoclave.Outputs.PRESSIP\OutputValue	8.0	9.6	30.4	-1.0	0.0	-1.0	-1.0	-1.0	0.0	0.0	0.0	-1.0	-1.0	0.0	0.0	0.0	-1.0	0.0
09:12:05	7.0	86.9	87.8	87.9	85.5	82.8	87.3	85.5	93.9	89.0	89.5	87.9	88.8	86.7	83.4	87.7	-27.7	-27.6	-27.5	-27.9	-27.7	9.9	-28.0	-27.5	-27.9	93.9	82.8	2.9	1.4	87.4	88.4	127.4	127.4	126.8	140.1	98.0	7.0	7.0	0.0	130.0	111.9	10.5	65.3	1.0	63.8	0.0	30.6	.Autoclave.Outputs.PRESSIP\OutputValue	8.0	11.1	33.5	-1.0	0.0	-1.0	-1.0	-1.0	0.0	0.0	0.0	-1.0	-1.0	0.0	0.0	0.0	-1.0	0.0
09:12:27	7.4	87.9	88.6	88.8	85.8	83.3	88.2	85.9	94.9	89.7	90.3	88.5	89.6	87.2	84.1	88.5	-27.7	-27.5	-27.4	-27.8	-27.6	10.1	-28.0	-27.4	-27.8	94.9	83.3	2.8	1.4	88.1	89.1	129.2	129.3	128.7	142.4	98.0	7.4	7.3	0.0	131.9	113.4	11.0	67.9	1.0	68.2	0.0	35.8	.Autoclave.Outputs.PRESSIP\OutputValue	8.0	11.6	34.4	-1.0	0.0	-1.0	-1.0	-1.0	0.0	0.0	0.0	-1.0	-1.0	0.0	0.0	0.0	-1.0	0.0
09:13:06	8.1	89.6	90.3	90.6	86.9	84.4	89.6	87.3	96.8	91.2	92.1	89.9	91.2	88.1	85.2	90.0	-27.7	-27.6	-27.5	-27.8	-27.6	11.0	-28.0	-27.5	-27.8	96.8	84.4	3.0	0.8	89.5	90.6	132.9	132.9	132.3	146.8	98.0	8.0	0.7	0.0	135.8	116.4	12.0	68.3	1.2	67.9	0.0	36.5	.Autoclave.Outputs.PRESSIP\OutputValue	8.0	12.4	36.1	-1.0	0.0	-1.0	-1.0	-1.0	0.0	0.0	0.0	-1.0	-1.0	0.0	0.0	0.0	-1.0	0.0
09:14:06	9.0	92.3	93.3	93.5	89.0	86.2	92.4	89.4	100.4	94.1	95.1	92.6	94.3	89.8	87.1	92.6	-25.3	-25.1	-23.7	-24.9	-25.4	12.7	-24.4	-23.7	-25.4	100.4	86.2	3.4	1.7	92.1	93.3	138.8	138.9	138.3	151.7	98.2	9.0	1.7	0.0	141.5	120.9	13.5	67.3	1.5	66.2	0.0	34.5	.Autoclave.Outputs.PRESSIP\OutputValue	8.0	14.2	38.4	-1.0	0.0	-1.0	-1.0	-1.0	0.0	0.0	0.0	-1.0	-1.0	0.0	0.0	0.0	-1.0	0.0
09:15:05	10.0	95.4	96.3	96.6	91.8	88.3	95.1	91.9	103.9	97.0	98.2	95.4	97.5	91.7	88.4	95.4	-19.5	-19.5	-19.0	-19.4	-19.6	14.4	-19.2	-19.0	-19.6	103.9	88.3	3.7	1.8	94.9	96.1	144.1	144.1	143.4	157.1	98.3	10.0	2.7	0.0	146.6	125.3	15.0	67.3	1.7	63.6	0.0	34.6	.Autoclave.Outputs.PRESSIP\OutputValue	8.0	15.6	40.2	-1.0	0.0	-1.0	-1.0	-1.0	0.0	0.0	0.0	-1.0	-1.0	0.0	0.0	0.0	-1.0	0.0
09:16:05	11.0	98.8	99.6	100.0	93.7	90.3	98.5	94.0	107.4	100.6	101.4	98.4	100.7	93.5	90.5	98.2	-14.3	-14.3	-14.1	-14.3	-14.3	15.8	-14.1	-14.1	-14.3	107.4	90.3	4.0	1.9	97.7	98.9	149.7	149.7	149.0	163.4	98.4	11.0	3.7	0.0	152.2	129.9	16.5	67.6	2.0	64.7	0.0	35.2	.Autoclave.Outputs.PRESSIP\OutputValue	8.0	17.1	42.3	-1.0	0.0	-1.0	-1.0	-1.0	0.0	0.0	0.0	-1.0	-1.0	0.0	0.0	0.0	-1.0	0.0
09:17:06	12.0	102.3	103.2	103.6	96.6	92.7	101.4	96.9	111.1	103.8	105.0	101.5	104.2	95.6	93.6	101.2	-9.1	-9.2	-8.8	-9.1	-9.1	17.2	-8.9	-8.8	-9.2	111.1	92.7	3.6	2.1	100.9	101.9	154.9	155.0	154.3	167.9	98.5	12.0	4.7	0.0	157.7	134.4	18.0	68.8	2.3	65.6	0.0	37.5	.Autoclave.Outputs.PRESSIP\OutputValue	8.0	18.4	43.8	-1.0	0.0	-1.0	-1.0	-1.0	0.0	0.0	0.0	-1.0	-1.0	0.0	0.0	0.0	-1.0	0.0
09:18:06	13.1	106.2	106.9	107.3	99.5	95.0	104.7	100.0	114.6	106.8	108.9	105.1	108.0	97.8	96.3	104.2	-4.6	-4.6	-4.3	-4.7	-4.6	18.9	-4.5	-4.3	-4.7	114.6	95.0	4.0	2.2	104.6	104.8	160.5	160.6	159.8	172.6	98.6	13.0	5.7	0.0	163.0	138.9	19.5	67.5	2.5	64.0	0.0	34.9	.Autoclave.Outputs.PRESSIP\OutputValue	8.0	19.6	45.9	-1.0	0.0	-1.0	-1.0	-1.0	0.0	0.0	0.0	-1.0	-1.0	0.0	0.0	0.0	-1.0	0.0
09:19:06	14.1	110.0	110.9	111.2	101.9	97.6	108.2	102.8	118.6	110.3	112.4	108.4	111.8	100.3	97.1	107.6	-1.9	-1.9	-1.6	-2.0	-1.8	20.3	-1.9	-1.6	-2.0	118.6	97.6	4.1	2.4	108.0	108.1	165.4	165.4	164.6	179.2	98.5	14.0	6.7	0.0	167.9	143.4	21.0	68.5	2.8	65.2	0.0	37.0	.Autoclave.Outputs.PRESSIP\OutputValue	8.0	21.0	46.8	-1.0	0.0	-1.0	-1.0	-1.0	0.0	0.0	0.0	-1.0	-1.0	0.0	0.0	0.0	-1.0	0.0
09:20:06	15.1	114.0	115.0	115.4	104.8	100.3	111.6	105.7	122.6	114.4	116.6	112.1	115.8	103.0	101.4	111.4	-0.8	-0.8	-0.6	-0.9	-0.8	21.7	-0.8	-0.6	-0.9	122.6	100.3	4.6	2.6	111.6	111.5	170.1	170.1	169.5	183.6	98.7	15.0	7.7	0.0	173.2	147.9	22.5	72.2	3.1	66.1	0.0	44.4	.Autoclave.Outputs.PRESSIP\OutputValue	8.0	22.3	47.5	-1.0	0.0	-1.0	-1.0	-1.0	0.0	0.0	0.0	-1.0	-1.0	0.0	0.0	0.0	-1.0	0.0
09:21:06	16.1	118.1	119.4	119.8	108.2	103.1	115.0	108.7	126.7	118.3	121.1	116.0	119.9	105.7	104.4	115.1	-0.4	-0.4	-0.3	-0.4	-0.3	23.3	-0.4	-0.3	-0.4	126.7	103.1	5.0	2.7	115.4	114.9	175.3	175.2	174.7	187.1	98.7	16.0	8.7	0.0	177.9	152.4	24.0	69.7	3.3	64.6	0.0	39.3	.Autoclave.Outputs.PRESSIP\OutputValue	8.0	23.6	48.6	-1.0	0.0	-1.0	-1.0	-1.0	0.0	0.0	0.0	-1.0	-1.0	0.0	0.0	0.0	-1.0	0.0
09:22:06	17.1	122.4	123.7	124.2	111.0	105.8	118.9	112.2	130.9	121.5	125.3	120.1	124.3	108.4	107.5	119.0	-0.2	0.0	0.0	-0.2	-0.1	24.6	-0.2	0.0	-0.2	130.9	105.8	4.5	2.7	119.1	118.4	180.0	180.0	179.3	194.2	98.7	17.0	9.7	0.0	182.7	156.9	25.5	70.5	3.6	68.4	0.0	41.0	.Autoclave.Outputs.PRESSIP\OutputValue	8.0	25.1	49.1	-1.0	0.0	-1.0	-1.0	-1.0	0.0	0.0	0.0	-1.0	-1.0	0.0	0.0	0.0	-1.0	0.0
09:23:06	18.1	126.8	128.2	128.7	114.4	108.8	122.8	115.6	135.2	126.7	129.8	124.1	128.6	111.4	110.6	123.0	0.0	0.0	0.4	-0.1	0.0	26.3	0.0	0.4	-0.1	135.2	108.8	4.6	2.8	123.2	122.0	185.2	185.2	184.5	196.8	98.9	18.0	10.7	0.0	187.6	161.4	27.0	68.8	3.9	65.0	0.0	37.6	.Autoclave.Outputs.PRESSIP\OutputValue	8.0	26.4	50.0	-1.0	0.0	-1.0	-1.0	-1.0	0.0	0.0	0.0	-1.0	-1.0	0.0	0.0	0.0	-1.0	0.0
09:24:06	19.1	131.2	132.8	133.2	117.8	111.9	127.1	119.0	139.5	129.8	134.1	128.2	133.0	114.5	113.9	127.0	0.0	0.0	0.2	-0.1	0.1	28.0	0.0	0.2	-0.1	139.5	111.9	4.9	3.2	127.1	125.7	189.6	189.6	189.0	203.5	98.9	19.0	11.7	0.0	192.4	165.9	28.5	70.3	4.2	64.5	0.0	40.6	.Autoclave.Outputs.PRESSIP\OutputValue	8.0	27.6	50.1	-1.0	0.0	-1.0	-1.0	-1.0	0.0	0.0	0.0	-1.0	-1.0	0.0	0.0	0.0	-1.0	0.0
09:25:06	20.1	135.4	137.3	137.8	121.2	115.1	131.2	122.7	144.5	133.6	138.7	132.5	137.7	117.7	117.4	131.3	0.0	0.1	0.1	0.0	0.1	29.0	0.0	0.1	0.0	144.5	115.1	4.9	3.1	131.2	129.8	193.5	193.5	192.8	206.9	99.0	20.0	12.7	0.0	196.7	170.4	30.0	73.3	4.4	67.7	0.0	46.6	.Autoclave.Outputs.PRESSIP\OutputValue	8.0	29.4	49.0	-1.0	0.0	-1.0	-1.0	-1.0	0.0	0.0	0.0	-1.0	-1.0	0.0	0.0	0.0	-1.0	0.0
09:26:05	21.0	139.7	141.9	142.4	124.9	118.5	134.8	126.4	148.4	137.8	143.8	137.2	142.4	120.9	120.9	135.7	0.0	0.1	0.2	-0.1	0.0	30.8	0.0	0.2	-0.1	148.4	118.5	5.0	3.2	134.4	133.5	198.9	199.0	198.4	210.8	99.2	21.0	13.7	0.0	201.3	174.8	31.5	65.2	4.7	65.5	0.0	30.5	.Autoclave.Outputs.PRESSIP\OutputValue	8.0	29.9	50.5	-1.0	0.0	-1.0	-1.0	-1.0	0.0	0.0	0.0	-1.0	-1.0	0.0	0.0	0.0	-1.0	0.0
09:27:06	22.0	143.6	146.8	147.3	128.6	121.9	139.4	130.4	152.8	141.8	148.6	142.0	147.1	124.4	124.7	140.0	0.0	0.1	0.1	0.0	0.1	32.4	0.0	0.1	0.0	152.8	121.9	5.8	3.5	138.6	137.4	203.6	203.6	202.9	215.3	99.1	22.0	14.7	0.0	205.9	179.4	33.0	67.9	4.9	64.2	0.0	35.9	.Autoclave.Outputs.PRESSIP\OutputValue	8.0	30.9	50.8	-1.0	0.0	-1.0	-1.0	-1.0	0.0	0.0	0.0	-1.0	-1.0	0.0	0.0	0.0	-1.0	0.0
09:28:06	23.1	147.5	151.5	152.1	132.8	125.5	144.1	134.3	157.7	147.3	153.3	146.5	151.9	127.8	128.8	144.4	0.0	0.1	0.2	-0.1	0.1	34.2	0.0	0.2	-0.1	157.7	125.5	5.0	2.3	143.0	141.6	207.7	207.8	207.1	220.9	99.4	23.0	15.7	0.0	210.1	183.9	34.5	69.5	5.2	60.7	0.0	38.9	.Autoclave.Outputs.PRESSIP\OutputValue	8.0	32.2	50.0	-1.0	0.0	-1.0	-1.0	-1.0	0.0	0.0	0.0	-1.0	-1.0	0.0	0.0	0.0	-1.0	0.0
09:29:05	24.0	151.2	156.2	156.7	136.1	129.3	148.5	138.1	162.3	152.8	158.2	151.2	156.7	131.4	132.8	149.0	0.0	0.1	0.1	0.0	0.1	35.2	0.0	0.1	0.0	162.3	129.3	5.6	3.6	147.4	145.8	211.7	211.6	211.0	224.0	99.4	24.0	16.7	0.0	214.3	188.3	36.0	70.8	5.5	66.4	0.0	41.5	.Autoclave.Outputs.PRESSIP\OutputValue	8.0	33.0	49.4	-1.0	0.0	-1.0	-1.0	-1.0	0.0	0.0	0.0	-1.0	-1.0	0.0	0.0	0.0	-1.0	0.0
09:30:06	25.0	154.7	161.1	161.7	140.4	133.1	153.0	142.2	166.7	155.7	163.4	156.2	161.9	135.3	136.7	153.8	0.0	0.1	0.2	0.0	0.1	36.9	0.0	0.2	0.0	166.7	133.1	5.2	3.4	151.7	149.9	216.5	216.6	216.0	228.5	99.5	25.0	17.7	0.0	219.0	192.9	37.5	70.6	5.7	64.5	0.0	41.3	.Autoclave.Outputs.PRESSIP\OutputValue	8.0	33.6	49.8	-1.0	0.0	-1.0	-1.0	-1.0	0.0	0.0	0.0	-1.0	-1.0	0.0	0.0	0.0	-1.0	0.0
09:31:05	26.0	158.1	165.9	166.5	144.3	137.0	157.7	146.2	171.6	160.7	167.8	161.0	166.9	139.0	141.2	158.4	0.0	0.1	0.2	0.0	0.1	38.5	0.0	0.2	0.0	171.6	137.0	5.1	3.2	156.1	154.3	221.1	221.1	220.5	232.3	99.5	26.0	18.7	0.0	223.1	197.4	39.0	66.7	6.0	62.7	0.0	33.4	.Autoclave.Outputs.PRESSIP\OutputValue	8.0	34.6	49.5	-1.0	0.0	-1.0	-1.0	-1.0	0.0	0.0	0.0	-1.0	-1.0	0.0	0.0	0.0	-1.0	0.0
09:32:05	27.0	161.1	170.8	171.3	148.4	140.7	162.3	150.4	176.4	165.6	172.8	165.9	171.8	143.1	145.7	162.9	0.0	0.1	-0.8	0.0	0.1	39.7	0.0	0.1	-0.8	176.4	140.7	5.2	3.2	160.6	158.5	224.8	224.9	224.1	237.2	99.6	27.0	19.7	0.0	227.4	201.9	40.0	70.9	6.2	61.5	0.0	41.8	.Autoclave.Outputs.PRESSIP\OutputValue	8.0	35.7	48.4	-1.0	0.0	-1.0	-1.0	-1.0	0.0	0.0	0.0	-1.0	-1.0	0.0	0.0	0.0	-1.0	0.0
09:33:06	28.1	164.3	175.7	176.1	152.7	144.5	167.6	154.5	181.4	169.4	177.3	170.7	176.9	147.1	150.7	168.1	0.0	0.1	0.1	0.0	0.1	39.9	0.0	0.1	0.0	181.4	144.5	5.4	3.2	165.1	162.9	228.9	228.9	228.3	240.7	99.4	28.0	20.7	0.0	231.4	206.4	40.0	69.8	6.5	58.9	0.0	39.5	.Autoclave.Outputs.PRESSIP\OutputValue	8.0	36.9	47.5	-1.0	0.0	-1.0	-1.0	-1.0	0.0	0.0	0.0	-1.0	-1.0	0.0	0.0	0.0	-1.0	0.0
09:34:06	29.1	168.1	180.4	180.9	156.7	148.4	171.9	158.7	185.9	173.9	181.9	175.6	181.8	151.3	155.2	173.1	0.0	0.1	-0.3	0.0	0.1	40.2	0.0	0.1	-0.3	185.9	148.4	5.0	3.8	169.6	167.1	233.4	233.5	232.6	245.0	99.5	29.0	21.7	0.0	235.5	210.9	40.0	70.2	6.7	55.5	0.0	40.4	.Autoclave.Outputs.PRESSIP\OutputValue	7.8	37.5	47.5	-1.0	0.0	-1.0	-1.0	-1.0	0.0	0.0	0.0	-1.0	-1.0	0.0	0.0	0.0	-1.0	0.0
09:35:06	30.1	171.8	185.2	185.5	161.1	152.4	176.7	163.0	190.8	178.2	186.5	180.3	186.7	155.4	159.7	177.8	0.0	0.1	0.2	0.0	0.1	40.5	0.0	0.2	0.0	190.8	152.4	4.9	3.7	174.1	171.6	237.4	237.4	236.8	249.9	99.4	30.0	22.7	0.0	240.0	215.4	40.0	71.7	7.0	51.7	0.0	43.3	.Autoclave.Outputs.PRESSIP\OutputValue	7.0	38.4	46.6	-1.0	0.0	-1.0	-1.0	-1.0	0.0	0.0	0.0	-1.0	-1.0	0.0	0.0	0.0	-1.0	0.0
09:36:06	31.1	175.7	189.7	190.1	164.8	156.5	181.6	167.4	195.5	182.8	191.1	185.5	191.6	159.5	164.5	182.4	0.0	0.1	0.1	0.0	0.1	40.8	0.0	0.1	0.0	195.5	156.5	6.0	3.9	178.6	176.0	241.8	241.8	241.1	253.8	99.5	31.0	23.7	0.0	244.2	219.9	40.0	71.1	7.2	47.5	0.0	42.2	.Autoclave.Outputs.PRESSIP\OutputValue	5.6	39.0	46.3	-1.0	0.0	-1.0	-1.0	-1.0	0.0	0.0	0.0	-1.0	-1.0	0.0	0.0	0.0	-1.0	0.0
09:37:05	32.0	179.8	194.2	194.6	169.4	160.4	186.0	171.8	199.8	188.1	195.7	190.0	196.4	163.6	169.1	186.9	0.0	0.1	0.0	0.0	0.0	40.0	0.0	0.1	0.0	199.8	160.4	5.0	2.7	183.0	180.1	246.4	246.4	245.8	260.1	99.4	32.0	24.6	0.0	248.7	224.3	40.0	70.5	7.5	54.4	0.0	41.0	.Autoclave.Outputs.PRESSIP\OutputValue	4.9	39.4	46.6	-1.0	0.0	-1.0	-1.0	-1.0	0.0	0.0	0.0	-1.0	-1.0	0.0	0.0	0.0	-1.0	0.0
09:38:06	33.1	183.6	198.8	199.1	173.6	164.3	190.7	176.3	204.5	191.4	200.5	194.8	201.3	167.9	174.3	191.5	0.0	0.0	0.1	-0.1	0.1	40.3	0.0	0.1	-0.1	204.5	164.3	5.1	4.1	187.5	184.4	250.6	250.5	249.7	263.2	99.5	33.0	25.7	0.0	253.3	228.9	40.0	73.0	7.8	51.5	0.0	46.0	.Autoclave.Outputs.PRESSIP\OutputValue	4.6	40.2	46.1	-1.0	0.0	-1.0	-1.0	-1.0	0.0	0.0	0.0	-1.0	-1.0	0.0	0.0	0.0	-1.0	0.0
09:39:06	34.1	187.8	203.3	203.7	177.9	168.3	195.7	180.8	209.1	196.2	205.2	199.6	206.0	171.9	178.9	195.9	0.0	0.1	-0.2	0.0	0.1	40.6	0.0	0.1	-0.2	209.1	168.3	5.1	3.7	192.0	188.7	254.9	254.9	254.3	268.1	99.5	34.0	26.7	0.0	257.6	233.4	40.0	73.4	8.0	47.5	0.0	46.7	.Autoclave.Outputs.PRESSIP\OutputValue	3.6	40.8	45.8	-1.0	0.0	-1.0	-1.0	-1.0	0.0	0.0	0.0	-1.0	-1.0	0.0	0.0	0.0	-1.0	0.0
09:40:06	35.1	192.4	207.7	208.1	182.3	171.9	200.2	185.2	213.5	200.5	210.2	204.6	210.8	176.2	183.9	200.4	0.0	0.0	0.3	-0.1	0.1	40.9	0.0	0.3	-0.1	213.5	171.9	5.2	3.3	196.5	192.7	259.9	259.9	259.2	272.1	99.5	35.0	27.7	0.0	262.3	237.9	40.0	72.3	8.3	43.1	0.0	44.5	.Autoclave.Outputs.PRESSIP\OutputValue	2.1	41.6	46.4	-1.0	0.0	-1.0	-1.0	-1.0	0.0	0.0	0.0	-1.0	-1.0	0.0	0.0	0.0	-1.0	0.0
09:41:06	36.1	197.4	212.1	212.5	186.8	176.0	204.7	189.8	218.1	205.3	214.8	209.3	215.5	180.4	188.9	204.7	0.0	0.1	0.1	0.0	0.1	40.1	0.0	0.1	0.0	218.1	176.0	5.0	3.3	201.1	197.0	263.9	263.9	263.3	277.5	99.4	36.0	28.7	0.0	266.7	242.4	40.0	74.3	8.5	50.6	0.0	48.5	.Autoclave.Outputs.PRESSIP\OutputValue	1.4	42.1	45.8	-1.0	0.0	-1.0	-1.0	-1.0	0.0	0.0	0.0	-1.0	-1.0	0.0	0.0	0.0	-1.0	0.0
09:42:03	37.0	202.9	216.4	216.5	190.9	180.1	209.2	194.2	222.4	208.4	219.2	213.9	220.1	184.5	193.7	209.1	0.0	0.1	0.1	0.0	0.1	40.3	0.0	0.1	0.0	222.4	180.1	5.5	4.2	205.4	201.2	268.4	268.4	267.8	281.1	99.4	37.0	29.6	0.0	270.8	246.6	40.0	72.4	8.8	47.6	0.0	44.8	.Autoclave.Outputs.PRESSIP\OutputValue	1.1	42.3	46.1	-1.0	0.0	-1.0	-1.0	-1.0	0.0	0.0	0.0	-1.0	-1.0	0.0	0.0	0.0	-1.0	0.0
09:42:06	37.1	203.2	216.6	216.7	191.2	180.3	209.3	194.5	222.7	208.6	219.5	214.0	220.4	184.7	193.9	209.2	0.0	0.1	0.0	0.0	0.1	40.3	0.0	0.1	0.0	222.7	180.3	5.9	4.3	205.7	201.5	268.8	269.0	268.3	281.3	99.4	37.0	0.1	0.0	271.1	246.9	40.0	71.3	8.8	47.6	0.0	42.7	.Autoclave.Outputs.PRESSIP\OutputValue	1.0	42.4	46.1	-1.0	0.0	-1.0	-1.0	-1.0	0.0	0.0	0.0	-1.0	-1.0	0.0	0.0	0.0	-1.0	0.0
09:43:05	38.0	209.1	220.9	221.0	195.7	184.6	214.1	199.2	227.2	213.1	224.2	219.1	224.9	188.9	199.4	213.7	0.0	0.0	0.0	0.0	0.1	40.7	0.0	0.1	0.0	227.2	184.6	6.0	4.3	210.3	205.9	272.8	272.8	272.2	286.3	99.4	38.0	1.1	0.0	275.5	251.3	40.0	74.7	9.0	43.4	0.0	49.5	.Autoclave.Outputs.PRESSIP\OutputValue	0.0	42.6	45.6	-1.0	0.0	-1.0	-1.0	-1.0	0.0	0.0	0.0	-1.0	-1.0	0.0	0.0	0.0	-1.0	0.0
09:44:06	39.1	214.6	225.2	225.3	200.3	188.9	218.7	203.8	232.0	217.5	229.0	224.0	229.9	193.2	204.6	218.0	0.0	0.1	0.0	0.0	0.1	40.9	0.0	0.1	0.0	232.0	188.9	5.7	4.3	215.0	210.4	277.7	277.8	277.1	290.4	99.4	39.0	2.1	0.0	279.8	255.9	40.0	71.2	9.3	39.1	0.0	42.3	.Autoclave.Outputs.PRESSIP\OutputValue	-1.6	43.1	45.7	-1.0	0.0	-1.0	-1.0	-1.0	0.0	0.0	0.0	-1.0	-1.0	0.0	0.0	0.0	-1.0	0.0
09:45:06	40.1	219.5	229.6	229.6	204.3	193.2	223.4	208.3	236.3	221.5	233.6	228.5	234.5	197.4	209.6	222.4	0.0	0.1	0.1	0.0	0.1	40.0	0.0	0.1	0.0	236.3	193.2	5.1	4.2	219.5	214.7	281.8	281.8	281.2	295.4	99.3	40.0	3.1	0.0	284.3	260.4	40.0	74.2	9.6	47.7	0.0	48.3	.Autoclave.Outputs.PRESSIP\OutputValue	-2.0	43.1	45.5	-1.0	0.0	-1.0	-1.0	-1.0	0.0	0.0	0.0	-1.0	-1.0	0.0	0.0	0.0	-1.0	0.0
09:46:06	41.0	224.2	233.6	233.7	209.1	197.4	227.8	213.0	241.0	225.7	238.4	233.4	239.1	201.7	215.1	226.7	0.0	0.1	0.1	0.0	0.1	40.3	0.0	0.1	0.0	241.0	197.4	8.0	3.9	224.0	219.2	286.8	286.8	286.2	299.4	99.5	41.0	4.1	0.0	288.8	264.9	40.0	70.3	9.8	44.9	0.0	40.5	.Autoclave.Outputs.PRESSIP\OutputValue	-2.4	43.6	45.8	-1.0	0.0	-1.0	-1.0	-1.0	0.0	0.0	0.0	-1.0	-1.0	0.0	0.0	0.0	-1.0	0.0
09:47:06	42.1	228.4	237.8	237.1	213.6	201.7	232.0	217.5	245.0	229.4	242.9	237.8	243.6	206.0	220.5	231.4	0.0	0.1	0.1	0.0	0.1	40.4	0.0	0.1	0.0	245.0	201.7	8.0	-0.3	228.3	223.3	288.7	288.7	288.1	298.8	99.3	42.0	5.1	0.0	290.0	269.4	40.0	65.7	10.0	43.3	0.0	31.4	.Autoclave.Outputs.PRESSIP\OutputValue	-3.1	43.3	43.7	-1.0	0.0	-1.0	-1.0	-1.0	0.0	0.0	0.0	-1.0	-1.0	0.0	0.0	0.0	-1.0	0.0
09:48:06	43.1	232.2	241.7	233.1	224.2	205.7	235.5	221.6	247.8	232.8	247.0	242.0	247.6	210.1	225.3	235.1	0.0	0.1	0.1	0.0	0.1	40.4	0.0	0.1	0.0	247.8	205.7	4.8	0.6	232.1	226.7	289.3	289.4	288.6	299.1	99.5	43.0	6.1	0.0	290.0	272.0	40.0	62.5	10.1	41.9	0.0	24.9	.Autoclave.Outputs.PRESSIP\OutputValue	-3.8	42.1	41.5	-1.0	0.0	-1.0	-1.0	-1.0	0.0	0.0	0.0	-1.0	-1.0	0.0	0.0	0.0	-1.0	0.0
09:49:06	44.1	235.6	245.2	244.9	220.3	209.6	238.9	225.5	250.5	236.0	250.9	245.9	251.3	213.9	229.3	238.7	0.0	0.1	0.2	0.0	0.1	40.4	0.0	0.2	0.0	251.3	209.6	10.1	3.0	235.8	230.4	289.2	289.1	288.5	297.8	99.4	44.0	7.1	0.0	290.0	272.0	40.0	63.2	10.1	41.1	0.0	26.4	.Autoclave.Outputs.PRESSIP\OutputValue	-4.7	41.7	37.9	-1.0	0.0	-1.0	-1.0	-1.0	0.0	0.0	0.0	-1.0	-1.0	0.0	0.0	0.0	-1.0	0.0
09:50:06	45.1	238.8	248.3	241.3	229.8	213.0	241.8	229.1	253.3	238.0	254.3	249.4	254.7	217.4	233.2	241.9	0.0	0.1	0.1	0.0	0.1	40.5	0.0	0.1	0.0	254.7	213.0	3.9	-2.6	239.0	233.8	289.5	289.5	288.7	297.1	99.4	45.0	8.1	0.0	289.4	272.0	40.0	57.2	10.2	39.8	0.0	14.5	.Autoclave.Outputs.PRESSIP\OutputValue	-5.6	41.7	34.8	-1.0	0.0	-1.0	-1.0	-1.0	0.0	0.0	0.0	-1.0	-1.0	0.0	0.0	0.0	-1.0	0.0
09:51:06	46.1	241.5	251.1	242.8	233.6	216.6	244.3	232.4	254.9	238.9	257.0	252.5	257.5	220.9	236.7	244.6	0.0	0.1	-0.3	-0.1	0.1	40.3	0.0	0.1	-0.3	257.5	216.6	3.7	1.1	241.7	237.1	286.9	286.9	286.3	293.0	99.4	46.0	9.1	0.0	286.5	272.0	40.0	55.2	10.1	40.7	0.0	10.4	.Autoclave.Outputs.PRESSIP\OutputValue	-6.0	40.9	29.4	-1.0	0.0	-1.0	-1.0	-1.0	0.0	0.0	0.0	-1.0	-1.0	0.0	0.0	0.0	-1.0	0.0
09:52:06	47.1	243.8	253.4	245.3	235.8	219.6	246.5	235.4	256.1	241.8	259.5	255.1	259.9	224.3	239.5	247.2	0.0	0.1	0.1	-0.1	0.0	40.2	0.0	0.1	-0.1	259.9	219.6	3.3	1.1	244.2	239.8	284.7	284.7	284.0	289.5	99.5	47.0	10.1	0.0	284.2	272.0	40.0	53.8	10.1	42.4	0.0	7.7	.Autoclave.Outputs.PRESSIP\OutputValue	-6.0	40.3	24.8	-1.0	0.0	-1.0	-1.0	-1.0	0.0	0.0	0.0	-1.0	-1.0	0.0	0.0	0.0	-1.0	0.0
09:53:06	48.1	245.6	255.4	249.5	236.1	222.6	248.7	238.0	257.1	244.0	261.6	257.4	261.8	227.2	241.8	249.3	0.0	0.0	0.1	0.0	0.0	40.1	0.0	0.1	0.0	261.8	222.6	3.0	0.3	246.4	242.2	282.8	282.7	282.2	288.7	99.5	48.0	11.1	0.0	282.2	272.0	40.0	53.8	10.0	42.4	0.0	7.6	.Autoclave.Outputs.PRESSIP\OutputValue	-6.0	39.2	21.0	-1.0	0.0	-1.0	-1.0	-1.0	0.0	0.0	0.0	-1.0	-1.0	0.0	0.0	0.0	-1.0	0.0
09:54:05	49.0	247.2	257.0	254.0	236.4	225.2	250.3	240.4	258.1	246.1	263.3	259.6	263.4	230.0	244.0	251.2	0.0	0.0	0.1	0.0	0.0	40.1	0.0	0.1	0.0	263.4	225.2	3.3	0.9	248.4	244.3	281.1	281.1	280.4	286.3	99.5	49.0	12.1	0.0	280.5	272.0	40.0	54.4	10.0	43.4	0.0	8.8	.Autoclave.Outputs.PRESSIP\OutputValue	-6.0	38.2	17.7	-1.0	0.0	-1.0	-1.0	-1.0	0.0	0.0	0.0	-1.0	-1.0	0.0	0.0	0.0	-1.0	0.0
09:55:06	50.1	248.4	258.2	257.9	238.6	227.7	252.0	242.6	259.2	248.5	264.8	261.3	264.8	232.6	246.1	253.0	-0.1	0.1	-0.2	0.0	0.0	40.0	0.0	0.1	-0.2	264.8	227.7	2.7	-0.5	250.4	246.3	279.8	279.8	279.1	284.9	99.7	50.0	13.1	0.0	279.1	272.0	40.0	53.0	9.9	43.9	0.0	6.0	.Autoclave.Outputs.PRESSIP\OutputValue	-6.0	37.1	15.0	-1.0	0.0	-1.0	-1.0	-1.0	0.0	0.0	0.0	-1.0	-1.0	0.0	0.0	0.0	-1.0	0.0
09:56:06	51.0	249.5	259.3	257.5	237.2	230.1	253.2	244.7	260.1	247.6	265.9	262.8	266.1	235.0	247.7	254.4	0.0	0.1	0.1	-0.1	0.1	40.0	0.0	0.1	-0.1	266.1	230.1	8.4	-2.4	251.4	248.1	278.5	278.6	277.9	283.9	99.6	51.0	14.1	0.0	277.9	272.0	40.0	54.0	9.8	44.3	0.0	8.1	.Autoclave.Outputs.PRESSIP\OutputValue	-6.0	36.0	12.4	-1.0	0.0	-1.0	-1.0	-1.0	0.0	0.0	0.0	-1.0	-1.0	0.0	0.0	0.0	-1.0	0.0
09:57:06	52.1	250.5	260.1	256.0	242.0	232.2	254.4	246.6	261.0	251.4	266.9	264.3	267.0	237.4	249.4	255.9	0.0	0.0	0.0	0.0	0.0	39.9	0.0	0.0	0.0	267.0	232.2	6.4	-4.2	253.0	249.6	277.7	277.7	277.0	282.4	99.7	52.0	15.1	0.0	277.0	272.0	40.0	52.9	9.8	44.8	0.0	5.8	.Autoclave.Outputs.PRESSIP\OutputValue	-5.8	34.8	10.7	-1.0	0.0	-1.0	-1.0	-1.0	0.0	0.0	0.0	-1.0	-1.0	0.0	0.0	0.0	-1.0	0.0
09:58:06	53.1	251.3	260.7	260.4	240.5	234.2	255.6	248.3	261.9	252.8	267.7	265.5	267.8	239.5	250.9	257.0	0.0	0.1	0.1	0.0	0.0	39.9	0.0	0.1	0.0	267.8	234.2	5.7	-3.2	254.3	251.0	276.9	276.9	276.2	281.8	99.7	53.0	16.1	0.0	276.2	272.0	40.0	52.6	9.7	45.6	0.0	5.2	.Autoclave.Outputs.PRESSIP\OutputValue	-5.7	33.6	9.1	-1.0	0.0	-1.0	-1.0	-1.0	0.0	0.0	0.0	-1.0	-1.0	0.0	0.0	0.0	-1.0	0.0
09:59:06	54.0	251.9	261.3	261.0	242.0	236.2	257.0	250.0	262.6	253.6	268.6	266.4	268.5	241.5	252.5	258.1	0.0	0.1	0.1	-0.1	0.0	39.9	0.0	0.1	-0.1	268.6	236.2	2.7	0.5	255.4	252.4	276.0	276.1	275.4	281.3	99.6	54.0	17.1	0.0	275.5	272.0	40.0	53.2	9.6	45.8	0.0	6.4	.Autoclave.Outputs.PRESSIP\OutputValue	-5.4	32.4	7.4	-1.0	0.0	-1.0	-1.0	-1.0	0.0	0.0	0.0	-1.0	-1.0	0.0	0.0	0.0	-1.0	0.0
10:00:06	55.1	252.6	261.7	261.4	243.4	238.0	257.8	251.5	263.1	255.8	269.1	267.4	269.1	243.5	253.8	259.1	0.0	0.0	0.1	0.0	0.0	39.9	0.0	0.1	0.0	269.1	238.0	2.0	-0.6	256.5	253.6	275.4	275.6	274.8	280.8	99.7	55.0	18.1	0.0	274.9	272.0	40.0	53.1	9.6	46.3	0.0	6.3	.Autoclave.Outputs.PRESSIP\OutputValue	-5.1	31.1	6.3	-1.0	0.0	-1.0	-1.0	-1.0	0.0	0.0	0.0	-1.0	-1.0	0.0	0.0	0.0	-1.0	0.0
10:01:06	56.1	253.2	262.0	261.7	245.0	239.9	258.8	252.8	263.6	256.4	269.5	268.0	269.5	245.1	254.8	260.0	0.0	0.0	0.1	0.0	0.0	39.8	0.0	0.1	0.0	269.5	239.9	2.0	0.4	257.4	254.7	275.1	275.0	274.3	279.8	99.9	56.0	19.1	0.0	274.5	272.0	40.0	53.1	9.5	47.2	0.0	6.1	.Autoclave.Outputs.PRESSIP\OutputValue	-4.8	29.6	5.6	-1.0	0.0	-1.0	-1.0	-1.0	0.0	0.0	0.0	-1.0	-1.0	0.0	0.0	0.0	-1.0	0.0
10:02:06	57.0	253.7	262.4	262.1	246.1	241.6	259.6	254.1	264.3	257.6	269.9	268.7	269.9	246.9	256.2	261.0	0.0	0.1	0.1	0.0	0.0	39.8	0.0	0.1	0.0	269.9	241.6	1.7	0.3	258.3	255.8	274.6	274.6	273.9	279.7	99.9	57.0	20.1	0.0	274.0	272.0	40.0	53.0	9.5	47.4	0.0	6.0	.Autoclave.Outputs.PRESSIP\OutputValue	-4.4	28.3	4.7	-1.0	0.0	-1.0	-1.0	-1.0	0.0	0.0	0.0	-1.0	-1.0	0.0	0.0	0.0	-1.0	0.0
10:03:06	58.1	254.1	262.7	262.3	247.4	243.1	260.4	255.4	264.7	258.2	270.4	269.2	270.2	248.5	257.2	261.7	0.0	0.0	0.1	0.0	0.0	39.8	0.0	0.1	0.0	270.4	243.1	1.6	0.2	259.0	256.8	274.3	274.3	273.6	279.2	99.9	58.0	21.1	0.0	273.7	272.0	40.0	52.3	9.4	48.0	0.0	4.6	.Autoclave.Outputs.PRESSIP\OutputValue	-4.0	27.3	3.9	-1.0	0.0	-1.0	-1.0	-1.0	0.0	0.0	0.0	-1.0	-1.0	0.0	0.0	0.0	-1.0	0.0
10:04:05	59.0	254.6	262.9	262.5	248.6	244.6	261.1	256.2	265.2	259.4	270.6	269.6	270.5	250.0	258.2	262.3	0.0	0.0	0.1	-0.1	0.0	39.8	0.0	0.1	-0.1	270.6	244.6	1.5	0.1	259.8	257.6	274.0	274.0	273.3	279.1	99.9	59.0	22.1	0.0	273.4	272.0	40.0	53.6	9.3	48.4	0.0	7.1	.Autoclave.Outputs.PRESSIP\OutputValue	-3.6	26.0	3.4	-1.0	0.0	-1.0	-1.0	-1.0	0.0	0.0	0.0	-1.0	-1.0	0.0	0.0	0.0	-1.0	0.0
10:05:05	60.0	255.0	263.1	262.8	249.7	246.0	261.8	257.4	265.6	260.3	270.9	270.0	270.7	251.3	259.1	263.0	0.0	0.1	0.1	0.0	0.0	39.8	0.0	0.1	0.0	270.9	246.0	1.5	0.2	260.5	258.5	273.7	273.6	273.1	278.4	100.0	60.0	23.1	0.0	273.1	272.0	40.0	52.8	9.3	49.0	0.0	5.7	.Autoclave.Outputs.PRESSIP\OutputValue	-3.2	24.9	2.8	-1.0	0.0	-1.0	-1.0	-1.0	0.0	0.0	0.0	-1.0	-1.0	0.0	0.0	0.0	-1.0	0.0
10:06:06	61.1	255.3	263.1	262.9	250.9	247.4	262.5	258.4	266.0	261.0	271.1	270.3	270.9	252.7	260.3	263.7	0.0	0.1	0.1	-0.1	0.0	39.8	0.0	0.1	-0.1	271.1	247.4	1.4	0.0	261.1	259.3	273.4	273.5	272.7	278.2	99.9	61.0	24.1	0.0	273.0	272.0	40.0	54.1	9.2	49.6	0.0	8.2	.Autoclave.Outputs.PRESSIP\OutputValue	-2.8	23.7	2.3	-1.0	0.0	-1.0	-1.0	-1.0	0.0	0.0	0.0	-1.0	-1.0	0.0	0.0	0.0	-1.0	0.0
10:07:06	62.1	255.7	263.4	263.0	252.1	248.6	262.9	259.2	266.5	261.7	271.2	270.6	271.1	253.9	260.8	264.2	0.0	0.1	0.1	-0.1	0.0	39.8	0.0	0.1	-0.1	271.2	248.6	1.5	0.1	261.7	259.9	273.4	273.4	272.6	278.2	100.1	62.0	25.1	0.0	272.8	272.0	40.0	52.7	9.2	49.9	0.0	5.4	.Autoclave.Outputs.PRESSIP\OutputValue	-2.3	22.6	2.2	-1.0	0.0	-1.0	-1.0	-1.0	0.0	0.0	0.0	-1.0	-1.0	0.0	0.0	0.0	-1.0	0.0
10:08:06	63.1	256.1	263.4	263.1	252.9	249.9	263.5	260.2	266.8	262.6	271.3	270.8	271.3	255.1	261.7	264.7	0.0	0.0	0.1	-0.1	0.0	39.8	0.0	0.1	-0.1	271.3	249.9	1.4	0.1	262.2	260.6	273.1	273.1	272.4	278.2	100.1	63.0	26.1	0.0	272.6	272.0	40.0	54.0	9.1	50.1	0.0	8.0	.Autoclave.Outputs.PRESSIP\OutputValue	-1.9	21.4	1.8	-1.0	0.0	-1.0	-1.0	-1.0	0.0	0.0	0.0	-1.0	-1.0	0.0	0.0	0.0	-1.0	0.0
10:09:05	64.0	256.6	263.6	263.2	253.9	251.0	264.0	260.9	267.2	262.8	271.5	271.0	271.5	256.2	262.6	265.1	0.0	0.0	0.1	0.0	0.0	39.8	0.0	0.1	0.0	271.5	251.0	2.5	0.0	262.7	261.3	273.1	273.1	272.3	278.0	100.0	64.0	27.1	0.0	272.5	272.0	40.0	53.3	9.1	50.7	0.0	6.6	.Autoclave.Outputs.PRESSIP\OutputValue	-1.5	20.5	1.6	-1.0	0.0	-1.0	-1.0	-1.0	0.0	0.0	0.0	-1.0	-1.0	0.0	0.0	0.0	-1.0	0.0
10:10:05	65.0	257.1	263.7	263.5	254.6	252.1	264.5	261.5	267.5	263.1	271.6	271.1	271.5	257.3	263.2	265.6	0.0	0.1	0.0	-0.1	0.0	39.8	0.0	0.1	-0.1	271.6	252.1	1.1	-1.2	263.2	261.9	272.9	272.9	272.2	277.7	100.1	65.0	28.1	0.0	272.4	272.0	40.0	52.6	9.0	51.2	0.0	5.1	.Autoclave.Outputs.PRESSIP\OutputValue	-1.0	19.5	1.3	-1.0	0.0	-1.0	-1.0	-1.0	0.0	0.0	0.0	-1.0	-1.0	0.0	0.0	0.0	-1.0	0.0
10:11:06	66.1	257.4	263.8	263.6	255.7	253.1	264.9	262.2	267.7	264.0	271.7	271.3	271.7	258.3	264.0	266.1	0.0	0.0	0.1	-0.1	0.0	39.8	0.0	0.1	-0.1	271.7	253.1	1.2	0.0	263.7	262.4	272.8	272.8	272.1	277.6	100.0	66.0	29.1	0.0	272.3	272.0	40.0	53.4	8.9	51.4	0.0	6.8	.Autoclave.Outputs.PRESSIP\OutputValue	-0.6	18.6	1.1	-1.0	0.0	-1.0	-1.0	-1.0	0.0	0.0	0.0	-1.0	-1.0	0.0	0.0	0.0	-1.0	0.0
10:12:05	67.0	257.9	264.0	263.7	256.4	254.1	265.4	262.9	268.0	264.9	271.7	271.3	271.7	259.3	264.4	266.4	0.0	0.0	0.1	-0.1	0.0	39.8	0.0	0.1	-0.1	271.7	254.1	1.0	0.0	264.1	262.9	272.7	272.7	272.0	277.6	100.0	67.0	30.1	0.0	272.2	272.0	40.0	53.1	8.9	52.0	0.0	6.2	.Autoclave.Outputs.PRESSIP\OutputValue	-0.2	17.6	1.0	-1.0	0.0	-1.0	-1.0	-1.0	0.0	0.0	0.0	-1.0	-1.0	0.0	0.0	0.0	-1.0	0.0
10:13:06	68.1	258.2	264.1	263.8	257.2	255.0	265.7	263.4	268.3	264.8	271.7	271.5	271.8	260.2	265.0	266.8	0.0	0.0	0.1	0.0	0.0	39.8	0.0	0.1	0.0	271.8	255.0	0.9	0.0	264.5	263.4	272.8	272.8	272.0	277.2	100.0	68.0	31.1	0.0	272.2	272.0	40.0	53.3	8.8	52.4	0.0	6.6	.Autoclave.Outputs.PRESSIP\OutputValue	0.2	16.8	1.0	-1.0	0.0	-1.0	-1.0	-1.0	0.0	0.0	0.0	-1.0	-1.0	0.0	0.0	0.0	-1.0	0.0
10:14:06	69.1	258.4	264.3	264.0	257.9	255.9	265.9	264.0	268.4	265.3	271.7	271.5	271.9	261.0	265.4	267.3	0.0	0.0	0.1	0.0	0.0	39.8	0.0	0.1	0.0	271.9	255.9	1.0	0.0	264.9	263.9	272.5	272.5	271.9	277.2	100.0	69.0	32.1	0.0	272.1	272.0	40.0	54.3	8.8	52.8	0.0	8.7	.Autoclave.Outputs.PRESSIP\OutputValue	0.7	16.0	0.6	-1.0	0.0	-1.0	-1.0	-1.0	0.0	0.0	0.0	-1.0	-1.0	0.0	0.0	0.0	-1.0	0.0
10:15:06	70.0	258.8	264.4	264.1	258.6	256.8	266.3	264.4	268.8	265.6	271.9	271.7	272.0	261.8	265.9	267.5	0.0	0.1	0.0	-0.1	0.0	39.8	0.0	0.1	-0.1	272.0	256.8	1.0	0.0	265.2	264.4	272.5	272.5	271.9	277.1	100.1	70.0	33.1	0.0	272.1	272.0	40.0	53.6	8.7	53.3	0.0	7.2	.Autoclave.Outputs.PRESSIP\OutputValue	1.1	15.2	0.5	-1.0	0.0	-1.0	-1.0	-1.0	0.0	0.0	0.0	-1.0	-1.0	0.0	0.0	0.0	-1.0	0.0
10:16:06	71.1	259.2	264.5	264.3	259.3	257.4	266.6	265.0	269.0	266.1	271.9	271.8	272.0	262.4	266.3	267.7	0.0	0.0	0.0	0.0	0.0	39.8	0.0	0.0	0.0	272.0	257.4	0.8	0.0	265.6	264.7	272.5	272.5	271.8	277.2	100.1	71.0	34.0	0.0	272.0	272.0	40.0	53.1	8.7	53.5	0.0	6.3	.Autoclave.Outputs.PRESSIP\OutputValue	1.5	14.6	0.5	-1.0	0.0	-1.0	-1.0	-1.0	0.0	0.0	0.0	-1.0	-1.0	0.0	0.0	0.0	-1.0	0.0
10:17:05	72.0	259.5	264.7	264.4	259.8	258.3	266.8	265.3	269.1	266.5	272.0	271.7	272.0	263.1	266.6	267.9	0.0	0.0	0.1	-0.1	0.0	39.8	0.0	0.1	-0.1	272.0	258.3	0.9	0.0	265.9	265.2	272.5	272.5	271.8	277.2	100.1	72.0	35.1	0.0	272.0	272.0	40.0	52.8	8.6	54.1	0.0	5.7	.Autoclave.Outputs.PRESSIP\OutputValue	1.9	13.7	0.5	-1.0	0.0	-1.0	-1.0	-1.0	0.0	0.0	0.0	-1.0	-1.0	0.0	0.0	0.0	-1.0	0.0
10:18:06	73.1	259.8	264.9	263.3	261.6	258.9	267.2	265.7	269.6	266.7	272.0	271.7	272.1	263.8	267.0	268.3	0.0	0.1	0.0	0.0	0.0	39.8	0.0	0.1	0.0	272.1	258.9	1.7	-1.0	266.2	265.5	272.5	272.5	271.8	277.1	100.2	73.0	36.1	0.0	271.9	272.0	40.0	53.0	8.6	54.1	0.0	6.0	.Autoclave.Outputs.PRESSIP\OutputValue	2.3	13.2	0.4	-1.0	0.0	-1.0	-1.0	-1.0	0.0	0.0	0.0	-1.0	-1.0	0.0	0.0	0.0	-1.0	0.0
10:19:06	74.1	260.1	265.0	264.5	261.2	259.6	267.4	266.2	269.6	266.8	272.0	271.9	272.1	264.3	267.4	268.4	0.0	0.1	0.0	-0.1	0.0	39.8	-0.2	0.1	-0.1	272.1	259.6	1.0	-0.1	266.4	265.9	272.3	272.4	271.7	277.0	100.2	74.0	37.1	0.0	271.9	272.0	40.0	53.6	8.5	54.7	0.0	7.3	.Autoclave.Outputs.PRESSIP\OutputValue	2.7	12.5	0.2	-1.0	0.0	-1.0	-1.0	-1.0	0.0	0.0	0.0	-1.0	-1.0	0.0	0.0	0.0	-1.0	0.0
10:19:52	74.8	260.3	265.2	264.8	261.4	260.2	267.6	266.4	269.6	267.1	272.0	271.9	272.1	264.7	267.6	268.5	0.0	0.0	0.1	0.0	0.0	39.8	0.0	0.1	0.0	272.1	260.2	0.8	-0.1	266.6	266.2	272.4	272.4	271.7	277.1	100.4	74.8	37.8	0.0	271.9	272.0	40.0	52.7	8.5	54.8	0.0	5.4	.Autoclave.Outputs.PRESSIP\OutputValue	3.0	11.9	0.3	-1.0	0.0	-1.0	-1.0	-1.0	0.0	0.0	0.0	-1.0	-1.0	0.0	0.0	0.0	-1.0	0.0
10:20:06	75.1	260.4	265.2	264.9	261.6	260.2	267.6	266.5	269.6	267.2	271.9	271.9	272.1	265.0	267.7	268.5	0.0	0.0	0.1	0.0	0.0	39.8	0.0	0.1	0.0	272.1	260.2	0.6	0.0	266.7	266.2	272.4	272.3	271.7	277.2	100.3	75.0	0.2	70.8	271.9	272.0	40.0	52.9	8.5	55.1	0.0	5.8	.Autoclave.Outputs.PRESSIP\OutputValue	3.1	11.9	0.3	-1.0	0.0	-1.0	-1.0	-1.0	0.0	0.0	0.0	-1.0	-1.0	0.0	0.0	0.0	-1.0	0.0
10:21:05	76.0	260.7	265.3	265.0	262.1	260.7	267.8	266.8	269.7	267.5	272.0	271.9	272.1	265.6	268.0	268.9	0.0	0.0	0.0	0.0	0.0	39.8	0.0	0.0	0.0	272.1	260.7	0.7	0.0	266.9	266.4	272.5	272.5	271.7	277.2	100.2	76.0	1.2	69.8	271.9	272.0	40.0	53.5	8.4	55.5	0.0	7.1	.Autoclave.Outputs.PRESSIP\OutputValue	3.5	11.4	0.4	-1.0	0.0	-1.0	-1.0	-1.0	0.0	0.0	0.0	-1.0	-1.0	0.0	0.0	0.0	-1.0	0.0
10:22:06	77.1	261.0	265.5	264.8	262.8	261.3	268.1	267.1	269.9	267.7	271.9	271.8	272.1	266.0	268.3	269.0	0.0	0.0	0.0	-0.1	0.0	39.8	0.0	0.0	-0.1	272.1	261.0	0.8	-0.2	267.2	266.6	272.3	272.3	271.8	277.4	100.3	77.0	2.2	68.8	271.9	272.0	40.0	52.2	8.4	55.5	0.0	4.3	.Autoclave.Outputs.PRESSIP\OutputValue	3.8	11.1	0.2	-1.0	0.0	-1.0	-1.0	-1.0	0.0	0.0	0.0	-1.0	-1.0	0.0	0.0	0.0	-1.0	0.0
10:23:06	78.1	261.3	265.6	264.7	263.6	261.9	268.2	267.3	269.9	267.6	272.0	271.9	272.1	266.5	268.5	269.1	0.0	0.0	0.1	0.0	0.0	39.8	0.0	0.1	0.0	272.1	261.3	0.7	-0.1	267.4	266.7	272.4	272.4	271.7	277.0	100.4	78.0	3.2	67.8	271.9	272.0	40.0	52.5	8.3	56.2	0.0	5.1	.Autoclave.Outputs.PRESSIP\OutputValue	4.2	10.8	0.3	-1.0	0.0	-1.0	-1.0	-1.0	0.0	0.0	0.0	-1.0	-1.0	0.0	0.0	0.0	-1.0	0.0
10:24:06	79.1	261.6	265.9	264.8	263.9	262.3	268.5	267.7	270.1	268.0	272.1	271.9	272.2	267.1	268.8	269.4	0.0	0.0	0.0	-0.1	0.0	39.8	0.0	0.0	-0.1	272.2	261.6	0.8	-0.1	267.6	266.9	272.3	272.3	271.6	277.0	100.3	79.0	4.2	66.8	271.8	272.0	40.0	53.2	8.3	56.6	0.0	6.3	.Autoclave.Outputs.PRESSIP\OutputValue	4.6	10.6	0.1	-1.0	0.0	-1.0	-1.0	-1.0	0.0	0.0	0.0	-1.0	-1.0	0.0	0.0	0.0	-1.0	0.0
10:25:06	80.1	261.9	265.9	265.2	264.2	262.8	268.7	267.9	270.3	268.3	272.0	271.9	272.1	267.3	269.1	269.4	0.0	0.0	0.1	0.0	0.0	39.8	0.0	0.1	0.0	272.1	261.9	0.5	0.0	267.8	267.0	272.3	272.3	271.7	277.2	100.4	80.0	5.2	65.8	271.9	272.0	40.0	53.1	8.2	56.9	0.0	6.2	.Autoclave.Outputs.PRESSIP\OutputValue	5.0	10.2	0.2	-1.0	0.0	-1.0	-1.0	-1.0	0.0	0.0	0.0	-1.0	-1.0	0.0	0.0	0.0	-1.0	0.0
10:26:06	81.1	262.2	266.1	265.8	264.3	263.3	268.8	268.2	270.3	268.4	272.0	271.9	272.1	267.8	269.0	269.7	0.0	0.0	0.1	0.0	0.0	39.8	0.0	0.1	0.0	272.1	262.2	0.6	-0.1	268.0	267.2	272.3	272.3	271.7	277.0	100.4	81.0	6.2	64.8	271.9	272.0	40.0	53.3	8.2	57.1	0.0	6.6	.Autoclave.Outputs.PRESSIP\OutputValue	5.3	9.9	0.2	-1.0	0.0	-1.0	-1.0	-1.0	0.0	0.0	0.0	-1.0	-1.0	0.0	0.0	0.0	-1.0	0.0
10:27:06	82.1	262.4	266.3	266.0	264.6	263.7	268.9	268.6	270.4	268.7	272.0	272.0	272.3	268.1	269.3	269.7	0.0	0.0	0.1	0.0	0.0	39.8	0.0	0.1	0.0	272.3	262.4	0.5	0.1	268.2	267.4	272.2	272.2	271.6	276.6	100.4	82.0	7.2	63.8	271.7	272.0	40.0	52.6	8.1	57.5	0.0	5.1	.Autoclave.Outputs.PRESSIP\OutputValue	5.7	9.9	-0.1	-1.0	0.0	-1.0	-1.0	-1.0	0.0	0.0	0.0	-1.0	-1.0	0.0	0.0	0.0	-1.0	0.0
10:28:05	83.0	262.8	266.4	266.0	264.8	264.1	269.1	268.7	270.6	268.9	272.1	272.0	272.3	268.4	269.6	269.8	0.0	0.1	0.1	-0.1	0.0	39.9	0.0	0.1	-0.1	272.3	262.8	0.4	0.0	268.4	267.6	272.1	272.1	271.5	277.2	100.6	83.0	8.2	62.8	271.7	272.0	40.0	51.9	8.1	57.4	0.0	3.7	.Autoclave.Outputs.PRESSIP\OutputValue	6.0	9.5	-0.2	-1.0	0.0	-1.0	-1.0	-1.0	0.0	0.0	0.0	-1.0	-1.0	0.0	0.0	0.0	-1.0	0.0
10:29:06	84.1	263.0	266.5	266.1	265.2	264.4	269.1	269.0	270.6	269.4	272.1	272.0	272.3	268.8	269.8	270.0	0.0	0.0	0.1	-0.1	0.1	39.8	0.0	0.1	-0.1	272.3	263.0	0.5	-0.1	268.6	267.7	272.2	272.2	271.4	276.8	100.5	84.0	9.2	61.8	271.8	272.0	40.0	53.1	8.0	58.0	0.0	6.3	.Autoclave.Outputs.PRESSIP\OutputValue	6.4	9.3	-0.1	-1.0	0.0	-1.0	-1.0	-1.0	0.0	0.0	0.0	-1.0	-1.0	0.0	0.0	0.0	-1.0	0.0
10:30:06	85.1	263.3	266.6	266.4	265.4	264.7	269.2	269.1	270.8	269.2	272.1	272.1	272.3	269.0	270.0	270.0	0.0	0.0	0.0	0.0	0.0	39.8	0.0	0.0	0.0	272.3	263.3	0.4	-0.1	268.7	267.8	272.2	272.2	271.4	276.8	100.5	85.0	10.2	60.8	271.7	272.0	40.0	52.4	8.0	58.5	0.0	4.8	.Autoclave.Outputs.PRESSIP\OutputValue	6.7	9.0	-0.1	-1.0	0.0	-1.0	-1.0	-1.0	0.0	0.0	0.0	-1.0	-1.0	0.0	0.0	0.0	-1.0	0.0
10:31:06	86.0	263.6	266.9	266.5	265.7	265.0	269.3	269.3	271.0	267.6	272.1	272.0	272.2	269.4	270.1	270.1	0.0	0.1	0.0	0.0	0.0	39.8	0.0	0.1	0.0	272.2	263.6	0.5	-0.1	268.7	267.9	272.3	272.2	271.5	277.1	100.6	86.0	11.2	59.8	271.8	272.0	40.0	52.4	7.9	58.7	0.0	4.8	.Autoclave.Outputs.PRESSIP\OutputValue	7.1	8.6	0.1	-1.0	0.0	-1.0	-1.0	-1.0	0.0	0.0	0.0	-1.0	-1.0	0.0	0.0	0.0	-1.0	0.0
10:32:06	87.1	263.9	266.9	266.5	266.2	265.4	269.5	269.4	270.8	269.6	272.0	271.9	272.1	269.7	270.4	270.4	0.0	0.0	0.1	-0.1	0.0	39.9	0.0	0.1	-0.1	272.1	263.9	0.5	-0.1	269.0	268.0	272.3	272.2	271.5	277.1	100.6	87.0	12.2	58.8	271.9	272.0	40.0	52.3	7.9	58.8	0.0	4.7	.Autoclave.Outputs.PRESSIP\OutputValue	7.4	8.2	0.2	-1.0	0.0	-1.0	-1.0	-1.0	0.0	0.0	0.0	-1.0	-1.0	0.0	0.0	0.0	-1.0	0.0
10:33:05	88.0	264.1	267.3	266.9	266.5	265.8	269.7	269.7	271.0	269.2	272.0	271.9	272.1	269.9	270.5	270.4	0.0	0.0	0.1	0.0	0.0	39.9	0.0	0.1	0.0	272.1	264.1	0.9	-0.1	269.1	268.1	272.3	272.3	271.5	277.0	100.5	88.0	13.2	57.8	271.9	272.0	40.0	53.6	7.8	59.1	0.0	7.2	.Autoclave.Outputs.PRESSIP\OutputValue	7.7	8.0	0.2	-1.0	0.0	-1.0	-1.0	-1.0	0.0	0.0	0.0	-1.0	-1.0	0.0	0.0	0.0	-1.0	0.0
10:34:05	89.0	264.4	267.4	266.9	266.8	266.1	269.8	269.9	271.1	269.6	272.1	272.0	272.2	270.2	270.5	270.5	0.0	0.1	0.1	0.0	0.1	39.9	0.0	0.1	0.0	272.2	264.4	0.4	-0.3	269.3	268.3	272.2	272.3	271.6	277.0	100.6	89.0	14.2	56.8	271.9	272.0	40.0	52.9	7.8	59.6	0.0	5.8	.Autoclave.Outputs.PRESSIP\OutputValue	8.0	7.8	0.0	-1.0	0.0	-1.0	-1.0	-1.0	0.0	0.0	0.0	-1.0	-1.0	0.0	0.0	0.0	-1.0	0.0
10:35:05	90.0	264.6	267.5	267.1	267.0	266.4	269.9	269.9	271.1	269.9	272.0	272.0	272.2	270.5	270.8	270.7	0.0	0.0	0.1	0.0	0.1	39.8	0.0	0.1	0.0	272.2	264.6	0.3	-0.5	269.4	268.4	272.2	272.2	271.6	277.0	100.6	90.0	15.2	55.8	271.8	272.0	40.0	52.9	7.7	59.6	0.0	5.7	.Autoclave.Outputs.PRESSIP\OutputValue	8.0	7.6	0.0	-1.0	0.0	-1.0	-1.0	-1.0	0.0	0.0	0.0	-1.0	-1.0	0.0	0.0	0.0	-1.0	0.0
10:36:06	91.1	264.8	267.7	267.4	267.2	266.6	270.0	270.1	271.2	270.0	272.0	272.0	272.3	270.7	270.9	270.6	0.0	0.0	0.1	0.0	0.0	39.8	0.0	0.1	0.0	272.3	264.8	1.0	0.0	269.6	268.6	272.2	272.2	271.5	276.7	100.7	91.0	16.2	54.8	271.9	272.0	40.0	52.8	7.7	59.6	0.0	5.6	.Autoclave.Outputs.PRESSIP\OutputValue	8.0	7.5	-0.1	-1.0	0.0	-1.0	-1.0	-1.0	0.0	0.0	0.0	-1.0	-1.0	0.0	0.0	0.0	-1.0	0.0
10:37:06	92.1	265.0	267.8	267.4	267.4	266.8	270.0	270.2	271.3	270.2	272.0	272.0	272.2	270.7	270.9	270.6	0.0	0.0	0.0	-0.1	0.0	39.9	0.0	0.0	-0.1	272.2	265.0	0.3	-0.1	269.6	268.6	272.2	272.3	271.5	276.9	100.6	92.0	17.2	53.8	271.8	272.0	40.0	52.8	7.6	59.6	0.0	5.6	.Autoclave.Outputs.PRESSIP\OutputValue	8.0	7.2	0.0	-1.0	0.0	-1.0	-1.0	-1.0	0.0	0.0	0.0	-1.0	-1.0	0.0	0.0	0.0	-1.0	0.0
10:38:06	93.1	265.1	268.0	267.6	267.6	267.1	270.2	270.4	271.3	271.2	272.0	272.0	272.3	271.0	270.9	270.8	0.0	0.1	0.1	0.0	0.0	39.8	0.0	0.1	0.0	272.3	265.1	0.3	0.0	269.8	268.7	272.2	272.3	271.5	276.8	100.6	93.0	18.2	52.8	271.8	272.0	40.0	52.1	7.6	59.6	0.0	4.1	.Autoclave.Outputs.PRESSIP\OutputValue	8.0	7.2	-0.1	-1.0	0.0	-1.0	-1.0	-1.0	0.0	0.0	0.0	-1.0	-1.0	0.0	0.0	0.0	-1.0	0.0
10:39:06	94.1	265.3	268.0	267.5	267.7	267.2	270.1	270.5	271.3	269.7	272.1	272.0	272.2	271.2	271.0	270.7	0.0	0.1	0.1	0.0	0.0	39.8	0.0	0.1	0.0	272.2	265.3	0.8	-0.1	269.8	268.8	272.1	272.1	271.4	276.8	100.8	94.0	19.2	51.8	271.8	272.0	40.0	52.7	7.6	59.6	0.0	5.4	.Autoclave.Outputs.PRESSIP\OutputValue	8.0	6.9	-0.1	-1.0	0.0	-1.0	-1.0	-1.0	0.0	0.0	0.0	-1.0	-1.0	0.0	0.0	0.0	-1.0	0.0
10:40:06	95.1	265.6	268.1	267.7	267.8	267.3	270.1	270.6	271.3	270.0	272.1	271.9	272.2	271.3	271.1	270.9	0.0	0.0	0.1	0.0	0.1	39.8	0.0	0.1	0.0	272.2	265.6	0.3	-0.6	269.9	268.9	272.2	272.2	271.5	277.0	100.8	95.0	20.2	50.8	271.7	272.0	40.0	52.6	7.5	59.4	0.0	5.3	.Autoclave.Outputs.PRESSIP\OutputValue	8.0	6.6	0.0	-1.0	0.0	-1.0	-1.0	-1.0	0.0	0.0	0.0	-1.0	-1.0	0.0	0.0	0.0	-1.0	0.0
10:41:05	96.0	265.6	268.2	267.8	268.0	267.6	270.2	270.8	271.4	270.8	272.1	272.0	272.3	271.5	271.2	270.8	0.0	0.0	0.1	0.0	0.0	39.9	0.0	0.1	0.0	272.3	265.6	0.3	-0.2	270.0	269.0	272.1	272.2	271.4	276.8	100.9	96.0	21.2	49.8	271.7	272.0	40.0	52.6	7.5	59.4	0.0	5.2	.Autoclave.Outputs.PRESSIP\OutputValue	8.0	6.7	-0.2	-1.0	0.0	-1.0	-1.0	-1.0	0.0	0.0	0.0	-1.0	-1.0	0.0	0.0	0.0	-1.0	0.0
10:42:06	97.1	265.8	268.3	267.9	268.2	267.7	270.3	270.8	271.5	269.9	272.1	272.0	272.3	271.7	271.3	270.9	0.0	0.1	0.1	0.0	0.0	39.9	0.0	0.1	0.0	272.3	265.8	0.3	-0.1	270.1	269.1	272.1	272.1	271.4	276.6	100.7	97.0	22.2	48.8	271.8	272.0	40.0	53.2	7.4	59.4	0.0	6.5	.Autoclave.Outputs.PRESSIP\OutputValue	8.0	6.5	-0.2	-1.0	0.0	-1.0	-1.0	-1.0	0.0	0.0	0.0	-1.0	-1.0	0.0	0.0	0.0	-1.0	0.0
10:43:06	98.1	266.1	268.4	268.1	268.3	267.9	270.4	270.8	271.5	270.4	272.0	272.0	272.3	271.7	271.5	271.0	0.0	0.1	0.1	0.0	0.0	39.9	0.0	0.1	0.0	272.3	266.1	0.2	0.0	270.2	269.2	272.2	272.2	271.5	276.8	100.9	98.0	23.2	47.8	271.8	272.0	40.0	52.5	7.4	59.2	0.0	5.0	.Autoclave.Outputs.PRESSIP\OutputValue	8.0	6.2	-0.1	-1.0	0.0	-1.0	-1.0	-1.0	0.0	0.0	0.0	-1.0	-1.0	0.0	0.0	0.0	-1.0	0.0
10:44:06	99.0	266.3	268.5	268.1	268.4	268.1	270.4	271.0	271.6	270.0	271.9	272.0	272.2	272.0	271.5	271.0	0.0	0.1	0.1	-0.1	0.0	39.9	0.0	0.1	-0.1	272.2	266.3	0.5	-0.1	270.2	269.3	272.3	272.3	271.5	277.0	100.9	99.0	24.2	46.8	271.8	272.0	40.0	52.5	7.4	59.4	0.0	5.0	.Autoclave.Outputs.PRESSIP\OutputValue	8.0	5.9	0.1	-1.0	0.0	-1.0	-1.0	-1.0	0.0	0.0	0.0	-1.0	-1.0	0.0	0.0	0.0	-1.0	0.0
10:45:06	100.1	266.5	268.6	268.3	268.6	268.2	270.4	271.1	271.5	270.1	271.9	271.9	272.2	272.1	271.6	271.0	0.0	0.1	0.0	0.0	0.1	39.9	0.0	0.1	0.0	272.2	266.5	0.2	-0.3	270.3	269.4	272.2	272.2	271.4	276.9	100.8	100.0	25.2	45.8	271.9	272.0	40.0	53.1	7.3	59.4	0.0	6.2	.Autoclave.Outputs.PRESSIP\OutputValue	8.0	5.7	0.0	-1.0	0.0	-1.0	-1.0	-1.0	0.0	0.0	0.0	-1.0	-1.0	0.0	0.0	0.0	-1.0	0.0
10:46:05	101.0	266.6	268.8	268.3	268.8	268.4	270.5	271.1	271.5	269.6	271.9	272.0	272.3	272.3	271.6	271.0	-0.1	0.0	0.1	-0.1	0.0	39.8	0.0	0.1	-0.1	272.3	266.6	0.4	0.0	270.3	269.5	272.2	272.2	271.4	276.7	100.9	101.0	26.2	44.8	271.8	272.0	40.0	51.7	7.3	59.6	0.0	3.4	.Autoclave.Outputs.PRESSIP\OutputValue	8.0	5.7	-0.1	-1.0	0.0	-1.0	-1.0	-1.0	0.0	0.0	0.0	-1.0	-1.0	0.0	0.0	0.0	-1.0	0.0
10:47:05	102.0	266.8	268.9	268.5	268.8	268.5	270.4	271.1	271.6	270.1	271.9	271.9	272.2	272.4	271.6	271.1	0.0	0.0	0.1	-0.1	0.0	39.9	0.0	0.1	-0.1	272.4	266.8	0.2	-0.9	270.4	269.6	272.0	272.0	271.4	276.5	100.9	102.0	27.2	43.8	271.7	272.0	40.0	52.3	7.2	59.4	0.0	4.7	.Autoclave.Outputs.PRESSIP\OutputValue	8.0	5.6	-0.4	-1.0	0.0	-1.0	-1.0	-1.0	0.0	0.0	0.0	-1.0	-1.0	0.0	0.0	0.0	-1.0	0.0
10:48:06	103.1	266.9	268.8	268.6	268.8	268.6	270.4	271.3	271.6	271.3	272.0	272.0	272.2	272.4	271.5	271.1	0.0	0.1	0.1	0.0	0.1	39.9	0.0	0.1	0.0	272.4	266.9	2.0	-0.1	270.5	269.7	271.9	271.9	271.2	276.5	100.9	103.0	28.2	42.8	271.6	272.0	40.0	53.0	7.2	59.2	0.0	5.9	.Autoclave.Outputs.PRESSIP\OutputValue	8.0	5.5	-0.5	-1.0	0.0	-1.0	-1.0	-1.0	0.0	0.0	0.0	-1.0	-1.0	0.0	0.0	0.0	-1.0	0.0
10:49:06	104.1	267.0	268.9	268.8	269.0	268.8	270.5	271.2	271.7	271.7	271.9	272.0	272.1	272.5	271.7	271.1	0.0	0.0	0.1	0.0	0.0	39.9	0.0	0.1	0.0	272.5	267.0	0.2	-1.2	270.6	269.8	271.8	271.8	271.1	276.7	100.9	104.0	29.2	41.8	271.5	272.0	40.0	52.3	7.2	59.4	0.0	4.5	.Autoclave.Outputs.PRESSIP\OutputValue	8.0	5.5	-0.7	-1.0	0.0	-1.0	-1.0	-1.0	0.0	0.0	0.0	-1.0	-1.0	0.0	0.0	0.0	-1.0	0.0
10:50:06	105.1	267.0	269.0	268.8	269.1	268.8	270.5	271.4	271.6	270.7	271.9	271.9	272.2	272.6	271.8	271.1	0.0	0.0	0.1	-0.1	0.0	39.9	0.0	0.1	-0.1	272.6	267.0	0.2	-0.2	270.6	269.8	271.8	271.8	271.1	276.3	100.9	105.0	30.2	40.8	271.4	272.0	40.0	52.2	7.1	59.6	0.0	4.4	.Autoclave.Outputs.PRESSIP\OutputValue	8.0	5.6	-0.8	-1.0	0.0	-1.0	-1.0	-1.0	0.0	0.0	0.0	-1.0	-1.0	0.0	0.0	0.0	-1.0	0.0
10:51:05	106.0	267.1	269.0	268.8	269.2	269.0	270.5	271.4	271.6	270.5	271.9	271.9	272.2	272.6	271.7	271.0	0.0	0.0	0.1	-0.1	0.0	39.9	0.0	0.1	-0.1	272.6	267.1	0.2	-0.1	270.6	269.9	271.7	271.7	271.0	276.5	101.1	106.0	31.2	39.8	271.4	272.0	40.0	52.9	7.1	59.4	0.0	5.7	.Autoclave.Outputs.PRESSIP\OutputValue	8.0	5.5	-0.9	-1.0	0.0	-1.0	-1.0	-1.0	0.0	0.0	0.0	-1.0	-1.0	0.0	0.0	0.0	-1.0	0.0
10:52:06	107.1	267.2	269.1	268.9	269.1	269.0	270.5	271.4	271.5	271.2	271.8	271.9	272.0	272.7	271.6	271.0	0.0	0.0	0.1	-0.1	0.0	39.8	0.0	0.1	-0.1	272.7	267.2	0.5	-0.2	270.6	270.0	271.6	271.6	270.9	276.0	101.0	107.0	32.2	38.8	271.3	272.0	40.0	52.2	7.0	59.6	0.0	4.3	.Autoclave.Outputs.PRESSIP\OutputValue	8.0	5.5	-1.1	-1.0	0.0	-1.0	-1.0	-1.0	0.0	0.0	0.0	-1.0	-1.0	0.0	0.0	0.0	-1.0	0.0
10:53:06	108.1	267.4	269.1	269.0	269.3	269.1	270.6	271.4	271.5	271.8	271.7	271.8	271.9	272.8	271.7	271.0	-0.1	0.1	0.1	-0.1	0.1	39.9	0.0	0.1	-0.1	272.8	267.4	0.2	-0.2	270.7	270.1	271.5	271.5	270.8	276.2	101.0	108.0	33.2	37.8	271.2	272.0	40.0	53.5	7.0	59.8	0.0	6.9	.Autoclave.Outputs.PRESSIP\OutputValue	8.0	5.4	-1.3	-1.0	0.0	-1.0	-1.0	-1.0	0.0	0.0	0.0	-1.0	-1.0	0.0	0.0	0.0	-1.0	0.0
10:54:06	109.1	267.5	269.2	269.0	269.3	269.1	270.5	271.3	271.5	270.0	271.7	271.7	272.0	272.8	271.8	271.0	0.0	0.0	0.1	-0.1	0.0	39.8	0.0	0.1	-0.1	272.8	267.5	0.3	-0.1	270.6	270.2	271.5	271.5	270.8	276.1	101.0	109.0	34.2	36.8	271.2	272.0	40.0	52.8	7.0	59.6	0.0	5.5	.Autoclave.Outputs.PRESSIP\OutputValue	8.0	5.3	-1.3	-1.0	0.0	-1.0	-1.0	-1.0	0.0	0.0	0.0	-1.0	-1.0	0.0	0.0	0.0	-1.0	0.0
10:55:05	110.0	267.5	269.2	269.0	269.3	269.2	270.5	271.4	271.4	270.9	271.7	271.8	271.9	272.8	271.8	271.0	0.0	0.0	0.0	0.0	0.0	39.9	0.0	0.0	0.0	272.8	267.5	0.1	-0.2	270.6	270.2	271.4	271.5	270.7	276.0	101.1	110.0	35.2	35.8	271.2	272.0	40.0	52.7	6.9	59.4	0.0	5.4	.Autoclave.Outputs.PRESSIP\OutputValue	8.0	5.3	-1.4	-1.0	0.0	-1.0	-1.0	-1.0	0.0	0.0	0.0	-1.0	-1.0	0.0	0.0	0.0	-1.0	0.0
10:56:06	111.1	267.5	269.2	269.0	269.3	269.3	270.4	271.5	271.4	271.1	271.7	271.7	271.9	272.9	271.6	270.9	0.0	0.0	0.1	-0.1	0.0	39.8	0.0	0.1	-0.1	272.9	267.5	0.4	-0.1	270.6	270.2	271.4	271.4	270.7	276.0	101.1	111.0	36.2	34.8	271.1	272.0	40.0	52.7	6.9	59.6	0.0	5.4	.Autoclave.Outputs.PRESSIP\OutputValue	8.0	5.4	-1.5	-1.0	0.0	-1.0	-1.0	-1.0	0.0	0.0	0.0	-1.0	-1.0	0.0	0.0	0.0	-1.0	0.0
10:57:06	112.0	267.7	269.3	269.2	269.4	269.3	270.4	271.3	271.4	269.3	271.6	271.6	271.8	272.9	271.7	270.9	0.0	0.1	0.0	0.0	0.0	39.8	0.0	0.1	0.0	272.9	267.7	0.1	-0.3	270.5	270.3	271.3	271.3	270.7	276.1	101.1	112.0	37.2	33.8	271.1	272.0	40.0	53.3	6.9	59.6	0.0	6.6	.Autoclave.Outputs.PRESSIP\OutputValue	8.0	5.2	-1.6	-1.0	0.0	-1.0	-1.0	-1.0	0.0	0.0	0.0	-1.0	-1.0	0.0	0.0	0.0	-1.0	0.0
10:58:06	113.1	267.7	269.3	269.1	269.5	269.4	270.4	271.5	271.5	270.8	271.7	271.7	271.8	273.0	271.5	271.0	0.0	0.0	0.1	-0.1	0.0	39.9	0.0	0.1	-0.1	273.0	267.7	0.3	-0.1	270.7	270.4	271.4	271.4	270.7	276.3	101.2	113.0	38.2	32.8	271.1	272.0	40.0	52.6	6.8	59.4	0.0	5.2	.Autoclave.Outputs.PRESSIP\OutputValue	8.0	5.3	-1.6	-1.0	0.0	-1.0	-1.0	-1.0	0.0	0.0	0.0	-1.0	-1.0	0.0	0.0	0.0	-1.0	0.0
10:59:05	114.0	267.7	269.3	269.1	269.5	269.5	270.4	271.5	271.4	270.7	271.6	271.7	271.9	273.0	271.7	271.0	0.1	0.0	0.1	-0.1	0.0	39.8	0.0	0.1	-0.1	273.0	267.7	0.2	-0.7	270.7	270.4	271.3	271.3	270.7	276.0	101.2	114.0	39.2	31.8	271.0	272.0	40.0	52.6	6.8	59.6	0.0	5.2	.Autoclave.Outputs.PRESSIP\OutputValue	8.0	5.3	-1.7	-1.0	0.0	-1.0	-1.0	-1.0	0.0	0.0	0.0	-1.0	-1.0	0.0	0.0	0.0	-1.0	0.0
11:00:06	115.0	267.8	269.4	269.1	269.6	269.5	270.4	271.4	271.3	270.9	271.6	271.6	271.8	272.9	271.7	271.0	0.0	0.1	0.1	-0.1	0.1	39.8	0.0	0.1	-0.1	272.9	267.8	0.7	-0.1	270.7	270.4	271.3	271.3	270.6	275.9	101.3	115.0	40.2	30.8	271.1	272.0	40.0	53.2	6.8	59.6	0.0	6.4	.Autoclave.Outputs.PRESSIP\OutputValue	8.0	5.1	-1.6	-1.0	0.0	-1.0	-1.0	-1.0	0.0	0.0	0.0	-1.0	-1.0	0.0	0.0	0.0	-1.0	0.0
11:01:05	116.0	267.9	269.4	269.2	269.6	269.6	270.4	271.5	271.3	270.8	271.5	271.5	271.8	273.0	271.7	270.9	0.1	0.0	0.0	-0.1	0.0	39.8	0.0	0.1	-0.1	273.0	267.9	0.2	-0.1	270.7	270.5	271.3	271.2	270.6	275.8	101.2	116.0	41.2	29.8	271.0	272.0	40.0	52.5	6.7	59.8	0.0	5.0	.Autoclave.Outputs.PRESSIP\OutputValue	8.0	5.1	-1.7	-1.0	0.0	-1.0	-1.0	-1.0	0.0	0.0	0.0	-1.0	-1.0	0.0	0.0	0.0	-1.0	0.0
11:02:06	117.1	268.0	269.4	269.3	269.6	269.6	270.3	271.5	271.4	270.9	271.5	271.5	271.8	273.0	271.7	270.9	-0.1	0.1	0.1	0.0	0.1	39.8	0.0	0.1	-0.1	273.0	268.0	0.1	-0.8	270.7	270.5	271.2	271.2	270.5	275.8	101.2	117.0	42.2	28.8	271.0	272.0	40.0	52.5	6.7	59.6	0.0	5.0	.Autoclave.Outputs.PRESSIP\OutputValue	8.0	5.0	-1.8	-1.0	0.0	-1.0	-1.0	-1.0	0.0	0.0	0.0	-1.0	-1.0	0.0	0.0	0.0	-1.0	0.0
11:03:06	118.1	268.0	269.4	269.3	269.6	269.6	270.3	271.5	271.4	271.1	271.6	271.5	271.7	273.1	271.8	270.8	0.1	0.0	0.1	0.0	0.0	39.9	0.0	0.1	0.0	273.1	268.0	0.1	-0.5	270.7	270.6	271.3	271.2	270.5	275.9	101.2	118.0	43.2	27.8	271.0	272.0	40.0	51.8	6.7	59.6	0.0	3.6	.Autoclave.Outputs.PRESSIP\OutputValue	8.0	5.1	-1.8	-1.0	0.0	-1.0	-1.0	-1.0	0.0	0.0	0.0	-1.0	-1.0	0.0	0.0	0.0	-1.0	0.0
11:04:06	119.1	268.0	269.4	269.3	269.6	269.6	270.4	271.4	271.2	270.8	271.3	271.3	271.5	273.1	271.8	270.8	0.0	0.1	0.1	-0.1	0.0	39.8	0.0	0.1	-0.1	273.1	268.0	0.3	-0.2	270.6	270.6	271.1	271.2	270.6	275.8	101.3	119.0	44.2	26.8	271.0	272.0	40.0	53.1	6.6	59.6	0.0	6.2	.Autoclave.Outputs.PRESSIP\OutputValue	8.0	5.1	-2.0	-1.0	0.0	-1.0	-1.0	-1.0	0.0	0.0	0.0	-1.0	-1.0	0.0	0.0	0.0	-1.0	0.0
11:05:06	120.1	268.2	269.5	269.4	269.6	269.6	270.3	271.4	271.1	269.9	271.3	271.3	271.6	273.0	271.7	270.8	0.0	0.0	0.1	0.0	0.0	39.8	0.0	0.1	0.0	273.0	268.2	0.8	-0.1	270.6	270.6	271.2	271.2	270.5	275.5	101.3	120.0	45.2	25.8	270.9	272.0	40.0	51.7	6.6	59.8	0.0	3.5	.Autoclave.Outputs.PRESSIP\OutputValue	8.0	4.8	-1.8	-1.0	0.0	-1.0	-1.0	-1.0	0.0	0.0	0.0	-1.0	-1.0	0.0	0.0	0.0	-1.0	0.0
11:06:05	121.0	268.3	269.5	269.3	269.7	269.6	270.3	271.4	271.1	270.7	271.3	271.3	271.5	273.2	271.7	270.9	0.1	0.0	0.0	0.0	0.1	39.8	0.0	0.1	0.0	273.2	268.3	0.1	-1.1	270.7	270.8	271.1	271.2	270.5	275.7	101.4	121.0	46.2	24.8	270.8	272.0	40.0	53.0	6.6	59.8	0.0	6.1	.Autoclave.Outputs.PRESSIP\OutputValue	8.0	4.9	-2.1	-1.0	0.0	-1.0	-1.0	-1.0	0.0	0.0	0.0	-1.0	-1.0	0.0	0.0	0.0	-1.0	0.0
11:07:06	122.1	268.3	269.4	269.2	269.7	269.7	270.2	271.3	271.2	270.4	271.2	271.2	271.5	273.1	271.6	270.9	0.0	0.0	0.1	0.0	0.1	39.8	0.0	0.1	0.0	273.1	268.3	1.2	-0.1	270.6	270.7	271.2	271.2	270.5	275.7	101.4	122.0	47.2	23.8	270.9	272.0	40.0	53.0	6.6	60.0	0.0	6.0	.Autoclave.Outputs.PRESSIP\OutputValue	8.0	4.8	-1.9	-1.0	0.0	-1.0	-1.0	-1.0	0.0	0.0	0.0	-1.0	-1.0	0.0	0.0	0.0	-1.0	0.0
11:08:06	123.1	268.3	269.5	269.3	269.7	269.7	270.3	271.3	271.2	271.0	271.2	271.2	271.4	273.1	271.7	270.8	0.0	0.1	0.1	0.0	0.1	39.8	0.0	0.1	0.0	273.1	268.3	0.2	-0.3	270.7	270.7	271.1	271.1	270.5	275.8	101.4	123.0	48.2	22.8	270.9	272.0	40.0	53.0	6.5	59.6	0.0	5.9	.Autoclave.Outputs.PRESSIP\OutputValue	8.0	4.8	-2.0	-1.0	0.0	-1.0	-1.0	-1.0	0.0	0.0	0.0	-1.0	-1.0	0.0	0.0	0.0	-1.0	0.0
11:09:06	124.1	268.3	269.5	269.2	269.9	269.7	270.2	271.5	271.3	270.8	271.4	271.2	271.6	273.2	271.7	270.8	-0.1	0.1	0.1	-0.1	0.0	39.8	0.0	0.1	-0.1	273.2	268.3	0.2	-0.2	270.7	270.8	271.0	271.1	270.3	275.6	101.3	124.0	49.2	21.8	270.8	272.0	40.0	52.9	6.5	59.8	0.0	5.9	.Autoclave.Outputs.PRESSIP\OutputValue	8.0	4.9	-2.2	-1.0	0.0	-1.0	-1.0	-1.0	0.0	0.0	0.0	-1.0	-1.0	0.0	0.0	0.0	-1.0	0.0
11:10:06	125.1	268.4	269.5	269.1	269.8	269.7	270.2	271.5	271.3	270.8	271.3	271.3	271.5	273.2	271.9	270.8	0.0	0.1	0.1	0.0	0.1	39.8	0.0	0.1	0.0	273.2	268.4	0.1	-0.8	270.7	270.8	271.0	271.0	270.3	275.5	101.4	125.0	50.2	20.8	270.7	272.0	40.0	52.2	6.5	59.8	0.0	4.5	.Autoclave.Outputs.PRESSIP\OutputValue	8.0	4.8	-2.2	-1.0	0.0	-1.0	-1.0	-1.0	0.0	0.0	0.0	-1.0	-1.0	0.0	0.0	0.0	-1.0	0.0
11:11:06	126.1	268.4	269.5	269.3	269.6	269.7	270.2	271.5	271.3	270.7	271.2	271.3	271.5	273.2	271.6	270.8	0.0	0.0	0.1	0.0	0.0	39.8	0.0	0.1	0.0	273.2	268.4	0.5	-0.1	270.7	270.8	271.1	271.1	270.4	275.6	101.3	126.0	51.2	19.8	270.8	272.0	40.0	52.9	6.4	59.6	0.0	5.8	.Autoclave.Outputs.PRESSIP\OutputValue	8.0	4.8	-2.1	-1.0	0.0	-1.0	-1.0	-1.0	0.0	0.0	0.0	-1.0	-1.0	0.0	0.0	0.0	-1.0	0.0
11:12:06	127.1	268.4	269.5	269.3	269.6	269.8	270.2	271.6	271.3	271.3	271.2	271.2	271.4	273.2	271.7	270.9	0.0	0.1	0.1	-0.1	0.1	39.9	0.0	0.1	-0.1	273.2	268.4	0.1	-0.1	270.7	270.8	271.1	271.0	270.4	275.6	101.4	127.0	52.2	18.8	270.8	272.0	40.0	51.5	6.4	60.0	0.0	3.0	.Autoclave.Outputs.PRESSIP\OutputValue	8.0	4.8	-2.1	-1.0	0.0	-1.0	-1.0	-1.0	0.0	0.0	0.0	-1.0	-1.0	0.0	0.0	0.0	-1.0	0.0
11:13:05	128.0	268.5	269.6	269.3	269.9	269.7	270.2	271.5	271.2	270.6	271.2	271.2	271.5	273.2	271.7	270.7	0.0	0.0	0.0	0.0	0.1	39.8	0.0	0.1	0.0	273.2	268.5	0.1	-0.2	270.7	270.9	271.1	271.1	270.3	275.5	101.4	128.0	53.2	17.8	270.8	272.0	40.0	51.5	6.4	59.6	0.0	3.0	.Autoclave.Outputs.PRESSIP\OutputValue	8.0	4.7	-2.1	-1.0	0.0	-1.0	-1.0	-1.0	0.0	0.0	0.0	-1.0	-1.0	0.0	0.0	0.0	-1.0	0.0
11:14:05	129.0	268.6	269.6	269.3	269.8	269.8	270.1	271.4	271.1	270.6	271.1	271.2	271.3	273.3	271.8	270.9	-0.1	0.0	0.0	-0.1	0.0	39.8	0.0	0.0	-0.1	273.3	268.6	0.2	-0.2	270.7	271.0	271.0	271.0	270.3	275.4	101.4	129.0	54.2	16.8	270.7	272.0	40.0	52.1	6.3	60.0	0.0	4.2	.Autoclave.Outputs.PRESSIP\OutputValue	8.0	4.7	-2.3	-1.0	0.0	-1.0	-1.0	-1.0	0.0	0.0	0.0	-1.0	-1.0	0.0	0.0	0.0	-1.0	0.0
11:15:06	130.1	268.7	269.7	269.4	269.8	269.8	270.2	271.5	271.0	270.6	271.1	271.1	271.4	273.3	271.7	270.9	0.0	0.1	0.1	0.0	0.0	39.8	-0.1	0.1	0.0	273.3	268.7	0.2	-0.1	270.7	271.0	270.9	271.0	270.2	275.4	101.5	130.0	55.2	15.8	270.7	272.0	40.0	52.8	6.3	59.8	0.0	5.5	.Autoclave.Outputs.PRESSIP\OutputValue	8.0	4.6	-2.4	-1.0	0.0	-1.0	-1.0	-1.0	0.0	0.0	0.0	-1.0	-1.0	0.0	0.0	0.0	-1.0	0.0
11:16:06	131.0	268.7	269.7	269.3	270.0	269.8	270.1	271.4	271.1	270.6	271.0	271.1	271.3	273.4	271.8	270.8	-0.1	0.0	0.0	0.0	0.1	39.8	0.0	0.1	-0.1	273.4	268.7	0.1	-0.1	270.7	271.1	271.0	271.0	270.2	275.5	101.4	131.0	56.2	14.8	270.7	272.0	40.0	52.1	6.3	59.6	0.0	4.1	.Autoclave.Outputs.PRESSIP\OutputValue	8.0	4.7	-2.4	-1.0	0.0	-1.0	-1.0	-1.0	0.0	0.0	0.0	-1.0	-1.0	0.0	0.0	0.0	-1.0	0.0
11:17:06	132.1	268.8	269.7	269.3	270.1	269.8	270.2	271.5	271.1	270.6	271.1	271.1	271.3	273.3	271.7	270.8	0.0	0.0	0.1	0.0	0.0	39.8	0.0	0.1	0.0	273.3	268.8	0.1	-0.2	270.7	271.1	270.9	270.9	270.2	275.6	101.4	132.0	57.2	13.8	270.7	272.0	40.0	52.0	6.2	59.6	0.0	4.1	.Autoclave.Outputs.PRESSIP\OutputValue	8.0	4.5	-2.4	-1.0	0.0	-1.0	-1.0	-1.0	0.0	0.0	0.0	-1.0	-1.0	0.0	0.0	0.0	-1.0	0.0
11:18:05	133.0	268.8	269.8	269.3	270.0	269.8	270.2	271.4	271.1	270.6	271.0	271.0	271.3	273.3	271.8	270.8	0.0	0.0	0.1	0.0	0.0	39.8	0.0	0.1	0.0	273.3	268.8	0.2	-0.1	270.7	271.1	270.9	270.9	270.3	275.5	101.3	133.0	58.2	12.8	270.7	272.0	40.0	52.7	6.2	59.6	0.0	5.3	.Autoclave.Outputs.PRESSIP\OutputValue	8.0	4.5	-2.4	-1.0	0.0	-1.0	-1.0	-1.0	0.0	0.0	0.0	-1.0	-1.0	0.0	0.0	0.0	-1.0	0.0
11:19:06	134.1	268.8	269.7	269.3	270.1	269.8	270.2	271.3	271.2	270.5	271.0	271.1	271.2	273.3	271.8	270.8	0.0	0.0	0.0	-0.1	0.1	39.8	0.0	0.1	-0.1	273.3	268.8	0.1	-0.1	270.7	271.1	270.9	271.0	270.1	275.6	101.4	134.0	59.2	11.8	270.7	272.0	40.0	53.3	6.2	59.6	0.0	6.6	.Autoclave.Outputs.PRESSIP\OutputValue	8.0	4.5	-2.4	-1.0	0.0	-1.0	-1.0	-1.0	0.0	0.0	0.0	-1.0	-1.0	0.0	0.0	0.0	-1.0	0.0
11:20:06	135.1	268.8	269.8	269.5	270.1	269.8	270.2	271.4	271.1	270.6	271.0	271.0	271.2	273.3	271.7	270.7	0.0	0.0	0.1	-0.1	0.0	39.9	0.0	0.1	-0.1	273.3	268.8	0.2	-0.1	270.7	271.1	271.0	271.0	270.3	275.5	101.4	135.0	60.2	10.8	270.7	272.0	40.0	52.6	6.2	59.4	0.0	5.2	.Autoclave.Outputs.PRESSIP\OutputValue	8.0	4.5	-2.3	-1.0	0.0	-1.0	-1.0	-1.0	0.0	0.0	0.0	-1.0	-1.0	0.0	0.0	0.0	-1.0	0.0
11:21:06	136.1	268.9	269.9	269.4	270.1	269.8	270.1	271.3	271.0	270.1	271.0	270.9	271.1	273.3	271.7	270.7	0.0	0.0	0.1	0.0	0.1	39.8	0.0	0.1	0.0	273.3	268.9	0.3	-0.1	270.6	271.1	271.0	271.0	270.3	275.4	101.4	136.0	61.2	9.8	270.7	272.0	40.0	51.9	6.1	59.8	0.0	3.8	.Autoclave.Outputs.PRESSIP\OutputValue	8.0	4.4	-2.3	-1.0	0.0	-1.0	-1.0	-1.0	0.0	0.0	0.0	-1.0	-1.0	0.0	0.0	0.0	-1.0	0.0
11:22:06	137.1	268.9	269.8	269.4	270.1	269.9	270.1	271.3	271.0	270.5	271.0	271.0	271.1	273.3	271.7	270.6	-0.1	0.0	0.1	0.0	0.1	39.9	0.0	0.1	-0.1	273.3	268.9	0.1	-0.6	270.7	271.1	270.9	270.9	270.3	275.8	101.4	137.0	62.2	8.8	270.7	272.0	40.0	51.9	6.1	59.4	0.0	3.8	.Autoclave.Outputs.PRESSIP\OutputValue	8.0	4.4	-2.4	-1.0	0.0	-1.0	-1.0	-1.0	0.0	0.0	0.0	-1.0	-1.0	0.0	0.0	0.0	-1.0	0.0
11:23:06	138.1	268.9	269.8	269.5	270.0	269.9	270.1	271.3	271.1	270.4	271.0	270.9	271.1	273.3	271.6	270.6	0.0	0.0	0.0	-0.1	0.0	39.9	0.0	0.0	-0.1	273.3	268.9	0.8	-0.1	270.6	271.1	270.9	270.9	270.2	275.6	101.3	138.0	63.2	7.8	270.8	272.0	40.0	53.2	6.1	59.8	0.0	6.4	.Autoclave.Outputs.PRESSIP\OutputValue	8.0	4.4	-2.4	-1.0	0.0	-1.0	-1.0	-1.0	0.0	0.0	0.0	-1.0	-1.0	0.0	0.0	0.0	-1.0	0.0
11:24:06	139.1	268.8	269.7	269.3	269.8	269.7	269.8	271.1	270.4	270.0	270.7	270.7	270.9	273.1	271.2	270.3	0.0	0.0	0.1	0.0	0.1	39.9	0.0	0.1	0.0	273.1	268.8	0.1	-1.5	270.4	271.0	269.8	269.8	269.1	276.9	101.5	139.0	64.2	6.8	271.0	272.0	40.0	62.7	6.2	59.2	0.0	25.3	.Autoclave.Outputs.PRESSIP\OutputValue	8.0	4.3	-3.3	-1.0	0.0	-1.0	-1.0	-1.0	0.0	0.0	0.0	-1.0	-1.0	0.0	0.0	0.0	-1.0	0.0
11:25:05	140.0	268.9	284.8	269.5	270.1	269.8	270.0	271.3	271.0	270.1	270.8	270.8	271.0	273.0	271.4	270.4	0.0	0.1	0.1	-0.1	0.1	39.8	0.0	0.1	-0.1	273.0	268.9	1.2	0.0	270.6	271.0	271.0	271.0	270.2	275.7	101.6	140.0	65.2	5.8	270.9	272.0	40.0	53.3	6.2	59.6	0.0	6.7	.Autoclave.Outputs.PRESSIP\OutputValue	8.0	4.1	-2.0	-1.0	0.0	-1.0	-1.0	-1.0	0.0	0.0	0.0	-1.0	-1.0	0.0	0.0	0.0	-1.0	0.0
11:26:05	141.0	268.9	224.6	269.4	270.1	269.8	270.1	271.3	271.1	269.5	270.9	270.8	271.1	273.1	271.6	270.4	0.0	0.1	0.1	0.0	0.0	39.9	0.0	0.1	0.0	273.1	268.9	0.1	-0.5	270.6	271.0	271.0	271.1	270.3	276.0	101.5	141.0	66.2	4.8	270.9	272.0	40.0	53.3	6.2	59.4	0.0	6.6	.Autoclave.Outputs.PRESSIP\OutputValue	8.0	4.2	-2.1	-1.0	0.0	-1.0	-1.0	-1.0	0.0	0.0	0.0	-1.0	-1.0	0.0	0.0	0.0	-1.0	0.0
11:27:06	142.1	269.0	132.3	269.6	270.0	269.8	270.0	271.2	271.0	270.3	270.8	270.9	271.0	273.2	271.4	270.4	0.0	0.0	0.1	-0.1	0.1	39.9	0.0	0.1	-0.1	273.2	269.0	0.4	-0.1	270.6	271.1	271.1	271.0	270.4	275.8	101.6	142.0	67.2	3.8	270.9	272.0	40.0	52.6	6.2	59.8	0.0	5.3	.Autoclave.Outputs.PRESSIP\OutputValue	8.0	4.2	-2.1	-1.0	0.0	-1.0	-1.0	-1.0	0.0	0.0	0.0	-1.0	-1.0	0.0	0.0	0.0	-1.0	0.0
11:28:06	143.1	269.0	229.8	269.5	270.1	269.9	270.0	271.2	271.1	271.3	270.8	270.8	271.0	273.1	271.5	270.5	-0.1	0.0	0.1	0.0	0.1	39.9	0.0	0.1	-0.1	273.1	269.0	0.1	-0.2	270.7	271.1	271.1	271.1	270.4	275.8	101.6	143.0	68.2	2.8	270.9	272.0	40.0	52.6	6.2	59.4	0.0	5.2	.Autoclave.Outputs.PRESSIP\OutputValue	8.0	4.1	-2.0	-1.0	0.0	-1.0	-1.0	-1.0	0.0	0.0	0.0	-1.0	-1.0	0.0	0.0	0.0	-1.0	0.0
11:29:05	144.0	269.0	174.3	269.5	270.2	269.9	270.1	271.3	271.0	270.5	270.8	270.9	271.0	273.1	271.5	270.4	-0.1	0.0	0.1	0.0	0.0	39.8	0.0	0.1	-0.1	273.1	269.0	0.7	-0.1	270.7	271.1	271.1	271.1	270.4	275.9	101.5	144.0	69.2	1.8	270.9	272.0	40.0	52.6	6.2	59.6	0.0	5.2	.Autoclave.Outputs.PRESSIP\OutputValue	8.0	4.1	-2.0	-1.0	0.0	-1.0	-1.0	-1.0	0.0	0.0	0.0	-1.0	-1.0	0.0	0.0	0.0	-1.0	0.0
11:30:06	145.1	269.2	195.3	269.5	270.1	269.9	270.1	271.3	271.0	271.1	270.9	270.8	271.1	273.1	271.6	270.4	0.0	0.1	0.1	0.0	0.0	39.9	0.0	0.1	0.0	273.1	269.2	0.1	-0.1	270.7	271.2	271.0	271.0	270.3	275.7	101.6	145.0	70.2	0.8	270.9	272.0	40.0	53.3	6.1	59.6	0.0	6.5	.Autoclave.Outputs.PRESSIP\OutputValue	8.0	3.9	-2.1	-1.0	0.0	-1.0	-1.0	-1.0	0.0	0.0	0.0	-1.0	-1.0	0.0	0.0	0.0	-1.0	0.0
11:30:52	145.8	269.3	161.6	269.7	270.1	269.9	270.1	271.3	271.1	270.3	270.9	270.8	271.1	273.1	271.6	270.5	0.0	0.1	0.1	-0.1	0.0	39.8	0.0	0.1	-0.1	273.1	269.3	0.4	-0.1	270.7	271.2	271.0	271.1	270.3	275.7	101.5	145.8	71.0	0.0	270.9	272.0	40.0	53.2	6.1	59.2	0.0	6.5	.Autoclave.Outputs.PRESSIP\OutputValue	8.0	3.8	-2.1	-1.0	0.0	-1.0	-1.0	-1.0	0.0	0.0	0.0	-1.0	-1.0	0.0	0.0	0.0	-1.0	0.0
11:31:06	146.1	269.3	171.5	269.6	270.2	270.0	270.2	271.3	271.1	270.6	270.9	270.9	271.1	273.2	271.6	270.4	0.1	0.0	0.1	0.0	0.0	39.9	0.0	0.1	0.0	273.2	269.3	0.1	-0.1	270.7	271.3	271.3	271.3	270.6	277.3	101.6	146.0	0.2	0.0	270.9	270.9	40.0	51.0	6.1	58.9	0.0	2.0	.Autoclave.Outputs.PRESSIP\OutputValue	8.0	3.9	-1.9	-1.0	0.0	-1.0	-1.0	-1.0	0.0	0.0	0.0	-1.0	-1.0	0.0	0.0	0.0	-1.0	0.0
11:32:06	147.0	268.9	139.6	268.9	268.5	269.3	268.6	270.5	268.2	269.4	269.9	269.9	270.2	272.8	270.3	269.5	0.0	0.0	0.1	-0.1	0.0	40.2	0.0	0.1	-0.1	272.8	268.2	-0.2	-2.8	269.6	270.5	263.6	263.8	263.0	267.0	101.7	147.0	1.2	0.0	266.5	266.5	40.0	73.6	6.3	56.4	0.0	47.1	.Autoclave.Outputs.PRESSIP\OutputValue	8.0	4.6	-9.2	-1.0	0.0	-1.0	-1.0	-1.0	0.0	0.0	0.0	-1.0	-1.0	0.0	0.0	0.0	-1.0	0.0
11:33:06	148.1	268.4	129.3	268.3	268.3	269.0	268.1	269.9	267.7	268.9	269.4	269.3	269.7	272.4	269.6	269.0	0.0	0.0	0.1	0.0	0.0	40.0	0.0	0.1	0.0	272.4	267.7	-0.2	-0.7	269.1	270.1	263.1	263.0	262.3	265.1	101.6	148.0	2.2	0.0	262.0	261.9	40.0	46.7	6.3	57.5	-1.0	0.0	.Autoclave.Outputs.PRESSIP\OutputValue	7.8	4.7	-9.3	-1.0	0.0	-1.0	-1.0	-1.0	0.0	0.0	0.0	-1.0	-1.0	0.0	0.0	0.0	-1.0	0.0
11:34:06	149.1	267.4	59.6	267.2	266.6	268.2	266.3	268.7	264.8	267.2	268.0	268.0	268.3	271.7	267.7	267.3	0.0	0.0	0.1	-0.1	0.1	39.7	0.0	0.1	-0.1	271.7	264.8	-0.7	-3.1	267.7	268.3	256.5	256.5	255.8	259.7	101.5	149.0	3.2	0.0	257.4	257.4	40.0	60.8	6.5	60.8	0.0	21.5	.Autoclave.Outputs.PRESSIP\OutputValue	8.0	6.9	-15.2	-1.0	0.0	-1.0	-1.0	-1.0	0.0	0.0	0.0	-1.0	-1.0	0.0	0.0	0.0	-1.0	0.0
11:35:06	150.1	266.2	310.8	265.5	264.8	267.4	265.0	267.9	262.5	266.0	266.4	266.4	266.7	271.1	266.5	266.4	-0.1	0.0	0.1	-0.1	0.0	39.7	0.0	0.1	-0.1	271.1	262.5	-0.7	-1.6	266.3	266.8	251.1	251.0	250.3	240.8	101.7	150.0	4.2	0.0	252.9	252.9	40.0	66.7	6.4	60.9	0.0	33.3	.Autoclave.Outputs.PRESSIP\OutputValue	8.0	8.6	-20.0	-1.0	0.0	-1.0	-1.0	-1.0	0.0	0.0	0.0	-1.0	-1.0	0.0	0.0	0.0	-1.0	0.0
11:36:06	151.1	264.6	185.6	264.2	263.7	266.4	263.1	266.5	260.9	264.5	265.0	265.1	265.2	270.0	264.9	264.5	0.0	0.0	0.0	-0.1	0.0	40.0	0.0	0.0	-0.1	270.0	260.9	-0.8	-2.3	264.9	265.5	249.2	249.1	248.3	249.8	101.6	151.0	5.2	0.0	248.4	248.4	40.0	49.5	6.6	58.0	0.0	0.0	.Autoclave.Outputs.PRESSIP\OutputValue	7.9	9.1	-20.8	-1.0	0.0	-1.0	-1.0	-1.0	0.0	0.0	0.0	-1.0	-1.0	0.0	0.0	0.0	-1.0	0.0
11:37:06	152.1	262.9	295.9	262.1	261.6	265.0	260.8	264.8	257.6	262.4	262.8	263.1	263.1	268.9	262.6	262.3	0.0	0.1	0.0	-0.1	0.0	39.7	0.0	0.1	-0.1	268.9	257.6	-1.2	-3.2	262.9	263.3	242.4	242.4	241.7	244.0	101.6	152.0	6.2	0.0	243.9	243.9	40.0	64.9	6.6	61.1	0.0	29.9	.Autoclave.Outputs.PRESSIP\OutputValue	8.0	11.3	-26.5	-1.0	0.0	-1.0	-1.0	-1.0	0.0	0.0	0.0	-1.0	-1.0	0.0	0.0	0.0	-1.0	0.0
11:38:05	153.0	260.9	81.8	260.0	259.3	263.7	258.7	263.2	254.8	260.7	260.5	260.8	260.9	267.6	260.8	260.7	0.0	0.1	0.1	-0.1	0.0	40.0	0.0	0.1	-0.1	267.6	254.8	-1.1	-2.6	260.9	261.2	237.0	236.9	236.0	232.5	101.7	153.0	7.2	0.0	239.4	239.4	40.0	71.1	6.7	58.3	0.0	42.1	.Autoclave.Outputs.PRESSIP\OutputValue	8.0	12.8	-30.6	-1.0	0.0	-1.0	-1.0	-1.0	0.0	0.0	0.0	-1.0	-1.0	0.0	0.0	0.0	-1.0	0.0
11:39:06	154.1	258.8	169.0	258.3	257.8	262.5	256.8	261.5	253.1	258.7	258.6	259.0	258.7	266.3	259.0	258.5	0.0	0.0	0.0	-0.1	0.0	39.6	0.0	0.0	-0.1	266.3	253.1	-1.2	-2.3	259.1	259.7	235.6	235.6	234.7	226.5	101.6	154.0	8.2	0.0	234.9	234.9	40.0	50.3	6.7	62.3	-1.0	0.7	.Autoclave.Outputs.PRESSIP\OutputValue	7.8	13.2	-30.7	-1.0	0.0	-1.0	-1.0	-1.0	0.0	0.0	0.0	-1.0	-1.0	0.0	0.0	0.0	-1.0	0.0
11:40:06	155.1	256.4	192.6	255.6	255.9	260.9	254.4	259.5	250.1	256.2	256.0	256.6	256.0	264.7	256.6	255.8	0.0	0.0	0.1	-0.1	0.0	39.8	0.0	0.1	-0.1	264.7	250.1	-1.6	-3.2	256.8	257.4	231.3	231.3	230.5	232.6	101.6	155.0	9.2	0.0	230.4	230.4	40.0	49.2	6.8	60.2	0.0	0.0	.Autoclave.Outputs.PRESSIP\OutputValue	8.0	14.6	-33.4	-1.0	0.0	-1.0	-1.0	-1.0	0.0	0.0	0.0	-1.0	-1.0	0.0	0.0	0.0	-1.0	0.0
11:41:06	156.1	253.9	260.2	253.1	253.2	259.2	251.6	257.2	246.8	253.7	253.2	253.9	253.2	263.1	254.3	253.3	-0.1	0.0	0.1	-0.1	0.0	40.1	0.0	0.1	-0.1	263.1	246.8	-1.7	-3.3	254.3	255.0	225.6	225.6	225.0	226.4	101.6	156.0	10.2	0.0	225.9	225.9	40.0	57.3	6.9	56.5	0.0	14.6	.Autoclave.Outputs.PRESSIP\OutputValue	7.9	16.3	-37.5	-1.0	0.0	-1.0	-1.0	-1.0	0.0	0.0	0.0	-1.0	-1.0	0.0	0.0	0.0	-1.0	0.0
11:42:05	157.0	251.2	158.1	249.7	250.9	257.3	248.5	254.9	243.1	250.9	250.1	250.9	250.3	261.3	251.6	250.5	0.0	0.1	0.0	-0.1	0.0	39.8	0.0	0.1	-0.1	261.3	243.1	-1.7	-3.5	251.5	252.2	219.7	219.6	219.0	220.5	101.6	157.0	11.2	0.0	221.4	221.4	40.0	66.7	6.9	60.0	0.0	33.4	.Autoclave.Outputs.PRESSIP\OutputValue	8.0	18.2	-41.6	-1.0	0.0	-1.0	-1.0	-1.0	0.0	0.0	0.0	-1.0	-1.0	0.0	0.0	0.0	-1.0	0.0
11:42:14	157.2	250.8	206.5	249.3	250.9	257.0	248.2	254.5	243.0	250.5	249.9	250.7	249.8	260.9	251.1	250.0	0.0	0.1	0.0	0.0	0.0	39.8	0.0	0.1	0.0	260.9	243.0	-1.9	-3.8	251.2	252.0	220.0	220.0	219.2	221.1	101.6	157.2	11.4	0.0	220.9	220.8	40.0	60.9	6.9	60.0	0.0	21.7	.Autoclave.Outputs.PRESSIP\OutputValue	8.0	17.9	-41.1	-1.0	0.0	-1.0	-1.0	-1.0	0.0	0.0	0.0	-1.0	-1.0	0.0	0.0	0.0	-1.0	0.0
11:43:06	158.1	248.4	265.3	247.7	247.6	255.3	245.9	252.5	240.0	248.2	247.2	248.1	247.2	259.3	248.8	247.9	0.0	0.1	0.0	0.0	0.0	39.2	0.0	0.1	0.0	259.3	240.0	-1.9	-3.1	248.9	249.7	214.5	214.5	213.9	210.1	101.4	158.0	0.9	0.0	216.9	216.9	40.0	69.3	6.9	65.6	0.0	38.6	.Autoclave.Outputs.PRESSIP\OutputValue	8.0	19.3	-44.8	-1.0	0.0	-1.0	-1.0	-1.0	0.0	0.0	0.0	-1.0	-1.0	0.0	0.0	0.0	-1.0	0.0
11:44:06	159.1	245.7	165.4	245.1	245.6	253.4	243.8	250.2	237.5	245.9	244.2	245.1	244.3	257.3	246.7	245.1	-0.1	0.0	0.1	-0.1	0.0	39.6	0.0	0.1	-0.1	257.3	237.5	-1.9	-3.0	246.4	247.4	212.1	211.9	211.3	201.9	101.6	159.0	1.9	0.0	212.4	212.4	40.0	57.3	6.9	62.4	0.0	14.7	.Autoclave.Outputs.PRESSIP\OutputValue	8.0	19.8	-45.2	-1.0	0.0	-1.0	-1.0	-1.0	0.0	0.0	0.0	-1.0	-1.0	0.0	0.0	0.0	-1.0	0.0
11:45:06	160.0	242.8	22.4	241.1	244.0	251.3	240.8	247.7	234.5	242.9	241.1	242.4	241.2	255.1	244.1	241.9	0.0	0.0	0.1	-0.1	0.0	39.4	0.0	0.1	-0.1	255.1	234.5	-2.0	-3.9	243.6	244.8	209.1	209.1	208.4	202.1	101.4	160.0	2.9	0.0	207.9	207.9	40.0	46.7	6.9	64.1	-1.0	0.0	.Autoclave.Outputs.PRESSIP\OutputValue	8.0	20.6	-46.0	-1.0	0.0	-1.0	-1.0	-1.0	0.0	0.0	0.0	-1.0	-1.0	0.0	0.0	0.0	-1.0	0.0
11:46:06	161.1	239.7	164.6	237.5	241.5	249.2	237.8	245.0	231.1	240.1	238.0	239.4	237.9	253.0	241.3	238.7	0.0	0.1	0.1	-0.1	0.0	39.3	0.0	0.1	-0.1	253.0	231.1	-2.1	-3.9	240.7	242.1	204.9	204.9	204.2	202.2	101.5	161.0	3.9	0.0	203.4	203.4	40.0	45.4	7.0	64.5	-1.0	0.0	.Autoclave.Outputs.PRESSIP\OutputValue	8.0	21.9	-48.1	-1.0	0.0	-1.0	-1.0	-1.0	0.0	0.0	0.0	-1.0	-1.0	0.0	0.0	0.0	-1.0	0.0
11:47:06	162.1	236.8	146.1	236.0	236.9	246.8	234.8	242.3	227.6	236.8	234.4	236.1	234.5	250.5	238.5	235.6	-0.1	0.1	0.0	-0.1	0.0	39.9	0.0	0.1	-0.1	250.5	227.6	-1.4	-4.9	237.7	239.1	200.1	200.0	199.4	200.6	101.6	162.0	4.9	0.0	198.9	198.9	40.0	47.4	7.0	59.1	-1.0	0.0	.Autoclave.Outputs.PRESSIP\OutputValue	8.0	22.9	-50.4	-1.0	0.0	-1.0	-1.0	-1.0	0.0	0.0	0.0	-1.0	-1.0	0.0	0.0	0.0	-1.0	0.0
11:48:06	163.1	233.6	141.6	232.4	234.1	244.1	231.2	239.2	223.9	233.5	231.1	232.8	230.8	248.0	235.1	232.2	0.0	0.1	0.0	-0.1	0.0	39.5	0.0	0.1	-0.1	248.0	223.9	-2.5	-3.9	234.4	236.0	195.1	195.1	194.5	194.4	101.5	163.0	5.9	0.0	194.4	194.4	40.0	50.7	6.9	62.6	0.0	1.4	.Autoclave.Outputs.PRESSIP\OutputValue	8.0	24.1	-52.9	-1.0	0.0	-1.0	-1.0	-1.0	0.0	0.0	0.0	-1.0	-1.0	0.0	0.0	0.0	-1.0	0.0
11:49:05	164.0	230.5	173.1	229.2	230.7	241.9	228.2	236.2	220.1	230.1	227.6	229.3	227.4	245.5	232.5	229.1	-0.1	0.1	0.1	-0.1	0.0	40.0	0.0	0.1	-0.1	245.5	220.1	-1.8	-5.2	231.3	232.8	190.4	190.4	189.9	190.2	101.7	164.0	6.9	0.0	189.9	189.9	40.0	51.5	6.9	57.5	0.0	2.9	.Autoclave.Outputs.PRESSIP\OutputValue	8.0	25.4	-55.1	-1.0	0.0	-1.0	-1.0	-1.0	0.0	0.0	0.0	-1.0	-1.0	0.0	0.0	0.0	-1.0	0.0
11:50:06	165.1	227.1	161.1	225.5	227.7	239.2	224.5	233.3	216.4	226.5	224.0	225.8	223.8	242.9	229.0	225.3	-0.1	0.1	0.0	-0.1	0.0	39.7	0.0	0.1	-0.1	242.9	216.4	-2.6	-3.8	227.9	229.7	185.8	185.9	185.2	186.1	101.6	165.0	7.9	0.0	185.4	185.4	40.0	52.7	6.9	60.6	0.0	5.4	.Autoclave.Outputs.PRESSIP\OutputValue	8.0	26.5	-57.1	-1.0	0.0	-1.0	-1.0	-1.0	0.0	0.0	0.0	-1.0	-1.0	0.0	0.0	0.0	-1.0	0.0
11:51:05	166.0	223.7	116.2	219.7	226.4	236.5	221.3	230.1	212.6	223.2	220.3	222.2	220.2	240.3	225.7	222.0	0.0	0.1	0.0	-0.1	0.0	39.4	0.0	0.1	-0.1	240.3	212.6	-2.7	-4.0	224.6	226.5	181.6	181.6	180.9	180.9	101.5	166.0	8.9	0.0	180.9	180.9	40.0	50.8	6.8	64.1	0.0	1.6	.Autoclave.Outputs.PRESSIP\OutputValue	8.0	27.7	-58.7	-1.0	0.0	-1.0	-1.0	-1.0	0.0	0.0	0.0	-1.0	-1.0	0.0	0.0	0.0	-1.0	0.0
11:52:05	167.0	220.4	91.5	218.5	221.1	233.7	217.6	227.0	208.6	219.6	216.2	218.6	216.4	237.5	222.5	218.6	-0.1	0.1	0.1	0.0	0.0	39.7	0.0	0.1	-0.1	237.5	208.6	-1.6	-5.2	221.2	223.1	176.3	176.2	175.6	175.3	101.7	167.0	9.9	0.0	176.4	176.4	40.0	56.1	6.8	61.3	0.0	12.2	.Autoclave.Outputs.PRESSIP\OutputValue	8.0	28.9	-61.3	-1.0	0.0	-1.0	-1.0	-1.0	0.0	0.0	0.0	-1.0	-1.0	0.0	0.0	0.0	-1.0	0.0
11:53:06	168.1	217.0	142.2	215.6	217.7	230.9	214.1	223.7	205.0	216.1	212.8	214.7	212.7	234.6	219.3	214.9	-0.1	0.1	0.0	-0.1	0.0	39.4	0.0	0.1	-0.1	234.6	205.0	-2.8	-3.9	217.8	219.8	171.9	171.8	171.1	171.4	101.6	168.0	10.9	0.0	171.9	171.9	40.0	55.2	6.7	64.5	0.0	10.5	.Autoclave.Outputs.PRESSIP\OutputValue	8.0	29.6	-62.8	-1.0	0.0	-1.0	-1.0	-1.0	0.0	0.0	0.0	-1.0	-1.0	0.0	0.0	0.0	-1.0	0.0
11:54:05	169.0	213.8	205.0	211.5	214.4	228.1	211.4	220.6	201.3	212.4	208.7	210.9	209.0	231.7	216.3	211.3	-0.1	0.2	0.0	-0.1	0.0	39.8	0.0	0.2	-0.1	231.7	201.3	-2.7	-4.0	214.4	216.5	167.1	167.1	166.4	163.3	101.5	169.0	11.9	0.0	167.4	167.4	40.0	57.3	6.6	59.8	0.0	14.6	.Autoclave.Outputs.PRESSIP\OutputValue	8.0	30.4	-64.7	-1.0	0.0	-1.0	-1.0	-1.0	0.0	0.0	0.0	-1.0	-1.0	0.0	0.0	0.0	-1.0	0.0
11:55:06	170.1	210.2	0.0	207.8	211.0	225.3	207.2	217.1	197.4	208.8	205.0	207.3	205.2	228.6	212.6	207.3	-0.1	0.1	0.0	-0.1	0.0	39.4	0.0	0.1	-0.1	228.6	197.4	-2.9	-4.1	210.8	213.0	162.9	162.9	162.2	158.3	101.5	170.0	12.9	0.0	162.9	162.9	40.0	55.0	6.5	63.6	0.0	10.1	.Autoclave.Outputs.PRESSIP\OutputValue	8.0	31.2	-65.8	-1.0	0.0	-1.0	-1.0	-1.0	0.0	0.0	0.0	-1.0	-1.0	0.0	0.0	0.0	-1.0	0.0
11:56:06	171.1	206.6	267.7	204.9	207.3	222.2	204.0	214.2	193.8	205.3	201.6	203.6	201.4	225.5	209.3	203.5	-0.1	0.1	0.0	-0.1	0.0	39.1	0.0	0.1	-0.1	225.5	193.8	-3.0	-3.9	207.4	209.7	159.5	159.5	158.7	154.0	101.6	171.0	13.9	0.0	158.4	158.4	40.0	48.3	6.4	66.8	-1.0	0.0	.Autoclave.Outputs.PRESSIP\OutputValue	8.0	31.7	-66.1	-1.0	0.0	-1.0	-1.0	-1.0	0.0	0.0	0.0	-1.0	-1.0	0.0	0.0	0.0	-1.0	0.0
11:57:06	172.1	203.1	145.1	200.9	203.9	219.3	200.3	210.6	190.1	201.5	197.5	199.9	197.6	222.3	205.9	200.0	-0.1	0.1	0.0	-0.1	0.0	39.5	0.0	0.1	-0.1	222.3	190.1	-2.9	-4.2	203.8	206.2	155.8	155.7	155.0	151.7	101.5	172.0	14.9	0.0	153.9	153.9	40.0	42.3	6.3	62.6	-1.0	0.0	.Autoclave.Outputs.PRESSIP\OutputValue	8.0	32.2	-66.6	-1.0	0.0	-1.0	-1.0	-1.0	0.0	0.0	0.0	-1.0	-1.0	0.0	0.0	0.0	-1.0	0.0
11:58:06	173.0	199.5	146.2	194.2	202.8	216.1	196.1	206.9	185.8	197.7	193.5	195.9	193.5	219.1	201.9	195.7	0.0	0.2	0.0	-0.1	0.0	39.3	0.0	0.2	-0.1	219.1	185.8	-2.1	-6.1	199.9	202.5	150.7	150.7	150.0	149.4	101.6	173.0	15.9	0.0	149.4	149.4	40.0	46.3	6.2	65.1	-1.0	0.0	.Autoclave.Outputs.PRESSIP\OutputValue	8.0	33.3	-68.5	-1.0	0.0	-1.0	-1.0	-1.0	0.0	0.0	0.0	-1.0	-1.0	0.0	0.0	0.0	-1.0	0.0
11:59:06	174.1	195.9	165.2	190.3	199.3	212.8	192.7	203.4	182.0	193.8	189.4	191.8	189.6	215.8	198.5	192.0	-0.1	0.2	0.1	-0.1	0.0	39.5	-0.4	0.2	-0.1	215.8	182.0	-3.2	-4.3	196.2	198.9	146.0	146.0	145.3	142.3	101.6	174.0	16.9	0.0	144.9	144.9	40.0	47.3	6.1	63.8	-1.0	0.0	.Autoclave.Outputs.PRESSIP\OutputValue	8.0	33.8	-69.8	-1.0	0.0	-1.0	-1.0	-1.0	0.0	0.0	0.0	-1.0	-1.0	0.0	0.0	0.0	-1.0	0.0
12:00:06	175.1	192.2	73.6	189.5	193.1	209.6	189.0	199.7	177.9	189.8	185.3	187.8	185.5	212.6	194.5	188.0	-0.1	0.1	0.1	-0.1	0.0	39.1	0.0	0.1	-0.1	212.6	177.9	-1.3	-5.7	192.5	195.2	141.6	141.6	140.8	138.5	101.6	175.0	17.9	0.0	140.4	140.4	40.0	46.6	6.0	67.0	-1.0	0.0	.Autoclave.Outputs.PRESSIP\OutputValue	8.0	34.7	-71.0	-1.0	0.0	-1.0	-1.0	-1.0	0.0	0.0	0.0	-1.0	-1.0	0.0	0.0	0.0	-1.0	0.0
12:01:06	176.0	188.8	0.0	185.9	189.7	206.3	185.2	196.2	174.1	186.0	181.3	184.0	181.6	209.2	191.4	184.4	0.0	0.1	0.0	-0.1	0.0	39.5	0.0	0.1	-0.1	209.2	174.1	-3.2	-4.2	188.9	191.6	138.0	138.0	137.3	135.6	101.6	176.0	18.9	0.0	136.0	135.9	40.0	40.6	5.8	62.8	-1.0	0.0	.Autoclave.Outputs.PRESSIP\OutputValue	8.0	35.1	-71.2	-1.0	0.0	-1.0	-1.0	-1.0	0.0	0.0	0.0	-1.0	-1.0	0.0	0.0	0.0	-1.0	0.0
12:02:05	177.0	185.2	90.9	182.3	185.7	203.2	181.6	192.6	170.6	182.0	177.6	180.0	177.7	205.8	187.7	180.3	-0.1	0.1	0.0	-0.1	0.0	39.3	0.0	0.1	-0.1	205.8	170.6	-3.4	-4.0	185.2	188.2	135.3	135.2	134.4	132.9	101.5	177.0	19.9	0.0	131.4	131.4	40.0	28.3	5.5	65.5	-1.0	0.0	.Autoclave.Outputs.PRESSIP\OutputValue	8.0	35.2	-70.5	-1.0	0.0	-1.0	-1.0	-1.0	0.0	0.0	0.0	-1.0	-1.0	0.0	0.0	0.0	-1.0	0.0
12:03:06	178.1	181.6	79.9	178.9	182.8	200.1	178.3	189.0	167.1	178.7	173.7	176.5	173.9	202.4	184.3	176.7	-0.1	0.2	0.0	-0.1	0.0	39.0	0.0	0.2	-0.1	202.4	167.1	-3.0	-4.0	181.7	184.7	132.5	132.5	131.8	130.5	101.5	178.0	20.9	0.0	126.9	126.9	40.0	16.4	5.1	67.7	-1.0	0.0	.Autoclave.Outputs.PRESSIP\OutputValue	8.0	35.3	-69.9	-1.0	0.0	-1.0	-1.0	-1.0	0.0	0.0	0.0	-1.0	-1.0	0.0	0.0	0.0	-1.0	0.0
12:04:05	179.0	178.3	198.7	175.4	179.7	197.0	174.9	185.9	164.0	175.0	169.9	172.7	170.2	0.0	181.3	173.1	0.0	0.2	0.0	-0.1	0.0	39.5	0.0	0.2	-0.1	197.0	164.0	-3.0	-4.0	176.7	180.5	130.1	130.1	129.4	128.7	101.7	179.0	21.9	0.0	122.4	122.4	40.0	1.9	4.4	63.4	-1.0	0.0	.Autoclave.Outputs.PRESSIP\OutputValue	8.0	33.0	-66.9	-1.0	0.0	-1.0	-1.0	-1.0	0.0	0.0	0.0	-1.0	-1.0	0.0	0.0	0.0	-1.0	0.0
12:05:06	180.1	175.1	196.2	172.0	176.6	193.9	171.6	182.4	160.9	171.2	166.5	169.2	166.7	0.0	178.0	169.8	0.0	0.2	0.1	-0.1	0.0	39.3	0.0	0.2	-0.1	193.9	160.9	-3.0	-3.6	173.4	177.4	127.8	127.8	127.2	126.6	101.6	180.0	22.9	0.0	117.9	117.9	40.0	0.0	0.0	65.3	-1.0	0.0	.Autoclave.Outputs.PRESSIP\OutputValue	8.0	33.0	-66.1	-1.0	0.0	-1.0	-1.0	-1.0	0.0	0.0	0.0	-1.0	-1.0	0.0	0.0	0.0	-1.0	0.0
12:06:06	181.1	171.9	149.5	169.1	173.4	190.9	168.4	179.1	157.9	168.0	163.1	165.9	163.3	0.0	174.9	166.4	0.0	0.2	0.1	0.0	0.0	39.1	0.0	0.2	0.0	190.9	157.9	-3.0	-3.9	170.2	174.4	126.1	126.1	125.3	124.8	101.6	181.0	23.9	0.0	113.4	113.4	40.0	0.0	0.0	66.8	-1.0	0.0	.Autoclave.Outputs.PRESSIP\OutputValue	8.0	33.0	-64.8	-1.0	0.0	-1.0	-1.0	-1.0	0.0	0.0	0.0	-1.0	-1.0	0.0	0.0	0.0	-1.0	0.0
12:07:06	182.1	169.0	176.6	166.0	170.4	187.7	165.5	175.9	155.1	165.2	159.8	162.7	159.9	0.0	172.3	163.5	0.0	0.1	0.1	-0.1	0.0	39.6	0.0	0.1	-0.1	187.7	155.1	-2.3	-4.3	167.1	171.4	124.5	124.5	123.9	123.7	101.8	182.0	24.9	0.0	108.9	108.9	40.0	0.0	0.0	62.4	-1.0	0.0	.Autoclave.Outputs.PRESSIP\OutputValue	8.0	32.6	-63.2	-1.0	0.0	-1.0	-1.0	-1.0	0.0	0.0	0.0	-1.0	-1.0	0.0	0.0	0.0	-1.0	0.0
12:08:05	183.0	166.2	121.1	162.7	168.0	184.8	162.7	172.7	152.5	161.9	156.9	159.6	156.9	0.0	169.4	160.5	-0.1	0.2	0.0	-0.1	0.0	39.5	0.0	0.2	-0.1	184.8	152.5	-2.3	-3.4	164.2	168.6	122.8	122.8	122.1	121.9	101.7	183.0	25.9	0.0	104.4	104.4	40.0	0.0	0.0	63.8	-1.0	0.0	.Autoclave.Outputs.PRESSIP\OutputValue	8.0	32.3	-61.9	-1.0	0.0	-1.0	-1.0	-1.0	0.0	0.0	0.0	-1.0	-1.0	0.0	0.0	0.0	-1.0	0.0
12:09:06	184.1	163.4	91.6	160.3	165.1	182.0	159.7	169.9	149.9	159.0	153.9	156.5	154.1	0.0	166.4	157.5	-0.1	0.2	0.0	-0.1	0.0	39.3	0.0	0.2	-0.1	182.0	149.9	-2.5	-3.2	161.4	165.9	121.1	121.1	120.4	120.6	101.7	184.0	26.9	0.0	99.9	99.9	40.0	0.0	0.0	65.1	-1.0	0.0	.Autoclave.Outputs.PRESSIP\OutputValue	8.0	32.1	-60.8	-1.0	0.0	-1.0	-1.0	-1.0	0.0	0.0	0.0	-1.0	-1.0	0.0	0.0	0.0	-1.0	0.0
12:10:06	185.1	160.9	90.2	157.4	162.4	179.1	157.1	167.0	147.4	156.0	151.2	153.8	151.3	0.0	163.7	154.5	0.0	0.2	0.1	-0.1	0.1	39.2	0.0	0.2	-0.1	179.1	147.4	-2.2	-2.9	158.6	163.2	119.5	119.5	118.9	119.3	101.6	185.0	27.9	0.0	95.5	95.4	40.0	0.0	0.0	66.4	-1.0	0.0	.Autoclave.Outputs.PRESSIP\OutputValue	8.0	31.7	-59.5	-1.0	0.0	-1.0	-1.0	-1.0	0.0	0.0	0.0	-1.0	-1.0	0.0	0.0	0.0	-1.0	0.0
12:11:05	186.0	158.3	94.3	155.2	159.8	176.5	154.3	164.3	145.1	153.3	148.3	151.0	148.6	0.0	160.9	151.9	-0.1	0.2	0.1	-0.1	0.0	39.0	0.0	0.2	-0.1	176.5	145.1	-2.5	-3.0	156.0	160.8	118.1	118.1	117.4	118.0	101.6	186.0	28.9	0.0	90.9	90.9	40.0	0.0	0.0	67.7	-1.0	0.0	.Autoclave.Outputs.PRESSIP\OutputValue	8.0	31.4	-58.3	-1.0	0.0	-1.0	-1.0	-1.0	0.0	0.0	0.0	-1.0	-1.0	0.0	0.0	0.0	-1.0	0.0
12:12:05	187.0	156.0	158.0	152.6	157.3	173.8	151.9	161.6	143.0	151.1	145.7	148.3	146.1	0.0	158.6	149.4	-0.1	0.2	0.0	-0.1	0.0	39.6	0.0	0.2	-0.1	173.8	143.0	-2.2	-2.8	153.5	158.4	117.1	117.0	116.4	117.1	101.6	187.0	29.9	0.0	86.4	86.4	40.0	0.0	0.0	62.4	-1.0	0.0	.Autoclave.Outputs.PRESSIP\OutputValue	8.0	30.8	-56.6	-1.0	0.0	-1.0	-1.0	-1.0	0.0	0.0	0.0	-1.0	-1.0	0.0	0.0	0.0	-1.0	0.0
12:13:06	188.1	153.9	67.0	149.4	155.5	171.0	149.6	159.0	140.9	148.4	143.3	145.8	143.6	0.0	156.1	146.8	-0.1	0.2	0.0	-0.1	0.0	39.5	0.0	0.2	-0.1	171.0	140.9	-1.9	-3.1	151.0	155.9	115.9	115.9	115.1	116.0	101.6	188.0	30.9	0.0	81.9	81.9	40.0	0.0	0.0	63.4	-1.0	0.0	.Autoclave.Outputs.PRESSIP\OutputValue	8.0	30.1	-55.0	-1.0	0.0	-1.0	-1.0	-1.0	0.0	0.0	0.0	-1.0	-1.0	0.0	0.0	0.0	-1.0	0.0
12:14:06	189.0	151.7	96.9	142.9	156.9	168.6	146.9	156.7	138.7	146.4	140.9	143.4	141.3	0.0	153.7	144.5	-0.1	0.2	0.0	-0.1	0.0	39.3	0.0	0.2	-0.1	168.6	138.7	1.4	-6.8	148.7	153.6	114.8	114.7	114.1	115.0	101.6	189.0	31.9	0.0	80.0	80.0	40.0	0.0	0.0	64.5	-1.0	0.0	.Autoclave.Outputs.PRESSIP\OutputValue	8.0	29.9	-53.7	-1.0	0.0	-1.0	-1.0	-1.0	0.0	0.0	0.0	-1.0	-1.0	0.0	0.0	0.0	-1.0	0.0
12:15:06	190.1	149.6	155.2	141.1	154.3	166.1	145.0	154.2	136.9	143.8	138.8	141.1	139.1	0.0	151.5	142.2	0.0	0.2	0.1	-0.1	0.0	39.2	0.0	0.2	-0.1	166.1	136.9	-1.7	-2.7	146.4	151.5	113.8	113.8	113.2	114.1	101.6	190.0	32.9	0.0	80.0	80.0	40.0	0.0	0.0	65.6	-1.0	0.0	.Autoclave.Outputs.PRESSIP\OutputValue	8.0	29.2	-52.2	-1.0	0.0	-1.0	-1.0	-1.0	0.0	0.0	0.0	-1.0	-1.0	0.0	0.0	0.0	-1.0	0.0
12:16:05	191.0	147.7	76.2	138.3	152.9	163.7	142.8	151.6	134.9	141.4	136.8	139.0	137.0	0.0	149.2	140.2	-0.1	0.2	0.1	-0.1	0.0	39.2	0.0	0.2	-0.1	163.7	134.9	-0.6	-3.3	144.3	149.3	112.8	112.8	112.2	113.2	101.6	191.0	33.9	0.0	80.0	80.0	40.0	0.0	0.0	66.2	-1.0	0.0	.Autoclave.Outputs.PRESSIP\OutputValue	8.0	28.8	-50.8	-1.0	0.0	-1.0	-1.0	-1.0	0.0	0.0	0.0	-1.0	-1.0	0.0	0.0	0.0	-1.0	0.0
12:17:06	192.0	145.7	186.6	136.2	151.2	161.2	140.7	149.5	133.0	139.3	134.7	136.8	134.9	0.0	147.2	138.3	0.0	0.2	0.0	-0.1	0.0	39.0	0.0	0.2	-0.1	161.2	133.0	-0.7	-3.4	142.2	147.1	112.0	112.0	111.4	112.6	101.7	192.0	34.9	0.0	80.0	80.0	40.0	0.0	0.0	67.0	-1.0	0.0	.Autoclave.Outputs.PRESSIP\OutputValue	8.0	28.2	-49.1	-1.0	0.0	-1.0	-1.0	-1.0	0.0	0.0	0.0	-1.0	-1.0	0.0	0.0	0.0	-1.0	0.0
12:18:06	193.1	144.0	0.0	135.2	148.6	159.0	138.7	147.4	131.6	137.6	132.7	134.8	133.0	0.0	145.2	136.3	0.0	0.2	0.1	-0.1	0.0	39.6	0.0	0.2	-0.1	159.0	131.6	-1.1	-2.6	140.3	145.3	111.1	111.1	110.5	111.8	101.8	193.0	35.9	0.0	80.0	80.0	40.0	0.0	0.0	61.9	-1.0	0.0	.Autoclave.Outputs.PRESSIP\OutputValue	8.0	27.4	-47.8	-1.0	0.0	-1.0	-1.0	-1.0	0.0	0.0	0.0	-1.0	-1.0	0.0	0.0	0.0	-1.0	0.0
12:19:06	194.1	142.2	107.7	137.6	143.1	156.7	136.7	145.3	129.9	135.6	131.0	132.9	131.3	0.0	143.2	134.4	-0.1	0.1	0.1	-0.1	0.0	39.5	0.0	0.1	-0.1	156.7	129.9	1.8	-5.3	138.4	143.3	110.3	110.3	109.7	111.0	101.6	194.0	36.9	0.0	80.0	80.0	40.0	0.0	0.0	62.6	-1.0	0.0	.Autoclave.Outputs.PRESSIP\OutputValue	8.0	26.8	-46.3	-1.0	0.0	-1.0	-1.0	-1.0	0.0	0.0	0.0	-1.0	-1.0	0.0	0.0	0.0	-1.0	0.0
12:20:06	195.1	140.5	189.6	135.5	141.5	154.7	135.1	143.3	128.3	133.8	129.3	131.1	129.6	0.0	141.2	132.7	0.0	0.2	0.1	-0.1	0.0	39.4	0.0	0.2	-0.1	154.7	128.3	-1.4	-2.2	136.7	141.5	109.6	109.6	108.9	110.2	101.6	195.0	37.9	0.0	80.0	80.0	40.0	0.0	0.0	63.8	-1.0	0.0	.Autoclave.Outputs.PRESSIP\OutputValue	8.0	26.4	-45.0	-1.0	0.0	-1.0	-1.0	-1.0	0.0	0.0	0.0	-1.0	-1.0	0.0	0.0	0.0	-1.0	0.0
12:21:06	196.1	139.0	190.8	132.6	140.8	152.6	133.3	141.2	126.9	132.1	127.6	129.4	128.0	0.0	139.4	130.9	-0.1	0.2	0.1	-0.1	0.0	39.3	0.0	0.2	-0.1	152.6	126.9	-1.1	-2.3	134.9	139.7	108.7	108.7	108.1	109.5	101.6	196.0	38.9	0.0	80.0	80.0	40.0	0.0	0.0	64.7	-1.0	0.0	.Autoclave.Outputs.PRESSIP\OutputValue	8.0	25.7	-43.8	-1.0	0.0	-1.0	-1.0	-1.0	0.0	0.0	0.0	-1.0	-1.0	0.0	0.0	0.0	-1.0	0.0
12:22:05	197.0	137.5	104.7	128.8	141.1	150.5	131.7	139.5	125.5	130.1	126.0	127.8	126.3	0.0	137.5	129.3	0.0	0.2	0.0	-0.1	0.0	39.3	0.0	0.2	-0.1	150.5	125.5	-0.1	-3.7	133.2	138.0	108.0	108.0	107.4	109.0	101.4	197.0	39.9	0.0	80.0	80.0	40.0	0.0	0.0	65.3	-1.0	0.0	.Autoclave.Outputs.PRESSIP\OutputValue	8.0	25.0	-42.4	-1.0	0.0	-1.0	-1.0	-1.0	0.0	0.0	0.0	-1.0	-1.0	0.0	0.0	0.0	-1.0	0.0
12:23:06	198.1	136.0	67.6	129.6	137.6	148.7	130.2	137.7	124.2	129.0	124.6	126.2	125.0	0.0	135.9	127.8	-0.1	0.2	0.1	-0.1	0.0	39.2	0.0	0.2	-0.1	148.7	124.2	0.7	-3.5	131.7	136.4	107.2	107.2	106.6	108.3	101.5	198.0	40.9	0.0	80.0	80.0	40.0	0.0	0.0	65.6	-1.0	0.0	.Autoclave.Outputs.PRESSIP\OutputValue	8.0	24.5	-41.4	-1.0	0.0	-1.0	-1.0	-1.0	0.0	0.0	0.0	-1.0	-1.0	0.0	0.0	0.0	-1.0	0.0
12:23:23	198.3	135.6	181.6	129.8	136.9	148.0	129.8	137.2	123.7	128.7	124.3	125.8	124.5	0.0	135.3	127.4	0.0	0.2	0.0	-0.1	0.0	39.2	0.0	0.2	-0.1	148.0	123.7	-0.1	-2.6	131.3	135.8	107.2	107.2	106.6	108.2	101.7	198.3	41.2	0.0	80.0	80.0	40.0	0.0	0.0	66.2	-1.0	0.0	.Autoclave.Outputs.PRESSIP\OutputValue	8.0	24.3	-40.9	-1.0	0.0	-1.0	-1.0	-1.0	0.0	0.0	0.0	-1.0	-1.0	0.0	0.0	0.0	-1.0	0.0
12:24:06	199.1	132.6	120.1	128.2	135.7	146.8	128.5	135.8	122.3	127.2	122.9	124.5	123.3	0.0	133.8	126.2	-0.1	0.2	0.1	-0.1	0.0	33.4	0.0	0.2	-0.1	146.8	122.3	-1.3	-3.5	129.8	134.5	104.1	104.0	103.3	104.1	100.7	199.0	0.7	0.0	80.0	80.0	32.9	0.0	0.0	52.6	-1.0	0.0	.Autoclave.Outputs.PRESSIP\OutputValue	7.3	24.5	-42.6	-1.0	0.0	-1.0	-1.0	-1.0	0.0	0.0	0.0	-1.0	-1.0	0.0	0.0	0.0	-1.0	0.0
12:25:06	200.1	134.2	180.8	125.6	134.9	144.9	126.7	134.1	120.5	125.9	121.2	123.0	121.7	0.0	132.2	124.6	0.0	0.2	0.0	0.0	0.0	23.8	0.0	0.2	0.0	144.9	120.5	1.6	-3.1	128.4	132.7	100.4	100.4	99.8	101.1	99.8	200.0	1.7	0.0	80.0	80.0	22.9	0.0	0.0	46.9	-1.0	0.0	.Autoclave.Outputs.PRESSIP\OutputValue	5.9	24.4	-44.4	-1.0	0.0	-1.0	-1.0	-1.0	0.0	0.0	0.0	-1.0	-1.0	0.0	0.0	0.0	-1.0	0.0
12:26:06	201.1	128.0	43.7	122.9	135.2	143.4	125.2	132.6	119.3	124.6	119.8	121.5	120.2	0.0	130.8	122.9	-0.1	0.1	0.0	-0.1	0.0	13.9	0.0	0.1	-0.1	143.4	119.3	-0.6	-6.1	126.6	131.3	97.3	97.3	96.7	98.0	99.2	201.0	2.7	0.0	80.0	80.0	12.9	0.0	0.0	44.7	-1.0	0.0	.Autoclave.Outputs.PRESSIP\OutputValue	4.5	24.1	-46.0	-1.0	0.0	-1.0	-1.0	-1.0	0.0	0.0	0.0	-1.0	-1.0	0.0	0.0	0.0	-1.0	0.0
12:27:06	202.0	124.9	0.0	123.6	133.3	142.2	124.4	131.5	118.4	123.8	118.4	120.3	118.9	0.0	130.0	121.9	-0.2	-0.1	0.0	-0.1	0.0	4.5	0.0	0.0	-0.2	142.2	118.4	1.0	-3.3	125.5	130.3	94.7	94.7	94.0	95.4	98.6	202.0	3.7	0.0	80.0	80.0	2.9	0.0	0.0	36.7	-1.0	0.0	.Autoclave.Outputs.PRESSIP\OutputValue	2.6	23.8	-47.4	-1.0	0.0	-1.0	-1.0	-1.0	0.0	0.0	0.0	-1.0	-1.0	-1.0	0.0	0.0	-1.0	0.0
12:27:51	202.8	123.9	82.5	121.5	134.3	141.4	124.1	131.2	118.4	123.2	117.7	119.6	118.1	0.0	129.9	121.5	-0.2	-0.2	0.0	-0.2	-0.1	1.0	0.0	0.0	-0.2	141.4	117.7	-0.1	-2.1	125.0	129.5	94.4	94.5	93.8	95.8	98.5	202.8	4.5	0.0	80.0	80.0	0.0	0.0	0.0	39.3	-1.0	0.0	.Autoclave.Outputs.PRESSIP\OutputValue	-0.3	23.7	-46.9	-1.0	0.0	-1.0	-1.0	-1.0	0.0	0.0	0.0	-1.0	-1.0	-1.0	0.0	0.0	-1.0	0.0
