Time	Elapsed	PTC1	PTC2	PTC3	PTC4	PTC6	PTC7	PTC28	PTC29	PTC30	PTC31	PTC32	PTC33	PTC34	PTC35	PTC36	PTC37	PTC38	PTC39	VPRB1	VPRB5	VPRB16	VPRB18	VPRB22	VPRB24	PRESS	SVAC	HIPRB	LOPRB	HITC	LOTC	HIRATE	LORATE	AVGTC	MEAN	AIRTC	AIRTC1	AIRTC2	HILIMTC	CAPSTC	RUNTIME	SEGTIME	SEGTIMELEFT	TSET_AIR	TSET_PART	PSET	VSET	TEMPOUT	TEMPIP	TEMPINT	PRESSOUT	PRESSIP	PRESSINT	VACIP	VACINT	SPREAD	AIRPARTDELTA	SILENCE	BARLOCK	HIPSI	FANON	HILIMIT	MANINSIDE	PRESSUREINCLAVE	LOINSTAIR	LOVAC	VACPUMPWATERFLOW	LOWATERFLOW	FANOT
HH:MM:SS	Mins	Deg.F	Deg.F	Deg.F	Deg.F	Deg.F	Deg.F	Deg.F	Deg.F	Deg.F	Deg.F	Deg.F	Deg.F	Deg.F	Deg.F	Deg.F	Deg.F	Deg.F	Deg.F	"Hg	"Hg	"Hg	"Hg	"Hg	"Hg	Psig	"Hg			Deg.F	Deg.F	Deg.F	Deg.F	Deg.F	Deg.F	Deg.F	Deg.F	Deg.F	Deg.F	Deg.F	Mins	Mins	Mins	Deg.F	Deg.F	Psig						%	%	%	%	Deg.F	Deg.F												
23:01:54 	0.0	82.4	82.1	83.3	84.2	84.8	83.6	85.4	85.8	85.4	85.2	85.1	86.3	85.6	85.3	86.1	85.3	85.8	86.3	-28.3	-28.2	-28.1	-28.1	-28.3	-28.2	0.0	-28.1	-28.1	-28.3	86.3	82.1	0.2	-0.1	84.9	84.2	88.5	88.5	87.7	107.1	114.3	319.8	0.0	0.0	70.0	70.0	0.0	-30.0	50.0	50.0	0.0	50.0	50.0	0.0	100.0	39.9	4.1	2.0	0.0	-1.0	0.0	0.0	0.0	-1.0	0.0	0.0	0.0	-1.0	-1.0	0.0
23:01:55 	0.0	82.4	82.1	83.3	84.2	84.8	83.6	85.4	85.8	85.4	85.2	85.1	86.3	85.6	85.3	86.1	85.3	85.8	86.3	-28.3	-28.2	-28.1	-28.1	-28.3	-28.2	0.0	-28.1	-28.1	-28.3	86.3	82.1	0.2	-0.1	84.9	84.2	88.5	88.5	87.7	107.1	114.3	319.8	0.0	0.0	70.0	70.0	0.0	-30.0	50.0	50.0	0.0	50.0	50.0	0.0	100.0	39.9	4.1	2.0	0.0	-1.0	0.0	0.0	0.0	-1.0	0.0	0.0	0.0	-1.0	-1.0	0.0
23:01:56 	0.0	82.4	82.1	83.3	84.2	84.8	83.6	85.4	85.8	85.4	85.2	85.1	86.3	85.6	85.3	86.1	85.3	85.8	86.3	-28.3	-28.2	-28.1	-28.1	-28.3	-28.2	0.0	-28.1	-28.1	-28.3	86.3	82.1	0.2	-0.1	84.9	84.2	88.5	88.5	87.7	107.1	114.3	319.8	0.0	0.0	70.0	70.0	0.0	-30.0	50.0	50.0	0.0	50.0	50.0	0.0	100.0	39.9	4.2	2.0	0.0	-1.0	0.0	0.0	0.0	-1.0	0.0	0.0	0.0	-1.0	-1.0	0.0
23:01:56 	0.0	82.4	82.1	83.3	84.2	84.8	83.6	85.4	85.8	85.4	85.2	85.1	86.3	85.6	85.3	86.1	85.3	85.8	86.3	-28.3	-28.2	-28.1	-28.1	-28.3	-28.2	0.0	-28.1	-28.1	-28.3	86.3	82.1	0.2	-0.1	84.9	84.2	88.5	88.5	87.7	107.1	114.3	319.8	0.0	0.0	70.0	70.0	0.0	-30.0	50.0	50.0	0.0	50.0	50.0	0.0	100.0	39.9	4.2	2.2	0.0	-1.0	0.0	0.0	0.0	-1.0	0.0	0.0	0.0	-1.0	-1.0	0.0
23:02:56 	1.0	82.9	84.0	84.5	84.8	85.3	84.3	85.5	87.6	86.7	86.3	84.9	88.0	86.3	85.8	87.6	85.5	86.5	88.0	-28.2	-28.2	-28.1	-28.1	-28.3	-28.2	1.4	-28.1	-28.1	-28.3	88.0	82.9	1.5	0.1	85.8	85.5	97.8	97.9	97.1	103.3	114.8	1.0	1.0	0.0	94.4	91.3	1.5	-30.0	41.4	50.0	-0.1	50.0	50.0	0.4	100.0	40.0	5.1	9.8	0.0	-1.0	0.0	-1.0	0.0	-1.0	-1.0	0.0	0.0	-1.0	0.0	0.0
23:03:56 	2.0	83.4	82.1	85.6	85.2	86.1	84.8	85.7	89.2	88.1	87.1	85.9	89.7	86.5	86.0	86.9	86.0	87.2	88.9	-28.2	-28.2	-28.0	-28.2	-28.3	-28.2	2.8	-28.1	-28.0	-28.3	89.7	82.1	3.1	-0.7	86.4	85.9	100.3	100.3	99.6	104.5	114.3	2.0	2.0	0.0	102.7	96.3	3.0	-30.0	60.5	92.1	-0.1	52.3	52.3	0.6	100.0	40.0	7.6	10.6	0.0	-1.0	0.0	-1.0	0.0	-1.0	-1.0	0.0	0.0	-1.0	0.0	0.0
23:04:57 	3.1	83.8	83.4	87.0	85.7	86.6	85.6	86.9	90.7	89.2	88.0	86.4	91.0	86.9	86.4	87.5	86.5	87.9	89.6	-28.2	-28.2	-28.0	-28.2	-28.3	-28.2	4.5	-28.1	-28.0	-28.3	91.0	83.4	2.1	0.2	87.2	87.2	103.0	103.0	102.3	111.9	113.4	3.0	3.0	0.0	111.4	101.3	4.5	-30.0	81.4	75.8	0.0	50.8	50.8	0.7	100.0	40.0	7.6	12.0	0.0	-1.0	0.0	-1.0	0.0	-1.0	-1.0	0.0	0.0	-1.0	0.0	0.0
23:05:57 	4.1	84.6	85.0	88.4	86.3	87.4	85.9	88.0	92.2	90.4	89.4	86.4	92.9	87.7	86.8	87.6	87.0	88.7	91.1	-28.2	-28.1	-28.0	-28.1	-28.2	-28.2	6.1	-28.1	-28.0	-28.2	92.9	84.6	1.8	-1.2	88.1	88.8	109.0	109.1	108.5	127.2	113.2	4.0	4.0	0.0	119.7	106.3	6.0	-30.0	89.3	57.2	0.2	53.0	53.0	0.8	100.0	40.0	8.3	16.1	0.0	-1.0	0.0	-1.0	0.0	-1.0	-1.0	0.0	0.0	-1.0	0.0	0.0
23:06:56 	5.0	85.8	86.1	90.4	87.2	88.6	87.0	92.5	94.3	92.2	90.6	87.8	95.6	88.4	87.5	88.5	87.5	90.0	92.8	-28.2	-28.1	-28.0	-28.0	-28.2	-28.2	7.4	-28.1	-28.0	-28.2	95.6	85.8	4.9	0.6	89.6	90.7	117.6	117.7	117.0	143.0	113.3	5.0	5.0	0.0	127.0	111.3	7.5	-30.0	85.6	92.6	0.4	51.2	51.2	0.9	100.0	40.0	9.7	22.0	0.0	-1.0	0.0	-1.0	0.0	-1.0	-1.0	0.0	0.0	-1.0	0.0	0.0
23:07:56 	6.0	87.1	87.7	92.8	88.3	90.1	87.5	90.4	97.9	94.9	92.6	88.9	98.6	89.3	88.2	89.4	88.7	91.5	95.3	-28.2	-28.1	-28.0	-28.1	-28.2	-28.1	9.0	-28.1	-28.0	-28.2	98.6	87.1	3.6	0.4	91.1	92.8	126.4	126.5	125.9	154.5	113.3	6.0	6.0	0.0	134.1	116.3	9.0	-30.0	79.0	66.2	0.6	53.3	53.3	1.0	100.0	40.0	11.5	27.8	0.0	-1.0	0.0	-1.0	0.0	-1.0	-1.0	0.0	0.0	-1.0	0.0	0.0
23:08:39 	6.8	88.1	88.8	94.4	88.9	91.2	88.9	94.2	99.6	96.5	93.9	89.7	101.0	90.3	88.9	89.9	89.4	92.8	96.9	-28.2	-28.1	-28.0	-28.1	-28.1	-28.1	10.0	-28.1	-28.0	-28.2	101.0	88.1	3.6	0.5	92.4	94.5	132.1	132.2	131.6	160.4	113.3	6.7	6.7	0.0	138.7	119.8	10.1	-30.0	76.4	55.5	0.7	54.7	54.7	1.1	100.0	39.8	12.9	30.8	0.0	-1.0	0.0	-1.0	0.0	-1.0	-1.0	0.0	0.0	-1.0	0.0	0.0
23:08:56 	7.0	88.5	89.3	95.2	89.3	91.6	89.3	93.0	100.7	97.6	94.7	90.3	102.0	90.6	89.1	89.9	89.7	93.4	97.7	-28.2	-28.1	-27.9	-28.1	-28.2	-28.1	10.3	-28.1	-27.9	-28.2	102.0	88.5	3.6	0.8	92.9	95.2	134.3	134.2	133.7	162.7	113.0	7.0	0.3	0.0	140.7	121.3	10.5	-28.6	74.5	97.9	0.8	51.6	51.6	1.1	87.2	40.2	13.5	32.3	0.0	-1.0	0.0	-1.0	0.0	-1.0	-1.0	0.0	0.0	-1.0	0.0	0.0
23:09:56 	8.0	90.2	90.9	98.2	90.6	93.3	90.5	96.6	104.2	99.9	96.3	91.6	105.3	92.0	90.0	91.7	91.2	95.3	100.0	-28.1	-28.0	-27.9	-28.0	-28.1	-28.0	11.8	-28.0	-27.9	-28.1	105.3	90.0	3.8	0.8	94.9	97.7	141.1	141.2	140.6	167.1	113.4	8.0	1.3	0.0	147.2	126.3	12.0	-23.6	74.4	97.5	0.9	51.7	51.7	1.2	36.6	38.3	15.3	35.8	0.0	-1.0	0.0	-1.0	0.0	-1.0	-1.0	0.0	0.0	-1.0	0.0	0.0
23:10:56 	9.0	92.3	93.1	101.2	92.5	95.6	92.3	100.5	107.9	104.4	98.7	93.5	109.2	93.2	91.6	93.3	92.4	97.6	103.0	-24.4	-24.3	-23.5	-24.9	-24.5	-23.8	13.3	-23.1	-23.5	-24.9	109.2	91.6	4.3	1.3	97.4	100.4	146.5	146.6	146.0	170.7	113.2	9.0	2.3	0.0	153.2	131.3	13.5	-18.6	77.3	59.2	1.0	50.2	50.2	1.4	30.4	33.6	17.6	37.3	0.0	-1.0	0.0	-1.0	0.0	-1.0	-1.0	0.0	0.0	-1.0	0.0	0.0
23:11:56 	10.0	94.3	95.2	104.0	93.8	97.7	94.2	100.0	111.8	105.2	101.3	95.6	112.8	94.6	92.8	95.0	94.1	99.8	106.1	-18.5	-18.3	-17.8	-18.3	-18.3	-18.0	15.0	-17.6	-17.8	-18.5	112.8	92.8	4.1	1.3	99.4	102.8	152.5	152.5	152.1	177.1	113.4	10.0	3.3	0.0	159.5	136.3	15.0	-13.6	76.8	57.1	1.1	54.5	54.5	1.5	29.9	29.4	20.0	39.7	0.0	-1.0	0.0	-1.0	0.0	-1.0	-1.0	0.0	0.0	-1.0	0.0	0.0
23:12:57 	11.1	96.6	97.3	107.2	95.8	100.1	96.6	102.4	115.9	108.1	104.2	97.6	117.2	96.6	94.8	96.5	95.9	102.5	109.3	-13.0	-12.6	-12.5	-12.8	-12.6	-12.7	16.5	-12.3	-12.5	-13.0	117.2	94.8	4.3	1.7	101.9	106.0	158.4	158.6	158.0	183.6	113.4	11.0	4.3	0.0	165.2	141.3	16.5	-8.6	76.9	57.7	1.3	54.9	54.9	1.6	29.7	25.5	22.5	41.2	0.0	-1.0	0.0	-1.0	0.0	-1.0	-1.0	0.0	0.0	-1.0	0.0	0.0
23:13:56 	12.0	99.2	99.8	111.2	97.9	102.5	98.3	105.9	119.9	111.8	106.9	99.6	121.1	98.3	96.4	98.6	98.0	105.1	112.2	-7.8	-7.6	-7.2	-7.5	-7.4	-7.4	17.9	-7.1	-7.2	-7.8	121.1	96.4	4.4	1.9	104.6	108.7	164.4	164.4	163.8	189.7	113.4	12.0	5.3	0.0	171.4	146.3	18.0	-3.6	78.0	62.0	1.4	54.8	54.8	1.7	28.1	22.0	24.7	43.3	0.0	-1.0	0.0	-1.0	0.0	-1.0	-1.0	0.0	0.0	-1.0	0.0	0.0
23:14:56 	13.0	101.9	102.5	115.0	100.1	105.3	101.0	108.6	124.5	114.8	110.0	102.1	125.7	100.5	97.9	100.3	100.1	108.2	115.9	-1.4	-1.0	-0.7	-1.0	-1.0	-0.9	19.5	-0.6	-0.7	-1.4	125.7	97.9	5.3	1.9	107.5	111.8	171.0	171.2	170.7	195.2	113.4	13.0	6.3	0.0	176.8	151.3	19.5	0.0	74.1	96.4	1.5	55.3	55.3	1.8	0.0	18.9	27.8	45.3	0.0	-1.0	0.0	-1.0	0.0	-1.0	-1.0	0.0	0.0	-1.0	0.0	0.0
23:15:56 	14.0	104.7	105.3	118.7	102.6	108.0	103.5	110.4	128.2	120.3	112.7	104.4	130.1	102.8	100.3	102.6	102.6	111.2	119.4	-0.5	-0.2	0.0	0.0	-0.1	-0.2	20.9	0.0	0.0	-0.5	130.1	100.3	4.8	1.7	110.4	115.2	176.0	176.0	175.6	198.5	113.5	14.0	7.3	0.0	182.4	156.3	21.0	0.0	76.2	54.6	1.7	53.3	53.3	1.9	0.0	18.8	29.8	45.9	0.0	-1.0	0.0	-1.0	0.0	-1.0	-1.0	0.0	0.0	-1.0	0.0	0.0
23:16:56 	15.0	107.9	108.3	122.2	104.8	111.0	103.7	117.1	133.1	122.7	116.3	107.4	134.7	105.0	102.7	104.7	104.7	114.5	122.8	-0.4	-0.2	-0.1	0.0	-0.1	-0.1	22.5	0.0	0.0	-0.4	134.7	102.7	4.8	2.1	113.5	118.7	181.6	181.6	181.1	203.5	113.8	15.0	8.3	0.0	187.8	161.3	22.5	0.0	75.7	52.9	1.8	53.7	53.7	2.0	0.0	18.8	32.0	46.9	0.0	-1.0	0.0	-1.0	0.0	-1.0	-1.0	0.0	0.0	-1.0	0.0	0.0
23:17:56 	16.0	111.3	111.6	126.2	107.6	114.3	109.0	120.6	136.9	125.9	119.6	110.2	139.2	107.2	104.3	107.4	106.4	118.0	126.5	-0.4	-0.1	0.0	0.0	-0.1	-0.2	24.1	0.0	0.0	-0.4	139.2	104.3	5.1	1.7	116.8	121.8	186.7	186.7	186.3	208.8	113.5	16.0	9.3	0.0	193.3	166.3	24.0	0.0	76.7	56.8	1.9	51.8	51.8	2.1	0.0	18.9	34.9	47.5	0.0	-1.0	0.0	-1.0	0.0	-1.0	-1.0	0.0	0.0	-1.0	0.0	0.0
23:18:56 	17.0	114.7	114.8	131.0	110.6	117.6	111.6	122.6	142.4	129.5	123.3	113.5	144.0	110.1	106.8	109.8	110.4	121.7	130.1	-0.4	-0.1	-0.1	0.0	0.0	-0.1	25.5	0.0	0.0	-0.4	144.0	106.8	5.6	1.8	120.3	125.4	192.1	192.1	191.7	214.2	113.5	17.0	10.3	0.0	198.5	171.3	25.5	0.0	76.6	56.6	2.1	54.0	54.0	2.1	0.0	18.9	37.2	48.1	0.0	-1.0	0.0	-1.0	0.0	-1.0	-1.0	0.0	0.0	-1.0	0.0	0.0
23:19:57 	18.1	118.2	118.0	135.7	113.7	121.1	114.8	126.7	146.9	133.6	127.3	116.6	149.3	112.8	110.1	112.6	113.5	125.4	134.6	-0.3	-0.1	0.0	0.0	-0.1	-0.2	26.9	0.0	0.0	-0.3	149.3	110.1	5.5	2.8	124.0	129.7	197.0	197.0	196.5	218.1	113.7	18.0	11.3	0.0	203.5	176.3	27.0	0.0	76.5	56.2	2.2	50.7	50.7	2.2	0.0	18.9	39.2	47.7	0.0	-1.0	0.0	-1.0	0.0	-1.0	-1.0	0.0	0.0	-1.0	0.0	0.0
23:20:56 	19.0	122.2	121.3	139.9	116.8	124.6	117.9	128.8	151.5	137.4	131.3	120.5	154.5	116.2	112.3	115.5	116.5	129.7	138.1	-0.3	-0.1	0.0	0.1	-0.1	-0.1	28.4	0.0	0.1	-0.3	154.5	112.3	5.6	2.4	127.5	133.4	202.3	202.4	202.0	222.6	113.8	19.0	12.3	0.0	208.2	181.3	28.5	0.0	75.1	50.5	2.3	50.8	50.8	2.3	0.0	18.9	42.2	47.8	0.0	-1.0	0.0	-1.0	0.0	-1.0	-1.0	0.0	0.0	-1.0	0.0	0.0
23:21:56 	20.0	126.2	124.9	143.8	120.0	128.2	120.9	135.3	156.0	141.3	134.9	124.4	159.7	119.1	115.3	118.7	119.7	133.4	141.7	-0.3	-0.1	0.0	-0.1	0.0	-0.2	29.9	0.0	0.0	-0.3	159.7	115.3	5.5	3.1	131.3	137.5	206.8	207.0	206.5	226.3	114.0	20.0	13.3	0.0	212.9	186.3	30.0	0.0	75.7	52.9	2.4	52.8	52.8	2.3	0.0	18.9	44.4	47.1	0.0	-1.0	0.0	-1.0	0.0	-1.0	-1.0	0.0	0.0	-1.0	0.0	0.0
23:22:56 	21.0	130.0	128.3	148.4	123.8	131.8	125.0	131.7	161.6	145.3	138.7	128.2	164.7	121.7	118.1	121.6	123.0	137.8	146.1	-0.2	-0.1	-0.1	0.0	0.0	-0.1	31.4	0.0	0.0	-0.2	164.7	118.1	5.1	-3.3	134.8	141.4	211.6	211.7	211.4	231.4	113.8	21.0	14.3	0.0	217.9	191.3	31.5	0.0	77.6	60.2	2.6	55.1	55.1	2.4	0.0	18.9	46.6	46.9	0.0	-1.0	0.0	-1.0	0.0	-1.0	-1.0	0.0	0.0	-1.0	0.0	0.0
23:23:57 	22.0	134.1	132.4	153.0	127.6	136.0	128.6	140.8	166.0	148.6	142.5	132.0	170.3	125.1	121.0	125.2	126.8	141.8	150.3	-0.2	-0.1	-0.1	0.0	-0.1	-0.1	33.0	0.0	0.0	-0.2	170.3	121.0	13.6	3.0	139.0	145.6	216.6	216.8	216.4	235.8	114.0	22.0	15.3	0.0	222.5	196.3	33.0	0.0	75.4	51.7	2.7	51.5	51.5	2.4	0.0	18.9	49.3	46.4	0.0	-1.0	0.0	-1.0	0.0	-1.0	-1.0	0.0	0.0	-1.0	0.0	0.0
23:24:57 	23.1	138.4	136.0	157.6	130.7	139.7	132.3	148.3	171.9	152.8	146.4	136.0	175.8	128.1	124.6	128.5	130.3	146.5	154.6	-0.2	-0.1	0.0	0.0	-0.1	-0.1	34.5	0.0	0.0	-0.2	175.8	124.6	7.0	-0.1	143.2	150.2	221.1	221.1	220.7	238.5	113.8	23.0	16.3	0.0	226.9	201.3	34.5	0.0	74.8	99.1	2.8	53.7	53.7	2.5	0.0	19.0	51.2	45.3	0.0	-1.0	0.0	-1.0	0.0	-1.0	-1.0	0.0	0.0	-1.0	0.0	0.0
23:25:57 	24.1	142.7	139.4	162.1	134.5	143.7	135.5	151.1	175.5	157.3	150.4	139.9	181.0	131.6	127.4	132.1	134.2	150.8	158.5	-0.1	-0.1	0.0	0.1	0.0	-0.2	36.0	0.0	0.1	-0.2	181.0	127.4	5.5	3.0	147.1	154.2	224.3	224.3	224.0	241.5	113.9	24.0	17.3	0.0	231.7	206.3	36.0	0.0	80.8	73.1	2.9	51.9	51.9	2.5	0.0	19.0	53.6	43.3	0.0	-1.0	0.0	-1.0	0.0	-1.0	-1.0	0.0	0.0	-1.0	0.0	0.0
23:26:56 	25.0	147.3	143.6	166.5	138.4	148.1	139.6	152.4	180.2	161.3	155.5	144.0	186.3	135.5	130.5	135.6	137.8	155.4	162.8	-0.2	-0.1	0.0	0.1	0.0	-0.1	37.6	0.0	0.1	-0.2	186.3	130.5	5.6	3.4	151.2	158.4	228.8	228.8	228.4	246.6	114.0	25.0	18.3	0.0	236.4	211.3	37.5	0.0	81.8	77.3	3.1	52.0	52.0	2.6	0.0	19.0	55.8	42.5	0.0	-1.0	0.0	-1.0	0.0	-1.0	-1.0	0.0	0.0	-1.0	0.0	0.0
23:27:56 	26.0	151.5	147.6	170.4	142.1	152.4	143.4	155.8	184.3	165.9	159.7	148.7	191.7	138.6	134.3	139.4	141.6	160.3	167.1	-0.2	-0.1	0.0	0.1	0.0	-0.1	38.9	0.0	0.1	-0.2	191.7	134.3	6.0	3.7	155.3	163.0	233.1	233.3	233.0	251.8	113.8	26.0	19.3	0.0	240.9	216.3	39.0	0.0	82.5	79.9	3.2	52.0	52.0	2.6	0.0	19.0	57.4	41.4	0.0	-1.0	0.0	-1.0	0.0	-1.0	-1.0	0.0	0.0	-1.0	0.0	0.0
23:28:57 	27.1	156.1	151.6	175.2	146.5	156.9	147.4	162.8	189.9	169.6	165.1	152.9	197.4	142.4	137.2	142.9	145.9	164.8	171.1	-0.2	-0.1	0.0	0.0	0.0	-0.2	40.2	0.0	0.0	-0.2	197.4	137.2	5.8	3.4	159.8	167.3	238.1	238.0	237.6	256.2	114.0	27.0	20.3	0.0	245.4	221.3	40.0	0.0	80.8	73.1	3.4	44.6	44.6	2.4	0.0	19.1	60.1	40.7	0.0	-1.0	0.0	-1.0	0.0	-1.0	-1.0	0.0	0.0	-1.0	0.0	0.0
23:29:56 	28.0	160.6	156.1	180.1	150.4	160.6	151.7	164.5	194.5	174.9	169.1	157.3	202.5	145.8	141.3	146.8	150.0	169.6	175.8	-0.2	-0.2	0.0	0.0	0.0	-0.1	40.5	0.0	0.0	-0.2	202.5	141.3	5.9	2.7	164.0	171.9	242.0	242.2	241.9	260.6	113.6	28.0	21.3	0.0	250.3	226.3	40.0	0.0	83.3	83.3	3.6	39.8	39.8	1.6	0.0	19.1	61.1	39.5	0.0	-1.0	0.0	-1.0	0.0	-1.0	-1.0	0.0	0.0	-1.0	0.0	0.0
23:30:57 	29.1	165.1	160.6	184.3	154.5	165.1	156.2	173.2	199.6	179.6	173.2	161.6	207.4	149.3	145.0	150.4	153.9	174.2	180.2	-0.2	-0.1	-0.1	0.0	0.0	-0.1	40.9	0.0	0.0	-0.2	207.4	145.0	7.0	3.7	168.5	176.2	247.2	247.2	246.9	265.1	113.7	29.0	22.3	0.0	255.3	231.3	40.0	0.0	83.6	84.4	3.7	32.4	32.4	0.1	0.0	19.1	62.4	39.8	0.0	-1.0	0.0	-1.0	0.0	-1.0	-1.0	0.0	0.0	-1.0	0.0	0.0
23:31:56 	30.0	169.9	164.4	188.2	157.8	169.4	159.2	177.3	203.9	184.4	177.7	166.0	212.3	153.1	149.0	154.3	157.7	178.7	184.1	-0.1	-0.1	0.0	0.1	0.0	-0.1	41.2	0.0	0.1	-0.1	212.3	149.0	5.9	3.8	172.6	180.6	251.0	251.1	250.9	269.8	113.7	30.0	23.3	0.0	260.1	236.3	40.0	0.0	87.2	98.7	3.9	24.4	24.4	-1.9	0.0	19.2	63.3	38.7	0.0	-1.0	0.0	-1.0	0.0	-1.0	-1.0	0.0	0.0	-1.0	0.0	0.0
23:32:56 	31.0	174.5	168.2	192.0	162.5	173.7	163.1	180.4	208.3	189.2	182.6	170.5	217.0	156.8	152.0	157.9	161.8	183.4	188.8	-0.1	-0.2	0.0	0.1	-0.1	-0.1	41.2	0.0	0.1	-0.2	217.0	152.0	5.5	3.4	176.8	184.5	256.4	256.4	256.1	276.1	113.5	31.0	24.3	0.0	265.5	241.3	40.0	0.0	87.9	51.7	4.1	19.9	19.9	-4.4	0.0	19.2	65.1	39.4	0.0	-1.0	0.0	-1.0	0.0	-1.0	-1.0	0.0	0.0	-1.0	0.0	0.0
23:33:56 	32.0	178.8	172.0	196.0	166.6	178.0	167.9	185.1	212.3	193.2	187.7	175.1	222.4	160.7	156.5	162.0	166.3	187.9	193.4	-0.1	0.0	0.0	0.1	0.0	0.0	41.1	0.0	0.1	-0.1	222.4	156.5	5.7	4.0	181.2	189.4	261.8	261.9	261.8	281.6	113.3	32.0	25.3	0.0	270.0	246.3	40.0	0.0	84.8	89.4	4.2	22.3	22.3	-6.0	0.0	19.2	65.9	39.4	0.0	-1.0	0.0	-1.0	0.0	-1.0	-1.0	0.0	0.0	-1.0	0.0	0.0
23:34:56 	33.0	183.9	176.7	200.4	169.7	182.2	172.2	189.5	217.7	192.2	191.9	179.5	227.0	164.5	159.6	166.5	170.7	192.7	197.8	-0.1	-0.1	-0.1	0.1	-0.1	0.0	41.1	0.0	0.1	-0.1	227.0	159.6	5.7	3.6	185.3	193.3	266.5	266.6	266.3	286.3	113.4	33.0	26.3	0.0	275.6	251.3	40.0	0.0	87.2	98.8	4.4	24.3	24.3	-6.0	0.0	19.2	67.4	39.5	0.0	-1.0	0.0	-1.0	0.0	-1.0	-1.0	0.0	0.0	-1.0	0.0	0.0
23:35:56 	34.0	188.3	180.5	204.2	173.6	186.5	175.8	194.5	222.5	212.2	197.2	182.8	232.1	168.4	164.5	170.7	174.8	197.4	202.6	-0.2	0.1	0.0	0.1	0.0	0.0	41.0	0.0	0.1	-0.2	232.1	164.5	5.4	0.3	190.5	198.3	270.9	271.0	270.8	292.1	113.4	34.0	27.3	0.0	280.6	256.3	40.0	0.0	89.9	59.4	4.6	22.3	22.3	-6.0	0.0	19.3	67.6	38.8	0.0	-1.0	0.0	-1.0	0.0	-1.0	-1.0	0.0	0.0	-1.0	0.0	0.0
23:36:57 	35.1	193.0	185.4	208.6	178.0	191.0	180.3	199.2	227.2	208.0	201.5	188.8	236.9	172.3	167.9	174.9	179.4	202.4	207.1	0.0	0.0	0.0	0.1	0.0	-0.1	41.0	0.0	0.1	-0.1	236.9	167.9	11.3	3.7	194.6	202.4	277.3	277.6	277.3	298.0	113.2	35.0	28.3	0.0	285.7	261.3	40.0	0.0	85.6	92.4	4.8	24.3	24.3	-6.0	0.0	19.3	69.0	40.4	0.0	-1.0	0.0	-1.0	0.0	-1.0	-1.0	0.0	0.0	-1.0	0.0	0.0
23:37:57 	36.1	197.8	189.4	212.4	181.8	195.2	184.8	203.9	232.8	213.5	206.5	193.4	241.6	176.9	171.9	179.0	183.8	207.0	211.8	0.0	0.0	-0.1	0.1	-0.1	-0.1	41.1	0.0	0.1	-0.1	241.6	171.9	6.1	3.9	199.1	206.7	281.4	281.5	281.3	302.9	113.5	36.0	29.3	0.0	290.0	266.3	40.0	0.0	86.6	96.5	5.0	24.3	24.3	-6.0	0.0	19.3	69.8	39.8	0.0	-1.0	0.0	-1.0	0.0	-1.0	-1.0	0.0	0.0	-1.0	0.0	0.0
23:38:57 	37.1	202.7	193.9	216.1	186.1	199.7	189.3	209.1	237.8	220.0	211.8	198.5	246.6	180.8	176.0	183.1	188.1	211.9	216.8	-0.1	0.0	-0.1	0.1	0.0	-0.1	40.9	0.0	0.1	-0.1	246.6	176.0	6.3	3.8	203.8	211.3	286.7	286.9	286.7	305.5	113.4	37.0	30.3	0.0	290.0	271.3	40.0	0.0	69.1	76.3	5.1	26.3	26.3	-6.0	0.0	19.3	70.7	40.1	0.0	-1.0	0.0	-1.0	0.0	-1.0	-1.0	0.0	0.0	-1.0	0.0	0.0
23:39:56 	38.0	207.2	198.4	220.2	190.6	204.0	193.3	214.4	241.3	224.8	215.4	203.1	251.0	185.2	178.9	187.6	192.5	216.2	220.5	-0.1	-0.1	-0.1	0.1	-0.1	-0.1	40.9	0.0	0.1	-0.1	251.0	178.9	5.7	3.3	208.0	214.9	288.3	288.4	288.2	303.4	113.3	38.0	31.3	0.0	290.0	272.0	40.0	0.0	63.4	53.8	5.1	26.3	26.3	-6.0	0.0	19.4	72.1	37.3	0.0	-1.0	0.0	-1.0	0.0	-1.0	-1.0	0.0	0.0	-1.0	0.0	0.0
23:40:56 	39.0	211.6	202.5	223.5	193.8	207.8	197.6	218.8	243.9	228.3	219.6	207.7	254.3	189.6	182.5	191.4	195.6	220.6	224.1	-0.1	0.0	0.0	0.0	-0.1	-0.1	41.0	0.0	0.0	-0.1	254.3	182.5	4.8	3.2	211.8	218.4	288.7	288.7	288.4	300.5	113.4	39.0	32.3	0.0	289.9	272.0	40.0	0.0	61.9	97.5	5.1	28.2	28.2	-6.0	0.0	19.4	71.8	34.4	0.0	-1.0	0.0	-1.0	0.0	-1.0	-1.0	0.0	0.0	-1.0	0.0	0.0
23:41:57 	40.1	215.8	205.9	226.1	198.4	212.1	201.0	223.0	246.6	232.4	222.5	212.3	256.5	193.2	186.8	195.2	200.7	224.4	227.7	-0.2	0.0	-0.1	0.1	-0.1	-0.1	40.8	0.0	0.1	-0.2	256.5	186.8	5.3	2.5	215.6	221.7	287.7	287.5	287.3	297.2	113.6	40.0	33.3	0.0	287.6	272.0	40.0	0.0	57.5	80.1	5.1	28.2	28.2	-6.0	0.0	19.4	69.7	31.2	0.0	-1.0	0.0	-1.0	0.0	-1.0	-1.0	0.0	0.0	-1.0	0.0	0.0
23:42:57 	41.0	220.1	209.9	228.8	201.5	215.2	204.8	226.3	248.1	234.3	225.4	216.6	258.3	197.0	190.1	198.7	204.3	227.9	230.6	0.0	-0.1	0.0	0.1	-0.1	-0.1	40.6	0.0	0.1	-0.1	258.3	190.1	5.9	1.9	218.8	224.2	286.1	286.0	285.9	294.4	113.2	41.0	34.3	0.0	285.7	272.0	40.0	0.0	56.5	76.0	5.1	30.2	30.2	-6.0	0.0	19.4	68.2	27.8	0.0	-1.0	0.0	-1.0	0.0	-1.0	-1.0	0.0	0.0	-1.0	0.0	0.0
23:43:56 	42.0	223.4	212.5	230.7	205.3	218.9	208.1	230.1	249.7	237.4	228.3	220.2	259.9	200.5	193.0	201.7	208.2	231.2	233.0	-0.1	0.0	-0.1	0.1	-0.1	-0.1	40.6	0.0	0.1	-0.1	259.9	193.0	4.2	0.3	221.8	226.5	284.6	284.6	284.4	292.0	113.3	42.0	35.3	0.0	284.2	272.0	40.0	0.0	56.5	75.9	5.1	32.2	32.2	-6.0	0.0	19.5	66.9	24.7	0.0	-1.0	0.0	-1.0	0.0	-1.0	-1.0	0.0	0.0	-1.0	0.0	0.0
23:44:57 	43.1	226.8	216.1	233.0	208.2	222.0	211.1	232.1	250.8	239.3	231.1	223.9	261.5	203.9	196.3	205.0	211.7	234.0	235.8	-0.1	0.0	-0.1	0.0	-0.1	-0.1	40.6	0.0	0.0	-0.1	261.5	196.3	4.1	1.5	224.6	228.9	283.4	283.3	283.0	290.2	113.1	43.0	36.3	0.0	282.7	272.0	40.0	0.0	56.1	74.4	5.1	32.2	32.2	-6.0	0.0	19.5	65.3	21.9	0.0	-1.0	0.0	-1.0	0.0	-1.0	-1.0	0.0	0.0	-1.0	0.0	0.0
23:45:56 	44.0	229.9	218.8	234.8	211.8	225.0	213.9	234.2	251.5	242.1	233.7	226.8	262.8	207.0	199.2	208.4	214.9	237.0	238.2	-0.1	-0.1	-0.1	0.1	-0.1	-0.1	40.5	0.0	0.1	-0.1	262.8	199.2	4.0	0.9	227.2	231.0	282.4	282.4	282.2	289.0	113.0	44.0	37.3	0.0	281.1	272.0	40.0	0.0	53.7	64.9	5.1	34.2	34.2	-6.0	0.0	19.5	63.6	19.6	0.0	-1.0	0.0	-1.0	0.0	-1.0	-1.0	0.0	0.0	-1.0	0.0	0.0
23:46:57 	45.1	232.7	221.7	236.6	214.8	227.6	217.0	237.4	253.4	244.3	236.0	230.1	263.9	210.3	202.4	211.5	218.1	239.7	240.6	-0.1	-0.1	-0.1	0.1	-0.1	0.0	40.4	0.0	0.1	-0.1	263.9	202.4	3.7	1.2	229.9	233.1	281.2	281.2	281.0	287.8	113.1	45.0	38.3	0.0	280.1	272.0	40.0	0.0	53.7	64.7	5.1	32.2	32.2	-6.0	0.0	19.6	61.5	17.3	0.0	-1.0	0.0	-1.0	0.0	-1.0	-1.0	0.0	0.0	-1.0	0.0	0.0
23:47:56 	46.0	235.5	224.4	238.2	217.4	230.3	219.9	239.4	254.3	246.7	237.9	233.2	265.0	212.9	205.3	214.3	221.4	242.0	242.9	-0.1	-0.1	-0.1	0.1	-0.1	-0.1	40.5	0.0	0.1	-0.1	265.0	205.3	3.4	1.1	232.3	235.2	280.7	280.6	280.4	287.0	113.1	46.0	39.3	0.0	279.0	272.0	40.0	0.0	53.0	61.9	5.0	36.2	36.2	-6.0	0.0	19.6	59.7	15.7	0.0	-1.0	0.0	-1.0	0.0	-1.0	-1.0	0.0	0.0	-1.0	0.0	0.0
23:48:56 	47.0	237.7	226.6	239.6	220.3	232.4	222.4	241.6	252.6	245.9	240.1	235.6	266.0	215.6	207.7	217.1	224.2	244.5	245.1	-0.1	-0.1	0.0	0.1	0.0	0.0	40.5	0.0	0.1	-0.1	266.0	207.7	3.3	1.0	234.2	236.9	280.0	280.0	279.7	286.2	112.9	47.0	40.3	0.0	278.2	272.0	40.0	0.0	51.9	57.7	5.0	36.2	36.2	-6.0	0.0	19.6	58.3	14.0	0.0	-1.0	0.0	-1.0	0.0	-1.0	-1.0	0.0	0.0	-1.0	0.0	0.0
23:49:57 	48.1	240.2	229.0	241.2	222.9	234.7	224.8	243.7	256.6	257.6	242.0	238.4	267.0	218.2	210.8	219.8	227.0	246.5	247.0	-0.1	0.0	-0.1	0.1	0.0	-0.1	40.4	0.0	0.1	-0.1	267.0	210.8	3.2	0.9	237.1	238.9	279.5	279.5	279.2	285.3	113.0	48.0	41.3	0.0	277.1	272.0	40.0	0.0	49.9	50.0	5.0	36.2	36.2	-6.0	0.0	19.6	56.2	12.5	0.0	-1.0	0.0	-1.0	0.0	-1.0	-1.0	0.0	0.0	-1.0	0.0	0.0
23:50:56 	49.0	242.5	231.1	242.7	225.4	237.0	227.1	245.5	257.2	249.2	243.9	240.8	267.7	220.8	213.1	222.0	229.6	248.4	248.6	-0.1	0.0	-0.1	0.1	-0.1	0.0	40.3	0.0	0.1	-0.1	267.7	213.1	3.0	0.7	238.5	240.4	278.0	278.0	277.8	282.6	113.1	49.0	42.3	0.0	276.3	272.0	40.0	0.0	52.2	58.6	4.9	38.2	38.2	-6.0	0.0	19.7	54.6	10.3	0.0	-1.0	0.0	-1.0	0.0	-1.0	-1.0	0.0	0.0	-1.0	0.0	0.0
23:51:56 	50.0	244.4	233.1	244.2	228.0	238.8	229.4	247.2	258.1	253.0	245.8	243.2	268.4	223.0	215.4	224.1	232.0	250.1	250.2	-0.1	-0.1	0.0	0.0	-0.1	-0.1	40.4	0.0	0.0	-0.1	268.4	215.4	2.7	0.6	240.5	241.9	277.1	277.1	277.0	282.3	113.1	50.0	43.3	0.0	275.7	272.0	40.0	0.0	53.1	62.4	4.9	40.2	40.2	-6.0	0.0	19.7	53.0	8.7	0.0	-1.0	0.0	-1.0	0.0	-1.0	-1.0	0.0	0.0	-1.0	0.0	0.0
23:52:56 	51.0	246.5	235.2	245.5	230.3	240.7	231.3	248.7	259.2	253.7	247.7	245.6	268.8	225.1	217.9	226.4	234.3	251.7	251.6	-0.1	-0.1	-0.1	0.0	0.0	-0.1	40.2	0.0	0.0	-0.1	268.8	217.9	2.4	0.6	242.2	243.4	276.8	276.8	276.6	282.4	113.1	51.0	44.3	0.0	275.1	272.0	40.0	0.0	52.1	58.3	4.9	40.2	40.2	-6.0	0.0	19.7	50.9	8.0	0.0	-1.0	0.0	-1.0	0.0	-1.0	-1.0	0.0	0.0	-1.0	0.0	0.0
23:53:56 	52.0	248.4	237.2	247.0	232.6	242.8	233.2	250.2	259.8	254.5	249.3	247.4	269.5	227.4	219.8	228.7	236.7	253.2	253.0	-0.2	-0.1	-0.1	0.0	0.0	-0.1	40.2	0.0	0.0	-0.2	269.5	219.8	2.4	0.7	243.9	244.7	276.4	276.3	276.1	282.2	113.1	52.0	45.3	0.0	274.4	272.0	40.0	0.0	52.0	58.1	4.8	40.2	40.2	-6.0	0.0	19.7	49.7	6.9	0.0	-1.0	0.0	-1.0	0.0	-1.0	-1.0	0.0	0.0	-1.0	0.0	0.0
23:54:56 	53.0	250.0	239.0	248.1	234.9	244.4	235.1	251.8	260.9	256.0	251.1	249.3	270.2	229.4	222.1	230.8	238.7	254.6	254.5	0.0	0.0	0.0	0.0	-0.1	-0.1	40.3	0.0	0.0	-0.1	270.2	222.1	2.5	0.5	245.6	246.1	276.4	276.4	276.1	281.1	113.2	53.0	46.3	0.0	273.9	272.0	40.0	0.0	49.3	50.0	4.8	40.2	40.2	-6.0	0.0	19.8	48.2	6.2	0.0	-1.0	0.0	-1.0	0.0	-1.0	-1.0	0.0	0.0	-1.0	0.0	0.0
23:55:57 	54.0	251.6	240.9	249.3	236.6	246.1	236.9	253.2	261.4	257.2	252.3	251.1	270.4	231.4	224.2	232.6	240.7	255.9	255.8	-0.1	-0.1	0.0	0.0	-0.1	-0.1	40.1	0.0	0.0	-0.1	270.4	224.2	2.0	0.4	247.1	247.3	275.3	275.3	275.1	280.1	113.1	54.0	47.3	0.0	273.7	272.0	40.0	0.0	51.6	56.4	4.7	40.2	40.2	-6.0	0.0	19.8	46.3	4.9	0.0	-1.0	0.0	-1.0	0.0	-1.0	-1.0	0.0	0.0	-1.0	0.0	0.0
23:56:57 	55.1	253.0	242.2	250.5	238.6	247.7	238.7	254.3	262.1	258.0	253.6	252.7	270.9	233.4	226.1	234.5	242.7	257.1	256.9	-0.1	-0.1	-0.1	0.1	0.0	-0.1	40.2	0.0	0.1	-0.1	270.9	226.1	2.2	-0.6	248.5	248.5	274.9	275.0	274.7	280.1	113.3	55.0	48.3	0.0	273.1	272.0	40.0	0.0	51.2	54.9	4.7	40.2	40.2	-6.0	0.0	19.8	44.9	4.0	0.0	-1.0	0.0	-1.0	0.0	-1.0	-1.0	0.0	0.0	-1.0	0.0	0.0
23:57:56 	56.0	254.3	244.0	251.6	240.7	249.0	240.3	255.5	262.6	259.0	254.7	254.1	271.3	235.4	227.9	236.2	244.5	258.1	258.0	-0.2	-0.1	-0.1	0.1	-0.1	-0.1	40.1	0.0	0.1	-0.2	271.3	227.9	2.0	0.4	249.8	249.6	274.8	274.6	274.4	280.0	112.9	56.0	49.3	0.0	272.8	272.0	40.0	0.0	51.2	54.7	4.7	38.2	38.2	-6.0	0.0	19.8	43.5	3.5	0.0	-1.0	0.0	-1.0	0.0	-1.0	-1.0	0.0	0.0	-1.0	0.0	0.0
23:58:56 	57.0	255.5	245.5	252.6	242.4	250.3	242.1	255.9	262.8	260.2	256.6	255.4	271.7	237.1	229.7	237.9	246.2	259.2	258.9	-0.1	0.0	-0.1	0.0	0.0	0.0	40.1	0.0	0.0	-0.1	271.7	229.7	1.9	0.4	251.1	250.7	274.4	274.4	274.3	279.0	112.9	57.0	50.3	0.0	272.4	272.0	40.0	0.0	50.5	51.8	4.6	42.2	42.2	-6.0	0.0	19.9	42.1	2.7	0.0	-1.0	0.0	-1.0	0.0	-1.0	-1.0	0.0	0.0	-1.0	0.0	0.0
23:59:56 	58.0	256.9	246.8	253.6	243.8	251.6	243.7	257.9	264.2	260.7	257.1	257.0	271.8	238.6	231.6	239.4	248.0	260.2	260.0	-0.1	-0.1	0.0	0.1	0.0	-0.1	40.2	0.0	0.1	-0.1	271.8	231.6	1.9	0.1	252.4	251.7	274.0	273.9	273.7	278.5	113.1	58.0	51.3	0.0	272.2	272.0	40.0	0.0	52.4	59.7	4.6	42.2	42.2	-6.0	0.0	19.9	40.3	2.2	0.0	-1.0	0.0	-1.0	0.0	-1.0	-1.0	0.0	0.0	-1.0	0.0	0.0
00:00:56 	59.0	257.7	248.1	254.7	245.7	252.7	244.9	258.5	264.3	261.1	257.9	258.3	272.1	240.0	233.3	241.1	249.6	261.0	260.9	-0.1	-0.1	0.0	0.0	0.0	-0.1	40.1	0.0	0.0	-0.1	272.1	233.3	1.9	0.3	253.4	252.7	273.8	273.8	273.6	278.7	113.1	59.0	52.3	0.0	271.9	272.0	40.0	0.0	51.4	55.5	4.5	42.2	42.2	-6.0	0.0	19.9	38.9	1.7	0.0	-1.0	0.0	-1.0	0.0	-1.0	-1.0	0.0	0.0	-1.0	0.0	0.0
00:01:56 	60.0	258.8	249.4	255.7	247.0	253.9	246.4	259.3	264.7	263.1	259.0	259.4	272.4	241.5	234.8	242.6	251.2	261.9	261.7	-0.1	-0.1	-0.1	0.0	0.0	-0.1	40.1	0.0	0.0	-0.1	272.4	234.8	1.6	0.2	254.6	253.6	273.6	273.6	273.4	278.9	113.1	60.0	53.3	0.0	271.4	272.0	40.0	0.0	50.7	52.7	4.5	40.2	40.2	-6.0	0.0	19.9	37.5	1.2	0.0	-1.0	0.0	-1.0	0.0	-1.0	-1.0	0.0	0.0	-1.0	0.0	0.0
00:02:56 	61.0	259.8	250.7	256.6	248.4	254.9	247.6	260.2	265.4	263.2	260.0	260.4	272.9	243.0	236.6	243.9	252.6	262.6	262.5	-0.2	-0.1	0.0	0.0	-0.1	-0.1	40.2	0.0	0.0	-0.2	272.9	236.6	1.9	0.5	255.6	254.7	273.6	273.5	273.3	278.7	113.2	61.0	54.3	0.0	271.3	272.0	40.0	0.0	50.3	51.2	4.5	40.2	40.2	-6.0	0.0	20.0	36.2	0.7	0.0	-1.0	0.0	-1.0	0.0	-1.0	-1.0	0.0	0.0	-1.0	0.0	0.0
00:03:56 	62.0	260.6	251.9	257.5	249.9	256.0	249.1	261.0	265.8	264.8	261.0	261.3	273.0	244.4	238.0	245.5	254.0	263.4	263.3	-0.1	-0.1	0.0	0.0	0.0	0.0	40.1	0.0	0.0	-0.1	273.0	238.0	1.6	0.1	256.7	255.5	273.4	273.3	273.1	278.0	113.1	62.0	55.3	0.0	270.9	272.0	40.0	0.0	50.2	51.0	4.4	44.2	44.2	-6.0	0.0	20.0	34.9	0.4	0.0	-1.0	0.0	-1.0	0.0	-1.0	-1.0	0.0	0.0	-1.0	0.0	0.0
00:04:56 	63.0	261.5	253.0	258.2	251.0	257.0	250.1	261.8	266.6	264.7	261.6	262.5	273.1	245.7	239.6	246.7	255.2	264.0	263.9	0.0	-0.1	0.0	0.1	0.0	-0.1	40.1	0.0	0.1	-0.1	273.1	239.6	1.7	0.1	257.6	256.3	273.0	273.0	272.7	277.5	113.1	63.0	56.3	0.0	270.9	272.0	40.0	0.0	50.5	52.1	4.4	44.2	44.2	-6.0	0.0	20.0	33.4	-0.1	0.0	-1.0	0.0	-1.0	0.0	-1.0	-1.0	0.0	0.0	-1.0	0.0	0.0
00:05:56 	64.0	262.2	253.9	259.1	252.2	257.9	251.3	258.9	267.3	263.4	262.6	263.3	273.2	246.8	240.9	246.5	256.4	264.5	264.5	-0.1	-0.1	-0.1	0.0	-0.1	-0.1	40.1	0.0	0.0	-0.1	273.2	240.9	1.5	0.1	258.1	257.0	272.7	272.6	272.4	277.5	113.1	64.0	57.3	0.0	270.7	272.0	40.0	0.0	51.2	54.6	4.3	44.2	44.2	-6.0	0.0	20.0	32.2	-0.5	0.0	-1.0	0.0	-1.0	0.0	-1.0	-1.0	0.0	0.0	-1.0	0.0	0.0
00:06:57 	65.1	263.0	255.0	259.9	253.4	258.7	252.6	263.0	267.2	266.2	263.3	264.1	273.5	248.0	242.4	249.3	257.6	265.1	265.3	-0.1	0.0	-0.1	0.1	0.0	-0.1	40.0	0.0	0.1	-0.1	273.5	242.4	1.4	0.2	259.3	257.9	272.5	272.6	272.2	277.5	112.9	65.0	58.3	0.0	270.6	272.0	40.0	0.0	51.1	54.5	4.3	40.2	40.2	-6.0	0.0	20.0	31.0	-1.0	0.0	-1.0	0.0	-1.0	0.0	-1.0	-1.0	0.0	0.0	-1.0	0.0	0.0
00:07:57 	66.1	263.6	256.0	260.8	254.7	259.6	253.3	264.0	267.7	266.8	263.8	264.7	273.4	249.2	243.6	250.4	258.6	265.7	265.9	-0.2	0.0	-0.1	0.0	-0.1	0.0	40.0	0.0	0.0	-0.2	273.4	243.6	1.4	0.0	260.1	258.5	272.5	272.4	272.2	277.6	112.9	66.0	59.3	0.0	270.6	272.0	40.0	0.0	51.1	54.3	4.3	44.2	44.2	-6.0	0.0	20.1	29.7	-0.9	0.0	-1.0	0.0	-1.0	0.0	-1.0	-1.0	0.0	0.0	-1.0	0.0	0.0
00:08:56 	67.0	264.3	257.0	261.5	255.8	260.4	254.5	264.8	267.9	266.9	264.5	265.3	273.6	250.2	245.1	251.3	259.8	266.3	266.3	-0.1	-0.1	-0.1	0.1	0.0	-0.1	40.1	0.0	0.1	-0.1	273.6	245.1	1.5	0.2	260.9	259.3	272.1	272.2	272.0	277.3	113.2	67.0	60.3	0.0	270.4	272.0	40.0	0.0	51.0	54.2	4.2	42.2	42.2	-6.0	0.0	20.1	28.4	-1.5	0.0	-1.0	0.0	-1.0	0.0	-1.0	-1.0	0.0	0.0	-1.0	0.0	0.0
00:09:56 	68.0	265.1	257.9	262.2	256.9	261.3	255.5	265.4	268.5	267.3	265.1	266.1	273.8	251.4	246.1	252.5	260.7	266.8	266.8	-0.1	-0.1	0.0	0.1	0.0	0.0	40.2	0.0	0.1	-0.1	273.8	246.1	1.2	0.2	261.6	260.0	272.4	272.4	272.2	277.4	113.2	68.0	61.3	0.0	270.2	272.0	40.0	0.0	50.3	51.3	4.2	42.2	42.2	-6.0	0.0	20.1	27.6	-1.4	0.0	-1.0	0.0	-1.0	0.0	-1.0	-1.0	0.0	0.0	-1.0	0.0	0.0
00:10:56 	69.0	265.6	258.7	262.8	257.6	261.9	256.4	265.3	268.3	267.5	265.7	266.5	273.8	252.4	247.4	253.4	261.6	267.3	267.4	-0.1	-0.1	-0.1	0.0	0.0	-0.1	40.0	0.0	0.0	-0.1	273.8	247.4	2.7	-0.2	262.2	260.6	272.1	272.1	271.9	277.0	113.1	69.0	62.3	0.0	270.3	272.0	40.0	0.0	50.6	52.5	4.1	40.2	40.2	-6.0	0.0	20.1	26.4	-1.7	0.0	-1.0	0.0	-1.0	0.0	-1.0	-1.0	0.0	0.0	-1.0	0.0	0.0
00:11:56 	70.0	266.2	259.6	263.4	258.6	262.6	257.3	266.4	269.0	266.5	266.4	267.0	273.9	253.3	248.5	254.5	262.4	267.8	267.8	-0.1	0.0	0.0	0.0	-0.1	0.0	40.2	0.0	0.0	-0.1	273.9	248.5	1.3	-0.5	262.8	261.2	272.0	272.0	271.8	277.0	113.0	70.0	63.3	0.0	270.1	272.0	40.0	0.0	50.3	51.0	4.1	42.2	42.2	-6.0	0.0	20.2	25.4	-1.9	0.0	-1.0	0.0	-1.0	0.0	-1.0	-1.0	0.0	0.0	-1.0	0.0	0.0
00:12:56 	71.0	266.6	260.3	264.1	259.5	263.2	258.1	263.0	269.3	268.5	266.9	267.5	274.1	254.3	249.9	255.3	263.1	268.0	268.3	-0.1	-0.1	0.0	-0.2	-0.1	-0.1	40.2	0.0	0.0	-0.2	274.1	249.9	1.1	0.2	263.3	262.0	272.1	272.1	271.8	277.0	113.2	71.0	64.3	0.0	269.9	272.0	40.0	0.0	50.2	50.8	4.1	42.2	42.2	-6.0	0.0	20.2	24.2	-2.0	0.0	-1.0	0.0	-1.0	0.0	-1.0	-1.0	0.0	0.0	-1.0	0.0	0.0
00:13:56 	72.0	267.1	261.0	264.6	260.3	263.8	258.9	266.8	269.1	269.6	267.3	267.7	274.3	255.3	251.0	256.3	263.8	268.4	268.7	-0.2	-0.1	0.0	0.1	-0.1	-0.1	40.0	0.0	0.1	-0.2	274.3	251.0	1.2	0.1	264.1	262.6	271.9	271.9	271.6	276.3	113.0	72.0	65.3	0.0	269.7	272.0	40.0	0.0	50.2	50.7	4.0	44.2	44.2	-6.0	0.0	20.2	23.3	-2.4	0.0	-1.0	0.0	-1.0	0.0	-1.0	-1.0	0.0	0.0	-1.0	0.0	0.0
00:14:56 	73.0	267.7	261.9	265.3	261.1	264.5	259.7	267.5	269.6	269.2	267.7	268.4	274.2	256.2	251.9	257.1	264.5	268.8	269.0	-0.1	-0.1	0.0	0.1	0.0	-0.1	40.1	0.0	0.1	-0.1	274.2	251.9	1.0	0.0	264.7	263.0	271.6	271.6	271.3	276.4	113.2	73.0	66.3	0.0	269.6	272.0	40.0	0.0	51.1	54.5	4.0	44.2	44.2	-6.0	0.0	20.2	22.3	-2.6	0.0	-1.0	0.0	-1.0	0.0	-1.0	-1.0	0.0	0.0	-1.0	0.0	0.0
00:15:56 	74.0	268.1	262.4	265.8	261.9	265.1	260.2	268.0	269.9	269.6	268.2	268.8	274.2	256.9	252.9	258.5	265.1	269.1	269.4	-0.1	0.0	-0.1	0.1	0.0	-0.1	40.0	0.0	0.1	-0.1	274.2	252.9	1.4	0.1	265.2	263.5	271.6	271.6	271.3	276.7	113.0	74.0	67.3	0.0	269.7	272.0	40.0	0.0	50.8	53.0	3.9	40.2	40.2	-6.0	0.0	20.3	21.3	-2.6	0.0	-1.0	0.0	-1.0	0.0	-1.0	-1.0	0.0	0.0	-1.0	0.0	0.0
00:16:56 	75.0	268.4	263.3	266.3	262.4	265.8	261.0	268.5	270.3	273.2	268.4	269.2	274.4	257.7	253.9	258.6	265.7	269.4	269.6	-0.2	-0.1	-0.1	0.0	0.0	-0.1	40.0	0.0	0.0	-0.2	274.4	253.9	1.1	0.0	265.9	264.1	271.7	271.7	271.5	276.4	113.2	75.0	68.3	0.0	269.6	272.0	40.0	0.0	50.7	52.9	3.9	42.2	42.2	-6.0	0.0	20.3	20.5	-2.7	0.0	-1.0	0.0	-1.0	0.0	-1.0	-1.0	0.0	0.0	-1.0	0.0	0.0
00:17:56 	76.0	268.8	263.8	266.6	263.0	266.0	261.6	269.2	270.5	276.9	269.2	269.4	274.5	258.5	254.8	259.4	266.1	269.6	269.9	-0.1	-0.1	0.0	0.0	-0.1	-0.1	40.0	0.0	0.0	-0.1	276.9	254.8	0.8	-0.1	266.5	265.8	271.6	271.6	271.4	276.1	113.1	76.0	69.3	0.0	269.6	272.0	40.0	0.0	50.7	52.7	3.9	42.2	42.2	-6.0	0.0	20.3	22.1	-5.3	0.0	-1.0	0.0	-1.0	0.0	-1.0	-1.0	0.0	0.0	-1.0	0.0	0.0
00:18:56 	77.0	269.3	264.3	267.0	263.5	266.5	262.2	268.2	269.9	270.0	269.5	269.6	274.2	259.2	255.6	260.1	266.5	269.8	270.2	-0.2	0.0	0.0	0.0	0.0	-0.1	40.1	0.0	0.0	-0.2	274.2	255.6	0.8	-0.2	266.4	264.9	271.4	271.4	271.2	276.2	112.9	77.0	70.3	0.0	269.6	272.0	40.0	0.0	51.3	55.2	3.8	44.2	44.2	-6.0	0.0	20.3	18.6	-2.8	0.0	-1.0	0.0	-1.0	0.0	-1.0	-1.0	0.0	0.0	-1.0	0.0	0.0
00:19:57 	78.1	269.3	264.6	267.3	263.8	266.8	262.6	269.5	271.0	271.5	269.5	270.1	274.5	259.7	256.4	260.6	267.0	270.1	270.4	-0.1	-0.1	0.0	0.0	0.0	-0.1	40.1	0.0	0.0	-0.1	274.5	256.4	1.0	-0.7	266.9	265.4	271.5	271.5	271.2	276.4	113.0	78.0	71.3	0.0	269.6	272.0	40.0	0.0	50.6	52.4	3.8	42.2	42.2	-6.0	0.0	20.4	18.1	-3.0	0.0	-1.0	0.0	-1.0	0.0	-1.0	-1.0	0.0	0.0	-1.0	0.0	0.0
00:20:57 	79.1	269.6	265.2	267.7	264.4	267.1	263.2	269.5	271.1	270.9	269.8	270.3	274.6	260.5	257.1	261.1	267.4	270.3	270.7	-0.1	-0.1	-0.1	0.1	0.0	0.0	40.1	0.0	0.1	-0.1	274.6	257.1	1.1	0.0	267.3	265.8	271.5	271.5	271.3	276.4	112.9	79.0	72.3	0.0	269.5	272.0	40.0	0.0	50.2	50.9	3.8	44.2	44.2	-6.0	0.0	20.4	17.5	-3.1	0.0	-1.0	0.0	-1.0	0.0	-1.0	-1.0	0.0	0.0	-1.0	0.0	0.0
00:21:56 	80.0	269.8	265.6	268.1	264.9	267.5	263.6	270.3	271.4	271.2	270.1	270.7	274.5	261.2	257.9	262.1	267.8	270.6	270.9	-0.1	-0.1	0.0	0.1	0.0	0.0	40.1	0.0	0.1	-0.1	274.5	257.9	0.7	0.1	267.7	266.2	271.5	271.5	271.2	276.5	113.1	80.0	73.3	0.0	269.5	272.0	40.0	0.0	50.2	50.8	3.7	42.2	42.2	-6.0	0.0	20.4	16.6	-3.0	0.0	-1.0	0.0	-1.0	0.0	-1.0	-1.0	0.0	0.0	-1.0	0.0	0.0
00:22:56 	81.0	270.1	266.0	268.4	265.5	267.9	264.2	270.4	271.6	271.4	270.4	270.8	274.6	261.5	258.6	262.6	268.2	270.8	271.2	-0.2	-0.1	0.0	0.0	0.0	0.0	40.0	0.0	0.0	-0.2	274.6	258.6	0.7	-0.1	268.0	266.6	271.4	271.3	271.2	276.0	113.3	81.0	74.3	0.0	269.4	272.0	40.0	0.0	49.8	50.0	3.7	42.2	42.2	-6.0	0.0	20.4	16.0	-3.2	0.0	-1.0	0.0	-1.0	0.0	-1.0	-1.0	0.0	0.0	-1.0	0.0	0.0
00:23:56 	82.0	270.3	266.4	268.8	266.0	268.2	264.6	271.0	271.5	272.5	270.6	271.1	274.6	262.4	259.2	263.2	268.6	271.0	271.4	-0.2	-0.1	0.0	0.0	0.0	-0.1	40.1	0.0	0.0	-0.2	274.6	259.2	1.0	-0.2	268.4	266.9	271.3	271.3	271.1	276.1	113.3	82.0	75.3	0.0	269.4	272.0	40.0	0.0	50.4	51.8	3.6	44.2	44.2	-6.0	0.0	20.4	15.4	-3.3	0.0	-1.0	0.0	-1.0	0.0	-1.0	-1.0	0.0	0.0	-1.0	0.0	0.0
00:24:57 	83.0	270.6	266.9	269.2	266.4	268.8	265.1	271.0	271.9	271.6	271.1	271.4	274.8	262.9	260.0	263.8	268.8	271.1	271.6	-0.1	-0.1	-0.1	0.0	0.0	-0.1	40.0	0.0	0.0	-0.1	274.8	260.0	0.7	0.0	268.7	267.4	271.4	271.2	271.1	276.2	113.1	83.0	76.3	0.0	269.4	272.0	40.0	0.0	49.7	50.0	3.6	42.2	42.2	-6.0	0.0	20.5	14.8	-3.4	0.0	-1.0	0.0	-1.0	0.0	-1.0	-1.0	0.0	0.0	-1.0	0.0	0.0
00:25:06 	83.2	270.7	267.0	269.2	266.5	268.9	265.2	271.0	271.9	271.9	270.9	271.4	274.6	262.9	260.2	263.7	268.9	271.1	271.6	-0.1	0.0	0.0	-0.1	0.0	0.0	40.0	0.0	0.0	-0.1	274.6	260.2	0.8	0.0	268.7	267.4	271.3	271.3	271.1	276.2	113.3	83.2	76.4	0.0	269.3	272.0	40.0	0.0	50.1	50.3	3.6	44.2	44.2	-6.0	0.0	20.5	14.4	-3.3	0.0	-1.0	0.0	-1.0	0.0	-1.0	-1.0	0.0	0.0	-1.0	0.0	0.0
00:25:56 	84.0	270.8	267.4	269.5	266.9	269.2	265.4	271.4	272.2	271.6	271.1	271.5	274.7	263.1	260.7	264.0	269.2	271.2	271.8	-0.1	-0.1	0.0	0.0	0.0	-0.1	40.0	0.0	0.0	-0.1	274.7	260.7	0.7	0.0	269.0	267.7	271.3	271.2	271.0	276.1	112.9	84.0	0.8	70.2	269.3	272.0	40.0	0.0	49.7	50.0	3.6	44.2	44.2	-6.0	0.0	20.5	14.0	-3.4	0.0	-1.0	0.0	-1.0	0.0	-1.0	-1.0	0.0	0.0	-1.0	0.0	0.0
00:26:56 	85.0	271.1	267.6	269.8	267.2	269.6	265.8	271.4	272.2	272.4	271.3	271.7	274.6	263.7	261.2	264.8	269.4	271.5	272.0	0.0	0.0	-0.1	0.0	0.0	-0.1	40.1	0.0	0.0	-0.1	274.6	261.2	0.6	0.0	269.3	267.9	271.2	271.2	270.9	276.0	113.1	85.0	1.8	69.2	269.4	272.0	40.0	0.0	50.0	50.0	3.5	42.2	42.2	-6.0	0.0	20.5	13.4	-3.4	0.0	-1.0	0.0	-1.0	0.0	-1.0	-1.0	0.0	0.0	-1.0	0.0	0.0
00:27:56 	86.0	271.4	268.1	270.0	267.6	269.7	266.3	271.6	272.2	272.4	271.4	271.8	274.6	264.4	261.8	265.1	269.8	271.6	272.1	-0.1	0.0	0.0	0.0	0.0	-0.1	40.1	0.0	0.0	-0.1	274.6	261.8	1.1	-0.1	269.5	268.2	271.1	271.2	271.0	275.9	112.9	86.0	2.8	68.2	269.4	272.0	40.0	0.0	50.3	51.2	3.5	42.2	42.2	-6.0	0.0	20.5	12.8	-3.5	0.0	-1.0	0.0	-1.0	0.0	-1.0	-1.0	0.0	0.0	-1.0	0.0	0.0
00:28:57 	87.1	271.4	268.4	270.3	267.7	270.0	266.8	271.9	272.5	273.4	271.5	271.8	274.7	265.0	262.4	265.4	270.1	271.7	272.2	-0.3	0.0	0.0	0.0	0.0	-0.1	40.1	0.0	0.0	-0.3	274.7	262.4	0.7	-0.1	269.8	268.5	271.1	271.2	271.0	276.0	113.2	87.0	3.8	67.2	269.4	272.0	40.0	0.0	50.3	51.0	3.5	42.2	42.2	-6.0	0.0	20.6	12.2	-3.6	0.0	-1.0	0.0	-1.0	0.0	-1.0	-1.0	0.0	0.0	-1.0	0.0	0.0
00:29:57 	88.1	271.6	268.7	270.5	268.3	270.3	267.1	272.1	272.5	272.3	271.9	272.1	274.8	264.9	262.9	265.9	270.3	271.8	272.4	0.0	-0.1	0.0	0.1	0.0	-0.1	40.1	0.0	0.1	-0.1	274.8	262.9	0.7	0.0	270.0	268.8	271.2	271.2	270.9	276.0	112.9	88.0	4.8	66.2	269.3	272.0	40.0	0.0	49.9	50.0	3.4	42.2	42.2	-6.0	0.0	20.6	11.8	-3.6	0.0	-1.0	0.0	-1.0	0.0	-1.0	-1.0	0.0	0.0	-1.0	0.0	0.0
00:30:56 	89.0	271.9	268.9	270.7	268.6	270.5	267.4	272.1	272.6	272.9	272.1	272.3	274.8	265.9	263.3	266.5	270.5	272.0	272.6	-0.1	-0.1	0.0	0.0	-0.1	-0.1	40.1	0.0	0.0	-0.1	274.8	263.3	0.5	0.0	270.3	269.0	271.2	271.1	270.9	275.9	113.2	89.0	5.8	65.2	269.2	272.0	40.0	0.0	50.2	50.7	3.4	44.2	44.2	-6.0	0.0	20.6	11.4	-3.6	0.0	-1.0	0.0	-1.0	0.0	-1.0	-1.0	0.0	0.0	-1.0	0.0	0.0
00:31:56 	90.0	271.8	269.2	271.0	268.9	270.7	267.7	271.7	272.9	272.7	272.1	272.5	274.7	266.0	263.8	266.7	270.6	272.0	272.6	-0.2	0.0	0.0	0.1	0.0	0.0	40.1	0.0	0.1	-0.2	274.7	263.8	0.9	0.0	270.4	269.2	271.1	271.0	270.8	275.7	112.9	90.0	6.8	64.2	269.2	272.0	40.0	0.0	50.5	51.9	3.3	44.2	44.2	-6.0	0.0	20.6	10.8	-3.6	0.0	-1.0	0.0	-1.0	0.0	-1.0	-1.0	0.0	0.0	-1.0	0.0	0.0
00:32:57 	91.1	272.2	269.6	271.2	269.2	270.8	267.9	272.5	272.7	272.8	272.4	272.5	274.8	266.4	264.2	267.2	270.9	272.2	272.6	0.0	-0.1	0.0	0.0	0.0	0.0	40.0	0.0	0.0	-0.1	274.8	264.2	0.6	0.0	270.7	269.5	271.1	271.0	270.8	275.8	113.0	91.0	7.8	63.2	269.3	272.0	40.0	0.0	50.1	50.4	3.3	44.2	44.2	-6.0	0.0	20.7	10.5	-3.7	0.0	-1.0	0.0	-1.0	0.0	-1.0	-1.0	0.0	0.0	-1.0	0.0	0.0
00:33:57 	92.1	272.3	269.8	271.4	269.4	271.1	268.3	272.7	272.9	273.4	272.4	272.7	275.0	266.8	264.6	267.4	271.1	272.3	272.9	-0.1	0.0	0.0	0.1	0.0	-0.1	40.0	0.0	0.1	-0.1	275.0	264.6	0.3	-0.1	270.9	269.8	271.0	271.1	270.8	275.8	112.8	92.0	8.8	62.2	269.2	272.0	40.0	0.0	50.1	50.3	3.3	42.2	42.2	-6.0	0.0	20.7	10.3	-4.0	0.0	-1.0	0.0	-1.0	0.0	-1.0	-1.0	0.0	0.0	-1.0	0.0	0.0
00:34:56 	93.0	272.4	270.0	271.6	269.7	271.3	268.5	272.9	273.2	273.0	272.6	272.9	274.8	267.0	265.0	267.7	271.2	272.3	272.9	-0.1	-0.1	0.0	-0.1	0.0	-0.1	40.2	0.0	0.0	-0.1	274.8	265.0	0.5	0.0	271.0	269.9	271.1	271.1	270.8	275.7	112.6	93.0	9.8	61.2	269.2	272.0	40.0	0.0	49.7	50.0	3.2	44.2	44.2	-6.0	0.0	20.7	9.7	-3.7	0.0	-1.0	0.0	-1.0	0.0	-1.0	-1.0	0.0	0.0	-1.0	0.0	0.0
00:35:56 	94.0	272.4	270.1	271.8	270.0	271.6	268.8	273.4	273.5	272.6	272.8	273.0	274.8	267.4	265.5	268.3	271.2	272.5	273.1	-0.2	-0.1	0.0	0.1	0.0	-0.1	40.0	0.0	0.1	-0.2	274.8	265.5	0.5	-0.1	271.3	270.1	271.1	271.1	270.8	275.8	112.9	94.0	10.8	60.2	269.2	272.0	40.0	0.0	50.3	51.3	3.2	40.2	40.2	-6.0	0.0	20.7	9.2	-3.7	0.0	-1.0	0.0	-1.0	0.0	-1.0	-1.0	0.0	0.0	-1.0	0.0	0.0
00:36:57 	95.1	272.5	270.4	271.8	270.1	271.6	269.0	273.1	273.2	274.3	272.8	273.0	274.8	267.6	265.8	268.4	271.5	272.5	273.1	-0.2	0.0	0.0	0.1	-0.1	-0.1	40.1	0.0	0.1	-0.2	274.8	265.8	0.4	-0.4	271.4	270.3	270.9	270.9	270.7	275.4	112.9	95.0	11.8	59.2	269.1	272.0	40.0	0.0	50.6	52.5	3.2	42.2	42.2	-6.0	0.0	20.7	8.9	-3.9	0.0	-1.0	0.0	-1.0	0.0	-1.0	-1.0	0.0	0.0	-1.0	0.0	0.0
00:37:56 	96.0	272.6	270.5	272.1	270.3	271.8	269.3	273.2	273.3	273.4	272.9	273.3	274.8	268.0	266.2	268.8	271.6	272.6	273.2	-0.1	-0.1	0.0	0.1	0.0	-0.1	40.0	0.0	0.1	-0.1	274.8	266.2	1.0	0.0	271.5	270.5	271.0	270.9	270.8	275.6	113.2	96.0	12.8	58.2	269.2	272.0	40.0	0.0	50.6	52.4	3.1	44.2	44.2	-6.0	0.0	20.8	8.5	-3.8	0.0	-1.0	0.0	-1.0	0.0	-1.0	-1.0	0.0	0.0	-1.0	0.0	0.0
00:38:56 	97.0	272.7	270.8	272.2	270.5	272.0	269.5	273.9	273.6	273.9	272.8	273.1	274.8	268.4	266.4	268.9	271.7	272.6	273.3	-0.2	-0.1	0.0	0.1	0.0	-0.1	40.2	0.0	0.1	-0.2	274.8	266.4	0.5	-0.4	271.7	270.6	271.0	271.0	270.8	275.6	113.0	97.0	13.8	57.2	269.1	272.0	40.0	0.0	50.2	50.9	3.1	40.2	40.2	-6.0	0.0	20.8	8.3	-3.8	0.0	-1.0	0.0	-1.0	0.0	-1.0	-1.0	0.0	0.0	-1.0	0.0	0.0
00:39:56 	98.0	272.7	271.0	272.2	270.7	272.2	269.7	273.2	273.4	274.0	273.1	273.3	274.8	268.6	266.9	269.1	272.0	272.7	273.3	-0.1	0.0	0.0	0.1	-0.1	0.0	40.2	0.0	0.1	-0.1	274.8	266.9	1.0	0.0	271.8	270.8	270.9	270.8	270.6	275.6	112.8	98.0	14.8	56.2	269.2	272.0	40.0	0.0	50.5	52.1	3.1	42.2	42.2	-6.0	0.0	20.8	7.8	-3.9	0.0	-1.0	0.0	-1.0	0.0	-1.0	-1.0	0.0	0.0	-1.0	0.0	0.0
00:40:56 	99.0	273.1	271.0	272.4	271.0	272.4	269.9	273.4	273.4	274.8	273.1	273.3	274.8	268.9	267.2	269.3	272.0	272.7	273.4	-0.1	0.0	0.0	0.0	-0.1	-0.1	40.2	0.0	0.0	-0.1	274.8	267.2	0.5	-0.7	272.0	271.0	270.9	270.9	270.8	275.7	113.0	99.0	15.8	55.2	269.2	272.0	40.0	0.0	50.5	52.0	3.0	42.2	42.2	-6.0	0.0	20.8	7.5	-3.9	0.0	-1.0	0.0	-1.0	0.0	-1.0	-1.0	0.0	0.0	-1.0	0.0	0.0
00:41:56 	100.0	273.1	271.2	272.6	271.2	272.4	270.1	273.6	273.6	274.1	273.3	273.4	274.9	269.1	267.4	269.4	272.1	272.9	273.6	-0.1	-0.1	0.0	0.0	-0.1	-0.1	40.1	0.0	0.0	-0.1	274.9	267.4	0.6	-0.1	272.1	271.1	270.8	271.1	270.6	275.6	113.1	100.0	16.8	54.2	269.2	272.0	40.0	0.0	51.1	54.5	3.0	40.2	40.2	-6.0	0.0	20.9	7.4	-4.1	0.0	-1.0	0.0	-1.0	0.0	-1.0	-1.0	0.0	0.0	-1.0	0.0	0.0
00:42:56 	101.0	273.1	271.5	272.7	271.3	272.6	270.2	273.6	273.6	273.9	273.3	273.5	274.8	269.3	267.8	270.0	272.3	273.0	273.7	-0.1	0.0	0.0	0.1	0.0	-0.1	40.0	0.0	0.1	-0.1	274.8	267.8	0.6	-0.1	272.2	271.3	270.9	271.0	270.7	275.4	113.2	101.0	17.8	53.2	269.2	272.0	40.0	0.0	50.1	50.4	3.0	42.2	42.2	-6.0	0.0	20.9	6.9	-3.9	0.0	-1.0	0.0	-1.0	0.0	-1.0	-1.0	0.0	0.0	-1.0	0.0	0.0
00:43:57 	102.0	273.0	271.6	272.7	271.5	272.7	270.3	273.8	273.8	275.0	273.4	273.6	274.9	269.4	268.1	270.0	272.4	273.0	273.7	-0.1	0.0	0.0	0.0	-0.1	-0.1	40.1	0.0	0.0	-0.1	275.0	268.1	0.5	-0.3	272.4	271.5	270.8	270.9	270.6	275.5	113.1	102.0	18.8	52.2	269.2	272.0	40.0	0.0	50.7	52.9	2.9	42.2	42.2	-6.0	0.0	20.9	6.8	-4.2	0.0	-1.0	0.0	-1.0	0.0	-1.0	-1.0	0.0	0.0	-1.0	0.0	0.0
00:44:56 	103.0	273.3	271.8	272.9	271.6	272.8	270.5	274.4	274.1	274.4	273.5	273.6	274.9	270.0	268.5	270.5	272.7	273.1	273.8	-0.1	-0.1	0.0	0.0	0.0	-0.1	40.2	0.0	0.0	-0.1	274.9	268.5	0.5	-0.1	272.6	271.7	270.9	270.9	270.6	275.3	113.1	103.0	19.8	51.2	269.2	272.0	40.0	0.0	50.4	51.4	2.9	42.2	42.2	-6.0	0.0	20.9	6.3	-4.0	0.0	-1.0	0.0	-1.0	0.0	-1.0	-1.0	0.0	0.0	-1.0	0.0	0.0
00:45:56 	104.0	273.4	271.9	273.1	272.0	273.0	270.6	274.0	273.8	270.8	273.7	273.8	274.9	269.9	268.6	269.2	272.7	273.1	273.7	-0.2	0.0	0.0	0.1	-0.1	-0.1	40.0	0.0	0.1	-0.2	274.9	268.6	0.4	-0.2	272.3	271.7	270.7	270.7	270.5	275.2	112.9	104.0	20.8	50.2	269.1	272.0	40.0	0.0	51.0	54.0	2.9	42.2	42.2	-6.0	0.0	20.9	6.2	-4.2	0.0	-1.0	0.0	-1.0	0.0	-1.0	-1.0	0.0	0.0	-1.0	0.0	0.0
00:46:57 	105.0	273.4	272.0	273.1	272.0	273.1	270.7	274.0	273.8	274.4	273.5	273.6	274.8	270.2	268.8	270.6	272.6	273.2	273.8	-0.1	-0.1	0.0	0.0	0.0	-0.1	40.2	0.0	0.0	-0.1	274.8	268.8	0.3	-0.1	272.6	271.8	270.7	270.7	270.5	275.4	112.9	105.0	21.8	49.2	269.1	272.0	40.0	0.0	50.3	51.2	2.8	42.2	42.2	-6.0	0.0	21.0	5.9	-4.1	0.0	-1.0	0.0	-1.0	0.0	-1.0	-1.0	0.0	0.0	-1.0	0.0	0.0
00:47:57 	106.1	273.5	272.2	273.3	272.2	273.2	270.9	274.0	273.9	274.2	273.4	273.7	274.8	270.5	269.0	270.9	272.7	273.1	273.8	-0.2	0.0	0.0	0.0	-0.1	-0.1	40.1	0.0	0.0	-0.2	274.8	269.0	0.2	-0.2	272.7	271.9	270.7	270.7	270.4	275.4	113.1	106.0	22.8	48.2	269.2	272.0	40.0	0.0	51.3	55.1	2.8	42.2	42.2	-6.0	0.0	21.0	5.7	-4.1	0.0	-1.0	0.0	-1.0	0.0	-1.0	-1.0	0.0	0.0	-1.0	0.0	0.0
00:48:57 	107.1	273.6	272.2	273.3	272.4	273.3	271.1	274.1	273.8	275.2	273.6	273.8	274.9	270.5	269.4	271.2	272.6	273.0	273.9	-0.1	0.0	0.0	0.0	0.0	-0.1	40.2	0.0	0.0	-0.1	275.2	269.4	0.4	0.0	272.9	272.3	270.8	270.9	270.6	275.6	113.2	107.0	23.8	47.2	269.2	272.0	40.0	0.0	49.9	50.0	2.8	42.2	42.2	-6.0	0.0	21.0	5.7	-4.4	0.0	-1.0	0.0	-1.0	0.0	-1.0	-1.0	0.0	0.0	-1.0	0.0	0.0
00:49:56 	108.0	273.7	272.4	273.4	272.4	273.4	271.1	272.6	273.9	274.6	273.5	273.7	274.6	270.7	269.4	271.3	272.8	273.2	273.8	-0.3	-0.2	0.0	0.0	0.0	-0.1	40.1	0.0	0.0	-0.3	274.6	269.4	0.2	-0.2	272.8	272.0	270.7	270.7	270.5	275.3	112.9	108.0	24.8	46.2	269.3	272.0	40.0	0.0	50.9	53.5	2.7	44.2	44.2	-6.0	0.0	21.0	5.1	-3.9	0.0	-1.0	0.0	-1.0	0.0	-1.0	-1.0	0.0	0.0	-1.0	0.0	0.0
00:50:56 	109.0	273.6	272.6	273.4	272.6	273.5	271.2	273.6	273.6	274.9	273.7	273.8	274.8	270.9	269.6	273.4	272.8	273.2	273.9	-0.2	0.0	0.0	0.0	-0.1	-0.1	40.1	0.0	0.0	-0.2	274.9	269.6	0.3	-0.1	273.1	272.3	270.9	270.9	270.6	275.5	113.1	109.0	25.8	45.2	269.2	272.0	40.0	0.0	50.2	50.7	2.7	42.2	42.2	-6.0	0.0	21.0	5.2	-4.0	0.0	-1.0	0.0	-1.0	0.0	-1.0	-1.0	0.0	0.0	-1.0	0.0	0.0
00:51:56 	110.0	273.7	272.6	273.6	272.6	273.5	271.4	274.3	274.1	273.2	274.0	273.9	274.9	271.1	269.9	271.7	272.9	273.3	274.0	-0.1	-0.1	0.0	0.1	-0.1	-0.1	40.1	0.0	0.1	-0.1	274.9	269.9	0.3	-1.4	273.0	272.4	271.0	271.0	270.7	275.6	112.9	110.0	26.8	44.2	269.2	272.0	40.0	0.0	50.1	50.5	2.7	40.2	40.2	-6.0	0.0	21.1	4.9	-3.9	0.0	-1.0	0.0	-1.0	0.0	-1.0	-1.0	0.0	0.0	-1.0	0.0	0.0
00:52:56 	111.0	273.8	272.7	273.5	272.8	273.6	271.6	273.9	273.6	276.0	273.7	273.8	274.8	271.3	270.1	271.7	273.0	273.3	274.0	-0.2	-0.1	0.0	0.1	0.0	-0.1	40.2	0.0	0.1	-0.2	276.0	270.1	0.3	-0.5	273.2	273.1	270.8	270.8	270.6	275.1	112.9	111.0	27.8	43.2	269.2	272.0	40.0	0.0	50.1	50.4	2.6	40.2	40.2	-6.0	0.0	21.1	5.8	-5.2	0.0	-1.0	0.0	-1.0	0.0	-1.0	-1.0	0.0	0.0	-1.0	0.0	0.0
00:53:56 	112.0	273.8	272.7	273.8	272.8	273.7	271.7	274.0	273.9	274.9	273.8	273.9	274.8	271.4	270.2	271.9	273.1	273.3	274.0	-0.1	-0.1	0.0	0.0	0.0	0.0	40.1	0.0	0.0	-0.1	274.9	270.2	0.5	-0.1	273.2	272.6	270.7	270.7	270.5	275.1	113.2	112.0	28.8	42.2	269.1	272.0	40.0	0.0	50.7	52.9	2.6	44.2	44.2	-6.0	0.0	21.1	4.6	-4.2	0.0	-1.0	0.0	-1.0	0.0	-1.0	-1.0	0.0	0.0	-1.0	0.0	0.0
00:54:56 	113.0	273.9	272.9	273.7	273.0	273.2	271.8	274.9	274.1	289.1	273.8	274.0	274.9	271.9	270.5	272.0	273.1	273.3	274.0	-0.2	-0.1	0.0	0.0	0.0	0.0	40.2	0.0	0.0	-0.2	289.1	270.5	0.2	-0.4	274.1	279.8	270.7	270.8	270.5	275.1	113.0	113.0	29.8	41.2	269.1	272.0	40.0	0.0	50.7	52.8	2.6	42.2	42.2	-6.0	0.0	21.1	18.5	-18.4	0.0	-1.0	0.0	-1.0	0.0	-1.0	-1.0	0.0	0.0	-1.0	0.0	0.0
00:55:57 	114.1	273.8	272.9	273.8	273.1	273.7	271.8	274.6	274.1	274.5	274.0	274.1	274.8	271.8	270.7	272.2	273.1	273.3	274.1	-0.1	-0.1	0.0	0.0	-0.1	-0.1	40.0	0.0	0.0	-0.1	274.8	270.7	0.6	-0.1	273.4	272.8	270.5	270.5	270.3	274.7	113.1	114.0	30.8	40.2	269.1	272.0	40.0	0.0	51.3	55.4	2.5	40.2	40.2	-6.0	0.0	21.1	4.0	-4.3	0.0	-1.0	0.0	-1.0	0.0	-1.0	-1.0	0.0	0.0	-1.0	0.0	0.0
00:56:56 	115.0	273.8	273.0	273.8	273.1	273.8	271.9	274.9	274.1	275.2	273.9	273.9	274.7	271.8	270.8	272.4	273.2	273.3	274.1	-0.1	0.0	0.0	0.0	0.0	-0.1	40.1	0.0	0.0	-0.1	275.2	270.8	0.2	-0.2	273.4	273.0	270.4	270.4	270.2	274.9	113.1	115.0	31.8	39.2	269.2	272.0	40.0	0.0	51.0	53.9	2.5	44.2	44.2	-6.0	0.0	21.2	4.3	-4.8	0.0	-1.0	0.0	-1.0	0.0	-1.0	-1.0	0.0	0.0	-1.0	0.0	0.0
00:57:57 	116.1	273.9	273.1	273.8	273.3	273.9	272.0	274.3	274.0	274.6	274.1	274.0	274.8	272.1	271.0	272.3	273.2	273.3	274.0	-0.1	-0.1	0.0	0.1	0.0	-0.1	40.1	0.0	0.1	-0.1	274.8	271.0	0.5	-0.4	273.4	272.9	270.6	270.7	270.4	275.2	113.0	116.0	32.8	38.2	269.1	272.0	40.0	0.0	50.6	52.5	2.5	42.2	42.2	-6.0	0.0	21.1	3.7	-4.2	0.0	-1.0	0.0	-1.0	0.0	-1.0	-1.0	0.0	0.0	-1.0	0.0	0.0
00:58:57 	117.1	273.9	273.1	273.9	273.3	273.9	272.1	274.5	274.1	274.6	274.0	274.1	274.8	272.1	271.0	272.5	273.3	273.4	274.1	-0.2	0.0	-0.1	0.1	-0.1	-0.1	40.0	0.0	0.1	-0.2	274.8	271.0	0.4	-0.1	273.5	272.9	270.7	270.7	270.4	275.3	113.0	117.0	33.8	37.2	269.1	272.0	40.0	0.0	50.6	52.3	2.5	42.2	42.2	-6.0	0.0	21.1	3.7	-4.1	0.0	-1.0	0.0	-1.0	0.0	-1.0	-1.0	0.0	0.0	-1.0	0.0	0.0
00:59:56 	118.0	273.9	273.1	274.0	273.3	274.1	272.2	275.1	274.4	274.9	274.2	274.1	274.6	271.7	271.3	272.7	273.3	273.4	274.1	-0.2	0.0	-0.1	0.1	0.0	-0.1	40.2	0.0	0.1	-0.2	275.1	271.3	0.6	-0.1	273.6	273.2	270.6	270.5	270.3	275.3	113.2	118.0	34.8	36.2	269.0	272.0	40.0	0.0	50.6	52.2	2.4	44.2	44.2	-6.0	0.0	21.2	3.7	-4.5	0.0	-1.0	0.0	-1.0	0.0	-1.0	-1.0	0.0	0.0	-1.0	0.0	0.0
01:00:56 	119.0	274.0	273.2	273.9	273.4	274.0	272.2	274.8	271.0	273.9	274.0	274.1	274.8	272.4	271.4	272.3	273.3	273.4	274.1	-0.1	0.0	0.0	0.0	-0.1	-0.1	40.0	0.0	0.0	-0.1	274.8	271.0	0.3	-0.2	273.3	272.9	270.8	270.8	270.5	275.3	113.1	119.0	35.8	35.2	269.1	272.0	40.0	0.0	49.4	50.0	2.4	42.2	42.2	-6.0	0.0	21.2	3.8	-4.0	0.0	-1.0	0.0	-1.0	0.0	-1.0	-1.0	0.0	0.0	-1.0	0.0	0.0
01:01:56 	120.0	273.9	273.2	274.0	273.3	274.1	272.2	274.7	274.2	275.2	274.1	274.1	274.7	272.4	271.5	272.9	273.3	273.4	274.1	-0.1	0.0	0.0	0.1	0.0	-0.1	40.1	0.0	0.1	-0.1	275.2	271.5	0.3	-0.2	273.6	273.4	270.5	270.5	270.2	274.6	112.9	120.0	36.8	34.2	269.0	272.0	40.0	0.0	50.0	50.1	2.4	44.2	44.2	-6.0	0.0	21.2	3.6	-4.7	0.0	-1.0	0.0	-1.0	0.0	-1.0	-1.0	0.0	0.0	-1.0	0.0	0.0
01:02:57 	121.1	273.9	273.3	274.0	273.5	274.0	272.4	274.7	274.1	272.7	274.2	274.1	274.6	272.5	271.7	272.8	273.3	273.5	274.1	0.0	-0.1	0.0	0.1	-0.1	0.0	40.1	0.0	0.1	-0.1	274.7	271.7	1.8	-0.8	273.5	273.2	270.5	270.4	270.2	274.9	113.0	121.0	37.8	33.2	269.0	272.0	40.0	0.0	50.8	53.2	2.3	44.2	44.2	-6.0	0.0	21.2	2.9	-4.2	0.0	-1.0	0.0	-1.0	0.0	-1.0	-1.0	0.0	0.0	-1.0	0.0	0.0
01:03:56 	122.0	273.9	273.3	274.0	273.4	274.0	272.4	274.8	274.2	275.1	274.0	274.1	274.7	271.5	271.8	273.1	273.4	273.4	274.1	-0.2	-0.1	0.0	0.1	0.0	0.0	40.0	0.0	0.1	-0.2	275.1	271.5	0.6	-1.8	273.6	273.3	270.3	270.2	270.0	274.5	112.9	122.0	38.8	32.2	269.0	272.0	40.0	0.0	50.6	52.6	2.3	44.2	44.2	-6.0	0.0	21.2	3.6	-4.8	0.0	-1.0	0.0	-1.0	0.0	-1.0	-1.0	0.0	0.0	-1.0	0.0	0.0
01:04:56 	123.0	273.9	273.2	274.1	273.6	274.3	272.5	275.1	274.5	274.2	274.0	274.0	274.4	272.8	271.8	273.2	273.4	273.4	274.1	-0.1	-0.1	0.0	0.1	-0.1	0.0	40.1	0.0	0.1	-0.1	275.1	271.8	0.3	-0.2	273.7	273.5	270.3	270.2	270.1	274.6	113.2	123.0	39.8	31.2	269.0	272.0	40.0	0.0	51.4	55.6	2.3	42.2	42.2	-6.0	0.0	21.3	3.2	-4.8	0.0	-1.0	0.0	-1.0	0.0	-1.0	-1.0	0.0	0.0	-1.0	0.0	0.0
01:05:56 	124.0	273.9	273.4	274.0	273.6	274.1	272.6	274.9	274.4	274.5	274.1	274.1	274.8	272.8	271.9	273.2	273.3	273.4	274.1	-0.2	0.0	0.0	0.1	0.0	-0.1	40.0	0.0	0.1	-0.2	274.9	271.9	0.6	-0.3	273.7	273.4	270.3	270.2	270.0	274.9	113.1	124.0	40.8	30.2	269.0	272.0	40.0	0.0	50.9	53.7	2.3	44.2	44.2	-6.0	0.0	21.3	2.9	-4.6	0.0	-1.0	0.0	-1.0	0.0	-1.0	-1.0	0.0	0.0	-1.0	0.0	0.0
01:06:56 	125.0	274.1	273.4	274.1	273.7	274.2	272.6	274.7	274.1	275.1	274.0	274.0	274.6	273.0	272.1	273.3	273.5	273.4	274.2	-0.1	0.0	0.0	0.0	0.0	0.0	40.1	0.0	0.0	-0.1	275.1	272.1	0.8	-0.7	273.8	273.6	270.4	270.4	270.2	275.2	113.0	125.0	41.8	29.2	269.0	272.0	40.0	0.0	50.2	50.9	2.2	44.2	44.2	-6.0	0.0	21.3	2.9	-4.7	0.0	-1.0	0.0	-1.0	0.0	-1.0	-1.0	0.0	0.0	-1.0	0.0	0.0
01:07:56 	126.0	274.0	273.4	274.0	273.7	274.3	272.6	275.1	274.3	277.7	274.0	274.1	274.7	273.0	272.3	273.5	273.5	273.4	274.1	-0.1	-0.1	0.0	0.1	0.0	-0.1	40.1	0.0	0.1	-0.1	277.7	272.3	0.2	-3.0	274.0	275.0	270.5	270.5	270.1	274.8	113.2	126.0	42.8	28.2	269.2	272.0	40.0	0.0	51.2	55.0	2.2	42.2	42.2	-6.0	0.0	21.3	5.4	-7.2	0.0	-1.0	0.0	-1.0	0.0	-1.0	-1.0	0.0	0.0	-1.0	0.0	0.0
01:08:57 	127.1	274.1	273.6	274.2	273.8	274.3	272.6	274.8	274.3	275.2	274.1	274.2	274.8	273.2	272.4	273.4	273.5	273.5	274.2	-0.1	0.0	0.0	0.0	-0.1	-0.1	40.0	0.0	0.0	-0.1	275.2	272.4	2.4	-0.1	273.9	273.8	270.4	270.5	270.2	275.1	113.3	127.0	43.8	27.2	269.0	272.0	40.0	0.0	50.5	52.0	2.2	42.2	42.2	-6.0	0.0	21.3	2.8	-4.8	0.0	-1.0	0.0	-1.0	0.0	-1.0	-1.0	0.0	0.0	-1.0	0.0	0.0
01:09:57 	128.0	274.0	273.7	274.3	273.9	273.8	272.7	274.9	274.2	272.8	274.1	274.1	274.7	273.3	272.5	273.5	273.5	273.5	274.2	-0.2	0.0	0.0	0.1	-0.1	0.0	40.1	0.0	0.1	-0.2	274.9	272.5	0.1	-0.6	273.8	273.7	270.7	270.7	270.3	275.4	113.1	128.0	44.8	26.2	269.0	272.0	40.0	0.0	49.6	50.0	2.1	42.2	42.2	-6.0	0.0	21.3	2.4	-4.2	0.0	-1.0	0.0	-1.0	0.0	-1.0	-1.0	0.0	0.0	-1.0	0.0	0.0
01:10:56 	129.0	274.1	273.7	274.2	273.8	274.1	272.7	275.0	274.4	275.2	274.2	274.1	274.7	273.3	272.6	273.4	273.6	273.4	274.3	-0.2	0.0	0.0	0.1	0.0	-0.1	40.1	0.0	0.1	-0.2	275.2	272.6	0.3	-0.1	273.9	273.9	270.5	270.5	270.3	274.6	113.1	129.0	45.8	25.2	269.0	272.0	40.0	0.0	50.1	50.5	2.1	42.2	42.2	-6.0	0.0	21.4	2.6	-4.7	0.0	-1.0	0.0	-1.0	0.0	-1.0	-1.0	0.0	0.0	-1.0	0.0	0.0
01:11:57 	130.1	274.0	273.6	274.1	273.9	274.3	272.7	274.9	274.2	275.3	274.2	274.2	274.6	273.3	272.7	273.6	273.6	273.5	274.3	-0.1	-0.1	0.0	0.0	-0.1	-0.1	40.2	0.0	0.0	-0.1	275.3	272.7	0.2	-0.2	273.9	274.0	270.3	270.3	270.1	274.6	113.2	130.0	46.8	24.2	269.0	272.0	40.0	0.0	51.1	54.3	2.1	42.2	42.2	-6.0	0.0	21.4	2.6	-5.0	0.0	-1.0	0.0	-1.0	0.0	-1.0	-1.0	0.0	0.0	-1.0	0.0	0.0
01:12:56 	131.0	274.1	273.7	274.1	273.9	274.4	272.7	274.1	274.3	275.2	274.1	274.1	274.7	273.3	272.8	273.6	273.6	273.4	274.2	-0.1	-0.1	0.0	0.0	-0.1	-0.1	40.1	0.0	0.0	-0.1	275.2	272.7	0.2	-0.2	273.9	273.9	270.4	270.3	270.1	274.9	113.1	131.0	47.8	23.2	269.0	272.0	40.0	0.0	50.4	51.6	2.1	42.2	42.2	-6.0	0.0	21.4	2.4	-4.8	0.0	-1.0	0.0	-1.0	0.0	-1.0	-1.0	0.0	0.0	-1.0	0.0	0.0
01:13:56 	132.0	274.2	273.8	274.2	273.9	274.2	272.8	274.9	274.3	275.3	274.6	274.2	274.6	273.4	272.8	273.6	273.6	273.5	274.3	-0.2	-0.1	0.0	0.1	0.0	-0.1	40.2	0.0	0.1	-0.2	275.3	272.8	0.5	-2.0	274.0	274.0	270.5	270.4	270.2	275.1	113.3	132.0	48.8	22.2	269.0	272.0	40.0	0.0	50.0	50.1	2.0	40.2	40.2	-6.0	0.0	21.4	2.5	-4.8	0.0	-1.0	0.0	-1.0	0.0	-1.0	-1.0	0.0	0.0	-1.0	0.0	0.0
01:14:56 	133.0	274.1	273.8	274.3	274.0	274.5	272.8	274.9	274.2	275.2	274.2	274.1	274.7	273.6	272.9	273.8	273.6	273.5	274.3	-0.2	0.0	0.0	0.0	-0.1	-0.1	40.1	0.0	0.0	-0.2	275.2	272.8	2.1	-0.4	274.0	274.0	270.6	270.5	270.3	274.9	113.2	133.0	49.8	21.2	269.0	272.0	40.0	0.0	49.8	50.0	2.0	44.2	44.2	-6.0	0.0	21.4	2.3	-4.6	0.0	-1.0	0.0	-1.0	0.0	-1.0	-1.0	0.0	0.0	-1.0	0.0	0.0
01:15:56 	134.0	274.0	273.8	274.3	274.0	274.5	272.9	274.9	273.5	275.2	274.2	274.1	274.6	273.2	272.9	274.1	273.6	273.5	274.3	-0.1	-0.1	0.0	0.0	-0.1	-0.1	40.1	0.0	0.0	-0.1	275.2	272.9	0.2	-0.9	274.0	274.0	270.0	270.0	269.8	274.2	113.1	134.0	50.8	20.2	269.0	272.0	40.0	0.0	51.6	56.6	2.0	42.2	42.2	-6.0	0.0	21.4	2.3	-5.2	0.0	-1.0	0.0	-1.0	0.0	-1.0	-1.0	0.0	0.0	-1.0	0.0	0.0
01:16:56 	135.0	273.9	273.8	274.1	274.0	274.5	272.9	274.9	274.2	275.3	274.6	273.9	274.6	273.5	273.0	273.8	273.7	273.5	274.3	0.0	0.0	-0.1	0.0	0.0	-0.1	40.0	0.0	0.0	-0.1	275.3	272.9	0.2	-0.3	274.0	274.1	270.1	270.1	269.9	274.5	113.1	135.0	51.8	19.2	269.0	272.0	40.0	0.0	51.0	53.8	2.0	42.2	42.2	-6.0	0.0	21.5	2.3	-5.2	0.0	-1.0	0.0	-1.0	0.0	-1.0	-1.0	0.0	0.0	-1.0	0.0	0.0
01:17:56 	136.0	274.1	273.9	274.5	274.1	274.5	272.9	274.9	274.5	274.4	274.1	274.2	274.4	273.2	273.0	274.0	273.6	273.5	274.1	-0.1	0.0	0.0	0.1	0.0	0.0	40.2	0.0	0.1	-0.1	274.9	272.9	0.3	-0.1	274.0	273.9	270.2	270.3	270.1	274.9	113.2	136.0	52.8	18.2	269.0	272.0	40.0	0.0	50.9	53.7	1.9	42.2	42.2	-6.0	0.0	21.5	2.0	-4.7	0.0	-1.0	0.0	-1.0	0.0	-1.0	-1.0	0.0	0.0	-1.0	0.0	0.0
01:18:56 	137.0	274.1	273.8	274.4	274.3	274.6	272.9	274.0	273.8	275.6	274.0	274.0	274.6	272.8	273.1	273.9	273.6	273.5	274.3	-0.3	-0.1	0.0	0.0	-0.1	0.0	40.0	0.0	0.0	-0.3	275.6	272.8	0.2	-0.6	274.0	274.2	270.3	270.4	270.1	275.2	113.2	137.0	53.8	17.2	269.0	272.0	40.0	0.0	50.2	50.9	1.9	44.2	44.2	-6.0	0.0	21.5	2.8	-5.3	0.0	-1.0	0.0	-1.0	0.0	-1.0	-1.0	0.0	0.0	-1.0	0.0	0.0
01:19:56 	138.0	274.1	274.0	274.5	274.2	274.4	272.9	274.9	272.9	274.2	274.2	274.1	274.3	273.4	273.1	273.9	273.6	273.5	274.3	-0.2	-0.1	0.0	0.0	0.0	0.0	40.2	0.0	0.0	-0.2	274.9	272.9	2.6	-0.4	273.9	273.9	270.3	270.3	270.1	274.3	113.3	138.0	54.8	16.2	269.0	272.0	40.0	0.0	50.5	52.2	1.9	44.2	44.2	-6.0	0.0	21.5	2.0	-4.6	0.0	-1.0	0.0	-1.0	0.0	-1.0	-1.0	0.0	0.0	-1.0	0.0	0.0
01:20:56 	139.0	274.2	273.9	274.5	274.2	274.5	273.0	274.8	274.2	274.7	274.2	273.9	274.5	273.8	273.2	274.1	273.7	273.5	274.2	-0.1	0.0	-0.1	0.0	-0.1	0.0	40.1	0.0	0.0	-0.1	274.8	273.0	0.4	-1.2	274.1	273.9	270.2	270.2	269.9	274.4	113.2	139.0	55.8	15.2	269.0	272.0	40.0	0.0	50.9	53.4	1.9	44.2	44.2	-6.0	0.0	21.5	1.8	-4.6	0.0	-1.0	0.0	-1.0	0.0	-1.0	-1.0	0.0	0.0	-1.0	0.0	0.0
01:21:57 	140.1	274.3	273.9	274.4	274.2	274.5	273.1	274.9	274.4	274.7	274.0	274.0	274.4	273.6	273.2	273.9	273.6	273.4	274.2	-0.1	-0.1	0.0	0.1	0.0	-0.1	40.1	0.0	0.1	-0.1	274.9	273.1	0.2	-0.3	274.0	274.0	270.2	270.2	269.9	274.8	113.3	140.0	56.8	14.2	269.0	272.0	40.0	0.0	50.8	53.3	1.8	44.2	44.2	-6.0	0.0	21.5	1.8	-4.7	0.0	-1.0	0.0	-1.0	0.0	-1.0	-1.0	0.0	0.0	-1.0	0.0	0.0
01:22:56 	141.0	274.1	273.9	274.3	274.1	274.4	273.1	274.9	274.2	275.2	273.7	274.0	274.4	273.8	273.2	273.7	273.6	273.5	274.2	-0.2	-0.1	0.0	0.1	-0.1	-0.1	40.1	0.0	0.1	-0.2	275.2	273.1	0.1	-1.0	274.0	274.1	270.4	270.3	270.1	274.9	113.4	141.0	57.8	13.2	269.0	272.0	40.0	0.0	50.5	51.9	1.8	42.2	42.2	-6.0	0.0	21.6	2.0	-4.8	0.0	-1.0	0.0	-1.0	0.0	-1.0	-1.0	0.0	0.0	-1.0	0.0	0.0
01:23:56 	142.0	274.1	273.9	274.3	274.1	274.5	273.0	275.6	274.6	275.0	273.9	274.0	274.5	274.3	273.3	274.1	273.6	273.4	274.2	-0.1	-0.1	0.0	0.1	-0.1	-0.1	40.1	0.0	0.1	-0.1	275.6	273.0	0.8	-0.2	274.1	274.3	270.3	270.3	270.1	274.9	113.4	142.0	58.8	12.2	269.0	272.0	40.0	0.0	50.4	51.8	1.8	44.2	44.2	-6.0	0.0	21.6	2.6	-5.3	0.0	-1.0	0.0	-1.0	0.0	-1.0	-1.0	0.0	0.0	-1.0	0.0	0.0
01:24:56 	143.0	274.1	273.9	274.3	274.2	274.2	273.1	275.3	274.6	275.5	274.0	274.0	274.5	273.6	273.4	274.2	273.7	273.5	274.3	-0.1	-0.1	0.0	0.0	-0.1	-0.1	40.1	0.0	0.0	-0.1	275.5	273.1	0.3	-0.6	274.1	274.3	270.5	270.4	270.2	274.9	113.4	143.0	59.8	11.2	269.0	272.0	40.0	0.0	50.1	50.3	1.7	40.2	40.2	-6.0	0.0	21.6	2.3	-5.0	0.0	-1.0	0.0	-1.0	0.0	-1.0	-1.0	0.0	0.0	-1.0	0.0	0.0
01:25:57 	144.0	274.2	273.9	274.4	274.2	274.5	273.1	275.0	274.3	275.7	274.0	274.0	274.5	273.8	273.4	274.1	273.7	273.5	274.3	-0.2	-0.1	-0.1	0.0	0.0	-0.2	40.2	0.0	0.0	-0.2	275.7	273.1	0.6	-0.2	274.1	274.4	270.4	270.4	270.2	275.1	113.5	144.0	60.8	10.2	269.0	272.0	40.0	0.0	49.7	50.0	1.7	42.2	42.2	-6.0	0.0	21.6	2.5	-5.3	0.0	-1.0	0.0	-1.0	0.0	-1.0	-1.0	0.0	0.0	-1.0	0.0	0.0
01:26:56 	145.0	274.1	274.0	274.5	274.3	274.5	273.1	275.0	274.9	273.7	274.3	274.1	274.5	273.7	273.5	274.3	273.7	273.5	274.2	-0.2	0.0	-0.1	0.0	0.0	-0.1	40.2	0.0	0.0	-0.2	275.0	273.1	0.5	-0.2	274.1	274.1	270.5	270.5	270.1	274.6	113.6	145.0	61.8	9.2	269.0	272.0	40.0	0.0	50.0	50.1	1.7	44.2	44.2	-6.0	0.0	21.6	1.9	-4.5	0.0	-1.0	0.0	-1.0	0.0	-1.0	-1.0	0.0	0.0	-1.0	0.0	0.0
01:27:57 	146.1	274.1	274.0	274.4	274.4	274.6	273.1	275.0	274.2	271.9	274.3	274.0	274.5	273.6	273.6	274.4	273.7	273.4	274.2	-0.2	-0.1	0.0	0.0	0.0	-0.1	40.0	0.0	0.0	-0.2	275.0	271.9	4.0	-0.3	274.0	273.5	270.4	270.4	270.2	274.6	113.5	146.0	62.8	8.2	269.0	272.0	40.0	0.0	50.4	51.5	1.7	44.2	44.2	-6.0	0.0	21.6	3.1	-4.6	0.0	-1.0	0.0	-1.0	0.0	-1.0	-1.0	0.0	0.0	-1.0	0.0	0.0
01:28:56 	147.0	274.2	274.0	274.5	274.3	274.7	273.1	274.7	274.1	270.5	273.9	274.2	274.5	274.0	273.6	274.3	273.7	273.4	274.2	-0.2	0.0	0.0	-0.1	-0.1	-0.1	40.1	0.0	0.0	-0.2	274.7	270.5	0.3	-5.8	273.9	272.6	270.2	270.3	270.1	274.8	113.6	147.0	63.8	7.2	269.0	272.0	40.0	0.0	50.3	51.4	1.6	40.2	40.2	-6.0	0.0	21.6	4.2	-4.5	0.0	-1.0	0.0	-1.0	0.0	-1.0	-1.0	0.0	0.0	-1.0	0.0	0.0
01:29:56 	148.0	274.3	274.0	274.6	274.3	274.7	273.1	274.1	273.7	275.6	274.2	274.0	275.4	274.0	273.6	274.3	273.7	273.5	274.3	-0.1	-0.1	0.0	0.0	-0.1	-0.1	40.1	0.0	0.0	-0.1	275.6	273.1	0.3	-0.3	274.2	274.3	270.3	270.3	270.1	274.8	112.9	148.0	64.8	6.2	269.1	272.0	40.0	0.0	51.0	54.0	1.6	42.2	42.2	-6.0	0.0	21.6	2.4	-5.3	0.0	-1.0	0.0	-1.0	0.0	-1.0	-1.0	0.0	0.0	-1.0	0.0	0.0
01:30:56 	149.0	274.2	274.1	274.5	274.4	274.0	273.1	275.0	274.3	272.7	274.2	274.1	274.5	274.1	273.6	274.1	273.6	273.5	274.2	-0.2	0.0	-0.1	0.1	-0.1	-0.1	40.1	0.0	0.1	-0.2	275.0	272.7	0.5	-0.6	274.0	273.9	270.2	270.2	270.0	274.8	113.3	149.0	65.8	5.2	269.0	272.0	40.0	0.0	50.6	52.4	1.6	42.2	42.2	-6.0	0.0	21.6	2.2	-4.8	0.0	-1.0	0.0	-1.0	0.0	-1.0	-1.0	0.0	0.0	-1.0	0.0	0.0
01:31:57 	150.0	274.1	274.1	274.4	274.4	274.4	273.2	275.0	274.3	276.0	274.2	274.0	274.4	274.1	273.7	274.3	273.7	273.5	274.3	-0.2	0.0	0.0	0.0	-0.1	-0.1	40.0	0.0	0.0	-0.2	276.0	273.2	0.3	-0.1	274.2	274.6	270.4	270.3	270.0	274.7	113.5	150.0	66.8	4.2	269.0	272.0	40.0	0.0	49.9	50.0	1.6	42.2	42.2	-6.0	0.0	21.6	2.8	-5.6	0.0	-1.0	0.0	-1.0	0.0	-1.0	-1.0	0.0	0.0	-1.0	0.0	0.0
01:32:56 	151.0	274.2	274.1	274.5	274.3	274.6	273.3	275.7	274.2	275.2	274.0	274.0	274.4	273.7	273.6	274.1	273.7	273.5	274.3	-0.1	0.0	0.0	0.1	-0.1	-0.1	40.1	0.0	0.1	-0.1	275.7	273.3	0.4	-0.7	274.2	274.5	270.3	270.3	270.1	274.7	113.3	151.0	67.8	3.2	269.0	272.0	40.0	0.0	50.2	50.8	1.5	42.2	42.2	-6.0	0.0	21.7	2.4	-5.4	0.0	-1.0	0.0	-1.0	0.0	-1.0	-1.0	0.0	0.0	-1.0	0.0	0.0
01:33:56 	152.0	274.2	274.1	274.6	274.5	275.0	273.3	275.3	274.4	274.8	274.2	274.0	274.5	273.8	273.8	274.4	273.8	273.5	274.2	-0.2	-0.1	-0.1	0.0	-0.1	-0.1	40.1	0.0	0.0	-0.2	275.3	273.3	0.7	-0.4	274.2	274.3	270.1	270.2	269.9	274.4	113.4	152.0	68.8	2.2	269.0	272.0	40.0	0.0	50.5	52.0	1.5	42.2	42.2	-6.0	0.0	21.7	2.0	-5.2	0.0	-1.0	0.0	-1.0	0.0	-1.0	-1.0	0.0	0.0	-1.0	0.0	0.0
01:34:56 	153.0	274.3	274.1	274.5	274.5	274.8	273.3	275.4	274.3	276.1	274.0	274.1	274.4	273.5	273.7	274.4	273.7	273.5	274.2	-0.2	-0.1	0.0	0.0	0.0	-0.1	40.0	0.0	0.0	-0.2	276.1	273.3	0.4	-1.2	274.3	274.7	270.0	270.1	269.9	274.8	113.6	153.0	69.8	1.2	269.0	272.0	40.0	0.0	51.2	54.8	1.5	42.2	42.2	-6.0	0.0	21.7	2.8	-6.1	0.0	-1.0	0.0	-1.0	0.0	-1.0	-1.0	0.0	0.0	-1.0	0.0	0.0
01:35:56 	154.0	274.3	274.2	274.6	274.4	274.3	273.3	275.3	274.6	274.4	274.1	274.2	274.4	274.1	273.8	274.5	273.7	273.5	274.3	-0.2	0.0	0.0	0.0	-0.1	-0.1	40.0	0.0	0.0	-0.2	275.3	273.3	0.4	-0.7	274.2	274.3	270.2	270.3	270.0	274.4	113.6	154.0	70.8	0.2	269.0	272.0	40.0	0.0	50.1	50.5	1.5	42.2	42.2	-6.0	0.0	21.7	2.0	-5.1	0.0	-1.0	0.0	-1.0	0.0	-1.0	-1.0	0.0	0.0	-1.0	0.0	0.0
01:36:06 	154.2	274.3	274.1	274.6	274.5	274.8	273.3	275.0	274.3	275.3	274.1	274.0	274.4	274.2	273.7	274.4	273.7	273.5	274.2	-0.2	-0.1	0.0	0.1	-0.1	-0.2	40.0	0.0	0.1	-0.2	275.3	273.3	1.8	-0.5	274.2	274.3	270.2	270.2	270.0	274.1	113.5	154.2	71.0	0.0	269.0	272.0	40.0	0.0	50.5	51.8	1.5	44.2	44.2	-6.0	0.0	21.7	1.9	-5.1	0.0	-1.0	0.0	-1.0	0.0	-1.0	-1.0	0.0	0.0	-1.0	0.0	0.0
01:36:57 	155.1	274.3	274.1	274.6	274.5	274.6	273.3	275.0	274.3	275.8	274.1	273.9	274.4	274.2	273.8	274.4	273.7	273.4	274.2	-0.2	-0.1	0.0	0.1	0.0	-0.1	40.1	0.0	0.1	-0.2	275.8	273.3	0.7	-0.4	274.2	274.5	270.3	270.3	270.1	274.5	113.1	155.0	0.8	0.0	267.9	267.8	40.0	0.0	46.7	50.0	1.5	42.2	42.2	-6.0	0.0	21.7	2.4	-5.5	0.0	-1.0	0.0	-1.0	0.0	-1.0	-1.0	0.0	0.0	-1.0	0.0	0.0
01:37:56 	156.0	274.2	274.2	274.7	274.4	274.8	273.3	275.0	274.2	274.7	274.1	274.1	274.2	274.3	273.7	274.6	273.7	273.4	274.2	-0.2	-0.1	0.0	0.0	0.0	-0.1	40.1	0.0	0.0	-0.2	275.0	273.3	0.1	-0.5	274.2	274.2	269.8	269.8	269.6	272.9	113.5	156.0	1.8	0.0	262.9	262.8	40.0	0.0	31.3	50.0	1.4	42.2	42.2	-6.0	0.0	21.8	1.7	-5.2	0.0	-1.0	0.0	-1.0	0.0	-1.0	-1.0	0.0	0.0	-1.0	0.0	0.0
01:38:56 	157.0	274.0	274.0	274.3	274.3	274.5	273.2	274.7	273.7	275.9	273.8	273.9	274.0	273.8	273.7	274.2	273.6	273.3	274.0	-0.2	-0.1	0.0	0.0	0.0	-0.1	40.0	0.0	0.0	-0.2	275.9	273.2	0.5	-0.4	274.0	274.5	268.9	268.9	268.6	271.0	113.3	157.0	2.8	0.0	257.9	257.8	40.0	0.0	17.5	50.0	1.2	46.2	46.2	-5.9	0.0	21.8	2.6	-7.0	0.0	-1.0	0.0	-1.0	0.0	-1.0	-1.0	0.0	0.0	-1.0	0.0	0.0
01:39:56 	158.0	273.9	273.8	274.1	274.2	274.4	273.0	274.4	273.2	272.2	273.5	273.7	273.4	274.1	273.6	274.3	273.5	273.0	273.8	-0.2	-0.1	0.0	0.2	-0.1	-0.1	39.8	0.0	0.2	-0.2	274.4	272.2	0.2	-0.6	273.7	273.3	267.3	267.2	266.9	267.5	113.2	158.0	3.8	0.0	252.9	252.9	40.0	0.0	6.0	6.0	0.9	50.4	50.4	-5.7	0.0	21.8	2.2	-7.1	0.0	-1.0	0.0	-1.0	0.0	-1.0	-1.0	0.0	0.0	-1.0	0.0	0.0
01:40:56 	159.0	272.9	272.5	273.8	273.3	272.7	271.8	272.1	268.8	273.7	272.0	272.9	270.8	273.3	273.0	273.2	272.9	271.8	271.9	-0.1	-0.1	0.0	0.0	0.0	-0.2	39.8	0.0	0.0	-0.2	273.8	268.8	-0.4	-3.0	272.4	271.3	255.3	255.2	254.8	240.9	113.5	159.0	4.8	0.0	247.9	247.9	40.0	0.0	29.1	29.1	0.7	51.2	51.2	-4.9	0.0	21.8	4.9	-18.5	0.0	-1.0	0.0	-1.0	0.0	-1.0	-1.0	0.0	0.0	-1.0	0.0	0.0
01:41:56 	160.0	271.8	271.2	271.8	272.3	272.3	270.6	271.6	265.5	270.0	269.7	270.6	265.8	272.4	271.8	272.2	272.1	270.1	269.7	-0.2	-0.1	-0.1	0.0	-0.1	-0.1	39.7	0.0	0.0	-0.2	272.4	265.5	-0.8	-4.8	270.6	268.9	246.6	246.5	246.2	234.8	113.2	160.0	5.8	0.0	242.9	242.9	40.0	0.0	41.0	41.0	0.6	51.7	51.7	-4.5	0.0	21.8	6.9	-25.8	0.0	-1.0	0.0	-1.0	0.0	-1.0	-1.0	0.0	0.0	-1.0	0.0	0.0
01:42:56 	161.0	270.6	269.8	269.3	271.0	270.7	269.5	268.1	261.9	266.9	267.5	269.5	262.2	271.4	270.9	271.4	271.0	268.5	267.8	-0.2	-0.2	0.0	0.1	0.0	-0.2	39.8	0.0	0.1	-0.2	271.4	261.9	-0.9	-3.5	268.8	266.6	241.4	241.3	241.0	232.7	113.3	161.0	6.8	0.0	237.9	237.8	40.0	0.0	41.8	41.8	0.5	50.0	50.0	-4.1	0.0	21.8	9.5	-30.0	0.0	-1.0	0.0	-1.0	0.0	-1.0	-1.0	0.0	0.0	-1.0	0.0	0.0
01:43:56 	162.0	269.1	268.8	267.0	270.0	268.8	268.4	266.0	259.3	264.3	265.5	267.8	259.3	270.4	270.1	270.3	269.9	266.7	266.3	-0.2	-0.1	-0.1	0.1	-0.1	-0.1	39.8	0.0	0.1	-0.2	270.4	259.3	-0.9	-3.4	267.1	264.8	238.1	238.1	237.8	230.9	113.3	162.0	7.8	0.0	233.0	232.9	40.0	0.0	36.4	36.4	0.4	50.4	50.4	-3.8	0.0	21.9	11.1	-32.3	0.0	-1.0	0.0	-1.0	0.0	-1.0	-1.0	0.0	0.0	-1.0	0.0	0.0
01:44:56 	163.0	267.5	267.1	264.7	268.6	267.7	266.9	263.4	256.1	263.1	263.6	266.1	256.3	269.1	269.1	269.0	268.6	264.5	264.0	-0.1	-0.2	-0.1	0.0	-0.1	-0.3	39.8	0.0	0.0	-0.3	269.1	256.1	-1.1	-3.2	265.3	262.6	233.2	233.1	232.7	224.0	113.3	163.0	8.8	0.0	228.0	227.9	40.0	0.0	36.0	36.0	0.3	50.7	50.7	-3.5	0.0	21.9	13.0	-35.9	0.0	-1.0	0.0	-1.0	0.0	-1.0	-1.0	0.0	0.0	-1.0	0.0	0.0
01:45:57 	164.1	265.6	265.4	262.1	267.4	265.3	265.3	260.9	253.2	259.9	261.5	263.9	252.8	267.6	267.8	267.8	267.1	262.3	261.6	-0.2	-0.1	-0.1	0.1	-0.1	-0.1	39.8	0.0	0.1	-0.2	267.8	252.8	-1.2	-3.7	263.2	260.3	227.7	227.5	227.2	218.4	113.3	164.0	9.8	0.0	222.9	222.8	40.0	0.0	37.5	37.5	0.2	51.0	51.0	-3.2	0.0	21.9	15.1	-40.1	0.0	-1.0	0.0	-1.0	0.0	-1.0	-1.0	0.0	0.0	-1.0	0.0	0.0
01:46:56 	165.0	263.5	263.4	259.6	266.0	263.1	263.7	258.1	249.9	257.7	259.0	261.7	249.5	265.9	266.3	266.1	265.4	260.2	259.4	-0.3	-0.1	-0.2	0.1	0.0	-0.1	39.9	0.0	0.1	-0.3	266.3	249.5	-1.5	-3.8	261.0	257.9	223.3	223.3	222.9	214.4	113.5	165.0	10.8	0.0	218.0	217.9	40.0	0.0	35.2	35.2	0.1	51.2	51.2	-2.9	0.0	21.8	16.9	-43.0	0.0	-1.0	0.0	-1.0	0.0	-1.0	-1.0	0.0	0.0	-1.0	0.0	0.0
01:47:56 	166.0	261.5	261.5	256.9	264.0	260.7	261.6	255.5	246.4	254.8	256.6	259.5	245.5	264.1	265.0	264.6	263.7	257.5	256.7	-0.3	-0.2	-0.1	0.0	-0.1	0.0	39.8	0.0	0.0	-0.3	265.0	245.5	-1.2	-3.8	258.7	255.3	218.7	218.7	218.1	209.5	113.3	166.0	11.8	0.0	213.0	212.9	40.0	0.0	34.1	34.1	0.0	51.4	51.4	-2.7	0.0	21.9	19.5	-46.3	0.0	-1.0	0.0	-1.0	0.0	-1.0	-1.0	0.0	0.0	-1.0	0.0	0.0
01:48:56 	167.0	258.9	259.3	254.2	261.8	258.9	259.9	253.2	240.7	249.3	254.3	257.3	242.2	261.4	263.3	262.7	261.8	255.0	254.1	-0.2	-0.1	-0.1	0.1	0.0	-0.1	39.8	0.0	0.1	-0.2	263.3	240.7	-1.6	-4.0	256.0	252.0	213.9	213.8	213.5	204.7	113.2	167.0	12.8	0.0	207.9	207.9	40.0	0.0	32.6	32.6	-0.1	47.7	47.7	-2.5	0.0	21.9	22.7	-49.4	0.0	-1.0	0.0	-1.0	0.0	-1.0	-1.0	0.0	0.0	-1.0	0.0	0.0
01:49:56 	168.0	256.6	257.1	251.5	260.0	256.5	257.9	250.6	239.8	248.5	251.6	254.8	238.8	260.5	261.7	260.9	259.7	252.2	251.4	-0.2	-0.1	0.0	0.1	-0.1	-0.1	39.9	0.0	0.1	-0.2	261.7	238.8	-1.4	-4.2	253.9	250.3	209.5	209.6	209.0	200.2	113.2	168.0	13.8	0.0	202.9	202.8	40.0	0.0	31.1	31.1	-0.2	47.9	47.9	-2.3	0.0	21.9	22.9	-52.2	0.0	-1.0	0.0	-1.0	0.0	-1.0	-1.0	0.0	0.0	-1.0	0.0	0.0
01:50:20 	168.4	255.4	256.3	250.5	259.2	255.6	256.9	249.2	238.4	247.9	250.3	253.6	237.1	259.7	260.9	260.2	258.8	251.2	250.2	-0.2	-0.1	-0.1	0.0	-0.1	-0.2	39.9	0.0	0.0	-0.2	260.9	237.1	-1.8	-4.0	252.9	249.0	207.7	207.6	207.3	198.5	113.4	168.4	14.2	0.0	200.9	200.9	40.0	0.0	30.1	30.1	-0.3	47.9	47.9	-2.2	0.0	21.9	23.8	-53.2	0.0	-1.0	0.0	-1.0	0.0	-1.0	-1.0	0.0	0.0	-1.0	0.0	0.0
01:50:57 	169.1	253.9	254.7	248.7	258.1	254.3	255.4	247.8	236.6	245.5	248.8	252.1	235.0	258.5	260.0	258.9	257.6	249.4	248.5	-0.3	-0.1	0.0	0.1	-0.1	-0.2	40.0	0.0	0.1	-0.3	260.0	235.0	-1.7	-3.9	251.7	247.5	204.9	204.8	204.3	196.0	113.3	169.0	0.6	0.0	197.9	197.8	40.0	0.0	29.6	29.6	-0.3	48.0	48.0	-2.1	0.0	21.9	25.0	-55.1	0.0	-1.0	0.0	-1.0	0.0	-1.0	-1.0	0.0	0.0	-1.0	0.0	0.0
01:51:56 	170.0	251.2	252.2	245.8	255.9	251.6	253.1	244.4	233.4	242.8	246.2	249.3	231.2	255.7	257.9	257.0	255.4	246.6	246.1	-0.1	-0.2	0.0	0.0	-0.1	-0.2	40.0	0.0	0.0	-0.2	257.9	231.2	-1.9	-4.3	249.0	244.5	200.7	200.7	200.1	191.8	113.4	170.0	1.6	0.0	192.9	192.9	40.0	0.0	26.6	26.6	-0.5	50.2	50.2	-2.0	0.0	21.9	26.7	-57.2	0.0	-1.0	0.0	-1.0	0.0	-1.0	-1.0	0.0	0.0	-1.0	0.0	0.0
01:52:56 	171.0	248.4	249.8	242.8	253.4	248.9	250.8	242.4	230.4	239.5	243.0	246.5	227.4	253.9	256.0	255.2	253.1	243.5	243.1	-0.2	-0.1	0.0	0.1	-0.1	-0.2	40.0	0.0	0.1	-0.2	256.0	227.4	-2.2	-4.0	246.4	241.7	196.6	196.6	196.1	187.9	113.2	171.0	2.6	0.0	187.9	187.8	40.0	0.0	23.3	23.3	-0.7	52.3	52.3	-1.9	0.0	22.0	28.6	-59.4	0.0	-1.0	0.0	-1.0	0.0	-1.0	-1.0	0.0	0.0	-1.0	0.0	0.0
01:53:56 	172.0	245.7	247.4	240.3	251.1	246.2	248.0	239.0	226.6	234.3	239.8	243.8	224.1	252.0	253.8	252.4	250.6	240.5	239.8	-0.2	-0.1	-0.1	0.1	-0.1	-0.1	40.0	0.0	0.1	-0.2	253.8	224.1	-2.3	-5.7	243.6	238.9	192.5	192.4	191.9	184.2	113.4	172.0	3.6	0.0	182.9	182.9	40.0	0.0	20.2	20.2	-0.8	50.4	50.4	-1.7	0.0	22.0	29.7	-61.3	0.0	-1.0	0.0	-1.0	0.0	-1.0	-1.0	0.0	0.0	-1.0	0.0	0.0
01:54:57 	173.0	242.8	244.9	237.0	248.7	243.6	245.8	236.2	223.2	233.3	236.9	240.9	220.3	249.5	251.7	250.4	248.0	237.4	236.9	-0.2	-0.1	0.0	0.1	-0.1	-0.1	40.0	0.0	0.1	-0.2	251.7	220.3	-0.3	-4.3	240.8	236.0	188.8	188.7	188.2	180.9	113.3	173.0	4.6	0.0	177.9	177.8	40.0	0.0	15.5	15.5	-1.0	50.5	50.5	-1.6	0.0	22.0	31.3	-62.9	0.0	-1.0	0.0	-1.0	0.0	-1.0	-1.0	0.0	0.0	-1.0	0.0	0.0
01:55:57 	174.1	239.8	242.4	234.0	246.1	240.8	243.1	233.3	220.6	230.6	234.1	238.5	216.7	247.1	249.6	248.3	245.4	234.3	233.7	-0.2	0.0	0.0	0.1	-0.1	-0.1	40.1	0.0	0.1	-0.2	249.6	216.7	-2.2	-3.8	238.1	233.1	185.5	185.5	185.1	177.9	113.5	174.0	5.6	0.0	172.9	172.8	40.0	0.0	9.9	9.9	-1.3	48.6	48.6	-1.5	0.0	22.0	32.8	-64.1	0.0	-1.0	0.0	-1.0	0.0	-1.0	-1.0	0.0	0.0	-1.0	0.0	0.0
01:56:57 	175.1	236.9	239.5	231.1	243.8	237.8	240.8	230.0	217.3	227.3	231.4	235.3	213.3	244.8	247.3	245.8	242.8	231.2	230.6	-0.2	-0.2	0.0	0.0	-0.1	-0.2	40.0	0.0	0.0	-0.2	247.3	213.3	-2.2	-3.5	235.3	230.3	182.0	182.1	181.6	174.8	113.4	175.0	6.6	0.0	167.9	167.8	40.0	0.0	4.3	4.3	-1.5	50.7	50.7	-1.5	0.0	22.0	33.9	-65.3	0.0	-1.0	0.0	-1.0	0.0	-1.0	-1.0	0.0	0.0	-1.0	0.0	0.0
01:57:56 	176.0	234.1	236.9	228.4	241.4	235.2	238.2	227.3	214.5	224.2	228.7	232.3	210.0	242.3	245.2	243.6	240.2	228.0	227.4	-0.3	-0.2	-0.1	0.0	-0.1	-0.2	40.0	0.0	0.0	-0.3	245.2	210.0	-2.1	-3.5	232.6	227.6	179.1	179.0	178.5	172.2	113.3	176.0	7.6	0.0	162.9	162.9	40.0	0.0	0.0	0.0	0.0	50.7	50.7	-1.4	0.0	22.1	35.2	-66.1	0.0	-1.0	0.0	-1.0	0.0	-1.0	-1.0	0.0	0.0	-1.0	0.0	0.0
01:58:56 	177.0	231.1	234.3	225.5	238.8	232.5	235.6	224.2	211.6	227.1	226.0	229.3	206.5	239.9	242.7	241.1	237.4	224.9	224.5	-0.2	0.0	-0.1	0.0	-0.1	-0.2	40.0	0.0	0.0	-0.2	242.7	206.5	-2.3	-3.7	229.8	224.6	176.1	175.9	175.5	169.4	113.6	177.0	8.6	0.0	158.0	157.9	40.0	0.0	0.0	0.0	0.0	50.8	50.8	-1.4	0.0	22.1	36.2	-66.6	0.0	-1.0	0.0	-1.0	0.0	-1.0	-1.0	0.0	0.0	-1.0	0.0	0.0
01:59:56 	178.0	228.0	231.7	222.8	236.0	229.7	233.2	221.9	208.3	218.3	223.1	226.7	203.5	237.4	240.4	238.7	234.7	222.0	221.7	-0.3	-0.1	-0.1	0.0	-0.1	-0.1	39.9	0.0	0.0	-0.3	240.4	203.5	-2.2	-3.5	227.0	222.0	173.6	173.5	173.1	167.2	113.5	178.0	9.6	0.0	153.0	152.9	40.0	0.0	0.0	0.0	0.0	48.8	48.8	-1.3	0.0	22.1	36.9	-66.8	0.0	-1.0	0.0	-1.0	0.0	-1.0	-1.0	0.0	0.0	-1.0	0.0	0.0
02:00:57 	179.0	225.1	229.0	220.1	233.9	226.8	230.6	218.8	205.9	215.4	219.9	223.3	200.1	234.7	237.9	236.4	232.1	218.9	218.7	-0.2	-0.1	-0.1	0.1	-0.1	-0.1	40.1	0.0	0.1	-0.2	237.9	200.1	-2.3	-3.5	224.2	219.0	170.7	170.8	170.1	164.8	113.5	179.0	10.6	0.0	147.9	147.8	40.0	0.0	0.0	0.0	0.0	48.9	48.9	-1.3	0.0	22.1	37.8	-67.2	0.0	-1.0	0.0	-1.0	0.0	-1.0	-1.0	0.0	0.0	-1.0	0.0	0.0
02:01:57 	180.1	222.0	226.3	217.4	231.1	224.1	228.4	216.3	203.1	211.9	217.0	220.7	197.2	232.1	235.6	234.1	229.3	215.9	215.9	-0.2	-0.1	-0.1	0.1	-0.1	-0.1	40.0	0.0	0.1	-0.2	235.6	197.2	-2.3	-3.3	221.6	216.4	168.3	168.2	167.7	162.7	113.6	180.0	11.6	0.0	142.9	142.8	40.0	0.0	0.0	0.0	0.0	50.9	50.9	-1.3	0.0	22.1	38.5	-67.3	0.0	-1.0	0.0	-1.0	0.0	-1.0	-1.0	0.0	0.0	-1.0	0.0	0.0
02:02:56 	181.0	219.3	223.7	214.6	228.5	221.3	225.3	213.1	200.2	209.7	214.0	217.9	194.3	229.5	233.0	231.5	226.6	212.9	213.1	-0.3	-0.1	-0.1	0.0	-0.1	-0.1	40.1	0.0	0.0	-0.3	233.0	194.3	-2.2	-3.2	218.8	213.7	166.0	165.9	165.4	160.8	113.7	181.0	12.6	0.0	137.9	137.8	40.0	0.0	0.0	0.0	0.0	46.9	46.9	-1.2	0.0	22.1	38.7	-67.0	0.0	-1.0	0.0	-1.0	0.0	-1.0	-1.0	0.0	0.0	-1.0	0.0	0.0
02:03:56 	182.0	216.3	221.0	211.9	225.9	218.6	222.9	210.9	197.7	207.1	211.8	215.0	191.6	227.5	231.1	229.2	224.0	210.0	210.1	-0.3	-0.2	-0.1	0.0	-0.2	-0.1	40.1	0.0	0.0	-0.3	231.1	191.6	-2.1	-3.4	216.2	211.4	163.9	163.9	163.4	158.6	113.6	182.0	13.6	0.0	133.0	132.9	40.0	0.0	0.0	0.0	0.0	50.9	50.9	-1.2	0.0	22.2	39.5	-67.2	0.0	-1.0	0.0	-1.0	0.0	-1.0	-1.0	0.0	0.0	-1.0	0.0	0.0
02:04:56 	183.0	213.7	218.3	209.6	223.0	216.2	220.2	208.3	195.5	204.1	209.1	212.3	189.0	225.0	228.6	226.5	221.3	207.1	207.4	-0.2	0.0	0.0	0.0	-0.1	-0.2	40.1	0.0	0.0	-0.2	228.6	189.0	-2.4	-3.6	213.6	208.8	161.4	161.4	160.8	156.8	113.6	183.0	14.6	0.0	127.9	127.9	40.0	0.0	0.0	0.0	0.0	48.9	48.9	-1.2	0.0	22.2	39.6	-67.2	0.0	-1.0	0.0	-1.0	0.0	-1.0	-1.0	0.0	0.0	-1.0	0.0	0.0
02:05:56 	184.0	211.0	215.8	206.9	220.7	213.4	217.4	205.8	193.4	199.8	206.2	209.8	186.5	222.6	226.4	224.8	218.6	204.1	204.5	-0.3	-0.1	0.0	0.0	-0.1	-0.1	39.9	0.0	0.0	-0.3	226.4	186.5	-2.2	-3.2	211.1	206.4	159.1	159.0	158.4	154.9	114.0	184.0	15.6	0.0	122.9	122.8	40.0	0.0	0.0	0.0	0.0	49.0	49.0	-1.2	0.0	22.2	39.9	-67.3	0.0	-1.0	0.0	-1.0	0.0	-1.0	-1.0	0.0	0.0	-1.0	0.0	0.0
02:06:57 	185.1	208.1	213.3	204.2	217.8	210.7	215.0	203.2	190.7	198.2	204.0	207.3	184.0	220.0	224.0	222.0	215.9	201.4	201.8	-0.2	-0.1	0.0	0.0	-0.1	-0.1	40.0	0.0	0.0	-0.2	224.0	184.0	-2.3	-3.1	208.4	204.0	157.2	157.2	156.6	153.2	113.7	185.0	16.6	0.0	117.9	117.8	40.0	0.0	0.0	0.0	0.0	49.0	49.0	-1.2	0.0	22.2	40.0	-66.8	0.0	-1.0	0.0	-1.0	0.0	-1.0	-1.0	0.0	0.0	-1.0	0.0	0.0
02:07:56 	186.0	205.5	211.0	201.9	215.8	208.1	212.9	200.8	188.3	196.7	201.4	204.5	181.5	217.9	221.6	219.7	213.3	198.8	199.4	-0.4	-0.2	0.0	0.1	0.0	-0.1	40.0	0.0	0.1	-0.4	221.6	181.5	-2.2	-2.9	206.0	201.5	155.3	155.2	154.8	151.4	113.8	186.0	17.6	0.0	112.9	112.9	40.0	0.0	0.0	0.0	0.0	49.0	49.0	-1.2	0.0	22.2	40.1	-66.3	0.0	-1.0	0.0	-1.0	0.0	-1.0	-1.0	0.0	0.0	-1.0	0.0	0.0
02:08:56 	187.0	202.7	208.7	199.7	213.3	205.7	210.5	199.4	185.2	196.2	198.6	202.0	179.1	215.2	219.2	217.3	210.6	196.2	196.7	-0.3	-0.1	0.0	0.1	0.0	-0.1	40.1	0.0	0.1	-0.3	219.2	179.1	-2.2	-2.9	203.5	199.2	153.5	153.4	152.8	149.7	114.0	187.0	18.6	0.0	107.9	107.9	40.0	0.0	0.0	0.0	0.0	47.0	47.0	-1.2	0.0	22.3	40.2	-65.7	0.0	-1.0	0.0	-1.0	0.0	-1.0	-1.0	0.0	0.0	-1.0	0.0	0.0
02:09:57 	188.1	199.9	205.9	197.3	210.4	203.1	208.1	196.3	183.8	191.3	196.3	199.4	176.5	213.2	217.0	215.0	207.9	193.5	194.2	-0.3	-0.1	-0.1	0.0	-0.1	-0.2	40.0	0.0	0.0	-0.3	217.0	176.5	-2.2	-2.8	201.1	196.8	151.8	151.8	151.2	148.3	113.9	188.0	19.6	0.0	102.9	102.8	40.0	0.0	0.0	0.0	0.0	51.0	51.0	-1.2	0.0	22.3	40.6	-65.2	0.0	-1.0	0.0	-1.0	0.0	-1.0	-1.0	0.0	0.0	-1.0	0.0	0.0
02:10:57 	189.0	197.4	203.6	194.9	208.2	200.7	205.7	194.2	181.6	190.0	193.8	197.0	174.4	210.9	214.6	213.1	205.6	191.0	191.7	-0.3	-0.1	0.0	0.0	-0.1	-0.1	40.1	0.0	0.0	-0.3	214.6	174.4	-2.1	-2.7	198.7	194.5	149.9	149.9	149.3	146.6	114.0	189.0	20.6	0.0	97.9	97.8	40.0	0.0	0.0	0.0	0.0	51.0	51.0	-1.2	0.0	22.3	40.3	-64.7	0.0	-1.0	0.0	-1.0	0.0	-1.0	-1.0	0.0	0.0	-1.0	0.0	0.0
02:11:56 	190.0	195.1	201.3	192.7	205.8	198.3	203.4	191.8	179.5	187.4	191.5	194.5	172.2	208.5	212.4	210.9	203.2	188.8	189.4	-0.2	-0.1	0.0	0.0	-0.1	-0.1	40.1	0.0	0.0	-0.2	212.4	172.2	-1.8	-3.0	196.4	192.3	148.4	148.4	147.7	145.2	114.1	190.0	21.6	0.0	92.9	92.8	40.0	0.0	0.0	0.0	0.0	47.0	47.0	-1.2	0.0	22.3	40.3	-64.0	0.0	-1.0	0.0	-1.0	0.0	-1.0	-1.0	0.0	0.0	-1.0	0.0	0.0
02:12:56 	191.0	192.5	199.1	190.4	203.4	195.8	201.0	190.0	177.6	184.7	189.2	192.0	170.0	205.8	210.3	208.5	200.5	186.3	187.2	-0.2	-0.1	-0.1	0.0	-0.1	-0.1	40.1	0.0	0.0	-0.2	210.3	170.0	-2.1	-2.7	194.1	190.2	146.8	146.9	146.2	143.9	113.9	191.0	22.6	0.0	87.9	87.9	40.0	0.0	0.0	0.0	0.0	49.0	49.0	-1.2	0.0	22.3	40.3	-63.5	0.0	-1.0	0.0	-1.0	0.0	-1.0	-1.0	0.0	0.0	-1.0	0.0	0.0
02:13:56 	192.0	190.1	196.7	188.1	201.1	193.7	198.6	188.2	175.8	182.1	187.3	189.5	167.7	203.7	207.7	206.0	198.2	184.0	184.4	-0.2	-0.1	0.0	0.0	-0.1	-0.2	40.1	0.0	0.0	-0.2	207.7	167.7	-2.0	-2.6	191.8	187.7	145.2	145.2	144.7	142.6	114.0	192.0	23.6	0.0	82.9	82.8	40.0	0.0	0.0	0.0	0.0	51.0	51.0	-1.2	0.0	22.3	40.0	-62.5	0.0	-1.0	0.0	-1.0	0.0	-1.0	-1.0	0.0	0.0	-1.0	0.0	0.0
02:14:56 	193.0	187.5	194.5	186.1	198.9	191.3	196.3	185.4	173.2	180.4	184.7	187.3	165.9	202.0	205.9	204.0	195.8	181.6	182.7	-0.3	-0.1	-0.1	0.1	-0.1	-0.1	40.1	0.0	0.1	-0.3	205.9	165.9	-1.9	-2.7	189.6	185.9	143.8	143.8	143.1	141.4	114.2	193.0	24.6	0.0	80.0	80.0	40.0	0.0	0.0	0.0	0.0	49.0	49.0	-1.2	0.0	22.4	40.0	-62.1	0.0	-1.0	0.0	-1.0	0.0	-1.0	-1.0	0.0	0.0	-1.0	0.0	0.0
02:15:57 	194.1	185.2	191.9	183.8	196.6	189.0	194.3	183.0	170.9	178.0	182.5	184.9	164.0	199.5	203.8	201.7	193.3	179.4	180.0	-0.4	-0.1	-0.1	0.0	-0.1	-0.1	40.1	0.0	0.0	-0.4	203.8	164.0	-2.1	-3.2	187.3	183.9	142.4	142.3	141.8	140.0	114.2	194.0	25.6	0.0	80.0	80.0	40.0	0.0	0.0	0.0	0.0	47.0	47.0	-1.2	0.0	22.4	39.8	-61.4	0.0	-1.0	0.0	-1.0	0.0	-1.0	-1.0	0.0	0.0	-1.0	0.0	0.0
02:16:56 	195.0	183.1	189.7	181.7	194.3	186.8	192.2	181.2	169.7	175.6	180.5	183.0	162.3	197.6	201.7	199.8	191.0	177.1	178.1	-0.3	-0.1	0.0	0.1	-0.1	-0.2	40.1	0.0	0.1	-0.3	201.7	162.3	-1.2	-2.7	185.3	182.0	141.1	141.2	140.5	139.0	114.1	195.0	26.6	0.0	80.0	80.0	40.0	0.0	0.0	0.0	0.0	49.0	49.0	-1.2	0.0	22.4	39.4	-60.6	0.0	-1.0	0.0	-1.0	0.0	-1.0	-1.0	0.0	0.0	-1.0	0.0	0.0
02:17:56 	196.0	180.9	187.8	179.9	192.3	184.7	189.6	179.8	167.9	174.2	178.2	180.8	160.3	195.4	199.5	197.1	188.7	175.0	176.0	-0.2	-0.1	0.0	0.0	-0.1	-0.1	40.0	0.0	0.0	-0.2	199.5	160.3	-2.0	-3.1	183.2	179.9	139.8	140.0	139.2	137.7	114.0	196.0	27.6	0.0	80.0	80.0	40.0	0.0	0.0	0.0	0.0	51.0	51.0	-1.2	0.0	22.4	39.2	-59.7	0.0	-1.0	0.0	-1.0	0.0	-1.0	-1.0	0.0	0.0	-1.0	0.0	0.0
02:18:56 	197.0	178.7	186.0	177.8	189.9	182.5	188.1	177.2	165.9	172.1	176.5	178.8	158.8	193.8	197.6	195.4	186.6	173.4	173.9	-0.3	-0.1	-0.1	0.0	-0.1	-0.1	40.1	0.0	0.0	-0.3	197.6	158.8	-1.7	-2.6	181.2	178.2	138.5	138.5	137.9	136.6	114.2	197.0	28.6	0.0	80.0	80.0	40.0	0.0	0.0	0.0	0.0	49.0	49.0	-1.2	0.0	22.4	38.8	-59.1	0.0	-1.0	0.0	-1.0	0.0	-1.0	-1.0	0.0	0.0	-1.0	0.0	0.0
02:19:57 	198.1	176.6	183.4	175.7	187.8	180.7	185.7	175.4	164.0	169.4	174.3	176.8	157.0	191.7	195.8	193.2	184.4	171.1	171.9	-0.3	-0.2	0.0	0.0	-0.1	-0.1	40.0	0.0	0.0	-0.3	195.8	157.0	-1.7	-2.5	179.1	176.4	137.4	137.4	136.8	135.5	114.1	198.0	29.6	0.0	80.0	80.0	40.0	0.0	0.0	0.0	0.0	48.9	48.9	-1.2	0.0	22.5	38.8	-58.4	0.0	-1.0	0.0	-1.0	0.0	-1.0	-1.0	0.0	0.0	-1.0	0.0	0.0
02:20:56 	199.0	174.5	181.6	174.0	186.0	178.6	183.9	172.2	161.5	170.2	172.2	174.8	155.5	189.7	193.5	191.4	182.3	169.1	169.9	-0.3	-0.1	-0.1	0.1	-0.1	-0.1	40.0	0.0	0.1	-0.3	193.5	155.5	-0.6	-3.1	177.1	174.5	136.3	136.2	135.6	134.4	114.1	199.0	30.6	0.0	80.0	80.0	40.0	0.0	0.0	0.0	0.0	46.9	46.9	-1.2	0.0	22.5	38.0	-57.2	0.0	-1.0	0.0	-1.0	0.0	-1.0	-1.0	0.0	0.0	-1.0	0.0	0.0
02:21:56 	200.0	172.8	179.6	172.2	183.7	176.6	181.4	171.6	161.0	166.4	170.5	172.9	154.0	187.6	191.6	189.7	180.1	167.2	168.1	-0.3	-0.2	0.0	0.0	-0.1	-0.2	40.1	0.0	0.0	-0.3	191.6	154.0	-0.8	-3.7	175.3	172.8	135.0	135.0	134.3	133.6	114.5	200.0	31.6	0.0	80.0	80.0	40.0	0.0	0.0	0.0	0.0	48.9	48.9	-1.2	0.0	22.5	37.6	-56.6	0.0	-1.0	0.0	-1.0	0.0	-1.0	-1.0	0.0	0.0	-1.0	0.0	0.0
02:22:57 	201.1	170.6	177.6	170.5	181.7	174.6	179.6	169.7	159.4	164.1	168.3	171.3	152.5	185.9	189.6	187.4	177.9	165.7	166.1	-0.3	-0.1	0.0	0.0	-0.1	-0.1	40.1	0.0	0.0	-0.3	189.6	152.5	-1.6	-2.6	173.4	171.1	133.8	133.8	133.2	132.5	114.1	201.0	32.6	0.0	80.0	80.0	40.0	0.0	0.0	0.0	0.0	50.9	50.9	-1.3	0.0	22.5	37.1	-55.8	0.0	-1.0	0.0	-1.0	0.0	-1.0	-1.0	0.0	0.0	-1.0	0.0	0.0
02:23:56 	202.0	168.6	175.6	168.5	179.5	173.1	177.7	167.8	157.3	162.9	166.6	169.2	150.9	184.2	187.6	185.4	176.1	163.5	164.0	-0.2	-0.1	0.0	0.1	0.0	-0.1	39.9	0.0	0.1	-0.2	187.6	150.9	-1.6	-2.4	171.5	169.2	132.8	132.8	132.2	131.5	114.0	202.0	33.6	0.0	80.0	80.0	40.0	0.0	0.0	0.0	0.0	46.9	46.9	-1.3	0.0	22.5	36.7	-54.8	0.0	-1.0	0.0	-1.0	0.0	-1.0	-1.0	0.0	0.0	-1.0	0.0	0.0
02:24:56 	203.0	166.9	173.8	166.7	177.6	170.8	175.6	166.0	156.1	161.0	163.9	167.5	149.6	182.0	185.8	183.6	174.0	161.8	162.8	-0.3	-0.1	0.0	0.0	-0.1	-0.1	40.0	0.0	0.0	-0.3	185.8	149.6	-1.3	-2.1	169.7	167.7	131.7	131.7	131.1	130.6	114.1	203.0	34.6	0.0	80.0	80.0	40.0	0.0	0.0	0.0	0.0	48.9	48.9	-1.3	0.0	22.5	36.2	-54.1	0.0	-1.0	0.0	-1.0	0.0	-1.0	-1.0	0.0	0.0	-1.0	0.0	0.0
02:25:57 	204.1	164.8	172.1	164.7	175.8	168.9	173.7	164.5	154.8	159.6	163.1	165.7	148.1	180.4	183.8	181.7	172.3	160.0	161.1	-0.4	-0.1	0.0	0.0	0.0	-0.1	40.0	0.0	0.0	-0.4	183.8	148.1	-1.4	-2.2	168.0	165.9	130.9	130.8	130.2	129.8	114.3	204.0	35.6	0.0	80.0	80.0	40.0	0.0	0.0	0.0	0.0	50.9	50.9	-1.3	0.0	22.6	35.7	-52.9	0.0	-1.0	0.0	-1.0	0.0	-1.0	-1.0	0.0	0.0	-1.0	0.0	0.0
02:26:56 	205.0	163.3	170.4	163.1	174.0	167.2	172.1	163.0	153.4	157.2	161.3	164.0	146.9	178.4	181.7	179.5	170.2	158.8	159.2	-0.3	-0.2	0.0	0.1	-0.1	-0.1	40.0	0.0	0.1	-0.3	181.7	146.9	-1.2	-2.2	166.3	164.3	129.8	129.9	129.2	129.0	114.2	205.0	36.6	0.0	80.0	80.0	40.0	0.0	0.0	0.0	0.0	50.8	50.8	-1.3	0.0	22.6	34.8	-51.9	0.0	-1.0	0.0	-1.0	0.0	-1.0	-1.0	0.0	0.0	-1.0	0.0	0.0
02:27:57 	206.1	161.5	168.3	161.5	172.1	165.6	170.2	161.3	151.8	155.9	159.9	162.5	145.4	176.6	180.1	178.1	168.4	156.9	157.8	-0.2	-0.1	0.0	0.0	-0.1	-0.1	40.0	0.0	0.0	-0.2	180.1	145.4	-1.5	-2.1	164.1	162.7	128.9	128.9	128.3	128.1	114.3	206.0	37.6	0.0	80.0	80.0	40.0	0.0	0.0	0.0	0.0	46.8	46.8	-1.3	0.0	22.6	34.7	-51.2	0.0	-1.0	0.0	-1.0	0.0	-1.0	-1.0	0.0	0.0	-1.0	0.0	0.0
02:28:56 	207.0	159.7	166.7	160.1	170.3	164.0	168.5	160.0	150.5	153.7	158.3	160.9	144.2	174.6	178.6	176.3	166.8	155.3	156.1	-0.2	-0.1	0.0	0.1	-0.1	-0.1	40.1	0.0	0.1	-0.2	178.6	144.2	-1.0	-2.2	162.5	161.4	128.1	128.1	127.5	127.3	114.0	207.0	38.6	0.0	80.0	80.0	40.0	0.0	0.0	0.0	0.0	46.8	46.8	-1.4	0.0	22.6	34.3	-50.5	0.0	-1.0	0.0	-1.0	0.0	-1.0	-1.0	0.0	0.0	-1.0	0.0	0.0
02:29:56 	208.0	158.1	165.0	158.5	168.5	162.3	166.6	158.1	149.2	153.2	156.7	159.1	143.1	173.3	176.7	174.5	165.0	153.9	154.5	-0.4	-0.2	-0.1	0.0	-0.1	-0.2	40.1	0.0	0.0	-0.4	176.7	143.1	-1.0	-4.5	160.9	159.9	127.3	127.3	126.6	126.6	114.1	208.0	39.6	0.0	80.0	80.0	40.0	0.0	0.0	0.0	0.0	48.8	48.8	-1.4	0.0	22.6	33.5	-49.4	0.0	-1.0	0.0	-1.0	0.0	-1.0	-1.0	0.0	0.0	-1.0	0.0	0.0
02:30:56 	209.0	156.7	163.3	157.1	166.9	161.2	165.2	157.0	148.3	150.7	155.4	156.6	142.0	171.5	175.1	172.6	163.0	152.4	153.0	-0.2	-0.1	-0.1	0.0	-0.1	-0.1	39.9	0.0	0.0	-0.2	175.1	142.0	1.2	-1.9	159.3	158.6	126.4	126.4	125.8	125.8	114.6	209.0	40.6	0.0	80.0	80.0	40.0	0.0	0.0	0.0	0.0	48.8	48.8	-1.4	0.0	22.6	33.0	-48.7	0.0	-1.0	0.0	-1.0	0.0	-1.0	-1.0	0.0	0.0	-1.0	0.0	0.0
02:31:56 	210.0	155.1	161.8	155.5	165.4	159.4	163.5	155.2	146.3	150.3	153.7	156.2	140.7	170.0	173.3	171.0	161.4	151.0	151.6	-0.2	-0.1	-0.1	0.1	-0.1	0.0	40.0	0.0	0.1	-0.2	173.3	140.7	-1.1	-1.9	157.9	157.0	125.6	125.6	125.0	125.1	114.4	210.0	41.6	0.0	80.0	80.0	40.0	0.0	0.0	0.0	0.0	50.8	50.8	-1.4	0.0	22.7	32.5	-47.7	0.0	-1.0	0.0	-1.0	0.0	-1.0	-1.0	0.0	0.0	-1.0	0.0	0.0
02:32:56 	211.0	153.4	160.2	154.2	163.7	157.9	162.1	154.0	145.3	149.2	152.3	154.7	139.5	168.5	171.7	169.4	159.8	149.5	150.4	-0.3	0.0	0.0	0.0	0.0	-0.2	40.0	0.0	0.0	-0.3	171.7	139.5	-1.1	-1.8	156.4	155.6	124.8	124.8	124.1	124.4	114.0	211.0	42.6	0.0	80.0	80.0	40.0	0.0	0.0	0.0	0.0	48.8	48.8	-1.4	0.0	22.7	32.1	-46.9	0.0	-1.0	0.0	-1.0	0.0	-1.0	-1.0	0.0	0.0	-1.0	0.0	0.0
02:33:56 	212.0	152.0	158.7	153.0	162.0	156.5	160.3	152.5	144.1	147.9	150.8	153.1	138.3	166.5	169.8	167.8	158.3	148.1	148.9	-0.2	0.0	-0.1	0.1	-0.1	-0.1	40.0	0.0	0.1	-0.2	169.8	138.3	-0.9	-2.0	154.9	154.1	123.9	123.9	123.3	123.8	114.2	212.0	43.6	0.0	80.0	80.0	40.0	0.0	0.0	0.0	0.0	48.8	48.8	-1.4	0.0	22.7	31.5	-45.9	0.0	-1.0	0.0	-1.0	0.0	-1.0	-1.0	0.0	0.0	-1.0	0.0	0.0
02:34:56 	213.0	150.6	157.2	151.8	160.8	155.0	159.0	151.1	143.1	146.7	149.6	151.6	137.3	165.3	168.4	166.2	156.7	146.9	147.7	-0.4	-0.2	0.0	0.1	0.0	-0.1	40.0	0.0	0.1	-0.4	168.4	137.3	-1.0	-1.7	153.6	152.9	123.4	123.4	122.7	123.0	114.5	213.0	44.6	0.0	80.0	80.0	40.0	0.0	0.0	0.0	0.0	46.8	46.8	-1.4	0.0	22.7	31.1	-45.0	0.0	-1.0	0.0	-1.0	0.0	-1.0	-1.0	0.0	0.0	-1.0	0.0	0.0
02:35:56 	214.0	149.4	155.9	150.3	159.2	153.7	157.3	149.9	142.0	144.4	148.4	150.2	136.3	163.8	166.8	164.7	155.3	145.5	146.3	-0.2	-0.1	0.0	0.1	-0.1	-0.1	39.9	0.0	0.1	-0.2	166.8	136.3	-1.1	-2.0	152.2	151.6	122.6	122.7	122.0	122.6	114.1	214.0	45.6	0.0	80.0	80.0	40.0	0.0	0.0	0.0	0.0	48.8	48.8	-1.4	0.0	22.7	30.5	-44.2	0.0	-1.0	0.0	-1.0	0.0	-1.0	-1.0	0.0	0.0	-1.0	0.0	0.0
02:36:56 	215.0	148.0	154.6	149.1	157.8	152.2	156.1	148.6	140.7	143.8	146.9	149.1	135.4	162.5	165.3	163.1	153.9	144.3	145.0	-0.3	-0.1	0.0	0.0	-0.1	-0.2	40.0	0.0	0.0	-0.3	165.3	135.4	-0.6	-1.6	150.9	150.4	121.9	121.9	121.3	122.0	114.3	215.0	46.6	0.0	80.0	80.0	40.0	0.0	0.0	0.0	0.0	48.8	48.8	-1.4	0.0	22.8	29.9	-43.4	0.0	-1.0	0.0	-1.0	0.0	-1.0	-1.0	0.0	0.0	-1.0	0.0	0.0
02:37:56 	216.0	146.8	153.0	147.6	156.3	150.9	154.6	147.3	140.0	143.1	145.6	147.5	134.4	160.9	163.8	161.7	152.3	143.2	143.8	-0.2	0.0	-0.1	0.0	-0.2	-0.2	40.0	0.0	0.0	-0.2	163.8	134.4	-0.7	-1.8	149.6	149.1	121.4	121.4	120.8	121.3	114.4	216.0	47.6	0.0	80.0	80.0	40.0	0.0	0.0	0.0	0.0	48.7	48.7	-1.4	0.0	22.8	29.4	-42.4	0.0	-1.0	0.0	-1.0	0.0	-1.0	-1.0	0.0	0.0	-1.0	0.0	0.0
02:38:56 	217.0	145.2	151.7	146.5	154.8	149.8	153.3	146.7	139.2	140.9	144.3	145.6	133.5	159.4	162.4	160.3	150.9	141.9	142.6	-0.2	-0.1	-0.1	0.0	-0.2	-0.1	39.9	0.0	0.0	-0.2	162.4	133.5	-0.9	-1.7	148.3	148.0	120.7	120.7	120.0	120.8	114.1	217.0	48.6	0.0	80.0	80.0	40.0	0.0	0.0	0.0	0.0	46.8	46.8	-1.4	0.0	22.8	28.9	-41.7	0.0	-1.0	0.0	-1.0	0.0	-1.0	-1.0	0.0	0.0	-1.0	0.0	0.0
02:39:56 	218.0	144.2	150.2	145.1	153.3	148.2	152.0	144.9	137.7	141.9	143.2	145.1	132.5	158.1	161.0	158.7	149.6	140.8	141.5	-0.2	-0.1	0.0	0.1	-0.1	-0.1	40.1	0.0	0.1	-0.2	161.0	132.5	-1.1	-1.6	147.1	146.8	120.2	120.2	119.5	120.3	114.2	218.0	49.6	0.0	80.0	80.0	40.0	0.0	0.0	0.0	0.0	50.7	50.7	-1.4	0.0	22.8	28.5	-40.8	0.0	-1.0	0.0	-1.0	0.0	-1.0	-1.0	0.0	0.0	-1.0	0.0	0.0
02:40:57 	219.1	142.7	148.8	144.2	152.0	147.1	150.6	143.6	136.5	140.1	142.1	143.9	131.8	156.7	159.7	157.6	148.3	139.6	140.4	-0.2	-0.1	0.0	0.0	-0.1	-0.1	40.0	0.0	0.0	-0.2	159.7	131.8	-0.8	-1.6	145.9	145.8	119.5	119.5	118.9	119.6	114.3	219.0	50.6	0.0	80.0	80.0	40.0	0.0	0.0	0.0	0.0	46.7	46.7	-1.4	0.0	22.8	27.9	-40.2	0.0	-1.0	0.0	-1.0	0.0	-1.0	-1.0	0.0	0.0	-1.0	0.0	0.0
02:41:56 	220.0	141.6	147.6	142.9	150.4	145.8	149.5	142.5	135.7	138.9	140.8	142.6	131.0	155.3	158.2	156.1	147.1	138.6	139.2	-0.3	-0.2	0.0	0.1	-0.1	0.0	40.0	0.0	0.1	-0.3	158.2	131.0	-0.9	-1.8	144.7	144.6	118.9	119.0	118.3	119.3	114.3	220.0	51.6	0.0	80.0	80.0	40.0	0.0	0.0	0.0	0.0	48.7	48.7	-1.4	0.0	22.8	27.2	-39.3	0.0	-1.0	0.0	-1.0	0.0	-1.0	-1.0	0.0	0.0	-1.0	0.0	0.0
02:42:56 	221.0	140.1	146.4	141.3	149.5	144.5	147.9	141.6	134.8	138.0	140.0	141.4	130.0	154.2	157.0	155.0	145.8	137.7	138.3	-0.2	-0.1	0.0	0.0	-0.1	-0.2	40.0	0.0	0.0	-0.2	157.0	130.0	-0.8	-1.4	143.5	143.5	118.3	118.3	117.7	118.7	114.3	221.0	52.6	0.0	80.0	80.0	40.0	0.0	0.0	0.0	0.0	46.7	46.7	-1.4	0.0	22.9	27.0	-38.7	0.0	-1.0	0.0	-1.0	0.0	-1.0	-1.0	0.0	0.0	-1.0	0.0	0.0
02:43:57 	222.1	139.3	145.0	140.5	148.3	143.4	146.8	140.4	134.0	136.9	138.7	140.4	129.1	152.8	155.6	153.6	144.7	136.5	137.4	-0.2	-0.1	0.0	0.0	-0.1	-0.1	40.1	0.0	0.0	-0.2	155.6	129.1	-0.6	-1.5	142.4	142.3	117.9	117.9	117.2	118.3	114.3	222.0	53.6	0.0	80.0	80.0	40.0	0.0	0.0	0.0	0.0	48.7	48.7	-1.5	0.0	22.9	26.5	-37.7	0.0	-1.0	0.0	-1.0	0.0	-1.0	-1.0	0.0	0.0	-1.0	0.0	0.0
02:44:56 	223.0	138.1	144.2	139.6	146.9	142.2	145.7	135.6	134.1	134.2	137.7	138.6	128.5	151.7	154.4	152.2	143.3	135.8	136.4	-0.2	-0.1	-0.1	0.0	-0.1	-0.1	40.1	0.0	0.0	-0.2	154.4	128.5	-0.6	-2.9	141.1	141.4	117.3	117.3	116.5	117.6	114.3	223.0	54.6	0.0	80.0	80.0	40.0	0.0	0.0	0.0	0.0	48.7	48.7	-1.5	0.0	22.9	25.9	-37.1	0.0	-1.0	0.0	-1.0	0.0	-1.0	-1.0	0.0	0.0	-1.0	0.0	0.0
02:45:57 	224.0	137.4	142.8	138.2	145.7	141.3	144.6	138.6	132.3	135.9	136.3	138.3	128.0	150.6	153.2	150.9	142.2	134.7	135.3	-0.2	-0.1	-0.1	0.0	-0.1	-0.1	40.0	0.0	0.0	-0.2	153.2	128.0	-0.8	-1.7	140.3	140.6	116.8	116.8	116.2	117.2	114.2	224.0	55.6	0.0	80.0	80.0	40.0	0.0	0.0	0.0	0.0	46.7	46.7	-1.5	0.0	22.9	25.2	-36.4	0.0	-1.0	0.0	-1.0	0.0	-1.0	-1.0	0.0	0.0	-1.0	0.0	0.0
02:46:57 	225.1	136.4	142.1	137.6	144.8	140.4	143.4	137.0	131.6	133.7	135.8	137.1	127.0	149.2	152.0	149.6	141.0	133.7	134.4	-0.3	-0.1	0.0	0.0	-0.1	-0.2	40.1	0.0	0.0	-0.3	152.0	127.0	-0.6	-1.5	139.3	139.5	116.3	116.3	115.7	116.8	114.1	225.0	56.6	0.0	80.0	80.0	40.0	0.0	0.0	0.0	0.0	48.7	48.7	-1.5	0.0	22.9	25.0	-35.7	0.0	-1.0	0.0	-1.0	0.0	-1.0	-1.0	0.0	0.0	-1.0	0.0	0.0
02:47:57 	226.1	135.5	140.8	136.8	143.7	139.6	142.5	136.4	130.7	132.4	134.8	136.3	126.4	148.1	150.9	148.5	140.0	132.8	133.6	-0.3	-0.1	0.0	0.0	-0.1	-0.1	40.0	0.0	0.0	-0.3	150.9	126.4	-0.8	-1.5	138.3	138.6	115.9	115.9	115.2	116.4	114.4	226.0	57.6	0.0	80.0	80.0	40.0	0.0	0.0	0.0	0.0	50.7	50.7	-1.5	0.0	23.0	24.5	-35.0	0.0	-1.0	0.0	-1.0	0.0	-1.0	-1.0	0.0	0.0	-1.0	0.0	0.0
02:48:56 	227.0	134.6	139.8	135.8	142.5	138.5	141.2	135.8	130.1	130.8	133.8	135.3	125.9	146.9	149.6	146.3	138.9	132.0	132.5	-0.2	-0.1	0.0	0.1	-0.1	0.0	40.0	0.0	0.1	-0.2	149.6	125.9	-0.1	-1.5	137.2	137.7	115.4	115.4	114.7	116.0	114.4	227.0	58.6	0.0	80.0	80.0	40.0	0.0	0.0	0.0	0.0	46.7	46.7	-1.5	0.0	23.0	23.7	-34.2	0.0	-1.0	0.0	-1.0	0.0	-1.0	-1.0	0.0	0.0	-1.0	0.0	0.0
02:49:56 	228.0	133.4	138.9	134.9	141.4	137.7	140.3	134.3	129.3	131.8	132.8	134.2	125.1	145.8	148.4	146.0	137.8	131.1	131.9	-0.2	-0.1	0.0	0.0	-0.1	-0.2	39.9	0.0	0.0	-0.2	148.4	125.1	-0.6	-1.4	136.4	136.7	114.9	114.9	114.3	115.6	114.4	228.0	59.6	0.0	80.0	80.0	40.0	0.0	0.0	0.0	0.0	48.6	48.6	-1.5	0.0	23.0	23.3	-33.5	0.0	-1.0	0.0	-1.0	0.0	-1.0	-1.0	0.0	0.0	-1.0	0.0	0.0
02:50:16 	228.4	133.2	138.5	134.5	141.2	137.3	139.8	133.8	128.6	132.6	132.6	134.0	124.9	145.6	148.0	146.0	137.6	130.9	131.6	-0.2	-0.1	-0.1	0.0	-0.1	-0.2	40.1	0.0	0.0	-0.2	148.0	124.9	0.1	-1.3	136.2	136.4	114.7	114.8	114.2	115.6	114.4	228.3	59.9	0.0	80.0	80.0	40.0	0.0	0.0	0.0	0.0	48.7	48.7	-1.5	0.0	23.0	23.1	-33.3	0.0	-1.0	0.0	-1.0	0.0	-1.0	-1.0	0.0	0.0	-1.0	0.0	0.0
02:50:56 	229.0	132.4	137.7	134.0	140.2	136.5	138.9	133.6	128.0	130.6	132.1	133.5	123.8	144.6	147.3	145.0	136.7	129.9	130.5	-0.3	-0.2	0.0	0.0	-0.1	-0.1	35.8	0.0	0.0	-0.3	147.3	123.8	-0.7	-1.3	135.3	135.5	111.5	111.3	110.7	110.2	113.2	229.0	0.6	0.0	80.0	80.0	33.6	0.0	0.0	0.0	0.0	0.2	0.2	-3.8	0.0	23.0	23.5	-35.8	0.0	-1.0	0.0	-1.0	0.0	-1.0	-1.0	0.0	0.0	-1.0	0.0	0.0
02:51:56 	230.0	131.2	136.2	132.5	138.8	135.0	137.6	132.3	125.5	128.8	130.2	131.9	121.2	143.1	145.9	143.7	135.4	128.5	128.8	-0.3	-0.1	0.0	0.1	0.0	-0.2	26.6	0.0	0.1	-0.3	145.9	121.2	-1.3	-2.8	133.7	133.5	105.8	105.8	105.0	104.3	112.4	230.0	1.6	0.0	80.0	80.0	23.6	0.0	0.0	0.0	0.0	0.0	0.0	0.0	0.0	23.0	24.7	-40.1	0.0	-1.0	0.0	-1.0	0.0	-1.0	-1.0	0.0	0.0	-1.0	0.0	0.0
02:52:57 	231.0	130.0	135.2	130.9	137.8	134.1	136.7	130.9	124.0	127.8	129.0	130.8	119.6	142.3	144.6	142.5	134.3	127.2	127.6	-0.3	-0.1	0.0	0.0	-0.1	-0.1	19.1	0.0	0.0	-0.3	144.6	119.6	-0.9	-2.0	132.5	132.1	102.9	103.0	102.1	101.5	112.1	231.0	2.7	0.0	80.0	80.0	13.4	0.0	0.0	0.0	0.0	0.0	0.0	0.0	0.0	23.0	25.1	-41.7	0.0	-1.0	0.0	-1.0	0.0	-1.0	-1.0	0.0	0.0	-1.0	0.0	0.0
02:53:56 	232.0	129.1	134.3	129.6	136.9	132.9	135.8	129.8	123.3	126.6	128.0	129.7	118.3	141.5	143.8	141.5	133.3	126.3	126.5	-0.2	0.0	0.0	0.0	0.0	-0.2	13.1	0.0	0.0	-0.2	143.8	118.3	-0.9	-1.4	131.5	131.1	101.1	101.1	100.4	99.7	111.6	232.0	3.6	0.0	80.0	80.0	3.6	0.0	0.0	0.0	0.0	0.0	0.0	0.0	0.0	23.0	25.5	-42.7	0.0	-1.0	0.0	-1.0	0.0	-1.0	-1.0	0.0	0.0	-1.0	0.0	0.0
02:54:56 	233.0	128.1	133.3	128.8	136.2	131.9	134.9	127.0	123.4	126.1	127.3	128.8	117.4	140.5	142.9	140.3	132.5	125.3	125.8	-0.2	-0.1	0.0	0.0	-0.1	-0.2	7.6	0.0	0.0	-0.2	142.9	117.4	-0.7	-1.1	130.6	130.2	99.3	99.2	98.5	97.3	111.2	233.0	4.6	0.0	80.0	80.0	0.0	0.0	0.0	0.0	0.0	0.0	0.0	0.0	0.0	23.1	25.5	-43.6	0.0	-1.0	0.0	-1.0	0.0	-1.0	-1.0	0.0	0.0	-1.0	0.0	0.0
02:55:56 	234.0	127.3	132.6	128.2	135.6	131.5	130.2	128.3	122.7	123.4	126.6	127.8	117.0	139.4	142.3	139.8	131.7	124.6	124.8	-0.3	-0.2	-0.1	0.0	-0.1	-0.1	3.5	0.0	0.0	-0.3	142.3	117.0	0.3	-5.8	129.7	129.7	98.6	98.6	97.8	96.9	111.0	234.0	5.7	0.0	80.0	80.0	0.0	0.0	0.0	0.0	0.0	0.0	0.0	0.0	0.0	23.1	25.3	-43.7	0.0	-1.0	0.0	-1.0	0.0	-1.0	-1.0	0.0	0.0	-1.0	0.0	0.0
02:56:50 	234.9	126.5	131.8	127.6	135.0	130.7	133.9	128.0	122.6	125.0	126.2	127.4	116.9	138.9	141.7	139.2	131.2	124.1	124.7	-0.3	-0.2	-0.1	-0.1	-0.3	-0.3	1.0	0.0	-0.1	-0.3	141.7	116.9	-0.2	-0.8	129.5	129.3	98.7	98.7	98.0	97.4	111.1	234.9	6.5	0.0	80.0	80.0	0.0	0.0	0.0	0.0	0.0	28.1	28.1	0.0	0.0	23.1	24.8	-43.0	0.0	-1.0	0.0	-1.0	0.0	-1.0	-1.0	0.0	0.0	-1.0	0.0	0.0
