Filename:	AC(7X15)_20160617-004.DAT
LoadNumber:	5452
Filepath:	C:\ASC DATA
Equipment:	Autoclave, 7x15
Run Recipe:	Recipes\AIDC\BELL\G15   BELL 270F 40P
Run Date:	Saturday, June 18, 2016
Run Time:	02:00:42
File Length:	174004
OperatorName:	OPERATOR

PART INFORMATION

PART INDEX #1
Part Number:	209-032-859-001
Serial Number:	22650313
Part Name:	
Part TCs:	PTC2	PTC5	PTC4	
Part Probes:	VPRB2	
Other Sensors:	

PART INDEX #2
Part Number:	412-030-330-117A
Serial Number:	22658834
Part Name:	
Part TCs:	PTC6	PTC7	PTC9	
Part Probes:	VPRB3	
Other Sensors:	

PART INDEX #3
Part Number:	212-030-188-002S
Serial Number:	22671123
Part Name:	
Part TCs:	PTC10	PTC11	PTC12	
Part Probes:	VPRB4	
Other Sensors:	

PART INDEX #4
Part Number:	205-031-258-005B
Serial Number:	22664165
Part Name:	
Part TCs:	PTC13	PTC14	PTC15	
Part Probes:	VPRB7	
Other Sensors:	

PART INDEX #5
Part Number:	412-030-373-101A
Serial Number:	22664169
Part Name:	
Part TCs:	PTC16	PTC18	PTC20	
Part Probes:	VPRB8	
Other Sensors:	

Time	Elapsed	PTC2	PTC4	PTC5	PTC6	PTC7	PTC9	PTC10	PTC11	PTC12	PTC13	PTC14	PTC15	PTC16	PTC18	PTC20	VPRB2	VPRB3	VPRB4	VPRB7	VPRB8	PRESS	SVAC	HIPRB	LOPRB	HITC	LOTC	HIRATE	LORATE	AVGTC	MEAN	AIRTC	AIRTC1	AIRTC2	HILIMTC	CAPSTC	RUNTIME	SEGTIME	SEGTIMELEFT	TSET_AIR	TSET_PART	PSET	TEMPOUT	TEMPINT	PRESSOUT	COOLIP	SCROUT	PRESSIP	PRESSINT	SPREAD	AIRPARTDELTA	CAPSFLOW	SILENCE	BARLOCK	HIPSI	FANON	HYDON	FANSTARTSTOPPB	HYDPMPSTARTSTOPPB	COOLCNTRLONOFFSW	PRESSCNTRLONOFFSW	PRESSDUMPSW	PCMANUALSW	HILIMIT	BLWRMTRHILIMIT	MANINSIDE
HH:MM:SS	Mins	Deg.F	Deg.F	Deg.F	Deg.F	Deg.F	Deg.F	Deg.F	Deg.F	Deg.F	Deg.F	Deg.F	Deg.F	Deg.F	Deg.F	Deg.F	"Hg	"Hg	"Hg	"Hg	"Hg	Psig	"Hg			Deg.F	Deg.F	Deg.F	Deg.F	Deg.F	Deg.F	Deg.F	Deg.F	Deg.F	Deg.F	Deg.F	Mins	Mins	Mins	Deg.F	Deg.F	Psig				%	%	%	%	Deg.F	Deg.F															
22:45:43	0.0	78.5	79.4	78.5	77.6	78.5	78.3	77.0	76.7	77.1	78.7	78.4	77.9	78.1	78.4	79.3	-27.9	-28.0	-27.9	-27.9	-27.7	-0.4	-28.0	-27.7	-28.0	79.4	76.7	0.2	0.0	78.2	78.1	86.6	86.7	85.9	103.9	100.8	492.1	0.0	0.0	70.0	70.0	0.0	0.0	0.0	50.0	0.0	0.0	.Autoclave.Outputs.PRESSIP\OutputValue	8.0	2.7	7.2	-1.0	0.0	-1.0	-1.0	0.0	0.0	0.0	0.0	-1.0	-1.0	-1.0	0.0	0.0	-1.0	0.0
22:45:45	0.0	78.5	79.4	78.5	77.6	78.5	78.3	77.0	76.7	77.1	78.7	78.4	77.9	78.1	78.4	79.3	-27.9	-28.0	-27.9	-27.9	-27.7	-0.4	-28.0	-27.7	-28.0	79.4	76.7	0.2	0.0	78.2	78.1	86.6	86.7	85.9	103.9	100.8	492.1	0.0	0.0	70.0	70.0	0.0	0.0	0.0	50.0	0.0	0.0	.Autoclave.Outputs.PRESSIP\OutputValue	8.0	2.7	7.2	-1.0	0.0	-1.0	-1.0	0.0	0.0	0.0	0.0	-1.0	-1.0	-1.0	0.0	0.0	-1.0	0.0
22:45:46	0.1	78.5	79.4	78.5	77.6	78.5	78.3	77.0	76.7	77.1	78.7	78.4	77.9	78.1	78.4	79.3	-27.9	-28.0	-27.9	-27.9	-27.7	-0.4	-28.0	-27.7	-28.0	79.4	76.7	0.2	0.0	78.2	78.1	86.7	86.7	85.9	103.9	100.8	492.1	0.0	0.0	70.0	70.0	0.0	0.0	0.0	50.0	0.0	0.0	.Autoclave.Outputs.PRESSIP\OutputValue	8.0	2.7	7.2	-1.0	0.0	-1.0	-1.0	0.0	0.0	0.0	0.0	-1.0	-1.0	-1.0	0.0	0.0	-1.0	0.0
22:45:46	0.1	78.5	79.4	78.5	77.6	78.5	78.3	77.0	76.7	77.1	78.7	78.4	77.9	78.1	78.4	79.3	-27.9	-28.0	-27.9	-27.9	-27.7	-0.4	-28.0	-27.7	-28.0	79.4	76.7	0.2	0.0	78.2	78.1	86.7	86.7	85.9	103.9	100.8	492.1	0.0	0.0	70.0	70.0	0.0	0.0	0.0	50.0	0.0	0.0	.Autoclave.Outputs.PRESSIP\OutputValue	8.0	2.7	7.3	-1.0	0.0	-1.0	-1.0	0.0	0.0	0.0	0.0	-1.0	-1.0	-1.0	0.0	0.0	-1.0	0.0
22:46:46	1.1	79.3	80.9	79.7	78.3	79.2	79.0	77.7	77.4	77.6	79.7	79.1	78.4	78.6	79.1	80.0	-27.9	-28.0	-27.9	-27.9	-27.8	1.2	-28.0	-27.8	-28.0	80.9	77.4	1.4	0.4	78.9	79.2	90.3	90.3	89.6	95.1	97.8	1.0	1.0	0.0	86.8	83.9	1.5	24.9	-0.2	60.8	-1.0	0.0	.Autoclave.Outputs.PRESSIP\OutputValue	8.0	3.5	9.4	-1.0	0.0	-1.0	-1.0	-1.0	0.0	0.0	0.0	-1.0	-1.0	0.0	0.0	0.0	-1.0	0.0
22:47:46	2.1	79.8	82.1	80.8	78.9	79.5	79.5	78.5	78.1	77.9	80.5	79.8	78.9	79.0	79.9	80.9	-27.9	-28.0	-27.9	-27.9	-27.7	2.1	-28.0	-27.7	-28.0	82.1	77.9	1.1	0.4	79.6	80.0	92.1	92.2	91.4	102.4	97.5	2.0	2.0	0.0	94.8	88.4	3.0	65.1	-0.2	67.4	0.0	30.1	.Autoclave.Outputs.PRESSIP\OutputValue	8.0	4.2	10.0	-1.0	0.0	-1.0	-1.0	-1.0	0.0	0.0	0.0	-1.0	-1.0	0.0	0.0	0.0	-1.0	0.0
22:48:46	3.1	81.0	84.3	82.6	79.8	80.5	80.6	79.5	79.0	78.7	81.8	81.0	79.8	79.9	80.8	81.9	-27.9	-28.0	-27.9	-27.9	-27.7	3.6	-28.1	-27.7	-28.0	84.3	78.7	2.2	0.7	80.8	81.5	99.4	99.4	98.8	110.2	97.6	3.0	3.0	0.0	101.4	92.9	4.5	61.1	0.0	67.1	0.0	22.1	.Autoclave.Outputs.PRESSIP\OutputValue	8.0	5.6	15.1	-1.0	0.0	-1.0	-1.0	-1.0	0.0	0.0	0.0	-1.0	-1.0	0.0	0.0	0.0	-1.0	0.0
22:49:46	4.1	82.2	86.9	84.7	80.9	81.5	81.8	81.0	80.0	79.6	83.3	82.1	80.7	80.7	82.2	83.5	-27.9	-28.2	-27.9	-27.9	-27.7	5.3	-28.1	-27.7	-28.2	86.9	79.6	2.7	0.8	82.1	83.3	105.8	105.9	105.3	117.2	97.7	4.0	4.0	0.0	107.9	97.4	6.0	61.7	0.2	65.3	0.0	23.4	.Autoclave.Outputs.PRESSIP\OutputValue	8.0	7.3	18.9	-1.0	0.0	-1.0	-1.0	-1.0	0.0	0.0	0.0	-1.0	-1.0	0.0	0.0	0.0	-1.0	0.0
22:50:46	5.1	83.7	89.8	87.1	82.2	82.7	82.9	82.6	81.2	80.6	84.9	83.5	82.0	81.8	83.5	85.1	-27.8	-28.0	-27.9	-27.9	-27.8	7.0	-28.1	-27.8	-28.0	89.8	80.6	2.8	1.0	83.6	85.2	112.1	112.1	111.5	123.8	97.9	5.0	5.0	0.0	114.0	101.9	7.5	61.4	0.4	63.4	0.0	22.9	.Autoclave.Outputs.PRESSIP\OutputValue	8.0	9.2	22.3	-1.0	0.0	-1.0	-1.0	-1.0	0.0	0.0	0.0	-1.0	-1.0	0.0	0.0	0.0	-1.0	0.0
22:51:46	6.0	85.5	92.9	89.9	83.7	83.8	84.3	84.5	82.4	81.5	87.2	85.1	83.4	82.9	85.2	87.0	-27.8	-28.0	-27.9	-27.8	-27.7	8.1	-28.1	-27.7	-28.0	92.9	81.5	3.1	0.9	85.3	87.2	117.5	117.6	117.0	129.5	98.1	6.0	6.0	0.0	119.7	106.4	9.0	63.6	0.6	66.7	0.0	27.2	.Autoclave.Outputs.PRESSIP\OutputValue	8.0	11.4	24.6	-1.0	0.0	-1.0	-1.0	-1.0	0.0	0.0	0.0	-1.0	-1.0	0.0	0.0	0.0	-1.0	0.0
22:52:46	7.1	87.4	96.5	92.8	85.4	85.6	86.0	86.8	84.2	83.0	89.3	86.9	84.9	84.4	87.0	88.8	-27.8	-28.0	-27.9	-27.8	-27.7	9.7	-28.1	-27.7	-28.0	96.5	83.0	3.6	1.3	87.3	89.8	123.2	123.2	122.5	134.7	98.2	7.0	7.0	0.0	125.4	110.9	10.5	62.6	0.8	65.6	0.0	25.2	.Autoclave.Outputs.PRESSIP\OutputValue	8.0	13.5	26.7	-1.0	0.0	-1.0	-1.0	-1.0	0.0	0.0	0.0	-1.0	-1.0	0.0	0.0	0.0	-1.0	0.0
22:52:59	7.3	88.2	97.2	93.6	85.8	85.9	86.5	87.4	84.5	83.3	89.9	87.3	85.4	84.6	87.3	89.2	-27.8	-27.9	-27.8	-27.8	-27.7	10.1	-28.1	-27.7	-27.9	97.2	83.3	3.7	1.4	87.7	90.3	124.3	124.3	123.7	136.0	98.1	7.2	7.2	0.0	126.6	111.9	10.8	63.2	0.9	67.0	0.0	26.4	.Autoclave.Outputs.PRESSIP\OutputValue	8.0	13.9	27.2	-1.0	0.0	-1.0	-1.0	-1.0	0.0	0.0	0.0	-1.0	-1.0	0.0	0.0	0.0	-1.0	0.0
22:53:46	8.1	90.0	100.3	96.2	87.4	87.3	87.9	89.3	86.1	84.6	91.9	88.7	86.7	85.8	88.9	90.8	-27.7	-27.7	-27.9	-27.7	-27.7	11.5	-28.0	-27.7	-27.9	100.3	84.6	3.9	1.4	89.5	92.5	128.6	128.6	127.9	140.1	98.3	8.0	0.8	0.0	130.6	115.4	12.0	62.8	1.0	62.5	0.0	25.6	.Autoclave.Outputs.PRESSIP\OutputValue	8.0	15.7	28.3	-1.0	0.0	-1.0	-1.0	-1.0	0.0	0.0	0.0	-1.0	-1.0	0.0	0.0	0.0	-1.0	0.0
22:54:46	9.0	92.4	104.5	99.7	89.5	89.5	89.9	92.4	88.3	86.3	94.9	91.2	88.8	87.3	91.1	93.5	-25.1	-24.0	-23.9	-24.4	-24.5	12.8	-23.7	-23.9	-25.1	104.5	86.3	4.3	1.7	92.0	95.4	133.2	133.3	132.6	143.8	98.1	9.0	1.8	0.0	135.4	119.9	13.5	63.7	1.2	66.9	0.0	27.4	.Autoclave.Outputs.PRESSIP\OutputValue	8.0	18.2	28.7	-1.0	0.0	-1.0	-1.0	-1.0	0.0	0.0	0.0	-1.0	-1.0	0.0	0.0	0.0	-1.0	0.0
22:55:46	10.1	95.1	108.7	103.4	91.9	91.6	92.3	95.5	90.7	88.3	97.9	93.7	90.9	89.5	93.6	95.9	-19.1	-18.7	-18.7	-18.8	-18.8	14.3	-18.5	-18.7	-19.1	108.7	88.3	4.3	2.0	94.6	98.5	137.8	137.8	137.0	148.7	98.2	10.0	2.8	0.0	139.4	124.4	15.0	65.6	1.4	65.3	0.0	31.2	.Autoclave.Outputs.PRESSIP\OutputValue	8.0	20.4	29.1	-1.0	0.0	-1.0	-1.0	-1.0	0.0	0.0	0.0	-1.0	-1.0	0.0	0.0	0.0	-1.0	0.0
22:56:46	11.1	98.1	113.2	107.2	94.1	94.2	94.7	98.7	93.1	90.5	100.8	96.2	93.3	91.3	96.2	98.6	-13.9	-13.6	-13.5	-13.6	-13.4	16.0	-13.4	-13.4	-13.9	113.2	90.5	4.7	1.8	97.3	101.9	142.5	142.5	141.8	153.0	98.4	11.0	3.8	0.0	144.5	128.9	16.5	62.7	1.6	63.0	0.0	25.4	.Autoclave.Outputs.PRESSIP\OutputValue	8.0	22.7	29.3	-1.0	0.0	-1.0	-1.0	-1.0	0.0	0.0	0.0	-1.0	-1.0	0.0	0.0	0.0	-1.0	0.0
22:57:46	12.0	101.3	117.8	111.1	96.8	96.7	97.0	102.1	95.8	92.6	104.3	99.0	95.8	93.2	98.9	101.4	-8.8	-8.5	-8.5	-8.7	-8.2	17.0	-8.4	-8.2	-8.8	117.8	92.6	4.3	2.1	100.3	105.2	146.9	146.9	146.2	157.3	98.4	12.0	4.8	0.0	149.0	133.4	18.0	64.1	1.9	68.2	0.0	28.3	.Autoclave.Outputs.PRESSIP\OutputValue	8.0	25.2	29.1	-1.0	0.0	-1.0	-1.0	-1.0	0.0	0.0	0.0	-1.0	-1.0	0.0	0.0	0.0	-1.0	0.0
22:58:46	13.1	104.4	122.1	115.0	99.5	99.3	99.8	105.5	98.4	95.1	107.6	101.8	98.5	95.6	101.6	104.2	-4.3	-3.9	-4.1	-4.2	-3.5	18.8	-4.0	-3.5	-4.3	122.1	95.1	4.5	2.3	103.2	108.6	151.4	151.5	150.8	160.6	98.5	13.0	5.8	0.0	153.4	137.9	19.5	64.9	2.1	64.4	0.0	29.9	.Autoclave.Outputs.PRESSIP\OutputValue	8.0	27.0	29.3	-1.0	0.0	-1.0	-1.0	-1.0	0.0	0.0	0.0	-1.0	-1.0	0.0	0.0	0.0	-1.0	0.0
22:59:46	14.1	107.9	126.9	119.2	102.4	102.3	102.6	109.3	101.5	97.5	111.2	104.8	101.2	98.0	104.5	107.4	-1.7	-1.5	-1.6	-1.7	-0.8	20.2	-1.6	-0.8	-1.7	126.9	97.5	4.5	2.5	106.4	112.2	155.8	155.8	155.0	166.1	98.5	14.0	6.8	0.0	157.9	142.4	21.0	64.0	2.3	65.5	0.0	28.0	.Autoclave.Outputs.PRESSIP\OutputValue	8.0	29.4	28.9	-1.0	0.0	-1.0	-1.0	-1.0	0.0	0.0	0.0	-1.0	-1.0	0.0	0.0	0.0	-1.0	0.0
23:00:46	15.1	111.6	131.7	123.4	105.4	105.2	105.5	113.1	104.4	100.2	115.0	108.0	104.3	100.1	107.5	110.3	-0.8	-0.7	-0.6	-0.8	-0.6	21.5	-0.7	-0.6	-0.8	131.7	100.1	5.2	2.2	109.7	115.9	160.1	160.2	159.4	170.1	98.6	15.0	7.8	0.0	162.5	146.9	22.5	67.2	2.5	67.4	0.0	34.4	.Autoclave.Outputs.PRESSIP\OutputValue	8.0	31.6	28.4	-1.0	0.0	-1.0	-1.0	-1.0	0.0	0.0	0.0	-1.0	-1.0	0.0	0.0	0.0	-1.0	0.0
23:01:46	16.1	115.5	136.6	127.9	108.7	108.3	108.6	117.0	107.6	103.0	118.9	111.6	107.6	103.1	110.8	113.6	-0.4	-0.3	-0.2	-0.4	0.2	23.3	-0.3	0.2	-0.4	136.6	103.0	4.7	2.7	113.3	119.8	164.3	164.5	163.6	174.7	98.6	16.0	8.8	0.0	166.7	151.4	24.0	64.3	2.7	65.1	0.0	28.6	.Autoclave.Outputs.PRESSIP\OutputValue	8.0	33.6	27.7	-1.0	0.0	-1.0	-1.0	-1.0	0.0	0.0	0.0	-1.0	-1.0	0.0	0.0	0.0	-1.0	0.0
23:02:46	17.1	119.5	140.9	132.2	111.9	111.4	112.0	121.3	110.9	105.9	123.0	115.1	110.8	105.7	114.2	117.3	-0.2	0.0	0.0	-0.1	0.0	25.1	-0.1	0.0	-0.2	140.9	105.7	4.6	2.9	116.8	123.3	168.8	168.8	168.0	179.1	98.8	17.0	9.8	0.0	171.1	155.9	25.5	67.0	3.0	61.6	0.0	34.0	.Autoclave.Outputs.PRESSIP\OutputValue	8.0	35.2	27.9	-1.0	0.0	-1.0	-1.0	-1.0	0.0	0.0	0.0	-1.0	-1.0	0.0	0.0	0.0	-1.0	0.0
23:03:46	18.1	123.5	145.6	136.8	115.3	115.0	115.3	125.4	114.3	108.8	127.0	118.7	114.1	108.6	117.6	120.7	-0.1	0.0	0.0	0.0	0.1	26.2	0.0	0.1	-0.1	145.6	108.6	5.0	2.8	120.9	127.1	172.9	172.9	172.2	182.7	98.7	18.0	10.8	0.0	175.2	160.4	27.0	67.4	3.2	66.1	0.0	34.7	.Autoclave.Outputs.PRESSIP\OutputValue	8.0	37.0	27.3	-1.0	0.0	-1.0	-1.0	-1.0	0.0	0.0	0.0	-1.0	-1.0	0.0	0.0	0.0	-1.0	0.0
23:04:46	19.1	127.8	150.4	141.2	118.8	118.5	118.9	129.6	118.0	112.0	131.4	122.5	117.5	111.6	121.3	124.5	0.0	0.1	0.1	0.0	0.1	28.0	0.0	0.1	0.0	150.4	111.6	29.7	3.0	124.3	131.0	177.4	177.4	176.7	187.0	98.8	19.0	11.8	0.0	179.4	164.9	28.5	65.4	3.4	62.8	0.0	30.7	.Autoclave.Outputs.PRESSIP\OutputValue	8.0	38.8	27.0	-1.0	0.0	-1.0	-1.0	-1.0	0.0	0.0	0.0	-1.0	-1.0	0.0	0.0	0.0	-1.0	0.0
23:05:46	20.1	132.1	155.2	145.8	122.8	122.4	122.8	134.1	121.6	115.4	134.8	126.3	121.1	114.8	125.1	128.2	0.0	0.0	0.1	0.0	0.1	29.0	0.0	0.1	0.0	155.2	114.8	4.7	3.2	128.7	135.0	181.4	181.4	180.6	190.9	98.9	20.0	12.8	0.0	183.6	169.4	30.0	67.0	3.6	68.0	0.0	33.9	.Autoclave.Outputs.PRESSIP\OutputValue	8.0	40.4	26.2	-1.0	0.0	-1.0	-1.0	-1.0	0.0	0.0	0.0	-1.0	-1.0	0.0	0.0	0.0	-1.0	0.0
23:06:46	21.1	136.4	159.6	150.4	126.3	126.1	126.2	138.4	125.5	118.8	139.7	130.3	124.8	117.9	128.5	122.8	0.0	0.1	0.1	0.0	0.1	30.7	0.0	0.1	0.0	159.6	117.9	5.0	-3.1	131.9	138.7	185.6	185.6	184.9	195.9	98.9	21.0	13.8	0.0	188.0	173.9	31.5	67.9	3.9	65.5	0.0	35.7	.Autoclave.Outputs.PRESSIP\OutputValue	8.0	41.7	26.0	-1.0	0.0	-1.0	-1.0	-1.0	0.0	0.0	0.0	-1.0	-1.0	0.0	0.0	0.0	-1.0	0.0
23:07:46	22.0	140.9	164.6	154.9	130.0	129.9	130.2	143.0	129.4	122.4	144.5	134.2	128.7	120.7	132.4	129.2	0.0	0.1	0.1	0.0	0.2	32.6	0.1	0.2	0.0	164.6	120.7	5.7	2.4	136.2	142.6	190.1	190.1	189.4	200.1	99.0	22.0	14.8	0.0	192.3	178.4	33.0	66.9	4.1	61.3	0.0	33.8	.Autoclave.Outputs.PRESSIP\OutputValue	8.0	43.9	25.5	-1.0	0.0	-1.0	-1.0	-1.0	0.0	0.0	0.0	-1.0	-1.0	0.0	0.0	0.0	-1.0	0.0
23:08:46	23.1	145.3	169.2	159.7	134.0	134.0	134.4	147.5	133.5	126.1	148.7	138.4	132.7	124.5	136.5	139.4	0.0	0.1	0.1	0.0	0.0	33.7	0.1	0.1	0.0	169.2	124.5	8.8	3.6	140.8	146.8	193.9	194.1	193.3	204.1	98.9	23.0	15.8	0.0	196.5	182.9	34.5	70.3	4.3	65.6	0.0	40.6	.Autoclave.Outputs.PRESSIP\OutputValue	8.0	44.7	24.7	-1.0	0.0	-1.0	-1.0	-1.0	0.0	0.0	0.0	-1.0	-1.0	0.0	0.0	0.0	-1.0	0.0
23:09:46	24.1	149.8	174.1	164.3	138.1	138.0	138.1	152.2	137.6	129.7	153.6	142.7	136.7	128.0	140.7	139.8	0.1	0.1	0.1	0.0	-0.5	35.7	0.1	0.1	-0.5	174.1	128.0	8.6	3.6	144.8	151.0	198.5	198.7	197.9	209.7	99.0	24.0	16.8	0.0	200.6	187.4	36.0	67.2	4.6	60.8	0.0	34.4	.Autoclave.Outputs.PRESSIP\OutputValue	8.0	46.1	24.4	-1.0	0.0	-1.0	-1.0	-1.0	0.0	0.0	0.0	-1.0	-1.0	0.0	0.0	0.0	-1.0	0.0
23:10:46	25.0	154.6	178.8	169.0	142.1	142.1	142.5	156.9	141.7	133.3	158.3	147.1	140.9	131.9	145.1	143.6	0.0	0.0	0.1	0.0	0.1	36.6	0.1	0.1	0.0	178.8	131.9	4.9	-2.1	149.1	155.3	202.7	202.6	202.0	212.0	98.9	25.0	17.8	0.0	205.1	191.9	37.5	68.2	4.8	67.0	0.0	36.5	.Autoclave.Outputs.PRESSIP\OutputValue	8.0	46.9	23.9	-1.0	0.0	-1.0	-1.0	-1.0	0.0	0.0	0.0	-1.0	-1.0	0.0	0.0	0.0	-1.0	0.0
23:11:46	26.1	159.2	183.4	173.8	146.4	146.5	146.9	161.4	145.9	137.3	163.0	151.6	145.2	135.4	149.3	149.3	0.0	0.1	0.1	0.0	0.1	38.3	0.1	0.1	0.0	183.4	135.4	6.5	3.8	153.5	159.4	207.2	207.2	206.5	216.5	99.1	26.0	18.8	0.0	209.5	196.4	39.0	67.7	5.0	65.0	0.0	35.5	.Autoclave.Outputs.PRESSIP\OutputValue	8.0	48.0	23.8	-1.0	0.0	-1.0	-1.0	-1.0	0.0	0.0	0.0	-1.0	-1.0	0.0	0.0	0.0	-1.0	0.0
23:12:46	27.1	163.7	188.1	178.6	150.7	150.9	151.0	166.2	150.3	141.3	167.8	156.0	149.5	139.4	153.7	154.3	0.0	0.1	0.1	0.0	0.1	39.4	0.1	0.1	0.0	188.1	139.4	7.4	3.8	158.0	163.7	211.2	211.3	210.6	221.6	99.0	27.0	19.8	0.0	213.6	200.9	40.0	69.8	5.3	64.5	0.0	39.5	.Autoclave.Outputs.PRESSIP\OutputValue	8.0	48.7	23.1	-1.0	0.0	-1.0	-1.0	-1.0	0.0	0.0	0.0	-1.0	-1.0	0.0	0.0	0.0	-1.0	0.0
23:13:46	28.1	168.2	192.8	183.2	154.9	155.1	155.4	171.1	154.8	145.4	172.8	160.4	154.0	143.4	158.5	156.1	0.0	0.0	0.1	0.0	0.1	39.7	0.1	0.1	0.0	192.8	143.4	5.1	2.4	162.3	168.1	215.4	215.4	214.9	225.8	98.9	28.0	20.8	0.0	217.9	205.4	40.0	69.4	5.5	61.3	0.0	38.8	.Autoclave.Outputs.PRESSIP\OutputValue	8.0	49.4	22.6	-1.0	0.0	-1.0	-1.0	-1.0	0.0	0.0	0.0	-1.0	-1.0	0.0	0.0	0.0	-1.0	0.0
23:14:46	29.1	172.9	197.5	187.8	159.4	159.5	159.6	175.9	159.2	149.5	177.4	165.0	158.3	147.2	163.5	161.2	0.1	0.0	0.1	0.0	0.1	40.0	0.0	0.1	0.0	197.5	147.2	9.5	4.0	166.8	172.3	219.6	219.7	219.0	230.2	98.8	29.0	21.8	0.0	222.2	209.9	40.0	71.7	5.7	58.5	0.0	43.4	.Autoclave.Outputs.PRESSIP\OutputValue	8.0	50.3	22.1	-1.0	0.0	-1.0	-1.0	-1.0	0.0	0.0	0.0	-1.0	-1.0	0.0	0.0	0.0	-1.0	0.0
23:15:46	30.1	177.6	202.1	192.5	163.8	163.9	164.2	180.8	163.6	153.4	182.1	169.4	162.7	151.2	167.9	167.3	0.0	0.0	0.1	0.0	0.1	40.2	0.0	0.1	0.0	202.1	151.2	4.9	1.6	171.4	176.6	224.6	224.6	223.8	234.2	98.8	30.0	22.8	0.0	226.7	214.4	40.0	67.4	6.0	55.4	0.0	34.8	.Autoclave.Outputs.PRESSIP\OutputValue	7.8	50.9	22.5	-1.0	0.0	-1.0	-1.0	-1.0	0.0	0.0	0.0	-1.0	-1.0	0.0	0.0	0.0	-1.0	0.0
23:16:46	31.1	182.3	206.7	197.1	168.2	168.0	168.4	185.5	167.9	157.8	186.9	173.9	167.1	155.4	172.9	174.4	0.0	0.1	0.1	0.0	0.1	40.6	0.0	0.1	0.0	206.7	155.4	8.2	4.1	176.1	181.0	228.9	228.9	228.2	238.7	98.9	31.0	23.8	0.0	231.0	218.9	40.0	68.0	6.2	51.2	0.0	36.0	.Autoclave.Outputs.PRESSIP\OutputValue	6.9	51.3	22.2	-1.0	0.0	-1.0	-1.0	-1.0	0.0	0.0	0.0	-1.0	-1.0	0.0	0.0	0.0	-1.0	0.0
23:17:46	32.1	186.9	211.4	201.7	172.8	172.7	173.2	190.6	172.7	162.1	191.5	178.7	171.5	159.3	178.0	179.6	0.0	0.1	0.1	0.0	0.1	40.9	0.0	0.1	0.0	211.4	159.3	5.0	3.8	180.8	185.3	233.1	233.1	232.4	243.8	98.8	32.0	24.8	0.0	235.4	223.4	40.0	69.8	6.4	46.8	0.0	39.6	.Autoclave.Outputs.PRESSIP\OutputValue	5.5	52.1	21.7	-1.0	0.0	-1.0	-1.0	-1.0	0.0	0.0	0.0	-1.0	-1.0	0.0	0.0	0.0	-1.0	0.0
23:18:46	33.1	191.5	215.8	206.2	177.3	177.0	177.7	195.3	177.2	166.2	196.0	183.1	176.0	163.5	182.5	184.0	0.0	0.1	0.1	0.0	0.1	40.0	0.0	0.1	0.0	215.8	163.5	5.3	4.2	185.2	189.6	237.8	237.8	237.1	247.4	98.7	33.0	25.8	0.0	240.0	227.9	40.0	68.5	6.6	55.0	0.0	37.0	.Autoclave.Outputs.PRESSIP\OutputValue	5.0	52.3	22.0	-1.0	0.0	-1.0	-1.0	-1.0	0.0	0.0	0.0	-1.0	-1.0	0.0	0.0	0.0	-1.0	0.0
23:19:46	34.1	196.0	220.4	210.7	181.7	181.7	182.3	200.1	181.9	170.6	200.8	187.8	180.4	167.9	187.5	186.7	0.0	0.1	0.1	0.0	0.1	40.4	0.0	0.1	0.0	220.4	167.9	5.0	2.5	189.7	194.1	242.4	242.4	241.5	252.9	98.7	34.0	26.8	0.0	244.4	232.4	40.0	68.1	6.9	50.9	0.0	36.1	.Autoclave.Outputs.PRESSIP\OutputValue	4.6	52.5	22.0	-1.0	0.0	-1.0	-1.0	-1.0	0.0	0.0	0.0	-1.0	-1.0	0.0	0.0	0.0	-1.0	0.0
23:20:46	35.1	200.6	224.9	215.3	186.3	186.2	186.8	204.8	186.3	174.9	205.4	192.3	184.9	172.1	192.6	192.1	0.0	0.0	0.1	0.0	0.1	40.6	0.0	0.1	0.0	224.9	172.1	5.9	4.3	194.3	198.5	246.6	246.6	245.8	256.9	98.7	35.0	27.8	0.0	248.9	236.9	40.0	70.2	7.1	47.3	0.0	40.4	.Autoclave.Outputs.PRESSIP\OutputValue	3.6	52.8	21.7	-1.0	0.0	-1.0	-1.0	-1.0	0.0	0.0	0.0	-1.0	-1.0	0.0	0.0	0.0	-1.0	0.0
23:21:46	36.1	205.2	229.5	219.9	190.7	190.9	191.1	209.7	190.9	179.3	210.0	196.9	189.5	176.2	197.4	195.6	0.0	0.1	0.1	0.0	0.1	41.0	0.0	0.1	0.0	229.5	176.2	5.0	4.1	198.8	202.8	251.2	251.2	250.5	262.4	98.7	36.0	28.8	0.0	253.3	241.4	40.0	67.9	7.3	41.8	0.0	35.8	.Autoclave.Outputs.PRESSIP\OutputValue	1.9	53.3	21.7	-1.0	0.0	-1.0	-1.0	-1.0	0.0	0.0	0.0	-1.0	-1.0	-1.0	0.0	0.0	-1.0	0.0
23:22:40	37.0	209.7	233.3	223.9	194.7	194.7	195.4	213.9	194.8	183.0	213.9	200.9	193.4	180.1	202.0	203.6	0.0	0.0	0.1	0.0	0.1	40.4	0.0	0.1	0.0	233.3	180.1	5.2	4.3	203.1	206.7	255.1	255.2	254.6	266.0	98.8	36.9	29.7	0.0	257.5	245.4	40.0	70.7	7.5	47.1	0.0	41.4	.Autoclave.Outputs.PRESSIP\OutputValue	1.4	53.2	21.9	-1.0	0.0	-1.0	-1.0	-1.0	0.0	0.0	0.0	-1.0	-1.0	0.0	0.0	0.0	-1.0	0.0
23:22:46	37.1	209.9	233.8	224.5	195.3	195.2	195.8	214.3	195.5	183.6	214.4	201.4	193.9	180.6	202.6	201.5	0.0	0.1	0.1	0.0	0.1	40.5	0.0	0.1	0.0	233.8	180.6	5.2	4.3	203.4	207.2	255.9	255.9	255.1	267.0	98.9	37.0	0.1	0.0	257.9	245.9	40.0	69.3	7.5	46.7	0.0	38.5	.Autoclave.Outputs.PRESSIP\OutputValue	1.3	53.2	22.1	-1.0	0.0	-1.0	-1.0	-1.0	0.0	0.0	0.0	-1.0	-1.0	0.0	0.0	0.0	-1.0	0.0
23:23:46	38.0	214.4	238.3	229.1	199.7	199.8	200.4	219.3	200.1	188.0	219.1	206.1	198.4	184.8	207.7	204.3	0.0	0.1	0.1	0.0	0.1	40.7	0.0	0.1	0.0	238.3	184.8	5.1	4.2	207.9	211.5	260.5	260.5	259.8	271.0	98.8	38.0	1.1	0.0	262.4	250.4	40.0	68.9	7.8	42.8	0.0	37.8	.Autoclave.Outputs.PRESSIP\OutputValue	0.0	53.5	22.2	-1.0	0.0	-1.0	-1.0	-1.0	0.0	0.0	0.0	-1.0	-1.0	0.0	0.0	0.0	-1.0	0.0
23:24:46	39.1	218.9	242.8	233.5	204.3	204.5	205.0	224.1	204.6	192.3	223.4	210.6	202.9	189.4	212.7	212.9	0.1	0.1	0.1	0.0	0.0	39.9	0.0	0.1	0.0	242.8	189.4	5.1	3.3	212.8	216.1	263.9	264.1	263.5	276.5	98.6	39.0	2.1	0.0	266.9	254.9	40.0	76.3	8.0	49.5	0.0	52.7	.Autoclave.Outputs.PRESSIP\OutputValue	-1.2	53.4	21.1	-1.0	0.0	-1.0	-1.0	-1.0	0.0	0.0	0.0	-1.0	-1.0	0.0	0.0	0.0	-1.0	0.0
23:25:46	40.1	223.3	247.4	238.0	209.0	209.1	209.5	228.9	209.2	196.8	228.0	215.4	207.3	193.5	217.7	216.7	0.0	0.0	0.1	0.1	0.0	40.2	0.0	0.1	0.0	247.4	193.5	6.1	4.4	217.3	220.4	269.2	269.2	268.6	280.6	98.7	40.0	3.1	0.0	271.5	259.4	40.0	70.8	8.2	47.1	0.0	41.6	.Autoclave.Outputs.PRESSIP\OutputValue	-1.3	53.9	21.8	-1.0	0.0	-1.0	-1.0	-1.0	0.0	0.0	0.0	-1.0	-1.0	0.0	0.0	0.0	-1.0	0.0
23:26:46	41.0	228.0	251.9	242.7	213.5	213.7	214.3	233.4	213.9	201.4	232.7	220.0	211.9	197.8	222.3	226.4	0.0	0.1	0.1	0.0	0.1	40.5	0.0	0.1	0.0	251.9	197.8	9.1	4.1	222.3	224.8	273.6	273.7	273.3	285.4	98.7	41.0	4.1	0.0	276.0	263.9	40.0	72.2	8.4	43.1	0.0	44.3	.Autoclave.Outputs.PRESSIP\OutputValue	-2.0	54.1	21.7	-1.0	0.0	-1.0	-1.0	-1.0	0.0	0.0	0.0	-1.0	-1.0	0.0	0.0	0.0	-1.0	0.0
23:27:46	42.1	232.5	256.4	247.1	218.1	218.4	218.9	238.2	218.5	205.5	237.0	224.6	216.4	202.3	227.4	224.9	0.1	0.1	0.1	0.1	0.1	40.8	0.0	0.1	0.1	256.4	202.3	5.1	0.6	226.4	229.3	278.4	278.4	277.9	289.3	98.7	42.0	5.1	0.0	280.5	268.4	40.0	70.5	8.7	39.0	0.0	41.0	.Autoclave.Outputs.PRESSIP\OutputValue	-3.2	54.1	22.0	-1.0	0.0	-1.0	-1.0	-1.0	0.0	0.0	0.0	-1.0	-1.0	0.0	0.0	0.0	-1.0	0.0
23:28:46	43.1	237.2	260.8	251.9	222.5	223.1	223.4	243.0	223.2	210.4	241.3	229.2	220.8	206.6	231.9	230.4	0.1	0.0	0.1	0.1	0.1	39.9	0.0	0.1	0.0	260.8	206.6	8.0	4.4	231.1	233.7	282.2	282.2	281.6	293.7	98.4	43.0	6.1	0.0	283.1	272.0	40.0	63.3	8.9	47.1	0.0	26.6	.Autoclave.Outputs.PRESSIP\OutputValue	-4.3	54.2	21.4	-1.0	0.0	-1.0	-1.0	-1.0	0.0	0.0	0.0	-1.0	-1.0	0.0	0.0	0.0	-1.0	0.0
23:29:46	44.1	241.1	263.8	255.0	226.6	227.2	227.4	246.8	226.9	214.4	244.3	233.0	224.7	210.5	235.5	233.3	0.1	0.0	0.1	0.0	0.1	39.6	0.0	0.1	0.0	263.8	210.5	4.3	0.5	234.7	237.1	280.6	280.6	280.1	286.4	98.5	44.0	7.1	0.0	280.3	272.0	40.0	55.3	8.9	49.8	0.0	10.6	.Autoclave.Outputs.PRESSIP\OutputValue	-3.7	53.3	16.8	-1.0	0.0	-1.0	-1.0	-1.0	0.0	0.0	0.0	-1.0	-1.0	0.0	0.0	0.0	-1.0	0.0
23:30:46	45.1	244.5	265.8	257.6	230.1	230.7	230.9	249.9	230.0	218.0	247.2	236.3	228.2	213.8	237.9	236.2	0.1	0.1	0.1	0.0	0.3	39.6	0.0	0.3	0.0	265.8	213.8	3.7	2.1	237.8	239.8	278.4	278.4	278.0	283.6	98.4	45.0	8.1	0.0	278.2	272.0	40.0	56.0	8.9	51.5	0.0	11.9	.Autoclave.Outputs.PRESSIP\OutputValue	-2.9	52.0	12.6	-1.0	0.0	-1.0	-1.0	-1.0	0.0	0.0	0.0	-1.0	-1.0	0.0	0.0	0.0	-1.0	0.0
23:31:46	46.1	247.6	267.3	259.9	233.3	234.1	233.9	252.3	232.9	221.4	249.7	239.2	231.5	216.9	240.2	237.9	0.1	0.1	0.1	0.0	0.2	39.5	0.0	0.2	0.0	267.3	216.9	3.6	1.4	240.5	242.1	276.6	276.6	276.3	282.8	98.6	46.0	9.1	0.0	276.7	272.0	40.0	55.9	8.8	52.7	0.0	11.9	.Autoclave.Outputs.PRESSIP\OutputValue	-2.0	50.4	9.3	-1.0	0.0	-1.0	-1.0	-1.0	0.0	0.0	0.0	-1.0	-1.0	0.0	0.0	0.0	-1.0	0.0
23:32:46	47.1	250.5	268.6	261.7	236.1	237.1	237.0	254.6	235.8	224.5	252.1	241.9	234.6	219.8	242.5	242.2	0.0	0.0	0.0	0.0	0.1	39.5	0.0	0.1	0.0	268.6	219.8	3.1	1.1	243.2	244.2	275.9	275.9	275.4	281.3	98.4	47.0	10.1	0.0	275.5	272.0	40.0	54.6	8.8	54.3	0.0	9.2	.Autoclave.Outputs.PRESSIP\OutputValue	-0.9	48.8	7.3	-1.0	0.0	-1.0	-1.0	-1.0	0.0	0.0	0.0	-1.0	-1.0	0.0	0.0	0.0	-1.0	0.0
23:33:46	48.1	252.8	269.3	263.1	238.9	239.8	239.4	256.6	238.4	227.7	253.9	244.3	237.3	222.8	244.3	242.0	0.0	0.0	0.1	0.0	0.0	39.5	0.0	0.1	0.0	269.3	222.8	3.3	1.0	245.2	246.1	275.1	275.0	274.3	280.4	98.5	48.0	11.1	0.0	274.7	272.0	40.0	53.2	8.8	55.5	0.0	6.4	.Autoclave.Outputs.PRESSIP\OutputValue	0.1	46.5	5.8	-1.0	0.0	-1.0	-1.0	-1.0	0.0	0.0	0.0	-1.0	-1.0	0.0	0.0	0.0	-1.0	0.0
23:34:46	49.1	255.1	270.0	264.4	241.3	242.2	242.0	258.1	240.8	230.5	255.7	246.6	240.1	225.3	246.0	244.5	0.0	0.1	0.1	0.0	0.1	39.5	0.0	0.1	0.0	270.0	225.3	3.9	-13.2	247.3	247.7	274.2	274.2	273.6	280.0	98.5	49.0	12.1	0.0	274.0	272.0	40.0	55.2	8.7	56.6	0.0	10.4	.Autoclave.Outputs.PRESSIP\OutputValue	1.2	44.7	4.2	-1.0	0.0	-1.0	-1.0	-1.0	0.0	0.0	0.0	-1.0	-1.0	0.0	0.0	0.0	-1.0	0.0
23:35:46	50.1	257.2	270.4	265.6	243.6	244.7	244.2	259.7	242.9	232.9	257.2	248.5	242.4	227.8	247.8	244.8	0.0	0.1	0.1	0.0	0.1	39.4	0.0	0.1	0.0	270.4	227.8	16.9	0.4	249.1	249.1	273.7	273.7	273.3	278.7	98.5	50.0	13.1	0.0	273.7	272.0	40.0	55.8	8.7	57.9	0.0	11.7	.Autoclave.Outputs.PRESSIP\OutputValue	2.3	42.6	3.3	-1.0	0.0	-1.0	-1.0	-1.0	0.0	0.0	0.0	-1.0	-1.0	0.0	0.0	0.0	-1.0	0.0
23:36:46	51.0	259.0	270.8	266.5	245.8	246.9	246.3	260.7	245.1	235.3	258.9	250.6	244.8	230.3	249.4	249.5	0.1	0.0	0.1	0.0	0.1	39.5	0.0	0.1	0.0	270.8	230.3	2.6	-1.5	251.1	250.6	273.4	273.5	272.9	279.5	98.4	51.0	14.1	0.0	273.2	272.0	40.0	55.1	8.7	58.4	0.0	10.3	.Autoclave.Outputs.PRESSIP\OutputValue	3.4	40.5	2.6	-1.0	0.0	-1.0	-1.0	-1.0	0.0	0.0	0.0	-1.0	-1.0	0.0	0.0	0.0	-1.0	0.0
23:37:46	52.1	260.5	271.1	267.3	247.6	248.9	248.4	261.9	247.1	237.7	260.0	252.1	247.1	232.6	250.6	249.1	0.0	0.1	0.1	0.0	0.1	39.4	0.0	0.1	0.0	271.1	232.6	2.5	0.0	252.5	251.9	273.5	273.5	272.7	278.3	98.4	52.0	15.1	0.0	272.9	272.0	40.0	53.1	8.6	60.3	0.0	6.2	.Autoclave.Outputs.PRESSIP\OutputValue	4.5	38.5	2.4	-1.0	0.0	-1.0	-1.0	-1.0	0.0	0.0	0.0	-1.0	-1.0	0.0	0.0	0.0	-1.0	0.0
23:38:46	53.1	261.9	271.2	268.0	249.4	250.7	250.3	263.0	248.7	239.7	261.2	254.0	249.0	234.7	252.2	248.7	0.0	0.0	0.1	0.0	0.0	39.5	0.0	0.1	0.0	271.2	234.7	3.9	0.2	253.8	253.0	273.0	273.0	272.4	278.4	98.2	53.0	16.1	0.0	272.7	272.0	40.0	54.4	8.6	61.0	0.0	8.8	.Autoclave.Outputs.PRESSIP\OutputValue	5.6	36.5	1.8	-1.0	0.0	-1.0	-1.0	-1.0	0.0	0.0	0.0	-1.0	-1.0	0.0	0.0	0.0	-1.0	0.0
23:39:46	54.0	263.2	271.5	268.6	251.1	252.7	252.1	263.6	250.6	241.8	262.2	255.3	250.7	236.9	253.2	249.3	0.0	0.0	0.1	0.0	0.1	39.5	0.0	0.1	0.0	271.5	236.9	2.2	0.1	255.2	254.2	272.9	272.8	272.1	277.9	98.3	54.0	17.1	0.0	272.6	272.0	40.0	53.7	8.6	62.2	0.0	7.4	.Autoclave.Outputs.PRESSIP\OutputValue	6.7	34.6	1.4	-1.0	0.0	-1.0	-1.0	-1.0	0.0	0.0	0.0	-1.0	-1.0	0.0	0.0	0.0	-1.0	0.0
23:40:46	55.1	264.0	271.2	269.1	252.5	254.2	253.6	264.3	252.1	243.7	262.9	256.5	252.4	238.8	254.2	252.9	0.1	0.0	0.1	0.0	0.0	39.5	0.0	0.1	0.0	271.2	238.8	2.0	0.2	256.4	255.0	272.8	272.8	272.1	278.0	98.4	55.0	18.1	0.0	272.3	272.0	40.0	53.0	8.5	63.1	0.0	6.0	.Autoclave.Outputs.PRESSIP\OutputValue	7.7	32.4	1.6	-1.0	0.0	-1.0	-1.0	-1.0	0.0	0.0	0.0	-1.0	-1.0	0.0	0.0	0.0	-1.0	0.0
23:41:46	56.1	265.2	271.6	269.5	254.0	255.7	255.2	265.1	253.5	245.5	263.6	257.9	254.0	240.7	255.3	255.8	0.0	0.0	0.1	0.0	0.1	39.4	0.0	0.1	0.0	271.6	240.7	1.9	0.0	257.8	256.2	272.7	272.7	272.0	277.7	98.4	56.0	19.1	0.0	272.4	272.0	40.0	53.6	8.5	63.6	0.0	7.2	.Autoclave.Outputs.PRESSIP\OutputValue	8.0	30.9	1.1	-1.0	0.0	-1.0	-1.0	-1.0	0.0	0.0	0.0	-1.0	-1.0	0.0	0.0	0.0	-1.0	0.0
23:42:46	57.0	266.1	271.7	269.8	255.4	257.4	256.9	265.8	255.0	247.1	265.1	259.1	255.5	242.6	256.5	254.5	0.0	0.1	0.1	0.0	0.1	39.5	0.0	0.1	0.0	271.7	242.6	1.8	0.2	258.6	257.2	272.7	272.7	271.9	277.9	98.5	57.0	20.1	0.0	272.4	272.0	40.0	54.3	8.5	63.0	0.0	8.5	.Autoclave.Outputs.PRESSIP\OutputValue	8.0	29.1	1.0	-1.0	0.0	-1.0	-1.0	-1.0	0.0	0.0	0.0	-1.0	-1.0	0.0	0.0	0.0	-1.0	0.0
23:43:46	58.1	266.7	271.7	270.1	256.7	258.7	258.3	266.2	256.2	248.8	266.2	260.2	256.9	244.4	257.4	256.4	0.1	0.1	0.1	0.0	0.1	39.5	0.0	0.1	0.0	271.7	244.4	1.9	0.1	259.7	258.1	272.6	272.6	271.9	278.0	98.4	58.0	21.1	0.0	272.2	272.0	40.0	53.5	8.4	63.0	0.0	7.1	.Autoclave.Outputs.PRESSIP\OutputValue	8.0	27.3	0.9	-1.0	0.0	-1.0	-1.0	-1.0	0.0	0.0	0.0	-1.0	-1.0	0.0	0.0	0.0	-1.0	0.0
23:44:46	59.1	267.3	271.7	270.4	258.0	260.0	259.4	266.7	257.4	250.2	266.7	261.3	258.1	245.9	258.4	255.9	0.1	0.1	0.1	0.0	0.1	39.5	0.0	0.1	0.0	271.7	245.9	1.7	0.0	260.5	258.8	272.7	272.7	271.9	277.7	98.5	59.0	22.1	0.0	272.2	272.0	40.0	52.8	8.4	63.0	0.0	5.7	.Autoclave.Outputs.PRESSIP\OutputValue	8.0	25.8	1.0	-1.0	0.0	-1.0	-1.0	-1.0	0.0	0.0	0.0	-1.0	-1.0	0.0	0.0	0.0	-1.0	0.0
23:45:46	60.1	267.9	271.8	270.7	259.4	261.2	260.7	267.2	258.5	251.6	266.6	262.0	259.3	247.6	259.4	257.8	0.1	0.0	0.0	0.0	0.1	39.5	0.0	0.1	0.0	271.8	247.6	2.9	0.1	261.5	259.7	272.5	272.5	271.7	277.7	98.5	60.0	23.1	0.0	272.2	272.0	40.0	53.5	8.3	63.0	0.0	6.9	.Autoclave.Outputs.PRESSIP\OutputValue	8.0	24.2	0.7	-1.0	0.0	-1.0	-1.0	-1.0	0.0	0.0	0.0	-1.0	-1.0	0.0	0.0	0.0	-1.0	0.0
23:46:46	61.1	268.4	271.9	270.9	260.4	262.3	261.8	267.4	259.5	253.0	267.0	263.0	260.3	249.1	260.2	256.6	0.0	0.1	0.1	0.0	0.1	39.5	0.0	0.1	0.0	271.9	249.1	1.6	-4.0	262.1	260.5	272.6	272.5	271.7	277.8	98.4	61.0	24.1	0.0	272.2	272.0	40.0	53.4	8.3	62.8	0.0	6.9	.Autoclave.Outputs.PRESSIP\OutputValue	8.0	22.8	0.7	-1.0	0.0	-1.0	-1.0	-1.0	0.0	0.0	0.0	-1.0	-1.0	0.0	0.0	0.0	-1.0	0.0
23:47:46	62.1	268.8	271.8	271.0	261.5	263.2	262.9	267.9	260.5	254.2	268.0	263.7	261.3	250.5	261.1	258.5	0.0	0.1	0.1	0.0	0.1	39.5	0.0	0.1	0.0	271.8	250.5	1.5	-2.5	263.0	261.2	272.6	272.6	271.7	277.6	98.5	62.0	25.1	0.0	272.2	272.0	40.0	53.4	8.3	63.0	0.0	6.8	.Autoclave.Outputs.PRESSIP\OutputValue	8.0	21.3	0.8	-1.0	0.0	-1.0	-1.0	-1.0	0.0	0.0	0.0	-1.0	-1.0	0.0	0.0	0.0	-1.0	0.0
23:48:46	63.1	269.1	271.9	271.3	262.4	264.0	263.5	268.3	261.4	255.4	267.9	264.7	262.1	251.8	261.8	257.9	0.0	0.1	0.1	0.1	0.1	39.5	0.0	0.1	0.0	271.9	251.8	3.2	0.0	263.6	261.9	272.5	272.5	271.8	277.8	98.5	63.0	26.1	0.0	272.1	272.0	40.0	53.3	8.2	62.6	0.0	6.7	.Autoclave.Outputs.PRESSIP\OutputValue	8.0	20.1	0.6	-1.0	0.0	-1.0	-1.0	-1.0	0.0	0.0	0.0	-1.0	-1.0	0.0	0.0	0.0	-1.0	0.0
23:49:46	64.1	269.4	271.9	271.3	263.2	264.8	264.3	268.3	262.3	256.6	269.3	265.0	262.8	253.0	262.4	261.1	0.0	0.1	0.1	0.0	0.1	39.5	0.0	0.1	0.0	271.9	253.0	1.3	-0.3	264.4	262.5	272.6	272.6	271.9	277.5	98.5	64.0	27.1	0.0	272.2	272.0	40.0	53.3	8.2	62.6	0.0	6.6	.Autoclave.Outputs.PRESSIP\OutputValue	8.0	18.9	0.7	-1.0	0.0	-1.0	-1.0	-1.0	0.0	0.0	0.0	-1.0	-1.0	0.0	0.0	0.0	-1.0	0.0
23:50:46	65.1	269.7	271.8	271.5	263.9	265.4	265.0	269.0	262.9	257.7	268.7	265.5	263.5	254.2	262.7	262.0	0.0	0.1	0.1	0.0	0.0	39.5	0.0	0.1	0.0	271.8	254.2	2.8	-0.2	264.9	263.0	272.5	272.5	271.7	277.5	98.5	65.0	28.1	0.0	272.2	272.0	40.0	53.9	8.1	62.4	0.0	7.9	.Autoclave.Outputs.PRESSIP\OutputValue	8.0	17.6	0.7	-1.0	0.0	-1.0	-1.0	-1.0	0.0	0.0	0.0	-1.0	-1.0	0.0	0.0	0.0	-1.0	0.0
23:51:46	66.1	270.0	271.9	271.5	264.6	265.9	265.5	269.1	263.6	258.7	268.8	266.0	264.2	255.3	263.6	261.0	0.0	0.1	0.1	0.0	-0.3	39.6	0.0	0.1	-0.3	271.9	255.3	1.0	-1.7	265.3	263.6	272.5	272.6	271.8	277.6	98.8	66.0	29.1	0.0	272.0	272.0	40.0	53.9	8.1	62.8	0.0	7.8	.Autoclave.Outputs.PRESSIP\OutputValue	8.0	16.6	0.6	-1.0	0.0	-1.0	-1.0	-1.0	0.0	0.0	0.0	-1.0	-1.0	0.0	0.0	0.0	-1.0	0.0
23:52:46	67.0	270.1	272.0	271.6	265.2	266.4	266.1	269.2	264.1	259.4	269.2	266.7	264.7	256.3	264.0	260.5	0.0	0.1	0.1	0.0	0.2	39.6	0.0	0.2	0.0	272.0	256.3	2.2	0.0	265.7	264.2	272.5	272.5	271.7	277.7	98.6	67.0	30.1	0.0	272.1	272.0	40.0	53.2	8.0	62.3	0.0	6.4	.Autoclave.Outputs.PRESSIP\OutputValue	8.0	15.7	0.5	-1.0	0.0	-1.0	-1.0	-1.0	0.0	0.0	0.0	-1.0	-1.0	0.0	0.0	0.0	-1.0	0.0
23:53:46	68.1	270.4	271.9	271.7	265.8	267.0	266.4	269.3	264.7	260.4	269.5	266.9	265.4	257.3	265.0	262.6	0.0	0.1	0.1	0.0	0.1	39.6	0.0	0.1	0.0	271.9	257.3	1.0	-0.3	266.3	264.6	272.6	272.6	271.9	277.7	98.6	68.0	31.1	0.0	272.2	272.0	40.0	53.8	8.0	62.4	0.0	7.6	.Autoclave.Outputs.PRESSIP\OutputValue	8.0	14.6	0.7	-1.0	0.0	-1.0	-1.0	-1.0	0.0	0.0	0.0	-1.0	-1.0	0.0	0.0	0.0	-1.0	0.0
23:54:46	69.1	270.5	271.8	271.7	266.3	267.3	267.0	269.6	265.2	261.0	270.0	267.3	265.8	258.2	265.2	263.4	0.0	0.1	0.1	0.1	0.1	39.6	0.0	0.1	0.0	271.8	258.2	1.0	-0.3	266.7	265.0	272.6	272.5	271.7	277.2	98.8	69.0	32.1	0.0	272.1	272.0	40.0	52.4	8.0	62.4	0.0	4.9	.Autoclave.Outputs.PRESSIP\OutputValue	8.0	13.6	0.8	-1.0	0.0	-1.0	-1.0	-1.0	0.0	0.0	0.0	-1.0	-1.0	0.0	0.0	0.0	-1.0	0.0
23:55:46	70.0	270.6	271.9	271.8	266.7	267.7	267.4	269.9	265.7	261.8	270.1	267.7	266.3	259.1	265.8	263.6	0.0	0.1	0.1	0.0	0.1	39.6	0.0	0.1	0.0	271.9	259.1	2.1	-0.3	267.1	265.5	272.5	272.5	271.8	277.5	98.7	70.0	33.1	0.0	272.1	272.0	40.0	53.7	7.9	62.4	0.0	7.4	.Autoclave.Outputs.PRESSIP\OutputValue	8.0	12.8	0.6	-1.0	0.0	-1.0	-1.0	-1.0	0.0	0.0	0.0	-1.0	-1.0	0.0	0.0	0.0	-1.0	0.0
23:56:46	71.1	270.8	271.8	271.8	267.2	268.0	267.7	270.1	266.1	262.5	270.3	267.9	266.8	260.0	266.1	263.5	0.0	0.1	0.1	0.0	0.0	39.6	0.0	0.1	0.0	271.8	260.0	0.8	-1.6	267.4	265.9	272.6	272.6	271.8	277.7	98.6	71.0	34.1	0.0	272.2	272.0	40.0	53.0	7.9	62.4	0.0	6.0	.Autoclave.Outputs.PRESSIP\OutputValue	8.0	11.8	0.8	-1.0	0.0	-1.0	-1.0	-1.0	0.0	0.0	0.0	-1.0	-1.0	0.0	0.0	0.0	-1.0	0.0
23:56:52	71.2	270.9	271.8	271.9	267.2	268.1	267.7	269.9	266.2	262.6	270.4	268.5	266.9	260.2	266.1	263.7	0.0	0.1	0.1	0.1	0.1	39.6	0.0	0.1	0.0	271.9	260.2	0.8	-0.4	267.5	266.1	272.5	272.6	271.8	277.5	98.7	71.1	34.2	0.0	272.1	272.0	40.0	53.0	7.9	62.1	0.0	6.0	.Autoclave.Outputs.PRESSIP\OutputValue	8.0	11.7	0.6	-1.0	0.0	-1.0	-1.0	-1.0	0.0	0.0	0.0	-1.0	-1.0	0.0	0.0	0.0	-1.0	0.0
23:57:46	72.1	270.9	271.8	271.9	267.6	268.4	267.9	270.2	266.4	263.1	270.3	268.4	267.2	260.7	266.6	263.4	0.0	0.1	0.1	0.0	0.1	39.5	0.0	0.1	0.0	271.9	260.7	1.1	-0.3	267.7	266.3	272.6	272.6	271.7	277.6	98.7	72.0	0.9	70.1	272.0	272.0	40.0	53.0	7.8	62.6	0.0	6.0	.Autoclave.Outputs.PRESSIP\OutputValue	8.0	11.2	0.7	-1.0	0.0	-1.0	-1.0	-1.0	0.0	0.0	0.0	-1.0	-1.0	0.0	0.0	0.0	-1.0	0.0
23:58:46	73.1	271.0	271.8	271.9	267.9	268.6	268.3	270.2	266.8	263.7	270.9	268.6	267.5	261.3	266.8	265.6	0.0	0.1	0.1	0.0	0.1	39.6	0.0	0.1	0.0	271.9	261.3	1.0	-0.1	268.1	266.6	272.5	272.5	271.7	277.3	98.7	73.0	1.9	69.1	272.1	272.0	40.0	52.9	7.8	62.4	0.0	5.8	.Autoclave.Outputs.PRESSIP\OutputValue	8.0	10.6	0.6	-1.0	0.0	-1.0	-1.0	-1.0	0.0	0.0	0.0	-1.0	-1.0	0.0	0.0	0.0	-1.0	0.0
23:59:46	74.1	271.1	271.8	271.9	268.2	268.9	268.4	270.4	267.1	264.2	270.6	269.0	267.9	262.1	267.2	263.5	0.0	0.1	0.1	0.0	0.2	39.6	0.0	0.2	0.0	271.9	262.1	1.1	-0.7	268.2	267.0	272.5	272.5	271.7	277.3	98.7	74.0	2.9	68.1	272.1	272.0	40.0	52.9	7.8	62.3	0.0	5.8	.Autoclave.Outputs.PRESSIP\OutputValue	8.0	9.8	0.6	-1.0	0.0	-1.0	-1.0	-1.0	0.0	0.0	0.0	-1.0	-1.0	0.0	0.0	0.0	-1.0	0.0
00:00:46	75.1	271.1	271.8	271.9	268.6	269.1	268.7	270.5	267.4	264.7	271.0	269.3	268.1	262.7	267.5	264.9	0.1	0.1	0.1	0.0	0.1	39.6	0.0	0.1	0.0	271.9	262.7	0.8	-2.1	268.5	267.3	272.5	272.5	271.7	277.4	98.8	75.0	3.9	67.1	272.1	272.0	40.0	53.5	7.7	62.1	0.0	7.1	.Autoclave.Outputs.PRESSIP\OutputValue	8.0	9.2	0.6	-1.0	0.0	-1.0	-1.0	-1.0	0.0	0.0	0.0	-1.0	-1.0	0.0	0.0	0.0	-1.0	0.0
00:01:46	76.1	271.2	271.8	271.9	268.7	269.3	269.1	270.4	267.6	265.1	271.0	269.4	268.4	263.3	267.9	265.6	0.0	0.1	0.1	0.1	0.1	39.6	0.0	0.1	0.0	271.9	263.3	2.2	-0.5	268.7	267.6	272.5	272.5	271.7	277.2	98.8	76.0	4.9	66.1	272.0	272.0	40.0	52.2	7.7	62.3	0.0	4.3	.Autoclave.Outputs.PRESSIP\OutputValue	8.0	8.6	0.6	-1.0	0.0	-1.0	-1.0	-1.0	0.0	0.0	0.0	-1.0	-1.0	0.0	0.0	0.0	-1.0	0.0
00:02:46	77.1	271.2	271.8	272.0	268.9	269.5	269.1	270.7	267.8	265.5	271.0	269.7	268.7	263.7	268.2	266.8	0.0	0.1	0.1	0.0	0.1	39.6	0.0	0.1	0.0	272.0	263.7	0.5	-0.3	269.0	267.9	272.3	272.3	271.5	277.1	98.8	77.0	5.9	65.1	272.0	272.0	40.0	52.8	7.6	62.1	0.0	5.6	.Autoclave.Outputs.PRESSIP\OutputValue	8.0	8.3	0.3	-1.0	0.0	-1.0	-1.0	-1.0	0.0	0.0	0.0	-1.0	-1.0	0.0	0.0	0.0	-1.0	0.0
00:03:46	78.1	271.2	271.6	271.8	269.1	269.6	269.2	270.8	268.1	265.9	271.1	269.8	268.9	264.2	268.2	266.5	0.0	0.1	0.1	0.0	0.1	39.5	0.0	0.1	0.0	271.8	264.2	1.0	-0.2	269.1	268.0	271.8	271.8	271.0	276.0	98.7	78.0	6.9	64.1	272.1	272.0	40.0	57.4	7.6	62.8	0.0	14.8	.Autoclave.Outputs.PRESSIP\OutputValue	8.0	7.6	0.0	-1.0	0.0	-1.0	-1.0	-1.0	0.0	0.0	0.0	-1.0	-1.0	0.0	0.0	0.0	-1.0	0.0
00:04:46	79.1	271.3	271.6	272.0	269.4	269.8	269.5	270.7	268.4	266.3	271.3	270.1	269.1	264.7	268.6	266.6	0.0	0.1	0.1	0.0	0.1	39.6	0.0	0.1	0.0	272.0	264.7	0.4	-0.1	269.3	268.4	272.2	272.3	271.5	277.4	98.7	79.0	7.9	63.1	272.0	272.0	40.0	54.1	7.6	62.3	0.0	8.1	.Autoclave.Outputs.PRESSIP\OutputValue	8.0	7.3	0.2	-1.0	0.0	-1.0	-1.0	-1.0	0.0	0.0	0.0	-1.0	-1.0	0.0	0.0	0.0	-1.0	0.0
00:05:46	80.1	271.3	271.7	271.9	269.6	270.0	269.8	270.8	268.6	266.6	272.0	270.2	269.4	265.1	268.8	267.0	0.1	0.0	0.1	0.0	0.0	39.6	0.0	0.1	0.0	272.0	265.1	1.3	-0.4	269.5	268.6	272.3	272.2	271.5	277.1	98.7	80.0	8.9	62.1	272.1	272.0	40.0	54.0	7.5	62.3	0.0	8.1	.Autoclave.Outputs.PRESSIP\OutputValue	8.0	6.9	0.3	-1.0	0.0	-1.0	-1.0	-1.0	0.0	0.0	0.0	-1.0	-1.0	0.0	0.0	0.0	-1.0	0.0
00:06:46	81.1	271.3	271.5	271.9	269.7	270.1	269.7	270.9	268.8	266.9	272.2	270.3	269.6	265.5	269.9	266.6	0.1	0.1	0.1	0.1	0.1	39.6	0.0	0.1	0.1	272.2	265.5	1.4	-0.1	269.7	268.9	272.3	272.3	271.6	277.0	98.9	81.0	9.9	61.1	272.2	272.0	40.0	53.3	7.5	62.3	0.0	6.7	.Autoclave.Outputs.PRESSIP\OutputValue	8.0	6.7	0.1	-1.0	0.0	-1.0	-1.0	-1.0	0.0	0.0	0.0	-1.0	-1.0	0.0	0.0	0.0	-1.0	0.0
00:07:46	82.1	271.3	271.4	271.7	269.8	270.3	269.9	270.8	269.0	267.2	271.4	270.3	269.6	265.8	269.1	267.5	0.0	0.1	0.1	0.0	0.1	39.2	0.0	0.1	0.0	271.7	265.8	1.1	-0.1	269.7	268.8	271.7	271.5	270.7	269.6	98.6	82.0	10.9	60.1	272.2	272.0	40.0	55.7	7.5	65.6	0.0	11.4	.Autoclave.Outputs.PRESSIP\OutputValue	8.0	5.9	0.0	-1.0	0.0	-1.0	-1.0	-1.0	0.0	0.0	0.0	-1.0	-1.0	0.0	0.0	0.0	-1.0	0.0
00:08:46	83.0	271.2	271.3	271.6	269.8	270.2	270.4	270.7	269.0	267.5	271.9	270.5	269.7	266.1	269.0	266.0	0.0	0.0	0.1	0.0	0.1	39.6	0.0	0.1	0.0	271.9	266.0	0.1	-1.5	269.7	269.0	271.7	271.7	270.9	278.3	98.7	83.0	11.9	59.1	272.4	272.0	40.0	60.2	7.7	61.9	0.0	20.3	.Autoclave.Outputs.PRESSIP\OutputValue	8.0	5.9	-0.2	-1.0	0.0	-1.0	-1.0	-1.0	0.0	0.0	0.0	-1.0	-1.0	0.0	0.0	0.0	-1.0	0.0
00:09:46	84.1	271.3	271.4	271.8	270.0	270.4	270.0	270.8	269.1	267.6	271.1	270.6	269.9	266.5	269.4	269.0	0.0	0.1	0.1	0.0	0.1	39.6	0.0	0.1	0.0	271.8	266.5	0.5	-2.3	269.9	269.2	272.5	272.5	271.7	277.5	98.8	84.0	12.9	58.1	272.3	272.0	40.0	54.1	7.7	62.3	0.0	8.3	.Autoclave.Outputs.PRESSIP\OutputValue	8.0	5.3	0.7	-1.0	0.0	-1.0	-1.0	-1.0	0.0	0.0	0.0	-1.0	-1.0	0.0	0.0	0.0	-1.0	0.0
00:10:46	85.1	271.3	271.5	271.8	270.2	270.6	270.6	271.0	269.4	268.1	271.0	270.6	269.9	266.8	269.5	267.5	0.0	0.1	0.1	0.0	0.1	39.6	0.0	0.1	0.0	271.8	266.8	0.9	-0.1	270.0	269.3	272.2	272.2	271.5	277.2	98.9	85.0	13.9	57.1	272.3	272.0	40.0	56.1	7.6	62.3	0.0	12.3	.Autoclave.Outputs.PRESSIP\OutputValue	8.0	5.0	0.4	-1.0	0.0	-1.0	-1.0	-1.0	0.0	0.0	0.0	-1.0	-1.0	0.0	0.0	0.0	-1.0	0.0
00:11:46	86.0	271.4	271.4	271.8	270.4	270.7	270.4	271.0	269.5	268.4	270.1	270.9	270.1	267.1	269.7	266.7	0.0	0.1	0.1	0.0	0.1	39.4	0.0	0.1	0.0	271.8	266.7	0.9	-0.1	270.0	269.2	271.9	271.9	271.2	274.1	98.9	86.0	14.9	56.1	271.6	272.0	40.0	52.5	7.6	63.8	0.0	5.0	.Autoclave.Outputs.PRESSIP\OutputValue	8.0	5.1	0.1	-1.0	0.0	-1.0	-1.0	-1.0	0.0	0.0	0.0	-1.0	-1.0	0.0	0.0	0.0	-1.0	0.0
00:12:46	87.1	271.4	271.4	271.8	270.5	270.7	270.4	271.0	269.7	268.5	272.8	270.8	270.2	267.3	269.9	266.7	0.0	0.1	0.1	0.0	0.0	39.6	0.0	0.1	0.0	272.8	266.7	0.3	-0.8	270.2	269.8	272.2	272.2	271.5	277.6	99.0	87.0	15.9	55.1	272.2	272.0	40.0	54.8	7.7	62.3	0.0	9.7	.Autoclave.Outputs.PRESSIP\OutputValue	8.0	6.1	-0.6	-1.0	0.0	-1.0	-1.0	-1.0	0.0	0.0	0.0	-1.0	-1.0	0.0	0.0	0.0	-1.0	0.0
00:13:46	88.1	271.2	271.1	271.6	270.5	270.7	270.4	270.7	269.6	268.5	271.4	270.8	270.1	267.4	269.7	267.4	0.0	0.1	0.1	0.0	0.0	39.6	0.0	0.1	0.0	271.6	267.4	0.5	-0.3	270.1	269.5	271.5	271.5	270.8	278.2	98.9	88.0	16.9	54.1	272.4	272.0	40.0	61.6	7.8	62.3	0.0	23.3	.Autoclave.Outputs.PRESSIP\OutputValue	8.0	4.2	-0.1	-1.0	0.0	-1.0	-1.0	-1.0	0.0	0.0	0.0	-1.0	-1.0	0.0	0.0	0.0	-1.0	0.0
00:14:46	89.1	271.4	271.3	271.7	270.6	270.9	270.5	270.9	269.9	268.8	271.6	270.7	270.2	267.8	269.9	268.5	0.1	0.1	0.1	0.0	0.0	39.6	0.0	0.1	0.0	271.7	267.8	0.4	-0.4	270.3	269.8	272.5	272.6	271.9	278.0	98.9	89.0	17.9	53.1	272.1	272.0	40.0	54.3	7.8	61.7	0.0	8.6	.Autoclave.Outputs.PRESSIP\OutputValue	8.0	3.9	0.8	-1.0	0.0	-1.0	-1.0	-1.0	0.0	0.0	0.0	-1.0	-1.0	0.0	0.0	0.0	-1.0	0.0
00:15:46	90.1	271.3	271.3	271.6	270.6	270.8	270.4	270.7	269.7	268.7	271.3	270.9	270.2	268.0	270.2	266.9	0.0	0.1	0.1	0.0	0.0	39.6	0.0	0.1	0.0	271.6	266.9	0.2	-1.6	270.2	269.2	271.7	271.7	271.1	278.9	98.8	90.0	18.9	52.1	272.4	272.0	40.0	60.1	7.9	61.7	0.0	20.2	.Autoclave.Outputs.PRESSIP\OutputValue	8.0	4.7	0.1	-1.0	0.0	-1.0	-1.0	-1.0	0.0	0.0	0.0	-1.0	-1.0	0.0	0.0	0.0	-1.0	0.0
00:16:46	91.1	271.3	271.2	271.7	270.7	270.9	270.7	270.7	269.9	268.9	271.5	270.9	270.3	268.4	270.5	270.0	0.0	0.1	0.1	0.0	0.1	39.6	0.0	0.1	0.0	271.7	268.4	2.2	-0.1	270.5	270.1	272.4	272.4	271.7	277.1	98.9	91.0	19.9	51.1	271.7	272.0	40.0	51.4	7.8	62.1	0.0	2.8	.Autoclave.Outputs.PRESSIP\OutputValue	8.0	3.3	0.7	-1.0	0.0	-1.0	-1.0	-1.0	0.0	0.0	0.0	-1.0	-1.0	0.0	0.0	0.0	-1.0	0.0
00:17:46	92.1	271.1	270.8	271.3	270.5	270.8	270.3	271.0	269.7	268.9	270.7	270.5	270.1	268.6	270.4	268.2	0.0	0.0	0.1	0.0	0.1	39.4	0.0	0.1	0.0	271.3	268.2	0.2	-0.4	270.2	269.7	270.3	270.3	269.8	273.1	98.8	92.0	20.9	50.1	272.7	272.0	40.0	71.7	7.9	63.8	0.0	43.4	.Autoclave.Outputs.PRESSIP\OutputValue	8.0	3.1	-1.0	-1.0	0.0	-1.0	-1.0	-1.0	0.0	0.0	0.0	-1.0	-1.0	0.0	0.0	0.0	-1.0	0.0
00:18:46	93.1	271.2	271.2	271.5	270.7	271.0	270.5	270.8	270.0	269.0	271.4	271.2	270.4	268.7	270.4	267.7	0.1	0.0	0.1	0.1	0.4	39.6	0.0	0.4	0.0	271.5	267.7	2.2	-0.7	270.4	269.6	272.0	272.1	271.6	278.2	98.7	93.0	21.9	49.1	272.1	272.0	40.0	57.5	8.0	61.5	0.0	15.1	.Autoclave.Outputs.PRESSIP\OutputValue	8.0	3.8	0.5	-1.0	0.0	-1.0	-1.0	-1.0	0.0	0.0	0.0	-1.0	-1.0	0.0	0.0	0.0	-1.0	0.0
00:19:46	94.1	271.1	270.6	271.1	270.4	270.8	270.3	270.5	269.7	269.0	271.1	270.8	270.1	268.8	270.6	269.0	0.0	0.0	0.1	0.0	-0.3	39.5	0.0	0.1	-0.3	271.1	268.8	0.7	-0.7	270.3	270.0	269.6	269.5	269.0	273.9	98.7	94.0	22.9	48.1	272.5	272.0	40.0	75.6	8.1	63.4	0.0	51.3	.Autoclave.Outputs.PRESSIP\OutputValue	8.0	2.3	-1.5	-1.0	0.0	-1.0	-1.0	-1.0	0.0	0.0	0.0	-1.0	-1.0	0.0	0.0	0.0	-1.0	0.0
00:20:46	95.1	271.2	270.9	271.3	270.6	271.2	270.6	270.7	270.0	269.2	271.5	270.8	270.4	268.7	270.4	267.4	0.1	0.1	0.1	0.1	0.2	39.6	0.0	0.2	0.1	271.5	267.4	1.0	-1.6	270.3	269.5	271.7	271.8	271.4	278.9	98.9	95.0	23.9	47.1	272.5	272.0	40.0	62.1	8.2	61.3	0.0	24.1	.Autoclave.Outputs.PRESSIP\OutputValue	8.0	4.1	0.2	-1.0	0.0	-1.0	-1.0	-1.0	0.0	0.0	0.0	-1.0	-1.0	0.0	0.0	0.0	-1.0	0.0
00:21:46	96.0	271.2	270.8	271.2	270.6	271.1	270.6	270.8	269.9	269.3	271.8	270.6	270.2	268.7	270.4	268.4	0.0	0.1	0.0	0.0	0.0	39.6	0.0	0.1	0.0	271.8	268.4	2.8	-0.2	270.4	270.1	271.4	271.5	270.8	278.1	98.8	96.0	24.9	46.1	271.5	272.0	40.0	60.6	8.4	61.7	0.0	21.2	.Autoclave.Outputs.PRESSIP\OutputValue	8.0	3.4	-0.4	-1.0	0.0	-1.0	-1.0	-1.0	0.0	0.0	0.0	-1.0	-1.0	0.0	0.0	0.0	-1.0	0.0
00:22:46	97.1	271.3	271.1	271.5	270.8	271.2	270.8	270.9	270.2	269.4	271.7	270.9	270.4	269.2	270.8	268.7	0.0	0.1	0.0	0.0	0.1	39.5	0.0	0.1	0.0	271.7	268.7	0.4	-0.8	270.6	270.2	272.2	272.1	271.7	275.0	98.8	97.0	25.9	45.1	272.3	272.0	40.0	53.9	8.4	62.6	0.0	7.8	.Autoclave.Outputs.PRESSIP\OutputValue	8.0	3.0	0.5	-1.0	0.0	-1.0	-1.0	-1.0	0.0	0.0	0.0	-1.0	-1.0	0.0	0.0	0.0	-1.0	0.0
00:23:46	98.1	271.4	271.2	271.5	270.9	271.2	270.8	270.9	270.3	269.5	272.2	271.1	270.4	269.3	270.8	270.6	0.1	0.0	0.1	0.1	0.0	39.6	0.0	0.1	0.0	272.2	269.3	1.8	-0.1	270.8	270.8	272.3	272.3	271.8	277.0	98.7	98.0	26.9	44.1	272.1	272.0	40.0	54.7	8.4	62.1	0.0	9.3	.Autoclave.Outputs.PRESSIP\OutputValue	8.0	2.9	0.1	-1.0	0.0	-1.0	-1.0	-1.0	0.0	0.0	0.0	-1.0	-1.0	0.0	0.0	0.0	-1.0	0.0
00:24:46	99.0	271.2	270.8	271.2	270.6	271.2	270.6	270.8	270.1	269.5	271.1	270.9	270.4	269.3	270.6	269.2	0.1	0.1	0.1	0.0	0.1	39.6	0.0	0.1	0.0	271.2	269.2	0.2	-1.4	270.5	270.2	271.2	271.2	270.7	277.4	98.7	99.0	27.9	43.1	272.6	272.0	40.0	65.4	8.5	61.9	0.0	30.9	.Autoclave.Outputs.PRESSIP\OutputValue	8.0	2.0	0.0	-1.0	0.0	-1.0	-1.0	-1.0	0.0	0.0	0.0	-1.0	-1.0	0.0	0.0	0.0	-1.0	0.0
00:25:46	100.1	271.3	271.2	271.5	270.9	271.3	270.8	271.1	270.3	269.6	271.1	271.2	270.4	269.4	270.9	271.5	0.0	0.0	0.1	0.0	0.0	39.5	0.0	0.1	0.0	271.5	269.4	0.4	-1.3	270.8	270.5	272.5	272.5	271.9	275.5	98.7	100.0	28.9	42.1	272.3	272.0	40.0	54.8	8.5	62.8	0.0	9.5	.Autoclave.Outputs.PRESSIP\OutputValue	8.0	2.1	1.0	-1.0	0.0	-1.0	-1.0	-1.0	0.0	0.0	0.0	-1.0	-1.0	0.0	0.0	0.0	-1.0	0.0
00:26:46	101.1	271.3	271.2	271.6	270.9	271.4	271.0	271.0	270.4	269.7	271.8	271.0	270.4	269.5	271.3	269.9	0.0	0.0	0.1	0.0	0.0	39.6	0.0	0.1	0.0	271.8	269.5	2.7	-0.1	270.8	270.7	272.5	272.5	271.9	277.4	98.8	101.0	29.9	41.1	271.0	272.0	40.0	46.8	8.6	61.5	-1.0	0.0	.Autoclave.Outputs.PRESSIP\OutputValue	8.0	2.3	0.7	-1.0	0.0	-1.0	-1.0	-1.0	0.0	0.0	0.0	-1.0	-1.0	0.0	0.0	0.0	-1.0	0.0
00:27:46	102.0	271.2	270.9	271.3	270.7	271.2	270.6	270.7	270.1	269.7	271.4	270.8	270.4	269.4	270.6	271.1	0.0	0.0	0.1	0.0	0.1	39.6	0.0	0.1	0.0	271.4	269.4	1.1	-0.5	270.7	270.4	271.0	271.0	270.2	277.3	98.7	102.0	30.9	40.1	272.7	272.0	40.0	69.2	8.7	62.1	0.0	38.3	.Autoclave.Outputs.PRESSIP\OutputValue	8.0	2.0	-0.4	-1.0	0.0	-1.0	-1.0	-1.0	0.0	0.0	0.0	-1.0	-1.0	0.0	0.0	0.0	-1.0	0.0
00:28:46	103.1	271.2	271.4	271.3	271.0	271.4	270.8	270.9	270.3	269.8	271.4	271.2	270.5	269.7	270.9	269.1	0.0	0.1	0.0	0.0	0.1	39.6	0.0	0.1	0.0	271.4	269.1	0.7	0.0	270.7	270.3	272.4	272.4	271.8	277.7	98.7	103.0	31.9	39.1	272.4	272.0	40.0	56.9	8.7	61.3	0.0	13.9	.Autoclave.Outputs.PRESSIP\OutputValue	8.0	2.3	1.0	-1.0	0.0	-1.0	-1.0	-1.0	0.0	0.0	0.0	-1.0	-1.0	0.0	0.0	0.0	-1.0	0.0
00:29:46	104.1	271.2	271.0	271.3	270.8	271.3	270.7	270.7	270.2	269.8	272.0	271.1	270.5	269.7	270.5	268.1	0.0	0.0	0.1	0.0	0.1	39.6	0.0	0.1	0.0	272.0	268.1	0.2	-2.3	270.6	270.1	271.2	271.2	270.5	278.0	98.7	104.0	32.9	38.1	272.7	272.0	40.0	67.3	8.8	61.5	0.0	34.6	.Autoclave.Outputs.PRESSIP\OutputValue	8.0	3.9	-0.8	-1.0	0.0	-1.0	-1.0	-1.0	0.0	0.0	0.0	-1.0	-1.0	0.0	0.0	0.0	-1.0	0.0
00:30:46	105.1	271.0	270.6	271.0	270.6	271.2	270.7	270.7	270.0	269.7	271.1	271.0	270.4	269.7	270.6	267.5	0.0	0.1	0.1	0.0	0.0	39.3	0.0	0.1	0.0	271.2	267.5	4.0	-0.3	270.4	269.3	269.9	269.9	269.2	269.8	98.6	105.0	33.9	37.1	272.8	272.0	40.0	76.2	8.8	64.5	0.0	52.4	.Autoclave.Outputs.PRESSIP\OutputValue	8.0	3.7	-1.2	-1.0	0.0	-1.0	-1.0	-1.0	0.0	0.0	0.0	-1.0	-1.0	0.0	0.0	0.0	-1.0	0.0
00:31:46	106.1	271.2	271.0	271.3	270.8	271.2	270.7	270.7	270.3	269.8	271.9	271.1	270.6	269.9	270.6	267.9	0.1	0.1	0.1	0.0	0.1	39.6	0.0	0.1	0.0	271.9	267.9	0.6	-3.7	270.6	269.9	271.8	271.8	271.2	277.3	98.6	106.0	34.9	36.1	271.4	272.0	40.0	59.3	9.0	61.7	0.0	18.5	.Autoclave.Outputs.PRESSIP\OutputValue	8.0	4.0	-0.1	-1.0	0.0	-1.0	-1.0	-1.0	0.0	0.0	0.0	-1.0	-1.0	0.0	0.0	0.0	-1.0	0.0
00:32:46	107.1	271.1	271.0	271.4	270.8	271.2	270.8	270.6	270.2	269.7	271.4	271.2	270.6	269.8	270.6	268.4	0.1	0.1	0.1	0.0	0.1	39.7	0.0	0.1	0.0	271.4	268.4	1.0	-0.2	270.6	269.9	271.8	271.8	271.0	278.6	98.8	107.0	35.9	35.1	272.7	272.0	40.0	63.0	9.1	61.3	0.0	25.9	.Autoclave.Outputs.PRESSIP\OutputValue	8.0	3.0	0.4	-1.0	0.0	-1.0	-1.0	-1.0	0.0	0.0	0.0	-1.0	-1.0	0.0	0.0	0.0	-1.0	0.0
00:33:46	108.1	271.2	271.2	271.5	270.9	271.3	270.9	270.9	270.3	270.0	271.8	271.3	270.7	270.2	271.1	268.6	0.1	0.1	0.1	0.1	0.1	39.6	0.0	0.1	0.1	271.8	268.6	0.4	-0.3	270.8	270.2	272.5	272.5	271.7	277.1	98.9	108.0	36.9	34.1	272.3	272.0	40.0	54.7	9.1	61.5	0.0	9.4	.Autoclave.Outputs.PRESSIP\OutputValue	8.0	3.2	0.7	-1.0	0.0	-1.0	-1.0	-1.0	0.0	0.0	0.0	-1.0	-1.0	0.0	0.0	0.0	-1.0	0.0
00:34:46	109.1	271.2	271.2	271.5	271.0	271.3	270.8	271.2	270.5	270.0	271.6	271.4	270.8	270.1	271.0	270.2	0.0	0.1	0.1	0.0	0.0	39.5	-0.1	0.1	0.0	271.6	270.0	0.2	-1.0	270.9	270.8	272.4	272.3	271.6	274.7	98.9	109.0	37.9	33.1	272.0	272.0	40.0	53.3	9.1	62.6	0.0	6.7	.Autoclave.Outputs.PRESSIP\OutputValue	8.0	1.6	0.8	-1.0	0.0	-1.0	-1.0	-1.0	0.0	0.0	0.0	-1.0	-1.0	0.0	0.0	0.0	-1.0	0.0
00:35:46	110.1	271.2	271.2	271.6	271.0	271.2	270.9	270.9	270.5	270.1	272.3	271.4	270.8	270.1	270.9	269.3	0.1	0.0	0.1	0.1	0.1	39.6	0.0	0.1	0.0	272.3	269.3	0.8	-0.1	270.9	270.8	272.5	272.5	271.7	277.5	99.0	110.0	38.9	32.1	272.5	272.0	40.0	57.4	9.1	61.7	0.0	14.7	.Autoclave.Outputs.PRESSIP\OutputValue	8.0	3.0	0.2	-1.0	0.0	-1.0	-1.0	-1.0	0.0	0.0	0.0	-1.0	-1.0	0.0	0.0	0.0	-1.0	0.0
00:36:46	111.1	271.2	271.1	271.4	271.0	271.1	270.7	270.7	270.3	270.1	271.7	271.3	270.8	270.2	270.9	267.6	0.1	0.1	0.1	0.0	-0.1	39.6	0.0	0.1	-0.1	271.7	267.6	0.0	-1.7	270.7	269.7	271.8	271.7	271.0	278.4	99.1	111.0	39.9	31.1	272.5	272.0	40.0	61.7	9.2	61.1	0.0	23.4	.Autoclave.Outputs.PRESSIP\OutputValue	8.0	4.1	0.1	-1.0	0.0	-1.0	-1.0	-1.0	0.0	0.0	0.0	-1.0	-1.0	0.0	0.0	0.0	-1.0	0.0
00:37:46	112.0	271.1	271.2	271.5	271.0	271.2	270.8	270.8	270.3	270.2	271.5	271.3	270.8	270.2	271.0	268.5	0.1	0.0	0.0	0.0	0.1	39.7	0.0	0.1	0.0	271.5	268.5	2.0	0.0	270.8	270.0	272.2	272.2	271.4	278.0	99.1	112.0	40.9	30.1	271.8	272.0	40.0	59.1	9.2	61.3	0.0	18.1	.Autoclave.Outputs.PRESSIP\OutputValue	8.0	3.0	0.7	-1.0	0.0	-1.0	-1.0	-1.0	0.0	0.0	0.0	-1.0	-1.0	0.0	0.0	0.0	-1.0	0.0
00:38:46	113.1	270.8	270.6	271.0	270.8	270.9	270.5	270.6	270.1	270.0	270.6	271.1	270.7	270.1	270.4	268.8	0.0	0.1	0.1	0.0	0.1	39.5	0.0	0.1	0.0	271.1	268.8	0.0	-0.7	270.5	270.0	269.6	269.6	268.8	273.9	99.0	113.0	41.9	29.1	272.2	272.0	40.0	79.1	9.3	62.8	0.0	58.3	.Autoclave.Outputs.PRESSIP\OutputValue	8.0	2.3	-1.5	-1.0	0.0	-1.0	-1.0	-1.0	0.0	0.0	0.0	-1.0	-1.0	0.0	0.0	0.0	-1.0	0.0
00:39:46	114.1	271.0	271.0	271.4	271.0	271.1	270.6	270.7	270.3	270.2	271.8	271.4	270.8	270.3	270.9	268.0	0.0	0.1	0.1	0.0	0.1	39.6	0.0	0.1	0.0	271.8	268.0	0.5	-0.1	270.7	269.9	272.1	272.1	271.2	278.3	99.0	114.0	42.9	28.1	272.6	272.0	40.0	59.0	9.4	61.3	0.0	18.0	.Autoclave.Outputs.PRESSIP\OutputValue	8.0	3.8	0.3	-1.0	0.0	-1.0	-1.0	-1.0	0.0	0.0	0.0	-1.0	-1.0	0.0	0.0	0.0	-1.0	0.0
00:40:46	115.0	271.2	271.2	271.5	271.1	271.2	270.8	270.8	270.5	270.3	272.5	271.5	270.9	270.4	271.2	268.5	0.0	0.1	0.1	0.0	-0.1	39.6	0.0	0.1	-0.1	272.5	268.5	0.5	-0.9	270.9	270.5	272.4	272.4	271.8	276.6	99.2	115.0	43.9	27.1	272.1	272.0	40.0	54.3	9.4	62.3	0.0	8.6	.Autoclave.Outputs.PRESSIP\OutputValue	8.0	4.0	-0.1	-1.0	0.0	-1.0	-1.0	-1.0	0.0	0.0	0.0	-1.0	-1.0	0.0	0.0	0.0	-1.0	0.0
00:41:46	116.1	271.0	270.9	271.3	271.0	271.1	270.8	270.7	270.3	270.2	271.5	270.9	270.6	270.3	270.9	269.6	0.1	0.1	0.1	0.1	0.1	39.6	0.0	0.1	0.1	271.5	269.6	0.0	-1.7	270.8	270.6	271.6	271.6	270.8	278.0	99.2	116.0	44.9	26.1	272.7	272.0	40.0	64.7	9.5	61.3	0.0	29.4	.Autoclave.Outputs.PRESSIP\OutputValue	8.0	1.9	0.1	-1.0	0.0	-1.0	-1.0	-1.0	0.0	0.0	0.0	-1.0	-1.0	0.0	0.0	0.0	-1.0	0.0
00:42:46	117.1	271.1	271.2	271.5	271.1	271.3	270.8	271.1	270.7	270.3	271.7	271.3	270.8	270.4	271.2	269.2	0.1	0.0	0.1	0.1	-0.1	39.4	0.0	0.1	-0.1	271.7	269.2	0.4	0.0	270.9	270.5	272.5	272.5	271.8	273.9	99.1	117.0	45.9	25.1	272.4	272.0	40.0	57.1	9.5	63.2	0.0	14.2	.Autoclave.Outputs.PRESSIP\OutputValue	8.0	2.5	0.8	-1.0	0.0	-1.0	-1.0	-1.0	0.0	0.0	0.0	-1.0	-1.0	0.0	0.0	0.0	-1.0	0.0
00:43:46	118.1	270.9	270.9	271.3	271.0	271.2	270.7	270.7	270.5	270.4	271.6	271.3	270.7	270.4	270.9	268.1	0.1	0.1	0.1	0.0	0.2	39.6	0.0	0.2	0.0	271.6	268.1	0.5	-0.6	270.7	269.9	271.7	271.8	271.0	278.3	99.2	118.0	46.9	24.1	271.4	272.0	40.0	63.3	9.7	61.3	0.0	26.5	.Autoclave.Outputs.PRESSIP\OutputValue	8.0	3.5	0.1	-1.0	0.0	-1.0	-1.0	-1.0	0.0	0.0	0.0	-1.0	-1.0	0.0	0.0	0.0	-1.0	0.0
00:44:46	119.1	270.8	270.7	271.1	271.0	271.0	270.8	270.8	270.4	270.3	271.3	271.1	270.7	270.4	271.0	269.8	0.0	0.1	0.1	0.0	0.1	39.5	0.0	0.1	0.0	271.3	269.8	0.7	-1.2	270.8	270.6	270.9	270.9	270.1	273.5	99.1	119.0	47.9	23.1	272.0	272.0	40.0	64.6	9.7	63.2	0.0	29.2	.Autoclave.Outputs.PRESSIP\OutputValue	8.0	1.5	-0.4	-1.0	0.0	-1.0	-1.0	-1.0	0.0	0.0	0.0	-1.0	-1.0	0.0	0.0	0.0	-1.0	0.0
00:45:46	120.1	271.0	271.1	271.5	271.1	271.2	270.9	270.8	270.5	270.5	271.9	271.5	270.9	270.5	271.1	269.3	0.1	0.1	0.1	0.0	0.1	39.7	0.0	0.1	0.0	271.9	269.3	1.1	-0.3	270.9	270.6	272.5	272.5	271.8	278.5	99.2	120.0	48.9	22.1	272.2	272.0	40.0	55.4	9.8	61.1	0.0	10.7	.Autoclave.Outputs.PRESSIP\OutputValue	8.0	2.6	0.6	-1.0	0.0	-1.0	-1.0	-1.0	0.0	0.0	0.0	-1.0	-1.0	0.0	0.0	0.0	-1.0	0.0
00:46:46	121.1	270.8	270.5	271.0	270.8	271.0	270.5	270.7	270.2	270.3	270.7	271.0	270.5	270.4	270.9	269.1	0.0	0.1	0.1	0.0	0.1	39.4	0.0	0.1	0.0	271.0	269.1	0.4	-0.7	270.6	270.1	269.4	269.4	268.7	269.4	99.2	121.0	49.9	21.1	272.6	272.0	40.0	80.0	9.8	64.1	0.0	60.1	.Autoclave.Outputs.PRESSIP\OutputValue	8.0	1.9	-1.6	-1.0	0.0	-1.0	-1.0	-1.0	0.0	0.0	0.0	-1.0	-1.0	0.0	0.0	0.0	-1.0	0.0
00:47:46	122.1	270.9	270.9	271.2	271.0	271.0	270.7	270.6	270.5	270.4	271.6	271.1	270.7	270.5	270.8	271.0	0.0	0.1	0.1	0.0	0.1	39.6	0.0	0.1	0.0	271.6	270.4	1.2	-1.1	270.9	271.0	271.8	271.8	271.1	277.9	99.2	122.0	50.9	20.1	272.2	272.0	40.0	60.3	10.0	61.7	0.0	20.5	.Autoclave.Outputs.PRESSIP\OutputValue	8.0	1.2	0.2	-1.0	0.0	-1.0	-1.0	-1.0	0.0	0.0	0.0	-1.0	-1.0	0.0	0.0	0.0	-1.0	0.0
00:48:46	123.1	271.0	271.1	271.5	271.1	271.2	270.9	270.9	270.6	270.5	271.8	271.3	270.8	270.7	271.3	270.4	0.0	0.1	0.1	0.0	0.1	39.6	0.0	0.1	0.0	271.8	270.4	1.4	-0.7	271.0	271.1	272.7	272.7	271.9	278.0	99.3	123.0	51.9	19.1	272.5	272.0	40.0	54.9	10.0	61.3	0.0	9.8	.Autoclave.Outputs.PRESSIP\OutputValue	8.0	1.4	0.9	-1.0	0.0	-1.0	-1.0	-1.0	0.0	0.0	0.0	-1.0	-1.0	0.0	0.0	0.0	-1.0	0.0
00:49:46	124.1	270.8	270.8	271.3	271.0	271.0	270.8	270.8	270.5	270.4	271.5	271.0	270.7	270.6	271.1	269.9	0.0	0.1	0.1	0.0	0.1	39.6	0.0	0.1	0.0	271.5	269.9	0.0	-0.3	270.8	270.7	271.2	271.1	270.5	275.8	99.2	124.0	52.9	18.1	272.6	272.0	40.0	66.9	10.0	62.4	0.0	33.9	.Autoclave.Outputs.PRESSIP\OutputValue	8.0	1.6	-0.3	-1.0	0.0	-1.0	-1.0	-1.0	0.0	0.0	0.0	-1.0	-1.0	0.0	0.0	0.0	-1.0	0.0
00:50:46	125.1	271.0	271.2	271.5	271.0	271.2	270.9	270.9	270.7	270.5	271.5	271.1	270.8	270.7	271.3	270.5	0.1	0.1	0.1	0.0	0.1	39.5	0.0	0.1	0.0	271.5	270.5	1.7	0.0	271.0	271.0	272.4	272.4	271.5	274.6	99.2	125.0	53.9	17.1	272.5	272.0	40.0	54.5	10.1	62.6	0.0	9.1	.Autoclave.Outputs.PRESSIP\OutputValue	8.0	1.0	0.9	-1.0	0.0	-1.0	-1.0	-1.0	0.0	0.0	0.0	-1.0	-1.0	0.0	0.0	0.0	-1.0	0.0
00:51:46	126.1	271.1	271.3	271.5	271.1	271.3	271.0	270.8	270.6	270.6	271.6	271.5	270.9	270.7	271.2	271.0	0.0	0.0	0.1	0.0	0.1	39.7	0.0	0.1	0.0	271.6	270.6	0.3	-1.5	271.1	271.1	272.7	272.7	272.0	278.4	99.3	126.0	54.9	16.1	272.2	272.0	40.0	54.3	10.1	61.1	0.0	8.7	.Autoclave.Outputs.PRESSIP\OutputValue	8.0	1.0	1.1	-1.0	0.0	-1.0	-1.0	-1.0	0.0	0.0	0.0	-1.0	-1.0	0.0	0.0	0.0	-1.0	0.0
00:52:46	127.1	271.0	270.8	271.3	271.1	271.0	270.7	270.7	270.4	270.4	272.7	271.1	270.6	270.6	271.0	268.0	0.0	0.1	0.1	0.0	0.1	39.6	0.0	0.1	0.0	272.7	268.0	0.6	-0.4	270.8	270.4	270.8	270.8	270.2	277.1	99.2	127.0	55.9	15.1	271.7	272.0	40.0	63.3	10.2	61.5	0.0	26.7	.Autoclave.Outputs.PRESSIP\OutputValue	8.0	4.7	-1.9	-1.0	0.0	-1.0	-1.0	-1.0	0.0	0.0	0.0	-1.0	-1.0	0.0	0.0	0.0	-1.0	0.0
00:53:46	128.0	271.0	271.2	271.5	271.1	271.2	271.2	270.9	270.7	270.6	271.8	271.4	271.0	270.7	271.3	269.0	0.0	0.1	0.1	0.0	0.1	39.7	0.0	0.1	0.0	271.8	269.0	0.6	-0.8	271.0	270.4	272.8	272.8	272.0	278.2	99.2	128.0	56.9	14.1	272.2	272.0	40.0	53.8	10.2	61.3	-1.0	7.6	.Autoclave.Outputs.PRESSIP\OutputValue	8.0	2.8	1.0	-1.0	0.0	-1.0	-1.0	-1.0	0.0	0.0	0.0	-1.0	-1.0	0.0	0.0	0.0	-1.0	0.0
00:54:46	129.1	270.8	270.7	271.1	270.9	271.0	270.7	270.6	270.3	270.4	271.2	271.1	270.8	270.6	270.9	269.0	0.0	0.1	0.1	0.0	0.1	39.6	-0.5	0.1	0.0	271.2	269.0	0.6	-0.8	270.7	270.1	270.7	270.8	270.0	277.1	99.4	129.0	57.9	13.1	272.8	272.0	40.0	72.9	10.5	61.5	0.0	45.8	.Autoclave.Outputs.PRESSIP\OutputValue	8.0	2.2	-0.5	-1.0	0.0	-1.0	-1.0	-1.0	0.0	0.0	0.0	-1.0	-1.0	0.0	0.0	0.0	-1.0	0.0
00:55:46	130.1	270.7	270.6	271.0	270.9	271.0	270.7	270.6	270.3	270.4	272.1	271.0	270.6	270.6	271.0	269.2	0.1	0.1	0.1	0.0	0.1	39.5	0.0	0.1	0.0	272.1	269.2	2.0	-0.4	270.7	270.7	270.8	270.8	270.1	274.8	99.3	130.0	58.9	12.1	272.8	272.0	40.0	71.5	10.6	62.8	0.0	42.9	.Autoclave.Outputs.PRESSIP\OutputValue	8.0	2.9	-1.3	-1.0	0.0	-1.0	-1.0	-1.0	0.0	0.0	0.0	-1.0	-1.0	0.0	0.0	0.0	-1.0	0.0
00:56:46	131.0	271.0	271.1	271.3	271.0	271.1	270.9	270.8	270.6	270.5	271.7	271.4	270.8	270.8	271.3	267.8	0.0	0.1	0.1	0.0	0.1	39.7	0.0	0.1	0.0	271.7	267.8	1.2	-1.3	270.8	269.8	272.8	272.8	272.2	278.4	99.3	131.0	59.9	11.1	272.1	272.0	40.0	52.8	10.6	61.3	-1.0	5.7	.Autoclave.Outputs.PRESSIP\OutputValue	8.0	3.9	1.1	-1.0	0.0	-1.0	-1.0	-1.0	0.0	0.0	0.0	-1.0	-1.0	0.0	0.0	0.0	-1.0	0.0
00:57:46	132.1	270.7	270.7	271.0	270.9	270.9	270.7	270.6	270.3	270.4	271.1	271.1	270.7	270.6	270.9	269.2	0.0	0.1	0.1	0.0	0.1	39.6	0.0	0.1	0.0	271.1	269.2	0.5	-0.8	270.7	270.2	271.0	271.1	270.3	277.4	99.4	132.0	60.9	10.1	272.6	272.0	40.0	70.4	10.8	61.7	0.0	40.7	.Autoclave.Outputs.PRESSIP\OutputValue	8.0	1.9	-0.1	-1.0	0.0	-1.0	-1.0	-1.0	0.0	0.0	0.0	-1.0	-1.0	0.0	0.0	0.0	-1.0	0.0
00:58:46	133.1	271.0	271.0	271.3	271.1	271.1	271.0	270.7	270.5	270.5	272.5	271.3	270.7	270.8	271.3	269.6	0.0	0.0	0.1	0.1	0.0	39.4	0.0	0.1	0.0	272.5	269.6	1.3	0.1	271.0	271.1	272.4	272.4	271.6	273.2	99.2	133.0	61.9	9.1	272.6	272.0	40.0	59.7	10.8	63.8	0.0	19.4	.Autoclave.Outputs.PRESSIP\OutputValue	8.0	2.9	-0.1	-1.0	0.0	-1.0	-1.0	-1.0	0.0	0.0	0.0	-1.0	-1.0	0.0	0.0	0.0	-1.0	0.0
00:59:46	134.1	270.9	271.1	271.4	271.1	271.1	270.8	270.7	270.5	270.4	272.0	271.1	270.8	270.7	271.2	270.6	0.0	0.1	0.1	0.1	0.1	39.7	0.0	0.1	0.0	272.0	270.4	0.2	-1.7	271.0	271.2	272.2	272.3	271.5	279.1	99.3	134.0	62.9	8.1	272.5	272.0	40.0	60.5	10.9	60.8	0.0	21.0	.Autoclave.Outputs.PRESSIP\OutputValue	8.0	1.6	0.2	-1.0	0.0	-1.0	-1.0	-1.0	0.0	0.0	0.0	-1.0	-1.0	0.0	0.0	0.0	-1.0	0.0
01:00:46	135.1	270.5	270.2	270.7	270.8	270.9	270.5	270.7	270.2	270.2	270.5	270.6	270.4	270.7	271.0	270.1	0.0	0.1	0.1	0.0	0.1	39.3	0.0	0.1	0.0	271.0	270.1	0.3	-0.7	270.5	270.6	269.1	269.0	268.3	267.5	99.3	135.0	63.9	7.1	272.9	272.0	40.0	84.1	10.9	65.1	0.0	68.2	.Autoclave.Outputs.PRESSIP\OutputValue	8.0	0.9	-1.9	-1.0	0.0	-1.0	-1.0	-1.0	0.0	0.0	0.0	-1.0	-1.0	0.0	0.0	0.0	-1.0	0.0
01:01:46	136.1	270.8	270.8	271.1	271.0	271.1	270.7	270.5	270.5	270.4	271.6	271.0	270.7	270.7	271.3	268.3	0.0	0.1	0.1	0.1	0.1	39.6	0.0	0.1	0.0	271.6	268.3	0.4	-0.4	270.7	270.0	271.8	271.8	271.1	278.0	99.3	136.0	64.9	6.1	271.6	272.0	40.0	58.1	11.2	61.5	0.0	16.2	.Autoclave.Outputs.PRESSIP\OutputValue	8.0	3.3	0.2	-1.0	0.0	-1.0	-1.0	-1.0	0.0	0.0	0.0	-1.0	-1.0	0.0	0.0	0.0	-1.0	0.0
01:02:46	137.1	270.8	270.6	271.0	270.9	271.0	270.8	270.7	270.5	270.5	271.2	270.9	270.7	270.8	271.4	268.8	0.0	0.0	0.1	0.0	0.1	39.3	0.0	0.1	0.0	271.4	268.8	0.7	-0.2	270.7	270.1	271.1	271.1	270.4	269.4	99.2	137.0	65.9	5.1	272.6	272.0	40.0	68.8	11.2	64.7	0.0	37.5	.Autoclave.Outputs.PRESSIP\OutputValue	8.0	2.6	-0.3	-1.0	0.0	-1.0	-1.0	-1.0	0.0	0.0	0.0	-1.0	-1.0	0.0	0.0	0.0	-1.0	0.0
01:03:46	138.1	270.9	271.0	271.4	271.1	271.1	270.8	270.7	270.5	270.5	271.5	271.3	270.8	270.9	271.4	270.8	0.0	0.1	0.1	0.0	0.0	39.7	0.0	0.1	0.0	271.5	270.5	2.2	-0.2	271.0	271.0	272.2	272.2	271.7	278.4	99.4	138.0	66.9	4.1	272.5	272.0	40.0	60.2	11.3	61.3	0.0	20.4	.Autoclave.Outputs.PRESSIP\OutputValue	8.0	1.0	0.7	-1.0	0.0	-1.0	-1.0	-1.0	0.0	0.0	0.0	-1.0	-1.0	0.0	0.0	0.0	-1.0	0.0
01:04:46	139.1	270.8	270.5	271.0	270.9	270.9	270.6	270.6	270.3	270.4	271.8	270.9	270.5	270.9	271.3	269.8	0.0	0.1	0.1	0.0	0.1	39.6	0.0	0.1	0.0	271.8	269.8	0.2	-0.8	270.8	270.8	270.3	270.3	269.6	275.6	99.4	139.0	67.9	3.1	272.7	272.0	40.0	75.8	11.4	62.3	0.0	51.7	.Autoclave.Outputs.PRESSIP\OutputValue	8.0	2.0	-1.5	-1.0	0.0	-1.0	-1.0	-1.0	0.0	0.0	0.0	-1.0	-1.0	0.0	0.0	0.0	-1.0	0.0
01:05:46	140.1	271.0	271.0	271.4	271.1	271.1	270.9	270.8	270.6	270.5	271.8	271.1	270.7	270.9	271.6	269.1	0.1	0.1	0.1	0.0	0.1	39.7	0.0	0.1	0.0	271.8	269.1	0.7	-0.1	270.9	270.5	272.3	272.3	271.7	278.8	99.4	140.0	68.9	2.1	272.0	272.0	40.0	56.4	11.5	61.1	0.0	12.7	.Autoclave.Outputs.PRESSIP\OutputValue	8.0	2.7	0.5	-1.0	0.0	-1.0	-1.0	-1.0	0.0	0.0	0.0	-1.0	-1.0	0.0	0.0	0.0	-1.0	0.0
01:06:46	141.0	270.6	270.3	270.8	270.7	270.9	270.3	270.5	270.2	270.3	270.9	271.1	270.4	270.8	270.9	270.1	0.1	0.1	0.1	0.0	0.1	40.3	0.0	0.1	0.0	271.1	270.1	-0.1	-2.5	270.6	270.6	268.9	268.9	268.3	276.4	99.5	141.0	69.9	1.1	273.1	272.0	40.0	87.2	11.7	55.0	0.0	74.5	.Autoclave.Outputs.PRESSIP\OutputValue	7.9	1.0	-2.2	-1.0	0.0	-1.0	-1.0	-1.0	0.0	0.0	0.0	-1.0	-1.0	0.0	0.0	0.0	-1.0	0.0
01:07:46	142.1	270.9	270.8	271.2	271.1	271.2	270.8	270.7	270.5	270.5	271.7	271.0	270.6	271.0	271.4	268.2	0.0	0.0	0.1	0.0	0.1	40.3	0.0	0.1	0.0	271.7	268.2	0.8	0.2	270.8	270.0	272.5	272.5	272.0	279.0	99.3	142.0	70.9	0.1	272.3	272.0	40.0	57.4	11.8	53.8	0.0	14.8	.Autoclave.Outputs.PRESSIP\OutputValue	7.3	3.5	0.8	-1.0	0.0	-1.0	-1.0	-1.0	0.0	0.0	0.0	-1.0	-1.0	0.0	0.0	0.0	-1.0	0.0
01:07:53	142.2	270.9	270.9	271.3	271.0	271.2	270.9	270.7	270.5	270.5	271.8	271.1	270.7	271.0	271.2	269.7	0.1	0.1	0.1	0.0	0.1	40.4	0.0	0.1	0.0	271.8	269.7	0.8	0.2	270.9	270.8	272.5	272.5	272.0	278.9	99.2	142.1	71.0	0.0	272.4	272.0	40.0	58.3	11.8	53.4	0.0	16.6	.Autoclave.Outputs.PRESSIP\OutputValue	7.2	2.1	0.8	-1.0	0.0	-1.0	-1.0	-1.0	0.0	0.0	0.0	-1.0	-1.0	0.0	0.0	0.0	-1.0	0.0
01:08:46	143.1	270.1	269.1	269.9	270.4	270.6	269.8	269.8	269.5	269.8	270.7	270.2	269.9	270.3	270.2	267.3	0.1	0.1	0.1	0.0	0.1	40.0	0.0	0.1	0.0	270.7	267.3	-0.4	-2.1	269.9	269.0	265.1	265.1	264.6	268.4	99.4	143.0	0.9	0.0	268.0	268.0	40.0	79.9	11.9	58.1	0.0	59.7	.Autoclave.Outputs.PRESSIP\OutputValue	7.6	3.4	-5.6	-1.0	0.0	-1.0	-1.0	-1.0	0.0	0.0	0.0	-1.0	-1.0	0.0	0.0	0.0	-1.0	0.0
01:09:46	144.0	269.6	267.9	268.9	269.9	270.2	269.6	269.3	269.2	269.5	269.8	269.4	269.4	270.1	269.4	267.0	0.0	0.1	0.1	0.0	0.1	39.1	0.0	0.1	0.0	270.2	267.0	1.0	-1.2	269.3	268.6	263.4	263.4	262.9	252.7	99.1	144.0	1.9	0.0	263.5	263.5	40.0	59.3	12.0	67.0	0.0	18.6	.Autoclave.Outputs.PRESSIP\OutputValue	8.0	3.2	-6.7	-1.0	0.0	-1.0	-1.0	-1.0	0.0	0.0	0.0	-1.0	-1.0	0.0	0.0	0.0	-1.0	0.0
01:10:46	145.1	268.6	266.1	267.3	269.1	269.4	268.5	267.7	268.1	268.8	267.7	268.2	268.6	269.2	267.8	265.9	0.0	0.0	0.1	0.0	0.0	39.5	0.0	0.1	0.0	269.4	265.9	-0.8	-7.9	268.1	267.6	259.5	259.5	258.9	262.5	99.0	145.0	2.9	0.0	259.0	259.0	40.0	56.7	12.1	63.0	0.0	13.4	.Autoclave.Outputs.PRESSIP\OutputValue	8.0	3.5	-9.8	-1.0	0.0	-1.0	-1.0	-1.0	0.0	0.0	0.0	-1.0	-1.0	0.0	0.0	0.0	-1.0	0.0
01:11:46	146.1	266.9	263.2	264.9	267.7	268.0	267.0	265.8	266.4	267.8	266.3	266.8	267.2	268.1	265.9	263.5	0.0	0.1	0.1	0.0	0.0	40.1	0.0	0.1	0.0	268.1	263.2	1.3	-3.0	266.4	265.7	252.6	252.6	252.1	254.8	99.3	146.0	3.9	0.0	254.6	254.5	40.0	73.2	12.2	57.1	0.0	46.4	.Autoclave.Outputs.PRESSIP\OutputValue	8.0	4.9	-15.5	-1.0	0.0	-1.0	-1.0	-1.0	0.0	0.0	0.0	-1.0	-1.0	0.0	0.0	0.0	-1.0	0.0
01:12:46	147.0	265.1	260.0	262.4	266.3	266.6	265.5	264.0	264.9	266.5	263.2	264.8	265.7	267.1	264.0	260.0	0.0	0.0	0.1	0.0	0.0	39.6	0.0	0.1	0.0	267.1	260.0	-0.3	-2.9	264.4	263.6	247.4	247.4	246.7	244.2	99.1	147.0	4.9	0.0	250.0	250.0	40.0	77.6	12.2	62.3	0.0	55.2	.Autoclave.Outputs.PRESSIP\OutputValue	8.0	7.1	-19.7	-1.0	0.0	-1.0	-1.0	-1.0	0.0	0.0	0.0	-1.0	-1.0	0.0	0.0	0.0	-1.0	0.0
01:13:46	148.1	263.6	257.5	260.2	265.0	265.4	264.3	262.1	263.8	265.6	262.4	263.3	264.3	265.9	262.3	260.3	0.0	0.1	0.0	0.0	0.0	39.0	0.0	0.1	0.0	265.9	257.5	-1.0	-2.3	263.1	261.7	245.2	245.0	244.5	234.2	98.9	148.0	5.9	0.0	245.5	245.5	40.0	62.3	12.3	68.1	0.0	24.6	.Autoclave.Outputs.PRESSIP\OutputValue	8.0	8.4	-20.7	-1.0	0.0	-1.0	-1.0	-1.0	0.0	0.0	0.0	-1.0	-1.0	0.0	0.0	0.0	-1.0	0.0
01:14:46	149.1	261.5	254.7	257.6	263.3	263.8	262.6	259.7	262.0	264.3	259.5	261.7	262.7	264.5	260.4	258.8	0.0	0.0	0.1	0.0	0.0	39.9	0.0	0.1	0.0	264.5	254.7	-1.3	-3.3	261.1	259.6	242.3	242.4	241.8	239.2	99.1	149.0	6.9	0.0	241.0	241.0	40.0	51.8	12.3	58.3	-1.0	3.5	.Autoclave.Outputs.PRESSIP\OutputValue	7.7	9.8	-22.2	-1.0	0.0	-1.0	-1.0	-1.0	0.0	0.0	0.0	-1.0	-1.0	0.0	0.0	0.0	-1.0	0.0
01:15:46	150.1	259.0	251.3	254.7	261.3	261.8	260.7	257.0	260.0	262.6	256.7	259.3	260.7	262.8	257.4	254.3	0.0	0.0	0.1	0.0	0.0	39.9	0.0	0.1	0.0	262.8	251.3	-0.1	-3.6	258.6	257.1	237.5	237.5	236.9	240.6	99.2	150.0	7.9	0.0	236.5	236.5	40.0	53.7	12.4	58.3	-1.0	7.4	.Autoclave.Outputs.PRESSIP\OutputValue	8.0	11.5	-25.3	-1.0	0.0	-1.0	-1.0	-1.0	0.0	0.0	0.0	-1.0	-1.0	0.0	0.0	0.0	-1.0	0.0
01:16:46	151.1	256.5	247.3	251.3	259.1	259.7	258.3	254.1	257.8	260.9	253.4	256.9	258.6	261.1	255.1	250.7	0.0	0.0	0.1	0.0	0.0	39.6	0.0	0.1	0.0	261.1	247.3	-1.8	-5.2	256.1	254.2	232.1	232.1	231.5	235.0	99.2	151.0	8.9	0.0	232.0	232.0	40.0	59.9	12.5	61.5	0.0	19.9	.Autoclave.Outputs.PRESSIP\OutputValue	8.0	13.8	-29.0	-1.0	0.0	-1.0	-1.0	-1.0	0.0	0.0	0.0	-1.0	-1.0	0.0	0.0	0.0	-1.0	0.0
01:16:49	151.1	256.5	247.1	251.1	259.0	259.6	258.3	253.9	257.7	260.8	253.9	256.8	258.4	260.9	254.9	251.8	0.0	0.0	0.1	0.0	0.0	39.6	0.0	0.1	0.0	260.9	247.1	-1.8	-5.2	256.1	254.0	232.2	232.2	231.5	235.4	99.1	151.1	8.9	0.0	231.8	231.8	40.0	58.1	12.5	61.5	0.0	16.1	.Autoclave.Outputs.PRESSIP\OutputValue	8.0	13.8	-28.9	-1.0	0.0	-1.0	-1.0	-1.0	0.0	0.0	0.0	-1.0	-1.0	0.0	0.0	0.0	-1.0	0.0
01:17:46	152.1	253.6	243.3	247.6	256.9	257.3	255.8	251.1	255.2	258.7	250.5	254.1	256.0	259.3	252.2	248.6	0.0	0.1	0.1	0.0	0.0	40.1	0.0	0.1	0.0	259.3	243.3	-1.8	-5.4	253.4	251.3	226.1	226.1	225.6	228.0	99.2	152.0	1.0	0.0	227.5	227.5	40.0	69.9	12.5	57.0	0.0	39.9	.Autoclave.Outputs.PRESSIP\OutputValue	8.0	16.0	-33.2	-1.0	0.0	-1.0	-1.0	-1.0	0.0	0.0	0.0	-1.0	-1.0	0.0	0.0	0.0	-1.0	0.0
01:18:46	153.1	250.5	239.2	244.1	254.4	254.9	253.5	248.0	252.6	256.6	246.8	251.4	253.5	257.1	249.4	244.7	0.0	0.0	0.1	0.0	0.0	39.7	0.0	0.1	0.0	257.1	239.2	-1.5	-4.0	250.5	248.2	221.2	221.2	220.5	221.1	99.1	153.0	2.0	0.0	223.0	223.0	40.0	72.5	12.5	60.9	0.0	45.1	.Autoclave.Outputs.PRESSIP\OutputValue	8.0	17.9	-35.9	-1.0	0.0	-1.0	-1.0	-1.0	0.0	0.0	0.0	-1.0	-1.0	0.0	0.0	0.0	-1.0	0.0
01:19:46	154.1	247.4	235.3	240.5	252.0	252.5	250.8	244.6	250.3	254.4	244.0	248.8	250.9	254.9	246.6	242.9	0.0	0.1	0.1	0.0	0.0	40.0	0.0	0.1	0.0	254.9	235.3	-2.2	-3.9	247.7	245.1	216.7	216.7	216.0	212.9	99.3	154.0	3.0	0.0	218.5	218.5	40.0	72.6	12.5	58.3	0.0	45.2	.Autoclave.Outputs.PRESSIP\OutputValue	8.0	19.6	-38.2	-1.0	0.0	-1.0	-1.0	-1.0	0.0	0.0	0.0	-1.0	-1.0	0.0	0.0	0.0	-1.0	0.0
01:20:46	155.1	244.4	231.3	236.8	249.3	249.8	248.3	241.5	247.7	252.2	240.3	245.6	248.1	252.8	243.8	239.7	0.0	0.0	0.0	0.0	0.1	39.6	0.0	0.1	0.0	252.8	231.3	-2.2	-4.3	244.8	242.1	212.7	212.4	211.8	207.0	99.2	155.0	4.0	0.0	214.0	214.0	40.0	69.2	12.5	62.3	0.0	38.4	.Autoclave.Outputs.PRESSIP\OutputValue	8.0	21.5	-40.1	-1.0	0.0	-1.0	-1.0	-1.0	0.0	0.0	0.0	-1.0	-1.0	0.0	0.0	0.0	-1.0	0.0
01:21:46	156.1	241.1	227.2	232.9	246.5	247.1	245.5	237.9	244.8	249.8	236.8	242.6	245.3	250.3	240.6	235.2	0.0	0.1	0.1	0.0	0.0	39.2	0.0	0.1	0.0	250.3	227.2	-0.6	-4.1	241.6	238.8	209.0	208.8	208.0	200.4	99.2	156.0	5.0	0.0	209.5	209.5	40.0	63.9	12.5	66.6	0.0	27.8	.Autoclave.Outputs.PRESSIP\OutputValue	8.0	23.1	-41.3	-1.0	0.0	-1.0	-1.0	-1.0	0.0	0.0	0.0	-1.0	-1.0	0.0	0.0	0.0	-1.0	0.0
01:22:46	157.0	237.6	223.4	229.4	243.8	244.2	242.7	234.2	242.0	247.2	233.6	239.7	242.4	247.9	237.9	231.5	0.0	0.1	0.1	0.0	0.1	39.7	0.0	0.1	0.0	247.9	223.4	-2.1	-6.7	238.5	235.7	205.0	205.0	204.2	196.4	99.5	157.0	6.0	0.0	205.0	205.0	40.0	60.7	12.5	60.9	0.0	21.4	.Autoclave.Outputs.PRESSIP\OutputValue	8.0	24.5	-42.9	-1.0	0.0	-1.0	-1.0	-1.0	0.0	0.0	0.0	-1.0	-1.0	0.0	0.0	0.0	-1.0	0.0
01:23:46	158.1	234.3	219.4	225.4	240.8	241.4	239.9	230.9	239.1	244.6	230.1	236.4	239.5	245.3	234.7	229.9	0.0	0.1	0.1	0.0	0.0	39.4	0.0	0.1	0.0	245.3	219.4	-0.7	-4.4	235.5	232.4	201.1	201.1	200.3	193.2	99.4	158.0	7.0	0.0	200.5	200.5	40.0	55.2	12.5	63.8	-1.0	10.5	.Autoclave.Outputs.PRESSIP\OutputValue	8.0	25.9	-44.3	-1.0	0.0	-1.0	-1.0	-1.0	0.0	0.0	0.0	-1.0	-1.0	0.0	0.0	0.0	-1.0	0.0
01:24:46	159.1	230.6	214.8	221.5	237.7	238.2	236.9	227.1	236.1	241.8	226.1	233.0	236.2	242.9	231.4	223.5	0.0	0.0	0.1	0.0	0.0	39.1	0.0	0.1	0.0	242.9	214.8	-2.7	-5.6	231.9	228.9	196.4	196.4	195.6	188.5	99.4	159.0	8.0	0.0	196.0	196.0	40.0	56.7	12.4	67.0	-1.0	13.5	.Autoclave.Outputs.PRESSIP\OutputValue	8.0	28.1	-46.6	-1.0	0.0	-1.0	-1.0	-1.0	0.0	0.0	0.0	-1.0	-1.0	0.0	0.0	0.0	-1.0	0.0
01:25:46	160.0	226.6	210.6	217.2	234.7	235.2	233.9	223.4	232.9	239.1	222.4	229.7	232.8	240.2	228.1	222.1	0.0	0.1	0.0	0.0	0.1	39.7	0.0	0.1	0.0	240.2	210.6	-2.7	-4.6	228.6	225.4	191.6	191.5	190.7	184.8	99.5	160.0	9.0	0.0	191.5	191.5	40.0	59.9	12.4	61.1	0.0	19.9	.Autoclave.Outputs.PRESSIP\OutputValue	8.0	29.6	-48.7	-1.0	0.0	-1.0	-1.0	-1.0	0.0	0.0	0.0	-1.0	-1.0	0.0	0.0	0.0	-1.0	0.0
01:26:46	161.1	222.9	206.2	212.9	231.4	231.9	230.5	219.6	229.8	236.2	218.4	226.1	229.4	237.3	224.8	217.6	0.0	0.1	0.0	0.0	0.1	39.4	0.0	0.1	0.0	237.3	206.2	-2.3	-4.4	225.0	221.8	186.5	186.5	185.8	181.5	99.4	161.0	10.0	0.0	187.0	187.0	40.0	63.9	12.4	63.6	0.0	27.9	.Autoclave.Outputs.PRESSIP\OutputValue	8.0	31.1	-50.9	-1.0	0.0	-1.0	-1.0	-1.0	0.0	0.0	0.0	-1.0	-1.0	0.0	0.0	0.0	-1.0	0.0
01:27:46	162.1	219.0	201.9	208.8	228.3	228.3	226.9	215.8	226.4	233.3	214.5	222.4	226.0	234.5	221.7	213.9	0.0	0.0	0.1	0.0	-0.1	39.3	0.0	0.1	-0.1	234.5	201.9	-3.0	-4.6	221.5	218.2	182.1	182.0	181.3	180.5	99.4	162.0	11.0	0.0	182.5	182.5	40.0	63.2	12.3	65.1	0.0	26.3	.Autoclave.Outputs.PRESSIP\OutputValue	8.0	32.6	-52.5	-1.0	0.0	-1.0	-1.0	-1.0	0.0	0.0	0.0	-1.0	-1.0	0.0	0.0	0.0	-1.0	0.0
01:28:46	163.1	215.2	197.6	204.7	224.7	225.0	223.5	211.7	222.9	230.2	210.5	218.9	222.6	231.6	218.3	208.4	0.0	0.0	0.1	0.0	0.1	39.9	0.0	0.1	0.0	231.6	197.6	-2.9	-5.8	217.7	214.6	177.6	177.6	176.8	177.5	99.6	163.0	12.0	0.0	178.0	178.0	40.0	63.2	12.3	59.2	0.0	26.4	.Autoclave.Outputs.PRESSIP\OutputValue	8.0	34.0	-54.1	-1.0	0.0	-1.0	-1.0	-1.0	0.0	0.0	0.0	-1.0	-1.0	0.0	0.0	0.0	-1.0	0.0
01:29:46	164.1	211.3	193.3	200.6	221.6	221.8	220.3	207.7	219.7	226.9	206.7	215.1	218.9	228.6	214.6	207.4	0.0	0.1	0.0	-0.1	-0.2	39.6	0.0	0.1	-0.2	228.6	193.3	-2.5	-4.4	214.3	211.0	173.8	173.8	173.0	174.1	99.5	164.0	13.0	0.0	173.5	173.5	40.0	59.1	12.2	61.9	0.0	18.2	.Autoclave.Outputs.PRESSIP\OutputValue	8.0	35.3	-54.9	-1.0	0.0	-1.0	-1.0	-1.0	0.0	0.0	0.0	-1.0	-1.0	0.0	0.0	0.0	-1.0	0.0
01:30:46	165.1	207.2	189.1	196.4	218.1	218.1	216.7	203.8	216.1	223.7	202.7	211.6	215.2	225.3	211.0	203.7	0.0	0.1	0.1	-0.1	0.2	39.3	0.0	0.2	-0.1	225.3	189.1	-3.3	-4.8	210.6	207.2	169.7	169.7	169.0	171.4	99.5	165.0	14.0	0.0	169.0	169.0	40.0	55.8	12.2	64.5	0.0	11.6	.Autoclave.Outputs.PRESSIP\OutputValue	8.0	36.2	-55.7	-1.0	0.0	-1.0	-1.0	-1.0	0.0	0.0	0.0	-1.0	-1.0	0.0	0.0	0.0	-1.0	0.0
01:31:46	166.1	203.0	184.8	192.2	214.7	214.7	213.6	199.8	212.9	220.7	198.6	207.9	211.6	222.3	207.6	199.5	0.0	0.1	0.0	0.0	0.1	39.8	0.0	0.1	0.0	222.3	184.8	-3.1	-6.8	206.9	203.6	165.3	165.3	164.6	166.9	99.7	166.0	15.0	0.0	164.5	164.5	40.0	55.1	12.1	59.6	0.0	10.2	.Autoclave.Outputs.PRESSIP\OutputValue	8.0	37.5	-57.1	-1.0	0.0	-1.0	-1.0	-1.0	0.0	0.0	0.0	-1.0	-1.0	0.0	0.0	0.0	-1.0	0.0
01:32:46	167.1	198.9	180.5	187.9	211.2	211.1	209.8	196.0	209.3	217.4	194.7	203.9	207.8	219.1	204.1	192.7	0.0	0.1	0.0	0.0	-0.6	39.4	0.0	0.1	-0.6	219.1	180.5	1.5	-4.6	203.0	199.8	161.1	161.1	160.3	162.4	99.7	167.0	16.0	0.0	160.0	160.0	40.0	52.9	12.0	63.6	-1.0	5.9	.Autoclave.Outputs.PRESSIP\OutputValue	8.0	38.6	-58.1	-1.0	0.0	-1.0	-1.0	-1.0	0.0	0.0	0.0	-1.0	-1.0	0.0	0.0	0.0	-1.0	0.0
01:33:46	168.1	194.8	176.2	183.6	207.6	207.5	206.2	191.9	205.6	213.9	190.5	200.0	203.9	215.7	200.2	188.4	0.0	0.0	0.0	0.1	0.1	39.8	0.0	0.1	0.0	215.7	176.2	-3.5	-5.8	199.1	195.9	156.8	156.8	156.1	157.4	99.8	168.0	17.0	0.0	155.5	155.5	40.0	51.4	11.9	60.2	-1.0	2.9	.Autoclave.Outputs.PRESSIP\OutputValue	8.0	39.5	-58.9	-1.0	0.0	-1.0	-1.0	-1.0	0.0	0.0	0.0	-1.0	-1.0	0.0	0.0	0.0	-1.0	0.0
01:34:46	169.1	190.6	171.6	179.3	203.8	203.6	202.4	187.7	201.7	210.3	186.0	196.0	199.7	212.3	196.3	185.1	0.0	0.0	0.1	0.0	0.0	39.4	0.0	0.1	0.0	212.3	171.6	-3.4	-9.1	195.1	191.9	151.9	151.9	151.2	152.2	99.8	169.0	18.0	0.0	151.0	151.0	40.0	54.1	11.8	63.8	0.0	8.1	.Autoclave.Outputs.PRESSIP\OutputValue	8.0	40.7	-60.4	-1.0	0.0	-1.0	-1.0	-1.0	0.0	0.0	0.0	-1.0	-1.0	0.0	0.0	0.0	-1.0	0.0
01:35:46	170.1	186.2	167.1	174.8	200.1	199.8	198.7	183.8	198.1	206.9	181.7	191.9	195.7	209.2	192.9	178.7	0.0	0.0	0.1	0.0	0.1	39.5	0.0	0.1	0.0	209.2	167.1	0.3	-4.5	191.0	188.1	147.3	147.2	146.4	144.9	99.9	170.0	19.0	0.0	146.5	146.5	40.0	54.6	11.6	62.6	-1.0	9.2	.Autoclave.Outputs.PRESSIP\OutputValue	8.0	42.1	-61.9	-1.0	0.0	-1.0	-1.0	-1.0	0.0	0.0	0.0	-1.0	-1.0	0.0	0.0	0.0	-1.0	0.0
01:36:46	171.1	181.9	162.8	170.5	196.3	196.1	195.2	179.5	194.5	203.4	177.6	187.9	191.8	205.5	188.7	168.5	0.0	0.1	0.1	0.0	0.1	39.3	0.0	0.1	0.0	205.5	162.8	-3.5	-8.3	186.7	184.1	142.8	142.8	141.9	140.9	99.9	171.0	20.0	0.0	142.0	142.0	40.0	54.5	11.5	65.5	-1.0	9.0	.Autoclave.Outputs.PRESSIP\OutputValue	8.0	42.7	-62.7	-1.0	0.0	-1.0	-1.0	-1.0	0.0	0.0	0.0	-1.0	-1.0	0.0	0.0	0.0	-1.0	0.0
01:37:46	172.1	177.7	158.3	166.1	192.7	192.4	191.5	175.6	191.0	199.8	173.2	183.9	187.6	202.2	185.1	168.8	0.0	0.1	0.1	0.0	0.1	39.5	0.0	0.1	0.0	202.2	158.3	-3.5	-5.1	183.1	180.2	138.9	138.8	138.0	136.7	100.0	172.0	21.0	0.0	137.5	137.5	40.0	50.6	11.4	62.6	-1.0	1.2	.Autoclave.Outputs.PRESSIP\OutputValue	8.0	43.9	-63.3	-1.0	0.0	-1.0	-1.0	-1.0	0.0	0.0	0.0	-1.0	-1.0	0.0	0.0	0.0	-1.0	0.0
01:38:46	173.0	173.4	154.1	161.8	188.9	188.7	187.6	171.6	187.2	196.4	169.2	180.0	183.7	198.7	181.7	166.1	0.0	0.1	0.1	0.0	0.1	39.2	0.0	0.1	0.0	198.7	154.1	-2.5	-4.4	179.3	176.4	134.9	134.9	134.0	133.2	100.1	173.0	22.0	0.0	133.0	133.0	40.0	47.1	11.3	65.8	-1.0	0.0	.Autoclave.Outputs.PRESSIP\OutputValue	8.0	44.6	-63.8	-1.0	0.0	-1.0	-1.0	-1.0	0.0	0.0	0.0	-1.0	-1.0	0.0	0.0	0.0	-1.0	0.0
01:39:46	174.1	169.1	150.1	157.7	185.4	184.8	183.9	167.5	183.4	192.6	165.3	176.2	179.8	195.4	177.7	162.0	0.0	0.1	0.1	0.0	0.1	39.6	0.0	0.1	0.0	195.4	150.1	-2.4	-4.3	175.4	172.7	132.1	132.1	131.3	130.6	100.2	174.0	23.0	0.0	128.5	128.5	40.0	34.8	11.0	62.3	-1.0	0.0	.Autoclave.Outputs.PRESSIP\OutputValue	8.0	45.3	-63.3	-1.0	0.0	-1.0	-1.0	-1.0	0.0	0.0	0.0	-1.0	-1.0	0.0	0.0	0.0	-1.0	0.0
01:40:46	175.1	165.1	146.1	153.6	181.4	181.1	180.1	163.7	180.0	189.3	161.3	172.2	175.9	191.8	174.1	160.1	0.0	0.1	0.1	0.0	0.1	39.3	0.0	0.1	0.0	191.8	146.1	-3.4	-15.3	171.7	168.9	128.9	128.8	128.0	128.1	100.1	175.0	24.0	0.0	124.0	124.0	40.0	26.4	10.6	64.5	-1.0	0.0	.Autoclave.Outputs.PRESSIP\OutputValue	8.0	45.7	-62.9	-1.0	0.0	-1.0	-1.0	-1.0	0.0	0.0	0.0	-1.0	-1.0	0.0	0.0	0.0	-1.0	0.0
01:41:46	176.0	161.3	142.6	150.1	177.9	177.2	176.7	160.0	176.2	185.7	157.7	168.5	172.0	188.3	170.9	147.3	0.0	0.1	0.1	0.0	0.1	39.1	0.0	0.1	0.0	188.3	142.6	3.7	-4.0	167.5	165.4	126.5	126.5	125.7	126.0	100.1	176.0	25.0	0.0	119.5	119.5	40.0	11.8	10.0	67.0	-1.0	0.0	.Autoclave.Outputs.PRESSIP\OutputValue	8.0	45.7	-61.8	-1.0	0.0	-1.0	-1.0	-1.0	0.0	0.0	0.0	-1.0	-1.0	0.0	0.0	0.0	-1.0	0.0
01:42:46	177.1	157.7	139.4	146.6	174.5	173.7	173.1	156.5	172.6	182.3	154.2	164.9	168.4	185.1	167.7	147.9	0.0	0.0	0.0	0.0	0.2	39.5	0.0	0.2	0.0	185.1	139.4	-0.8	-4.0	164.3	162.2	124.4	124.4	123.6	124.1	100.2	177.0	26.0	0.0	115.0	115.0	40.0	0.0	0.0	63.0	-1.0	0.0	.Autoclave.Outputs.PRESSIP\OutputValue	8.0	45.7	-60.7	-1.0	0.0	-1.0	-1.0	-1.0	0.0	0.0	0.0	-1.0	-1.0	0.0	0.0	0.0	-1.0	0.0
01:43:46	178.1	154.1	136.3	143.4	171.1	170.4	169.9	153.0	169.6	179.0	150.8	161.5	165.0	181.6	164.3	139.8	0.0	0.1	0.1	0.0	0.0	39.3	-0.2	0.1	0.0	181.6	136.3	-3.1	-9.6	160.6	158.9	122.3	122.3	121.6	122.3	100.2	178.0	27.0	0.0	110.5	110.5	40.0	0.0	0.0	65.1	-1.0	0.0	.Autoclave.Outputs.PRESSIP\OutputValue	8.0	45.3	-59.2	-1.0	0.0	-1.0	-1.0	-1.0	0.0	0.0	0.0	-1.0	-1.0	0.0	0.0	0.0	-1.0	0.0
01:44:46	179.1	150.7	133.5	140.3	167.7	167.1	166.7	149.8	166.2	175.6	147.6	158.2	161.5	178.6	161.3	148.8	0.0	0.1	0.0	0.0	0.1	39.1	0.0	0.1	0.0	178.6	133.5	-0.6	-3.7	158.2	156.0	120.3	120.2	119.7	120.7	100.2	179.0	28.0	0.0	106.0	106.0	40.0	0.0	0.0	66.6	-1.0	0.0	.Autoclave.Outputs.PRESSIP\OutputValue	8.0	45.1	-58.2	-1.0	0.0	-1.0	-1.0	-1.0	0.0	0.0	0.0	-1.0	-1.0	0.0	0.0	0.0	-1.0	0.0
01:45:46	180.1	147.4	131.1	137.6	164.4	163.8	163.5	146.8	163.0	172.4	144.8	155.1	158.3	175.3	158.3	129.4	0.0	0.0	0.1	0.0	0.0	39.6	0.0	0.1	0.0	175.3	129.4	-2.6	-9.5	154.1	152.3	119.1	119.1	118.3	119.7	100.3	180.0	29.0	0.0	101.5	101.5	40.0	0.0	0.0	61.7	-1.0	0.0	.Autoclave.Outputs.PRESSIP\OutputValue	8.0	45.9	-56.1	-1.0	0.0	-1.0	-1.0	-1.0	0.0	0.0	0.0	-1.0	-1.0	0.0	0.0	0.0	-1.0	0.0
01:46:46	181.1	144.3	128.8	135.0	161.4	160.9	160.5	144.0	160.2	169.5	142.1	152.1	155.1	172.4	155.3	131.4	0.0	0.1	0.1	0.0	0.1	39.4	0.0	0.1	0.0	172.4	128.8	-2.4	-5.9	151.5	150.6	117.4	117.4	116.6	117.8	100.4	181.0	30.0	0.0	97.0	97.0	40.0	0.0	0.0	63.4	-1.0	0.0	.Autoclave.Outputs.PRESSIP\OutputValue	8.0	43.6	-54.9	-1.0	0.0	-1.0	-1.0	-1.0	0.0	0.0	0.0	-1.0	-1.0	0.0	0.0	0.0	-1.0	0.0
01:47:46	182.1	141.6	126.5	132.5	158.6	157.9	157.7	141.2	157.3	166.3	139.3	149.1	152.3	169.6	153.0	128.6	0.0	0.0	0.1	0.0	-0.1	39.3	0.0	0.1	-0.1	169.6	126.5	-2.2	-3.5	148.8	148.0	115.9	115.9	115.3	116.6	100.3	182.0	31.0	0.0	92.5	92.5	40.0	0.0	0.0	64.5	-1.0	0.0	.Autoclave.Outputs.PRESSIP\OutputValue	8.0	43.1	-53.6	-1.0	0.0	-1.0	-1.0	-1.0	0.0	0.0	0.0	-1.0	-1.0	0.0	0.0	0.0	-1.0	0.0
01:48:46	183.1	138.8	124.5	130.2	155.8	155.2	154.8	138.6	154.5	163.5	136.8	146.5	149.3	166.9	150.4	110.8	0.0	0.1	0.1	0.0	0.1	39.2	0.0	0.1	0.0	166.9	110.8	-2.1	-6.1	145.1	138.8	114.6	114.6	114.0	115.3	100.4	183.0	32.0	0.0	88.0	88.0	40.0	0.0	0.0	65.8	-1.0	0.0	.Autoclave.Outputs.PRESSIP\OutputValue	8.0	56.1	-52.2	-1.0	0.0	-1.0	-1.0	-1.0	0.0	0.0	0.0	-1.0	-1.0	0.0	0.0	0.0	-1.0	0.0
01:49:46	184.1	136.2	122.5	128.1	153.0	152.4	152.1	136.2	151.7	160.7	134.7	143.9	146.6	164.0	147.7	112.7	0.0	0.1	0.0	0.0	0.1	39.1	0.0	0.1	0.0	164.0	112.7	-1.8	-3.2	142.8	138.3	113.4	113.4	112.6	114.5	100.4	184.0	33.0	0.0	83.5	83.5	40.0	0.0	0.0	67.2	-1.0	0.0	.Autoclave.Outputs.PRESSIP\OutputValue	8.0	51.3	-50.5	-1.0	0.0	-1.0	-1.0	-1.0	0.0	0.0	0.0	-1.0	-1.0	0.0	0.0	0.0	-1.0	0.0
01:50:46	185.1	133.8	121.0	126.1	150.4	149.7	149.4	133.9	149.1	157.9	132.5	141.4	144.1	161.4	145.4	105.7	0.0	0.1	0.0	0.0	0.1	39.6	0.0	0.1	0.0	161.4	105.7	-1.9	-9.2	140.1	133.5	112.7	112.7	111.9	113.4	100.5	185.0	33.9	0.0	80.0	80.0	40.0	0.0	0.0	61.9	-1.0	0.0	.Autoclave.Outputs.PRESSIP\OutputValue	8.0	55.7	-48.6	-1.0	0.0	-1.0	-1.0	-1.0	0.0	0.0	0.0	-1.0	-1.0	0.0	0.0	0.0	-1.0	0.0
01:51:47	186.1	131.7	119.5	124.3	147.7	147.0	146.8	131.6	146.5	155.0	130.5	139.0	141.6	158.6	142.8	107.8	0.0	0.0	0.1	0.0	-0.8	39.5	0.0	0.1	-0.8	158.6	107.8	2.1	-2.8	138.0	133.2	111.4	111.3	110.7	112.4	100.4	186.0	35.0	0.0	80.0	80.0	40.0	0.0	0.0	63.0	-1.0	0.0	.Autoclave.Outputs.PRESSIP\OutputValue	8.0	50.8	-47.1	-1.0	0.0	-1.0	-1.0	-1.0	0.0	0.0	0.0	-1.0	-1.0	0.0	0.0	0.0	-1.0	0.0
01:52:46	187.1	129.6	117.9	122.6	145.3	144.5	144.3	129.5	144.0	152.5	128.4	136.8	139.2	156.0	140.7	98.5	0.0	0.1	0.1	0.0	0.1	39.4	0.0	0.1	0.0	156.0	98.5	-1.5	-3.7	135.3	127.2	110.3	110.3	109.5	111.6	100.3	187.0	36.0	0.0	80.0	80.0	40.0	0.0	0.0	64.1	-1.0	0.0	.Autoclave.Outputs.PRESSIP\OutputValue	8.0	57.5	-45.6	-1.0	0.0	-1.0	-1.0	-1.0	0.0	0.0	0.0	-1.0	-1.0	0.0	0.0	0.0	-1.0	0.0
01:53:46	188.1	127.5	116.5	120.9	143.0	142.3	142.1	127.6	141.7	150.0	126.7	134.6	136.9	153.6	138.9	96.4	0.0	0.0	0.0	0.0	0.1	39.3	0.0	0.1	0.0	153.6	96.4	-0.9	-2.7	133.2	125.0	109.4	109.2	108.6	110.4	100.5	188.0	37.0	0.0	80.0	80.0	40.0	0.0	0.0	65.1	-1.0	0.0	.Autoclave.Outputs.PRESSIP\OutputValue	8.0	57.2	-44.1	-1.0	0.0	-1.0	-1.0	-1.0	0.0	0.0	0.0	-1.0	-1.0	0.0	0.0	0.0	-1.0	0.0
01:54:46	189.0	125.7	115.2	119.3	140.8	140.1	139.9	125.9	139.6	147.7	124.8	132.6	134.7	151.3	137.1	97.5	-0.1	0.0	0.0	0.0	0.0	39.2	0.0	0.0	-0.1	151.3	97.5	-1.2	-8.1	131.5	124.4	108.5	108.5	107.8	109.9	100.4	189.0	38.0	0.0	80.0	80.0	40.0	0.0	0.0	65.8	-1.0	0.0	.Autoclave.Outputs.PRESSIP\OutputValue	8.0	53.8	-42.7	-1.0	0.0	-1.0	-1.0	-1.0	0.0	0.0	0.0	-1.0	-1.0	0.0	0.0	0.0	-1.0	0.0
01:55:46	190.1	123.9	114.0	118.0	138.8	137.9	137.8	124.2	137.6	145.3	123.2	130.6	132.7	149.0	135.3	88.2	0.0	0.1	0.0	0.0	0.1	39.1	0.0	0.1	0.0	149.0	88.2	-1.3	-2.4	129.1	118.6	107.5	107.5	106.9	109.0	100.4	190.0	39.0	0.0	80.0	80.0	40.0	0.0	0.0	66.8	-1.0	0.0	.Autoclave.Outputs.PRESSIP\OutputValue	8.0	60.8	-41.4	-1.0	0.0	-1.0	-1.0	-1.0	0.0	0.0	0.0	-1.0	-1.0	0.0	0.0	0.0	-1.0	0.0
01:56:16	190.6	123.0	113.5	117.1	137.8	136.9	136.8	123.3	136.6	144.3	122.5	129.6	131.6	148.0	134.3	87.2	0.0	0.0	0.1	0.0	0.0	39.1	0.0	0.1	0.0	148.0	87.2	-1.2	-5.6	128.2	117.6	107.2	107.2	106.5	108.6	100.5	190.5	39.4	0.0	80.0	80.0	40.0	0.0	0.0	67.0	-1.0	0.0	.Autoclave.Outputs.PRESSIP\OutputValue	8.0	60.8	-40.7	-1.0	0.0	-1.0	-1.0	-1.0	0.0	0.0	0.0	-1.0	-1.0	0.0	0.0	0.0	-1.0	0.0
01:56:46	191.1	122.0	112.7	116.4	136.4	135.8	135.5	122.5	135.3	143.0	121.5	128.6	130.6	146.6	132.9	85.5	-0.1	0.0	0.1	0.0	0.1	35.3	0.0	0.1	-0.1	146.6	85.5	-1.3	-3.6	127.0	116.0	105.4	105.4	104.8	105.9	99.8	191.0	0.5	0.0	80.0	80.0	34.8	0.0	0.0	53.3	-1.0	0.0	.Autoclave.Outputs.PRESSIP\OutputValue	7.5	61.1	-41.1	-1.0	0.0	-1.0	-1.0	-1.0	0.0	0.0	0.0	-1.0	-1.0	-1.0	0.0	0.0	-1.0	0.0
01:57:46	192.0	120.2	110.7	114.6	134.4	133.8	133.3	120.5	133.2	140.9	119.6	126.5	128.6	144.3	131.1	75.2	-0.1	0.0	0.0	0.0	-0.8	25.3	0.0	0.0	-0.8	144.3	75.2	-1.6	-10.0	124.4	109.7	100.9	100.9	100.1	101.5	99.0	192.0	1.5	0.0	80.0	80.0	24.8	0.0	0.0	52.1	-1.0	0.0	.Autoclave.Outputs.PRESSIP\OutputValue	6.2	69.1	-43.3	-1.0	0.0	-1.0	-1.0	-1.0	0.0	0.0	0.0	-1.0	-1.0	0.0	0.0	0.0	-1.0	0.0
01:58:46	193.1	118.5	109.2	113.0	132.6	131.9	131.6	118.7	131.6	139.1	118.2	124.8	127.0	142.6	129.2	70.0	-0.1	0.1	0.1	0.0	0.1	15.9	0.0	0.1	-0.1	142.6	70.0	3.4	-2.0	122.5	106.3	97.6	97.6	97.0	99.0	98.3	193.0	2.5	0.0	80.0	80.0	14.8	0.0	0.0	44.6	-1.0	0.0	.Autoclave.Outputs.PRESSIP\OutputValue	4.8	72.6	-44.9	-1.0	0.0	-1.0	-1.0	-1.0	0.0	0.0	0.0	-1.0	-1.0	-1.0	0.0	0.0	-1.0	0.0
01:59:46	194.1	117.1	107.6	111.6	131.0	130.3	130.3	117.1	130.0	137.4	117.1	123.4	125.6	141.3	127.7	63.1	-0.2	0.0	0.0	-0.1	0.1	5.8	0.0	0.1	-0.2	141.3	63.1	-1.2	-14.0	120.7	102.2	94.3	94.3	93.7	95.7	97.4	194.0	3.5	0.0	80.0	80.0	4.8	0.0	0.0	43.9	-1.0	0.0	.Autoclave.Outputs.PRESSIP\OutputValue	3.3	78.2	-46.9	-1.0	0.0	-1.0	-1.0	-1.0	0.0	0.0	0.0	-1.0	-1.0	-1.0	0.0	0.0	-1.0	0.0
02:00:42	195.0	116.2	106.7	110.8	130.1	129.2	129.1	115.8	129.1	136.2	116.5	122.3	124.6	140.6	127.2	63.6	-0.3	0.0	0.0	-0.1	-0.1	1.0	0.0	0.0	-0.3	140.6	63.6	-0.8	-12.2	119.9	102.1	93.7	93.7	93.1	95.8	97.4	195.0	4.4	0.0	80.0	80.0	0.0	0.0	0.0	39.7	-1.0	0.0	.Autoclave.Outputs.PRESSIP\OutputValue	0.0	77.0	-46.8	-1.0	0.0	-1.0	-1.0	-1.0	0.0	0.0	0.0	-1.0	-1.0	-1.0	0.0	0.0	-1.0	0.0
