

Time	Elapsed	PTC2	PTC4	PTC5	PTC6	PTC7	PTC9	PTC10	PTC11	PTC12	PTC14	PTC15	PTC16	PTC18	VPRB2	VPRB3	VPRB7	VPRB8	PRESS	SVAC	HIPRB	LOPRB	HITC	LOTC	HIRATE	LORATE	AVGTC	MEAN	AIRTC	AIRTC1	AIRTC2	HILIMTC	CAPSTC	RUNTIME	SEGTIME	SEGTIMELEFT	TSET_AIR	TSET_PART	PSET	TEMPOUT	TEMPINT	PRESSOUT	COOLIP	SCROUT	PRESSIP	PRESSINT	SPREAD	AIRPARTDELTA	CAPSFLOW	SILENCE	BARLOCK	HIPSI	FANON	HYDON	FANSTARTSTOPPB	HYDPMPSTARTSTOPPB	COOLCNTRLONOFFSW	PRESSCNTRLONOFFSW	PRESSDUMPSW	PCMANUALSW	HILIMIT	BLWRMTRHILIMIT	MANINSIDE
HH:MM:SS	Mins	Deg.F	Deg.F	Deg.F	Deg.F	Deg.F	Deg.F	Deg.F	Deg.F	Deg.F	Deg.F	Deg.F	Deg.F	Deg.F	"Hg	"Hg	"Hg	"Hg	Psig	"Hg			Deg.F	Deg.F	Deg.F	Deg.F	Deg.F	Deg.F	Deg.F	Deg.F	Deg.F	Deg.F	Deg.F	Mins	Mins	Mins	Deg.F	Deg.F	Psig				%	%	%	%	Deg.F	Deg.F															
10:02:38	0.0	77.8	80.8	77.3	77.9	77.7	77.7	78.1	77.3	77.5	82.2	83.6	82.3	79.7	-27.7	-27.7	-26.1	-27.5	-0.4	-27.9	-26.0	-27.7	83.6	77.3	0.3	-0.1	79.3	80.5	92.1	92.1	91.6	102.9	101.0	573.7	0.0	0.0	70.0	70.0	0.0	0.0	0.0	50.0	0.0	0.0	.Autoclave.Outputs.PRESSIP\OutputValue	8.0	6.3	8.5	-1.0	0.0	-1.0	-1.0	0.0	0.0	0.0	0.0	-1.0	-1.0	-1.0	0.0	0.0	-1.0	0.0
10:02:40	0.0	77.8	80.8	77.3	77.9	77.7	77.7	78.1	77.3	77.5	82.2	83.6	82.3	79.7	-27.7	-27.7	-26.1	-27.5	-0.4	-27.9	-26.0	-27.7	83.6	77.3	0.3	-0.1	79.3	80.5	92.1	92.1	91.6	102.9	101.0	573.7	0.0	0.0	70.0	70.0	0.0	0.0	0.0	50.0	0.0	0.0	.Autoclave.Outputs.PRESSIP\OutputValue	8.0	6.3	8.5	-1.0	0.0	-1.0	-1.0	0.0	0.0	0.0	0.0	-1.0	-1.0	-1.0	0.0	0.0	-1.0	0.0
10:02:40	0.0	77.8	80.8	77.3	77.9	77.7	77.7	78.1	77.3	77.5	82.2	83.6	82.3	79.7	-27.7	-27.7	-26.1	-27.5	-0.4	-27.9	-26.1	-27.7	83.6	77.3	0.3	-0.1	79.2	80.5	92.1	92.2	91.6	102.9	101.0	573.7	0.0	0.0	70.0	70.0	0.0	0.0	0.0	50.0	0.0	0.0	.Autoclave.Outputs.PRESSIP\OutputValue	8.0	6.3	8.5	-1.0	0.0	-1.0	-1.0	0.0	0.0	0.0	0.0	-1.0	-1.0	-1.0	0.0	0.0	-1.0	0.0
10:02:40	0.0	77.8	80.8	77.3	77.9	77.7	77.7	78.1	77.3	77.5	82.2	83.6	82.3	79.7	-27.7	-27.7	-26.1	-27.5	-0.4	-27.9	-26.1	-27.7	83.6	77.3	0.3	-0.1	79.2	80.5	92.1	92.2	91.6	102.9	101.0	573.7	0.0	0.0	70.0	70.0	0.0	0.0	0.0	50.0	0.0	0.0	.Autoclave.Outputs.PRESSIP\OutputValue	8.0	6.3	8.5	-1.0	0.0	-1.0	-1.0	0.0	0.0	0.0	0.0	-1.0	-1.0	-1.0	0.0	0.0	-1.0	0.0
10:03:41	1.0	78.5	81.2	77.7	78.7	78.2	78.2	78.7	77.7	77.9	83.2	84.2	83.2	80.5	-27.6	-27.7	-25.9	-27.5	1.1	-27.9	-25.9	-27.7	84.2	77.7	0.9	0.4	79.8	81.0	92.5	92.6	91.9	95.3	98.8	1.0	1.0	0.0	91.9	88.1	1.5	43.6	-0.3	62.0	-1.0	0.0	.Autoclave.Outputs.PRESSIP\OutputValue	8.0	6.5	8.3	-1.0	0.0	-1.0	-1.0	-1.0	0.0	0.0	0.0	-1.0	-1.0	0.0	0.0	0.0	-1.0	0.0
10:04:40	2.0	79.1	82.2	78.5	79.4	78.7	79.2	79.5	78.2	78.6	84.4	85.3	84.2	81.4	-27.6	-27.8	-25.7	-27.9	2.0	-27.9	-25.7	-27.9	85.3	78.2	1.2	0.3	80.7	81.8	97.5	97.5	96.9	111.0	98.5	2.0	2.0	0.0	99.8	92.6	3.0	62.8	-0.1	67.5	0.0	25.7	.Autoclave.Outputs.PRESSIP\OutputValue	8.0	7.1	12.2	-1.0	0.0	-1.0	-1.0	-1.0	0.0	0.0	0.0	-1.0	-1.0	0.0	0.0	0.0	-1.0	0.0
10:05:41	3.1	80.0	83.8	79.4	80.5	79.5	80.4	80.6	79.0	79.6	86.4	87.3	86.1	82.9	-27.7	-27.7	-25.4	-28.3	3.7	-27.9	-25.4	-28.3	87.3	79.0	2.0	0.9	82.0	83.2	104.9	104.9	104.2	116.2	98.6	3.0	3.0	0.0	107.0	97.1	4.5	63.3	0.1	66.0	0.0	26.6	.Autoclave.Outputs.PRESSIP\OutputValue	8.0	8.3	17.6	-1.0	0.0	-1.0	-1.0	-1.0	0.0	0.0	0.0	-1.0	-1.0	0.0	0.0	0.0	-1.0	0.0
10:06:41	4.0	80.9	86.0	80.4	81.7	80.4	81.7	81.8	79.9	80.7	88.4	89.6	88.4	84.4	-27.7	-27.8	-25.2	-27.6	5.4	-27.9	-25.2	-27.8	89.6	79.9	2.5	0.8	83.4	84.8	111.6	111.7	111.2	123.4	98.8	4.0	4.0	0.0	113.6	101.6	6.0	61.5	0.3	64.1	0.0	22.9	.Autoclave.Outputs.PRESSIP\OutputValue	8.0	9.7	22.0	-1.0	0.0	-1.0	-1.0	-1.0	0.0	0.0	0.0	-1.0	-1.0	0.0	0.0	0.0	-1.0	0.0
10:07:41	5.0	82.1	88.6	81.4	82.9	81.6	83.3	83.1	81.0	81.8	90.8	92.4	91.1	86.0	-27.7	-27.7	-24.8	-26.9	7.1	-27.9	-24.8	-27.7	92.4	81.0	2.7	1.1	85.1	86.7	117.7	117.7	117.2	130.3	99.0	5.0	5.0	0.0	119.8	106.1	7.5	61.6	0.5	61.7	0.0	23.2	.Autoclave.Outputs.PRESSIP\OutputValue	8.0	11.4	25.3	-1.0	0.0	-1.0	-1.0	-1.0	0.0	0.0	0.0	-1.0	-1.0	0.0	0.0	0.0	-1.0	0.0
10:08:40	6.0	83.3	91.5	82.9	84.4	82.8	84.9	84.6	82.5	83.3	93.3	95.6	94.2	87.8	-27.6	-27.7	-24.7	-27.4	8.0	-27.9	-24.7	-27.7	95.6	82.5	3.1	1.2	87.0	89.1	123.2	123.2	122.7	134.3	98.9	6.0	6.0	0.0	125.5	110.6	9.0	64.3	0.7	67.8	0.0	28.7	.Autoclave.Outputs.PRESSIP\OutputValue	8.0	13.1	27.6	-1.0	0.0	-1.0	-1.0	-1.0	0.0	0.0	0.0	-1.0	-1.0	0.0	0.0	0.0	-1.0	0.0
10:09:41	7.0	84.7	94.4	84.4	86.1	84.3	86.9	86.1	84.2	84.9	96.0	99.2	97.7	89.8	-27.6	-27.7	-24.3	-27.5	9.7	-27.9	-24.3	-27.7	99.2	84.2	3.7	1.4	89.1	91.7	128.9	128.9	128.3	139.2	98.9	7.0	7.0	0.0	131.0	115.1	10.5	62.6	0.9	66.5	0.0	25.3	.Autoclave.Outputs.PRESSIP\OutputValue	8.0	15.0	29.7	-1.0	0.0	-1.0	-1.0	-1.0	0.0	0.0	0.0	-1.0	-1.0	0.0	0.0	0.0	-1.0	0.0
10:09:51	7.2	85.0	95.0	84.7	86.3	84.5	87.1	86.4	84.5	85.2	96.4	99.7	98.2	90.0	-27.6	-27.7	-24.3	-26.7	10.1	-27.9	-24.3	-27.7	99.7	84.5	3.6	1.4	89.5	92.1	129.6	129.8	129.1	140.7	98.9	7.2	7.2	0.0	131.9	115.8	10.7	64.2	1.0	65.5	0.0	28.4	.Autoclave.Outputs.PRESSIP\OutputValue	8.0	15.2	29.9	-1.0	0.0	-1.0	-1.0	-1.0	0.0	0.0	0.0	-1.0	-1.0	0.0	0.0	0.0	-1.0	0.0
10:10:40	8.0	86.4	97.5	86.0	87.6	85.9	88.9	87.8	86.0	86.6	98.7	103.0	101.4	92.2	-27.5	-27.6	-24.0	-27.4	11.5	-27.7	-24.0	-27.6	103.0	85.9	3.8	1.1	91.4	94.5	134.3	134.3	133.5	144.7	99.3	8.0	0.8	0.0	136.1	119.6	12.0	62.7	1.1	63.0	0.0	25.4	.Autoclave.Outputs.PRESSIP\OutputValue	8.0	17.1	31.3	-1.0	0.0	-1.0	-1.0	-1.0	0.0	0.0	0.0	-1.0	-1.0	0.0	0.0	0.0	-1.0	0.0
10:11:41	9.0	88.3	100.6	88.1	90.1	87.7	91.5	89.7	88.0	88.5	101.7	107.1	105.3	94.6	-23.5	-23.6	-21.7	-24.2	12.6	-23.3	-21.7	-24.2	107.1	87.7	4.3	1.8	93.9	97.4	138.9	139.0	138.3	149.8	99.0	9.0	1.8	0.0	141.1	124.1	13.5	65.6	1.3	68.2	0.0	31.1	.Autoclave.Outputs.PRESSIP\OutputValue	8.0	19.4	31.8	-1.0	0.0	-1.0	-1.0	-1.0	0.0	0.0	0.0	-1.0	-1.0	0.0	0.0	0.0	-1.0	0.0
10:12:40	10.0	90.3	103.8	90.1	92.2	89.5	94.0	91.8	90.2	90.4	104.6	111.2	109.0	97.2	-18.2	-18.3	-17.2	-18.1	14.2	-18.1	-17.2	-18.3	111.2	89.5	4.1	1.9	96.5	100.4	143.8	143.8	143.2	153.6	99.2	10.0	2.8	0.0	146.1	128.6	15.0	63.8	1.5	65.5	0.0	27.5	.Autoclave.Outputs.PRESSIP\OutputValue	8.0	21.7	32.6	-1.0	0.0	-1.0	-1.0	-1.0	0.0	0.0	0.0	-1.0	-1.0	0.0	0.0	0.0	-1.0	0.0
10:13:40	11.0	92.4	107.3	92.3	94.6	91.6	96.6	94.0	92.7	92.6	107.9	115.5	113.4	99.8	-13.1	-13.0	-12.3	-13.1	15.9	-13.0	-12.3	-13.1	115.5	91.6	4.7	2.0	99.3	103.6	148.8	148.8	148.1	158.3	99.4	11.0	3.8	0.0	150.7	133.1	16.5	62.6	1.8	64.3	0.0	25.2	.Autoclave.Outputs.PRESSIP\OutputValue	8.0	23.9	33.3	-1.0	0.0	-1.0	-1.0	-1.0	0.0	0.0	0.0	-1.0	-1.0	0.0	0.0	0.0	-1.0	0.0
10:14:41	12.0	94.6	110.7	94.6	97.1	93.8	99.5	96.0	95.3	94.7	111.1	120.0	117.7	102.2	-8.1	-8.1	-7.5	-7.9	17.0	-7.9	-7.5	-8.1	120.0	93.8	4.5	2.1	102.1	106.9	153.1	153.0	152.4	163.0	99.3	12.0	4.8	0.0	155.2	137.6	18.0	63.7	2.0	67.7	0.0	27.3	.Autoclave.Outputs.PRESSIP\OutputValue	8.0	26.2	33.1	-1.0	0.0	-1.0	-1.0	-1.0	0.0	0.0	0.0	-1.0	-1.0	0.0	0.0	0.0	-1.0	0.0
10:15:40	13.0	97.0	114.2	97.1	99.6	96.1	102.3	98.2	97.7	97.0	114.4	124.3	121.9	105.0	-3.7	-3.6	-3.2	-3.7	18.7	-3.6	-3.2	-3.7	124.3	96.1	4.6	2.2	105.0	110.2	157.7	157.6	157.0	167.4	99.5	13.0	5.8	0.0	159.7	142.1	19.5	64.3	2.2	66.2	0.0	28.7	.Autoclave.Outputs.PRESSIP\OutputValue	8.0	28.2	33.4	-1.0	0.0	-1.0	-1.0	-1.0	0.0	0.0	0.0	-1.0	-1.0	0.0	0.0	0.0	-1.0	0.0
10:16:41	14.0	99.5	117.8	99.6	102.2	98.5	105.4	100.5	100.7	99.5	117.9	128.9	126.7	108.2	-1.4	-1.3	-0.8	-1.3	20.3	-1.3	-0.8	-1.4	128.9	98.5	4.5	2.3	108.1	113.7	162.1	162.1	161.4	171.7	99.6	14.0	6.8	0.0	164.2	146.6	21.0	63.9	2.4	65.4	0.0	27.9	.Autoclave.Outputs.PRESSIP\OutputValue	8.0	30.4	33.2	-1.0	0.0	-1.0	-1.0	-1.0	0.0	0.0	0.0	-1.0	-1.0	0.0	0.0	0.0	-1.0	0.0
10:17:41	15.0	102.1	121.4	102.2	105.0	101.0	108.6	103.1	103.5	101.9	121.7	133.4	130.8	111.2	-0.4	-0.4	0.1	-0.6	21.8	-0.5	0.1	-0.6	133.4	101.0	4.6	2.4	111.2	117.2	166.7	166.7	166.1	176.2	99.6	15.0	7.8	0.0	168.8	151.1	22.5	65.6	2.6	64.5	0.0	31.2	.Autoclave.Outputs.PRESSIP\OutputValue	8.0	32.4	33.3	-1.0	0.0	-1.0	-1.0	-1.0	0.0	0.0	0.0	-1.0	-1.0	0.0	0.0	0.0	-1.0	0.0
10:18:40	16.0	104.9	125.2	105.0	107.9	103.5	111.9	105.6	106.7	104.4	125.3	138.0	135.9	114.3	0.0	0.1	0.3	0.1	23.8	0.0	0.3	0.0	138.0	103.5	5.0	2.6	114.5	120.8	171.1	171.2	170.5	181.3	99.8	16.0	8.8	0.0	173.2	155.6	24.0	66.1	2.8	60.5	0.0	32.2	.Autoclave.Outputs.PRESSIP\OutputValue	8.0	34.5	33.1	-1.0	0.0	-1.0	-1.0	-1.0	0.0	0.0	0.0	-1.0	-1.0	0.0	0.0	0.0	-1.0	0.0
10:19:41	17.0	107.9	128.9	107.7	111.1	106.4	115.6	108.6	109.9	107.3	129.0	142.6	140.4	117.9	0.1	0.1	0.5	0.1	24.6	0.1	0.5	0.1	142.6	106.4	4.7	2.6	117.9	124.5	175.4	175.5	174.8	184.8	99.7	17.0	9.8	0.0	177.6	160.1	25.5	65.8	3.1	66.7	0.0	31.7	.Autoclave.Outputs.PRESSIP\OutputValue	8.0	36.2	32.8	-1.0	0.0	-1.0	-1.0	-1.0	0.0	0.0	0.0	-1.0	-1.0	0.0	0.0	0.0	-1.0	0.0
10:20:40	18.0	110.8	132.7	111.0	114.2	109.5	119.2	111.7	113.3	110.1	132.7	147.1	144.9	121.3	0.1	0.1	0.5	0.2	26.4	0.1	0.5	0.1	147.1	109.5	4.9	2.9	121.4	128.3	180.1	180.1	179.4	189.4	99.9	18.0	10.8	0.0	182.1	164.6	27.0	66.0	3.3	64.4	0.0	32.1	.Autoclave.Outputs.PRESSIP\OutputValue	8.0	37.6	33.0	-1.0	0.0	-1.0	-1.0	-1.0	0.0	0.0	0.0	-1.0	-1.0	0.0	0.0	0.0	-1.0	0.0
10:21:40	19.0	114.1	136.8	113.9	117.5	112.3	123.0	114.6	116.8	112.9	136.6	151.8	149.7	124.9	0.2	0.2	0.6	0.2	28.1	0.1	0.6	0.2	151.8	112.3	4.7	2.9	125.0	132.1	184.4	184.4	183.8	194.6	100.0	19.0	11.8	0.0	186.7	169.1	28.5	67.6	3.5	62.1	0.0	35.2	.Autoclave.Outputs.PRESSIP\OutputValue	8.0	39.5	32.6	-1.0	0.0	-1.0	-1.0	-1.0	0.0	0.0	0.0	-1.0	-1.0	0.0	0.0	0.0	-1.0	0.0
10:22:40	20.0	117.1	140.7	117.3	121.1	115.6	126.8	118.1	120.4	116.1	140.7	156.1	154.3	128.7	0.2	0.2	0.7	0.1	29.0	0.2	0.7	0.1	156.1	115.6	4.6	3.2	128.7	135.9	188.5	188.5	187.8	198.1	100.0	20.0	12.8	0.0	191.1	173.6	30.0	69.7	3.7	67.6	0.0	39.5	.Autoclave.Outputs.PRESSIP\OutputValue	8.0	40.5	32.4	-1.0	0.0	-1.0	-1.0	-1.0	0.0	0.0	0.0	-1.0	-1.0	0.0	0.0	0.0	-1.0	0.0
10:23:40	21.0	120.6	144.8	120.8	124.6	118.9	131.1	121.4	124.1	119.3	144.9	160.7	158.6	132.5	0.2	0.2	0.7	0.1	30.7	0.2	0.7	0.1	160.7	118.9	5.3	3.2	132.5	139.8	193.0	193.1	192.4	202.4	100.1	21.0	13.8	0.0	195.5	178.1	31.5	69.2	4.0	65.7	0.0	38.4	.Autoclave.Outputs.PRESSIP\OutputValue	8.0	41.8	32.3	-1.0	0.0	-1.0	-1.0	-1.0	0.0	0.0	0.0	-1.0	-1.0	0.0	0.0	0.0	-1.0	0.0
10:24:41	22.0	124.1	148.8	124.3	128.3	122.4	135.1	125.0	128.0	122.4	148.9	165.3	163.8	136.2	0.2	0.2	0.8	0.2	32.4	0.2	0.8	0.2	165.3	122.4	4.8	3.3	136.3	143.9	197.5	197.6	196.9	206.8	100.2	22.0	14.8	0.0	199.8	182.6	33.0	68.3	4.2	64.1	0.0	36.6	.Autoclave.Outputs.PRESSIP\OutputValue	8.0	42.9	32.2	-1.0	0.0	-1.0	-1.0	-1.0	0.0	0.0	0.0	-1.0	-1.0	0.0	0.0	0.0	-1.0	0.0
10:25:41	23.0	127.8	153.1	127.7	132.1	125.7	139.4	128.3	131.8	125.9	153.5	169.9	168.1	140.0	0.2	0.2	0.9	0.3	34.2	0.2	0.9	0.2	169.9	125.7	4.8	3.3	140.2	147.8	202.1	202.1	201.4	212.6	100.5	23.0	15.8	0.0	204.3	187.1	34.5	66.6	4.4	60.5	0.0	33.2	.Autoclave.Outputs.PRESSIP\OutputValue	8.0	44.2	32.2	-1.0	0.0	-1.0	-1.0	-1.0	0.0	0.0	0.0	-1.0	-1.0	0.0	0.0	0.0	-1.0	0.0
10:26:41	24.0	131.3	156.9	131.3	135.8	129.2	143.4	132.0	135.8	129.5	157.4	174.6	173.2	144.0	0.2	0.2	1.0	0.2	35.4	0.2	1.0	0.2	174.6	129.2	5.0	3.6	144.2	151.9	206.3	206.3	205.6	215.2	100.4	24.0	16.8	0.0	208.6	191.6	36.0	67.5	4.7	63.6	0.0	35.0	.Autoclave.Outputs.PRESSIP\OutputValue	8.0	45.4	31.7	-1.0	0.0	-1.0	-1.0	-1.0	0.0	0.0	0.0	-1.0	-1.0	0.0	0.0	0.0	-1.0	0.0
10:27:40	25.0	135.1	161.0	135.2	139.8	132.8	147.8	135.6	140.1	133.3	161.7	179.2	177.8	148.5	0.2	0.3	1.1	0.3	36.5	0.2	1.1	0.2	179.2	132.8	5.0	3.6	148.3	156.0	210.5	210.5	209.8	219.5	100.4	25.0	17.8	0.0	213.0	196.1	37.5	69.4	4.9	67.5	0.0	38.8	.Autoclave.Outputs.PRESSIP\OutputValue	8.0	46.4	31.3	-1.0	0.0	-1.0	-1.0	-1.0	0.0	0.0	0.0	-1.0	-1.0	0.0	0.0	0.0	-1.0	0.0
10:28:41	26.0	138.9	165.0	139.0	143.8	136.5	152.1	139.5	144.2	137.2	166.0	183.9	182.7	152.9	0.2	0.3	1.2	0.2	38.4	0.2	1.2	0.2	183.9	136.5	4.9	3.7	152.4	160.2	215.3	215.3	214.6	223.5	100.4	26.0	18.8	0.0	217.5	200.6	39.0	67.2	5.1	63.7	0.0	34.5	.Autoclave.Outputs.PRESSIP\OutputValue	8.0	47.4	31.4	-1.0	0.0	-1.0	-1.0	-1.0	0.0	0.0	0.0	-1.0	-1.0	0.0	0.0	0.0	-1.0	0.0
10:29:40	27.0	143.1	169.4	142.9	147.9	140.4	156.6	143.6	148.7	140.9	170.6	188.4	187.2	157.5	0.2	0.3	1.3	0.2	39.5	0.2	1.3	0.2	188.4	140.4	5.2	3.8	156.7	164.4	219.2	219.2	218.5	229.1	100.5	27.0	19.8	0.0	221.8	205.1	40.0	70.6	5.4	63.0	0.0	41.2	.Autoclave.Outputs.PRESSIP\OutputValue	8.0	48.0	30.8	-1.0	0.0	-1.0	-1.0	-1.0	0.0	0.0	0.0	-1.0	-1.0	0.0	0.0	0.0	-1.0	0.0
10:30:41	28.0	147.0	173.7	147.3	152.3	144.2	161.3	147.2	153.1	144.8	175.2	192.9	192.0	161.5	0.2	0.3	1.3	0.3	39.8	-0.2	1.3	0.2	192.9	144.2	5.1	3.9	160.9	168.6	223.9	223.9	223.1	233.5	100.3	28.0	20.8	0.0	226.4	209.6	40.0	69.0	5.6	60.0	0.0	37.9	.Autoclave.Outputs.PRESSIP\OutputValue	8.0	48.7	31.0	-1.0	0.0	-1.0	-1.0	-1.0	0.0	0.0	0.0	-1.0	-1.0	0.0	0.0	0.0	-1.0	0.0
10:31:40	29.0	151.4	177.9	151.2	156.3	148.3	165.6	151.5	157.5	148.8	179.8	197.5	196.6	166.0	0.2	0.3	1.4	0.2	40.2	0.2	1.4	0.2	197.5	148.3	4.8	4.0	165.2	172.9	228.5	228.5	227.8	238.2	100.2	29.0	21.8	0.0	230.7	214.1	40.0	68.4	5.8	56.3	0.0	36.8	.Autoclave.Outputs.PRESSIP\OutputValue	7.9	49.2	31.0	-1.0	0.0	-1.0	-1.0	-1.0	0.0	0.0	0.0	-1.0	-1.0	0.0	0.0	0.0	-1.0	0.0
10:32:40	30.0	155.3	182.5	155.4	160.8	152.5	170.3	155.6	162.0	153.1	184.5	201.9	201.5	170.6	0.2	0.3	1.5	0.3	40.5	0.2	1.5	0.2	201.9	152.5	4.8	4.1	169.7	177.2	233.0	233.0	232.4	243.0	100.2	30.0	22.8	0.0	235.3	218.6	40.0	70.0	6.1	52.3	0.0	39.9	.Autoclave.Outputs.PRESSIP\OutputValue	7.3	49.4	31.1	-1.0	0.0	-1.0	-1.0	-1.0	0.0	0.0	0.0	-1.0	-1.0	0.0	0.0	0.0	-1.0	0.0
10:33:41	31.0	159.3	186.6	159.4	164.7	156.4	174.9	159.7	166.4	157.2	189.1	206.3	206.2	175.1	0.2	0.3	1.5	0.2	40.8	0.2	1.5	0.2	206.3	156.4	5.1	4.0	173.9	181.4	237.8	237.8	237.0	247.7	100.2	31.0	23.8	0.0	240.0	223.1	40.0	69.7	6.3	48.2	0.0	39.4	.Autoclave.Outputs.PRESSIP\OutputValue	6.0	49.9	31.5	-1.0	0.0	-1.0	-1.0	-1.0	0.0	0.0	0.0	-1.0	-1.0	0.0	0.0	0.0	-1.0	0.0
10:34:40	32.0	163.4	190.8	163.5	169.0	160.5	179.4	163.8	170.9	161.0	193.6	210.6	210.3	179.2	0.2	0.3	1.6	0.3	40.0	0.2	1.6	0.2	210.6	160.5	4.7	3.8	178.1	185.6	241.8	241.8	241.1	253.1	100.1	32.0	24.8	0.0	244.5	227.6	40.0	72.3	6.5	54.4	0.0	44.6	.Autoclave.Outputs.PRESSIP\OutputValue	4.9	50.1	31.2	-1.0	0.0	-1.0	-1.0	-1.0	0.0	0.0	0.0	-1.0	-1.0	0.0	0.0	0.0	-1.0	0.0
10:35:41	33.0	167.5	195.0	167.6	173.3	164.7	183.6	167.9	175.2	165.3	198.3	215.1	215.2	183.8	0.2	0.2	1.6	0.3	40.3	0.2	1.6	0.2	215.2	164.7	4.9	3.9	182.5	189.9	246.9	246.9	246.2	257.1	100.2	33.0	25.8	0.0	248.8	232.1	40.0	67.7	6.8	51.9	0.0	35.4	.Autoclave.Outputs.PRESSIP\OutputValue	4.6	50.4	31.8	-1.0	0.0	-1.0	-1.0	-1.0	0.0	0.0	0.0	-1.0	-1.0	0.0	0.0	0.0	-1.0	0.0
10:36:40	34.0	171.4	199.3	172.0	177.7	168.7	188.4	172.0	179.7	169.6	202.8	219.2	219.4	188.1	0.2	0.3	1.7	0.3	40.6	0.2	1.7	0.2	219.4	168.7	5.0	3.8	186.8	194.1	251.4	251.4	250.7	261.8	100.2	34.0	26.8	0.0	253.4	236.6	40.0	68.4	7.0	47.8	0.0	36.8	.Autoclave.Outputs.PRESSIP\OutputValue	3.7	50.7	32.0	-1.0	0.0	-1.0	-1.0	-1.0	0.0	0.0	0.0	-1.0	-1.0	0.0	0.0	0.0	-1.0	0.0
10:37:40	35.0	175.6	203.4	176.0	181.9	173.0	192.8	176.3	184.3	173.7	207.6	223.6	223.7	192.7	0.2	0.3	1.8	0.2	40.9	0.2	1.8	0.2	223.7	173.0	4.9	3.9	191.1	198.4	255.9	256.0	255.2	266.7	100.1	35.0	27.8	0.0	258.3	241.1	40.0	69.3	7.2	43.1	0.0	38.7	.Autoclave.Outputs.PRESSIP\OutputValue	2.2	50.7	32.2	-1.0	0.0	-1.0	-1.0	-1.0	0.0	0.0	0.0	-1.0	-1.0	0.0	0.0	0.0	-1.0	0.0
10:38:41	36.0	179.8	207.3	180.3	186.2	177.3	197.4	180.5	188.6	177.8	211.5	227.9	228.4	196.8	0.2	0.2	1.9	0.2	40.1	0.2	1.9	0.2	228.4	177.3	5.1	4.1	195.4	202.9	260.7	260.7	259.9	271.1	100.0	36.0	28.8	0.0	263.0	245.6	40.0	71.0	7.5	50.8	0.0	42.1	.Autoclave.Outputs.PRESSIP\OutputValue	1.6	51.1	32.3	-1.0	0.0	-1.0	-1.0	-1.0	0.0	0.0	0.0	-1.0	-1.0	0.0	0.0	0.0	-1.0	0.0
10:39:21	36.7	182.5	210.2	183.1	189.1	180.0	200.4	183.1	191.3	180.7	215.0	230.7	231.7	199.5	0.2	0.2	1.9	0.3	40.3	0.2	1.9	0.2	231.7	180.0	4.7	4.0	198.3	205.9	263.6	263.6	263.0	274.1	100.1	36.7	29.5	0.0	265.6	248.6	40.0	71.6	7.6	48.8	0.0	43.2	.Autoclave.Outputs.PRESSIP\OutputValue	1.3	51.7	32.1	-1.0	0.0	-1.0	-1.0	-1.0	0.0	0.0	0.0	-1.0	-1.0	0.0	0.0	0.0	-1.0	0.0
10:39:41	37.0	184.0	211.5	184.4	190.5	181.4	201.9	184.6	192.9	182.0	216.5	232.1	233.2	200.8	0.2	0.2	2.0	0.3	40.4	0.2	2.0	0.2	233.2	181.4	4.7	4.0	199.7	207.3	264.9	264.9	264.3	275.5	100.2	37.0	0.3	0.0	267.4	250.1	40.0	71.3	7.7	47.3	0.0	42.6	.Autoclave.Outputs.PRESSIP\OutputValue	1.1	51.8	31.7	-1.0	0.0	-1.0	-1.0	-1.0	0.0	0.0	0.0	-1.0	-1.0	0.0	0.0	0.0	-1.0	0.0
10:40:41	38.0	187.6	215.7	188.7	194.7	186.1	206.4	188.9	197.1	186.6	220.7	236.3	236.8	204.8	0.2	0.2	2.1	0.2	40.7	0.2	2.1	0.2	236.8	186.1	4.7	4.0	203.9	211.5	269.9	269.9	269.2	280.6	100.1	38.0	1.3	0.0	272.3	254.6	40.0	71.5	7.9	43.0	0.0	43.0	.Autoclave.Outputs.PRESSIP\OutputValue	0.1	50.7	33.1	-1.0	0.0	-1.0	-1.0	-1.0	0.0	0.0	0.0	-1.0	-1.0	0.0	0.0	0.0	-1.0	0.0
10:41:40	39.0	191.8	219.8	193.0	199.1	190.4	211.2	193.4	201.8	191.0	225.0	240.6	241.3	209.0	0.2	0.3	2.3	0.2	41.0	0.2	2.3	0.2	241.3	190.4	5.0	4.2	208.3	215.9	274.3	274.3	273.6	285.1	100.1	39.0	2.3	0.0	276.9	259.1	40.0	73.5	8.1	38.5	0.0	47.1	.Autoclave.Outputs.PRESSIP\OutputValue	-1.6	50.9	33.0	-1.0	0.0	-1.0	-1.0	-1.0	0.0	0.0	0.0	-1.0	-1.0	-1.0	0.0	0.0	-1.0	0.0
10:42:41	40.0	195.7	224.0	197.3	203.4	194.6	215.7	197.7	206.2	195.2	229.8	245.1	245.5	213.7	0.2	0.2	2.3	0.3	40.1	0.2	2.3	0.2	245.5	194.6	4.8	3.3	212.6	220.1	279.1	279.1	278.3	289.5	100.1	40.0	3.3	0.0	281.5	263.6	40.0	71.9	8.4	47.4	0.0	43.8	.Autoclave.Outputs.PRESSIP\OutputValue	-1.5	50.9	33.6	-1.0	0.0	-1.0	-1.0	-1.0	0.0	0.0	0.0	-1.0	-1.0	0.0	0.0	0.0	-1.0	0.0
10:43:41	41.0	200.3	228.3	201.8	207.8	199.2	220.2	202.2	210.6	199.5	234.4	249.5	250.7	217.5	0.2	0.3	2.5	0.2	40.4	0.2	2.5	0.2	250.7	199.2	5.2	4.1	217.1	225.0	283.6	283.6	282.9	294.5	100.0	41.0	4.3	0.0	286.1	268.1	40.0	72.1	8.6	43.9	0.0	44.2	.Autoclave.Outputs.PRESSIP\OutputValue	-2.0	51.5	32.9	-1.0	0.0	-1.0	-1.0	-1.0	0.0	0.0	0.0	-1.0	-1.0	0.0	0.0	0.0	-1.0	0.0
10:44:41	42.0	204.3	232.5	206.0	211.8	203.3	224.7	206.4	214.9	203.9	238.8	253.6	254.9	221.9	0.2	0.2	2.6	0.3	40.6	0.2	2.6	0.2	254.9	203.3	7.8	4.1	221.3	229.1	288.1	288.1	287.5	298.8	100.2	42.0	5.3	0.0	289.1	272.0	40.0	62.9	8.8	40.4	0.0	25.9	.Autoclave.Outputs.PRESSIP\OutputValue	-3.1	51.6	33.2	-1.0	0.0	-1.0	-1.0	-1.0	0.0	0.0	0.0	-1.0	-1.0	0.0	0.0	0.0	-1.0	0.0
10:45:40	43.0	208.5	236.6	210.1	215.4	207.4	228.6	210.3	219.1	207.9	242.1	257.5	258.4	225.0	0.2	0.3	2.7	0.2	40.4	0.2	2.7	0.2	258.4	207.4	15.8	3.3	225.2	232.9	285.3	285.3	284.7	290.1	100.1	43.0	6.3	0.0	285.3	272.0	40.0	55.6	8.8	42.3	0.0	11.2	.Autoclave.Outputs.PRESSIP\OutputValue	-4.0	51.0	26.9	-1.0	0.0	-1.0	-1.0	-1.0	0.0	0.0	0.0	-1.0	-1.0	0.0	0.0	0.0	-1.0	0.0
10:46:41	44.0	211.8	239.7	213.8	218.4	210.8	231.6	213.6	223.1	211.4	244.2	260.2	261.5	227.5	0.2	0.3	2.8	0.2	40.3	0.2	2.8	0.2	261.5	210.8	3.9	-11.5	228.3	236.2	282.8	282.8	282.0	287.6	100.1	44.0	7.3	0.0	282.7	272.0	40.0	56.9	8.8	42.7	0.0	13.9	.Autoclave.Outputs.PRESSIP\OutputValue	-4.6	50.7	21.3	-1.0	0.0	-1.0	-1.0	-1.0	0.0	0.0	0.0	-1.0	-1.0	0.0	0.0	0.0	-1.0	0.0
10:47:40	45.0	215.3	242.0	217.1	221.2	214.1	234.3	216.7	226.2	214.6	246.0	262.7	263.5	230.0	0.2	0.2	2.9	0.2	40.2	0.2	2.9	0.2	263.5	214.1	3.4	1.4	231.1	238.8	280.7	280.6	279.9	286.0	100.1	45.0	8.3	0.0	280.7	272.0	40.0	54.3	8.7	42.6	0.0	8.5	.Autoclave.Outputs.PRESSIP\OutputValue	-5.1	49.4	17.2	-1.0	0.0	-1.0	-1.0	-1.0	0.0	0.0	0.0	-1.0	-1.0	0.0	0.0	0.0	-1.0	0.0
10:48:41	46.0	218.3	243.8	220.0	223.9	217.1	236.9	219.8	229.3	217.4	247.9	264.4	265.3	232.1	0.2	0.2	3.0	0.2	40.1	0.1	3.0	0.2	265.3	217.1	3.2	1.8	233.6	241.2	279.0	278.9	278.2	283.9	100.3	46.0	9.3	0.0	278.7	272.0	40.0	54.2	8.7	43.0	0.0	8.5	.Autoclave.Outputs.PRESSIP\OutputValue	-5.4	48.3	13.7	-1.0	0.0	-1.0	-1.0	-1.0	0.0	0.0	0.0	-1.0	-1.0	0.0	0.0	0.0	-1.0	0.0
10:49:41	47.0	221.2	245.3	222.8	226.6	220.0	239.1	222.4	231.9	220.2	249.1	265.6	266.1	234.1	0.2	0.2	3.0	0.2	40.1	0.1	3.0	0.2	266.1	220.0	3.0	0.7	235.7	243.0	277.9	277.9	277.2	283.0	100.1	47.0	10.3	0.0	277.4	272.0	40.0	52.9	8.7	43.3	0.0	5.8	.Autoclave.Outputs.PRESSIP\OutputValue	-5.6	46.2	11.8	-1.0	0.0	-1.0	-1.0	-1.0	0.0	0.0	0.0	-1.0	-1.0	0.0	0.0	0.0	-1.0	0.0
10:50:41	48.1	224.0	246.6	225.5	229.0	222.9	241.2	225.1	234.3	222.9	250.5	267.0	267.6	235.7	0.2	0.2	3.1	0.2	40.1	0.1	3.1	0.2	267.6	222.9	2.9	1.0	237.9	245.2	276.9	276.9	276.2	282.0	100.1	48.0	11.3	0.0	277.1	272.0	40.0	52.2	8.7	43.6	0.0	4.4	.Autoclave.Outputs.PRESSIP\OutputValue	-5.8	44.8	9.3	-1.0	0.0	-1.0	-1.0	-1.0	0.0	0.0	0.0	-1.0	-1.0	0.0	0.0	0.0	-1.0	0.0
10:51:40	49.0	225.8	247.9	228.0	231.3	225.3	243.1	227.4	236.9	225.4	251.7	267.8	267.9	237.6	0.2	0.2	3.1	0.2	40.0	0.1	3.1	0.2	267.9	225.3	2.5	-3.3	239.7	246.6	276.1	276.1	275.4	281.1	100.1	49.0	12.3	0.0	275.8	272.0	40.0	53.5	8.6	43.4	0.0	7.0	.Autoclave.Outputs.PRESSIP\OutputValue	-5.9	42.7	8.2	-1.0	0.0	-1.0	-1.0	-1.0	0.0	0.0	0.0	-1.0	-1.0	0.0	0.0	0.0	-1.0	0.0
10:52:40	50.0	229.0	249.0	230.3	233.3	227.7	244.8	229.6	239.2	227.4	252.7	268.7	268.9	239.1	0.2	0.2	3.2	0.2	40.0	0.2	3.2	0.2	268.9	227.4	8.3	0.4	241.5	248.2	275.4	275.4	274.7	280.1	100.2	50.0	13.3	0.0	275.4	272.0	40.0	56.1	8.6	43.7	0.0	12.3	.Autoclave.Outputs.PRESSIP\OutputValue	-6.0	41.5	6.5	-1.0	0.0	-1.0	-1.0	-1.0	0.0	0.0	0.0	-1.0	-1.0	0.0	0.0	0.0	-1.0	0.0
10:53:40	51.0	231.1	250.1	232.6	235.4	230.0	246.4	231.8	241.1	229.6	253.6	269.4	269.6	240.6	0.2	0.2	3.2	0.2	40.0	0.2	3.2	0.2	269.6	229.6	2.4	0.4	243.2	249.6	274.9	274.9	274.1	280.2	100.2	51.0	14.3	0.0	274.8	272.0	40.0	56.4	8.6	43.7	0.0	12.7	.Autoclave.Outputs.PRESSIP\OutputValue	-6.0	40.0	5.3	-1.0	0.0	-1.0	-1.0	-1.0	0.0	0.0	0.0	-1.0	-1.0	0.0	0.0	0.0	-1.0	0.0
10:54:41	52.0	233.5	251.1	234.6	237.3	232.1	248.0	233.9	243.2	231.6	254.7	269.9	269.9	242.2	0.2	0.2	3.3	0.2	40.0	0.1	3.3	0.2	269.9	231.6	2.4	0.4	244.8	250.8	274.4	274.3	273.6	279.4	100.1	52.0	15.3	0.0	273.9	272.0	40.0	55.7	8.5	44.1	0.0	11.3	.Autoclave.Outputs.PRESSIP\OutputValue	-6.0	38.3	4.5	-1.0	0.0	-1.0	-1.0	-1.0	0.0	0.0	0.0	-1.0	-1.0	0.0	0.0	0.0	-1.0	0.0
10:55:41	53.0	235.3	252.0	236.4	238.8	234.3	249.3	235.7	244.9	233.6	255.7	270.3	270.4	243.7	0.2	0.2	3.3	0.2	40.0	0.1	3.3	0.2	270.4	233.6	2.2	0.4	246.2	252.0	274.0	273.9	273.2	278.9	100.1	53.0	16.3	0.0	273.5	272.0	40.0	54.3	8.5	44.1	0.0	8.6	.Autoclave.Outputs.PRESSIP\OutputValue	-6.0	36.8	3.6	-1.0	0.0	-1.0	-1.0	-1.0	0.0	0.0	0.0	-1.0	-1.0	0.0	0.0	0.0	-1.0	0.0
10:56:40	54.0	237.2	252.9	238.2	240.6	236.3	250.7	237.7	246.4	235.4	256.5	270.5	270.5	244.7	0.2	0.3	3.4	0.2	40.0	0.2	3.4	0.2	270.5	235.4	2.1	0.1	247.5	253.0	273.7	273.8	273.0	278.8	100.2	54.0	17.3	0.0	273.2	272.0	40.0	54.9	8.5	43.9	0.0	9.9	.Autoclave.Outputs.PRESSIP\OutputValue	-6.0	35.1	3.2	-1.0	0.0	-1.0	-1.0	-1.0	0.0	0.0	0.0	-1.0	-1.0	0.0	0.0	0.0	-1.0	0.0
10:57:40	55.0	239.2	253.8	240.0	242.2	238.2	251.9	239.5	248.0	237.2	257.4	270.8	270.6	246.3	0.2	0.2	3.4	0.2	40.0	0.1	3.4	0.2	270.8	237.2	2.3	0.3	248.9	254.0	273.5	273.4	272.7	278.4	100.1	55.0	18.3	0.0	273.2	272.0	40.0	54.9	8.4	44.3	0.0	9.8	.Autoclave.Outputs.PRESSIP\OutputValue	-6.0	33.6	2.7	-1.0	0.0	-1.0	-1.0	-1.0	0.0	0.0	0.0	-1.0	-1.0	0.0	0.0	0.0	-1.0	0.0
10:58:41	56.0	240.9	254.7	241.6	243.7	240.0	253.0	241.0	249.4	239.0	258.0	271.0	270.4	247.7	0.2	0.2	3.4	0.3	40.0	0.0	3.4	0.2	271.0	239.0	1.8	0.0	250.0	255.0	273.3	273.3	272.7	278.5	100.2	56.0	19.3	0.0	273.0	272.0	40.0	54.2	8.4	44.1	0.0	8.4	.Autoclave.Outputs.PRESSIP\OutputValue	-6.0	32.0	2.3	-1.0	0.0	-1.0	-1.0	-1.0	0.0	0.0	0.0	-1.0	-1.0	0.0	0.0	0.0	-1.0	0.0
10:59:40	57.0	242.5	255.6	243.2	245.2	241.9	254.1	242.7	250.7	240.8	259.1	271.1	270.7	248.9	0.2	0.2	3.5	0.2	40.0	0.1	3.5	0.2	271.1	240.8	1.8	0.0	251.3	256.0	273.2	273.2	272.4	278.3	100.1	57.0	20.3	0.0	272.9	272.0	40.0	54.8	8.4	44.3	0.0	9.7	.Autoclave.Outputs.PRESSIP\OutputValue	-6.0	30.3	2.1	-1.0	0.0	-1.0	-1.0	-1.0	0.0	0.0	0.0	-1.0	-1.0	0.0	0.0	0.0	-1.0	0.0
11:00:41	58.0	244.1	256.4	244.8	246.7	243.6	255.1	244.1	252.1	242.7	259.7	271.1	270.9	250.0	0.2	0.2	3.5	0.2	40.0	0.1	3.5	0.2	271.1	242.7	1.8	0.0	252.4	256.9	273.1	273.0	272.4	278.0	100.0	58.0	21.3	0.0	272.6	272.0	40.0	53.5	8.3	44.2	0.0	6.9	.Autoclave.Outputs.PRESSIP\OutputValue	-6.0	28.4	2.0	-1.0	0.0	-1.0	-1.0	-1.0	0.0	0.0	0.0	-1.0	-1.0	0.0	0.0	0.0	-1.0	0.0
11:01:41	59.0	245.6	257.3	246.2	248.0	245.2	256.0	245.8	253.2	243.9	260.4	271.3	271.6	251.0	0.2	0.3	3.6	0.2	40.0	0.1	3.6	0.2	271.6	243.9	1.7	0.2	253.5	257.8	273.0	273.0	272.1	277.9	100.1	59.0	22.3	0.0	272.7	272.0	40.0	52.8	8.3	44.2	0.0	5.5	.Autoclave.Outputs.PRESSIP\OutputValue	-5.9	27.7	1.4	-1.0	0.0	-1.0	-1.0	-1.0	0.0	0.0	0.0	-1.0	-1.0	0.0	0.0	0.0	-1.0	0.0
11:02:40	60.0	247.1	258.0	247.6	249.4	246.8	256.9	247.0	254.3	245.5	261.0	271.3	271.2	252.3	0.2	0.2	3.6	0.1	40.0	0.1	3.6	0.1	271.3	245.5	1.6	-0.2	254.5	258.4	272.9	272.9	272.2	277.9	100.1	60.0	23.3	0.0	272.5	272.0	40.0	54.7	8.3	44.2	0.0	9.5	.Autoclave.Outputs.PRESSIP\OutputValue	-5.9	25.8	1.6	-1.0	0.0	-1.0	-1.0	-1.0	0.0	0.0	0.0	-1.0	-1.0	0.0	0.0	0.0	-1.0	0.0
11:03:41	61.0	248.3	258.6	248.8	250.6	248.2	257.8	248.3	255.4	246.7	261.6	271.4	270.9	253.0	0.2	0.2	3.6	0.2	40.0	0.1	3.6	0.2	271.4	246.7	1.5	0.3	255.4	259.1	272.8	272.8	272.2	277.6	100.1	61.0	24.3	0.0	272.4	272.0	40.0	53.1	8.2	44.0	0.0	6.2	.Autoclave.Outputs.PRESSIP\OutputValue	-5.9	24.7	1.4	-1.0	0.0	-1.0	-1.0	-1.0	0.0	0.0	0.0	-1.0	-1.0	0.0	0.0	0.0	-1.0	0.0
11:04:40	62.0	249.6	259.4	250.0	251.7	249.6	258.5	249.6	256.4	248.2	262.2	271.5	271.7	254.2	0.2	0.2	3.6	0.2	40.0	0.1	3.6	0.2	271.7	248.2	1.4	-0.3	256.4	260.0	272.8	272.8	272.0	277.8	100.2	62.0	25.3	0.0	272.5	272.0	40.0	53.3	8.2	43.8	0.0	6.6	.Autoclave.Outputs.PRESSIP\OutputValue	-6.0	23.5	1.1	-1.0	0.0	-1.0	-1.0	-1.0	0.0	0.0	0.0	-1.0	-1.0	0.0	0.0	0.0	-1.0	0.0
11:05:41	63.0	250.9	260.1	251.3	253.0	250.6	259.3	250.7	257.2	249.4	262.9	271.6	271.3	255.3	0.2	0.2	3.6	0.2	40.0	0.1	3.6	0.2	271.6	249.4	1.5	0.1	257.2	260.5	272.7	272.7	272.0	277.7	100.2	63.0	26.3	0.0	272.4	272.0	40.0	54.0	8.2	44.1	0.0	7.9	.Autoclave.Outputs.PRESSIP\OutputValue	-6.0	22.2	1.1	-1.0	0.0	-1.0	-1.0	-1.0	0.0	0.0	0.0	-1.0	-1.0	0.0	0.0	0.0	-1.0	0.0
11:06:41	64.1	252.1	260.7	252.4	254.1	252.1	260.0	251.8	258.1	250.7	263.5	271.5	271.4	256.2	0.2	0.2	3.7	0.2	40.0	0.1	3.7	0.2	271.5	250.7	1.2	-0.1	258.1	261.1	272.7	272.7	272.0	277.5	100.2	64.0	27.3	0.0	272.4	272.0	40.0	53.9	8.1	43.7	0.0	7.8	.Autoclave.Outputs.PRESSIP\OutputValue	-6.0	20.8	1.2	-1.0	0.0	-1.0	-1.0	-1.0	0.0	0.0	0.0	-1.0	-1.0	0.0	0.0	0.0	-1.0	0.0
11:07:41	65.0	253.3	261.4	253.5	255.1	253.5	260.7	253.1	259.1	251.8	263.7	271.5	271.2	257.0	0.2	0.2	3.7	0.2	40.0	0.1	3.7	0.2	271.5	251.8	1.9	-0.1	258.8	261.7	272.6	272.6	271.9	277.6	100.3	65.0	28.3	0.0	272.3	272.0	40.0	53.2	8.1	43.7	0.0	6.4	.Autoclave.Outputs.PRESSIP\OutputValue	-6.0	19.7	1.1	-1.0	0.0	-1.0	-1.0	-1.0	0.0	0.0	0.0	-1.0	-1.0	0.0	0.0	0.0	-1.0	0.0
11:08:40	66.0	254.3	261.9	254.5	255.9	254.6	261.3	254.0	259.7	252.9	264.1	271.7	271.0	257.9	0.2	0.2	3.7	0.1	40.0	0.1	3.7	0.1	271.7	252.9	1.0	0.0	259.5	262.3	272.7	272.7	272.0	277.7	100.3	66.0	29.3	0.0	272.4	272.0	40.0	53.8	8.0	43.5	0.0	7.7	.Autoclave.Outputs.PRESSIP\OutputValue	-6.0	18.8	1.0	-1.0	0.0	-1.0	-1.0	-1.0	0.0	0.0	0.0	-1.0	-1.0	0.0	0.0	0.0	-1.0	0.0
11:09:41	67.0	255.2	262.4	255.5	256.8	255.7	262.0	255.0	260.4	254.0	264.4	271.5	271.2	258.7	0.2	0.2	3.8	0.2	40.0	0.1	3.8	0.2	271.5	254.0	1.3	-0.1	260.2	262.8	272.7	272.7	271.9	277.8	100.5	67.0	30.3	0.0	272.4	272.0	40.0	53.8	8.0	43.9	0.0	7.6	.Autoclave.Outputs.PRESSIP\OutputValue	-6.0	17.5	1.2	-1.0	0.0	-1.0	-1.0	-1.0	0.0	0.0	0.0	-1.0	-1.0	0.0	0.0	0.0	-1.0	0.0
11:10:40	68.0	256.2	262.9	256.3	257.7	256.7	262.5	255.9	261.0	254.9	264.9	271.7	272.1	259.5	0.2	0.2	3.8	0.2	40.0	0.1	3.8	0.2	272.1	254.9	1.2	-0.3	261.0	263.5	272.7	272.6	271.9	277.3	100.4	68.0	31.3	0.0	272.5	272.0	40.0	51.5	8.0	43.9	0.0	3.1	.Autoclave.Outputs.PRESSIP\OutputValue	-6.0	17.2	0.6	-1.0	0.0	-1.0	-1.0	-1.0	0.0	0.0	0.0	-1.0	-1.0	0.0	0.0	0.0	-1.0	0.0
11:11:41	69.0	257.1	263.3	257.2	258.5	257.6	263.1	256.7	261.7	255.9	265.3	271.8	271.6	260.2	0.2	0.2	3.8	0.2	40.0	0.1	3.8	0.2	271.8	255.9	1.1	-0.2	261.5	263.9	272.5	272.6	271.8	277.5	100.4	69.0	32.3	0.0	272.2	272.0	40.0	53.7	8.0	43.7	0.0	7.5	.Autoclave.Outputs.PRESSIP\OutputValue	-6.0	15.9	0.7	-1.0	0.0	-1.0	-1.0	-1.0	0.0	0.0	0.0	-1.0	-1.0	0.0	0.0	0.0	-1.0	0.0
11:12:41	70.0	257.9	263.8	258.0	259.2	258.4	263.6	257.5	262.2	256.8	265.6	271.8	271.6	260.8	0.2	0.2	3.8	0.2	40.0	0.1	3.8	0.2	271.8	256.8	0.9	0.1	262.1	264.3	272.5	272.5	271.8	277.6	100.4	70.0	33.3	0.0	272.2	272.0	40.0	54.4	7.9	43.9	0.0	8.8	.Autoclave.Outputs.PRESSIP\OutputValue	-6.0	15.0	0.7	-1.0	0.0	-1.0	-1.0	-1.0	0.0	0.0	0.0	-1.0	-1.0	0.0	0.0	0.0	-1.0	0.0
11:13:41	71.0	258.7	264.3	258.8	259.9	259.2	264.0	258.2	262.7	257.7	265.9	271.7	271.9	261.3	0.2	0.2	3.8	0.2	40.1	0.1	3.8	0.2	271.9	257.7	1.0	-0.1	262.6	264.8	272.5	272.5	271.8	277.8	100.4	71.0	34.3	0.0	272.3	272.0	40.0	53.7	7.9	43.5	0.0	7.4	.Autoclave.Outputs.PRESSIP\OutputValue	-6.0	14.2	0.6	-1.0	0.0	-1.0	-1.0	-1.0	0.0	0.0	0.0	-1.0	-1.0	0.0	0.0	0.0	-1.0	0.0
11:14:40	72.0	259.3	264.8	259.4	260.5	260.0	264.5	259.0	263.1	258.4	266.2	271.9	271.9	261.9	0.2	0.2	3.8	0.2	40.0	0.1	3.8	0.2	271.9	258.4	0.9	-0.1	263.2	265.2	272.5	272.5	271.8	277.4	100.4	72.0	35.3	0.0	272.3	272.0	40.0	54.1	7.8	43.7	0.0	8.2	.Autoclave.Outputs.PRESSIP\OutputValue	-6.0	13.5	0.6	-1.0	0.0	-1.0	-1.0	-1.0	0.0	0.0	0.0	-1.0	-1.0	0.0	0.0	0.0	-1.0	0.0
11:15:41	73.0	260.1	265.1	260.1	261.2	260.7	264.9	259.8	263.6	259.0	266.6	271.6	271.4	262.4	0.2	0.2	3.9	0.2	40.0	0.1	3.9	0.2	271.6	259.0	0.8	0.0	263.6	265.3	272.5	272.7	271.9	277.2	100.4	73.0	36.3	0.0	272.2	272.0	40.0	52.9	7.8	43.7	0.0	5.9	.Autoclave.Outputs.PRESSIP\OutputValue	-6.0	12.6	0.9	-1.0	0.0	-1.0	-1.0	-1.0	0.0	0.0	0.0	-1.0	-1.0	0.0	0.0	0.0	-1.0	0.0
11:16:41	74.0	260.8	265.5	260.8	261.7	261.3	265.3	260.4	264.0	259.7	267.2	271.7	271.5	262.9	0.2	0.2	3.9	0.2	40.0	0.1	3.9	0.2	271.7	259.7	0.7	-0.5	264.1	265.7	272.5	272.5	271.9	277.3	100.4	74.0	37.3	0.0	272.3	272.0	40.0	52.7	7.8	43.5	0.0	5.3	.Autoclave.Outputs.PRESSIP\OutputValue	-6.0	12.0	0.8	-1.0	0.0	-1.0	-1.0	-1.0	0.0	0.0	0.0	-1.0	-1.0	0.0	0.0	0.0	-1.0	0.0
11:17:19	74.7	261.1	265.7	261.1	262.0	261.7	265.5	260.7	264.2	260.2	267.0	271.8	272.3	263.3	0.2	0.2	3.9	0.2	40.0	0.1	3.9	0.2	272.3	260.2	0.7	0.2	264.4	266.3	272.5	272.5	271.8	277.5	100.4	74.7	38.0	0.0	272.2	272.0	40.0	53.5	7.8	43.4	0.0	7.1	.Autoclave.Outputs.PRESSIP\OutputValue	-6.0	12.1	0.7	-1.0	0.0	-1.0	-1.0	-1.0	0.0	0.0	0.0	-1.0	-1.0	0.0	0.0	0.0	-1.0	0.0
11:17:40	75.0	261.3	265.7	261.4	262.2	261.9	265.7	260.9	264.4	260.3	267.0	271.4	271.5	263.5	0.2	0.2	3.9	0.2	40.1	0.1	3.9	0.2	271.5	260.3	0.7	0.0	264.4	265.9	272.5	272.5	271.8	277.4	100.3	75.0	0.4	70.6	271.9	272.0	40.0	51.3	7.7	43.4	0.0	2.6	.Autoclave.Outputs.PRESSIP\OutputValue	-6.0	11.2	1.0	-1.0	0.0	-1.0	-1.0	-1.0	0.0	0.0	0.0	-1.0	-1.0	0.0	0.0	0.0	-1.0	0.0
11:18:40	76.0	261.9	266.1	261.9	262.7	262.3	265.9	261.4	264.8	260.8	267.2	271.7	271.9	263.8	0.2	0.2	3.9	0.2	39.9	0.1	3.9	0.2	271.9	260.8	1.2	-0.4	264.8	266.4	271.9	271.9	271.2	272.9	100.4	76.0	1.4	69.6	272.0	272.0	40.0	55.9	7.7	45.1	0.0	11.9	.Autoclave.Outputs.PRESSIP\OutputValue	-6.0	11.1	0.0	-1.0	0.0	-1.0	-1.0	-1.0	0.0	0.0	0.0	-1.0	-1.0	0.0	0.0	0.0	-1.0	0.0
11:19:41	77.1	262.4	266.4	262.5	263.2	263.0	266.3	262.1	265.1	261.4	267.5	271.8	271.7	264.2	0.2	0.2	3.9	0.2	40.1	0.1	3.9	0.2	271.8	261.4	0.7	0.0	265.2	266.6	272.6	272.6	271.9	277.5	100.6	77.0	2.4	68.6	272.4	272.0	40.0	52.9	7.7	43.5	0.0	5.7	.Autoclave.Outputs.PRESSIP\OutputValue	-6.0	10.4	0.8	-1.0	0.0	-1.0	-1.0	-1.0	0.0	0.0	0.0	-1.0	-1.0	0.0	0.0	0.0	-1.0	0.0
11:20:40	78.0	262.9	266.7	262.9	263.8	263.5	266.6	262.5	265.5	262.0	268.0	271.7	272.0	264.7	0.2	0.2	4.0	0.2	40.1	0.1	4.0	0.2	272.0	262.0	0.6	-0.1	265.6	267.0	272.5	272.5	271.9	277.2	100.5	78.0	3.4	67.6	272.1	272.0	40.0	53.3	7.7	43.5	0.0	6.5	.Autoclave.Outputs.PRESSIP\OutputValue	-6.0	10.0	0.5	-1.0	0.0	-1.0	-1.0	-1.0	0.0	0.0	0.0	-1.0	-1.0	0.0	0.0	0.0	-1.0	0.0
11:21:41	79.0	263.4	266.8	263.4	264.0	263.8	266.8	262.9	265.7	262.3	267.8	271.9	272.0	265.0	0.2	0.2	4.0	0.2	40.1	0.1	4.0	0.2	272.0	262.3	0.4	-0.1	265.8	267.2	272.4	272.4	271.7	278.0	100.5	79.0	4.4	66.6	272.1	272.0	40.0	53.5	7.7	43.0	0.0	7.1	.Autoclave.Outputs.PRESSIP\OutputValue	-6.0	9.7	0.4	-1.0	0.0	-1.0	-1.0	-1.0	0.0	0.0	0.0	-1.0	-1.0	0.0	0.0	0.0	-1.0	0.0
11:22:40	80.0	263.8	267.1	263.8	264.4	264.3	267.1	263.5	266.0	262.8	268.4	271.6	272.0	265.5	0.2	0.2	4.0	0.2	40.1	0.1	4.0	0.2	272.0	262.8	0.5	0.1	266.2	267.4	272.5	272.5	271.8	277.4	100.5	80.0	5.4	65.6	272.4	272.0	40.0	55.3	7.7	43.4	0.0	10.6	.Autoclave.Outputs.PRESSIP\OutputValue	-6.0	9.2	0.5	-1.0	0.0	-1.0	-1.0	-1.0	0.0	0.0	0.0	-1.0	-1.0	0.0	0.0	0.0	-1.0	0.0
11:23:41	81.0	264.2	267.4	264.2	264.8	264.7	267.3	263.8	266.2	263.2	268.2	271.6	271.9	265.9	0.2	0.2	4.0	0.2	40.1	0.1	4.0	0.2	271.9	263.2	0.6	-0.1	266.4	267.6	272.4	272.4	271.7	277.4	100.6	81.0	6.4	64.6	272.2	272.0	40.0	52.6	7.7	43.2	0.0	5.2	.Autoclave.Outputs.PRESSIP\OutputValue	-6.0	8.7	0.5	-1.0	0.0	-1.0	-1.0	-1.0	0.0	0.0	0.0	-1.0	-1.0	0.0	0.0	0.0	-1.0	0.0
11:24:41	82.0	264.6	267.7	264.6	265.3	265.1	267.6	264.3	266.5	263.7	268.7	271.9	271.5	266.2	0.2	0.2	4.0	0.2	40.1	0.1	4.0	0.2	271.9	263.7	0.5	0.2	266.8	267.8	272.4	272.4	271.6	277.2	100.5	82.0	7.4	63.6	272.3	272.0	40.0	54.1	7.6	43.4	0.0	8.2	.Autoclave.Outputs.PRESSIP\OutputValue	-6.0	8.2	0.5	-1.0	0.0	-1.0	-1.0	-1.0	0.0	0.0	0.0	-1.0	-1.0	0.0	0.0	0.0	-1.0	0.0
11:25:40	83.0	265.0	267.9	265.0	265.5	265.5	267.7	264.6	266.7	263.9	268.8	271.7	271.8	266.4	0.2	0.2	4.0	0.2	40.0	0.1	4.0	0.2	271.8	263.9	0.6	-0.2	267.0	267.9	272.0	272.0	271.2	277.0	100.7	83.0	8.4	62.6	272.2	272.0	40.0	57.2	7.6	43.9	0.0	14.4	.Autoclave.Outputs.PRESSIP\OutputValue	-6.0	7.9	0.2	-1.0	0.0	-1.0	-1.0	-1.0	0.0	0.0	0.0	-1.0	-1.0	0.0	0.0	0.0	-1.0	0.0
11:26:40	84.0	265.3	267.9	265.4	265.8	265.7	268.0	265.0	267.0	264.4	268.7	271.7	272.3	266.8	0.2	0.2	4.0	0.2	40.1	0.1	4.0	0.2	272.3	264.4	0.4	-0.3	267.2	268.4	272.5	272.5	271.7	277.4	100.6	84.0	9.4	61.6	272.2	272.0	40.0	53.4	7.6	43.4	0.0	6.8	.Autoclave.Outputs.PRESSIP\OutputValue	-6.0	7.9	0.2	-1.0	0.0	-1.0	-1.0	-1.0	0.0	0.0	0.0	-1.0	-1.0	0.0	0.0	0.0	-1.0	0.0
11:27:41	85.0	265.7	268.2	265.8	266.2	266.1	268.3	265.3	267.2	264.7	269.2	271.9	271.4	267.1	0.2	0.2	4.0	0.2	40.1	0.1	4.0	0.2	271.9	264.7	0.6	-0.2	267.5	268.3	272.5	272.5	271.7	277.2	100.7	85.0	10.4	60.6	272.5	272.0	40.0	55.1	7.6	43.4	0.0	10.3	.Autoclave.Outputs.PRESSIP\OutputValue	-6.0	7.2	0.6	-1.0	0.0	-1.0	-1.0	-1.0	0.0	0.0	0.0	-1.0	-1.0	0.0	0.0	0.0	-1.0	0.0
11:28:40	86.0	266.0	268.4	266.0	266.5	266.4	268.4	265.6	267.4	265.0	269.5	271.8	271.7	267.3	0.2	0.2	4.0	0.2	39.9	0.1	4.0	0.2	271.8	265.0	0.4	-0.7	267.7	268.4	272.3	272.3	271.7	274.6	100.7	86.0	11.4	59.6	272.2	272.0	40.0	54.7	7.5	44.7	0.0	9.3	.Autoclave.Outputs.PRESSIP\OutputValue	-6.0	6.8	0.5	-1.0	0.0	-1.0	-1.0	-1.0	0.0	0.0	0.0	-1.0	-1.0	0.0	0.0	0.0	-1.0	0.0
11:29:41	87.0	266.2	268.4	266.2	266.5	266.6	268.4	265.9	267.5	265.2	269.3	271.7	271.3	267.3	0.2	0.2	4.1	0.2	40.1	0.1	4.1	0.2	271.7	265.2	0.3	-0.5	267.7	268.5	271.9	271.9	271.2	279.3	100.7	87.0	12.4	58.6	272.0	272.0	40.0	54.5	7.6	42.7	0.0	9.1	.Autoclave.Outputs.PRESSIP\OutputValue	-5.9	6.5	0.2	-1.0	0.0	-1.0	-1.0	-1.0	0.0	0.0	0.0	-1.0	-1.0	0.0	0.0	0.0	-1.0	0.0
11:30:41	88.0	266.5	268.5	266.6	267.2	266.9	268.6	266.1	267.6	265.6	269.3	271.8	272.0	267.7	0.2	0.2	4.1	0.2	40.1	0.1	4.1	0.2	272.0	265.6	0.5	0.1	268.0	268.8	272.4	272.4	271.7	277.3	100.5	88.0	13.4	57.6	272.3	272.0	40.0	54.5	7.6	43.4	0.0	9.1	.Autoclave.Outputs.PRESSIP\OutputValue	-6.0	6.4	0.4	-1.0	0.0	-1.0	-1.0	-1.0	0.0	0.0	0.0	-1.0	-1.0	0.0	0.0	0.0	-1.0	0.0
11:31:41	89.0	266.7	268.8	267.0	267.3	267.2	268.8	266.5	267.8	265.8	269.6	271.7	271.1	267.9	0.2	0.2	4.1	0.1	40.1	0.1	4.1	0.1	271.7	265.8	0.5	-1.0	268.2	268.8	272.5	272.5	271.8	277.4	100.7	89.0	14.4	56.6	272.0	272.0	40.0	51.4	7.6	43.2	0.0	2.8	.Autoclave.Outputs.PRESSIP\OutputValue	-6.0	5.9	0.8	-1.0	0.0	-1.0	-1.0	-1.0	0.0	0.0	0.0	-1.0	-1.0	0.0	0.0	0.0	-1.0	0.0
11:32:41	90.0	267.1	269.1	267.3	267.5	267.5	268.9	266.8	268.0	266.1	269.8	271.7	271.0	268.1	0.2	0.2	4.1	0.3	40.1	0.1	4.1	0.2	271.7	266.1	0.4	-0.9	268.4	268.9	272.5	272.5	271.9	277.2	100.6	90.0	15.4	55.6	272.2	272.0	40.0	54.5	7.6	43.4	0.0	8.9	.Autoclave.Outputs.PRESSIP\OutputValue	-6.0	5.6	0.8	-1.0	0.0	-1.0	-1.0	-1.0	0.0	0.0	0.0	-1.0	-1.0	0.0	0.0	0.0	-1.0	0.0
11:33:40	91.0	267.4	269.3	267.5	267.7	267.7	269.1	266.9	268.2	266.4	269.9	271.6	272.1	268.3	0.2	0.2	4.1	0.2	40.1	0.1	4.1	0.2	272.1	266.4	1.1	0.1	268.6	269.3	272.5	272.5	271.8	277.2	100.6	91.0	16.4	54.6	271.8	272.0	40.0	50.4	7.5	43.0	0.0	0.9	.Autoclave.Outputs.PRESSIP\OutputValue	-6.0	5.7	0.4	-1.0	0.0	-1.0	-1.0	-1.0	0.0	0.0	0.0	-1.0	-1.0	0.0	0.0	0.0	-1.0	0.0
11:34:40	92.0	267.6	269.5	267.7	267.9	268.1	269.3	267.4	268.4	266.8	269.8	271.7	272.3	268.5	0.2	0.2	4.1	0.1	40.1	0.1	4.1	0.1	272.3	266.8	0.3	-0.3	268.9	269.6	272.3	272.3	271.7	276.9	100.6	92.0	17.4	53.6	272.0	272.0	40.0	53.1	7.5	43.2	0.0	6.1	.Autoclave.Outputs.PRESSIP\OutputValue	-6.0	5.5	0.0	-1.0	0.0	-1.0	-1.0	-1.0	0.0	0.0	0.0	-1.0	-1.0	0.0	0.0	0.0	-1.0	0.0
11:35:40	93.0	267.9	269.6	267.9	268.1	268.2	269.3	267.5	268.6	266.9	270.0	271.7	271.5	268.7	0.2	0.2	4.1	0.2	40.1	0.1	4.1	0.2	271.7	266.9	0.6	-0.1	268.9	269.3	272.5	272.5	271.7	277.6	100.7	93.0	18.4	52.6	272.2	272.0	40.0	50.4	7.5	43.2	0.0	0.8	.Autoclave.Outputs.PRESSIP\OutputValue	-6.0	4.8	0.8	-1.0	0.0	-1.0	-1.0	-1.0	0.0	0.0	0.0	-1.0	-1.0	0.0	0.0	0.0	-1.0	0.0
11:36:41	94.0	267.9	269.6	268.1	268.3	268.4	269.6	267.6	268.7	267.2	269.9	271.9	271.9	268.8	0.2	0.2	4.1	0.2	40.1	0.1	4.1	0.2	271.9	267.2	0.4	-0.9	269.1	269.6	271.8	271.8	271.2	278.3	100.6	94.0	19.4	51.6	272.1	272.0	40.0	54.4	7.5	42.6	0.0	8.8	.Autoclave.Outputs.PRESSIP\OutputValue	-6.0	4.7	-0.1	-1.0	0.0	-1.0	-1.0	-1.0	0.0	0.0	0.0	-1.0	-1.0	0.0	0.0	0.0	-1.0	0.0
11:37:41	95.0	268.2	269.6	268.3	268.5	268.5	269.7	267.9	268.8	267.4	270.4	271.6	272.1	269.1	0.2	0.2	4.2	0.2	40.1	0.1	4.2	0.2	272.1	267.4	0.5	-0.2	269.2	269.8	272.4	272.3	271.6	277.0	100.7	95.0	20.4	50.6	272.3	272.0	40.0	51.1	7.5	43.2	0.0	2.1	.Autoclave.Outputs.PRESSIP\OutputValue	-6.0	4.7	0.3	-1.0	0.0	-1.0	-1.0	-1.0	0.0	0.0	0.0	-1.0	-1.0	0.0	0.0	0.0	-1.0	0.0
11:38:40	96.0	268.2	269.7	268.4	268.6	268.7	269.6	268.0	269.0	267.5	270.3	271.7	271.6	269.1	0.2	0.2	4.1	0.2	40.0	0.1	4.1	0.2	271.7	267.5	0.4	-0.2	269.3	269.6	271.4	271.3	270.6	274.2	100.8	96.0	21.4	49.6	272.1	272.0	40.0	59.9	7.5	44.3	0.0	19.9	.Autoclave.Outputs.PRESSIP\OutputValue	-6.0	4.2	-0.3	-1.0	0.0	-1.0	-1.0	-1.0	0.0	0.0	0.0	-1.0	-1.0	0.0	0.0	0.0	-1.0	0.0
11:39:41	97.0	268.6	269.8	268.7	268.7	268.8	269.7	268.2	268.9	267.6	270.5	271.6	271.2	269.4	0.2	0.2	4.1	0.2	40.1	0.1	4.1	0.2	271.6	267.6	0.2	0.0	269.4	269.6	272.5	272.5	271.8	277.3	100.6	97.0	22.4	48.6	272.2	272.0	40.0	53.3	7.5	43.0	0.0	6.6	.Autoclave.Outputs.PRESSIP\OutputValue	-6.0	4.0	0.9	-1.0	0.0	-1.0	-1.0	-1.0	0.0	0.0	0.0	-1.0	-1.0	0.0	0.0	0.0	-1.0	0.0
11:40:41	98.0	268.7	270.0	268.8	268.9	269.0	270.0	268.4	269.0	267.8	270.5	271.8	271.5	269.4	0.2	0.2	4.2	0.2	40.1	0.1	4.2	0.2	271.8	267.8	0.3	-0.1	269.5	269.8	272.4	272.4	271.7	277.2	100.7	98.0	23.4	47.6	272.1	272.0	40.0	53.9	7.5	43.0	0.0	7.9	.Autoclave.Outputs.PRESSIP\OutputValue	-6.0	4.0	0.6	-1.0	0.0	-1.0	-1.0	-1.0	0.0	0.0	0.0	-1.0	-1.0	0.0	0.0	0.0	-1.0	0.0
11:41:41	99.0	268.8	270.0	268.9	269.1	269.2	269.9	268.5	269.1	268.0	270.4	272.1	271.8	269.6	0.2	0.2	4.2	0.2	40.1	0.1	4.2	0.2	272.1	268.0	0.3	-0.6	269.7	270.1	272.4	272.5	271.8	277.2	100.7	99.0	24.4	46.6	272.3	272.0	40.0	53.2	7.4	43.2	0.0	6.5	.Autoclave.Outputs.PRESSIP\OutputValue	-6.0	4.1	0.3	-1.0	0.0	-1.0	-1.0	-1.0	0.0	0.0	0.0	-1.0	-1.0	0.0	0.0	0.0	-1.0	0.0
11:42:40	100.0	269.1	270.1	269.2	269.1	269.3	270.0	268.6	269.3	268.2	270.6	271.6	271.6	269.7	0.2	0.2	4.2	0.2	40.1	0.1	4.2	0.2	271.6	268.2	0.3	0.0	269.7	269.9	272.3	272.3	271.7	277.2	100.7	100.0	25.4	45.6	272.3	272.0	40.0	55.2	7.4	42.8	0.0	10.4	.Autoclave.Outputs.PRESSIP\OutputValue	-6.0	3.4	0.7	-1.0	0.0	-1.0	-1.0	-1.0	0.0	0.0	0.0	-1.0	-1.0	0.0	0.0	0.0	-1.0	0.0
11:43:41	101.0	269.3	270.3	269.2	269.3	269.4	270.0	268.8	269.3	268.3	270.6	271.8	271.8	269.8	0.2	0.2	4.2	0.2	40.1	0.1	4.2	0.2	271.8	268.3	0.4	-0.1	269.8	270.1	272.3	272.3	271.6	277.5	100.7	101.0	26.4	44.6	272.1	272.0	40.0	54.5	7.4	43.0	0.0	9.0	.Autoclave.Outputs.PRESSIP\OutputValue	-6.0	3.5	0.5	-1.0	0.0	-1.0	-1.0	-1.0	0.0	0.0	0.0	-1.0	-1.0	0.0	0.0	0.0	-1.0	0.0
11:44:41	102.0	269.3	270.4	269.4	269.4	269.6	270.2	269.0	269.5	268.3	270.8	271.7	271.8	269.9	0.2	0.2	4.2	0.1	40.1	0.1	4.2	0.1	271.8	268.3	0.4	-1.0	270.0	270.1	272.3	272.3	271.5	277.3	100.8	102.0	27.4	43.6	272.1	272.0	40.0	54.5	7.3	43.0	0.0	8.9	.Autoclave.Outputs.PRESSIP\OutputValue	-6.0	3.5	0.5	-1.0	0.0	-1.0	-1.0	-1.0	0.0	0.0	0.0	-1.0	-1.0	0.0	0.0	0.0	-1.0	0.0
11:45:41	103.0	269.3	270.5	269.4	269.3	269.5	270.1	269.0	269.4	268.5	270.8	271.7	271.7	269.8	0.2	0.2	4.2	0.2	40.0	0.1	4.2	0.2	271.7	268.5	0.5	-0.8	269.9	270.1	270.2	270.2	269.6	274.4	100.7	103.0	28.4	42.6	272.4	272.0	40.0	68.9	7.4	44.0	0.0	37.9	.Autoclave.Outputs.PRESSIP\OutputValue	-5.9	3.2	-1.5	-1.0	0.0	-1.0	-1.0	-1.0	0.0	0.0	0.0	-1.0	-1.0	0.0	0.0	0.0	-1.0	0.0
11:46:40	104.0	269.4	270.3	269.6	269.6	269.7	270.2	269.2	269.5	268.5	270.7	271.6	271.5	269.9	0.2	0.2	4.2	0.2	40.1	0.1	4.2	0.2	271.6	268.5	0.6	-0.2	270.0	270.1	272.5	272.5	271.7	277.5	100.9	104.0	29.4	41.6	272.4	272.0	40.0	54.6	7.4	43.0	0.0	9.1	.Autoclave.Outputs.PRESSIP\OutputValue	-6.0	3.1	0.9	-1.0	0.0	-1.0	-1.0	-1.0	0.0	0.0	0.0	-1.0	-1.0	0.0	0.0	0.0	-1.0	0.0
11:47:40	105.0	269.7	270.5	269.7	269.8	269.8	270.4	269.2	269.6	268.7	271.0	271.7	271.6	270.1	0.2	0.2	4.2	0.2	40.1	0.1	4.2	0.2	271.7	268.7	0.3	-0.5	270.1	270.2	272.5	272.5	271.8	277.5	100.8	105.0	30.4	40.6	272.2	272.0	40.0	53.2	7.4	42.8	0.0	6.4	.Autoclave.Outputs.PRESSIP\OutputValue	-6.0	3.0	0.8	-1.0	0.0	-1.0	-1.0	-1.0	0.0	0.0	0.0	-1.0	-1.0	0.0	0.0	0.0	-1.0	0.0
11:48:40	106.0	269.8	270.5	269.9	269.9	270.0	270.3	269.5	269.7	268.9	271.0	271.6	271.5	270.2	0.2	0.2	4.2	0.2	40.1	0.1	4.2	0.2	271.6	268.9	0.4	-0.1	270.2	270.3	272.4	272.4	271.7	277.3	100.9	106.0	31.4	39.6	271.9	272.0	40.0	52.3	7.4	42.8	0.0	4.6	.Autoclave.Outputs.PRESSIP\OutputValue	-6.0	2.7	0.8	-1.0	0.0	-1.0	-1.0	-1.0	0.0	0.0	0.0	-1.0	-1.0	0.0	0.0	0.0	-1.0	0.0
11:49:40	107.0	269.9	270.6	270.0	270.0	270.0	270.4	269.4	269.6	268.9	271.1	271.7	271.6	270.3	0.2	0.2	4.2	0.2	40.1	0.1	4.2	0.2	271.7	268.9	0.3	-0.3	270.3	270.3	272.3	272.2	271.6	277.2	100.9	107.0	32.4	38.6	272.2	272.0	40.0	52.2	7.4	43.2	0.0	4.5	.Autoclave.Outputs.PRESSIP\OutputValue	-6.0	2.8	0.6	-1.0	0.0	-1.0	-1.0	-1.0	0.0	0.0	0.0	-1.0	-1.0	0.0	0.0	0.0	-1.0	0.0
11:50:41	108.0	270.0	270.6	270.0	270.0	270.1	270.5	269.5	269.7	269.0	270.9	271.5	271.9	270.4	0.2	0.2	4.2	0.1	40.1	-0.3	4.2	0.1	271.9	269.0	0.4	0.0	270.3	270.5	272.2	272.2	271.6	277.2	101.0	108.0	33.4	37.6	271.8	272.0	40.0	55.8	7.3	43.2	0.0	11.6	.Autoclave.Outputs.PRESSIP\OutputValue	-6.0	2.9	0.3	-1.0	0.0	-1.0	-1.0	-1.0	0.0	0.0	0.0	-1.0	-1.0	0.0	0.0	0.0	-1.0	0.0
11:51:41	109.1	270.1	270.8	270.1	270.1	270.2	270.6	269.7	269.8	269.1	271.1	271.7	271.5	270.5	0.2	0.2	4.2	0.2	40.1	0.1	4.2	0.2	271.7	269.1	0.7	-0.5	270.4	270.4	272.5	272.5	271.8	276.7	100.8	109.0	34.4	36.6	272.2	272.0	40.0	53.1	7.3	43.0	0.0	6.2	.Autoclave.Outputs.PRESSIP\OutputValue	-6.0	2.6	0.8	-1.0	0.0	-1.0	-1.0	-1.0	0.0	0.0	0.0	-1.0	-1.0	0.0	0.0	0.0	-1.0	0.0
11:52:40	110.0	270.2	270.8	270.2	270.2	270.3	270.7	269.7	269.8	269.3	270.8	271.8	271.4	270.5	0.2	0.2	4.2	0.2	40.1	0.1	4.2	0.2	271.8	269.3	0.5	-0.9	270.4	270.6	272.6	272.6	271.8	277.4	100.8	110.0	35.4	35.6	272.3	272.0	40.0	53.1	7.3	42.8	0.0	6.2	.Autoclave.Outputs.PRESSIP\OutputValue	-6.0	2.5	0.8	-1.0	0.0	-1.0	-1.0	-1.0	0.0	0.0	0.0	-1.0	-1.0	0.0	0.0	0.0	-1.0	0.0
11:53:40	111.0	270.2	270.8	270.4	270.2	270.4	270.6	269.9	269.9	269.4	271.1	271.8	271.7	270.6	0.2	0.2	4.2	0.2	40.1	0.1	4.2	0.2	271.8	269.4	0.5	-0.1	270.5	270.6	272.5	272.5	271.8	277.3	100.9	111.0	36.4	34.6	272.4	272.0	40.0	54.4	7.3	43.0	0.0	8.8	.Autoclave.Outputs.PRESSIP\OutputValue	-6.0	2.4	0.7	-1.0	0.0	-1.0	-1.0	-1.0	0.0	0.0	0.0	-1.0	-1.0	0.0	0.0	0.0	-1.0	0.0
11:54:40	112.0	270.3	270.8	270.3	270.3	270.4	270.7	269.9	270.0	269.5	270.9	271.6	271.5	270.6	0.2	0.2	4.3	0.2	40.1	0.1	4.3	0.2	271.6	269.5	0.4	-0.3	270.5	270.6	272.3	272.4	271.7	277.3	100.8	112.0	37.4	33.6	271.9	272.0	40.0	55.0	7.2	42.8	0.0	10.0	.Autoclave.Outputs.PRESSIP\OutputValue	-6.0	2.1	0.7	-1.0	0.0	-1.0	-1.0	-1.0	0.0	0.0	0.0	-1.0	-1.0	0.0	0.0	0.0	-1.0	0.0
11:55:41	113.0	270.3	270.9	270.5	270.4	270.7	270.7	270.2	270.0	269.5	271.2	271.4	272.7	270.7	0.2	0.2	4.2	0.2	40.1	0.1	4.2	0.2	272.7	269.5	0.3	-0.3	270.7	271.1	272.3	272.3	271.6	276.7	100.8	113.0	38.4	32.6	272.3	272.0	40.0	54.8	7.2	43.0	0.0	9.5	.Autoclave.Outputs.PRESSIP\OutputValue	-6.0	3.2	-0.4	-1.0	0.0	-1.0	-1.0	-1.0	0.0	0.0	0.0	-1.0	-1.0	0.0	0.0	0.0	-1.0	0.0
11:56:40	114.0	270.4	270.9	270.6	270.4	270.5	270.6	270.2	270.1	269.5	271.1	271.8	271.5	270.6	0.2	0.2	4.3	0.2	40.1	0.1	4.3	0.2	271.8	269.5	0.4	-0.1	270.6	270.7	272.3	272.3	271.7	277.1	100.9	114.0	39.4	31.6	271.9	272.0	40.0	52.3	7.2	43.0	0.0	4.6	.Autoclave.Outputs.PRESSIP\OutputValue	-6.0	2.3	0.5	-1.0	0.0	-1.0	-1.0	-1.0	0.0	0.0	0.0	-1.0	-1.0	0.0	0.0	0.0	-1.0	0.0
11:57:40	115.0	270.4	270.9	270.5	270.3	270.7	270.7	270.0	270.2	269.6	270.8	271.5	271.6	270.6	0.2	0.2	4.3	0.2	40.2	0.1	4.3	0.2	271.6	269.6	0.1	-0.2	270.6	270.6	271.3	271.3	270.6	277.5	100.9	115.0	40.4	30.6	272.5	272.0	40.0	61.0	7.2	42.4	0.0	22.0	.Autoclave.Outputs.PRESSIP\OutputValue	-6.0	2.0	-0.3	-1.0	0.0	-1.0	-1.0	-1.0	0.0	0.0	0.0	-1.0	-1.0	0.0	0.0	0.0	-1.0	0.0
11:58:40	116.0	270.5	270.9	270.6	270.6	270.7	270.9	270.2	270.1	269.7	271.4	271.7	271.8	270.8	0.2	0.2	4.3	0.2	40.1	0.1	4.3	0.2	271.8	269.7	0.3	-0.1	270.8	270.8	272.5	272.5	271.7	276.9	100.9	116.0	41.4	29.6	272.3	272.0	40.0	53.0	7.2	43.0	0.0	6.0	.Autoclave.Outputs.PRESSIP\OutputValue	-6.0	2.1	0.7	-1.0	0.0	-1.0	-1.0	-1.0	0.0	0.0	0.0	-1.0	-1.0	0.0	0.0	0.0	-1.0	0.0
11:59:41	117.0	270.6	271.0	270.7	270.6	270.8	270.9	270.2	270.2	269.8	271.2	271.8	271.6	270.9	0.2	0.2	4.3	0.1	40.1	0.1	4.3	0.1	271.8	269.8	0.1	-0.2	270.8	270.8	272.4	272.4	271.7	277.0	100.9	117.0	42.4	28.6	272.2	272.0	40.0	54.3	7.2	43.0	0.0	8.6	.Autoclave.Outputs.PRESSIP\OutputValue	-6.0	2.0	0.6	-1.0	0.0	-1.0	-1.0	-1.0	0.0	0.0	0.0	-1.0	-1.0	0.0	0.0	0.0	-1.0	0.0
12:00:41	118.0	270.6	271.0	270.8	270.7	270.9	270.8	270.4	270.3	269.9	271.3	271.9	272.4	270.9	0.2	0.2	4.3	0.2	40.0	0.1	4.3	0.2	272.4	269.9	0.6	-0.2	270.9	271.2	272.3	272.2	271.5	276.5	101.0	118.0	43.4	27.6	271.8	272.0	40.0	54.3	7.1	43.4	0.0	8.5	.Autoclave.Outputs.PRESSIP\OutputValue	-6.0	2.5	-0.1	-1.0	0.0	-1.0	-1.0	-1.0	0.0	0.0	0.0	-1.0	-1.0	0.0	0.0	0.0	-1.0	0.0
12:01:41	119.0	270.7	271.0	270.9	270.7	270.9	271.0	270.4	270.2	270.0	271.4	271.5	271.7	271.1	0.2	0.2	4.3	0.2	40.1	0.1	4.3	0.2	271.7	270.0	0.5	-1.0	270.9	270.9	272.5	272.5	271.7	277.0	100.8	119.0	44.4	26.6	272.0	272.0	40.0	53.4	7.1	43.0	0.0	6.7	.Autoclave.Outputs.PRESSIP\OutputValue	-6.0	1.7	0.8	-1.0	0.0	-1.0	-1.0	-1.0	0.0	0.0	0.0	-1.0	-1.0	0.0	0.0	0.0	-1.0	0.0
12:02:40	120.0	270.5	271.1	270.8	270.5	270.7	270.6	270.2	270.2	269.9	271.0	271.5	271.9	270.8	0.2	0.2	4.3	0.2	40.0	0.1	4.3	0.2	271.9	269.9	0.8	-0.6	270.8	270.9	270.3	270.4	269.8	276.4	100.9	120.0	45.4	25.6	272.3	272.0	40.0	67.7	7.2	43.4	0.0	35.3	.Autoclave.Outputs.PRESSIP\OutputValue	-5.9	2.0	-1.6	-1.0	0.0	-1.0	-1.0	-1.0	0.0	0.0	0.0	-1.0	-1.0	0.0	0.0	0.0	-1.0	0.0
12:03:40	121.0	270.8	271.0	270.8	270.7	270.9	270.9	270.4	270.3	269.9	271.3	272.0	272.0	271.1	0.2	0.2	4.3	0.2	40.1	0.1	4.3	0.2	272.0	269.9	0.4	-0.9	270.9	271.0	272.4	272.4	271.7	277.2	100.9	121.0	46.4	24.6	272.3	272.0	40.0	55.0	7.2	43.0	0.0	10.0	.Autoclave.Outputs.PRESSIP\OutputValue	-6.0	2.1	0.4	-1.0	0.0	-1.0	-1.0	-1.0	0.0	0.0	0.0	-1.0	-1.0	0.0	0.0	0.0	-1.0	0.0
12:04:41	122.1	270.8	271.0	270.9	270.8	271.0	270.8	270.5	270.3	269.9	271.6	271.6	271.5	271.2	0.2	0.2	4.3	0.2	40.1	0.1	4.3	0.2	271.6	269.9	0.9	-0.2	270.9	270.8	272.3	272.4	271.6	277.2	100.9	122.0	47.4	23.6	272.1	272.0	40.0	52.1	7.2	43.0	0.0	4.2	.Autoclave.Outputs.PRESSIP\OutputValue	-6.0	1.7	0.7	-1.0	0.0	-1.0	-1.0	-1.0	0.0	0.0	0.0	-1.0	-1.0	0.0	0.0	0.0	-1.0	0.0
12:05:41	123.0	270.8	271.0	270.9	270.8	271.0	271.1	270.7	270.3	270.0	271.5	271.8	271.8	271.2	0.2	0.2	4.3	0.2	40.1	0.1	4.3	0.2	271.8	270.0	0.3	-0.1	271.0	270.9	272.2	272.2	271.7	277.0	100.9	123.0	48.4	22.6	272.1	272.0	40.0	53.4	7.2	43.0	0.0	6.8	.Autoclave.Outputs.PRESSIP\OutputValue	-6.0	1.8	0.4	-1.0	0.0	-1.0	-1.0	-1.0	0.0	0.0	0.0	-1.0	-1.0	0.0	0.0	0.0	-1.0	0.0
12:06:41	124.0	270.7	271.0	270.8	270.5	270.9	270.7	270.4	270.2	269.9	271.0	271.8	271.9	270.9	0.2	0.2	4.3	0.2	40.1	0.1	4.3	0.2	271.9	269.9	0.1	-0.3	270.8	270.9	271.0	271.1	270.3	278.2	101.1	124.0	49.4	21.6	272.2	272.0	40.0	60.2	7.3	42.8	0.0	20.3	.Autoclave.Outputs.PRESSIP\OutputValue	-5.9	2.0	-0.9	-1.0	0.0	-1.0	-1.0	-1.0	0.0	0.0	0.0	-1.0	-1.0	0.0	0.0	0.0	-1.0	0.0
12:07:40	125.0	270.9	271.0	271.0	270.9	271.1	271.0	270.7	270.3	270.1	271.5	271.8	272.6	271.2	0.2	0.2	4.3	0.2	40.1	0.1	4.3	0.2	272.6	270.1	0.3	-0.2	271.1	271.4	272.3	272.3	271.6	277.2	101.1	125.0	50.4	20.6	272.3	272.0	40.0	54.4	7.3	42.8	0.0	8.8	.Autoclave.Outputs.PRESSIP\OutputValue	-6.0	2.5	-0.3	-1.0	0.0	-1.0	-1.0	-1.0	0.0	0.0	0.0	-1.0	-1.0	0.0	0.0	0.0	-1.0	0.0
12:08:40	126.0	271.0	271.2	271.1	271.0	271.2	271.0	270.6	270.3	270.2	271.5	271.6	271.4	271.4	0.2	0.2	4.3	0.1	40.1	0.1	4.3	0.1	271.6	270.2	0.8	-0.1	271.0	270.9	272.3	272.3	271.7	277.1	101.1	126.0	51.4	19.6	272.0	272.0	40.0	51.5	7.3	43.0	0.0	3.0	.Autoclave.Outputs.PRESSIP\OutputValue	-6.0	1.4	0.7	-1.0	0.0	-1.0	-1.0	-1.0	0.0	0.0	0.0	-1.0	-1.0	0.0	0.0	0.0	-1.0	0.0
12:09:41	127.0	270.9	271.2	271.0	270.8	271.0	270.8	270.5	270.4	270.1	271.3	271.7	271.9	271.1	0.2	0.2	4.3	0.2	40.1	0.1	4.3	0.2	271.9	270.1	0.3	-0.5	271.0	271.0	271.0	271.0	270.3	275.8	101.1	127.0	52.4	18.6	272.2	272.0	40.0	61.7	7.3	43.4	0.0	23.5	.Autoclave.Outputs.PRESSIP\OutputValue	-6.0	1.8	-0.9	-1.0	0.0	-1.0	-1.0	-1.0	0.0	0.0	0.0	-1.0	-1.0	0.0	0.0	0.0	-1.0	0.0
12:10:40	128.0	271.0	271.1	271.2	271.0	271.2	271.1	270.7	270.4	270.3	271.5	271.6	271.4	271.3	0.2	0.2	4.3	0.1	40.0	0.1	4.3	0.1	271.6	270.3	0.2	-0.3	271.1	271.0	272.3	272.3	271.6	276.6	101.1	128.0	53.4	17.6	272.2	272.0	40.0	56.4	7.3	43.4	0.0	12.8	.Autoclave.Outputs.PRESSIP\OutputValue	-6.0	1.3	0.7	-1.0	0.0	-1.0	-1.0	-1.0	0.0	0.0	0.0	-1.0	-1.0	0.0	0.0	0.0	-1.0	0.0
12:11:40	129.0	271.0	271.2	271.1	271.0	271.3	271.2	270.7	270.4	270.3	271.6	271.5	271.5	271.4	0.2	0.2	4.3	0.2	40.1	0.1	4.3	0.2	271.6	270.3	0.4	-0.1	271.1	271.0	272.4	272.4	271.8	277.1	101.1	129.0	54.4	16.6	271.7	272.0	40.0	53.7	7.3	42.8	0.0	7.5	.Autoclave.Outputs.PRESSIP\OutputValue	-6.0	1.3	0.8	-1.0	0.0	-1.0	-1.0	-1.0	0.0	0.0	0.0	-1.0	-1.0	0.0	0.0	0.0	-1.0	0.0
12:12:40	130.0	271.1	271.3	271.1	271.0	271.3	271.2	270.7	270.4	270.3	271.6	271.9	271.7	271.4	0.2	0.2	4.3	0.2	40.1	0.1	4.3	0.2	271.9	270.3	0.2	-0.2	271.2	271.1	272.4	272.4	271.7	277.0	101.2	130.0	55.4	15.6	272.2	272.0	40.0	53.7	7.2	42.6	0.0	7.4	.Autoclave.Outputs.PRESSIP\OutputValue	-6.0	1.6	0.5	-1.0	0.0	-1.0	-1.0	-1.0	0.0	0.0	0.0	-1.0	-1.0	0.0	0.0	0.0	-1.0	0.0
12:13:41	131.0	271.1	271.3	271.3	270.9	271.3	271.2	270.8	270.5	270.4	271.7	271.8	272.0	271.4	0.2	0.2	4.3	0.2	40.1	0.1	4.3	0.2	272.0	270.4	0.1	-0.4	271.2	271.2	272.4	272.4	271.8	277.2	101.3	131.0	56.4	14.6	272.2	272.0	40.0	54.1	7.2	42.6	0.0	8.2	.Autoclave.Outputs.PRESSIP\OutputValue	-6.0	1.6	0.4	-1.0	0.0	-1.0	-1.0	-1.0	0.0	0.0	0.0	-1.0	-1.0	0.0	0.0	0.0	-1.0	0.0
12:14:41	132.0	271.1	271.3	271.2	271.0	271.4	271.1	270.8	270.5	270.4	272.0	271.9	271.8	271.4	0.2	0.2	4.3	0.1	40.1	0.1	4.3	0.1	272.0	270.4	0.4	-0.2	271.2	271.2	272.4	272.4	271.7	276.9	101.1	132.0	57.4	13.6	272.4	272.0	40.0	55.0	7.2	42.8	0.0	9.9	.Autoclave.Outputs.PRESSIP\OutputValue	-6.0	1.6	0.4	-1.0	0.0	-1.0	-1.0	-1.0	0.0	0.0	0.0	-1.0	-1.0	0.0	0.0	0.0	-1.0	0.0
12:15:41	133.0	271.1	271.3	271.1	271.1	271.5	271.3	270.9	270.5	270.6	271.5	271.8	272.1	271.4	0.2	0.2	4.3	0.2	40.0	0.1	4.3	0.2	272.1	270.5	0.2	-0.4	271.3	271.3	272.4	272.4	271.7	276.6	101.1	133.0	58.4	12.6	272.2	272.0	40.0	53.6	7.1	43.5	0.0	7.2	.Autoclave.Outputs.PRESSIP\OutputValue	-6.0	1.6	0.3	-1.0	0.0	-1.0	-1.0	-1.0	0.0	0.0	0.0	-1.0	-1.0	0.0	0.0	0.0	-1.0	0.0
12:16:41	134.0	271.0	271.2	271.1	271.0	271.3	271.1	270.7	270.5	270.4	271.3	271.8	271.6	271.2	0.2	0.2	4.4	0.2	40.2	0.1	4.4	0.2	271.8	270.4	0.3	-0.4	271.1	271.1	271.6	271.8	271.1	278.5	101.3	134.0	59.4	11.6	272.5	272.0	40.0	59.5	7.2	42.4	0.0	18.9	.Autoclave.Outputs.PRESSIP\OutputValue	-6.0	1.4	-0.2	-1.0	0.0	-1.0	-1.0	-1.0	0.0	0.0	0.0	-1.0	-1.0	0.0	0.0	0.0	-1.0	0.0
12:17:41	135.0	271.2	271.2	271.2	271.0	271.4	271.3	271.0	270.6	270.4	271.5	271.7	272.1	271.4	0.2	0.2	4.4	0.1	40.1	0.1	4.4	0.1	272.1	270.4	0.3	-0.1	271.2	271.3	272.4	272.4	271.7	277.2	101.3	135.0	60.4	10.6	272.0	272.0	40.0	52.3	7.2	42.6	0.0	4.7	.Autoclave.Outputs.PRESSIP\OutputValue	-6.0	1.7	0.3	-1.0	0.0	-1.0	-1.0	-1.0	0.0	0.0	0.0	-1.0	-1.0	0.0	0.0	0.0	-1.0	0.0
12:18:41	136.0	271.2	271.2	271.3	271.1	271.4	271.2	270.9	270.5	270.6	271.7	272.1	271.4	271.4	0.2	0.2	4.3	0.2	40.1	0.1	4.3	0.2	272.1	270.5	0.5	-0.5	271.2	271.3	272.0	272.0	271.4	276.7	101.3	136.0	61.4	9.6	271.8	272.0	40.0	53.4	7.2	43.4	0.0	6.8	.Autoclave.Outputs.PRESSIP\OutputValue	-6.0	1.6	-0.1	-1.0	0.0	-1.0	-1.0	-1.0	0.0	0.0	0.0	-1.0	-1.0	0.0	0.0	0.0	-1.0	0.0
12:19:41	137.0	271.2	271.3	271.3	271.1	271.5	271.2	271.0	270.5	270.6	272.2	271.9	271.6	271.5	0.2	0.2	4.4	0.2	40.1	0.1	4.4	0.2	272.2	270.5	0.2	0.0	271.3	271.4	272.3	272.3	271.6	277.0	101.3	137.0	62.4	8.6	272.3	272.0	40.0	54.7	7.2	43.0	0.0	9.5	.Autoclave.Outputs.PRESSIP\OutputValue	-6.0	1.7	0.1	-1.0	0.0	-1.0	-1.0	-1.0	0.0	0.0	0.0	-1.0	-1.0	0.0	0.0	0.0	-1.0	0.0
12:20:40	138.0	271.2	271.3	271.3	271.2	271.5	271.3	271.0	270.7	270.6	271.7	271.7	272.2	271.5	0.2	0.2	4.4	0.2	40.1	0.1	4.4	0.2	272.2	270.6	0.2	-0.3	271.3	271.4	272.4	272.3	271.7	277.0	101.3	138.0	63.4	7.6	272.4	272.0	40.0	48.0	7.1	43.0	0.0	0.0	.Autoclave.Outputs.PRESSIP\OutputValue	-6.0	1.6	0.2	-1.0	0.0	-1.0	-1.0	-1.0	0.0	0.0	0.0	-1.0	-1.0	0.0	0.0	0.0	-1.0	0.0
12:21:41	139.0	271.2	271.3	271.5	271.3	271.4	271.2	270.9	270.6	270.6	271.8	271.8	272.2	271.6	0.2	0.2	4.4	0.2	40.1	0.1	4.4	0.2	272.2	270.6	0.2	-0.2	271.3	271.4	272.5	272.5	271.7	276.7	101.3	139.0	64.4	6.6	271.9	272.0	40.0	50.7	7.1	43.2	0.0	1.3	.Autoclave.Outputs.PRESSIP\OutputValue	-6.0	1.6	0.3	-1.0	0.0	-1.0	-1.0	-1.0	0.0	0.0	0.0	-1.0	-1.0	0.0	0.0	0.0	-1.0	0.0
12:22:41	140.0	271.3	271.5	271.4	271.3	271.5	271.2	271.0	270.7	270.6	271.5	271.7	271.8	271.6	0.2	0.2	4.4	0.2	40.1	0.1	4.4	0.2	271.8	270.6	0.5	-0.2	271.3	271.2	272.4	272.4	271.7	276.9	101.3	140.0	65.4	5.6	272.2	272.0	40.0	53.5	7.1	43.0	0.0	7.0	.Autoclave.Outputs.PRESSIP\OutputValue	-6.0	1.2	0.6	-1.0	0.0	-1.0	-1.0	-1.0	0.0	0.0	0.0	-1.0	-1.0	0.0	0.0	0.0	-1.0	0.0
12:23:41	141.0	271.3	271.5	271.4	271.2	271.5	271.2	271.0	270.6	270.6	271.6	271.6	272.4	271.6	0.2	0.2	4.4	0.5	40.1	0.1	4.4	0.2	272.4	270.6	0.1	-0.6	271.4	271.5	272.3	272.3	271.7	277.2	101.4	141.0	66.4	4.6	272.0	272.0	40.0	54.6	7.0	42.8	0.0	9.2	.Autoclave.Outputs.PRESSIP\OutputValue	-6.0	1.8	-0.1	-1.0	0.0	-1.0	-1.0	-1.0	0.0	0.0	0.0	-1.0	-1.0	0.0	0.0	0.0	-1.0	0.0
12:24:41	142.0	271.4	271.5	271.5	271.3	271.5	271.2	271.1	270.5	270.6	271.6	271.8	271.9	271.6	0.2	0.2	4.4	0.2	40.1	0.1	4.4	0.2	271.9	270.5	0.2	-0.2	271.4	271.2	272.4	272.3	271.7	277.1	101.4	142.0	67.4	3.6	272.1	272.0	40.0	53.2	7.0	42.8	0.0	6.5	.Autoclave.Outputs.PRESSIP\OutputValue	-6.0	1.4	0.5	-1.0	0.0	-1.0	-1.0	-1.0	0.0	0.0	0.0	-1.0	-1.0	0.0	0.0	0.0	-1.0	0.0
12:25:41	143.0	271.4	271.5	271.5	271.3	271.4	271.2	271.0	270.7	270.6	271.8	271.9	272.5	271.7	0.2	0.2	4.4	0.3	40.1	0.1	4.4	0.2	272.5	270.6	0.2	-0.1	271.4	271.6	272.2	272.2	271.5	277.2	101.5	143.0	68.4	2.6	271.7	272.0	40.0	51.2	7.0	42.8	0.0	2.4	.Autoclave.Outputs.PRESSIP\OutputValue	-6.0	1.9	-0.3	-1.0	0.0	-1.0	-1.0	-1.0	0.0	0.0	0.0	-1.0	-1.0	0.0	0.0	0.0	-1.0	0.0
12:26:41	144.0	271.5	271.5	271.5	271.3	271.6	271.4	271.1	270.7	270.7	271.8	271.8	271.8	271.6	0.2	0.2	4.4	0.2	40.1	0.1	4.4	0.2	271.8	270.7	0.3	-0.1	271.4	271.3	272.2	272.2	271.5	276.8	101.3	144.0	69.4	1.6	272.0	272.0	40.0	55.2	6.9	43.0	0.0	10.3	.Autoclave.Outputs.PRESSIP\OutputValue	-6.0	1.1	0.4	-1.0	0.0	-1.0	-1.0	-1.0	0.0	0.0	0.0	-1.0	-1.0	0.0	0.0	0.0	-1.0	0.0
12:27:41	145.0	271.5	271.5	271.6	271.3	271.7	271.4	271.2	270.7	270.7	271.7	271.8	271.5	271.8	0.2	0.2	4.4	0.2	40.1	0.1	4.4	0.2	271.8	270.7	0.3	-0.4	271.4	271.3	272.2	272.2	271.5	276.8	101.4	145.0	70.4	0.6	272.0	272.0	40.0	53.4	6.9	43.0	0.0	6.7	.Autoclave.Outputs.PRESSIP\OutputValue	-6.0	1.1	0.4	-1.0	0.0	-1.0	-1.0	-1.0	0.0	0.0	0.0	-1.0	-1.0	0.0	0.0	0.0	-1.0	0.0
12:28:19	145.7	271.5	271.5	271.5	271.4	271.6	271.3	271.2	270.7	270.8	271.8	272.0	271.8	271.6	0.2	0.2	4.4	0.2	40.0	0.1	4.4	0.2	272.0	270.7	0.6	0.0	271.4	271.4	272.0	272.0	271.3	273.7	101.4	145.7	71.0	0.0	272.0	272.0	40.0	54.4	6.9	44.3	0.0	8.9	.Autoclave.Outputs.PRESSIP\OutputValue	-6.0	1.3	0.0	-1.0	0.0	-1.0	-1.0	-1.0	0.0	0.0	0.0	-1.0	-1.0	0.0	0.0	0.0	-1.0	0.0
12:28:40	146.0	271.4	271.6	271.5	271.1	271.6	271.1	271.0	270.7	270.7	271.4	271.8	271.2	271.4	0.1	0.2	4.3	0.4	40.0	0.1	4.3	0.1	271.8	270.7	0.0	-0.6	271.3	271.3	270.6	270.6	269.8	272.9	101.4	146.0	0.4	0.0	270.4	270.4	40.0	53.4	6.9	44.5	0.0	6.8	.Autoclave.Outputs.PRESSIP\OutputValue	-5.9	1.1	-1.2	-1.0	0.0	-1.0	-1.0	-1.0	0.0	0.0	0.0	-1.0	-1.0	0.0	0.0	0.0	-1.0	0.0
12:29:40	147.0	270.8	271.2	271.0	270.3	270.8	269.8	270.2	270.3	270.2	269.8	270.9	271.2	270.0	0.2	0.2	4.3	0.2	39.5	0.1	4.3	0.2	271.2	269.8	-0.2	-1.5	270.5	270.5	262.3	262.3	261.6	262.6	101.4	147.0	1.4	0.0	265.9	265.9	40.0	78.8	6.9	50.1	0.0	57.6	.Autoclave.Outputs.PRESSIP\OutputValue	-5.1	1.4	-8.9	-1.0	0.0	-1.0	-1.0	-1.0	0.0	0.0	0.0	-1.0	-1.0	0.0	0.0	0.0	-1.0	0.0
12:30:41	148.0	270.4	269.9	270.5	270.0	270.4	269.4	269.7	269.6	269.6	268.8	269.7	269.6	269.2	0.2	0.2	4.3	0.3	39.4	0.1	4.3	0.2	270.5	268.8	-0.4	-1.2	269.8	269.6	262.0	262.2	261.4	263.9	101.4	148.0	2.4	0.0	261.4	261.4	40.0	50.9	7.0	51.2	0.0	1.8	.Autoclave.Outputs.PRESSIP\OutputValue	-4.2	1.7	-8.5	-1.0	0.0	-1.0	-1.0	-1.0	0.0	0.0	0.0	-1.0	-1.0	0.0	0.0	0.0	-1.0	0.0
12:31:41	149.0	269.4	268.5	269.5	268.8	269.3	267.6	268.5	268.8	268.5	266.7	268.1	267.4	267.6	0.2	0.2	4.4	0.1	40.0	0.1	4.4	0.1	269.5	266.7	-0.9	-2.2	268.4	268.1	255.0	255.0	254.3	258.5	101.4	149.0	3.4	0.0	256.9	256.8	40.0	67.6	7.2	46.0	0.0	35.3	.Autoclave.Outputs.PRESSIP\OutputValue	-3.5	2.8	-14.5	-1.0	0.0	-1.0	-1.0	-1.0	0.0	0.0	0.0	-1.0	-1.0	0.0	0.0	0.0	-1.0	0.0
12:32:41	150.0	268.8	266.9	268.8	268.0	268.6	266.5	267.7	267.7	267.6	265.3	266.4	265.8	266.1	0.2	0.2	4.3	0.1	39.2	-0.2	4.3	0.1	268.8	265.3	-0.4	-1.9	267.3	267.1	252.3	252.0	251.3	241.2	101.3	150.0	4.4	0.0	252.4	252.3	40.0	55.6	7.1	54.8	0.0	11.2	.Autoclave.Outputs.PRESSIP\OutputValue	-3.3	3.5	-16.5	-1.0	0.0	-1.0	-1.0	-1.0	0.0	0.0	0.0	-1.0	-1.0	0.0	0.0	0.0	-1.0	0.0
12:33:41	151.0	267.5	264.6	267.5	266.8	267.3	264.7	266.3	266.3	266.3	262.8	263.9	263.7	264.4	0.2	0.2	4.4	0.1	39.5	0.1	4.4	0.1	267.5	262.8	-1.2	-3.1	265.6	265.2	248.6	248.5	247.8	250.6	101.4	151.0	5.4	0.0	247.9	247.8	40.0	50.5	7.3	52.6	0.0	1.0	.Autoclave.Outputs.PRESSIP\OutputValue	-2.2	4.7	-18.9	-1.0	0.0	-1.0	-1.0	-1.0	0.0	0.0	0.0	-1.0	-1.0	0.0	0.0	0.0	-1.0	0.0
12:34:40	152.0	266.1	262.4	266.1	265.2	265.8	262.5	264.8	264.9	264.8	260.3	261.5	260.8	262.3	0.2	0.2	4.4	0.2	40.1	0.1	4.4	0.2	266.1	260.3	-1.3	-3.0	263.7	263.2	242.3	242.3	241.7	245.4	101.5	152.0	6.4	0.0	243.4	243.4	40.0	62.7	7.4	46.9	0.0	25.5	.Autoclave.Outputs.PRESSIP\OutputValue	-1.7	5.8	-23.8	-1.0	0.0	-1.0	-1.0	-1.0	0.0	0.0	0.0	-1.0	-1.0	0.0	0.0	0.0	-1.0	0.0
12:35:41	153.0	264.6	260.0	264.7	263.4	264.5	260.2	263.3	262.9	263.4	257.6	258.9	257.6	260.2	0.1	0.2	4.4	0.2	39.6	0.1	4.4	0.1	264.7	257.6	-1.2	-2.7	261.6	261.1	236.2	236.2	235.5	235.8	101.5	153.0	7.4	0.0	238.9	238.8	40.0	72.7	7.4	52.6	0.0	45.3	.Autoclave.Outputs.PRESSIP\OutputValue	-1.2	7.1	-28.5	-1.0	0.0	-1.0	-1.0	-1.0	0.0	0.0	0.0	-1.0	-1.0	0.0	0.0	0.0	-1.0	0.0
12:36:41	154.1	263.2	257.4	263.2	262.0	263.0	258.4	261.9	261.5	261.8	255.2	256.1	255.1	258.3	0.1	0.2	4.4	0.2	39.9	0.1	4.4	0.1	263.2	255.1	-1.1	-2.8	259.8	259.2	233.4	233.1	232.4	222.8	101.7	154.0	8.4	0.0	234.4	234.3	40.0	62.0	7.5	51.5	0.0	24.0	.Autoclave.Outputs.PRESSIP\OutputValue	-0.5	8.1	-29.8	-1.0	0.0	-1.0	-1.0	-1.0	0.0	0.0	0.0	-1.0	-1.0	0.0	0.0	0.0	-1.0	0.0
12:37:41	155.0	261.4	254.7	261.4	260.2	261.3	256.2	260.0	259.5	259.9	252.6	253.0	251.8	256.1	0.2	0.2	4.5	0.2	40.0	0.1	4.5	0.2	261.4	251.8	-1.8	-3.4	257.6	256.6	231.3	231.4	230.6	230.6	101.7	155.0	9.4	0.0	229.9	229.8	40.0	46.2	7.6	48.6	-1.0	0.0	.Autoclave.Outputs.PRESSIP\OutputValue	-0.7	9.6	-30.1	-1.0	0.0	-1.0	-1.0	-1.0	0.0	0.0	0.0	-1.0	-1.0	0.0	0.0	0.0	-1.0	0.0
12:37:58	155.3	260.9	254.0	261.0	259.5	260.7	255.2	259.4	258.9	259.6	251.7	251.9	250.9	255.3	0.2	0.2	4.4	0.2	39.5	0.1	4.4	0.2	261.0	250.9	-1.4	-3.3	256.9	256.0	227.3	227.2	226.6	217.9	101.5	155.3	9.6	0.0	228.6	228.6	40.0	64.4	7.6	54.8	0.0	28.8	.Autoclave.Outputs.PRESSIP\OutputValue	-0.5	10.0	-33.7	-1.0	0.0	-1.0	-1.0	-1.0	0.0	0.0	0.0	-1.0	-1.0	0.0	0.0	0.0	-1.0	0.0
12:38:41	156.0	259.5	251.9	259.4	258.1	259.5	253.4	258.0	257.2	258.1	249.7	249.6	248.4	253.4	0.2	0.2	4.5	0.2	39.9	0.1	4.5	0.2	259.5	248.4	-1.6	-3.7	255.1	254.0	225.9	225.8	225.2	228.5	101.7	156.0	0.7	0.0	225.4	225.3	40.0	52.3	7.6	51.2	0.0	4.5	.Autoclave.Outputs.PRESSIP\OutputValue	-0.2	11.1	-33.6	-1.0	0.0	-1.0	-1.0	-1.0	0.0	0.0	0.0	-1.0	-1.0	0.0	0.0	0.0	-1.0	0.0
12:39:41	157.0	257.4	249.1	257.3	255.8	257.3	250.6	255.8	254.9	256.1	246.7	246.0	244.3	250.8	0.2	0.2	4.5	0.1	39.5	0.1	4.5	0.1	257.4	244.3	-2.0	-3.7	252.5	250.9	220.0	220.1	219.3	222.5	101.6	157.0	1.7	0.0	220.9	220.8	40.0	61.7	7.7	55.7	0.0	23.3	.Autoclave.Outputs.PRESSIP\OutputValue	0.9	13.1	-37.4	-1.0	0.0	-1.0	-1.0	-1.0	0.0	0.0	0.0	-1.0	-1.0	0.0	0.0	0.0	-1.0	0.0
12:40:40	158.0	255.2	246.0	255.2	253.4	255.4	247.8	253.7	251.8	254.0	243.8	242.7	241.1	248.1	0.2	0.2	4.6	0.2	40.0	0.1	4.6	0.2	255.4	241.1	-1.8	-3.4	249.9	248.3	214.7	214.7	214.1	215.5	101.8	158.0	2.7	0.0	216.4	216.4	40.0	67.1	7.7	52.1	0.0	34.2	.Autoclave.Outputs.PRESSIP\OutputValue	1.8	14.2	-40.7	-1.0	0.0	-1.0	-1.0	-1.0	0.0	0.0	0.0	-1.0	-1.0	0.0	0.0	0.0	-1.0	0.0
12:41:41	159.0	253.0	243.0	252.9	251.1	253.2	245.1	251.5	250.1	251.8	240.7	239.1	237.5	245.5	0.2	0.2	4.5	0.2	39.4	0.1	4.5	0.2	253.2	237.5	-2.1	-3.8	247.3	245.4	210.3	210.2	209.6	205.8	101.7	159.0	3.7	0.0	211.9	211.9	40.0	66.6	7.7	58.3	0.0	33.1	.Autoclave.Outputs.PRESSIP\OutputValue	2.3	15.6	-42.9	-1.0	0.0	-1.0	-1.0	-1.0	0.0	0.0	0.0	-1.0	-1.0	0.0	0.0	0.0	-1.0	0.0
12:42:40	160.0	250.7	239.7	250.6	248.8	251.1	242.2	249.4	247.6	249.8	237.8	235.4	234.5	243.0	0.2	0.2	4.5	0.2	39.7	0.1	4.5	0.2	251.1	234.5	-2.1	-3.9	244.7	242.8	207.4	207.2	206.7	198.5	101.6	160.0	4.7	0.0	207.4	207.4	40.0	55.8	7.7	57.2	0.0	11.5	.Autoclave.Outputs.PRESSIP\OutputValue	3.3	16.5	-43.7	-1.0	0.0	-1.0	-1.0	-1.0	0.0	0.0	0.0	-1.0	-1.0	0.0	0.0	0.0	-1.0	0.0
12:43:40	161.0	248.3	236.5	248.3	246.3	249.0	239.5	247.0	244.9	247.3	234.6	231.7	230.1	240.3	0.2	0.2	4.6	0.2	39.5	0.2	4.6	0.2	249.0	230.1	-2.4	-4.1	241.8	239.6	203.9	203.9	203.2	198.5	101.7	161.0	5.7	0.0	202.9	202.9	40.0	48.5	7.7	58.3	-1.0	0.0	.Autoclave.Outputs.PRESSIP\OutputValue	3.5	18.8	-45.1	-1.0	0.0	-1.0	-1.0	-1.0	0.0	0.0	0.0	-1.0	-1.0	0.0	0.0	0.0	-1.0	0.0
12:44:41	162.0	245.6	233.4	245.6	243.5	246.3	236.3	244.3	242.0	244.9	231.1	227.7	226.0	237.4	0.2	0.2	4.7	0.2	39.4	0.2	4.7	0.2	246.3	226.0	-2.4	-4.1	238.8	236.2	200.0	200.0	199.2	198.0	101.7	162.0	6.7	0.0	198.4	198.3	40.0	45.1	7.8	60.4	-1.0	0.0	.Autoclave.Outputs.PRESSIP\OutputValue	4.4	20.2	-46.3	-1.0	0.0	-1.0	-1.0	-1.0	0.0	0.0	0.0	-1.0	-1.0	0.0	0.0	0.0	-1.0	0.0
12:45:40	163.0	242.9	229.9	242.9	240.7	244.0	233.0	241.8	238.9	242.4	227.8	223.6	221.9	234.4	0.2	0.2	4.8	0.2	39.9	0.2	4.8	0.2	244.0	221.9	-2.6	-4.1	235.7	233.0	195.1	195.2	194.5	196.4	101.8	163.0	7.7	0.0	193.9	193.9	40.0	48.0	7.8	55.0	-1.0	0.0	.Autoclave.Outputs.PRESSIP\OutputValue	4.9	22.0	-48.9	-1.0	0.0	-1.0	-1.0	-1.0	0.0	0.0	0.0	-1.0	-1.0	0.0	0.0	0.0	-1.0	0.0
12:46:41	164.0	240.0	226.5	240.2	237.8	241.3	229.6	239.1	235.6	239.6	224.1	219.6	217.6	231.1	0.2	0.2	4.8	0.2	39.6	0.2	4.8	0.2	241.3	217.6	-2.7	-4.5	232.5	229.5	190.4	190.4	189.7	191.8	101.8	164.0	8.7	0.0	189.4	189.3	40.0	49.8	7.7	59.2	0.0	0.0	.Autoclave.Outputs.PRESSIP\OutputValue	5.7	23.6	-50.9	-1.0	0.0	-1.0	-1.0	-1.0	0.0	0.0	0.0	-1.0	-1.0	0.0	0.0	0.0	-1.0	0.0
12:47:40	165.0	237.3	223.2	237.4	234.9	238.5	226.3	236.2	232.4	236.8	220.9	215.6	214.0	228.0	0.2	0.2	4.8	0.3	39.3	0.2	4.8	0.2	238.5	214.0	-2.7	-4.1	229.3	226.2	185.6	185.6	184.9	186.8	102.0	165.0	9.7	0.0	184.9	184.9	40.0	51.2	7.7	64.0	0.0	2.5	.Autoclave.Outputs.PRESSIP\OutputValue	7.1	24.5	-52.9	-1.0	0.0	-1.0	-1.0	-1.0	0.0	0.0	0.0	-1.0	-1.0	0.0	0.0	0.0	-1.0	0.0
12:48:41	166.0	234.2	219.5	234.3	231.7	235.7	222.7	233.2	229.3	233.7	217.4	211.3	210.0	224.9	0.2	0.2	4.9	0.6	39.8	0.2	4.9	0.2	235.7	210.0	-2.8	-4.4	226.0	222.8	181.1	181.0	180.3	182.3	102.0	166.0	10.7	0.0	180.4	180.3	40.0	51.1	7.7	60.4	0.0	2.1	.Autoclave.Outputs.PRESSIP\OutputValue	8.0	25.7	-54.6	-1.0	0.0	-1.0	-1.0	-1.0	0.0	0.0	0.0	-1.0	-1.0	0.0	0.0	0.0	-1.0	0.0
12:49:40	167.0	231.3	216.0	231.5	228.6	232.7	219.3	230.3	226.0	231.2	213.7	206.9	205.1	221.8	0.2	0.2	4.9	0.3	39.4	0.2	4.9	0.2	232.7	205.1	-2.7	-4.4	222.6	218.9	176.3	176.3	175.6	177.7	102.0	167.0	11.7	0.0	175.9	175.9	40.0	53.1	7.6	63.8	0.0	6.3	.Autoclave.Outputs.PRESSIP\OutputValue	8.0	27.6	-56.4	-1.0	0.0	-1.0	-1.0	-1.0	0.0	0.0	0.0	-1.0	-1.0	0.0	0.0	0.0	-1.0	0.0
12:50:41	168.0	227.9	212.2	228.4	225.3	229.9	215.6	227.4	222.7	227.9	209.7	202.6	200.5	218.4	0.2	0.2	5.1	0.1	39.8	0.2	5.1	0.1	229.9	200.5	-2.8	-4.9	219.1	215.2	171.7	171.7	170.9	172.9	102.1	168.0	12.7	0.0	171.4	171.3	40.0	54.3	7.6	60.0	0.0	8.7	.Autoclave.Outputs.PRESSIP\OutputValue	8.0	29.4	-58.2	-1.0	0.0	-1.0	-1.0	-1.0	0.0	0.0	0.0	-1.0	-1.0	0.0	0.0	0.0	-1.0	0.0
12:51:41	169.0	224.8	208.6	225.2	222.0	226.7	212.0	224.3	219.3	225.0	206.0	198.2	197.1	215.1	0.2	0.2	5.1	0.3	39.4	-0.2	5.1	0.2	226.7	197.1	-3.0	-4.4	215.7	211.9	166.9	167.0	166.3	167.9	102.1	169.0	13.7	0.0	166.9	166.8	40.0	55.7	7.5	63.6	0.0	11.4	.Autoclave.Outputs.PRESSIP\OutputValue	8.0	29.6	-59.8	-1.0	0.0	-1.0	-1.0	-1.0	0.0	0.0	0.0	-1.0	-1.0	0.0	0.0	0.0	-1.0	0.0
12:52:41	170.1	221.9	205.0	222.0	218.8	223.8	208.4	221.4	215.7	222.1	202.4	193.9	192.5	211.8	0.2	0.2	5.2	0.6	39.7	0.2	5.2	0.2	223.8	192.5	-2.9	-4.7	212.3	208.1	162.5	162.5	161.8	162.0	102.2	170.0	14.7	0.0	162.4	162.4	40.0	55.0	7.4	60.9	0.0	10.0	.Autoclave.Outputs.PRESSIP\OutputValue	8.0	31.3	-61.3	-1.0	0.0	-1.0	-1.0	-1.0	0.0	0.0	0.0	-1.0	-1.0	0.0	0.0	0.0	-1.0	0.0
12:53:41	171.0	218.6	201.2	218.9	215.4	220.9	204.8	218.3	212.0	219.2	198.5	189.5	188.0	208.4	0.3	0.2	5.2	0.6	39.3	0.2	5.2	0.2	220.9	188.0	-3.0	-4.3	208.7	204.4	157.9	157.9	157.2	155.5	102.2	171.0	15.7	0.0	157.9	157.8	40.0	55.5	7.3	65.3	0.0	11.0	.Autoclave.Outputs.PRESSIP\OutputValue	8.0	32.9	-63.0	-1.0	0.0	-1.0	-1.0	-1.0	0.0	0.0	0.0	-1.0	-1.0	0.0	0.0	0.0	-1.0	0.0
12:54:41	172.0	215.3	197.4	215.5	212.2	217.7	201.2	214.8	208.5	215.8	194.8	185.3	183.4	204.9	0.2	0.2	5.3	0.2	39.5	0.2	5.3	0.2	217.7	183.4	-3.1	-4.5	205.1	200.5	154.1	154.1	153.4	150.8	102.3	172.0	16.7	0.0	153.4	153.4	40.0	50.8	7.2	63.0	-1.0	1.6	.Autoclave.Outputs.PRESSIP\OutputValue	8.0	34.3	-63.6	-1.0	0.0	-1.0	-1.0	-1.0	0.0	0.0	0.0	-1.0	-1.0	0.0	0.0	0.0	-1.0	0.0
12:55:40	173.0	212.0	193.5	212.1	208.6	214.5	197.4	211.5	204.7	212.8	191.0	180.6	179.2	201.5	0.3	0.3	5.4	0.2	39.2	0.2	5.4	0.2	214.5	179.2	-3.2	-4.8	201.5	196.9	150.5	150.5	149.7	147.7	102.3	173.0	17.7	0.0	148.9	148.9	40.0	44.7	7.1	65.6	-1.0	0.0	.Autoclave.Outputs.PRESSIP\OutputValue	8.0	35.4	-64.1	-1.0	0.0	-1.0	-1.0	-1.0	0.0	0.0	0.0	-1.0	-1.0	0.0	0.0	0.0	-1.0	0.0
12:56:41	174.0	208.5	189.6	208.8	204.9	211.1	193.5	208.1	200.8	209.2	186.3	176.1	174.6	197.7	0.2	0.3	5.5	0.3	39.5	0.2	5.5	0.2	211.1	174.6	-3.2	-5.2	197.6	192.9	144.9	144.7	143.9	142.5	102.4	174.0	18.7	0.0	144.4	144.3	40.0	51.9	7.0	62.6	0.0	3.9	.Autoclave.Outputs.PRESSIP\OutputValue	8.0	36.6	-66.3	-1.0	0.0	-1.0	-1.0	-1.0	0.0	0.0	0.0	-1.0	-1.0	0.0	0.0	0.0	-1.0	0.0
12:57:41	175.0	205.0	185.7	205.3	201.5	207.5	189.9	204.8	197.3	205.9	183.0	171.4	170.1	193.9	0.3	0.3	5.6	0.4	39.3	0.2	5.6	0.3	207.5	170.1	-3.2	-5.0	193.9	188.8	141.8	141.8	141.1	139.9	102.3	175.0	19.7	0.0	139.9	139.8	40.0	42.5	6.9	65.1	-1.0	0.0	.Autoclave.Outputs.PRESSIP\OutputValue	8.0	37.5	-65.8	-1.0	0.0	-1.0	-1.0	-1.0	0.0	0.0	0.0	-1.0	-1.0	0.0	0.0	0.0	-1.0	0.0
12:58:40	176.0	201.3	181.9	201.7	197.9	204.2	185.7	201.4	193.5	202.6	179.0	167.1	165.8	190.2	0.3	0.3	5.7	0.3	39.7	0.2	5.7	0.3	204.2	165.8	-3.4	-4.6	190.2	185.0	137.7	137.7	137.0	136.6	102.5	176.0	20.7	0.0	135.4	135.4	40.0	39.0	6.7	60.6	-1.0	0.0	.Autoclave.Outputs.PRESSIP\OutputValue	8.0	38.5	-66.6	-1.0	0.0	-1.0	-1.0	-1.0	0.0	0.0	0.0	-1.0	-1.0	0.0	0.0	0.0	-1.0	0.0
12:59:41	177.0	198.0	178.1	198.3	194.2	200.9	182.3	198.1	189.6	199.7	175.1	162.7	161.4	186.9	0.3	0.3	5.8	0.3	39.4	0.2	5.8	0.3	200.9	161.4	-2.9	-4.4	186.6	181.2	134.6	134.4	133.8	133.4	102.5	177.0	21.7	0.0	130.9	130.8	40.0	30.0	6.4	64.0	-1.0	0.0	.Autoclave.Outputs.PRESSIP\OutputValue	8.0	39.6	-66.4	-1.0	0.0	-1.0	-1.0	-1.0	0.0	0.0	0.0	-1.0	-1.0	0.0	0.0	0.0	-1.0	0.0
13:00:41	178.0	194.6	174.5	194.9	190.9	197.4	178.4	194.8	186.1	196.1	171.6	158.5	157.1	183.5	0.2	0.2	5.8	0.3	39.2	0.2	5.8	0.2	197.4	157.1	-3.3	-4.5	182.9	177.3	131.5	131.5	130.8	130.6	102.5	178.0	22.7	0.0	126.4	126.4	40.0	20.3	6.0	66.6	-1.0	0.0	.Autoclave.Outputs.PRESSIP\OutputValue	8.0	40.4	-66.0	-1.0	0.0	-1.0	-1.0	-1.0	0.0	0.0	0.0	-1.0	-1.0	0.0	0.0	0.0	-1.0	0.0
13:01:40	179.0	191.4	171.0	191.7	187.8	194.5	175.1	191.6	182.4	192.7	168.1	154.5	153.4	180.2	0.3	0.3	6.0	0.6	39.6	0.2	6.0	0.3	194.5	153.4	-3.1	-4.1	179.6	174.0	129.1	129.1	128.4	128.6	102.7	179.0	23.7	0.0	121.9	121.9	40.0	5.8	5.4	62.3	-1.0	0.0	.Autoclave.Outputs.PRESSIP\OutputValue	8.0	41.2	-65.5	-1.0	0.0	-1.0	-1.0	-1.0	0.0	0.0	0.0	-1.0	-1.0	0.0	0.0	0.0	-1.0	0.0
13:02:41	180.0	187.9	167.6	188.3	184.2	191.2	171.7	188.5	179.0	189.1	164.8	150.9	149.7	176.9	0.3	0.3	6.0	0.0	39.4	0.2	6.0	0.0	191.2	149.7	-3.2	-3.8	176.1	170.5	126.9	126.9	126.1	126.9	102.6	180.0	24.7	0.0	117.4	117.3	40.0	0.0	0.0	64.3	-1.0	0.0	.Autoclave.Outputs.PRESSIP\OutputValue	8.0	41.6	-64.4	-1.0	0.0	-1.0	-1.0	-1.0	0.0	0.0	0.0	-1.0	-1.0	0.0	0.0	0.0	-1.0	0.0
13:03:40	181.0	184.6	164.3	185.2	180.9	188.1	168.2	185.3	175.2	186.4	161.5	146.9	146.3	173.9	0.3	0.3	6.0	0.3	39.2	0.2	6.0	0.3	188.1	146.3	-3.1	-3.8	171.7	167.2	125.0	125.0	124.3	125.1	102.8	181.0	25.7	0.0	112.9	112.9	40.0	0.0	0.0	66.2	-1.0	0.0	.Autoclave.Outputs.PRESSIP\OutputValue	8.0	41.9	-63.2	-1.0	0.0	-1.0	-1.0	-1.0	0.0	0.0	0.0	-1.0	-1.0	0.0	0.0	0.0	-1.0	0.0
13:04:41	182.0	181.4	161.1	181.8	177.6	185.2	165.1	182.3	172.0	182.9	158.6	144.0	143.0	171.2	0.3	0.3	6.0	0.3	39.0	0.2	6.0	0.3	185.2	143.0	-2.7	-3.5	168.6	164.1	123.2	123.1	122.5	123.4	102.8	182.0	26.7	0.0	108.4	108.4	40.0	0.0	0.0	67.5	-1.0	0.0	.Autoclave.Outputs.PRESSIP\OutputValue	8.0	42.3	-62.0	-1.0	0.0	-1.0	-1.0	-1.0	0.0	0.0	0.0	-1.0	-1.0	0.0	0.0	0.0	-1.0	0.0
13:05:40	183.0	178.5	158.5	178.9	174.5	182.0	161.9	178.9	169.0	180.0	156.0	141.1	140.4	168.1	0.3	0.3	6.1	0.4	39.5	0.2	6.1	0.3	182.0	140.4	-2.7	-3.5	165.6	161.2	121.7	121.7	121.1	122.3	103.0	183.0	27.7	0.0	103.9	103.9	40.0	0.0	0.0	62.8	-1.0	0.0	.Autoclave.Outputs.PRESSIP\OutputValue	8.0	41.7	-60.3	-1.0	0.0	-1.0	-1.0	-1.0	0.0	0.0	0.0	-1.0	-1.0	0.0	0.0	0.0	-1.0	0.0
13:06:41	184.0	175.3	155.7	175.9	171.4	178.9	159.0	176.3	165.8	177.3	152.5	138.6	137.4	165.7	0.3	0.3	6.2	0.1	39.4	0.3	6.2	0.1	178.9	137.4	-2.8	-3.3	162.7	158.2	120.2	120.3	119.6	121.1	103.0	184.0	28.7	0.0	99.4	99.3	40.0	0.0	0.0	64.1	-1.0	0.0	.Autoclave.Outputs.PRESSIP\OutputValue	8.0	41.6	-58.7	-1.0	0.0	-1.0	-1.0	-1.0	0.0	0.0	0.0	-1.0	-1.0	0.0	0.0	0.0	-1.0	0.0
13:07:40	185.0	172.4	153.2	172.8	168.6	176.1	156.5	173.6	162.9	174.6	150.2	135.6	134.9	163.0	0.3	0.3	6.1	0.3	39.3	0.3	6.1	0.3	176.1	134.9	-2.3	-3.2	160.0	155.5	118.8	118.8	118.1	119.7	103.1	185.0	29.7	0.0	94.9	94.9	40.0	0.0	0.0	65.3	-1.0	0.0	.Autoclave.Outputs.PRESSIP\OutputValue	8.0	41.3	-57.3	-1.0	0.0	-1.0	-1.0	-1.0	0.0	0.0	0.0	-1.0	-1.0	0.0	0.0	0.0	-1.0	0.0
13:08:40	186.0	169.5	150.6	169.8	165.8	173.3	153.8	170.6	159.7	171.6	147.9	133.2	132.7	160.5	0.3	0.3	6.2	0.3	39.1	0.3	6.2	0.3	173.3	132.7	-2.2	-3.2	157.3	153.0	117.6	117.6	116.9	118.4	103.0	186.0	30.7	0.0	90.4	90.4	40.0	0.0	0.0	66.8	-1.0	0.0	.Autoclave.Outputs.PRESSIP\OutputValue	8.0	40.7	-55.7	-1.0	0.0	-1.0	-1.0	-1.0	0.0	0.0	0.0	-1.0	-1.0	0.0	0.0	0.0	-1.0	0.0
13:09:40	187.0	166.8	148.2	167.2	162.9	170.4	151.2	167.6	157.0	169.0	145.2	130.6	130.4	157.8	0.3	0.3	6.1	0.5	39.0	0.3	6.1	0.3	170.4	130.4	-1.8	-3.2	154.6	150.4	116.4	116.4	115.8	117.3	103.1	187.0	31.7	0.0	85.9	85.9	40.0	0.0	0.0	67.7	-1.0	0.0	.Autoclave.Outputs.PRESSIP\OutputValue	8.0	40.1	-54.0	-1.0	0.0	-1.0	-1.0	-1.0	0.0	0.0	0.0	-1.0	-1.0	0.0	0.0	0.0	-1.0	0.0
13:10:41	188.0	164.0	145.9	164.5	160.3	167.7	148.8	165.4	154.4	166.1	143.2	128.9	128.9	155.4	0.3	0.3	6.2	0.1	39.6	0.3	6.2	0.1	167.7	128.9	-1.8	-2.8	152.3	148.3	115.6	115.5	114.8	116.5	103.1	188.0	32.7	0.0	81.4	81.4	40.0	0.0	0.0	62.3	-1.0	0.0	.Autoclave.Outputs.PRESSIP\OutputValue	8.0	38.9	-52.1	-1.0	0.0	-1.0	-1.0	-1.0	0.0	0.0	0.0	-1.0	-1.0	0.0	0.0	0.0	-1.0	0.0
13:11:40	189.0	161.6	144.0	162.1	157.8	165.2	146.4	162.9	151.8	163.5	141.3	127.2	126.4	153.3	0.3	0.3	6.3	0.3	39.5	0.3	6.3	0.3	165.2	126.4	-1.7	-2.8	150.0	145.8	114.4	114.4	113.9	115.5	103.1	189.0	33.7	0.0	80.0	80.0	40.0	0.0	0.0	63.0	-1.0	0.0	.Autoclave.Outputs.PRESSIP\OutputValue	8.0	38.9	-50.8	-1.0	0.0	-1.0	-1.0	-1.0	0.0	0.0	0.0	-1.0	-1.0	0.0	0.0	0.0	-1.0	0.0
13:12:41	190.0	159.1	141.8	159.5	155.5	162.6	144.1	160.5	149.3	161.3	138.9	125.4	125.0	151.4	0.3	0.3	6.3	0.1	39.4	0.3	6.3	0.1	162.6	125.0	-1.8	-2.6	147.8	143.8	113.5	113.5	112.9	114.8	103.2	190.0	34.7	0.0	80.0	80.0	40.0	0.0	0.0	64.0	-1.0	0.0	.Autoclave.Outputs.PRESSIP\OutputValue	8.0	37.7	-49.1	-1.0	0.0	-1.0	-1.0	-1.0	0.0	0.0	0.0	-1.0	-1.0	0.0	0.0	0.0	-1.0	0.0
13:13:41	191.0	156.8	139.9	157.1	153.1	160.1	142.0	158.0	147.0	159.0	137.1	123.4	123.2	149.1	0.3	0.3	6.3	0.3	39.3	0.3	6.3	0.3	160.1	123.2	-1.5	-2.6	145.6	141.7	112.6	112.6	111.9	113.9	103.2	191.0	35.7	0.0	80.0	80.0	40.0	0.0	0.0	64.9	-1.0	0.0	.Autoclave.Outputs.PRESSIP\OutputValue	8.0	37.0	-47.5	-1.0	0.0	-1.0	-1.0	-1.0	0.0	0.0	0.0	-1.0	-1.0	0.0	0.0	0.0	-1.0	0.0
13:14:41	192.0	154.4	138.2	154.7	150.8	157.6	139.9	155.8	144.8	156.7	134.9	122.3	122.0	147.2	0.3	0.3	6.3	0.1	39.2	0.3	6.3	0.1	157.6	122.0	-1.0	-2.4	143.5	139.8	111.8	111.8	111.1	113.2	103.3	192.0	36.7	0.0	80.0	80.0	40.0	0.0	0.0	65.8	-1.0	0.0	.Autoclave.Outputs.PRESSIP\OutputValue	8.0	35.7	-45.8	-1.0	0.0	-1.0	-1.0	-1.0	0.0	0.0	0.0	-1.0	-1.0	0.0	0.0	0.0	-1.0	0.0
13:15:40	193.0	152.2	136.3	152.7	148.8	155.5	138.2	153.8	142.6	154.4	133.1	120.7	120.6	145.5	0.3	0.3	6.3	0.7	39.1	0.3	6.3	0.3	155.5	120.6	-1.0	-2.4	141.7	138.1	111.0	111.0	110.3	112.4	103.2	193.0	37.7	0.0	80.0	80.0	40.0	0.0	0.0	66.8	-1.0	0.0	.Autoclave.Outputs.PRESSIP\OutputValue	8.0	35.0	-44.5	-1.0	0.0	-1.0	-1.0	-1.0	0.0	0.0	0.0	-1.0	-1.0	0.0	0.0	0.0	-1.0	0.0
13:16:40	194.0	150.0	134.6	150.5	146.5	153.4	136.3	151.5	140.6	152.2	131.8	119.9	119.4	143.6	0.3	0.3	6.3	0.1	39.1	0.3	6.3	0.1	153.4	119.4	-1.0	-2.3	139.8	136.4	110.3	110.3	109.7	111.8	103.2	194.0	38.7	0.0	80.0	80.0	40.0	0.0	0.0	67.2	-1.0	0.0	.Autoclave.Outputs.PRESSIP\OutputValue	8.0	34.1	-43.1	-1.0	0.0	-1.0	-1.0	-1.0	0.0	0.0	0.0	-1.0	-1.0	0.0	0.0	0.0	-1.0	0.0
13:17:41	195.0	147.9	133.0	148.3	144.6	151.2	134.7	149.5	138.6	150.0	130.1	118.5	118.1	141.9	0.3	0.3	6.4	0.4	39.6	0.3	6.4	0.3	151.2	118.1	-1.0	-2.3	138.9	134.7	109.8	109.9	109.2	111.3	103.5	195.0	39.7	0.0	80.0	80.0	40.0	0.0	0.0	62.1	-1.0	0.0	.Autoclave.Outputs.PRESSIP\OutputValue	8.0	33.2	-41.4	-1.0	0.0	-1.0	-1.0	-1.0	0.0	0.0	0.0	-1.0	-1.0	0.0	0.0	0.0	-1.0	0.0
13:18:41	196.0	145.9	131.5	146.3	142.6	149.1	133.1	147.7	136.8	148.1	128.7	117.4	117.2	140.1	0.3	0.3	6.3	0.2	39.5	0.3	6.3	0.2	149.1	117.2	-1.3	-2.1	137.3	133.2	109.1	109.1	108.4	110.7	103.2	196.0	40.7	0.0	80.0	80.0	40.0	0.0	0.0	62.6	-1.0	0.0	.Autoclave.Outputs.PRESSIP\OutputValue	8.0	32.0	-40.0	-1.0	0.0	-1.0	-1.0	-1.0	0.0	0.0	0.0	-1.0	-1.0	0.0	0.0	0.0	-1.0	0.0
13:19:14	196.6	144.9	130.8	145.4	141.5	147.9	132.1	146.5	135.9	146.9	127.3	116.7	116.5	139.2	0.3	0.3	6.4	0.7	39.5	0.3	6.4	0.3	147.9	116.5	-0.7	-2.2	136.3	132.2	108.8	108.7	108.1	110.3	103.3	196.6	41.3	0.0	80.0	80.0	40.0	0.0	0.0	63.2	-1.0	0.0	.Autoclave.Outputs.PRESSIP\OutputValue	8.0	31.5	-39.3	-1.0	0.0	-1.0	-1.0	-1.0	0.0	0.0	0.0	-1.0	-1.0	0.0	0.0	0.0	-1.0	0.0
13:19:40	197.0	144.0	130.0	144.3	140.7	147.3	131.4	145.7	135.0	146.1	126.8	116.0	116.0	138.3	0.3	0.3	5.9	0.3	36.1	0.3	5.9	0.3	147.3	116.0	-0.8	-2.2	135.5	131.7	107.2	107.2	106.6	108.0	102.8	197.0	0.5	0.0	80.0	80.0	35.5	0.0	0.0	51.5	-1.0	0.0	.Autoclave.Outputs.PRESSIP\OutputValue	7.5	31.4	-40.1	-1.0	0.0	-1.0	-1.0	-1.0	0.0	0.0	0.0	-1.0	-1.0	-1.0	0.0	0.0	-1.0	0.0
13:20:40	198.0	141.9	128.5	142.3	138.7	145.2	129.5	143.6	133.1	143.9	124.9	114.6	114.6	136.4	0.3	0.3	4.4	0.7	26.3	0.2	4.4	0.3	145.2	114.6	-1.3	-2.3	133.6	129.9	103.3	103.3	102.7	104.2	102.0	198.0	1.5	0.0	80.0	80.0	25.5	0.0	0.0	49.1	-1.0	0.0	.Autoclave.Outputs.PRESSIP\OutputValue	6.3	30.7	-41.9	-1.0	0.0	-1.0	-1.0	-1.0	0.0	0.0	0.0	-1.0	-1.0	-1.0	0.0	0.0	-1.0	0.0
13:21:40	199.0	140.2	126.7	140.6	137.0	143.3	128.2	141.7	131.5	142.3	123.1	113.1	112.9	135.0	0.2	0.2	2.7	0.2	16.5	0.2	2.7	0.2	143.3	112.9	-1.4	-2.0	132.0	128.1	99.8	99.9	99.2	100.8	101.2	199.0	2.5	0.0	80.0	80.0	15.5	0.0	0.0	47.0	-1.0	0.0	.Autoclave.Outputs.PRESSIP\OutputValue	4.9	30.5	-43.5	-1.0	0.0	-1.0	-1.0	-1.0	0.0	0.0	0.0	-1.0	-1.0	0.0	0.0	0.0	-1.0	0.0
13:22:41	200.0	139.0	125.2	139.0	135.9	142.3	127.2	140.6	130.3	140.9	122.0	111.5	111.2	134.4	0.1	0.1	1.2	0.5	6.5	0.1	1.2	0.1	142.3	111.2	-0.7	-1.7	130.7	126.8	96.8	96.8	96.1	97.8	100.4	200.0	3.4	0.0	80.0	80.0	5.6	0.0	0.0	45.0	-1.0	0.0	.Autoclave.Outputs.PRESSIP\OutputValue	3.4	31.2	-45.5	-1.0	0.0	-1.0	-1.0	-1.0	0.0	0.0	0.0	-1.0	-1.0	-1.0	0.0	0.0	-1.0	0.0
13:23:41	201.0	138.0	124.0	138.0	134.9	141.2	126.7	139.6	129.6	139.8	121.7	110.5	109.9	134.1	0.0	0.1	0.2	0.1	1.0	0.0	0.2	0.0	141.2	109.9	-0.3	-1.4	129.8	125.6	95.9	95.9	95.2	98.0	100.4	201.0	4.4	0.0	80.0	80.0	0.0	0.0	0.0	39.6	-1.0	0.0	.Autoclave.Outputs.PRESSIP\OutputValue	-0.1	31.4	-45.4	-1.0	0.0	-1.0	-1.0	-1.0	0.0	0.0	0.0	-1.0	-1.0	-1.0	0.0	0.0	-1.0	0.0
13:23:42	201.1	138.0	124.0	138.0	134.9	141.2	126.7	139.6	129.6	139.8	121.7	110.5	109.9	134.1	0.0	0.1	0.2	0.1	1.0	0.0	0.2	0.0	141.2	109.9	-0.3	-1.4	129.8	125.6	95.9	95.9	95.2	98.0	100.4	201.0	4.4	0.0	80.0	80.0	0.0	0.0	0.0	39.6	-1.0	0.0	.Autoclave.Outputs.PRESSIP\OutputValue	-0.1	31.4	-45.3	-1.0	0.0	-1.0	-1.0	-1.0	0.0	0.0	0.0	-1.0	-1.0	-1.0	0.0	0.0	-1.0	0.0
