

Time	Elapsed	PTC1	PTC2	PTC3	PTC6	PTC7	VPRB3	PRESS	SVAC	HIPRB	LOPRB	HITC	LOTC	HIRATE	LORATE	AVGTC	MEAN	AIRTC	AIRTC1	AIRTC2	HILIMTC	CAPSTC	RUNTIME	SEGTIME	SEGTIMELEFT	TSET_AIR	TSET_PART	PSET	VSET	TEMPOUT	TEMPIP	TEMPINT	PRESSOUT	PRESSIP	PRESSINT	VACIP	VACINT	SPREAD	AIRPARTDELTA	SILENCE	BARLOCK	HIPSI	FANON	HILIMIT	MANINSIDE	PRESSUREINCLAVE	LOINSTAIR	LOVAC	VACPUMPWATERFLOW	LOWATERFLOW	FANOT
HH:MM:SS	Mins	Deg.F	Deg.F	Deg.F	Deg.F	Deg.F	"Hg	Psig	"Hg			Deg.F	Deg.F	Deg.F	Deg.F	Deg.F	Deg.F	Deg.F	Deg.F	Deg.F	Deg.F	Deg.F	Mins	Mins	Mins	Deg.F	Deg.F	Psig						%	%	%	%	Deg.F	Deg.F												
09:20:27 	0.0	73.1	73.3	73.1	75.0	73.3	-28.1	0.0	-28.2	-28.1	-28.1	74.9	73.2	0.2	0.0	73.6	74.1	89.7	89.7	89.0	106.5	113.6	356.8	0.0	0.0	70.0	70.0	0.0	-30.0	50.0	50.0	0.0	50.0	50.0	0.0	100.0	18.8	1.7	14.8	0.0	-1.0	0.0	0.0	0.0	-1.0	0.0	0.0	0.0	-1.0	-1.0	0.0
09:20:28 	0.0	73.1	73.3	73.1	75.0	73.3	-28.1	0.0	-28.2	-28.1	-28.1	74.9	73.2	0.2	0.0	73.6	74.1	89.7	89.7	89.0	106.5	113.6	356.8	0.0	0.0	70.0	70.0	0.0	-30.0	50.0	50.0	0.0	50.0	50.0	0.0	100.0	18.8	1.7	14.8	0.0	-1.0	0.0	0.0	0.0	-1.0	0.0	0.0	0.0	-1.0	-1.0	0.0
09:20:28 	0.0	73.1	73.3	73.1	75.0	73.3	-28.2	0.0	-28.2	-28.2	-28.2	75.0	73.1	0.2	0.0	73.6	74.1	89.7	89.8	89.0	106.4	113.5	356.8	0.0	0.0	70.0	70.0	0.0	-30.0	50.0	50.0	0.0	50.0	50.0	0.0	100.0	18.8	1.9	14.8	0.0	-1.0	0.0	0.0	0.0	-1.0	0.0	0.0	0.0	-1.0	-1.0	0.0
09:20:28 	0.0	73.1	73.3	73.1	75.0	73.3	-28.2	0.0	-28.2	-28.2	-28.2	75.0	73.1	0.2	0.0	73.6	74.1	89.7	89.8	89.0	106.4	113.5	356.8	0.0	0.0	70.0	70.0	0.0	-30.0	50.0	50.0	0.0	50.0	50.0	0.0	100.0	18.8	1.9	14.7	0.0	-1.0	0.0	0.0	0.0	-1.0	0.0	0.0	0.0	-1.0	-1.0	0.0
09:21:28 	1.0	74.0	74.5	74.1	75.8	73.7	-28.2	1.3	-28.2	-28.2	-28.2	75.8	73.7	1.3	0.5	74.5	74.8	98.5	98.5	97.9	102.0	114.1	1.0	1.0	0.0	84.0	80.0	1.5	-30.0	4.7	50.0	-0.3	53.6	53.6	0.3	100.0	20.5	2.1	22.7	0.0	-1.0	0.0	-1.0	0.0	-1.0	-1.0	0.0	0.0	-1.0	0.0	0.0
09:22:29 	2.0	74.7	75.2	74.9	77.2	74.5	-28.2	2.9	-28.2	-28.2	-28.2	77.2	74.5	1.2	0.6	75.3	75.8	100.5	100.4	99.7	101.6	113.9	2.0	2.0	0.0	92.7	85.0	3.0	-30.0	26.7	26.7	-0.5	52.2	52.2	0.5	100.0	22.4	2.6	23.3	0.0	-1.0	0.0	-1.0	0.0	-1.0	-1.0	0.0	0.0	-1.0	0.0	0.0
09:23:29 	3.0	75.3	75.9	75.6	78.4	75.2	-28.3	4.4	-28.2	-28.3	-28.3	78.4	75.2	1.2	0.5	76.1	76.8	100.9	101.0	100.2	102.3	113.3	3.0	3.0	0.0	101.6	90.0	4.5	-30.0	54.1	66.3	-0.6	52.4	52.4	0.7	100.0	24.2	3.1	22.5	0.0	-1.0	0.0	-1.0	0.0	-1.0	-1.0	0.0	0.0	-1.0	0.0	0.0
09:24:29 	4.0	76.1	76.6	76.7	79.0	76.1	-28.3	5.9	-28.2	-28.3	-28.3	79.0	76.1	0.9	0.5	76.9	77.5	102.4	102.4	101.6	107.4	112.8	4.0	4.0	0.0	110.8	95.0	6.0	-30.0	80.7	72.7	-0.5	53.0	53.0	1.0	100.0	26.0	2.9	23.4	0.0	-1.0	0.0	-1.0	0.0	-1.0	-1.0	0.0	0.0	-1.0	0.0	0.0
09:25:29 	5.0	76.8	77.8	77.8	80.1	76.9	-28.3	7.6	-28.2	-28.3	-28.3	80.1	76.8	1.3	0.7	77.8	78.4	108.0	108.0	107.3	123.4	112.8	5.0	5.0	0.0	119.9	100.0	7.5	-30.0	92.6	70.6	-0.3	53.4	53.4	1.0	100.0	27.8	3.3	27.9	0.0	-1.0	0.0	-1.0	0.0	-1.0	-1.0	0.0	0.0	-1.0	0.0	0.0
09:26:29 	6.0	78.0	78.9	79.4	81.6	77.9	-28.3	9.0	-28.2	-28.3	-28.3	81.6	77.9	1.7	0.9	79.1	79.7	117.1	117.2	116.6	140.7	112.9	6.0	6.0	0.0	128.3	105.0	9.0	-30.0	90.6	62.3	0.0	49.3	49.3	1.1	100.0	29.7	3.7	35.5	0.0	-1.0	0.0	-1.0	0.0	-1.0	-1.0	0.0	0.0	-1.0	0.0	0.0
09:27:10 	6.7	78.9	80.0	80.7	82.7	78.6	-28.2	10.0	-28.2	-28.2	-28.2	82.7	78.6	1.9	1.1	80.2	80.6	123.5	123.6	122.9	150.6	112.9	6.7	6.7	0.0	134.0	108.4	10.0	-30.0	88.2	52.9	0.1	52.0	52.0	1.1	100.0	30.9	4.1	40.4	0.0	-1.0	0.0	-1.0	0.0	-1.0	-1.0	0.0	0.0	-1.0	0.0	0.0
09:27:29 	7.0	79.3	80.5	81.3	83.5	79.0	-28.3	10.4	-28.2	-28.3	-28.3	83.5	79.0	2.0	1.2	80.7	81.3	127.0	127.1	126.5	155.0	112.8	7.0	0.3	0.0	136.5	110.0	10.5	-28.5	85.1	90.3	0.2	53.8	53.8	1.1	76.1	31.3	4.5	43.5	0.0	-1.0	0.0	-1.0	0.0	-1.0	-1.0	0.0	0.0	-1.0	0.0	0.0
09:28:29 	8.0	81.1	82.5	83.4	85.6	80.7	-28.2	12.0	-27.7	-28.2	-28.2	85.6	80.7	2.2	1.6	82.7	83.2	135.9	136.1	135.4	164.8	112.9	8.0	1.3	0.0	144.5	115.0	12.0	-23.5	81.4	75.8	0.3	50.0	50.0	1.2	27.8	29.2	5.0	50.3	0.0	-1.0	0.0	-1.0	0.0	-1.0	-1.0	0.0	0.0	-1.0	0.0	0.0
09:29:29 	9.0	83.2	84.9	86.0	87.9	82.8	-24.6	13.5	-22.1	-24.6	-24.6	87.9	82.8	2.5	2.0	85.0	85.3	144.2	144.3	143.7	172.3	113.0	9.0	2.3	0.0	152.1	120.0	13.5	-18.5	79.4	67.4	0.5	54.1	54.1	1.3	29.8	25.4	5.1	56.3	0.0	-1.0	0.0	-1.0	0.0	-1.0	-1.0	0.0	0.0	-1.0	0.0	0.0
09:30:29 	10.0	85.4	87.5	88.6	90.5	85.3	-18.4	15.0	-16.8	-18.4	-18.4	90.5	85.3	2.7	2.4	87.5	87.9	151.5	151.5	151.0	178.9	113.3	10.0	3.3	0.0	159.6	125.0	15.0	-13.5	80.4	71.5	0.7	54.2	54.2	1.3	29.4	21.9	5.2	61.0	0.0	-1.0	0.0	-1.0	0.0	-1.0	-1.0	0.0	0.0	-1.0	0.0	0.0
09:31:29 	11.0	88.0	90.2	91.7	93.1	87.7	-12.7	16.5	-11.5	-12.7	-12.7	93.1	87.7	3.1	2.4	90.1	90.4	159.0	159.0	158.5	185.4	113.2	11.0	4.3	0.0	167.0	130.0	16.5	-8.5	80.5	71.9	0.8	50.5	50.5	1.4	29.4	18.7	5.5	65.9	0.0	-1.0	0.0	-1.0	0.0	-1.0	-1.0	0.0	0.0	-1.0	0.0	0.0
09:32:29 	12.0	90.6	92.9	95.0	96.3	90.5	-7.2	18.0	-6.4	-7.2	-7.2	96.3	90.5	3.2	2.7	93.1	93.4	165.6	165.7	165.2	191.5	113.4	12.0	5.3	0.0	173.7	135.0	18.0	-3.5	80.9	73.7	1.0	52.8	52.8	1.5	28.0	15.7	5.8	69.3	0.0	-1.0	0.0	-1.0	0.0	-1.0	-1.0	0.0	0.0	-1.0	0.0	0.0
09:33:29 	13.0	93.4	96.4	98.3	99.7	93.1	-1.1	19.4	-0.3	-1.1	-1.1	99.7	93.1	3.7	2.8	96.2	96.4	173.0	173.1	172.5	197.4	113.3	13.0	6.3	0.0	180.3	140.0	19.5	0.0	78.8	65.3	1.1	52.9	52.9	1.5	0.0	13.3	6.6	73.3	0.0	-1.0	0.0	-1.0	0.0	-1.0	-1.0	0.0	0.0	-1.0	0.0	0.0
09:34:29 	14.0	96.4	99.9	101.9	103.1	96.8	-0.2	21.0	0.0	-0.2	-0.2	103.1	96.4	3.7	3.0	99.6	99.8	179.1	179.2	178.7	203.5	113.4	14.0	7.3	0.0	186.9	145.0	21.0	0.0	80.2	70.7	1.3	53.1	53.1	1.6	0.0	13.3	6.7	76.0	0.0	-1.0	0.0	-1.0	0.0	-1.0	-1.0	0.0	0.0	-1.0	0.0	0.0
09:35:29 	15.0	100.0	103.4	105.7	106.1	100.3	-0.2	22.5	0.0	-0.2	-0.2	106.1	100.0	3.8	3.1	103.1	103.0	185.3	185.3	184.9	209.2	113.4	15.0	8.3	0.0	193.8	150.0	22.5	0.0	82.5	79.9	1.4	53.2	53.2	1.6	0.0	13.3	6.1	79.2	0.0	-1.0	0.0	-1.0	0.0	-1.0	-1.0	0.0	0.0	-1.0	0.0	0.0
09:36:29 	16.0	103.6	107.4	109.9	109.5	104.5	-0.1	24.0	0.0	-0.1	-0.1	109.9	103.6	4.2	3.3	107.0	106.7	191.8	191.9	191.4	215.6	113.6	16.0	9.3	0.0	200.0	155.0	24.0	0.0	81.8	77.4	1.6	51.7	51.7	1.7	0.0	13.3	6.3	81.9	0.0	-1.0	0.0	-1.0	0.0	-1.0	-1.0	0.0	0.0	-1.0	0.0	0.0
09:37:29 	17.0	107.2	111.2	114.4	113.6	108.4	0.0	25.5	0.0	0.0	0.0	114.4	107.2	4.7	3.7	111.0	110.8	198.4	198.5	197.9	221.2	113.6	17.0	10.3	0.0	205.9	160.0	25.5	0.0	79.0	66.0	1.8	52.0	52.0	1.7	0.0	13.4	7.2	84.0	0.0	-1.0	0.0	-1.0	0.0	-1.0	-1.0	0.0	0.0	-1.0	0.0	0.0
09:38:29 	18.0	110.8	115.2	118.7	117.7	112.5	0.0	26.9	0.0	0.0	0.0	118.7	110.8	4.4	3.8	115.0	114.7	203.9	203.9	203.4	226.4	113.3	18.0	11.3	0.0	211.5	165.0	27.0	0.0	79.7	69.0	1.9	53.9	53.9	1.7	0.0	13.4	7.9	85.2	0.0	-1.0	0.0	-1.0	0.0	-1.0	-1.0	0.0	0.0	-1.0	0.0	0.0
09:39:29 	19.0	115.2	119.9	123.0	122.5	116.8	-0.1	28.6	0.0	-0.1	-0.1	123.0	115.2	5.0	4.1	119.5	119.1	209.7	209.7	209.3	231.1	113.6	19.0	12.3	0.0	217.0	170.0	28.5	0.0	79.4	67.4	2.1	54.3	54.3	1.8	0.0	13.5	7.8	86.7	0.0	-1.0	0.0	-1.0	0.0	-1.0	-1.0	0.0	0.0	-1.0	0.0	0.0
09:40:29 	20.0	119.0	124.0	128.2	127.0	120.4	0.0	29.8	0.0	0.0	0.0	128.2	119.0	5.3	3.9	123.7	123.6	215.1	215.0	214.7	236.1	113.4	20.0	13.3	0.0	221.8	175.0	30.0	0.0	78.0	61.8	2.2	54.2	54.2	1.8	0.0	13.5	9.1	86.9	0.0	-1.0	0.0	-1.0	0.0	-1.0	-1.0	0.0	0.0	-1.0	0.0	0.0
09:41:29 	21.0	123.4	128.4	132.6	131.5	124.9	-0.1	31.4	0.1	-0.1	-0.1	132.6	123.4	4.7	4.4	128.2	128.0	220.2	220.4	220.0	240.7	113.5	21.0	14.3	0.0	227.5	180.0	31.5	0.0	78.8	65.0	2.3	50.5	50.5	1.8	0.0	13.6	9.2	87.6	0.0	-1.0	0.0	-1.0	0.0	-1.0	-1.0	0.0	0.0	-1.0	0.0	0.0
09:42:29 	22.0	127.5	133.2	137.8	136.7	129.3	0.0	33.1	0.0	0.0	0.0	137.8	127.5	5.3	4.3	132.9	132.6	225.3	225.5	224.9	244.9	113.4	22.0	15.3	0.0	232.7	185.0	33.0	0.0	80.3	71.0	2.5	50.8	50.8	1.8	0.0	0.0	10.3	87.5	0.0	-1.0	0.0	-1.0	0.0	-1.0	-1.0	0.0	0.0	-1.0	0.0	0.0
09:43:29 	23.0	132.1	137.8	142.5	141.3	134.0	-0.1	34.5	0.0	-0.1	-0.1	142.5	132.1	5.5	4.5	137.6	137.3	230.1	230.2	229.8	249.2	113.5	23.0	16.3	0.0	237.7	190.1	34.5	0.0	81.0	73.9	2.6	51.1	51.1	1.9	0.0	0.1	10.4	87.6	0.0	-1.0	0.0	-1.0	0.0	-1.0	-1.0	0.0	0.0	-1.0	0.0	0.0
09:44:29 	24.0	136.9	142.3	147.4	145.8	139.1	0.0	35.9	0.0	0.0	0.0	147.4	136.9	5.0	4.7	142.3	142.2	235.0	235.1	234.6	253.5	113.5	24.0	17.3	0.0	243.0	195.0	36.0	0.0	81.0	73.9	2.8	51.1	51.1	1.9	0.0	0.1	10.6	87.6	0.0	-1.0	0.0	-1.0	0.0	-1.0	-1.0	0.0	0.0	-1.0	0.0	0.0
09:45:30 	25.0	141.1	147.4	152.3	150.3	143.2	0.0	37.4	0.0	0.0	0.0	152.3	141.1	5.0	4.2	146.9	146.7	239.3	239.4	238.9	257.3	114.0	25.0	18.3	0.0	247.8	200.0	37.5	0.0	83.7	84.8	2.9	51.2	51.2	1.9	0.0	0.2	11.2	87.0	0.0	-1.0	0.0	-1.0	0.0	-1.0	-1.0	0.0	0.0	-1.0	0.0	0.0
09:46:30 	26.1	145.6	152.1	157.3	155.3	148.5	0.0	38.9	0.0	0.0	0.0	157.3	145.6	5.4	4.8	151.8	151.5	243.5	243.5	243.1	261.1	113.9	26.0	19.3	0.0	252.5	205.0	39.0	0.0	86.2	94.9	3.1	51.2	51.2	1.9	0.0	0.2	11.7	86.2	0.0	-1.0	0.0	-1.0	0.0	-1.0	-1.0	0.0	0.0	-1.0	0.0	0.0
09:47:29 	27.0	151.0	157.6	162.4	160.3	153.9	0.0	40.3	0.0	0.0	0.0	162.4	151.0	5.5	5.1	157.0	156.7	248.1	248.1	247.6	265.6	113.6	27.0	20.3	0.0	257.5	210.0	40.0	0.0	87.9	51.5	3.3	46.0	46.0	1.8	0.0	0.2	11.4	85.7	0.0	-1.0	0.0	-1.0	0.0	-1.0	-1.0	0.0	0.0	-1.0	0.0	0.0
09:48:29 	28.0	155.7	162.2	167.6	164.9	159.2	0.0	40.6	0.0	0.0	0.0	167.6	155.7	5.6	4.9	161.9	161.7	252.9	253.0	252.7	271.7	113.5	28.0	21.3	0.0	262.4	215.0	40.0	0.0	88.5	54.2	3.5	35.1	35.1	0.8	0.0	0.0	11.9	85.3	0.0	-1.0	0.0	-1.0	0.0	-1.0	-1.0	0.0	0.0	-1.0	0.0	0.0
09:49:29 	29.0	160.3	167.4	172.5	169.5	163.5	-0.1	41.0	0.0	-0.1	-0.1	172.5	160.3	5.1	4.5	166.6	166.4	258.3	258.5	258.2	276.9	113.3	29.0	22.3	0.0	267.7	220.0	40.0	0.0	86.9	97.6	3.7	29.4	29.4	-0.8	0.0	0.0	12.2	85.8	0.0	-1.0	0.0	-1.0	0.0	-1.0	-1.0	0.0	0.0	-1.0	0.0	0.0
09:50:29 	30.0	165.2	172.4	177.6	174.3	168.8	0.0	41.2	0.0	0.0	0.0	177.6	165.2	5.7	4.7	171.7	171.4	262.5	262.5	262.2	281.7	113.2	30.0	23.3	0.0	272.2	225.0	40.0	0.0	89.1	56.2	3.9	21.1	21.1	-3.2	0.0	0.1	12.4	84.9	0.0	-1.0	0.0	-1.0	0.0	-1.0	-1.0	0.0	0.0	-1.0	0.0	0.0
09:51:29 	31.0	170.0	177.6	183.1	178.5	174.1	0.0	41.3	0.1	0.0	0.0	183.1	170.0	5.2	4.4	176.7	176.5	268.2	268.3	268.1	287.7	113.3	31.0	24.3	0.0	277.0	230.1	40.0	0.0	87.1	98.3	4.1	22.6	22.6	-5.7	0.0	0.1	13.1	85.1	0.0	-1.0	0.0	-1.0	0.0	-1.0	-1.0	0.0	0.0	-1.0	0.0	0.0
09:52:29 	32.0	175.4	182.4	187.6	182.8	179.3	-0.1	41.2	0.0	-0.1	-0.1	187.6	175.4	5.5	4.2	181.5	181.5	273.2	273.3	273.0	292.3	113.4	32.0	25.3	0.0	282.2	235.0	40.0	0.0	87.9	51.4	4.2	20.3	20.3	-6.0	0.0	0.2	12.2	85.6	0.0	-1.0	0.0	-1.0	0.0	-1.0	-1.0	0.0	0.0	-1.0	0.0	0.0
09:53:29 	33.0	180.1	187.6	192.9	188.3	184.2	-0.1	41.2	0.0	-0.1	-0.1	192.9	180.1	5.7	4.8	186.6	186.5	278.2	278.4	278.1	297.0	113.3	33.0	26.3	0.0	286.9	240.0	40.0	0.0	87.3	99.3	4.4	22.3	22.3	-6.0	0.0	0.0	12.8	85.3	0.0	-1.0	0.0	-1.0	0.0	-1.0	-1.0	0.0	0.0	-1.0	0.0	0.0
09:54:29 	34.0	185.0	193.1	197.9	192.3	189.2	-0.1	41.2	0.0	-0.1	-0.1	197.9	185.0	5.4	3.9	191.5	191.5	283.1	283.1	282.8	301.5	113.2	34.0	27.3	0.0	290.0	245.0	40.0	0.0	81.2	75.0	4.6	22.3	22.3	-6.0	0.0	0.1	13.0	85.2	0.0	-1.0	0.0	-1.0	0.0	-1.0	-1.0	0.0	0.0	-1.0	0.0	0.0
09:55:29 	35.0	189.8	198.5	203.0	196.6	194.0	0.0	41.2	0.0	0.0	0.0	203.0	189.8	5.8	4.6	196.4	196.4	286.8	287.0	286.7	303.8	113.3	35.0	28.3	0.0	290.0	250.0	40.0	0.0	68.7	74.7	4.7	20.3	20.3	-6.0	0.0	0.1	13.2	83.8	0.0	-1.0	0.0	-1.0	0.0	-1.0	-1.0	0.0	0.0	-1.0	0.0	0.0
09:56:29 	36.0	194.0	202.5	207.5	201.2	198.7	-0.1	41.1	0.0	-0.1	-0.1	207.5	194.0	5.4	4.6	200.8	200.7	288.5	288.4	288.2	301.9	113.2	36.0	29.3	0.0	290.0	255.0	40.0	0.0	63.1	52.2	4.7	22.3	22.3	-6.0	0.0	0.0	13.6	81.0	0.0	-1.0	0.0	-1.0	0.0	-1.0	-1.0	0.0	0.0	-1.0	0.0	0.0
09:57:29 	37.0	198.4	207.0	212.0	205.1	203.8	-0.1	41.1	0.0	-0.1	-0.1	212.0	198.4	5.1	3.9	205.3	205.2	288.6	288.4	288.2	299.5	113.1	37.0	30.3	0.0	290.0	260.0	40.0	0.0	62.4	99.7	4.8	26.3	26.3	-6.0	0.0	0.1	13.6	76.6	0.0	-1.0	0.0	-1.0	0.0	-1.0	-1.0	0.0	0.0	-1.0	0.0	0.0
09:58:29 	38.0	202.4	211.2	216.2	208.5	208.7	0.0	40.9	0.0	0.0	0.0	216.2	202.4	5.4	3.5	209.4	209.3	288.5	288.5	288.2	298.8	113.3	38.0	31.3	0.0	290.0	265.0	40.0	0.0	62.4	99.8	4.8	26.3	26.3	-6.0	0.0	0.1	13.8	72.3	0.0	-1.0	0.0	-1.0	0.0	-1.0	-1.0	0.0	0.0	-1.0	0.0	0.0
09:59:29 	39.0	206.5	215.7	220.2	212.5	212.5	-0.1	40.9	0.0	-0.1	-0.1	220.2	206.5	4.5	3.8	213.5	213.3	288.8	288.7	288.3	297.7	113.2	39.0	32.3	0.0	290.0	270.0	40.0	0.0	62.5	99.9	4.8	24.3	24.3	-6.0	0.0	0.2	13.7	68.6	0.0	-1.0	0.0	-1.0	0.0	-1.0	-1.0	0.0	0.0	-1.0	0.0	0.0
10:00:29 	40.0	210.4	219.4	223.6	215.5	216.3	-0.1	41.1	0.1	-0.1	-0.1	223.6	210.4	3.8	3.0	217.0	217.0	288.7	288.7	288.3	297.7	113.3	40.0	33.3	0.0	290.0	272.0	40.0	0.0	62.5	50.0	4.8	22.3	22.3	-6.0	0.0	0.2	13.2	65.1	0.0	-1.0	0.0	-1.0	0.0	-1.0	-1.0	0.0	0.0	-1.0	0.0	0.0
10:01:29 	41.0	214.3	223.2	227.3	218.8	220.1	0.0	41.0	0.0	0.0	0.0	227.3	214.3	4.0	3.1	220.8	220.8	288.8	288.8	288.5	297.4	113.0	41.0	34.3	0.0	290.0	272.0	40.0	0.0	61.5	96.1	4.9	24.3	24.3	-6.0	0.0	0.3	13.0	61.5	0.0	-1.0	0.0	-1.0	0.0	-1.0	-1.0	0.0	0.0	-1.0	0.0	0.0
10:02:29 	42.0	217.8	226.3	230.9	221.6	223.9	0.0	41.1	0.0	0.0	0.0	230.9	217.8	4.0	2.9	224.1	224.3	288.9	288.9	288.5	296.9	113.0	42.0	35.3	0.0	290.0	272.0	40.0	0.0	61.6	96.2	4.9	24.3	24.3	-6.0	0.0	0.3	13.1	58.0	0.0	-1.0	0.0	-1.0	0.0	-1.0	-1.0	0.0	0.0	-1.0	0.0	0.0
10:03:29 	43.0	221.0	230.1	234.2	224.4	227.6	0.0	41.1	0.0	0.0	0.0	234.2	221.0	3.6	2.9	227.4	227.6	288.9	289.0	288.7	297.8	113.1	43.0	36.3	0.0	290.0	272.0	40.0	0.0	61.2	95.0	4.9	24.3	24.3	-6.0	0.0	0.3	13.2	54.7	0.0	-1.0	0.0	-1.0	0.0	-1.0	-1.0	0.0	0.0	-1.0	0.0	0.0
10:04:29 	44.0	224.1	232.6	237.3	227.5	230.3	0.0	41.1	0.0	0.0	0.0	237.3	224.1	3.5	2.6	230.4	230.7	289.6	289.6	289.3	298.0	113.3	44.0	37.3	0.0	290.0	272.0	40.0	0.0	59.3	87.0	4.9	22.3	22.3	-6.0	0.0	0.4	13.2	52.3	0.0	-1.0	0.0	-1.0	0.0	-1.0	-1.0	0.0	0.0	-1.0	0.0	0.0
10:05:29 	45.0	227.0	235.4	239.8	230.6	233.1	0.0	41.0	0.0	0.0	0.0	239.8	227.0	3.1	2.4	233.2	233.4	289.8	289.8	289.5	297.7	113.2	45.0	38.3	0.0	290.0	272.0	40.0	0.0	58.6	84.4	4.9	24.3	24.3	-6.0	0.0	0.0	12.8	50.0	0.0	-1.0	0.0	-1.0	0.0	-1.0	-1.0	0.0	0.0	-1.0	0.0	0.0
10:06:29 	46.0	230.0	238.0	242.7	233.1	235.6	0.0	41.0	0.0	0.0	0.0	242.7	230.0	3.1	2.5	235.9	236.3	289.8	289.8	289.5	297.9	113.2	46.0	39.3	0.0	290.0	272.0	40.0	0.0	58.9	85.8	4.9	24.3	24.3	-6.0	0.0	0.0	12.7	47.1	0.0	-1.0	0.0	-1.0	0.0	-1.0	-1.0	0.0	0.0	-1.0	0.0	0.0
10:07:29 	47.0	232.7	240.7	245.5	235.8	239.1	0.0	41.0	0.0	0.0	0.0	245.5	232.7	3.4	2.6	238.8	239.1	290.0	289.9	289.6	298.1	113.4	47.0	40.3	0.0	290.0	272.0	40.0	0.0	58.3	83.1	4.9	24.3	24.3	-6.0	0.0	0.1	12.8	44.5	0.0	-1.0	0.0	-1.0	0.0	-1.0	-1.0	0.0	0.0	-1.0	0.0	0.0
10:08:29 	48.0	235.4	243.3	247.9	238.3	241.6	0.0	41.1	0.0	0.0	0.0	247.9	235.4	2.6	2.4	241.3	241.7	290.1	290.1	289.9	298.2	113.3	48.0	41.3	0.0	290.0	272.0	40.0	0.0	57.6	80.4	4.9	24.3	24.3	-6.0	0.0	0.1	12.5	42.2	0.0	-1.0	0.0	-1.0	0.0	-1.0	-1.0	0.0	0.0	-1.0	0.0	0.0
10:09:29 	49.0	238.0	245.4	250.0	240.7	243.8	-0.1	41.0	0.0	-0.1	-0.1	250.0	238.0	2.7	2.3	243.6	244.0	290.0	290.1	289.8	298.3	113.1	49.0	42.3	0.0	290.0	272.0	40.0	0.0	56.9	77.7	4.9	24.3	24.3	-6.0	0.0	0.2	12.0	40.0	0.0	-1.0	0.0	-1.0	0.0	-1.0	-1.0	0.0	0.0	-1.0	0.0	0.0
10:10:29 	50.0	240.3	247.8	252.5	243.2	246.2	0.0	41.0	0.0	0.0	0.0	252.5	240.3	2.4	2.1	246.0	246.4	290.4	290.6	290.3	298.3	113.3	50.0	43.3	0.0	290.0	272.0	40.0	0.0	56.3	75.0	4.9	24.3	24.3	-6.0	0.0	0.2	12.1	37.9	0.0	-1.0	0.0	-1.0	0.0	-1.0	-1.0	0.0	0.0	-1.0	0.0	0.0
10:11:29 	51.0	243.2	250.0	254.7	245.4	248.8	0.0	41.0	0.0	0.0	0.0	254.7	243.2	2.8	2.3	248.4	248.9	290.8	290.8	290.5	298.4	113.2	51.0	44.3	0.0	289.4	272.0	40.0	0.0	52.3	59.1	4.9	24.3	24.3	-6.0	0.0	0.3	11.5	36.1	0.0	-1.0	0.0	-1.0	0.0	-1.0	-1.0	0.0	0.0	-1.0	0.0	0.0
10:12:29 	52.0	245.3	252.0	256.6	247.4	250.9	-0.1	41.1	0.1	-0.1	-0.1	256.6	245.3	2.5	2.1	250.4	250.9	290.6	290.6	290.2	296.3	113.2	52.0	45.3	0.0	287.4	272.0	40.0	0.0	46.5	50.0	4.9	24.3	24.3	-6.0	0.0	0.0	11.3	34.0	0.0	-1.0	0.0	-1.0	0.0	-1.0	-1.0	0.0	0.0	-1.0	0.0	0.0
10:13:29 	53.0	247.3	254.0	258.4	249.1	252.9	0.0	40.9	0.0	0.0	0.0	258.4	247.3	2.2	1.7	252.3	252.9	289.2	289.1	288.7	293.3	113.3	53.0	46.3	0.0	285.6	272.0	40.0	0.0	46.4	50.0	4.8	26.3	26.3	-6.0	0.0	0.1	11.1	30.8	0.0	-1.0	0.0	-1.0	0.0	-1.0	-1.0	0.0	0.0	-1.0	0.0	0.0
10:14:29 	54.0	249.2	255.5	260.0	251.5	254.4	0.0	40.8	0.0	0.0	0.0	260.0	249.2	2.2	1.5	254.1	254.6	287.3	287.4	287.0	290.1	113.2	54.0	47.3	0.0	284.0	272.0	40.0	0.0	46.2	50.0	4.7	30.2	30.2	-6.0	0.0	0.1	10.8	27.3	0.0	-1.0	0.0	-1.0	0.0	-1.0	-1.0	0.0	0.0	-1.0	0.0	0.0
10:15:29 	55.0	250.9	257.0	261.6	253.2	256.0	-0.1	40.6	0.0	-0.1	-0.1	261.6	250.9	1.7	-0.2	255.7	256.2	284.9	284.8	284.5	286.6	113.2	55.0	48.3	0.0	282.4	272.0	40.0	0.0	49.5	49.5	4.7	30.2	30.2	-6.0	0.0	0.1	10.6	23.3	0.0	-1.0	0.0	-1.0	0.0	-1.0	-1.0	0.0	0.0	-1.0	0.0	0.0
10:16:29 	56.0	252.4	258.2	262.7	254.9	257.1	0.0	40.5	0.0	0.0	0.0	262.7	252.4	3.7	1.0	257.1	257.6	282.6	282.6	282.2	284.4	113.4	56.0	49.3	0.0	281.3	272.0	40.0	0.0	54.1	66.3	4.6	36.2	36.2	-6.0	0.0	0.2	10.2	19.9	0.0	-1.0	0.0	-1.0	0.0	-1.0	-1.0	0.0	0.0	-1.0	0.0	0.0
10:17:29 	57.0	253.7	259.5	263.8	256.3	258.2	0.0	40.4	0.0	0.0	0.0	263.8	253.7	1.5	1.1	258.3	258.7	281.0	281.1	280.8	283.8	113.2	57.0	50.3	0.0	280.2	272.0	40.0	0.0	54.7	68.7	4.6	36.2	36.2	-6.0	0.0	0.2	10.1	17.2	0.0	-1.0	0.0	-1.0	0.0	-1.0	-1.0	0.0	0.0	-1.0	0.0	0.0
10:18:29 	58.0	255.1	260.4	264.7	256.4	259.1	0.0	40.4	0.0	0.0	0.0	264.7	255.1	1.4	0.9	259.1	259.9	280.3	280.3	280.0	283.8	113.1	58.0	51.3	0.0	279.2	272.0	40.0	0.0	54.6	68.5	4.6	36.2	36.2	-6.0	0.0	0.3	9.6	15.6	0.0	-1.0	0.0	-1.0	0.0	-1.0	-1.0	0.0	0.0	-1.0	0.0	0.0
10:19:29 	59.0	256.5	261.6	265.6	259.3	260.3	0.0	40.3	0.0	0.0	0.0	265.6	256.5	1.6	1.0	260.7	261.0	279.9	279.8	279.5	284.1	113.4	59.0	52.3	0.0	278.5	272.0	40.0	0.0	53.2	63.0	4.6	36.2	36.2	-6.0	0.0	0.0	9.1	14.3	0.0	-1.0	0.0	-1.0	0.0	-1.0	-1.0	0.0	0.0	-1.0	0.0	0.0
10:20:29 	60.0	257.6	262.7	266.5	260.1	261.3	0.0	40.4	0.0	0.0	0.0	266.5	257.6	1.3	0.7	261.6	262.0	279.6	279.6	279.3	284.1	113.0	60.0	53.3	0.0	277.6	272.0	40.0	0.0	50.2	50.7	4.5	36.2	36.2	-6.0	0.0	0.1	8.9	13.1	0.0	-1.0	0.0	-1.0	0.0	-1.0	-1.0	0.0	0.0	-1.0	0.0	0.0
10:21:29 	61.0	258.9	263.3	267.3	260.6	262.5	0.0	40.3	0.0	0.0	0.0	267.3	258.9	3.9	0.9	262.5	263.1	278.8	278.8	278.4	282.0	113.2	61.0	54.3	0.0	276.8	272.0	40.0	0.0	50.8	53.1	4.5	38.2	38.2	-6.0	0.0	0.1	8.4	11.5	0.0	-1.0	0.0	-1.0	0.0	-1.0	-1.0	0.0	0.0	-1.0	0.0	0.0
10:22:29 	62.0	259.8	264.1	267.8	262.2	263.0	0.0	40.3	0.0	0.0	0.0	267.8	259.8	1.0	0.6	263.4	263.8	278.1	278.1	277.8	281.6	113.3	62.0	55.3	0.0	276.2	272.0	40.0	0.0	50.7	52.9	4.4	38.2	38.2	-6.0	0.0	0.2	8.0	10.3	0.0	-1.0	0.0	-1.0	0.0	-1.0	-1.0	0.0	0.0	-1.0	0.0	0.0
10:22:49 	62.4	260.2	264.3	268.1	263.0	263.2	0.1	40.2	0.0	0.1	0.1	268.1	260.2	1.6	0.7	263.8	264.2	278.0	278.0	277.7	281.6	113.5	62.3	55.6	0.0	275.9	272.0	40.0	0.0	50.7	52.8	4.4	40.2	40.2	-6.0	0.0	0.2	7.9	10.0	0.0	-1.0	0.0	-1.0	0.0	-1.0	-1.0	0.0	0.0	-1.0	0.0	0.0
10:23:29 	63.0	260.9	264.9	268.5	262.7	263.5	0.0	40.3	0.0	0.0	0.0	268.5	260.9	1.1	0.6	264.1	264.7	277.7	277.7	277.4	281.0	113.3	63.0	0.7	70.3	275.0	272.0	40.0	0.0	48.4	50.0	4.4	38.2	38.2	-6.0	0.0	0.2	7.6	9.2	0.0	-1.0	0.0	-1.0	0.0	-1.0	-1.0	0.0	0.0	-1.0	0.0	0.0
10:24:29 	64.0	261.7	265.6	269.1	264.5	264.5	0.0	40.2	0.0	0.0	0.0	269.1	261.7	0.9	-1.2	265.1	265.4	276.9	276.8	276.5	280.0	113.1	64.0	1.7	69.3	274.9	272.0	40.0	0.0	50.6	52.3	4.4	40.2	40.2	-6.0	0.0	0.2	7.4	7.8	0.0	-1.0	0.0	-1.0	0.0	-1.0	-1.0	0.0	0.0	-1.0	0.0	0.0
10:25:29 	65.0	262.7	266.2	269.6	264.8	265.0	0.0	40.3	0.0	0.0	0.0	269.6	262.7	3.0	0.5	265.7	266.2	276.4	276.3	275.9	280.1	113.3	65.0	2.7	68.3	274.4	272.0	40.0	0.0	50.9	53.4	4.3	42.2	42.2	-6.0	0.0	0.3	6.9	6.8	0.0	-1.0	0.0	-1.0	0.0	-1.0	-1.0	0.0	0.0	-1.0	0.0	0.0
10:26:29 	66.0	263.5	266.8	270.1	266.0	265.7	0.0	40.3	0.0	0.0	0.0	270.1	263.5	0.9	0.5	266.4	266.8	275.9	275.9	275.6	279.1	113.3	66.0	3.7	67.3	274.0	272.0	40.0	0.0	50.8	53.2	4.3	42.2	42.2	-6.0	0.0	0.3	6.6	5.8	0.0	-1.0	0.0	-1.0	0.0	-1.0	-1.0	0.0	0.0	-1.0	0.0	0.0
10:27:29 	67.0	264.1	267.2	270.4	258.1	266.3	0.0	40.1	0.0	0.0	0.0	270.4	258.1	0.7	-7.5	265.3	264.3	275.2	275.2	274.8	278.5	113.3	67.0	4.7	66.3	273.5	272.0	40.0	0.0	52.1	58.4	4.2	44.2	44.2	-6.0	0.0	0.4	12.3	4.8	0.0	-1.0	0.0	-1.0	0.0	-1.0	-1.0	0.0	0.0	-1.0	0.0	0.0
10:28:30 	68.0	264.9	267.7	270.8	267.2	266.9	0.0	40.2	0.0	0.0	0.0	270.8	264.9	0.8	0.5	267.5	267.9	275.0	275.0	274.6	278.8	113.3	68.0	5.7	65.3	273.3	272.0	40.0	0.0	51.0	54.2	4.2	42.2	42.2	-6.0	0.0	0.4	6.0	4.2	0.0	-1.0	0.0	-1.0	0.0	-1.0	-1.0	0.0	0.0	-1.0	0.0	0.0
10:29:30 	69.0	265.6	268.1	271.3	266.2	267.4	0.0	40.0	0.0	0.0	0.0	271.3	265.6	2.2	0.3	267.7	268.4	274.7	274.7	274.3	279.3	113.1	69.0	6.7	64.3	272.8	272.0	40.0	0.0	51.3	55.3	4.2	44.2	44.2	-6.0	0.0	0.4	5.7	3.4	0.0	-1.0	0.0	-1.0	0.0	-1.0	-1.0	0.0	0.0	-1.0	0.0	0.0
10:30:29 	70.0	266.2	268.6	271.6	268.5	267.8	0.0	40.2	0.0	0.0	0.0	271.6	266.2	0.6	0.2	268.5	268.9	274.7	274.7	274.3	279.2	113.5	70.0	7.7	63.3	272.4	272.0	40.0	0.0	49.6	50.0	4.1	42.2	42.2	-6.0	0.0	0.5	5.4	3.1	0.0	-1.0	0.0	-1.0	0.0	-1.0	-1.0	0.0	0.0	-1.0	0.0	0.0
10:31:29 	71.0	266.8	268.9	271.8	269.1	268.5	0.0	40.0	0.0	0.0	0.0	271.8	266.8	0.7	-0.6	269.0	269.3	274.4	274.4	274.0	278.1	113.2	71.0	8.7	62.3	272.1	272.0	40.0	0.0	49.6	50.0	4.1	42.2	42.2	-6.0	0.0	0.5	5.0	2.6	0.0	-1.0	0.0	-1.0	0.0	-1.0	-1.0	0.0	0.0	-1.0	0.0	0.0
10:32:29 	72.0	267.3	269.3	272.2	269.7	268.8	0.0	40.0	0.0	0.0	0.0	272.2	267.3	1.8	0.3	269.4	269.7	273.7	273.8	273.4	277.3	113.4	72.0	9.7	61.3	271.8	272.0	40.0	0.0	51.2	54.7	4.0	42.2	42.2	-6.0	0.0	0.5	4.9	1.5	0.0	-1.0	0.0	-1.0	0.0	-1.0	-1.0	0.0	0.0	-1.0	0.0	0.0
10:33:29 	73.0	267.8	269.6	272.5	270.1	269.3	0.0	40.0	0.0	0.0	0.0	272.5	267.8	0.6	-0.8	269.8	270.1	273.3	273.3	273.0	277.2	113.3	73.0	10.7	60.3	271.6	272.0	40.0	0.0	51.5	55.8	4.0	42.2	42.2	-6.0	0.0	0.6	4.7	0.8	0.0	-1.0	0.0	-1.0	0.0	-1.0	-1.0	0.0	0.0	-1.0	0.0	0.0
10:34:29 	74.0	268.2	269.8	272.5	270.4	269.6	0.0	40.0	0.0	0.0	0.0	272.5	268.2	1.6	0.2	270.1	270.3	273.0	273.1	272.7	277.4	113.3	74.0	11.7	59.3	271.4	272.0	40.0	0.0	51.8	57.0	4.0	44.2	44.2	-6.0	0.0	0.6	4.3	0.5	0.0	-1.0	0.0	-1.0	0.0	-1.0	-1.0	0.0	0.0	-1.0	0.0	0.0
10:35:29 	75.0	268.6	270.3	272.8	270.9	269.8	0.0	40.1	0.0	0.0	0.0	272.8	268.6	0.6	0.2	270.5	270.7	273.3	273.3	272.9	277.5	113.3	75.0	12.7	58.3	271.1	272.0	40.0	0.0	50.4	51.5	3.9	44.2	44.2	-6.0	0.0	0.7	4.2	0.5	0.0	-1.0	0.0	-1.0	0.0	-1.0	-1.0	0.0	0.0	-1.0	0.0	0.0
10:36:29 	76.0	269.0	270.4	272.9	271.2	270.1	0.0	39.9	0.0	0.0	0.0	272.9	269.0	0.5	0.3	270.7	270.9	272.5	272.5	272.2	276.0	113.1	76.0	13.7	57.3	271.1	272.0	40.0	0.0	52.3	59.4	3.9	44.2	44.2	-5.9	0.0	0.7	3.9	-0.4	0.0	-1.0	0.0	-1.0	0.0	-1.0	-1.0	0.0	0.0	-1.0	0.0	0.0
10:37:29 	77.0	269.4	270.7	273.1	271.4	270.2	-0.1	40.1	0.0	-0.1	-0.1	273.1	269.4	0.3	0.1	271.0	271.2	272.3	272.2	271.9	276.3	113.3	77.0	14.7	56.3	270.9	272.0	40.0	0.0	52.3	59.2	3.9	42.3	42.3	-5.9	0.0	0.7	3.7	-0.8	0.0	-1.0	0.0	-1.0	0.0	-1.0	-1.0	0.0	0.0	-1.0	0.0	0.0
10:38:29 	78.0	269.5	270.7	273.1	271.7	270.5	0.0	40.0	0.0	0.0	0.0	273.1	269.5	0.3	0.2	271.1	271.3	272.4	272.4	272.0	276.9	113.4	78.0	15.7	55.3	270.9	272.0	40.0	0.0	52.3	59.1	3.8	42.3	42.3	-5.9	0.0	0.8	3.6	-0.7	0.0	-1.0	0.0	-1.0	0.0	-1.0	-1.0	0.0	0.0	-1.0	0.0	0.0
10:39:29 	79.0	269.9	271.1	273.3	271.9	270.9	0.0	39.9	0.0	0.0	0.0	273.3	269.9	0.4	0.1	271.4	271.6	272.4	272.4	272.1	277.3	113.2	79.0	16.7	54.3	270.6	272.0	40.0	0.0	50.9	53.6	3.8	44.3	44.3	-5.8	0.0	0.8	3.4	-0.9	0.0	-1.0	0.0	-1.0	0.0	-1.0	-1.0	0.0	0.0	-1.0	0.0	0.0
10:40:29 	80.0	270.2	271.2	273.4	272.2	271.1	0.0	40.0	0.0	0.0	0.0	273.4	270.2	0.4	0.1	271.6	271.8	272.6	272.5	272.1	277.2	113.1	80.0	17.7	53.3	270.5	272.0	40.0	0.0	49.5	50.0	3.8	44.3	44.3	-5.9	0.0	0.9	3.2	-0.8	0.0	-1.0	0.0	-1.0	0.0	-1.0	-1.0	0.0	0.0	-1.0	0.0	0.0
10:41:29 	81.0	270.5	271.5	273.6	272.5	271.3	0.0	40.0	0.0	0.0	0.0	273.6	270.5	0.3	0.1	271.9	272.0	272.5	272.6	272.2	277.1	113.5	81.0	18.7	52.3	270.4	272.0	40.0	0.0	49.8	50.0	3.7	46.3	46.3	-5.8	0.0	0.9	3.1	-1.1	0.0	-1.0	0.0	-1.0	0.0	-1.0	-1.0	0.0	0.0	-1.0	0.0	0.0
10:42:29 	82.0	270.7	271.6	273.7	272.8	271.6	0.0	40.0	0.0	0.0	0.0	273.7	270.7	0.3	0.0	272.1	272.2	272.4	272.5	272.0	276.0	113.2	82.0	19.7	51.3	270.2	272.0	40.0	0.0	49.8	50.0	3.7	46.4	46.4	-5.8	0.0	0.9	3.0	-1.3	0.0	-1.0	0.0	-1.0	0.0	-1.0	-1.0	0.0	0.0	-1.0	0.0	0.0
10:43:29 	83.0	271.0	271.7	273.8	273.0	271.7	-0.1	39.9	0.0	-0.1	-0.1	273.8	271.0	0.3	0.0	272.2	272.4	271.8	271.9	271.5	275.6	113.5	83.0	20.7	50.3	270.2	272.0	40.0	0.0	51.1	54.3	3.7	44.5	44.5	-5.6	0.0	1.0	2.8	-2.0	0.0	-1.0	0.0	-1.0	0.0	-1.0	-1.0	0.0	0.0	-1.0	0.0	0.0
10:44:29 	84.0	271.2	272.0	273.9	270.2	271.8	0.0	39.9	0.0	0.0	0.0	273.9	270.2	0.3	0.1	271.8	272.0	271.6	271.7	271.4	275.9	113.4	84.0	21.7	49.3	270.1	272.0	40.0	0.0	51.7	56.8	3.6	48.7	48.7	-5.5	0.0	1.0	3.7	-2.3	0.0	-1.0	0.0	-1.0	0.0	-1.0	-1.0	0.0	0.0	-1.0	0.0	0.0
10:45:29 	85.0	271.3	272.0	273.9	273.3	271.9	0.0	40.0	0.0	0.0	0.0	273.9	271.3	0.2	0.1	272.5	272.6	271.7	271.6	271.3	276.2	113.3	85.0	22.7	48.3	270.1	272.0	40.0	0.0	51.0	54.0	3.6	44.8	44.8	-5.3	0.0	1.0	2.6	-2.2	0.0	-1.0	0.0	-1.0	0.0	-1.0	-1.0	0.0	0.0	-1.0	0.0	0.0
10:46:29 	86.0	271.4	272.1	274.0	273.4	272.1	0.0	40.0	0.0	0.0	0.0	274.0	271.4	0.2	0.0	272.6	272.7	271.7	271.7	271.2	276.3	113.3	86.0	23.7	47.3	270.0	272.0	40.0	0.0	51.0	53.9	3.6	45.0	45.0	-5.2	0.0	1.1	2.6	-2.3	0.0	-1.0	0.0	-1.0	0.0	-1.0	-1.0	0.0	0.0	-1.0	0.0	0.0
10:47:29 	87.0	271.7	272.0	274.0	273.6	272.3	0.0	39.9	0.0	0.0	0.0	274.0	271.7	0.2	0.1	272.7	272.8	271.7	271.8	271.4	276.5	113.3	87.0	24.7	46.3	270.0	272.0	40.0	0.0	50.6	52.4	3.5	47.1	47.1	-5.0	0.0	1.1	2.3	-2.3	0.0	-1.0	0.0	-1.0	0.0	-1.0	-1.0	0.0	0.0	-1.0	0.0	0.0
10:48:29 	88.0	271.8	272.4	274.1	273.7	272.4	0.0	40.0	0.0	0.0	0.0	274.1	271.8	0.2	0.1	272.9	272.9	271.3	271.2	271.0	275.0	113.4	88.0	25.7	45.3	269.9	272.0	40.0	0.0	51.6	56.2	3.5	49.3	49.3	-4.8	0.0	1.2	2.3	-2.8	0.0	-1.0	0.0	-1.0	0.0	-1.0	-1.0	0.0	0.0	-1.0	0.0	0.0
10:49:29 	89.0	271.9	272.4	274.2	273.8	272.5	0.0	39.9	0.0	0.0	0.0	274.2	271.9	0.2	-0.1	273.0	273.0	271.2	271.2	270.7	275.3	113.2	89.0	26.7	44.3	269.9	272.0	40.0	0.0	52.5	60.1	3.5	49.5	49.5	-4.7	0.0	1.2	2.3	-3.0	0.0	-1.0	0.0	-1.0	0.0	-1.0	-1.0	0.0	0.0	-1.0	0.0	0.0
10:50:29 	90.0	272.1	272.5	274.1	274.0	272.5	-0.1	39.9	0.0	-0.1	-0.1	274.1	272.1	0.2	0.0	273.1	273.1	271.2	271.3	271.0	275.9	113.2	90.0	27.7	43.3	269.9	272.0	40.0	0.0	51.2	54.7	3.4	47.7	47.7	-4.5	0.0	1.2	2.0	-2.9	0.0	-1.0	0.0	-1.0	0.0	-1.0	-1.0	0.0	0.0	-1.0	0.0	0.0
10:51:29 	91.0	272.2	272.6	274.3	274.0	272.4	0.0	40.0	0.0	0.0	0.0	274.3	272.2	0.2	0.0	273.1	273.2	271.4	271.5	271.1	276.3	113.4	91.0	28.7	42.3	269.7	272.0	40.0	0.0	50.5	51.9	3.4	45.8	45.8	-4.4	0.0	1.3	2.1	-2.9	0.0	-1.0	0.0	-1.0	0.0	-1.0	-1.0	0.0	0.0	-1.0	0.0	0.0
10:52:29 	92.0	272.3	272.8	274.4	274.1	272.8	0.0	40.0	0.0	0.0	0.0	274.4	272.3	0.2	-0.2	273.3	273.3	271.7	271.7	271.4	276.1	113.2	92.0	29.7	41.3	269.7	272.0	40.0	0.0	49.8	50.0	3.4	47.9	47.9	-4.3	0.0	1.3	2.1	-2.7	0.0	-1.0	0.0	-1.0	0.0	-1.0	-1.0	0.0	0.0	-1.0	0.0	0.0
10:53:29 	93.0	272.6	273.1	274.6	274.5	272.8	0.0	40.0	0.0	0.0	0.0	274.6	272.6	0.3	0.1	273.5	273.6	271.5	271.6	271.2	275.6	113.2	93.0	30.7	40.3	269.4	272.0	40.0	0.0	49.0	50.0	3.3	48.0	48.0	-4.2	0.0	1.3	2.0	-3.1	0.0	-1.0	0.0	-1.0	0.0	-1.0	-1.0	0.0	0.0	-1.0	0.0	0.0
10:54:29 	94.0	272.8	273.1	274.6	274.6	272.9	-0.1	39.9	0.0	-0.1	-0.1	274.6	272.8	0.2	-0.1	273.6	273.7	271.1	271.1	270.8	274.8	113.4	94.0	31.7	39.3	269.4	272.0	40.0	0.0	50.3	51.4	3.3	46.1	46.1	-4.0	0.0	1.4	1.8	-3.5	0.0	-1.0	0.0	-1.0	0.0	-1.0	-1.0	0.0	0.0	-1.0	0.0	0.0
10:55:29 	95.0	272.7	273.0	274.6	274.6	272.9	-0.1	40.0	0.0	-0.1	-0.1	274.6	272.7	0.2	0.0	273.6	273.7	270.9	270.8	270.5	275.1	113.1	95.0	32.7	38.3	269.3	272.0	40.0	0.0	51.3	55.3	3.3	48.3	48.3	-3.9	0.0	1.4	1.9	-3.7	0.0	-1.0	0.0	-1.0	0.0	-1.0	-1.0	0.0	0.0	-1.0	0.0	0.0
10:56:29 	96.0	272.9	273.1	274.7	274.5	272.9	-0.1	40.1	0.0	-0.1	-0.1	274.7	272.9	0.1	-0.1	273.6	273.8	270.8	270.7	270.4	275.3	113.2	96.0	33.7	37.3	269.5	272.0	40.0	0.0	52.0	57.8	3.2	46.4	46.4	-3.7	0.0	1.5	1.8	-3.9	0.0	-1.0	0.0	-1.0	0.0	-1.0	-1.0	0.0	0.0	-1.0	0.0	0.0
10:57:29 	97.0	272.9	273.3	274.7	274.7	273.1	-0.1	39.9	0.0	-0.1	-0.1	274.7	272.9	0.2	0.0	273.8	273.8	270.9	270.8	270.5	275.6	113.3	97.0	34.7	36.3	269.2	272.0	40.0	0.0	50.8	53.3	3.2	46.5	46.5	-3.6	0.0	1.5	1.8	-3.8	0.0	-1.0	0.0	-1.0	0.0	-1.0	-1.0	0.0	0.0	-1.0	0.0	0.0
10:58:29 	98.0	273.0	273.2	274.7	274.9	273.1	0.0	40.1	0.0	0.0	0.0	274.9	273.0	0.1	0.0	273.8	274.0	271.0	270.9	270.6	275.1	113.1	98.0	35.7	35.3	269.2	272.0	40.0	0.0	50.1	50.5	3.2	46.6	46.6	-3.6	0.0	1.5	1.9	-3.9	0.0	-1.0	0.0	-1.0	0.0	-1.0	-1.0	0.0	0.0	-1.0	0.0	0.0
10:59:29 	99.0	272.9	272.9	274.4	274.6	273.2	0.0	39.9	0.0	0.0	0.0	274.6	272.9	0.1	-0.4	273.6	273.8	270.5	270.4	270.1	274.3	113.2	99.0	36.7	34.3	269.3	272.0	40.0	0.0	52.1	58.4	3.1	48.7	48.7	-3.5	0.0	1.6	1.7	-4.1	0.0	-1.0	0.0	-1.0	0.0	-1.0	-1.0	0.0	0.0	-1.0	0.0	0.0
11:00:29 	100.0	272.9	273.0	274.5	274.6	273.1	0.0	40.1	0.0	0.0	0.0	274.6	272.9	0.1	-0.1	273.6	273.8	270.4	270.4	270.0	274.9	113.2	100.0	37.7	33.3	269.3	272.0	40.0	0.0	52.4	59.7	3.1	46.7	46.7	-3.5	0.0	1.6	1.7	-4.2	0.0	-1.0	0.0	-1.0	0.0	-1.0	-1.0	0.0	0.0	-1.0	0.0	0.0
11:01:29 	101.0	272.8	273.2	274.5	274.7	273.2	0.0	40.0	0.0	0.0	0.0	274.7	272.8	0.2	0.0	273.7	273.8	270.7	270.7	270.5	275.5	112.9	101.0	38.7	32.3	269.3	272.0	40.0	0.0	51.7	56.9	3.1	46.7	46.7	-3.5	0.0	1.6	1.9	-4.0	0.0	-1.0	0.0	-1.0	0.0	-1.0	-1.0	0.0	0.0	-1.0	0.0	0.0
11:02:29 	102.0	273.1	273.1	274.5	274.8	273.4	0.0	40.1	0.0	0.0	0.0	274.8	273.1	0.2	0.0	273.8	274.0	270.9	270.9	270.6	275.8	113.4	102.0	39.7	31.3	269.2	272.0	40.0	0.0	50.4	51.4	3.1	46.7	46.7	-3.5	0.0	1.7	1.7	-3.9	0.0	-1.0	0.0	-1.0	0.0	-1.0	-1.0	0.0	0.0	-1.0	0.0	0.0
11:03:29 	103.0	273.1	273.3	274.6	274.8	273.4	0.0	40.0	0.0	0.0	0.0	274.8	273.1	0.2	0.0	273.9	274.0	271.1	271.0	270.7	275.8	113.2	103.0	40.7	30.3	269.2	272.0	40.0	0.0	50.0	50.0	3.0	44.6	44.6	-3.6	0.0	1.7	1.7	-3.7	0.0	-1.0	0.0	-1.0	0.0	-1.0	-1.0	0.0	0.0	-1.0	0.0	0.0
11:04:29 	104.0	273.2	273.4	274.6	274.9	273.4	0.0	40.1	0.0	0.0	0.0	274.9	273.2	0.2	-0.1	273.9	274.1	270.9	270.9	270.5	274.9	113.3	104.0	41.7	29.3	269.0	272.0	40.0	0.0	49.7	50.0	3.0	46.6	46.6	-3.6	0.0	1.8	1.7	-4.0	0.0	-1.0	0.0	-1.0	0.0	-1.0	-1.0	0.0	0.0	-1.0	0.0	0.0
11:05:29 	105.0	273.3	273.4	274.6	274.9	273.4	0.0	40.0	0.0	0.0	0.0	274.9	273.3	0.1	-0.1	273.9	274.1	270.4	270.4	270.0	274.5	113.2	105.0	42.7	28.3	269.1	272.0	40.0	0.0	51.6	56.3	3.0	46.6	46.6	-3.6	0.0	1.8	1.6	-4.5	0.0	-1.0	0.0	-1.0	0.0	-1.0	-1.0	0.0	0.0	-1.0	0.0	0.0
11:06:29 	106.0	273.3	273.4	274.6	275.0	273.4	0.0	40.0	0.0	0.0	0.0	275.0	273.3	0.0	-0.1	274.0	274.2	270.2	270.2	269.8	274.8	113.1	106.0	43.7	27.3	269.0	272.0	40.0	0.0	51.9	57.8	2.9	44.6	44.6	-3.5	0.0	1.8	1.7	-4.8	0.0	-1.0	0.0	-1.0	0.0	-1.0	-1.0	0.0	0.0	-1.0	0.0	0.0
11:07:29 	107.0	273.3	273.4	274.6	274.9	273.4	-0.1	39.9	0.0	-0.1	-0.1	274.9	273.3	0.1	-0.1	273.9	274.1	270.4	270.3	269.9	274.9	113.4	107.0	44.7	26.3	269.1	272.0	40.0	0.0	51.5	56.1	2.9	46.6	46.6	-3.5	0.0	1.9	1.6	-4.5	0.0	-1.0	0.0	-1.0	0.0	-1.0	-1.0	0.0	0.0	-1.0	0.0	0.0
11:08:29 	108.0	273.3	273.4	274.6	275.0	273.4	0.0	40.0	0.0	0.0	0.0	275.0	273.3	0.0	0.0	274.0	274.2	270.5	270.5	270.1	275.3	113.1	108.0	45.7	25.3	269.1	272.0	40.0	0.0	51.5	56.0	2.9	46.6	46.6	-3.5	0.0	1.9	1.7	-4.5	0.0	-1.0	0.0	-1.0	0.0	-1.0	-1.0	0.0	0.0	-1.0	0.0	0.0
11:09:29 	109.0	273.5	273.7	274.8	275.0	273.6	0.0	40.0	0.0	0.0	0.0	275.0	273.5	0.3	0.1	274.1	274.3	270.6	270.6	270.3	275.5	113.2	109.0	46.7	24.3	269.0	272.0	40.0	0.0	50.5	52.1	2.9	46.6	46.6	-3.5	0.0	0.0	1.5	-4.4	0.0	-1.0	0.0	-1.0	0.0	-1.0	-1.0	0.0	0.0	-1.0	0.0	0.0
11:10:29 	110.0	273.4	273.4	274.7	275.2	273.5	0.0	40.0	0.0	0.0	0.0	275.2	273.4	0.1	-0.1	274.1	274.3	270.7	270.7	270.3	275.2	113.0	110.0	47.7	23.3	269.0	272.0	40.0	0.0	49.8	50.0	2.8	48.6	48.6	-3.6	0.0	0.0	1.8	-4.5	0.0	-1.0	0.0	-1.0	0.0	-1.0	-1.0	0.0	0.0	-1.0	0.0	0.0
11:11:29 	111.0	273.6	273.8	274.6	275.2	273.4	-0.1	40.0	0.0	-0.1	-0.1	275.2	273.4	0.2	-0.1	274.1	274.3	270.3	270.3	269.9	273.9	113.3	111.0	48.7	22.3	269.0	272.0	40.0	0.0	51.5	55.9	2.8	46.6	46.6	-3.6	0.0	0.1	1.8	-4.9	0.0	-1.0	0.0	-1.0	0.0	-1.0	-1.0	0.0	0.0	-1.0	0.0	0.0
11:12:29 	112.0	273.4	273.6	274.6	275.1	273.5	0.0	40.0	0.0	0.0	0.0	275.1	273.4	0.1	-0.2	274.0	274.3	270.2	270.2	269.8	274.2	113.1	112.0	49.7	21.3	269.0	272.0	40.0	0.0	52.1	58.4	2.8	46.6	46.6	-3.5	0.0	0.1	1.7	-4.9	0.0	-1.0	0.0	-1.0	0.0	-1.0	-1.0	0.0	0.0	-1.0	0.0	0.0
11:13:29 	113.0	273.6	273.6	274.7	275.1	273.5	0.0	40.1	0.0	0.0	0.0	275.1	273.5	0.2	0.0	274.1	274.3	270.3	270.3	269.9	274.9	113.3	113.0	50.7	20.3	269.0	272.0	40.0	0.0	52.8	61.2	2.7	44.7	44.7	-3.5	0.0	0.1	1.6	-4.8	0.0	-1.0	0.0	-1.0	0.0	-1.0	-1.0	0.0	0.0	-1.0	0.0	0.0
11:14:29 	114.0	273.4	273.6	274.5	274.9	273.5	0.0	40.0	0.0	0.0	0.0	274.9	273.4	-0.1	-0.2	274.0	274.2	270.5	270.5	270.2	275.5	113.1	114.0	51.7	19.3	269.0	272.0	40.0	0.0	51.0	54.0	2.7	44.7	44.7	-3.5	0.0	0.2	1.5	-4.4	0.0	-1.0	0.0	-1.0	0.0	-1.0	-1.0	0.0	0.0	-1.0	0.0	0.0
11:15:29 	115.0	273.5	273.7	274.5	274.9	273.6	0.0	40.1	0.0	0.0	0.0	274.9	273.5	0.1	-0.2	274.0	274.2	270.8	270.8	270.5	275.8	113.1	115.0	52.7	18.3	269.0	272.0	40.0	0.0	50.3	51.2	2.7	46.6	46.6	-3.6	0.0	0.2	1.4	-4.1	0.0	-1.0	0.0	-1.0	0.0	-1.0	-1.0	0.0	0.0	-1.0	0.0	0.0
11:16:29 	116.0	273.5	273.6	274.6	275.1	273.8	0.0	40.1	0.0	0.0	0.0	275.1	273.5	0.3	0.0	274.1	274.3	270.7	270.7	270.4	275.0	113.3	116.0	53.7	17.3	269.0	272.0	40.0	0.0	50.0	50.0	2.7	44.5	44.5	-3.7	0.0	0.3	1.6	-4.4	0.0	-1.0	0.0	-1.0	0.0	-1.0	-1.0	0.0	0.0	-1.0	0.0	0.0
11:17:29 	117.0	273.5	273.7	274.5	275.1	273.7	0.0	40.0	0.0	0.0	0.0	275.1	273.5	0.1	-0.1	274.1	274.3	270.4	270.4	270.1	274.4	113.3	117.0	54.7	16.3	269.0	272.0	40.0	0.0	51.0	53.8	2.6	48.5	48.5	-3.6	0.0	0.3	1.6	-4.7	0.0	-1.0	0.0	-1.0	0.0	-1.0	-1.0	0.0	0.0	-1.0	0.0	0.0
11:18:28 	118.0	273.5	273.4	274.6	275.1	273.6	0.0	39.9	0.0	0.0	0.0	275.1	273.4	0.1	-0.1	274.1	274.3	270.2	270.1	269.8	274.6	113.3	118.0	55.7	15.3	269.0	272.0	40.0	0.0	51.6	56.4	2.6	46.5	46.5	-3.6	0.0	0.3	1.7	-4.9	0.0	-1.0	0.0	-1.0	0.0	-1.0	-1.0	0.0	0.0	-1.0	0.0	0.0
11:19:29 	119.0	273.6	273.7	274.6	275.0	273.6	0.0	39.9	0.0	0.0	0.0	275.0	273.6	0.1	-0.1	274.1	274.3	270.2	270.2	269.9	274.8	113.1	119.0	56.7	14.3	269.0	272.0	40.0	0.0	51.6	56.3	2.6	46.6	46.6	-3.6	0.0	0.3	1.4	-4.8	0.0	-1.0	0.0	-1.0	0.0	-1.0	-1.0	0.0	0.0	-1.0	0.0	0.0
11:20:29 	120.0	273.6	273.6	274.7	275.1	273.6	0.0	40.1	0.0	0.0	0.0	275.1	273.6	0.1	0.0	274.1	274.3	270.4	270.4	270.1	275.1	113.3	120.0	57.7	13.3	269.0	272.0	40.0	0.0	50.9	53.5	2.5	44.6	44.6	-3.5	0.0	0.4	1.6	-4.7	0.0	-1.0	0.0	-1.0	0.0	-1.0	-1.0	0.0	0.0	-1.0	0.0	0.0
11:21:29 	121.0	273.6	273.7	274.7	275.1	273.6	0.0	40.0	0.0	0.0	0.0	275.1	273.6	0.1	0.0	274.1	274.4	270.5	270.4	270.1	275.4	113.3	121.0	58.7	12.3	269.0	272.0	40.0	0.0	50.5	52.1	2.5	48.6	48.6	-3.5	0.0	0.4	1.5	-4.6	0.0	-1.0	0.0	-1.0	0.0	-1.0	-1.0	0.0	0.0	-1.0	0.0	0.0
11:22:29 	122.0	273.6	273.8	274.7	275.2	273.7	0.0	40.1	0.0	0.0	0.0	275.2	273.6	0.2	0.0	274.2	274.4	270.6	270.7	270.4	274.8	113.4	122.0	59.7	11.3	269.0	272.0	40.0	0.0	50.2	50.6	2.5	48.6	48.6	-3.5	0.0	0.4	1.6	-4.6	0.0	-1.0	0.0	-1.0	0.0	-1.0	-1.0	0.0	0.0	-1.0	0.0	0.0
11:23:29 	123.0	273.6	273.8	274.6	275.2	273.8	0.0	40.0	0.0	0.0	0.0	275.2	273.6	0.1	-0.2	274.2	274.4	270.0	270.0	269.6	274.0	113.3	123.0	60.7	10.3	269.0	272.0	40.0	0.0	52.1	58.5	2.5	46.7	46.7	-3.5	0.0	0.5	1.6	-5.2	0.0	-1.0	0.0	-1.0	0.0	-1.0	-1.0	0.0	0.0	-1.0	0.0	0.0
11:24:29 	124.0	273.6	273.7	274.7	275.2	273.7	0.0	40.1	0.0	0.0	0.0	275.2	273.6	0.2	-0.1	274.2	274.4	270.0	270.1	269.7	274.5	113.1	124.0	61.7	9.3	269.0	272.0	40.0	0.0	51.8	57.1	2.4	44.7	44.7	-3.4	0.0	0.5	1.6	-5.2	0.0	-1.0	0.0	-1.0	0.0	-1.0	-1.0	0.0	0.0	-1.0	0.0	0.0
11:25:29 	125.0	273.4	273.6	274.6	275.0	273.7	0.0	40.1	0.0	0.0	0.0	275.0	273.4	-0.1	-0.3	274.1	274.2	270.2	270.2	269.8	274.9	113.3	125.0	62.7	8.3	269.0	272.0	40.0	0.0	51.4	55.7	2.4	44.7	44.7	-3.5	0.0	0.0	1.6	-4.8	0.0	-1.0	0.0	-1.0	0.0	-1.0	-1.0	0.0	0.0	-1.0	0.0	0.0
11:26:29 	126.0	273.6	273.7	274.5	274.9	273.7	0.0	40.0	0.0	0.0	0.0	274.9	273.6	0.2	-0.2	274.1	274.3	270.4	270.4	270.1	275.3	113.2	126.0	63.7	7.3	269.0	272.0	40.0	0.0	50.7	52.9	2.4	48.6	48.6	-3.5	0.0	0.1	1.3	-4.5	0.0	-1.0	0.0	-1.0	0.0	-1.0	-1.0	0.0	0.0	-1.0	0.0	0.0
11:27:29 	127.0	273.7	273.7	274.5	275.1	273.8	-0.1	40.0	0.0	-0.1	-0.1	275.1	273.7	0.3	0.0	274.2	274.4	270.7	270.7	270.3	275.7	113.2	127.0	64.7	6.3	269.0	272.0	40.0	0.0	49.7	50.0	2.4	46.6	46.6	-3.6	0.0	0.1	1.5	-4.4	0.0	-1.0	0.0	-1.0	0.0	-1.0	-1.0	0.0	0.0	-1.0	0.0	0.0
11:28:29 	128.0	273.7	273.4	274.4	275.1	273.8	0.0	40.1	0.0	0.0	0.0	275.1	273.4	0.2	-0.1	274.1	274.3	270.7	270.7	270.3	275.5	113.6	128.0	65.7	5.3	269.0	272.0	40.0	0.0	49.7	50.0	2.3	44.5	44.5	-3.6	0.0	0.1	1.7	-4.4	0.0	-1.0	0.0	-1.0	0.0	-1.0	-1.0	0.0	0.0	-1.0	0.0	0.0
11:29:29 	129.0	273.6	273.7	274.5	275.2	273.8	0.0	40.0	0.0	0.0	0.0	275.2	273.6	0.2	-0.3	274.2	274.4	270.6	270.6	270.3	274.6	113.5	129.0	66.7	4.3	269.0	272.0	40.0	0.0	50.3	51.2	2.3	48.5	48.5	-3.7	0.0	0.2	1.6	-4.6	0.0	-1.0	0.0	-1.0	0.0	-1.0	-1.0	0.0	0.0	-1.0	0.0	0.0
11:30:29 	130.0	273.7	273.7	274.6	275.2	273.8	0.0	40.1	0.0	0.0	0.0	275.2	273.7	0.2	0.0	274.2	274.4	270.1	270.2	269.8	274.2	113.2	130.0	67.7	3.3	269.0	272.0	40.0	0.0	51.6	56.4	2.3	48.5	48.5	-3.7	0.0	0.2	1.6	-5.1	0.0	-1.0	0.0	-1.0	0.0	-1.0	-1.0	0.0	0.0	-1.0	0.0	0.0
11:31:29 	131.0	273.7	273.9	274.7	275.2	273.8	-0.1	40.0	0.0	-0.1	-0.1	275.2	273.7	0.2	-0.1	274.3	274.5	270.1	270.2	269.8	274.4	113.4	131.0	68.7	2.3	269.0	272.0	40.0	0.0	51.6	56.3	2.3	46.5	46.5	-3.6	0.0	0.2	1.5	-5.1	0.0	-1.0	0.0	-1.0	0.0	-1.0	-1.0	0.0	0.0	-1.0	0.0	0.0
11:32:29 	132.0	273.6	273.7	274.7	275.3	273.7	0.0	40.1	0.0	0.0	0.0	275.3	273.6	0.0	-0.2	274.2	274.5	270.0	270.0	269.6	274.7	113.3	132.0	69.7	1.3	269.0	272.0	40.0	0.0	51.9	57.6	2.2	44.6	44.6	-3.6	0.0	0.3	1.7	-5.3	0.0	-1.0	0.0	-1.0	0.0	-1.0	-1.0	0.0	0.0	-1.0	0.0	0.0
11:33:29 	133.0	273.7	273.7	274.6	275.2	273.7	0.0	39.9	0.0	0.0	0.0	275.2	273.7	0.1	-0.2	274.2	274.4	270.2	270.2	269.9	275.0	113.5	133.0	70.7	0.3	269.0	272.0	40.0	0.0	51.2	54.8	2.2	46.6	46.6	-3.5	0.0	0.3	1.6	-5.0	0.0	-1.0	0.0	-1.0	0.0	-1.0	-1.0	0.0	0.0	-1.0	0.0	0.0
11:33:49 	133.4	273.8	273.8	274.6	275.3	273.6	0.0	39.9	0.0	0.0	0.0	275.3	273.6	0.0	-0.2	274.2	274.5	270.2	270.2	269.9	275.0	113.5	133.3	71.0	0.0	269.0	272.0	40.0	0.0	50.9	53.5	2.2	44.6	44.6	-3.5	0.0	0.3	1.7	-4.9	0.0	-1.0	0.0	-1.0	0.0	-1.0	-1.0	0.0	0.0	-1.0	0.0	0.0
11:34:29 	134.0	273.7	273.8	274.6	275.2	273.7	0.0	40.1	0.0	0.0	0.0	275.2	273.7	0.2	-0.1	274.2	274.5	270.5	270.5	270.2	275.7	113.4	134.0	0.7	0.0	268.8	268.7	40.0	0.0	49.7	50.0	2.2	44.6	44.6	-3.5	0.0	0.3	1.5	-4.7	0.0	-1.0	0.0	-1.0	0.0	-1.0	-1.0	0.0	0.0	-1.0	0.0	0.0
11:35:29 	135.0	273.6	273.7	274.6	275.0	273.6	0.0	40.0	0.0	0.0	0.0	275.0	273.6	0.0	-0.3	274.1	274.3	269.8	269.8	269.4	272.9	113.5	135.0	1.7	0.0	263.8	263.7	40.0	0.0	35.7	50.0	2.1	46.6	46.6	-3.5	0.0	0.4	1.4	-5.2	0.0	-1.0	0.0	-1.0	0.0	-1.0	-1.0	0.0	0.0	-1.0	0.0	0.0
11:36:29 	136.0	273.5	273.4	274.5	275.0	273.5	0.0	39.9	0.0	0.0	0.0	275.0	273.4	0.1	-0.2	274.0	274.2	268.8	268.9	268.6	271.4	113.6	136.0	2.7	0.0	258.8	258.7	40.0	0.0	21.8	50.0	2.0	46.8	46.8	-3.4	0.0	0.4	1.6	-6.2	0.0	-1.0	0.0	-1.0	0.0	-1.0	-1.0	0.0	0.0	-1.0	0.0	0.0
11:37:29 	137.0	273.4	273.3	274.4	275.1	273.3	0.0	39.9	0.0	0.0	0.0	275.1	273.3	0.0	-0.3	273.9	274.2	267.5	267.4	267.1	269.2	113.3	137.0	3.7	0.0	253.8	253.7	40.0	0.0	9.3	9.3	1.7	46.8	46.8	-3.3	0.0	0.4	1.8	-7.6	0.0	-1.0	0.0	-1.0	0.0	-1.0	-1.0	0.0	0.0	-1.0	0.0	0.0
11:38:29 	138.0	272.6	272.2	273.5	274.7	272.2	0.0	39.9	0.0	0.0	0.0	274.7	272.2	-0.4	-1.2	273.1	273.5	257.2	257.0	256.7	243.3	113.2	138.0	4.6	0.0	248.8	248.8	40.0	0.0	26.2	26.2	1.5	49.3	49.3	-2.9	0.0	0.5	2.5	-17.5	0.0	-1.0	0.0	-1.0	0.0	-1.0	-1.0	0.0	0.0	-1.0	0.0	0.0
11:39:29 	139.0	271.2	271.1	272.1	273.5	270.2	0.0	40.0	0.0	0.0	0.0	273.5	270.2	-0.9	-2.0	271.6	271.8	247.5	247.5	247.1	236.1	113.4	139.0	5.7	0.0	243.8	243.7	40.0	0.0	42.2	42.2	1.4	47.5	47.5	-2.7	0.0	0.5	3.3	-26.0	0.0	-1.0	0.0	-1.0	0.0	-1.0	-1.0	0.0	0.0	-1.0	0.0	0.0
11:40:29 	140.0	269.8	269.8	270.4	272.4	268.0	0.0	40.0	0.0	0.0	0.0	272.4	268.0	-1.0	-1.8	270.1	270.2	242.2	242.1	241.7	234.1	113.4	140.0	6.7	0.0	238.8	238.7	40.0	0.0	43.2	43.2	1.3	49.6	49.6	-2.6	0.0	0.5	4.4	-30.2	0.0	-1.0	0.0	-1.0	0.0	-1.0	-1.0	0.0	0.0	-1.0	0.0	0.0
11:41:29 	141.0	268.4	268.5	269.0	271.1	266.1	-0.1	40.0	0.0	-0.1	-0.1	271.1	266.1	-1.2	-1.9	268.6	268.6	238.8	238.9	238.5	233.7	113.5	141.0	7.7	0.0	233.8	233.7	40.0	0.0	37.4	37.4	1.2	45.6	45.6	-2.6	0.0	0.0	4.9	-32.3	0.0	-1.0	0.0	-1.0	0.0	-1.0	-1.0	0.0	0.0	-1.0	0.0	0.0
11:42:29 	142.0	267.0	267.0	267.4	269.6	264.5	0.0	40.0	0.0	0.0	0.0	269.6	264.5	-1.4	-1.9	267.1	267.0	235.2	235.1	234.6	227.6	113.5	142.0	8.7	0.0	228.8	228.7	40.0	0.0	33.1	33.1	1.1	47.7	47.7	-2.5	0.0	0.1	5.0	-34.4	0.0	-1.0	0.0	-1.0	0.0	-1.0	-1.0	0.0	0.0	-1.0	0.0	0.0
11:43:29 	143.0	265.4	265.1	265.4	268.0	262.6	-0.1	39.9	0.0	-0.1	-0.1	268.0	262.6	-1.7	-2.1	265.3	265.3	228.8	228.7	228.2	219.9	113.3	143.0	9.7	0.0	223.8	223.7	40.0	0.0	37.3	37.3	1.0	45.8	45.8	-2.4	0.0	0.1	5.4	-39.2	0.0	-1.0	0.0	-1.0	0.0	-1.0	-1.0	0.0	0.0	-1.0	0.0	0.0
11:44:29 	144.0	263.5	263.4	263.2	266.2	260.5	-0.1	40.1	0.0	-0.1	-0.1	266.2	260.5	-1.8	-2.4	263.4	263.4	224.4	224.3	223.9	216.6	113.5	144.0	10.7	0.0	218.8	218.7	40.0	0.0	35.4	35.4	0.9	45.8	45.8	-2.3	0.0	0.1	5.7	-41.8	0.0	-1.0	0.0	-1.0	0.0	-1.0	-1.0	0.0	0.0	-1.0	0.0	0.0
11:45:29 	145.0	261.5	261.1	260.9	264.4	257.9	-0.1	40.0	0.0	-0.1	-0.1	264.4	257.9	-1.9	-3.0	261.2	261.1	219.9	219.8	219.4	211.7	113.4	145.0	11.7	0.0	213.8	213.7	40.0	0.0	33.7	33.7	0.8	47.9	47.9	-2.3	0.0	0.1	6.6	-44.5	0.0	-1.0	0.0	-1.0	0.0	-1.0	-1.0	0.0	0.0	-1.0	0.0	0.0
11:46:29 	146.0	259.3	258.9	258.5	262.2	255.2	-0.1	39.9	0.0	-0.1	-0.1	262.2	255.2	-2.0	-2.6	258.8	258.7	215.0	215.0	214.5	206.6	113.5	146.0	12.7	0.0	208.8	208.7	40.0	0.0	32.6	32.6	0.6	50.0	50.0	-2.2	0.0	0.2	7.0	-47.2	0.0	-1.0	0.0	-1.0	0.0	-1.0	-1.0	0.0	0.0	-1.0	0.0	0.0
11:46:52 	146.4	258.6	257.8	257.5	260.9	254.6	-0.1	40.0	0.0	-0.1	-0.1	260.9	254.6	-2.1	-2.5	257.9	257.7	213.1	213.0	212.6	204.7	113.5	146.4	13.0	0.0	206.9	206.8	40.0	0.0	32.8	32.8	0.6	46.0	46.0	-2.2	0.0	0.2	6.3	-48.3	0.0	-1.0	0.0	-1.0	0.0	-1.0	-1.0	0.0	0.0	-1.0	0.0	0.0
11:47:29 	147.0	257.2	256.7	256.0	260.0	252.5	-0.2	40.0	0.0	-0.2	-0.2	260.0	252.5	-2.2	-2.5	256.5	256.2	210.1	210.1	209.5	201.9	113.5	147.0	0.6	0.0	203.8	203.7	40.0	0.0	32.1	32.1	0.5	50.0	50.0	-2.1	0.0	0.2	7.5	-49.9	0.0	-1.0	0.0	-1.0	0.0	-1.0	-1.0	0.0	0.0	-1.0	0.0	0.0
11:48:29 	148.0	255.0	253.9	253.4	257.7	250.9	-0.1	40.0	0.0	-0.1	-0.1	257.7	250.9	-2.2	-2.6	254.2	254.3	205.7	205.6	205.2	197.7	113.6	148.0	1.6	0.0	198.8	198.7	40.0	0.0	30.6	30.6	0.4	48.1	48.1	-2.1	0.0	0.2	6.9	-52.0	0.0	-1.0	0.0	-1.0	0.0	-1.0	-1.0	0.0	0.0	-1.0	0.0	0.0
11:49:29 	149.0	252.5	251.6	251.0	255.0	247.7	-0.2	39.9	0.0	-0.2	-0.2	255.0	247.7	-2.5	-2.9	251.6	251.4	201.0	201.0	200.5	193.0	113.5	149.0	2.6	0.0	193.8	193.7	40.0	0.0	29.1	29.1	0.2	48.1	48.1	-2.1	0.0	0.3	7.3	-54.0	0.0	-1.0	0.0	-1.0	0.0	-1.0	-1.0	0.0	0.0	-1.0	0.0	0.0
11:50:29 	150.0	250.1	248.6	248.1	252.6	243.8	-0.1	40.1	0.0	-0.1	-0.1	252.6	243.8	-2.4	-4.0	248.7	248.2	197.0	196.8	196.3	188.9	113.4	150.0	3.6	0.0	188.8	188.7	40.0	0.0	25.9	25.9	0.1	50.1	50.1	-2.0	0.0	0.3	8.8	-55.6	0.0	-1.0	0.0	-1.0	0.0	-1.0	-1.0	0.0	0.0	-1.0	0.0	0.0
11:51:29 	151.0	247.8	246.3	245.2	249.1	241.8	-0.1	40.1	0.0	-0.1	-0.1	249.1	241.8	-2.5	-3.3	246.0	245.5	192.6	192.5	191.9	184.8	113.3	151.0	4.6	0.0	183.8	183.7	40.0	0.0	23.9	23.9	-0.1	50.1	50.1	-2.0	0.0	0.3	7.4	-56.5	0.0	-1.0	0.0	-1.0	0.0	-1.0	-1.0	0.0	0.0	-1.0	0.0	0.0
11:52:29 	152.0	244.9	243.3	242.2	247.2	238.6	0.0	40.0	0.0	0.0	0.0	247.2	238.6	-2.4	-3.0	243.2	242.9	188.6	188.5	188.0	180.9	113.4	152.0	5.6	0.0	178.8	178.7	40.0	0.0	20.2	20.2	-0.3	48.2	48.2	-2.0	0.0	0.4	8.6	-58.6	0.0	-1.0	0.0	-1.0	0.0	-1.0	-1.0	0.0	0.0	-1.0	0.0	0.0
11:53:29 	153.0	242.5	240.6	239.4	244.4	235.2	-0.2	40.1	0.0	-0.2	-0.2	244.4	235.2	-2.7	-4.3	240.4	239.8	184.8	184.7	184.2	177.3	113.4	153.0	6.6	0.0	173.9	173.8	40.0	0.0	15.8	15.8	-0.5	50.2	50.2	-2.0	0.0	0.4	9.2	-59.6	0.0	-1.0	0.0	-1.0	0.0	-1.0	-1.0	0.0	0.0	-1.0	0.0	0.0
11:54:29 	154.0	239.8	238.0	236.3	239.9	233.2	-0.1	40.1	0.0	-0.1	-0.1	239.9	233.2	-2.2	-3.2	237.4	236.5	181.1	181.0	180.4	174.0	113.4	154.0	7.6	0.0	168.9	168.7	40.0	0.0	11.8	11.8	-0.7	48.2	48.2	-2.0	0.0	0.4	6.7	-58.8	0.0	-1.0	0.0	-1.0	0.0	-1.0	-1.0	0.0	0.0	-1.0	0.0	0.0
11:55:29 	155.0	237.1	234.9	233.2	238.7	231.0	-0.1	39.9	0.0	-0.1	-0.1	238.7	231.0	-1.1	-3.0	235.0	234.8	177.6	177.6	177.1	171.1	113.4	155.0	8.6	0.0	163.8	163.7	40.0	0.0	5.7	5.7	-1.0	46.2	46.2	-1.9	0.0	0.4	7.8	-61.1	0.0	-1.0	0.0	-1.0	0.0	-1.0	-1.0	0.0	0.0	-1.0	0.0	0.0
11:56:29 	156.0	234.1	231.8	230.1	235.8	228.0	-0.3	40.1	0.0	-0.3	-0.3	235.8	228.0	-2.7	-3.2	231.9	231.9	174.3	174.3	173.7	168.1	113.6	156.0	9.6	0.0	158.8	158.7	40.0	0.0	0.2	0.2	-1.3	48.2	48.2	-1.9	0.0	0.5	7.8	-61.5	0.0	-1.0	0.0	-1.0	0.0	-1.0	-1.0	0.0	0.0	-1.0	0.0	0.0
11:57:29 	157.0	231.7	229.1	227.1	232.9	224.8	-0.2	39.9	0.0	-0.2	-0.2	232.9	224.8	-2.7	-3.2	229.1	228.8	171.2	171.1	170.6	165.4	113.7	157.0	10.6	0.0	153.8	153.7	40.0	0.0	0.0	0.0	0.0	50.2	50.2	-1.9	0.0	0.5	8.1	-61.7	0.0	-1.0	0.0	-1.0	0.0	-1.0	-1.0	0.0	0.0	-1.0	0.0	0.0
11:58:29 	158.0	228.8	226.1	224.0	230.0	221.3	-0.1	40.0	0.0	-0.1	-0.1	230.0	221.3	-2.9	-3.8	226.1	225.7	168.4	168.4	167.7	162.9	113.8	158.0	11.6	0.0	148.8	148.7	40.0	0.0	0.0	0.0	0.0	48.2	48.2	-1.9	0.0	0.5	8.7	-61.6	0.0	-1.0	0.0	-1.0	0.0	-1.0	-1.0	0.0	0.0	-1.0	0.0	0.0
11:59:29 	159.0	226.3	223.2	221.2	227.3	218.5	-0.2	40.1	0.0	-0.2	-0.2	227.3	218.5	-2.6	-3.0	223.3	222.9	165.5	165.4	165.0	160.5	113.8	159.0	12.6	0.0	143.8	143.7	40.0	0.0	0.0	0.0	0.0	48.2	48.2	-1.9	0.0	0.5	8.8	-61.8	0.0	-1.0	0.0	-1.0	0.0	-1.0	-1.0	0.0	0.0	-1.0	0.0	0.0
12:00:29 	160.0	223.9	220.8	218.2	224.5	215.4	-0.1	40.0	0.0	-0.1	-0.1	224.5	215.4	-2.5	-3.3	220.6	219.9	163.1	163.1	162.4	158.1	113.5	160.0	13.6	0.0	138.8	138.7	40.0	0.0	0.0	0.0	0.0	46.3	46.3	-1.9	0.0	0.6	9.1	-61.4	0.0	-1.0	0.0	-1.0	0.0	-1.0	-1.0	0.0	0.0	-1.0	0.0	0.0
12:01:29 	161.0	221.1	217.7	215.2	220.5	212.9	-0.1	40.0	0.0	-0.1	-0.1	221.1	212.9	-2.6	-3.2	217.5	217.0	160.6	160.6	160.0	156.1	113.7	161.0	14.6	0.0	133.8	133.7	40.0	0.0	0.0	0.0	0.0	48.3	48.3	-1.9	0.0	0.6	8.2	-60.5	0.0	-1.0	0.0	-1.0	0.0	-1.0	-1.0	0.0	0.0	-1.0	0.0	0.0
12:02:29 	162.0	218.5	215.0	212.4	218.8	209.8	-0.2	39.9	0.0	-0.2	-0.2	218.8	209.8	-2.5	-3.0	214.9	214.3	158.3	158.3	157.7	154.1	113.6	162.0	15.6	0.0	128.8	128.7	40.0	0.0	0.0	0.0	0.0	50.2	50.2	-1.9	0.0	0.6	9.0	-60.5	0.0	-1.0	0.0	-1.0	0.0	-1.0	-1.0	0.0	0.0	-1.0	0.0	0.0
12:03:29 	163.0	215.6	212.1	209.6	215.8	207.1	-0.1	40.1	0.0	-0.1	-0.1	215.8	207.1	-2.5	-3.0	212.0	211.4	156.1	156.1	155.5	152.0	113.7	163.0	16.6	0.0	123.8	123.8	40.0	0.0	0.0	0.0	0.0	48.2	48.2	-1.9	0.0	0.7	8.7	-59.7	0.0	-1.0	0.0	-1.0	0.0	-1.0	-1.0	0.0	0.0	-1.0	0.0	0.0
12:04:29 	164.0	213.0	209.6	206.6	213.0	204.5	-0.2	39.9	0.0	-0.2	-0.2	213.0	204.5	-2.4	-2.8	209.3	208.7	153.7	153.7	153.1	150.2	113.7	164.0	17.6	0.0	118.8	118.7	40.0	0.0	0.0	0.0	0.0	50.2	50.2	-1.9	0.0	0.7	8.6	-59.3	0.0	-1.0	0.0	-1.0	0.0	-1.0	-1.0	0.0	0.0	-1.0	0.0	0.0
12:05:29 	165.0	210.3	207.0	204.0	210.1	201.4	-0.2	40.1	0.0	-0.2	-0.2	210.3	201.4	-2.7	-3.1	206.6	205.9	151.7	151.7	151.0	148.1	113.7	165.0	18.6	0.0	113.8	113.7	40.0	0.0	0.0	0.0	0.0	50.2	50.2	-2.0	0.0	0.7	8.9	-58.6	0.0	-1.0	0.0	-1.0	0.0	-1.0	-1.0	0.0	0.0	-1.0	0.0	0.0
12:06:29 	166.0	207.6	204.3	201.4	207.3	199.0	-0.2	40.0	0.0	-0.2	-0.2	207.6	199.0	-2.4	-3.0	203.9	203.3	149.7	149.6	149.0	146.4	113.5	166.0	19.6	0.0	108.8	108.7	40.0	0.0	0.0	0.0	0.0	46.2	46.2	-2.0	0.0	0.7	8.6	-57.9	0.0	-1.0	0.0	-1.0	0.0	-1.0	-1.0	0.0	0.0	-1.0	0.0	0.0
12:07:29 	167.0	205.1	201.7	199.0	204.9	196.2	-0.1	40.1	0.0	-0.1	-0.1	205.1	196.2	-2.3	-2.7	201.4	200.7	147.7	147.7	147.1	144.7	113.6	167.0	20.6	0.0	103.8	103.8	40.0	0.0	0.0	0.0	0.0	46.2	46.2	-2.0	0.0	0.7	9.0	-57.4	0.0	-1.0	0.0	-1.0	0.0	-1.0	-1.0	0.0	0.0	-1.0	0.0	0.0
12:08:29 	168.0	202.6	199.2	196.2	202.2	194.0	-0.1	40.1	0.0	-0.1	-0.1	202.6	194.0	-2.2	-2.9	198.8	198.3	146.0	146.0	145.4	143.0	113.5	168.0	21.6	0.0	98.8	98.7	40.0	0.0	0.0	0.0	0.0	48.1	48.1	-2.0	0.0	0.7	8.6	-56.6	0.0	-1.0	0.0	-1.0	0.0	-1.0	-1.0	0.0	0.0	-1.0	0.0	0.0
12:09:29 	169.0	200.0	196.4	193.6	199.8	191.2	-0.2	40.1	0.0	-0.2	-0.2	200.0	191.2	-2.4	-3.0	196.2	195.6	144.3	144.1	143.5	141.6	113.7	169.0	22.6	0.0	93.8	93.7	40.0	0.0	0.0	0.0	0.0	50.1	50.1	-2.1	0.0	0.8	8.8	-55.7	0.0	-1.0	0.0	-1.0	0.0	-1.0	-1.0	0.0	0.0	-1.0	0.0	0.0
12:10:29 	170.0	197.8	194.2	191.1	197.1	189.6	-0.1	40.1	0.0	-0.1	-0.1	197.8	189.6	-2.0	-2.6	194.0	193.7	142.6	142.6	142.1	140.0	113.8	170.0	23.6	0.0	88.8	88.8	40.0	0.0	0.0	0.0	0.0	46.1	46.1	-2.1	0.0	0.8	8.2	-55.2	0.0	-1.0	0.0	-1.0	0.0	-1.0	-1.0	0.0	0.0	-1.0	0.0	0.0
12:11:29 	171.0	195.4	191.8	189.0	194.4	186.8	-0.2	40.0	0.0	-0.2	-0.2	195.4	186.8	-2.4	-2.7	191.5	191.1	141.1	141.1	140.4	138.7	113.6	171.0	24.6	0.0	83.8	83.7	40.0	0.0	0.0	0.0	0.0	50.0	50.0	-2.1	0.0	0.8	8.6	-54.3	0.0	-1.0	0.0	-1.0	0.0	-1.0	-1.0	0.0	0.0	-1.0	0.0	0.0
12:12:29 	172.0	192.8	189.6	186.3	192.2	184.3	-0.1	40.0	0.0	-0.1	-0.1	192.8	184.3	-2.3	-2.6	189.1	188.6	139.4	139.5	138.8	137.3	113.6	172.0	25.6	0.0	80.0	80.0	40.0	0.0	0.0	0.0	0.0	46.0	46.0	-2.1	0.0	0.8	8.5	-53.4	0.0	-1.0	0.0	-1.0	0.0	-1.0	-1.0	0.0	0.0	-1.0	0.0	0.0
12:13:29 	173.0	190.5	187.3	184.0	189.8	182.0	-0.2	40.0	0.0	-0.2	-0.2	190.5	182.0	-2.3	-2.5	186.7	186.3	137.9	137.9	137.3	135.9	113.7	173.0	26.6	0.0	80.0	80.0	40.0	0.0	0.0	0.0	0.0	48.0	48.0	-2.2	0.0	0.0	8.5	-52.6	0.0	-1.0	0.0	-1.0	0.0	-1.0	-1.0	0.0	0.0	-1.0	0.0	0.0
12:14:29 	174.0	188.0	185.0	181.6	187.6	179.5	-0.2	40.0	0.0	-0.2	-0.2	188.0	179.5	-2.1	-2.5	184.3	183.7	136.5	136.5	135.9	134.8	113.6	174.0	27.6	0.0	80.0	80.0	40.0	0.0	0.0	0.0	0.0	46.0	46.0	-2.2	0.0	0.0	8.5	-51.5	0.0	-1.0	0.0	-1.0	0.0	-1.0	-1.0	0.0	0.0	-1.0	0.0	0.0
12:15:29 	175.0	186.1	182.8	179.6	184.9	177.5	-0.2	40.1	0.0	-0.2	-0.2	186.1	177.5	-1.9	-2.7	182.2	181.8	135.2	135.2	134.5	133.4	113.6	175.0	28.6	0.0	80.0	80.0	40.0	0.0	0.0	0.0	0.0	47.9	47.9	-2.2	0.0	0.1	8.6	-50.9	0.0	-1.0	0.0	-1.0	0.0	-1.0	-1.0	0.0	0.0	-1.0	0.0	0.0
12:16:29 	176.0	183.7	180.5	177.2	182.7	175.6	-0.2	40.0	0.0	-0.2	-0.2	183.7	175.6	-1.7	-2.5	179.9	179.7	133.8	133.8	133.1	132.2	113.8	176.0	29.6	0.0	80.0	80.0	40.0	0.0	0.0	0.0	0.0	47.9	47.9	-2.3	0.0	0.1	8.0	-49.9	0.0	-1.0	0.0	-1.0	0.0	-1.0	-1.0	0.0	0.0	-1.0	0.0	0.0
12:17:29 	177.0	181.5	178.4	175.0	180.4	173.6	-0.1	40.0	0.0	-0.1	-0.1	181.5	173.6	-2.0	-2.4	177.8	177.6	132.6	132.6	131.9	131.2	113.7	177.0	30.6	0.0	80.0	80.0	40.0	0.0	0.0	0.0	0.0	45.9	45.9	-2.3	0.0	0.1	7.9	-48.9	0.0	-1.0	0.0	-1.0	0.0	-1.0	-1.0	0.0	0.0	-1.0	0.0	0.0
12:18:29 	178.0	179.2	176.6	173.0	178.2	171.5	-0.3	40.0	0.0	-0.3	-0.3	179.2	171.5	-1.9	-2.3	175.7	175.4	131.4	131.3	130.7	130.1	113.8	178.0	31.6	0.0	80.0	80.0	40.0	0.0	0.0	0.0	0.0	49.8	49.8	-2.3	0.0	0.1	7.7	-47.8	0.0	-1.0	0.0	-1.0	0.0	-1.0	-1.0	0.0	0.0	-1.0	0.0	0.0
12:19:29 	179.0	177.1	174.3	170.9	176.3	168.8	-0.1	40.0	0.0	-0.1	-0.1	177.1	168.8	-1.9	-2.8	173.5	172.9	130.2	130.2	129.6	129.1	113.7	179.0	32.6	0.0	80.0	80.0	40.0	0.0	0.0	0.0	0.0	47.8	47.8	-2.4	0.0	0.1	8.3	-46.9	0.0	-1.0	0.0	-1.0	0.0	-1.0	-1.0	0.0	0.0	-1.0	0.0	0.0
12:20:29 	180.0	175.1	172.4	168.9	173.1	167.2	-0.2	40.0	0.0	-0.2	-0.2	175.1	167.2	-1.7	-2.2	171.3	171.1	129.2	129.1	128.5	128.0	113.6	180.0	33.6	0.0	80.0	80.0	40.0	0.0	0.0	0.0	0.0	47.8	47.8	-2.4	0.0	0.2	7.9	-45.9	0.0	-1.0	0.0	-1.0	0.0	-1.0	-1.0	0.0	0.0	-1.0	0.0	0.0
12:21:29 	181.0	172.8	170.4	167.0	172.0	165.6	-0.1	39.9	0.0	-0.1	-0.1	172.8	165.6	-1.6	-2.2	169.6	169.2	127.9	127.9	127.4	127.0	113.4	181.0	34.6	0.0	80.0	80.0	40.0	0.0	0.0	0.0	0.0	47.8	47.8	-2.4	0.0	0.2	7.1	-44.9	0.0	-1.0	0.0	-1.0	0.0	-1.0	-1.0	0.0	0.0	-1.0	0.0	0.0
12:22:29 	182.0	171.2	168.3	165.1	169.8	164.0	-0.1	40.1	0.0	-0.1	-0.1	171.2	164.0	-1.5	-2.8	167.7	167.6	126.9	126.9	126.3	126.0	113.5	182.0	35.6	0.0	80.0	80.0	40.0	0.0	0.0	0.0	0.0	49.7	49.7	-2.4	0.0	0.2	7.1	-44.3	0.0	-1.0	0.0	-1.0	0.0	-1.0	-1.0	0.0	0.0	-1.0	0.0	0.0
12:23:29 	183.0	169.1	166.4	163.4	167.9	161.8	-0.2	40.1	0.0	-0.2	-0.2	169.1	161.8	-1.5	-2.4	165.7	165.5	126.1	126.0	125.2	125.2	113.6	183.0	36.6	0.0	80.0	80.0	40.0	0.0	0.0	0.0	0.0	47.7	47.7	-2.5	0.0	0.2	7.4	-43.0	0.0	-1.0	0.0	-1.0	0.0	-1.0	-1.0	0.0	0.0	-1.0	0.0	0.0
12:24:29 	184.0	167.4	164.6	161.4	166.2	160.0	-0.1	40.0	0.0	-0.1	-0.1	167.4	160.0	-1.7	-2.0	163.9	163.7	125.0	124.9	124.2	124.2	113.6	184.0	37.6	0.0	80.0	80.0	40.0	0.0	0.0	0.0	0.0	45.7	45.7	-2.5	0.0	0.2	7.5	-42.4	0.0	-1.0	0.0	-1.0	0.0	-1.0	-1.0	0.0	0.0	-1.0	0.0	0.0
12:25:29 	185.0	165.3	162.8	159.7	164.1	158.3	-0.2	40.0	0.0	-0.2	-0.2	165.3	158.3	-1.7	-2.0	162.0	161.8	124.0	124.0	123.3	123.4	113.5	185.0	38.6	0.0	80.0	80.0	40.0	0.0	0.0	0.0	0.0	47.6	47.6	-2.5	0.0	0.2	7.1	-41.3	0.0	-1.0	0.0	-1.0	0.0	-1.0	-1.0	0.0	0.0	-1.0	0.0	0.0
12:26:28 	186.0	163.6	161.1	157.7	162.2	156.5	-0.1	40.0	0.0	-0.1	-0.1	163.6	156.5	-1.7	-2.6	160.3	160.1	123.1	123.0	122.4	122.6	113.5	186.0	39.6	0.0	80.0	80.0	40.0	0.0	0.0	0.0	0.0	49.6	49.6	-2.5	0.0	0.3	7.1	-40.5	0.0	-1.0	0.0	-1.0	0.0	-1.0	-1.0	0.0	0.0	-1.0	0.0	0.0
12:27:29 	187.0	161.8	159.6	156.3	160.4	155.0	-0.2	40.0	0.0	-0.2	-0.2	161.8	155.0	-1.0	-1.8	158.6	158.4	122.2	122.2	121.5	121.8	113.6	187.0	40.6	0.0	80.0	80.0	40.0	0.0	0.0	0.0	0.0	47.6	47.6	-2.6	0.0	0.3	6.8	-39.6	0.0	-1.0	0.0	-1.0	0.0	-1.0	-1.0	0.0	0.0	-1.0	0.0	0.0
12:28:29 	188.0	159.9	157.6	154.4	158.8	153.5	-0.2	40.1	0.0	-0.2	-0.2	159.9	153.5	-1.6	-2.2	156.8	156.7	121.4	121.3	120.8	121.0	113.5	188.0	41.6	0.0	80.0	80.0	40.0	0.0	0.0	0.0	0.0	49.6	49.6	-2.6	0.0	0.3	6.4	-38.5	0.0	-1.0	0.0	-1.0	0.0	-1.0	-1.0	0.0	0.0	-1.0	0.0	0.0
12:29:29 	189.0	158.3	156.1	152.9	157.1	151.9	0.0	40.0	0.0	0.0	0.0	158.3	151.9	0.0	-1.8	155.2	155.1	120.6	120.6	120.0	120.4	113.7	189.0	42.6	0.0	80.0	80.0	40.0	0.0	0.0	0.0	0.0	45.5	45.5	-2.6	0.0	0.3	6.4	-37.7	0.0	-1.0	0.0	-1.0	0.0	-1.0	-1.0	0.0	0.0	-1.0	0.0	0.0
12:30:29 	190.0	156.3	154.5	151.3	155.5	150.5	-0.2	40.1	0.0	-0.2	-0.2	156.3	150.5	-1.5	-1.8	153.6	153.4	119.9	119.9	119.2	119.7	113.6	190.0	43.6	0.0	80.0	80.0	40.0	0.0	0.0	0.0	0.0	45.5	45.5	-2.6	0.0	0.3	5.9	-36.4	0.0	-1.0	0.0	-1.0	0.0	-1.0	-1.0	0.0	0.0	-1.0	0.0	0.0
12:31:29 	191.0	154.8	153.2	149.8	153.8	148.7	-0.2	39.9	0.0	-0.2	-0.2	154.8	148.7	-1.4	-1.7	152.1	151.8	119.1	119.1	118.5	119.1	113.6	191.0	44.6	0.0	80.0	80.0	40.0	0.0	0.0	0.0	0.0	45.5	45.5	-2.7	0.0	0.3	6.1	-35.7	0.0	-1.0	0.0	-1.0	0.0	-1.0	-1.0	0.0	0.0	-1.0	0.0	0.0
12:32:29 	192.0	153.2	151.5	148.6	152.4	147.5	-0.2	40.1	0.0	-0.2	-0.2	153.2	147.5	-1.2	-1.8	150.7	150.4	118.4	118.4	117.8	118.4	113.6	192.0	45.6	0.0	80.0	80.0	40.0	0.0	0.0	0.0	0.0	45.5	45.5	-2.7	0.0	0.4	5.7	-34.8	0.0	-1.0	0.0	-1.0	0.0	-1.0	-1.0	0.0	0.0	-1.0	0.0	0.0
12:33:29 	193.0	151.8	150.0	146.9	151.0	146.1	-0.2	40.1	0.0	-0.2	-0.2	151.8	146.1	-1.3	-2.8	149.2	149.0	117.8	117.7	117.2	117.9	113.7	193.0	46.6	0.0	80.0	80.0	40.0	0.0	0.0	0.0	0.0	45.4	45.4	-2.7	0.0	0.4	5.7	-34.0	0.0	-1.0	0.0	-1.0	0.0	-1.0	-1.0	0.0	0.0	-1.0	0.0	0.0
12:34:29 	194.0	150.5	148.7	145.7	149.5	144.7	-0.1	40.1	0.0	-0.1	-0.1	150.5	144.7	0.0	-1.6	147.8	147.6	117.1	117.0	116.4	117.3	113.6	194.0	47.6	0.0	80.0	80.0	40.0	0.0	0.0	0.0	0.0	45.4	45.4	-2.8	0.0	0.4	5.8	-33.4	0.0	-1.0	0.0	-1.0	0.0	-1.0	-1.0	0.0	0.0	-1.0	0.0	0.0
12:35:29 	195.0	149.0	147.3	144.2	146.3	143.7	-0.2	39.9	0.0	-0.2	-0.2	149.0	143.7	-1.1	-2.1	146.1	146.3	116.5	116.4	115.8	116.7	113.8	195.0	48.6	0.0	80.0	80.0	40.0	0.0	0.0	0.0	0.0	47.4	47.4	-2.8	0.0	0.4	5.3	-32.5	0.0	-1.0	0.0	-1.0	0.0	-1.0	-1.0	0.0	0.0	-1.0	0.0	0.0
12:36:07 	195.7	148.0	146.2	143.5	146.8	143.0	-0.3	40.0	0.0	-0.3	-0.3	148.0	143.0	-1.0	-1.6	145.5	145.5	116.0	116.1	115.4	116.4	113.7	195.6	49.2	0.0	80.0	80.0	40.0	0.0	0.0	0.0	0.0	45.4	45.4	-2.8	0.0	0.4	5.0	-32.1	0.0	-1.0	0.0	-1.0	0.0	-1.0	-1.0	0.0	0.0	-1.0	0.0	0.0
12:36:29 	196.0	147.6	145.9	143.1	146.7	142.4	-0.2	38.5	0.0	-0.2	-0.2	147.6	142.4	-1.3	-1.4	145.1	145.0	115.3	115.2	114.4	114.8	113.5	196.0	0.4	0.0	80.0	80.0	36.4	0.0	0.0	0.0	0.0	1.6	1.6	-3.8	0.0	0.4	5.2	-32.3	0.0	-1.0	0.0	-1.0	0.0	-1.0	-1.0	0.0	0.0	-1.0	0.0	0.0
12:37:29 	197.0	145.5	143.9	141.3	143.3	140.4	-0.3	29.5	0.0	-0.3	-0.3	145.5	140.4	-1.4	-2.0	142.9	143.0	108.4	108.3	107.7	106.6	112.0	197.0	1.3	0.0	80.0	80.0	26.6	0.0	0.0	0.0	0.0	0.0	0.0	0.0	0.0	0.4	5.2	-37.1	0.0	-1.0	0.0	-1.0	0.0	-1.0	-1.0	0.0	0.0	-1.0	0.0	0.0
12:38:29 	198.0	144.0	142.6	139.5	143.3	138.5	-0.3	22.1	0.0	-0.3	-0.3	144.0	138.5	-1.4	-2.9	141.6	141.3	105.3	105.1	104.5	103.3	111.4	198.0	2.3	0.0	80.0	80.0	16.5	0.0	0.0	0.0	0.0	0.0	0.0	0.0	0.0	0.4	5.5	-38.7	0.0	-1.0	0.0	-1.0	0.0	-1.0	-1.0	0.0	0.0	-1.0	0.0	0.0
12:39:29 	199.0	142.8	141.4	138.5	141.4	137.1	-0.2	15.7	0.0	-0.2	-0.2	142.8	137.1	-0.7	-1.5	140.3	140.0	102.9	102.8	102.1	101.3	111.2	199.0	3.4	0.0	80.0	80.0	6.5	0.0	0.0	0.0	0.0	0.0	0.0	0.0	0.0	0.4	5.7	-39.9	0.0	-1.0	0.0	-1.0	0.0	-1.0	-1.0	0.0	0.0	-1.0	0.0	0.0
12:40:29 	200.0	141.8	140.3	137.4	140.2	135.9	-0.2	10.1	0.0	-0.2	-0.2	141.8	135.9	-1.0	-1.2	139.1	138.9	101.0	100.8	100.2	98.7	110.8	200.0	4.4	0.0	80.0	80.0	0.0	0.0	0.0	0.0	0.0	0.0	0.0	0.0	0.0	0.5	5.9	-40.8	0.0	-1.0	0.0	-1.0	0.0	-1.0	-1.0	0.0	0.0	-1.0	0.0	0.0
12:41:29 	201.0	140.9	139.2	136.3	139.5	135.2	-0.3	5.4	0.0	-0.3	-0.3	140.9	135.2	-0.7	-1.2	138.2	138.1	99.3	99.3	98.5	97.0	110.5	201.0	5.4	0.0	80.0	80.0	0.0	0.0	0.0	0.0	0.0	0.0	0.0	0.0	0.0	0.5	5.7	-41.6	0.0	-1.0	0.0	-1.0	0.0	-1.0	-1.0	0.0	0.0	-1.0	0.0	0.0
12:42:29 	202.0	140.2	138.6	135.6	138.3	134.8	-0.3	1.9	0.0	-0.3	-0.3	140.2	134.8	-0.6	-1.0	137.5	137.5	99.1	99.1	98.4	97.0	110.4	202.0	6.4	0.0	80.0	80.0	0.0	0.0	0.0	0.0	0.0	10.1	10.1	0.0	0.0	0.5	5.4	-41.1	0.0	-1.0	0.0	-1.0	0.0	-1.0	-1.0	0.0	0.0	-1.0	0.0	0.0
12:42:52 	202.4	140.1	138.2	135.2	138.2	134.7	-0.4	1.0	0.0	-0.4	-0.4	140.1	134.7	-0.3	-0.9	137.3	137.4	99.3	99.3	98.6	97.4	110.3	202.4	6.7	0.0	80.0	80.0	0.0	0.0	0.0	0.0	0.0	26.1	26.1	0.0	0.0	0.5	5.4	-41.1	0.0	-1.0	0.0	-1.0	0.0	-1.0	-1.0	0.0	0.0	-1.0	0.0	0.0
