101.9781818182
102.4601457460
103.1990490071
104.2340280561
105.5209947167
106.8971105848
108.3808963381
109.9846383676
111.6138968847
113.2551794498
114.9944033522
116.8144033522
118.7955474586
120.8191400984
122.8840007287
125.0593514301
127.2408234651
129.4472909455
131.8275059209
134.1756968482
136.5059391510
138.9725997449
141.4769065404
144.0181708872
146.6237092367
149.2410493715
151.8711277100
154.5841938422
157.2808416834
159.9322353799
161.7083621789
163.1780105666
164.3468026963
166.7534377847
169.5400145746
172.2648278375
175.0554563673
177.8888650027
180.7936746220
183.6001056659
186.3363344872
188.9723337584
191.4993404992
193.9153507014
194.1995554746
195.5717762798
198.1521187830
200.5590963746
202.8119876116
204.8535252323
206.7388813992
208.5772053197
210.3688795773
210.7629258517
211.2390599381
212.9525778830
214.6016032064
216.2141082164
217.7748660958
219.2906103115
220.7693277464
222.1500892694
223.4643905994
224.7310038258
225.9886099472
227.2097066861
228.3962616141
228.4797522317
228.9702532337
230.0028639096
231.0666460193
232.1027363819
233.0867954090
234.0203097103
234.9393332119
235.8476042995
236.7141410093
237.5635671343
238.3984186555
239.1953907816
239.9632647112
240.6654873383
241.4113499727
242.1735070140
242.8342831117
243.5193259246
244.2225177628
244.8513208235
245.4755474586
246.0948770268
246.6412607032
247.1968008745
247.7711313536
248.2852322827
248.7977555110
249.3235343414
249.8349936236
250.3173583531
250.7306394607
251.1796247040
251.6379049007
252.0819748588
252.4882674440
252.8552960466
253.0862124248
253.2798578976
253.4619274913
253.8681034797
254.2513609036
254.6137219894
254.9491820004
255.2794862452
255.6039533613
255.9110475496
256.2115977409
256.5040918200
256.7935798870
257.0740572053
257.3357624340
257.6002222627
257.8538276553
258.0705337949
258.3181125888
258.5706175988
258.7837711787
259.0066824558
259.2307997814
259.4143486974
259.6038987065
259.7975150301
259.9704062671
260.1339697577
260.2879140098
260.4701876480
260.6432537803
260.8019347786
260.9396283476
261.0758717435
261.2144215704
261.3597303698
261.5006012024
261.6261249772
261.6890435416
261.7339588267
261.7919839679
261.8643723811
261.9424011660
262.0122681727
262.0657096010
262.1103443250
262.1825797049
262.2340134815
262.2671707050
262.3239387867
262.3337766442
262.2887775551
262.2788741119
262.2796356349
262.2926616870
262.3249335034
262.3642484970
262.4116159592
262.4413299326
262.4617708144
262.4688759337
262.4802076881
262.4964037165
262.5271925670
262.5518892330
262.5720568410
262.5827145199
262.5825286938
262.5762944070
262.6236618692
262.6454909820
262.6419384223
262.6910147568
262.7353033339
262.7708289306
262.7671233376
262.7686390964
262.7875860813
262.7811441064
262.7830023684
262.8185279650
262.8674439789
262.9085735107
262.9062051375
262.9200145746
262.9392311897
262.9463363090
262.9664929860
262.9933649116
263.0016542175
263.0099435234
263.0182401166
263.0277136090
263.0243650938
263.0066022955
263.0442229914
263.0686172345
263.0674330479
263.0703443250
263.0750664966
263.0821716160
263.0902167972
263.0880998360
263.0561267991
263.0643978867
263.0871925670
263.1061395518
263.0988231007
263.0826307160
263.1051302605
263.1173000547
263.1219274913
263.1242958645
263.1308981600
263.1415558390
263.1591437420
263.1680488249
263.1656804518
263.1804518127
263.1887229003
263.1828019676
263.1946547641
263.2065148479
263.2100674075
263.2217525961
263.2329969029
263.2341810895
263.2443833121
263.2558061578
263.2522535981
263.2479650210
263.2454727637
263.2667881217
263.2561450173
263.2202004008
263.2332264529
263.2445472764
263.2540207688
263.2489524504
263.2488467845
263.2571360904
263.2457642558
263.2367644380
263.2379486245
263.2362798324
263.2415194024
263.2675715066
263.2762798324
263.2767826562
263.2696775369
263.2578721079
263.2469484423
263.2587903079
263.2720313354
263.2848642740
263.2742065950
263.2727855711
263.2798906905
263.2520167608
263.2390235015
263.2449444343
263.2422080525
263.2512042266
263.2808088905
263.2694807797
263.2585498269
263.2656549463
263.2654436145
263.2625141191
263.2577773729
263.2771324467
263.3053598105
263.3266751685
263.3196064857
263.2986336309
263.3033703771
263.2988231007
263.2871561304
263.2824193842
263.2863727455
263.2993987976
263.2751503006
263.2619821461
263.2667188923
263.2693641829
263.2729677537
263.2788886865
263.2415230461
263.1738240117
263.0530369831
262.9331280743
262.7664091820
262.4182583349
261.5784259428
260.5262816542
259.6594570960
258.8253160867
258.0080670432
257.1199271270
256.1659828748
255.1535033704
254.0456950264
252.9041792676
251.7235452724
250.4991874658
249.2500674075
247.9675933686
246.6084131900
245.2381927491
243.8728256513
242.4491528512
241.0021861906
239.5337948625
238.0485698670
236.5714483512
235.1646347240
233.6865804336
232.2460047367
231.4691783567
230.7334705775
230.0013445072
228.4832173438
226.9739442521
225.4735798870
224.0028675533
222.5186044817
221.0146875569
219.5509236655
218.0746766260
216.5672071416
215.1327017672
213.7028639096
212.2451302605
210.8345163053
209.4293423210
207.9870030971
206.5647950446
205.1554855165
203.7664346876
202.4069630169
201.0675132082
199.7412242667
198.3926179632
197.0250136637
195.6999089087
194.3964037165
193.1174822372
191.8484969940
190.5623720168
189.2491091273
187.9776753507
186.7585388960
185.6335616688
184.5348041538
183.4435889962
182.3541373656
181.2459282201
180.1503188195
179.1425760612
178.1409837858
177.1397485881
176.1154272181
175.1205611222
174.1466496630
173.1614064493
172.2008125342
171.2641209692
170.3009473492
169.3494370559
168.4139296775
167.5424776826
166.6619785025
165.7537074148
164.9054472582
164.0592676262
163.1888905083
162.3545126617
161.5365567499
160.7360466387
159.9175806158
159.0942976863
158.2890508289
157.5292111496
156.7928584442
156.0065585717
155.2416615048
154.4945418109
153.7556094006
153.0483038805
152.3756859173
151.6685042813
150.9572526872
150.2431881946
149.5909928949
148.9368591729
148.2606886500
147.6110439060
146.9642703589
146.3070468209
145.6679577336
145.0489160138
144.4852432137
143.8732264529
143.2399234833
142.6336199672
142.0440189470
141.4665695026
140.8969757697
140.3432975041
139.8044926216
139.2714993624
138.7407287302
138.2125815267
137.6995336127
137.1932993259
136.6959409729
136.1916196028
135.6812825651
135.1602404810
134.6747239934
134.2048496994
133.7513062489
133.3035525597
132.8581053015
132.4116669703
131.9622554199
131.5158899617
131.1168190927
130.8667954090
130.7307341957
130.3849517216
129.9579959920
129.4452432137
128.9538823101
128.4744507196
128.0102495901
127.5470905447
127.0848897796
126.6242412097
126.1865913645
125.7507961377
125.3055419931
124.8751539443
124.4418546183
123.9764693022
123.5593149936
123.1656950264
122.7689925305
122.3616870104
121.9501366369
121.5830388049
121.2084642011
120.8271561304
120.5479212971
120.2793441428
120.0223756604
119.7523337584
119.4711349973
119.1739041720
118.9078484241
118.6495572964
118.3961413737
118.1482565130
117.9025214064
117.6585789761
117.4305593004
117.2060557479
116.9668500638
116.7510256877
116.5488905083
116.3499471671
116.1342430315
115.9062780106
115.6966769903
115.4911823647
115.2898706504
115.0396757151
114.8120823465
114.6178757515
114.4226161414
114.2280633995
114.0350409911
113.8303880488
113.6281836400
113.4387137912
113.2465877209
113.0590963746
112.8921260703
112.8510074695
112.7906758972
112.2495026416
111.8045144835
111.4326653307
111.2005647659
111.0255237748
110.9000000000
