97.7254545455
98.5311386409
99.4796465659
100.6094698488
101.9612351977
103.3856913828
104.9002842048
106.4673310257
108.0786627801
109.7996319913
111.5783967936
113.4031153216
115.3794315905
117.3973729277
119.4529750410
121.6222918564
123.8074986336
126.0100127528
128.3043578065
130.6397777373
133.0358425943
135.5422736382
138.0800765167
140.5694188377
143.1447331026
145.7775478229
148.4557770086
151.1054035343
153.7253343050
156.4505884496
159.1801493897
161.9038513390
164.0326179632
165.7094771361
166.4580287848
168.5744142831
171.3037055930
174.0915357989
176.8471852797
179.5794680270
182.3381490253
185.1415157588
187.9981380944
190.6686208781
193.2645764256
195.7562506832
197.1229112771
198.2254071780
199.5301257060
201.4867954090
203.7611331754
205.8633740208
207.8975368920
209.8738531609
211.6499508107
213.4025469120
215.1281799964
216.4736782656
217.4775951904
217.8355474586
219.1161887411
220.6796902897
222.0881799964
223.4871962106
224.8728766624
226.1496119512
227.4233958827
228.6943013299
229.7951867371
230.8883403170
231.9843505192
233.0118054290
234.0184514484
235.0071925670
235.4368081618
235.7185061031
236.4600619421
237.2828784842
238.1601238841
238.9786336309
239.7894406996
240.5916268901
241.3012497723
242.0225833485
242.7816287120
243.5036545819
244.2070431773
244.8809728548
245.5848096192
246.2870030971
246.8664893423
247.4686755329
248.0889706686
248.6592858444
249.2177117872
249.7610530151
250.2828930588
250.7887411186
251.2667881217
251.7280123884
252.1769101840
252.5978247404
253.0277026781
253.4549353252
253.7953980689
254.1492475861
254.5153616324
254.8242412097
255.1196101293
255.3982765531
255.4624776826
255.5695245036
255.8843359446
256.1974567316
256.4981563126
256.7395117508
257.0020732374
257.2755110220
257.4900491893
257.7330078338
258.0058444161
258.1661359082
258.3727454910
258.6735653124
258.9545673165
259.2113718346
259.4095864456
259.6384004372
259.8796975770
260.1128912370
260.2854071780
260.4128183640
260.5655602113
260.6876589543
260.7727746402
260.7953652760
260.8171506650
260.8521297140
260.9024703953
260.9281071233
260.8476553106
260.8460156677
260.8885953726
260.9585534706
261.0429258517
261.1397012206
261.2091054837
261.2666678812
261.3086427400
261.3626416469
261.4053160867
261.4169757697
261.4294989980
261.4492985972
261.5006012024
261.5337766442
261.5595736928
261.6400255056
261.7052249954
261.7553616324
261.7911932957
261.8333430497
261.8869775915
261.9252213518
261.9676334487
262.0305957369
262.0803825833
262.1243468756
262.1663217344
262.2151466570
262.2685516488
262.3140244125
262.3748005101
262.4529203862
262.5045327018
262.5641136819
262.6433995263
262.6950300601
262.7520094735
262.8511167790
262.9337730005
263.0101002004
263.0998797595
263.0813117143
262.9752085990
262.9444197486
262.8700419020
262.7382874841
262.6677464019
262.6232464930
262.6162506832
262.6189542722
262.6195044635
262.5985170341
262.5990854436
262.6089050829
262.5832537803
262.5636509382
262.5496593186
262.5379049007
262.5421023866
262.5700856258
262.5951284387
262.6140389871
262.6187028603
262.6208416834
262.6199234833
262.6082638003
262.6085589361
262.6163126253
262.6151466570
262.6297941337
262.6612752778
262.7100127528
262.7315868100
262.7036035708
262.7122827473
262.7268937876
262.7327236291
262.7545855347
262.7882164329
262.8523446894
262.8800000000
262.8803935143
262.9223683731
262.9486026599
262.9555984697
262.9864784114
263.0287884861
263.0882528694
263.1567170705
263.2248679177
263.2820003644
263.3497941337
263.4212825651
263.4737511386
263.4346292585
263.3157004919
263.1490253234
263.0068099836
262.9007068683
262.9044233922
262.9009619238
262.8368336673
262.7950628530
262.7639497176
262.7452942248
262.7403461468
262.7429440700
262.7312843870
262.6968883221
262.6397558754
262.6034614684
262.5938203680
262.6253015121
262.6088686464
262.5857241756
262.5728985243
262.5666314447
262.5648096192
262.5729713973
262.5831772636
262.5944871561
262.5921552195
262.6006813627
262.6216687921
262.6046165057
262.6078957916
262.6568664602
262.6479905265
262.6373364912
262.6734815085
262.6932519585
262.7088650027
262.7566697030
262.8038331208
262.8504718528
262.8844051740
262.9242521406
262.9720568410
263.0066460193
263.0509528147
263.1209109127
263.1610129350
263.1865840772
263.1924139187
263.1590417198
263.1047367462
263.0709236655
262.9661687010
262.7947713609
261.7760065586
260.8114847878
259.9883111678
259.2168919657
258.4532446712
257.6837055930
256.8555037347
255.9800036437
254.9761049371
253.9407250865
252.8815157588
251.7551903808
250.6451375478
249.5526252505
248.3128548005
247.0276370924
245.6844416105
244.4648533430
243.2343559847
241.8760029149
240.5415886318
239.2085953726
237.8082674440
236.4316815449
235.0734304974
233.7314009838
232.3414355985
230.8921370013
229.5038914192
228.1195591182
226.7273929678
226.3525705957
226.0198797595
224.6906758972
223.3213044270
221.9293532520
220.5278593551
219.1430898160
217.7730770632
216.3679358717
214.9843833121
213.6330260521
212.2816687921
210.9251739843
209.5563271999
208.2046055748
206.8666278011
205.5642412097
204.2539588267
202.9392712698
201.6333867735
200.3275022773
199.0216177810
197.7692949535
196.5170158499
195.2589360539
194.0218582620
192.7827764620
191.5246966661
190.3800655857
189.2791364547
188.1481472035
187.0625651303
186.0082674440
184.8901038441
183.8102277282
182.7748478776
181.7605283294
180.7544798688
179.7599089087
178.7900309710
177.8203825833
176.8281435598
175.8770377118
174.9474621971
174.0251812716
173.0977992348
172.1661905629
171.2104026234
170.2887520496
169.4131098561
168.5232865731
167.6446675169
166.7958425943
165.9251557661
165.0560721443
164.2247367462
163.3970814356
162.5740899982
161.7835634906
160.9864638368
160.1831116779
159.3986518492
158.6155802514
157.8332155220
157.0800364365
156.3336126799
155.5897249044
154.8433339406
154.1057861177
153.4213627255
152.7209327746
152.0105665877
151.3226452906
150.6458735653
149.9812716342
149.3145272363
148.6547167061
148.0076042995
147.3688868646
146.7378793952
146.1245800692
145.5065148479
144.8870723265
144.2737730005
143.6840845327
143.1127527783
142.5390963746
141.9411222445
141.3126653307
140.7429841501
140.1874294043
139.6452541447
139.1111131354
138.5770267808
138.0336855529
137.5318272909
137.0488394972
136.5264856987
136.0219894334
135.5334487156
135.0471670614
134.5518892330
134.0435270541
133.5767899435
133.1173984332
132.6580069229
132.1952049554
131.7305483695
131.2629950811
130.8275787940
130.4116888322
129.9814465294
129.5644452541
129.1610202223
128.7565057388
128.3414210239
127.9088467845
127.6988048825
127.5217380215
127.2943742030
126.9012534159
126.4366733467
125.9761158681
125.5310621242
125.0969721261
124.6445764256
124.2028930588
123.7738167244
123.3604809619
122.9516742576
122.5482492257
122.1293386774
121.7094552742
121.3013663691
120.9010020040
120.5075787940
120.1402987794
119.7565348880
119.3589396976
119.0106977592
118.6563016943
118.2925195846
117.9680998360
117.6876407360
117.4929240299
117.2285407178
116.9433885954
116.6705520131
116.4196866460
116.1815886318
115.9402331937
115.7006595008
115.4628019676
115.2105447258
114.9670941884
114.7385644015
114.5332956823
114.3257751867
114.0995773365
113.8875022773
113.6802331937
113.4680269630
113.2655128439
113.0699107306
112.8821898342
112.6994534524
112.5222262707
112.3407287302
112.1521916560
111.9516451084
111.9202004008
111.8197085079
111.3591510293
110.9594753143
110.5988048825
110.3131426489
110.1057460375
109.9600000000
