73.2727272727
73.2727272727
73.2752171009
73.3337341349
73.6672010688
73.9064371167
74.0849031396
74.2046092184
74.3262646505
74.4808647598
74.6650391692
74.8018461165
74.9471063339
75.0936418291
75.2304487763
75.3461225481
75.4720410518
75.6195360418
75.7712576668
75.8839679359
75.9732373839
76.0950810712
76.2216432866
76.3573814295
76.5091516366
76.5242424242
76.5810226514
76.6997085079
76.8343778466
76.9288941519
77.0202647720
77.1741725876
77.3159227546
77.3670796138
77.2837128803
77.6912673833
78.1927855711
78.7969028967
79.6284326228
80.5404870347
81.3946316876
82.0487399041
82.4215339770
82.7522195907
83.0728062185
83.3549705472
83.6439363576
83.9321127103
84.2035889962
84.5624035951
84.9109248801
85.2080524686
85.5278921479
85.7465658590
85.8890569017
86.0835792798
86.4168093763
86.7881702800
87.1173619967
87.5422542054
87.9391449566
88.2890326107
88.6716645412
89.0529604664
89.4405477622
89.8552438210
90.2142284569
90.5902046517
91.0198639704
91.4229975102
91.8168336673
92.2078217040
92.6289305884
93.0185401105
93.4135847452
93.8560697152
94.2781806036
94.7057873322
95.1425942795
95.5359142527
95.9200522257
96.2242424242
96.2242424242
96.8765045242
97.5956762009
98.1044270359
98.7280986215
99.5946195421
100.7491103419
102.5233254388
104.5675897249
106.7493107427
108.9745612437
111.0517519888
113.1478107731
115.2998299630
117.4246128621
119.7360721443
122.1652820793
124.5700916985
127.0421266776
129.6025505557
132.2895245036
135.0740997146
137.8053622396
140.4826076395
143.1888200644
146.0488795773
148.9576547033
151.7985364669
154.7115625190
157.6734742212
160.6845023380
163.8438877756
165.6883524625
166.8254873383
168.9310317605
171.8410214368
175.0284386956
178.2498147811
181.4475800085
184.7282200765
188.0784235137
191.2741482966
194.2429647173
196.5831116779
197.3761644501
198.8489160138
200.7591000182
203.0933685553
205.0865913645
206.9413311471
208.5138883828
209.1423452967
209.9124066314
210.9615716281
212.4856865246
214.2021861906
215.8664844841
217.4537074148
219.0013360053
220.2375417502
221.3692840226
222.6881884982
224.0193781502
224.8401591061
224.9021497541
226.1779134026
227.4189409121
228.6173802150
229.7994777434
230.9079370863
231.9942855408
233.0908787272
234.1299022287
235.1469727333
236.1505799478
237.2022833546
238.1671403413
239.0866035101
240.0143256209
240.9264711241
241.8064614077
242.6422663509
243.4010020040
244.2017550252
245.0316086719
245.8246614441
246.6007469484
247.3364972369
247.9948806704
248.1625371956
248.5478411368
249.2528633024
249.9903382523
250.6303091031
251.2314143438
251.8962106030
252.4500880549
253.0215096860
253.6670674683
254.2220440882
254.7315722354
255.2044816907
255.6662051375
256.1051557661
256.5166757758
256.8843444465
257.2407906723
257.4655978624
257.5420902411
257.7622639218
258.0063763891
258.2624035951
258.5082285784
258.7254569746
258.9309953240
259.1297929192
259.3224873990
259.5125888140
259.6929798992
259.8148235866
259.9411489646
260.0760187041
260.2277889112
260.3684824194
260.4654764074
260.5122487399
260.6234043845
260.7632841440
260.9041233983
260.9725268719
261.0823768750
261.1782048946
261.2273698913
261.3086961802
261.4021193903
261.4991073055
261.5482723022
261.6018461165
261.6580008502
261.7157162810
261.7734317119
261.8460132386
261.9372745491
261.9907147629
262.0633752353
262.1306127406
262.1156494808
262.1627618874
262.2208781199
262.2636302909
262.3262403595
262.3838100443
262.4248922087
262.3671767778
262.3427035890
262.3441003219
262.3740268416
262.4488917228
262.5195906965
262.5729094553
262.6049735835
262.6156676990
262.6135786725
262.6221291067
262.6419444951
262.6504099107
262.6290338252
262.6782716949
262.6964413676
262.6831906237
262.7366308374
262.7289670250
262.7063399526
262.7319912552
262.7345903929
262.7298111374
262.7212607032
262.7339648995
262.7332300966
262.7225420538
262.7118540111
262.7281107670
262.7413007834
262.7284751321
262.5567984454
262.4459828748
262.4245582073
262.5143377664
262.6055140584
262.6752535374
262.6731159288
262.6482419384
262.5592336188
262.3818121091
262.4166089755
262.4780470031
262.5552438210
262.6215096860
262.6550009109
262.6042327078
262.3947470699
262.3459464383
262.3915163661
262.5165846845
262.5914009838
262.6332786786
262.6457581830
262.6201068804
262.5789336248
262.5573389203
262.5723021801
262.5872654400
262.6045970729
262.6226695816
262.6333576243
262.6240723872
262.6217768871
262.6538410154
262.6764620149
262.6749316815
262.6494139795
262.6686524564
262.6717131232
262.6684884921
262.6770389263
262.5699641708
262.4565798263
262.3817635271
262.4239448594
262.4964899496
262.5852007044
262.6365033096
262.5411307463
262.3875630048
262.2400680148
262.2957855104
262.4036375782
262.5349911945
262.5798809741
262.5718163600
262.5049007105
262.3338920265
262.3221108884
262.3338070080
262.3102933139
262.3557417866
262.1834638975
261.7898038501
261.1934110646
260.5836278618
259.9733527661
259.3769599806
258.6572842655
257.8418837675
256.9290216797
255.9307584867
254.9662840833
253.9902350155
252.8722657436
251.6865731463
250.4657800449
249.2174166515
247.8949049614
246.5263314508
245.1191291674
243.7061699156
242.2010080768
240.6699338070
239.1842958645
237.6332908241
236.0633145078
234.4826805125
232.8367219287
231.2698305702
229.7319183822
228.0816845813
227.0791947531
226.2723811259
225.4515394425
223.7873383130
222.1634906176
220.6216918686
218.8603024230
217.2198093156
215.6357927977
214.0454120362
212.3941215765
210.7634177446
209.1769721261
207.4711605028
205.8666788122
204.3275642193
202.7564219348
201.1596283476
199.5763101961
198.0372320398
196.4961984575
194.9794255177
193.4872047125
191.9930163357
190.5016578612
189.0185340378
187.5564097893
186.0483391024
184.6434444647
183.4014938969
182.2231250380
181.0170887229
179.7911034190
178.5705289367
177.3594279468
176.1612862088
174.9834638975
173.8635756361
172.7529969029
171.6476103723
170.5681180543
169.4510779134
168.3442460679
167.3374324406
166.2295317909
165.1531487217
164.1591607457
163.1232707840
162.1418412583
161.1972368980
160.2160745734
159.2566769903
158.3008076760
157.3346086112
156.3893848303
155.4548126556
154.5312928888
153.6420477318
152.8183882917
152.0056962410
151.1014878241
150.2539928342
149.3980263557
148.5066435902
147.7374385134
146.9521467177
146.1522560272
145.3634784721
144.6160199186
143.8824072387
143.1427946803
142.4050646748
141.6784781685
140.9646140766
140.2527904293
139.5691504221
138.9008684035
138.2275217101
137.5592579098
136.9051496933
136.2724175624
135.6355923969
135.0285844416
134.4427157345
133.8249468634
133.2267565434
132.6306431044
132.0192870590
131.4395214672
130.8731948746
130.3188741119
129.8058480598
129.4035161232
129.0981053015
128.9057205320
128.3726543997
127.7620756665
127.1827837493
126.6297807737
126.0635938544
125.4857229611
124.9192566952
124.3542721807
123.8023137183
123.2828748406
122.7395943402
122.2271937815
121.7582801968
121.2559421874
120.7626586506
120.2788911156
119.8107548430
119.3376814235
118.8736746220
118.4290520435
117.9964170766
117.6276188741
117.3132021619
116.9583591425
116.6239205684
116.3069107913
116.0119208113
115.6843565920
115.3527236291
115.0236047853
114.7008258942
114.4135847452
114.1465172770
113.8600777312
113.5444525414
113.2413979474
112.9806097043
112.7474524807
112.6171190867
112.5457096010
112.0668852857
111.5880609704
111.1303151758
110.7348575940
110.4018886257
110.1089208720
109.8545454545
