71.4969696970
71.4969696970
71.4969696970
71.5977166454
72.0555413858
72.3504949293
72.5420659501
72.6485759398
72.8317058359
72.9975648266
73.1568895366
73.3225784903
73.4537256331
73.6015485516
73.7687556932
73.9104633509
74.0661079735
74.2071840651
74.3052893666
74.4743851339
74.6240541689
74.7556324771
74.9038804882
75.1118115018
75.2545454545
75.2545454545
75.3999028360
75.5417137305
75.6834335337
75.8425821340
75.9451812716
76.0565737536
76.1942065950
76.2029270663
76.4057934050
76.7875083500
77.3783202769
78.1980627923
79.1266897431
80.1186494201
80.9122123034
81.4467358960
81.8358049432
82.1562822615
82.4926458979
82.8362421813
83.1779255481
83.4722414526
83.8182486184
84.1754417927
84.5199004069
84.8182668367
84.9940061942
85.1137669278
85.3906418898
85.8037651060
86.2117689925
86.5594522378
86.9998360357
87.3914677841
87.7755450295
88.2333697698
88.6416772940
89.0298172102
89.4064006801
89.8075423574
90.2189287666
90.6408513998
91.0768749620
91.5711969393
91.9906418898
92.3375478229
92.7561304427
93.2234711848
93.6944616506
94.1348454485
94.5095463655
94.9270601810
95.3672071416
95.7269265804
95.8578733224
96.2139491103
97.0445739965
97.7627801057
98.4603631505
99.2141495111
100.2257241756
101.8105665877
103.7259185037
105.9108459343
108.0560818607
110.2212121212
112.3958280197
114.5672253598
116.8222566345
119.1914860023
121.6726847635
124.1776401287
126.7269751624
129.3618084654
132.1436387927
134.8671767778
137.6646565859
140.5336794802
143.4157952268
146.4077670493
149.4296350276
152.4403777251
155.4956276189
158.5749984818
161.6883646080
164.8756968482
167.1133479079
168.8184854558
170.1426671525
173.4172041052
176.7510171859
180.1229975102
183.5065403534
186.9383980081
190.2435416287
193.3720531973
196.2498087083
198.1545272363
199.4948988887
200.5653367341
202.8812473432
205.2199611344
207.4064431894
209.2639035647
210.6773607822
211.5732009473
211.7868524929
213.5519341714
215.3315722354
217.0332179511
218.5941823040
219.9077123945
221.2330479140
222.6829234226
224.1675836522
225.5974676626
226.9509625311
228.1587477986
228.8672010688
229.4590392907
230.0610372260
231.2143195482
232.3199064796
233.4030303030
234.4909090909
235.5171858869
236.5105787332
237.4807979596
238.4705714459
239.4276978199
240.3505556568
241.2291431348
242.1199368434
243.0033157224
243.8740450598
244.7133904172
245.5128013603
246.2949413979
247.0688832210
247.7999514180
248.4966599866
249.1623367948
249.7967510779
250.4311653610
251.0452723629
251.6226149268
251.9365518917
252.2280439667
252.5723082529
253.1086172345
253.6223355803
254.1283536771
254.6299629562
255.1335701706
255.5630837432
255.9525839558
256.3253841015
256.7161110099
257.0856986701
257.4310196150
257.7536770511
258.0503916925
258.3235136941
258.5698670067
258.8267261796
259.0264346876
259.1653670978
259.2242302787
259.3852067772
259.5638914192
259.7295803729
259.8952693265
260.0541567984
260.2084350519
260.3610432987
260.5026112832
260.6460982571
260.7907147629
260.8822797109
260.9797230825
261.0818667638
261.1886925366
261.2838221898
261.3500880549
261.3960527115
261.4941580130
261.5717374142
261.6305702314
261.6676322342
261.5111799356
261.4943705593
261.6187222931
261.8432744276
261.9884799903
262.0267626161
261.9308374324
261.9368069472
262.0263678873
262.1679176535
262.3009048400
262.3853585960
262.3628529787
262.2226695816
262.2553713488
262.3494382705
262.4753081921
262.5995749074
262.6704499909
262.6163842837
262.4541325074
262.4497722718
262.5606424971
262.7115564462
262.8445436327
262.8868039109
262.8797109370
262.8326349669
262.7650513148
262.7846905933
262.8382218983
262.9014453149
262.9944252141
263.0091030546
262.9519523896
262.8298657922
262.8341410093
262.8961680938
262.9959616202
263.0766259792
263.0963684946
263.0543875630
262.9301208478
262.9699155888
263.0364850914
263.0992651971
263.1297868464
263.0751563734
262.9891358475
262.9215521953
262.9506771118
263.0045241999
263.0737474950
263.1544118540
263.0843748102
262.9879698792
262.9443675229
262.9840833182
263.0363150544
263.0967085687
263.1642922208
263.1394000121
263.0702860266
262.9729094553
263.0056112224
263.0074451934
263.0106637517
263.0847877573
263.1060788243
263.1305823769
263.1605878424
262.9970790065
262.9511325682
262.9840529544
263.0690775490
263.1270662537
263.0983360661
262.9875083500
262.8981235198
262.9257909759
263.0055990769
263.0971640250
263.0907876359
263.0122426672
262.9068014818
262.9504038380
263.0173862877
263.0488795773
263.0096374567
263.0155401713
263.0454727637
263.0732798931
263.0318576547
262.9673043056
262.9365640372
262.9591546730
263.0027570292
263.0167729398
262.9995081071
262.9384648084
262.9265257788
262.9502034372
263.0001882553
263.0023683731
263.0030303030
263.0083743244
263.0258152669
263.0552438210
263.0467419688
263.0079006498
262.9991801785
262.9693022408
262.8444039594
262.5609886440
261.9994170158
261.4118843748
260.8095038562
260.1947106334
259.5538653064
258.7884496265
257.8512175867
256.9268476347
255.9464565495
254.9280561122
253.8946802696
252.7173073420
251.5098985850
250.2887168276
248.9414040202
247.6014696059
246.2231493290
244.7406692172
243.2875204955
241.7736381855
240.2004736746
238.6504099107
237.0559664784
235.4632294893
233.9066253720
232.2612376268
230.5938847392
228.9162931924
227.2550434202
226.7560818607
226.0864577640
224.6192384770
222.9128742333
221.2429100625
219.5822372017
217.8686646019
216.1911641465
214.5354952329
212.8948199429
211.1856075788
209.5193902957
207.8866581648
206.2842715734
204.6168458128
203.0019736443
201.4429829356
199.8013542236
198.1998299630
196.6294224813
195.0902593065
193.5450294528
191.9922936783
190.4383372806
188.9122548127
187.4208599016
185.9910609097
184.6481083379
183.4032064128
182.1451630534
180.8888382826
179.6832331329
178.4476893180
177.2396368495
176.0799963563
174.9267140341
173.7831663327
172.6494686342
171.5288880792
170.3914738568
169.2798384648
168.2013602964
167.1309224510
166.0904839983
165.0616991559
164.0283233133
163.0088054898
161.9895609401
160.9745733892
159.9957004919
159.0216554321
158.0561547337
157.1034432501
156.1883342442
155.2699095160
154.3504402745
153.4435112650
152.5640796745
151.6937693569
150.8263193053
149.9869739479
149.1584137973
148.3389992105
147.5279953847
146.7188194571
145.9178174531
145.1271998543
144.3488977956
143.6230643104
142.9147446408
142.1844051740
141.4715005769
140.7564340803
140.0419687861
139.3683123823
138.6805550495
137.9937268476
137.3200704439
136.6341349365
135.9808951236
135.3552013117
134.7295074998
134.1105180057
133.4927187709
132.8735653124
132.3212424850
131.7435598470
131.1502095099
130.5637578187
129.9898038501
129.4363818546
128.9210663752
128.7619177749
128.4598591122
128.0217829599
127.4157102083
126.8115321552
126.2139066011
125.6254266108
125.0607760976
124.5067954090
123.9533612680
123.3908908727
122.8544725815
122.3272666545
121.8037893970
121.2653002976
120.7643833121
120.2705532277
119.7669460132
119.3140584199
118.8400376511
118.3627254509
117.9419627133
117.4950567802
117.1031881946
116.7985364669
116.4126556143
116.0830448776
115.7808040323
115.4603267140
115.1361450173
114.8143134754
114.4966235501
114.1870468209
113.8878423514
113.5853160867
113.2626586506
112.9733466934
112.6933078278
112.4162628287
112.1219469242
111.9437784660
111.8034250319
111.6529969029
111.1857351066
110.6968664602
110.2197182243
109.8185765470
109.5177567256
109.3158073723
109.2242424242
