99.3109090909
99.9292840226
100.8001093095
101.9510730552
103.3426270723
104.7906175988
106.2978320277
107.9374275824
109.5822444890
111.2097977774
112.9972490435
114.8528985243
116.7914264893
118.8365931864
120.9370194935
123.1126507561
125.3209072691
127.5582218983
129.8601493897
132.2350409911
134.6499617417
137.1008234651
139.6456622336
142.2432173438
144.8322900346
147.4192749135
150.0181344507
152.8335871743
155.6262160685
158.3818181818
158.3818181818
159.6935361632
162.4255857169
165.2644962653
168.0901803607
170.8913353981
173.6817416651
176.4871160503
179.3192494079
182.2222882128
185.0582619785
187.7283548916
188.6819056294
189.6874913463
191.9929932592
194.4896411004
196.9857241756
199.2495245036
201.3495572964
203.3345600291
205.1074731281
205.8542976863
206.1997485881
207.8404080889
209.5661577701
211.3489196575
213.1015777009
214.7490654035
216.3053160867
217.7803607214
219.2362871197
220.6720131171
222.0779923483
223.4035780652
224.6260302423
225.8300856258
227.0177081436
228.1817781017
229.1193587174
229.7796647841
229.9548114411
230.7835051922
231.7871524868
232.8320750592
233.8321807251
234.7830169430
235.6158571689
236.4528693751
237.2850209510
238.0856913828
238.9010384405
239.7112297322
240.4273055201
241.1725122973
241.9330807069
242.6360502824
243.3072399344
243.9521333576
244.6134013482
245.2388850428
245.8274731281
246.3987903079
246.9716050282
247.5470869011
248.0604700310
248.5791437420
249.1153069776
249.6226999453
250.1058626344
250.5502823829
250.9560794316
251.3691054837
251.8230570231
252.2336345418
252.6209801421
252.9772308253
253.1600947349
253.2986336309
253.5631408271
253.8884678448
254.2408599016
254.5589834214
254.9051011113
255.2636800874
255.5496338131
255.8034505374
256.0323337584
256.3135215886
256.5899580980
256.8616141374
257.0834468938
257.3065294225
257.5329094553
257.7450318819
257.9512224449
258.1501985790
258.4195409000
258.6440371652
258.7619930771
258.9908544361
259.2169466205
259.3754126435
259.5739588267
259.7751867371
259.9455674986
260.1083075241
260.2604080889
260.3795554746
260.5380542904
260.7116451084
260.8522390235
261.0225614866
261.1998068865
261.2415084715
261.2997886682
261.3670869011
261.3015558390
261.2474476225
261.2045545637
261.1593295682
261.1577336491
261.2089670250
261.2568883221
261.3050245946
261.3538750228
261.4141883768
261.4802987794
261.5541701585
261.5741337220
261.5987320095
261.6618801239
261.7167644380
261.7528657315
261.7385680452
261.7850646748
261.8588048825
261.9469739479
262.0097249044
262.0530624886
262.0554454363
262.0929823283
262.1488577154
262.1667298233
262.1805793405
262.1930952815
262.2526689743
262.3116341774
262.3700163964
262.4084532702
262.4465804336
262.4847075970
262.5072763709
262.5403534341
262.5903953361
262.6603752960
262.7216432866
262.7621533977
262.8549972673
262.9388158134
262.9769429769
263.0705993806
263.1715503735
263.2466132265
263.3700346147
263.4751102204
263.4322171616
263.3412279104
263.2160029149
263.0277500455
262.9186409182
262.8651047550
262.8805939151
262.8405101111
262.7604408818
262.7282710876
262.7053379486
262.6910402623
262.6920896338
262.6805429040
262.6543304791
262.6012716342
262.5769611951
262.5960247768
262.6108617234
262.6118309346
262.5891929313
262.6202696302
262.6579231190
262.6865184915
262.6731390053
262.6612789215
262.6874913463
262.7197995992
262.7477609765
262.7501439242
262.7776024777
262.8152814720
262.8438768446
262.8552924030
262.8605720532
262.9022736382
262.9391801785
262.9720750592
262.9959045363
263.0359336856
263.0907414830
263.0837821097
263.1142284569
263.1869083622
263.2449517216
263.3211113135
263.4235780652
263.4653998907
263.5043250137
263.5507924941
263.6353361268
263.6775405356
263.6120094735
263.5483585353
263.4504281290
263.2550264165
263.1729021680
263.1374858809
263.1255711423
263.0932519585
263.0530661323
263.0208963381
262.9736418291
262.9270796138
262.9592494079
262.9498815813
262.9120714156
262.9001566770
262.9021096739
262.9163344872
262.9068026963
262.8682820186
262.7979850610
262.7650828931
262.7482856622
262.7506686099
262.7701912917
262.7894151940
262.8049043542
262.8092913099
262.8193259246
262.8455383494
262.8850136637
262.9291892877
262.9768482419
262.9899763163
262.9997048643
263.0402149754
263.0947239934
263.1519475314
263.1912661687
263.2252541447
263.2609509929
263.3336308982
263.4056112224
263.4702495901
263.4297394790
263.4128220077
263.4163199126
263.4115540171
263.3785789761
263.3154308617
262.7242484970
261.9810092913
261.0683403170
260.2246966661
259.4230715977
258.6784004372
257.8168227364
256.8793805793
255.8273091638
254.7618728366
253.6619675715
252.4800255056
251.2713026052
250.0413809437
248.7688868646
247.4731317180
246.1474840590
244.7260557479
243.3077026781
241.8886245218
240.4517070505
239.0211513937
237.5915904536
236.1153543451
234.6333139005
233.1458626344
231.6267334669
230.4649735835
229.6762178903
228.9735434505
227.9474549098
226.5010056477
224.9622627072
223.4397886682
221.9575951904
220.4334232101
218.9424922572
217.5317872108
216.0402805611
214.5345199490
213.0416032064
211.6134851521
210.2088139916
208.8124066314
207.2215740572
205.5899544544
204.1494625615
202.7438950629
201.3573182729
199.9728256513
198.6076152305
197.2720823465
196.1485224995
194.9193040627
193.6038221898
192.3384769539
191.0477500455
189.7311714338
188.4492439424
187.2265257788
186.0767535070
184.9488431408
183.8336272545
182.7350883585
181.6241756240
180.5319657497
179.4798943341
178.4568992531
177.4385170341
176.4150409911
175.4024521771
174.4011295318
173.4253124431
172.4621752596
171.5013882310
170.5279540900
169.5427691747
168.5599234833
167.6329568227
166.7081544908
165.7899726726
164.9321114957
164.0656768082
163.1921297140
162.3116305338
161.4299362361
160.5470541082
159.7408854072
158.9393186373
158.1410311532
157.3515467298
156.5651594097
155.7823610858
155.0089087265
154.2487739115
153.5112515941
152.7600582984
152.0135507378
151.2855602113
150.5850063764
149.8878666424
149.1753652760
148.5097576972
147.8584951722
147.1888868646
146.5200692294
145.8575551102
145.2320313354
144.5984915285
143.9588413190
143.3082965932
142.6937584259
142.1070723265
141.5065695026
140.9223975223
140.3540644926
139.7775441793
139.2041282565
138.6346037530
138.0540025506
137.4821825469
136.9245727819
136.4014720350
135.8911422846
135.3954891601
134.8988522500
134.3959373292
133.8788376754
133.4142831117
132.9535871743
132.4579340499
131.9674403352
131.4870978320
131.0402951357
130.5655638550
130.0861359082
129.6607797413
129.2324795045
128.8168956094
128.5452395700
128.3484059027
128.1929458918
127.6496338131
127.1528438696
126.7000838040
126.2249626526
125.7600182183
125.3072581527
124.8344288577
124.3748697395
123.9364073602
123.5116341774
123.0801348151
122.6333321188
122.2113062489
121.7946547641
121.3788303880
120.9342029514
120.4965640372
120.1033776644
119.7049881581
119.3147531426
118.9644598287
118.6093350337
118.2663545272
118.0054217526
117.7452322827
117.4844416105
117.2139770450
116.9312479504
116.6423975223
116.4172089634
116.1746766260
115.9161267991
115.6800765167
115.4469520860
115.2169976316
115.0016323556
114.7886536710
114.5777627983
114.3594498087
114.1428201858
113.9307378393
113.7565931864
113.5827254509
113.3932811077
113.1691892877
112.9399963563
112.7231481144
112.5718855894
112.4258152669
112.2089670250
112.0343705593
111.8752049554
111.6929094553
111.6104427036
111.5458553471
111.1300309710
110.7417525961
110.3770559300
110.0756130443
109.8556421935
109.7090909091
