107.6846153846
108.9432326191
110.2968860799
111.7760983505
113.3323955604
114.9498150146
116.6851626330
118.4612841067
120.2741560043
122.2031370433
124.2002158162
126.2468745183
128.3719400339
130.5364074302
132.7497109604
135.0361299522
137.3675158008
139.7769038076
142.1745182673
144.6070988130
147.2309542161
149.7870895637
152.3018190227
154.9281254817
157.5589640820
160.1950747649
161.4302296901
162.6901842146
164.3520001542
166.8074032681
169.5091259442
172.1599429628
174.8470171111
177.5596076769
180.3317519655
183.0880800062
185.8271350393
188.1151148451
189.7514028056
190.2085247418
192.1895791583
194.6649067365
197.2997918915
199.7433443811
202.0460035456
203.9088060737
205.7213889317
207.4824726376
208.1377138893
208.8794897487
209.9420225066
211.4361877601
213.0310043163
214.5653653461
216.0385964236
217.4742562047
218.8591028210
220.1958763681
221.4863573300
222.7065477108
223.8954408818
225.0388584862
226.1753969477
227.2988284261
228.3846462155
229.4151687991
230.4132572838
231.3691691074
232.3025551102
233.2155734546
233.4912555881
233.8921188531
234.5379720980
235.3281139201
236.1550100200
236.9957222137
237.7989748728
238.5806266379
239.3306497611
240.0733813781
240.8099236935
241.5631378141
242.2754008016
242.9261561585
243.5932518884
244.2581123786
244.9076422075
245.5239556035
246.1232233698
246.7053491599
247.2908856174
247.8791390473
248.3899452752
248.9054031139
249.4287035610
249.9051795899
250.3822491136
250.8822645291
251.3448281178
251.7909318637
252.2296708802
252.6417565901
253.0337367042
253.3658547865
253.5676738092
253.5995375366
253.9228495452
254.2855749961
254.6336249422
254.9798944042
255.3251079081
255.6682557423
255.9789733313
256.2669030368
256.5512255280
256.8327925081
257.1109873593
257.3632842608
257.6113033760
257.8576344998
258.1348890088
258.4233120086
258.7137621397
258.9501965469
259.1517766302
259.3699206105
259.5578349006
259.7110258979
259.7455950362
259.8117195930
259.9710382303
260.1740095576
260.3724294743
260.4913056883
260.6481424387
260.8273701249
260.9891398181
261.1514991522
261.3144943734
261.3925504856
261.4418221058
261.4516263296
261.4936642516
261.5609179898
261.6895984276
261.7653422229
261.8110104825
261.8612571296
261.8993255742
261.9250616618
261.9803568676
262.0423500848
262.1122051796
262.1491714198
262.1878796054
262.2638623401
262.3318675813
262.3914868198
262.4049676276
262.4385501773
262.4912478804
262.5346963157
262.5826344998
262.6390087868
262.7042623709
262.7572144289
262.7633420688
262.8144057345
262.8844727917
262.9224641591
262.9895907199
263.0827308463
263.0971173115
263.1191382766
263.1583551719
263.1975720672
263.2417219053
263.3005472483
263.3468282719
263.3842184369
263.3976992446
263.4538500077
263.5457646061
263.5815284415
263.6019230769
263.6019230769
263.6337020194
263.6703830738
263.7034723293
263.7160282103
263.7257091105
263.7759557577
263.8159125944
263.8477763219
263.8844959149
263.9150647449
263.9371242485
263.9811160783
264.0185062433
264.0295359951
264.0659357176
264.1096693387
264.1366309542
264.1903923231
264.2635386157
264.2757938955
264.2928703561
264.3161553877
264.3373130877
264.3500924927
264.3439648528
264.3566132265
264.3801526129
264.4242716202
264.4589717897
264.4861877601
264.4702558964
264.4820718360
264.5274163712
264.5370240481
264.5461654077
264.5645483274
264.5747109604
264.5762370896
264.5505010020
264.5098890088
264.4591336519
264.3954061970
264.3460343764
264.3129451210
264.1784530600
264.0662016340
264.0220826268
264.0040773855
263.9912170495
263.9654809619
263.9389818098
263.9128718976
263.9018421458
263.8985278249
263.9034299368
263.8814166795
263.8573300447
263.8340450131
263.7736357330
263.7162902729
263.7113881609
263.6900570372
263.6650146447
263.7152612918
263.7005549561
263.6208956374
263.6131031293
263.6040041622
263.5831701865
263.6089525204
263.6288846925
263.5859912132
263.5671458301
263.5611222445
263.5562201326
263.5487898875
263.5389856636
263.5291814398
263.5018036072
263.4454293202
263.4058925543
263.3823608756
263.3970672113
263.4125944196
263.4228533991
263.3824109758
263.3693232619
263.3803530137
263.3819485124
263.3807653769
263.3758632650
263.3830776938
263.3832048713
263.3550177278
263.3049868969
263.2366656390
263.1055341452
262.9562972098
262.7920764606
261.9998150146
261.1398103900
260.2022814860
259.3316363496
258.4929898258
257.7062008633
256.8025319871
255.8421111454
254.8359526746
253.7525319871
252.6091143826
251.5083204871
250.3614922152
249.1518960999
247.8898874672
246.6014798828
245.2693309696
243.9503622630
242.6246415909
241.2299907507
239.8651225528
238.5213195622
237.1119623863
235.7069215354
234.3073685833
232.8779250809
231.4496069061
230.0341220903
228.6213311238
227.4147333128
227.2578657315
226.4447279174
225.1802065670
223.7818791429
222.3511407430
220.8817326962
219.4938338215
218.1093340527
216.7097811007
215.3203175582
213.9320487128
212.5337212887
211.1765145676
209.8413827655
208.4075150301
207.0360798520
205.7345691383
204.4043009095
203.0942114999
201.8306921535
200.5315862494
199.2262756282
197.9406967782
196.6666217049
195.3995645136
194.1348196393
192.8999421921
191.6964737167
190.5020078619
189.3297325420
188.1973446894
187.0907622938
185.9997263758
184.9396446740
183.9133690458
182.9082896562
181.9327693849
180.9627986743
179.9983081548
178.9765877910
177.9655734546
176.9802489595
175.9949244643
175.0276360413
174.1219708648
173.2114729459
172.2976992446
171.3761022044
170.4557769385
169.5366309542
168.6442538924
167.7616887621
166.8927894250
166.1054223832
165.3201017419
164.4818406043
163.6270849391
162.7725797749
161.9894673963
161.2436989363
160.5304416525
159.7426468321
158.9308154771
158.0864266996
157.3656929243
156.6698705103
155.9713195622
155.2668606444
154.5623670418
153.8772969015
153.1773893942
152.4653576384
151.8014220749
151.1257900416
150.4321412055
149.7891012795
149.1481270233
148.4875674426
147.8917527362
147.3189648528
146.7196816710
146.0884885155
145.4328310467
144.8614690920
144.3024279328
143.7595190381
143.1734738708
142.5902458764
142.0314051179
141.4637390165
140.9050369971
140.4160513334
139.9006859874
139.3659241560
138.7972791737
138.2612378603
137.7661245568
137.2795822414
136.8010020040
136.3377524279
135.8690920302
135.4025743795
134.9564821952
134.4891552335
134.0087020194
133.5687374749
133.1327115770
132.7013257284
132.2677585941
131.8394250039
131.4227454910
130.9683019886
130.5257399414
130.1923963311
129.8079505164
129.3919184523
128.9899452752
128.6112494219
128.2582973640
128.0951402806
127.8993833821
127.6003545553
127.2082318483
126.7827770926
126.3366849083
125.8682403268
125.3901957762
124.9686141514
124.5554493603
124.1510251272
123.7624094343
123.3695313704
122.9663326653
122.5199514413
122.0896446740
121.7624287036
121.4154616926
121.0553876985
120.6681208571
120.2820949591
119.8972791737
119.4998304301
119.1276861415
118.8004701711
118.4840218899
118.1998265762
118.0147718514
117.7973446894
117.5596924618
117.2863997225
117.0111877601
116.7342184369
116.5249768768
116.3031023586
116.0555457068
115.8269539078
115.6110991213
115.4211422846
115.2253853862
115.0259326345
114.8188184060
114.5932518884
114.3518228765
114.1839872052
113.9989633112
113.7844959149
113.6137775551
113.4353745953
113.2098774472
113.0259249268
112.8573223370
112.6661399723
112.4518960999
112.2190457839
112.1297402497
112.0325535687
111.9210305226
111.7099853553
111.4228187144
110.9840796979
110.6017034068
110.2617851087
110.0411900725
109.9189494373
109.8711538462
