114.5520833333
116.3083876086
118.0833834335
119.8875751503
121.8756513026
123.9178314963
125.9718144623
128.0439587508
130.1302980962
132.4481838677
134.7698772545
137.0762399800
139.4214595858
141.7877087508
144.2027889112
146.6835880094
149.2267994322
151.8167710421
154.4109928190
157.0033859385
159.6922553440
162.2568136273
162.7136857047
163.9262692051
166.0100200401
168.6403223113
171.3770791583
174.1558450234
176.9050016700
179.6401135605
182.4861806947
185.3144747829
188.1178314963
190.8543879426
193.1786364395
193.8852997662
195.2917877422
197.1904600868
199.4749665999
201.6660571142
203.6812124248
205.5511606546
207.3419255177
208.9442134269
209.7279559118
209.8107882432
211.2836005344
212.8828448564
214.5252546760
216.0436664997
217.5043628925
218.9021584836
220.2390322311
221.5125793253
222.7758684035
224.0083082832
225.1614896460
226.3103916166
227.4035946894
227.5136063794
227.9730961924
228.8738977956
229.8447144289
230.8276260855
231.8034944890
232.7397002338
233.6506346025
234.4931947228
235.3367735471
236.1819221777
236.9651845357
237.7261982298
238.4626294255
239.1924849699
239.9172678691
240.6642952572
241.3909318637
242.0768871075
242.7000167001
243.3075526052
243.9637399800
244.5825192051
245.1662282899
245.8602162659
246.5029767869
246.9973822645
247.5433658985
248.1051227455
248.5749373747
249.0677563460
249.5867526720
250.0380051770
250.4748371743
250.9019413828
251.0430235471
251.0356170675
251.4730753173
251.8877379760
252.2708375084
252.6497453240
253.0129133267
253.3170632933
253.6655268871
254.0447436540
254.3351160655
254.6136523046
254.8750918504
255.1414579158
255.4036781897
255.6340556112
255.8665372411
256.1007974282
256.3543628925
256.5909610888
256.7889821309
256.9879258517
257.1905811623
257.4222528390
257.6098488644
257.7522169339
257.9151761857
258.0925517702
258.3009268537
258.4404976620
258.5478164663
258.6979500668
258.8515405812
259.0094397128
259.0678565464
259.1136982298
259.1835880094
259.2941466266
259.4297344689
259.5177438210
259.6273213093
259.7696893788
259.8570474282
259.9364144957
260.0477204409
260.1656396126
260.2885938544
260.3111097194
260.3653014362
260.4869614228
260.5799390448
260.6606003674
260.7266073814
260.8107631931
260.9117150969
260.9479124916
260.9800100200
261.0175434202
261.0863476954
261.1706412826
261.2715931864
261.3250000000
261.3250000000
261.3885395792
261.4561247495
261.5053064462
261.5436873747
261.5767535070
261.6311122244
261.6871117234
261.7453532064
261.7688752505
261.7894038076
261.8295257181
261.8804024716
261.9386439546
261.9650509352
261.9972319639
262.0399423848
262.0786948898
262.1208375084
262.1881387776
262.2328615564
262.2587466600
262.2834210087
262.3012650301
262.3051477956
262.3164453908
262.3315088510
262.3535111890
262.3703699065
262.3820182031
262.4315547762
262.4772962592
262.5005928524
262.5143829325
262.5229166667
262.5229166667
262.5403264863
262.5791541416
262.5854166667
262.5987558450
262.6569973280
262.6783650635
262.6771459586
262.6836172345
262.6978540414
262.7237391450
262.7741733467
262.8135855043
262.7734635939
262.7732464930
262.8030143621
262.8141199065
262.8208333333
262.8208333333
262.8131513026
262.8140948564
262.8891616566
262.9148547094
262.8954408818
262.8937500000
262.8937500000
262.8937500000
262.9063168003
262.9263902806
262.9678064462
263.0006304275
263.0239270207
262.9275008350
262.8505719773
262.8855168671
262.9446768537
263.0154559118
263.0400467602
263.0640865063
263.0873830995
263.0821601536
263.0723822645
263.0697937542
263.0548471944
263.0315506012
263.0746868737
263.1006179025
263.0967351369
263.0958333333
263.1046300935
263.1602830661
263.1676728457
263.1353164663
263.1296885438
263.1347486640
263.1580452572
263.1953072812
263.2295006680
263.1945557782
263.1531396126
263.1052521710
263.1345691383
263.1599574148
263.1508976286
263.1522586840
263.1596025384
263.1803106212
263.1945891784
263.2010604542
263.2042626921
263.2209794589
263.2843979626
263.2688502004
263.2058825985
263.1774089846
263.1692885772
263.1912909152
263.1835086840
263.1710713093
263.1723655645
263.1565673013
263.1280936874
263.1994864729
263.2433241483
263.2303815965
263.2251544756
263.2204617568
263.2023421844
263.1978331663
263.2055986974
263.2050642953
263.1986138945
263.1804943220
263.1740981964
263.1614186707
263.0294046426
262.8695850033
262.6793294923
262.5092894122
262.1292376420
261.1365439212
260.1824524048
259.2541040414
258.4451945558
257.6296217435
256.8051811957
255.8481838677
254.8494781229
253.8037199399
252.6927312959
251.5382556780
250.3145666333
249.0621200735
247.7639821309
246.5307030728
245.3050016700
244.0185120240
242.6720524382
241.2768453574
239.8877338009
238.4792167669
237.0309452238
235.6041833667
234.1845106880
232.7556529726
231.3300517702
229.9076653307
228.4448021042
227.3761147295
227.3139904810
226.3600910154
224.9704784569
223.5118528724
222.0626461256
220.6247286239
219.2502546760
217.8657648631
216.4110220441
214.9716683367
213.5418921176
212.1350367401
210.7544839679
209.4123413494
208.0186372745
206.6260688043
205.2955744823
203.9441549766
202.5774215097
201.3083834335
200.0087717101
198.6485095190
197.3095566132
195.9863852705
194.7167209419
193.4641741817
192.2268662325
191.0002672011
189.7730043420
188.5421676687
187.3385103540
186.1536322645
185.0405728123
183.9592393120
182.9121868737
181.8741524716
180.8452321309
179.8383016032
178.8204074816
177.7992568470
176.8376252505
175.8771125585
174.9180694723
173.9792543420
173.0376377756
172.0695349031
171.1529600868
170.2702780561
169.3734510688
168.4919338677
167.6351369405
166.7562959252
165.8857172679
165.0897503340
164.2521334335
163.3810996994
162.5528807615
161.7410404142
160.9567217769
160.1695850033
159.3831872077
158.6105168671
157.8522670341
157.1080703073
156.3534276887
155.6128173013
154.9100367401
154.2703824315
153.6479876420
152.8494321977
152.1190547762
151.4693386774
150.8020541082
150.1344104876
149.4756346025
148.8250000000
148.1800183701
147.5781897128
146.9652262859
146.3362182699
145.6989270207
145.0753298263
144.5188001002
143.9509978290
143.3750542752
142.8204742819
142.2679358717
141.7178774215
141.1746284235
140.6350993654
140.1044547428
139.5703657315
139.0332498330
138.5212090848
138.0529851369
137.6763568804
137.1522837341
136.5782147629
136.1226369405
135.6607965932
135.1922762191
134.7565673013
134.3149674349
133.8438585504
133.3905477622
132.9482548430
132.5405644623
132.1165288911
131.6713051102
131.2260813293
130.8026761857
130.4584043086
130.1219814629
129.7906521376
129.7005678023
129.4719856379
129.0228790915
128.5496242485
128.0796593186
127.6603206413
127.2409819639
126.8216432866
126.3446142285
125.9043378424
125.5419463928
125.1323772545
124.7140781563
124.3607464930
123.9592601870
123.5114478958
123.1044046426
122.7094063126
122.3327780561
121.9526260855
121.5780769873
121.2985178691
120.9473154643
120.5124457248
120.1602413160
119.8509352037
119.6309118236
119.3675183701
119.0806821977
118.8710128591
118.6426394456
118.3876711757
118.1524549098
117.9243319973
117.7056028724
117.4762942552
117.2394455578
117.0290748163
116.8194054776
116.6097361389
116.4000668003
116.1903974616
115.9807281229
115.7918503674
115.6210086840
115.4130218771
115.2114687709
115.0302730461
114.8371910488
114.6449315297
114.5064462258
114.3452655311
114.1601870407
113.9512608550
113.7597945892
113.6251920508
113.4445975284
113.2511272545
113.2744238477
113.0683283233
112.5687458250
112.1968478624
111.8671801937
111.5940923514
111.4212174349
111.3125000000
