100.0727272727
100.6830679541
101.5474877027
102.7103224631
104.0848897796
105.5514301330
107.1380797960
108.7584259428
110.4205574786
112.1653998907
114.0563454181
116.0011186008
117.9726252505
120.0475387138
122.1834687557
124.3946256149
126.6729349608
129.0021278921
131.4257824740
133.8843286573
136.3752741847
138.8315685917
141.3776425578
144.0397668063
146.6722025870
149.3063435963
151.9495791583
154.7270286027
157.5350154855
160.3447075970
161.7314592822
162.8108252869
164.6973328475
167.2031663327
170.0238549827
172.7851448351
175.6125268719
178.4899034433
181.4082055019
184.2731244307
187.0839970851
189.9287556932
192.2590490071
193.8669484423
195.0816250683
196.7357770086
199.3660265987
201.7913426854
204.0493131718
205.9735981053
207.7862998725
209.5242229914
211.1191364547
211.8501184187
212.2197376571
213.8512479504
215.4873492439
217.1251375478
218.6362324649
220.1153434141
221.5591473857
222.9676225178
224.2910985608
225.4881690654
226.6610165786
227.8383020587
229.0341920204
229.3027218073
229.5504900711
230.6106175988
231.6026999453
232.5652067772
233.5297103298
234.4876881035
235.4357952268
236.3117580616
237.1221643287
237.8753507014
238.7153579887
239.5012716342
240.2214028056
240.9523191838
241.6630934596
242.3383640007
243.0067480415
243.6526398251
244.2476334487
244.9119730370
245.5578174531
246.0512843870
246.6233885954
247.2276188741
247.7919183822
248.2946547641
248.7583494261
249.2813299326
249.7752778284
250.2415922755
250.6918382219
251.1416250683
251.5914119147
251.9864419749
252.3374567316
252.6196064857
252.7963454181
252.9944871561
253.3155948260
253.6859245764
254.0539916196
254.3361413737
254.6575004555
254.9947422117
255.2910584806
255.5961377300
255.9055419931
256.1440116597
256.4021789033
256.6807870286
256.9055274185
257.1458844963
257.4126871926
257.6332519585
257.8399125524
258.0323410457
258.2247695391
258.4231007469
258.6391400984
258.8551794498
259.0607979596
259.2154490800
259.3931426489
259.5820659501
259.7473419566
259.9126179632
260.0780360721
260.2586591365
260.4420513755
260.6285771543
260.6791073055
260.7523009656
260.8774385134
260.8933576243
260.8730552013
260.8152085990
260.7473820368
260.7059391510
260.7637857533
260.8159446165
260.8604554564
260.8758025141
260.9069411550
260.9496228821
261.0110111131
261.0574458007
261.0905010020
261.1235562033
261.1687629805
261.2289706686
261.2013372199
261.1955255966
261.2427473128
261.3329349608
261.4188850428
261.4720094735
261.5489415194
261.6236873747
261.6591036619
261.7165567499
261.7835343414
261.8402004008
261.8954818728
261.9501147750
262.0115030060
262.0770741483
262.1467261796
262.2140972855
262.2793769357
262.3419457096
262.4243833121
262.5069338677
262.5848496994
262.6570595737
262.7313390417
262.8151575879
262.8989761341
262.9834505374
263.0708107123
263.1635015486
263.2391801785
263.1447367462
263.0182874841
262.8687811988
262.7826015668
262.7221643287
262.6891091273
262.6883876845
262.6695208599
262.6211186008
262.6186263436
262.6061322645
262.5577300055
262.5528256513
262.5541519402
262.5376243396
262.5285735107
262.5269192931
262.5469885225
262.5486573146
262.5372453999
262.5041901986
262.5070468209
262.5397813809
262.4689488067
262.4478520678
262.4844488978
262.5068828566
262.5276808162
262.5477500455
262.6235234105
262.6875642193
262.7005501913
262.7531353616
262.8149171069
262.8656804518
262.9132228093
262.9559118236
262.9783421388
263.0355875387
263.1133139005
263.1522718164
263.2090872654
263.2822809255
263.3624266715
263.4479140098
263.5399963563
263.4809983604
263.3790125706
263.2302641647
263.1309455274
263.0649517216
263.0566879213
262.9942065950
262.9234068136
262.8950737839
262.8386700674
262.7698269266
262.7155219530
262.7187575150
262.7596392786
262.7053343050
262.6693277464
262.6516196028
262.6554417927
262.6611550373
262.6682382948
262.7033594462
262.7258844963
262.7164401530
262.7117143378
262.7170486427
262.7477427582
262.7597595190
262.7625797049
262.7566769903
262.7409692111
262.7269484423
262.7788923301
262.8506212425
262.9357077792
262.9002914921
262.9145746038
262.9830460922
262.9883803972
263.0116523957
263.0683184551
263.1280233194
263.1833521589
263.2282127892
263.2941920204
263.3673273820
263.4440626708
263.5175040991
263.5687046821
263.5084969940
263.4533904172
263.4051812716
263.4016396429
263.3549863363
263.2711677901
262.9684459829
262.5927855711
262.1311932957
261.8297613409
261.3006230643
260.3703552560
259.4953834943
258.6637566041
257.9093896885
257.0041574057
256.0173765713
254.9112078703
253.7978575332
252.6704827837
251.4757733649
250.2522317362
249.0026270723
247.6426416469
246.2905665877
244.9459282201
243.5195409000
242.0761850975
240.6134924394
239.1169867007
237.6278302059
236.1592348333
234.6319621060
233.2654946256
232.3588376754
231.6854545455
230.9141009291
229.3876589543
227.8843905994
226.3879723083
224.8497249044
223.3162215340
221.7890836218
220.3429185644
218.8652723629
217.3553579887
215.8983603571
214.4351430133
212.9594643833
211.4889415194
210.0191656039
208.5493896885
207.1517179814
205.7605939151
204.3333175442
202.9304499909
201.5457751867
200.2011368191
198.8385716888
197.4681144106
196.1222955001
194.7960429951
193.4865002733
192.2457496812
190.9754527236
189.6721333576
188.3963235562
187.1234432501
185.8519985425
184.7203388595
183.6107815631
182.4963490618
181.4229076334
180.3561340864
179.2712151576
178.2238404081
177.1912625251
176.1476625979
175.1574494443
174.2006230643
173.2361195118
172.2528147203
171.2528948807
170.3126252505
169.3569539078
168.3818254691
167.4840881764
166.5943960649
165.7054472582
164.7998360357
163.9062306431
163.0503370377
162.2121515759
161.3850719621
160.5775806158
159.7645545637
158.9532373839
158.1717179814
157.3901985790
156.6099617417
155.8544142831
155.0886463837
154.3130296958
153.5843213700
152.8540681363
152.1197704500
151.4242995081
150.7250355256
150.0096265258
149.3371761705
148.6698196393
147.9886463837
147.3195117508
146.6573109856
146.0056513026
145.3738859537
144.7535580251
144.1384951722
143.5227618874
142.9079285844
142.3424485334
141.7689087265
141.1869010749
140.6183166333
140.0456658772
139.4660193113
138.9181125888
138.3719730370
137.8194789579
137.3069375114
136.7944215704
136.2490107488
135.7461541264
135.2572126070
134.7495791583
134.2574785936
133.7772891237
133.3251411915
132.8639642922
132.3953033339
131.9289888869
131.4582729095
130.9825141191
130.5679686646
130.1578648206
129.7470358900
129.3182364729
128.9702058663
128.8131936600
128.5802769175
128.2677099654
127.7612570596
127.2903953361
126.8321187830
126.3516378211
125.8825833485
125.4223683731
124.9820258699
124.5336308982
124.0779413372
123.6280633995
123.1746037530
122.7165531062
122.3129495354
121.9056476590
121.4818327564
121.0667735471
120.6710147568
120.3192129714
119.9480925487
119.5679140098
119.1783348515
118.8545600291
118.5673528876
118.3029112771
118.0419129167
117.7832719985
117.5223720168
117.2668172709
117.0165421753
116.7435306978
116.4886135908
116.2595882674
116.0107633449
115.7775077428
115.5791765349
115.3533721989
115.1186372745
114.8778065221
114.6540280561
114.4408926945
114.2461031153
114.0407032246
113.8322718164
113.6492876662
113.4537037712
113.2488759337
113.0706139552
112.8849626526
112.6913536163
112.5077464019
112.3332883950
112.1715540171
111.9803388595
111.7942211696
111.6289451631
111.4738094371
111.3101512115
111.1106394607
111.0616615048
110.9936418291
110.4895500091
110.0557660776
109.6742903990
109.3992239024
109.1879212971
109.0309090909
