103.5339622642
104.7543237418
106.0696751995
107.4865882709
108.9515975347
110.4826256286
112.0923583015
113.7543275230
115.4630355050
117.2319998488
119.0602828298
120.9766476349
123.0242674027
125.0751200514
127.2008280712
129.4649033917
131.7237985405
134.0209778047
136.4032328809
138.8451544599
141.3238514765
143.8578742390
146.4357280599
149.0499187053
151.7332211593
154.3946534579
157.0644761221
159.7938064809
160.6124853481
161.1001512459
163.7909176844
166.4899648353
169.2087344500
172.0164366469
174.8375089802
177.6449502779
180.2884448142
182.9848262563
185.7114379703
188.3798124551
190.3378606269
191.7342496313
192.8264793738
194.6187885204
197.0218550308
199.0806707755
201.0948387341
203.0640866639
204.8965478126
206.6934926457
208.4525050100
209.4505993118
210.3025333686
211.0165878928
212.5478163875
214.1154346429
215.6231595266
217.0376791318
218.4351268575
219.8246719855
221.0812946648
222.3075017960
223.5203992891
224.7130298333
225.8680682119
226.9453699853
227.7000491549
228.2860513480
228.6542745869
229.5210647711
230.5391159678
231.5007259803
232.4392331833
233.3618633493
234.2575414981
235.1489847620
236.0235376413
236.8221839906
237.6111657277
238.3901690173
239.1378114720
239.9114228457
240.6941014104
241.4093999319
242.1283094491
242.8484780883
243.5488486407
244.2267591787
244.8860021931
245.5428328355
246.1798540477
246.7981207698
247.4052255454
248.0045298143
248.5954285930
249.1863273717
249.7605512913
250.3141301471
250.5819223352
250.8261768821
251.0675123833
251.5040496087
251.9564676523
252.3980867395
252.8128596816
253.2432071691
253.7109502023
254.1281128294
254.5064695429
254.8224448898
255.1404015578
255.4463417401
255.7200211744
256.0107838318
256.2961356676
256.5486671456
256.7685295119
256.9818353689
257.2157068855
257.4244678035
257.6253866223
257.8405981775
258.0178923886
258.1775135176
258.3466971679
258.5127500284
258.6765379816
258.8370136499
258.9737739630
259.0951298824
259.2245056150
259.3377925663
259.4396907022
259.5653344425
259.6890044239
259.8100691950
259.8623170870
259.9176466140
259.9761144931
260.1064166068
260.2009225999
260.2519264945
260.3699587855
260.4652134458
260.5249253223
260.5982493288
260.6792793133
260.7700911256
260.8423261618
260.9178394525
261.0036752751
261.0579763300
261.1175180550
261.1996218853
261.2817257156
261.3542934926
261.4040533898
261.4741407343
261.5529511854
261.6400310054
261.6659696752
261.6803040042
261.7263319091
261.7599727757
261.7956025258
261.8602903921
261.9106439294
261.9537830378
261.9948349529
262.0431012969
262.0894732862
262.0956932733
262.1049533028
262.1206034711
262.1790713502
262.2231708700
262.2580443907
262.3127802775
262.3648088630
262.4143986085
262.4579385185
262.4887737740
262.5074337354
262.5001285590
262.5122546981
262.5458426287
262.5782357167
262.6028509850
262.6177789541
262.6453926721
262.6724732484
262.6973531970
262.7277914319
262.7471698113
262.7471698113
262.7642908458
262.7841948047
262.8040987636
262.8363443869
262.8634627746
262.8734147540
262.8794192158
262.8854274587
262.8941354407
262.8962264151
262.8935039891
262.8823080123
262.8882822248
262.9007221991
262.9131621734
262.9290505539
262.9482209702
262.9755889137
262.9865466783
262.9929443793
263.0228003176
263.0487616743
263.0650470753
263.0215071653
263.0163080879
263.0346201838
263.0184482172
263.0245396453
263.0469580671
263.0419820774
263.0415850569
263.0454645139
263.0653684728
263.0889477067
263.1163156502
263.0587212160
263.0515370363
263.1062729232
263.0508261807
263.0103300942
262.9991341173
262.9494989980
262.9686845389
263.1005482663
263.0734223163
263.0357091542
263.0195371876
262.9688017545
262.9123870382
262.8576511514
262.9909970885
263.1111732900
263.0912693311
263.1108972662
263.1156426060
263.0447347525
263.0291828941
262.9786327372
262.7410292283
262.7166294854
262.7750708965
262.8123908194
262.8362801074
262.8544825500
262.8768745037
262.8928838810
262.9084243960
262.9457443188
262.9634022763
262.9693991757
262.9855711423
262.9967406511
263.0044201611
263.0156161379
263.0146973192
263.0042878209
263.0254357772
263.0320603471
263.0245963625
263.0306915718
263.0434000076
263.0633039664
263.0784436798
263.0818580557
263.0706620789
263.0882028207
263.0989866526
263.0964986577
263.0917949106
263.0361250803
262.8955533709
262.7507165274
262.5886527773
262.3945891784
261.5375505728
260.5756645366
259.6974023519
258.9459598442
258.1995878550
257.3773055545
256.5041819488
255.5973985707
254.6357885582
253.5994857640
252.5281960147
251.4322342799
250.2813400386
249.0971414527
247.8718039853
246.5835784777
245.2706280485
244.0079706583
242.7050062389
241.3717056755
239.9883805347
238.6285287556
237.2792036904
235.8560706318
234.4813740689
233.1423715355
231.7316784512
230.3268385828
228.9277044655
227.5879192347
226.8903807615
226.8630128181
225.4659621129
224.0394638333
222.6237947593
221.2478504178
219.8639656672
218.4657125572
217.0832343933
215.6990093394
214.3094642114
212.9644118426
211.6276401860
210.2940749423
208.9490301357
207.6021817219
206.2561765040
204.9272053541
203.6091730631
202.3079517526
201.0086512648
199.7089651000
198.4064997920
197.1361931410
195.8750595531
194.6061821757
193.3864294627
192.1940144440
191.0308768480
189.9228910651
188.8414716225
187.7579498620
186.7053956971
185.6649449843
184.5851552161
183.5347109313
182.5068363141
181.5141263659
180.5128861497
179.5071539305
178.5343479412
177.5729194238
176.6210761145
175.6607100994
174.7229402201
173.8073581125
172.9089802246
171.9838545015
171.0284644761
170.1371875827
169.2500623889
168.3643362196
167.5450599312
166.7189132983
165.8742390441
165.0593753545
164.2321435323
163.3775172987
162.5685786668
161.7766778841
161.0029114833
160.2465005483
159.4874541536
158.7136877529
157.9193556925
157.1396566718
156.4144061708
155.7163496805
155.0265852460
154.3349226755
153.6360910500
152.9395432374
152.2628086361
151.5894921919
150.9253563731
150.2983816690
149.6397020456
148.9718682648
148.3523575453
147.7313041177
147.1156047945
146.5545619541
145.9767346013
145.3849056604
144.7641509434
144.1771164971
143.6171361591
143.0523613264
142.4875864937
141.9229250955
141.3954701857
140.8734601278
140.3572011948
139.8373237040
139.3263470337
138.8262600673
138.3389836276
137.8484062465
137.3520512724
136.8893863198
136.4193065376
135.9316595455
135.4721291640
135.0190191704
134.5699360986
134.1385298900
133.7070215904
133.2678904980
132.8337505199
132.4093696828
132.0063145158
131.6061292396
131.1961356676
130.7545165803
130.3696298257
130.0794608084
130.0545808598
129.7292358302
129.2766514160
128.8250803494
128.3976330019
127.9764661398
127.5236510757
127.0834801679
126.6524861043
126.2357469656
125.8504518471
125.4784436798
125.0256286157
124.6293795137
124.2756985669
123.9149393126
123.5428668658
123.1607100994
122.7651189171
122.3751427383
121.9907475328
121.6014519605
121.2301319620
120.8793246871
120.6693538019
120.4422505388
120.1834990736
119.8927742277
119.6221499603
119.3857904488
119.1417287405
118.8948311718
118.6447876886
118.4138011873
118.1803266911
117.9352591976
117.7471509056
117.5507845880
117.3057170946
117.0450410254
116.8036941808
116.6270465459
116.4326539872
116.2326615495
116.0336219609
115.8533217378
115.6741672023
115.4701516240
115.2635837713
115.0593715733
114.8727719590
114.6837448482
114.4934132416
114.3030816350
114.1181230385
113.9411161947
113.8055204749
113.7229213143
113.6440314591
113.0892086059
112.6336219609
112.2638371082
112.0287215941
111.8630279427
111.7622641509
