307.3250000000
309.2284736139
311.0684869739
312.6624526831
314.1694778446
315.5514306391
316.9076820307
318.2478512581
319.5245602316
320.7866510799
322.0215876197
323.2244600312
324.3201180138
325.4157759964
326.5114339791
327.5535849477
328.5656757960
329.5437541750
330.5103874415
331.3785571142
332.2400077934
333.0818692941
333.8774159430
334.6186873747
335.2301992875
335.7764807393
336.2621409486
336.7528111779
337.4151580940
338.0449398798
338.5912213316
339.0616009797
339.4515809397
339.8554553552
340.2655533289
340.7019873079
341.1375918504
341.5384045870
341.9340124694
342.3178022712
342.6739256290
343.0035515475
343.3054831886
343.5964206190
343.8916332665
344.1864339791
344.4758238700
344.7037575150
344.8074426631
344.9849476731
345.2263638388
345.4597528390
345.6903362280
345.9253117346
346.1638109552
346.4207025161
346.6384658205
346.7854820753
346.9029726119
346.9973725228
347.1439434424
347.3064350924
347.4989868626
347.6771543086
347.7839345357
347.9066466266
348.0552104208
348.1357214429
348.1682197729
348.2778724115
348.4078657315
348.4823480294
348.5479013583
348.5788521487
348.5877866845
348.5645735916
348.5423068359
348.5206412826
348.6291304832
348.7660932977
348.8682309063
348.9591460699
349.0117624137
349.0717267869
349.1413660655
349.1676519706
349.1691995101
349.1981017591
349.2321476286
349.2661934981
349.3014083723
349.3400968604
349.3695947450
349.3881652193
349.4272211089
349.4767423736
349.5222389223
349.5643342240
349.5705243821
349.5814295257
349.6046426186
349.6323313293
349.6648296593
349.6707470497
349.6645568916
349.6818358940
349.7022545090
349.7254676019
349.7341850367
349.7094244044
349.7082108662
349.7298764195
349.7427243376
349.7520095747
349.7470997551
349.7441271432
349.7642451570
349.7727120908
349.7572366956
349.7524716099
349.7571142285
349.7640391895
349.7717768871
349.7780561122
349.7833333333
349.7833333333
349.7800601202
349.7707748831
349.7735693609
349.7859496771
349.7652861278
349.7343353373
349.7453128479
349.7555555556
349.7555555556
349.7491260298
349.7321030951
349.7259018036
349.7274493431
349.7289968827
349.7305444222
349.7075094634
349.6846025384
349.6629369851
349.6443887776
349.6304609218
349.6268815409
349.6299766199
349.6280394122
349.6249721666
349.6234246270
349.6187708751
349.6032954798
349.5997439323
349.6121242485
349.6107882432
349.6015030060
349.5857325763
349.5687096415
349.5516867067
349.5358160766
349.5234357604
349.5215764863
349.5324092630
349.5310175907
349.5232798931
349.4981741260
349.4722222222
349.4722222222
349.4713760855
349.4682810065
349.4585226008
349.4414996660
349.4413994656
349.4491371632
349.4307503897
349.4103874415
349.4026497439
349.4018425740
349.4173179693
349.4164272990
349.3994043643
349.3812847918
349.3627143175
349.3568692941
349.3496548653
349.3233466934
349.3090625696
349.3198953462
349.3200901804
349.3108049432
349.3151469606
349.3244321977
349.3191883768
349.3138888889
349.3138888889
349.3122689824
349.3076263638
349.3141282565
349.3296036517
349.3180639056
349.2979458918
349.3151246938
349.3266310399
349.3034179470
349.2859942106
349.2782565130
349.2776887108
349.2823313293
349.2809062570
349.2778111779
349.2701235805
349.2632876865
349.2601926074
349.2663660655
349.2864840793
349.2813515921
349.2596860387
349.2480405255
349.2388220886
349.2341794701
349.2308951236
349.2324426631
349.2307058562
349.2245156981
349.2222222222
349.2222222222
349.2273881096
349.2344355377
349.2622912492
349.2750055667
349.2409596972
349.2236138945
349.2267089735
349.2318303273
349.2380204854
349.2282453796
349.2163660655
349.2117234469
349.2054108216
349.1945780450
349.1940325095
349.2048652861
349.1999164997
349.1875361835
349.2039133823
349.2208305500
349.2053551548
349.1917056335
349.1824203963
349.1754564685
349.1708138499
349.1650801603
349.1588900022
349.1597417056
349.1591516366
349.1421287018
349.1285738143
349.1223836562
349.1170062347
349.1123636161
349.1122411490
349.1137886885
349.1080995324
349.0925740370
349.0198396794
348.9807726564
349.0055332888
349.0490313961
349.1078378980
349.1292362503
349.1385214874
348.9456691160
348.7718882209
348.7362948118
348.7591850367
348.8814406591
348.9627254509
349.0137942552
349.0551992875
349.0938877756
349.1005455355
349.1043754175
349.0981852594
349.0981184591
349.1074036963
349.1176185705
349.1284513471
349.1405310621
349.1528111779
349.1559062570
349.1536573146
349.1319917613
349.1344244044
349.1700178134
349.1164996660
349.0097194389
348.4965931864
347.8916054331
347.0404586952
346.2892674237
345.8528612781
345.3073925629
344.6264751726
343.6876196838
342.6105321755
341.6129369851
340.6422344689
339.8792974839
339.0113170786
337.8537575150
336.6670285014
335.4475673569
334.1988031619
332.9360109107
331.6309396571
330.3267201069
329.0917835671
328.0083500334
327.2933867735
326.8173346693
326.5836562013
325.5933812069
324.2810676909
322.8607381430
321.4328879982
320.0339122690
318.6334669339
317.2298485861
315.7842574037
314.3001670007
312.7317412603
311.1315853930
309.5371966155
307.9436539746
306.3527833445
304.7333556001
303.0589178357
301.3760187041
299.6861055444
297.9298764195
296.1517535070
294.4239757292
292.6886996215
290.9028390114
289.1215208194
287.3480405255
285.5471220218
283.7256680027
281.8609274104
279.9837619684
278.1172344689
276.2520596749
274.3919171677
272.5147851258
270.6113115119
268.6967490537
266.7747049655
264.8042473837
262.8220273881
260.8643898909
258.9051102204
256.9397350256
254.9866288132
253.0506568693
251.0694221777
249.0607158762
247.0942607437
245.1358717435
243.1550211534
241.1616789134
239.1282119795
237.0906368292
235.0478846582
233.0542306836
231.0873079492
229.1045535515
227.1185259408
225.1237474950
223.1322199955
221.1498218660
219.1884101536
217.2508906702
215.3092073035
213.3654976620
211.4951347139
209.6320474282
207.7363115119
205.8517089735
203.9946615453
202.1742206635
200.3914551325
198.6400077934
196.9021209085
195.1907815631
193.3912825651
190.8393898909
187.9160376308
184.1771821421
183.0363226453
184.3130427522
181.4777889112
177.0673012692
175.3712424850
174.2520207081
175.5194555778
175.8784958807
174.4594021376
173.0243375640
171.5758405700
170.1794477845
168.8005900690
167.4040302828
166.0357492763
164.8224782899
163.6238254286
162.4507904698
161.3111779114
160.1969494545
159.0791304832
157.9602594077
156.9216377199
155.8881930528
154.8699120463
153.8540358495
152.8419450011
151.8721053218
150.9312012915
149.9878256513
149.0439601425
148.1371019817
147.2331496326
146.3402193275
145.4716154531
144.6374916500
143.8196448452
143.0118292140
142.2346081051
141.4637552884
140.6868904476
139.9226898241
139.1999888666
138.4827209976
137.7724003563
137.0710476509
136.3746548653
135.6953406814
135.0201514139
134.3639946560
133.7146515253
133.0848029392
132.4764974393
131.8930750390
131.3231128925
130.7598085059
130.1883878869
129.6192273436
129.0899688265
128.5567523937
128.0135660209
127.4946058784
127.0009407704
126.5201681140
126.0450734803
125.5685871743
125.0950122467
124.6477733244
124.2091516366
123.7897684257
123.4929748386
123.3119127143
123.0117234469
122.6650745936
121.8978178579
121.0987975952
120.3172901358
119.5658093966
118.8740592296
118.1965041193
117.5310621242
116.9071030951
116.2973725228
115.7405477622
115.1975395235
114.7147071922
114.2346582053
113.7595635716
113.2337786684
112.6689267424
112.1398129593
111.6213872189
111.2266644400
110.8507236696
110.5458583834
110.2814963260
110.0818637275
109.8840570029
109.6875194834
109.6336896014
109.6166666667
