261.2375000000
263.9457957582
266.6627338009
269.3941007014
272.1302688711
274.8618570474
277.5496451236
280.1716391116
282.7274089846
285.0571601536
287.2226578156
288.9888819305
290.6554275217
292.2614353707
293.9300434202
295.5698229793
297.1604500668
298.3514362057
299.3228832665
299.6856128925
300.6575609552
302.2507515030
304.0802646961
306.0159485638
308.1705369071
310.2894288577
312.3863393454
314.3571852037
316.3036155645
318.2095482632
319.6633266533
320.9610387442
322.2632765531
323.1803231463
323.6994238477
324.5339220107
325.4414412158
326.4258099532
327.1695098530
327.7629509018
328.8869196727
330.0240731463
331.1750668003
332.1621033734
333.0466432866
333.5836882098
334.1495407482
334.7455452572
335.5727830661
336.4037533400
337.1292125919
337.7934493988
338.4189337007
338.9330953574
339.4490313961
339.9706955578
340.4706579826
340.9595774883
341.4222820641
341.8980502672
342.3876711757
342.7836047094
343.1654809619
343.5512817301
343.9058533734
344.2403849365
344.5673513694
344.8918962926
345.2123288243
345.5064587508
345.7910028390
346.0755469272
346.3242526720
346.5344564128
346.8226202405
347.1134519038
347.3697979292
347.5609134937
347.7095941884
347.9072854041
348.1041332665
348.2976745157
348.4117234469
348.4778807615
348.3855961924
348.4148296593
348.5763276553
348.6984468938
348.7991900468
348.8504592518
348.9001837007
348.9488894456
348.9863226453
349.0595649633
349.1992735471
349.2151553106
349.1902179359
349.2171342685
349.2513652305
349.2936623246
349.3392284569
349.3842184369
349.4252338009
349.4616399466
349.4949649299
349.5220482632
349.5820223781
349.7037867401
349.8802354709
350.0562040748
350.0344146627
350.0592393120
350.1361431196
350.2011063794
350.2590848363
350.3001002004
350.3403515364
350.3800851703
350.4347486640
350.4677354709
350.4587633601
350.4700901804
350.4934326987
350.5562374749
350.5992025718
350.6197102538
350.6510312291
350.6877129259
350.7364186707
350.7600492652
350.7664579158
350.7815464262
350.7934201737
350.7985470942
350.8165330661
350.8410070140
350.8794589178
350.9023881096
350.9075150301
350.9191048764
350.9189712759
350.8715472612
350.8770207081
350.9193178023
350.9418420174
350.9597236139
350.9699774549
350.9884602538
351.0094605878
351.0222778891
351.0214595858
351.0047970942
351.0138861055
351.0179442218
350.9846192385
350.9836088844
351.0053982966
350.9840806613
350.9635896794
350.9482089178
350.9337383100
350.9231128925
350.9500292251
350.9504550768
350.9196935538
350.9092393120
350.9044338677
350.9057155979
350.9167125919
350.9346568136
350.9194597528
350.9006680027
350.8775968604
350.9016366065
350.9391616566
350.9084001336
350.8741315965
350.8356796927
350.7972277889
350.7579868069
350.7156897128
350.7031187375
350.7120908484
350.7296259185
350.7235345691
350.6684201737
350.6926644957
350.7444305277
350.7264863059
350.6905519372
350.6328740815
350.6197353039
350.6156312625
350.6105043420
350.5824691049
350.5376085504
350.5451695057
350.5533358383
350.5571810287
350.5493570474
350.5360596192
350.5168336673
350.4993361723
350.4839554108
350.4949816299
350.5047678691
350.4868236473
350.4159736139
350.3057448230
350.2854208417
350.2952530060
350.3580577822
350.3842309619
350.3936581496
350.3923764195
350.4105419172
350.4528390114
350.4530519372
350.4162742151
350.2650300601
350.2328782565
350.2905561122
350.3119113226
350.3143620574
350.2810370741
350.2530477622
350.2289913160
350.2264278557
350.2250000000
350.2250000000
350.1317343019
350.0307155979
349.9845733133
349.9674891450
349.9726160655
350.0368653975
350.0744238477
350.0462257849
350.0375000000
350.0383350033
350.0511523046
350.0724240147
350.1044672679
350.1479918170
350.1684660989
350.0787449900
350.0294714429
350.0115272211
350.0272503340
350.0508057782
350.0866942218
350.1049640949
350.1164871409
350.1472486640
350.1768912826
350.2050893454
350.2488810955
350.2584669339
350.1020958584
349.9450066800
349.7873538744
349.8465806613
349.9129884770
349.9616942218
349.9998789245
350.0284694389
349.9810454242
349.9880385772
350.0662241149
350.0460462592
349.9846985638
349.8437082498
349.7905310621
349.8071935538
349.8656479626
349.9110804943
349.9200526052
349.9281521376
349.9368361723
349.9624707749
349.9903097862
350.0210713093
349.9734594188
349.9290831663
349.9867610220
350.0167585170
350.0244488978
350.0214303607
350.0125375752
349.9920298931
349.9532857381
349.9110721443
349.9636230795
349.9953907816
349.9992359719
350.0431362725
350.0832164329
350.0588635605
350.0359218437
350.0141324315
349.9876002004
349.9768161323
350.0037324649
349.9511397796
349.8404099866
349.3456621576
348.7190255511
347.9128173013
347.3613059452
346.8333124582
346.1091349365
345.2278431864
344.2165581162
343.1922762191
342.1490355711
341.0634101536
339.9107005678
338.7349198397
337.7646501336
336.7922261189
335.8168294923
334.5134101536
333.1315923514
331.7806487976
330.4541082164
329.1480252171
328.1245073480
327.3003882766
326.8966432866
325.7363017702
324.1974991650
322.6132807281
321.0429567468
319.4920632933
317.8255135271
316.1259477288
314.4135562792
312.6540372411
310.8544881430
309.0373413494
307.2096484636
305.3601118904
303.4799139947
301.5807782231
299.5966599866
297.6422344689
295.7298931196
293.7377338009
291.7272670341
289.7328949566
287.7102788911
285.6633558784
283.6398129593
281.5891324315
279.4653056112
277.3253757515
275.1769664329
273.0223780895
270.8604250167
268.6878924516
266.4851745157
264.2768495324
262.0825275551
259.8895749833
257.6978164663
255.5083876086
253.3199190047
251.1332874081
248.9415956914
246.7476912158
244.5661865397
242.3836381096
240.1995699733
238.0575860053
235.9167292919
233.7185621242
231.5476160655
229.4007181029
227.2677479960
225.1505928524
223.0703448564
221.0144330327
218.9718812625
216.9467476620
214.9449106546
212.9774549098
211.0090013360
209.0545883434
207.1794171677
205.3164203407
203.4643203073
201.6654183367
199.8538243153
197.9940339011
196.2670090180
194.6078406814
192.8300809953
191.0918628925
189.4127964262
187.6532439880
185.9033901136
184.3409610888
182.7509727789
181.1359928190
179.6523755845
178.1789537408
176.6934285237
175.2403056112
173.8055277221
172.4033149633
171.0352287909
169.7188919506
168.4391658317
167.1832164329
166.0027429860
164.8222695391
163.6417960922
162.5462842351
161.4679358717
160.4092267869
159.3191048764
158.2130928524
157.1774549098
156.1519205077
155.1419171677
154.1407815631
153.1491107214
152.1980669673
151.2549891450
150.3193261523
149.4019664329
148.5008475284
147.6382431530
146.8036030394
145.9838468604
145.1199607548
144.2846317635
143.4938042752
142.6951277555
141.8992526720
141.1353415164
140.3925392452
139.6696434536
138.9239520708
138.1984176687
137.5370449232
136.8773087842
136.2184827989
135.5583917836
134.9087341349
134.2755594522
133.6423847695
133.0185036740
132.4532606880
131.8932615230
131.3382723781
130.7514863059
130.1622787241
129.5778097862
129.0340472612
128.5140531062
128.0334043086
127.5419171677
127.0330703073
126.5563251503
126.0890906814
125.6174139947
125.1450860053
124.6721275885
124.2036948898
123.7460880094
123.3179901470
122.8996117234
122.4894580828
122.4702321309
122.1935788243
121.4988810955
120.7460671343
119.9794756179
119.2463259853
118.4607590180
117.6237892452
116.9480168671
116.2995449232
115.6663702405
115.0581746827
114.4649382098
113.9343019372
113.4579074816
113.0708249833
112.5535445892
111.9937541750
111.4362015698
110.9686623246
110.5905519372
110.2685955244
109.9777179359
109.7559786239
109.6216140615
109.5395833333
