314.4857142857
315.8903120527
317.2902204409
318.6739020899
320.0070827369
321.2781391354
322.5459490409
323.8121786430
324.9644202691
326.0977039794
327.1885599771
328.2549785285
329.2750415116
330.2593758946
331.2166905239
332.0756885199
332.9047065560
333.4903578586
334.1040423705
334.8055367879
335.5092814200
336.2156026338
336.8486115087
337.4487432007
337.9708846264
338.4808302319
338.9602920126
339.4280732894
339.8753564271
340.3169710850
340.7546006298
341.1360950472
341.5045977670
341.8746521615
342.2438705983
342.6107071285
342.9448382479
343.2440996278
343.5137360435
343.7711651875
344.0645977670
344.3586258231
344.6417978815
344.9023017463
345.1259433152
345.3544517607
345.5861379903
345.7964786716
346.0025937589
346.2117549384
346.4160034354
346.6074663613
346.7948926424
346.9783109075
347.1336959634
347.2784998569
347.4217749785
347.5708617234
347.7478442599
347.9152075580
348.0680561122
348.1888405382
348.2902032637
348.4188204981
348.5486973948
348.6307529344
348.7170855998
348.8136215288
348.9394159748
349.0922645291
349.1828857715
349.2520698540
349.3368279416
349.4248840538
349.5246378471
349.5768279416
349.5623475522
349.6148582880
349.7049584884
349.7505353564
349.7897223017
349.8347724019
349.8944345835
349.9861437160
350.0475923275
350.0829888348
350.0963298025
350.1027655311
350.1425078729
350.1800286287
350.2073804752
350.2207615230
350.2159347266
350.2227598053
350.2356312625
350.2840022903
350.3341769253
350.3599198397
350.3760778700
350.3728600057
350.3723217864
350.3739307186
350.4056341254
350.4457486401
350.4554022330
350.4610249070
350.4529802462
350.4587517893
350.4812768394
350.4820440882
350.4723904953
350.4453535643
350.4222044088
350.4399026625
350.4486229602
350.4405782995
350.4325336387
350.4244889780
350.4382479244
350.4570054395
350.4505697109
350.4630976238
350.5338906384
350.5555568279
350.5217692528
350.5036129402
350.4923504151
350.4884740910
350.4838820498
350.4710105926
350.4481133696
350.4078900658
350.3923790438
350.3939879760
350.4152648153
350.4402519324
350.4466876610
350.4539707987
350.4636243916
350.4787689665
350.4996850845
350.4816661895
350.4478786144
350.4577612368
350.4698597194
350.4779043802
350.4952247352
350.5274033782
350.5507701117
350.5684683653
350.5700887489
350.5677469224
350.5532665331
350.5338104781
350.5016318351
350.4881534498
350.4929802462
350.4860692814
350.4748067564
350.4574062411
350.4408531348
350.4295906098
350.4254451761
350.4318809047
350.4443630117
350.4604523332
350.4532779845
350.4421357000
350.4324821071
350.4257142857
350.4257142857
350.4341311194
350.4502204409
350.4542857143
350.4542857143
350.4558488405
350.4536787861
350.4359805325
350.4284168337
350.4348525623
350.4443973662
350.4556598912
350.4375837389
350.4184826796
350.4329630690
350.4448955053
350.4513312339
350.4612482107
350.4741196679
350.4525221872
350.4203435442
350.4391010593
350.4518809047
350.4406183796
350.4265387919
350.4088405382
350.4028571429
350.4028571429
350.4099856857
350.4130604065
350.3760549671
350.3595018609
350.3836358431
350.3817005439
350.3591754938
350.3517663899
350.3487088463
350.3680160321
350.3832293158
350.3848382479
350.3901116519
350.3997652448
350.3984826796
350.3920469510
350.3914285714
350.3914285714
350.3914285714
350.3936959634
350.4001316920
350.4047122817
350.4079301460
350.3918236473
350.3715488119
350.3763756084
350.3836072144
350.3980876038
350.3973375322
350.3796392786
350.3608187804
350.3415115946
350.3236873747
350.3120927569
350.3362267392
350.3359461781
350.2941139422
350.2838362439
350.2950987690
350.3379673633
350.3849584884
350.3672602348
350.3628743201
350.3950529631
350.3995762954
350.3754423132
350.3697223017
350.3713312339
350.3684053822
350.3665044374
350.3713312339
350.3699169768
350.3586544518
350.3503464071
350.3439106785
350.3401660464
350.3384082451
350.3593243630
350.3733695963
350.3701517320
350.3489206985
350.3103063269
350.3306670484
350.3724992843
350.3511823647
350.3320125966
350.3352304609
350.3371428571
350.3371428571
350.3249813914
350.3056742056
350.2959862582
350.2903349556
350.3128600057
350.3256513026
350.3159977097
350.3148182078
350.3212539364
350.3144002290
350.3031377040
350.3075636988
350.3149556255
350.3326538792
350.3353621529
350.3176638992
350.3020498139
350.2875694246
350.3137703979
350.3400744346
350.3111136559
350.2867907243
350.2723103350
350.2674663613
350.2706842256
350.2701918122
350.2685828800
350.1998797595
350.0259146865
349.4740509591
348.7120297738
347.6839221300
347.0016547380
346.4932321786
346.0506555969
345.5286630404
344.3251817922
343.1412825651
341.9957228743
341.0609504724
340.2902719725
339.3019467506
338.2515774406
336.9274262811
335.6032751217
334.2791239622
332.9350300601
331.5674377326
330.2053421128
328.8457944460
327.6994159748
326.6626910965
326.2057543659
325.7070197538
325.1326309762
324.0075980532
322.4839393072
320.9654566275
319.4502032637
318.0021643287
316.5565645577
315.1181792156
313.5938620097
311.9752762668
310.3284912683
308.6696822216
307.0272487833
305.3849355855
303.7357801317
302.0355224735
300.2496077870
298.5175608360
296.8217463498
295.0373146293
293.2343716003
291.4452390495
289.6443572860
287.8117835671
285.9688634412
284.1153736044
282.2491611795
280.3779730890
278.4961637561
276.6083309476
274.6937016891
272.7734039508
270.8442943029
268.8815058689
266.8976925279
264.9422559405
262.9887260235
260.9839965646
258.9908617234
257.0263555683
255.0519553392
253.0681419983
251.0819582021
249.0949269969
247.1264471801
245.1524706556
243.1509590610
241.1356198111
239.1003206413
237.0670598340
235.0349785285
233.0470541082
231.0665903235
229.0876037790
227.0839965646
225.0245634125
223.0180246207
221.0583452620
219.1047351847
217.1531004867
215.2786200973
213.3927683939
211.4556140853
209.5583109075
207.7144746636
205.8549212711
203.9869510449
202.1964500429
200.4152075580
198.6180303464
196.8526367020
195.1536043516
193.4210649871
191.6608932150
190.0088176353
188.3886229602
186.7043000286
185.0385628400
183.4392842829
181.8593300887
180.3034926997
178.8165473805
177.3636816490
175.8978814772
174.4346922416
173.0027426281
171.5751903808
170.1561122244
168.7770913255
167.4288061838
166.1542456341
164.9012482107
163.7846492986
162.6622960206
161.5215631263
160.4403778987
159.4283595763
158.3710334956
157.2930489551
156.2854222731
155.2846664758
154.2839106785
153.2981906670
152.3392671056
151.3887947323
150.4443515603
149.5570970512
148.6840137418
147.8280618380
146.9688119095
146.0999885485
145.2466246779
144.4099799599
143.6073461208
142.8189693673
142.0754251360
141.3377784140
140.6137589465
139.9000572574
139.2033896364
138.5115602634
137.8229373032
137.1595533925
136.5018207844
135.8502032637
135.2051989694
134.5777154309
133.9558431148
133.3396221013
132.7350243344
132.1348926424
131.5591296879
130.9872144289
130.4273060407
129.8851932436
129.3703349556
128.8554766676
128.3406183796
127.8651130833
127.3922359004
126.8548525623
126.3432922989
125.8944002290
125.4438476954
124.9917377612
124.5181906670
124.0371199542
123.6289779559
123.2869510449
123.2177669625
122.9665960492
122.4565645577
121.7774234183
121.0019181220
120.2707529344
119.5518179216
118.8873289436
118.2308101918
117.5920641283
116.9679186945
116.3565244775
115.7817177212
115.2185914687
114.7344803894
114.2577784140
113.8040595477
113.2810592614
112.6664471801
112.1308502720
111.6369081019
111.2108502720
110.8054279989
110.4981219582
110.2139937017
109.9774806756
109.7631548812
109.5668651589
109.5028857715
109.4771428571
