73.5833333333
73.5833333333
73.5833333333
73.5833333333
73.5833333333
74.3622912492
75.3021328371
76.1179645004
76.9498759424
77.9786477717
79.2158936921
80.7343878233
82.3041845596
83.9132169100
85.5651493463
86.0200209944
86.8670770112
88.2866017750
90.1513598626
92.0811193816
94.0681696727
96.1271733944
98.2208750835
100.4312386678
102.7719438878
104.9255367879
107.2676782136
109.7340538219
112.2440452333
114.8495610268
117.4972993606
120.1745109266
122.9018226930
125.6052533639
128.3109504724
131.1148439737
133.9816299265
136.8641473423
139.7389827274
142.6138181124
145.5541368451
148.5555587365
151.5807233515
154.6215192289
157.6502624296
160.6365779177
163.7420078252
166.8919505678
170.0567086554
173.0007968318
176.0659843497
179.1967888157
182.3401899036
185.5278175398
188.6603874415
191.7136367974
194.8722397175
197.9954766676
201.1105830709
204.2793205459
207.3740528676
210.4851894265
213.6522378090
216.7515984350
219.8513121481
222.9666475809
226.1573432579
229.2582641473
232.3473566180
235.4721776887
238.5467649585
241.6939164042
244.8920984827
247.9324649299
251.0095142666
254.1027340395
257.1971514457
260.3808903521
263.5559356809
266.7036883290
269.7896602729
272.8822454433
276.0005105449
279.1878280370
282.2526863250
285.3009256608
288.3530489551
290.9289149728
292.9105067277
294.5342685371
296.2858574291
298.0493844833
299.7552533639
301.3598912110
301.8630403664
302.6678118141
303.8603778987
305.7302032637
307.8976667621
310.2636177116
312.8192146197
315.3236377517
317.6594522378
319.7917692528
321.5146435729
323.1373938353
324.6422607119
325.9597528390
327.1684941311
328.3151064033
329.4077774597
330.4972421033
331.4686468174
332.3681315011
333.2481486783
334.0504103445
334.8302652925
335.6019562935
336.2944842065
336.9679740433
337.6234468938
338.2568565703
338.8196679072
339.3575579731
339.8879330089
340.4150825460
340.9043229316
341.3682507873
341.8716003435
342.3381620384
342.7849603970
343.2190571619
343.6470273881
344.0323790438
344.3755606451
344.7218246016
345.0543467888
345.3789817731
345.6999093425
345.9729697490
346.2396745873
346.5081734898
346.7750501002
346.9983013646
347.2033686420
347.4347743105
347.6470083023
347.8446034927
348.0270254795
348.1809762382
348.3199398798
348.4433629163
348.5430193721
348.6465407004
348.7464929860
348.8377039794
348.8842923943
348.9047619048
348.9184082451
349.0281992557
349.1524763813
349.2717148583
349.3663040366
349.4684559595
349.5665664663
349.6571476286
349.7196440500
349.7810144098
349.8452953526
349.9196154213
349.9753268442
350.0143763718
350.0370025766
350.0826080733
350.1344832522
350.1849269969
350.2153306613
350.2659891211
350.3065845978
350.3234755225
350.3519562935
350.3691048764
350.3805420365
350.4075675160
350.4460158412
350.4772735948
350.4874081496
350.5101393263
350.5170149823
350.5095238095
350.5095238095
350.5214047142
350.5407767917
350.5661131787
350.5780083977
350.5745156981
350.5562649108
350.5427521710
350.5779463689
350.6233944079
350.6217053154
350.6073050864
350.5904141617
350.5738667812
350.5772449661
350.5693386774
350.5534688424
350.5348888253
350.5362773165
350.5417549384
350.5451331234
350.5288720298
350.5148153450
350.5014743773
350.4795161752
350.4763097624
350.4752218723
350.4650873175
350.4518417788
350.4547380475
350.4702261666
350.4584025193
350.4454098674
350.4357142857
350.4357142857
350.4445605497
350.4437398607
350.4303177784
350.4184941311
350.4023189236
350.3956198111
350.4277125680
350.4166141807
350.4033590992
350.3998854853
350.3796163756
350.3734421223
350.3752457296
350.3701784521
350.3966027293
350.4209084836
350.4259757610
350.4148678309
350.4011928619
350.3866924325
350.3765578777
350.3639612558
350.3553010783
350.3569901708
350.3525336387
350.3584454624
350.3739622101
350.3756513026
350.3704408818
350.3684082451
350.3836100773
350.3857142857
350.3780799695
350.3620479053
350.3654260903
350.3698730795
350.3700400802
350.3531491555
350.3252648153
350.3112367592
350.3213713141
350.3264672202
350.3335098769
350.3360387442
350.3107023571
350.3163994656
350.3141664281
350.2803845787
350.2929573433
350.2927473996
350.2783757992
350.2581066896
350.2535929001
350.2610029583
350.2812720679
350.2909199351
350.2919362535
350.2859814868
350.2893596717
350.2904761905
350.2847695391
350.2628113370
350.2595238095
350.2550577345
350.2457104686
350.2609123008
350.2677163852
350.2704790533
350.2772354232
350.2948325222
350.2879091516
350.2389254700
350.2596812673
350.2632359958
350.2547619048
350.2547619048
350.2356522569
350.2242866686
350.2394885008
350.2531109839
350.2568613417
350.2527722111
350.2561503960
350.2464070999
350.2387202977
350.2488548526
350.2739717530
350.2703549957
350.2354852562
350.2321070713
350.2365111175
350.2470560168
350.2639469415
350.2780036263
350.2849890257
350.2831997328
350.2764433629
350.2738095238
350.2633075675
350.2109457009
350.1946559786
350.1904761905
350.1904761905
350.1658555206
350.1547619048
350.1441979196
350.0749451284
349.6656169482
348.9567611413
347.8841874225
347.0019658364
346.2231701498
345.4727120908
344.2548764195
342.9548764195
341.5971180456
340.1850367401
338.7344975666
337.3123532780
335.9436826033
334.8204361103
333.4338581926
331.8498329993
330.0931768299
328.4623437351
326.8252218723
325.1471228171
323.9647580876
323.1000190858
322.2108216433
320.3055253364
318.3646722015
316.4018942647
314.4188997042
312.3288338582
310.2138896841
308.0724735185
305.8715860292
303.7040652734
301.5259375895
299.2997137131
297.0673251264
294.8343448802
292.5857763145
290.1855759137
287.8211709133
285.4529678404
283.0308092375
280.5852896269
278.1514696059
275.7330136463
273.2500477145
270.8003626300
268.3483824792
265.8231892356
263.2690380762
260.7111222445
258.1572144289
255.6555205649
253.1519896937
250.6302318924
248.0307185800
245.4857142857
242.9668384388
240.4652924897
237.9380952381
235.4651159462
233.0310191812
230.5396077870
228.0944317206
225.6677306995
223.2421939116
220.8623198779
218.5231558355
216.2200925661
213.9077249738
211.6214762859
209.3643763718
207.1533543277
204.9567420555
202.8008159175
200.6945462353
198.6372316061
196.6147151446
194.6203931673
192.6526004390
190.7242437255
188.8214667430
186.9431959156
185.1248735566
183.3122769348
181.5139564844
179.7691239622
178.0358001718
176.3355138849
174.6903378185
173.0673394408
171.4725784903
169.9309810096
168.6067325126
167.2537408150
165.9026099819
164.5834287623
163.2311814104
161.9559547667
160.7596955816
159.4472707319
158.2230508636
157.0538314725
155.9136940548
154.8062601393
153.7100820689
152.6208846264
151.5432436301
150.4997709705
149.4843973662
148.4945891784
147.5061217673
146.5368212616
145.5976858479
144.6453812387
143.7394932723
142.8711852276
142.0114371600
141.1642857143
140.3288100010
139.5079110602
138.7073575723
137.9337389064
137.1819686993
136.4151207176
135.7001288291
135.0003006012
134.2824363012
133.5823790438
132.8847838534
132.1890924707
131.5235900372
130.8954003245
130.2832713045
129.6583070904
129.0599961828
128.4735232370
127.8960635557
127.3369739479
126.7728027484
126.2114323886
125.6759900754
125.1577297452
124.6429859719
124.1261236759
123.6597003531
123.3654070045
123.1567325126
122.6415593091
121.8298883481
120.9099246111
119.9876801221
119.1087222063
118.2576868022
117.4368451188
116.6801316920
115.9616805039
115.2789436015
114.6438448325
114.0336482489
113.3963450711
112.7259662182
112.1263383911
111.6011165188
111.1474091039
110.7926996851
110.4850367401
110.2313436397
110.0404761905
