80.2666666667
80.2666666667
80.2666666667
80.2616384284
80.2235987126
80.9101172041
81.8292645898
82.5245460618
83.4743061881
84.6620635210
86.1329325317
87.8845448473
89.6436995203
91.3876419506
93.0148964596
93.7566223356
94.2939819032
95.6824315297
97.3725754539
99.2370680755
101.2721928706
103.2466994595
105.2713487581
107.3596465659
109.5574968118
111.8054229671
114.1012145503
116.4723568349
118.8962045303
121.3500091091
123.8310439060
126.3083257424
128.7860933989
131.2696058784
133.9767656525
136.5711908666
139.1214428858
141.8687556932
144.6692050768
147.5043116536
150.3741968786
153.1757757940
155.9900103237
158.8387623732
161.9076638125
164.8551588025
167.7067286087
170.6125402320
173.5600898767
176.5595676201
179.6576911399
182.7489403049
185.7961255845
188.7737900043
191.7494564887
194.6752839011
197.5655917896
200.5982024655
203.6090483998
206.6082893059
209.6092002186
212.6051922026
215.6185522560
218.6680694723
221.7310196150
224.8093581102
227.9051254023
231.0455152730
234.0987733042
237.1184125827
240.2482358657
243.3343596283
246.3934232101
249.4260338860
252.6168883221
255.7555535313
258.7967753689
261.8927855711
265.0332847513
268.1935021558
271.2641525475
274.3377664420
277.4623428676
280.7231918382
283.8325863849
286.8998724722
289.9493896885
292.1704864274
293.9069958098
295.2696605332
296.8821218194
298.0092123641
298.9405052529
300.0394303759
302.0231675472
304.3783142042
306.9882613712
309.6590149997
312.1788425336
314.5080463958
316.3487459768
318.0570595737
319.6640493107
321.1771846724
322.6710815571
324.1121940851
325.4562640432
326.8323374021
328.0839132811
329.1804578855
330.1758304488
331.0915285116
331.9464018947
332.7727090545
333.5883463897
334.3609947167
335.0372563308
335.6990890873
336.3389384830
336.9518005708
337.5438331208
338.1064128257
338.6393332119
339.1275095646
339.6243578065
340.1125341592
340.5626707961
340.9748648813
341.3768931803
341.7763101961
342.1697151880
342.5214853950
342.8362968361
343.1744276432
343.4961620210
343.7963502763
344.0499483816
344.3446893788
344.6387320095
344.9092366551
345.1239144957
345.3734560029
345.6642011295
345.8882127892
346.0826137123
346.2606121334
346.4508107123
346.6519766806
346.8524199915
347.0426185705
347.2143559847
347.3741300783
347.5219894334
347.6572417562
347.7755753932
347.8832817149
348.0037408150
348.0542721807
348.0913888383
348.1716949050
348.3014817514
348.4265075606
348.5300601202
348.6397522317
348.7134997267
348.7644804761
348.8933928463
348.9673589603
349.0148357321
349.0655553531
349.1095220745
349.1756968482
349.2834760430
349.3282929495
349.3652942248
349.4012449141
349.4688710755
349.5072387199
349.5403473614
349.6227667456
349.6697819882
349.7036315054
349.7332179511
349.7514726423
349.7878119876
349.8462197122
349.8758061578
349.8853768142
349.8911702192
349.9503431105
349.9620756665
349.9686160199
350.0066557357
350.0501244914
350.0721867978
350.0637335277
350.1054168944
350.1465112042
350.1802878484
350.1676079432
350.1796016275
350.2060545333
350.2419809316
350.2675229246
350.2858869254
350.2964535131
350.3391813931
350.3562336795
350.3470759701
350.3301694298
350.3324770754
350.3396915042
350.3270115990
350.3093763284
350.2999089087
350.3083621789
350.3264711241
350.3312928888
350.3196574968
350.2858444161
350.2740207688
350.2746280440
350.2682880913
350.2729580373
350.2807554503
350.2870954029
350.2712090848
350.2606060606
350.2605878424
350.2584745248
350.2515030060
350.2442096314
350.2568895366
350.2531365762
350.2425699885
350.2320034007
350.2232100565
350.2224631080
350.2330296958
350.2251229732
350.2189409121
350.2142770389
350.2058237687
350.1931256452
350.1813202162
350.1792068986
350.1753992834
350.1758365215
350.1842897917
350.1809011963
350.1735045849
350.1640553835
350.1703953361
350.1740632781
350.1736624765
350.1630958887
350.1557600049
350.1501184187
350.1458917836
350.1530333394
350.1517094796
350.1398797595
350.1567862999
350.1410092913
350.1090909091
350.1090909091
350.1121637214
350.1176291978
350.1260824680
350.1163782110
350.1045970729
350.0940304852
350.0897491954
350.0867006741
350.0824983300
350.0634784721
350.0517459161
350.0497783446
350.0666848849
350.0610129350
350.0561850975
350.0604117326
350.0222991437
350.0096253112
350.0221230339
350.0326896217
350.0253355195
350.0125827412
350.0146960588
350.0085200704
349.9933989191
349.9659257910
349.9597619481
349.9851217587
350.0391874658
350.0349608308
350.0164389385
349.9962348940
350.0089147993
350.0137001275
350.0138276553
350.0096010202
350.0295317909
350.0396004129
350.0333090423
350.0311957248
350.0156555535
349.9984939576
350.0301937208
350.0453938179
350.0520981357
350.0542114532
350.0385316087
350.0255480658
350.0213214307
350.0212121212
350.0086536710
349.9849577944
349.9574846663
349.9342746098
349.9196939333
349.9260338860
349.9561790247
349.9686038744
349.9411307463
349.9314750714
349.9580919415
350.0157344993
350.0241877695
350.0165361025
350.0047306735
350.0131839436
350.0232586385
349.9422481326
349.6780834396
348.6935264468
347.8035282687
347.1166575575
346.4932288820
345.4542296715
344.1337887897
342.8045120544
341.7729337463
340.7220501609
339.3631869800
337.8440031578
336.2638792737
334.6366247647
333.0177749438
331.3859476529
329.7871864942
328.4874962045
327.2039047793
325.7869982389
323.9674318334
323.5927126981
322.8090362543
320.9091637821
319.1326471124
317.3528450841
315.5523653367
313.6229064189
311.6325256574
309.5946499059
307.5024655371
305.4651909880
303.4158559543
301.3173316330
299.1216432866
296.9482419384
294.8003461468
292.5221898342
290.2714519949
288.0376753507
285.8038987065
283.4750227728
281.1137790733
278.7510900589
276.3828080403
274.0317787089
271.7017489525
269.2925669521
266.8306370316
264.3386348454
261.8935264468
259.4303455396
256.9657678994
254.5164328657
252.0795955547
249.6216068501
247.1300054655
244.6404688164
242.1716402502
239.7123459039
237.1890447562
234.6971397340
232.2091091273
229.6858079796
227.2700127528
224.8727454910
222.4635634906
220.0583530698
217.7079067225
215.4076941762
213.0682516548
210.7894759215
208.5425456975
206.2855225603
204.0561668792
201.8762798324
199.7777555110
197.6124916500
195.5013724419
193.4605635513
191.4381186616
189.4765956155
187.5538288699
185.6222566345
183.7417866035
181.8850063764
180.0400801603
178.2755814660
176.5400376511
174.8261371227
173.0848424121
171.4279771665
169.8311835793
168.1975891176
166.6595190381
165.2014210239
163.8510111131
162.5198396794
161.2351065768
160.0157223538
158.7841683367
157.5821096739
156.4032185583
155.1859476529
154.0423817332
152.9475374992
151.8887654096
150.8049432198
149.7415801300
148.7271877088
147.7517823526
146.7548794559
145.7376874962
144.8183943645
143.9253355195
143.0510718407
142.1888382826
141.3202404810
140.4576425578
139.6123155402
138.7744701524
137.9709661748
137.2086050890
136.4773972187
135.7338616627
134.9916256756
134.3069107913
133.6100989859
132.9156191170
132.2393575029
131.5720531973
130.9255966478
130.3063946074
129.6975466084
129.0831420417
128.4691504221
127.8964413676
127.3122669582
126.7314264893
126.1777372928
125.6308981600
125.0967996599
124.5811501791
124.4638732009
124.0914192020
123.4226027813
122.4272302180
121.4684216919
120.5379789883
119.6377057145
118.7554017125
117.9220865974
117.1739721868
116.4315965264
115.7117325560
115.0205562640
114.4351673043
113.7299022287
112.9766745612
112.3743790612
111.8731341471
111.4209570656
110.9982935568
110.6306491771
110.3465780045
110.1606060606
