284.4897959184
286.8743364280
289.1234591632
291.1515152754
292.7891088299
294.3086744918
295.8618379616
297.3901353728
298.8954316797
300.2693141385
301.5767862255
302.7507913787
303.8791337778
304.9623123799
305.5140444154
306.0504764631
306.5656782954
307.7277984541
309.1195452129
310.8175698335
312.6246288495
314.5179011083
316.5116396057
318.4686965768
320.3329966055
321.9809864627
323.5134227639
324.7856815672
325.9674041961
327.0418960370
328.0794568729
329.0876651262
330.0160361539
330.9225839434
331.8144247679
332.6287104822
333.4209480185
334.1767453274
334.8889084291
335.5825569506
336.2539568934
336.8778004990
337.4534661159
338.0114637438
338.5621283383
339.0987444276
339.6065028015
340.0975461126
340.5749580794
341.0364034191
341.4735061961
341.8861723447
342.2935503660
342.7104985481
343.0997791501
343.4650811828
343.7957834035
344.1225512249
344.4475440677
344.7657314629
345.0785612040
345.3556868840
345.6223999018
345.8755920003
346.1267310130
346.3447670852
346.4279047892
346.5284160157
346.6417856120
346.9090630240
347.1815631263
347.4498711709
347.6407999673
347.7941352092
347.8835712241
348.0094311071
348.1757065151
348.3011083391
348.4245225144
348.5643450166
348.6840701812
348.7911414666
348.7930882173
348.8253895546
348.9097869208
349.0093656701
349.1132469020
349.2127602143
349.2928878164
349.3546112633
349.4298310908
349.5011737761
349.5578585743
349.5981023271
349.6301664554
349.6792932804
349.7180319823
349.7419655638
349.7868553433
349.8357245102
349.8772933622
349.9251196270
349.9780254386
350.0074557278
350.0469469551
350.1124493886
350.1518179216
350.1812400311
350.2328861805
350.2748681036
350.3050999959
350.3185800172
350.3270622878
350.3295816122
350.3283792074
350.3246002208
350.3599525582
350.3836734694
350.3836734694
350.3891947160
350.3934154022
350.3707414830
350.3758578381
350.4098687170
350.4055171568
350.3938652816
350.3774896732
350.3809496544
350.3958324813
350.3870148460
350.3806510981
350.3781317738
350.3513803116
350.3247065560
350.3398225021
350.3442722179
350.3392335692
350.3639687538
350.3803975298
350.3690605701
350.3720461331
350.3815099587
350.3789906343
350.3683734817
350.3469592246
350.3438755061
350.3479816776
350.3643572860
350.3664185514
350.3576009161
350.3523659564
350.3460880946
350.3372704593
350.3257780868
350.3132918899
350.3019549303
350.3041634289
350.3217986994
350.3127479449
350.3026133900
350.3051327144
350.3099464235
350.3162447344
350.2989202896
350.2946873339
350.3135822666
350.3230706311
350.3271359045
350.3157989448
350.3063760173
350.2988180443
350.3147069650
350.3258885117
350.3158112143
350.3163142612
350.3221545131
350.3108175535
350.2866999305
350.2438714163
350.2643859147
350.2925810805
350.2724264856
350.2770070754
350.3022003190
350.2702793342
350.2510490368
350.2712036318
350.2844546235
350.2923234224
350.2683898409
350.2478180851
350.2314424768
350.2223385547
350.2122039998
350.1920494049
350.1983967936
350.2235900372
350.1989816367
350.1816326531
350.1816326531
350.1752484561
350.1697026706
350.1923765899
350.2059097787
350.2096887653
350.1068545254
349.9887202977
349.8753507014
349.8789824547
349.9533393317
350.0389963601
350.0923193325
350.0935789947
349.9862336919
349.8698049160
349.9012964705
349.9452987608
350.0007238968
350.0663817431
350.1096601366
350.0932845282
350.1044415361
350.1286245961
350.1298842583
350.1327389473
350.1377775960
350.1488773465
350.1587256145
350.1562062901
350.1473191281
350.1334628441
350.1279088790
350.1232751217
350.1194961351
350.1298515398
350.1442844873
350.1367265143
350.1245225144
350.1068872439
350.1114964623
350.1200359903
350.1275939634
350.1540673183
350.1931168459
350.1370618789
350.0990920617
350.0965727373
350.0987157989
350.0987117091
350.0709991411
350.0621815059
350.0722588033
350.0912028138
350.1136477036
350.1426199337
350.1417815222
350.1241953294
350.1090793833
350.1100609382
350.1352541818
350.1329638870
350.1240889943
350.1215696700
350.1061510777
350.0796981719
350.0636620179
350.0504273854
350.0416097501
350.0609995501
350.0906588688
350.0705042739
350.0475890557
350.0211361499
350.0369391845
350.0576418142
350.0601611386
350.0604965032
350.0592368410
350.0748681036
350.0899676905
350.1025643123
350.1332379044
350.1634207190
350.1231115292
350.0972311971
350.0871538996
350.1148664676
350.1294711873
350.0816040244
350.0640423705
350.0653020326
350.0791174185
350.0711504642
350.0270622878
350.0191853094
350.0159216392
349.9680544763
349.8467056562
349.6564966668
348.8781890311
348.0546398920
347.2912846100
346.6625904871
346.0889943152
345.0951208540
344.0782135700
343.0289149728
341.8814199828
340.7011655965
339.4855915913
338.2833053863
337.0916649626
336.1473763854
335.1365588319
333.9436587461
332.6010960697
331.1912886998
329.7628317860
328.3446811991
326.9388982046
325.6907774733
324.6666721197
324.3492372500
323.2706433275
321.6721320191
319.9840538219
318.2980450697
316.6201750440
314.8933172467
313.1389513721
311.3086622224
309.4591018772
307.5897631999
305.7303259580
303.8611590528
301.9590691587
299.9875955994
297.9763240767
295.9961351274
294.0105026379
292.0164574046
289.9367551429
287.8378184941
285.7719725165
283.6826510163
281.5727168623
279.4593349965
277.3481984377
275.2433029324
273.1079301460
270.9550693223
268.7544394912
266.5467383747
264.3297329353
262.0912559814
259.8506932232
257.6223508241
255.3947282320
253.1676454951
250.8998200483
248.6732935258
246.5343871416
244.3130792197
242.0646967404
239.8804425177
237.7222812973
235.5934522105
233.4721238395
231.3352705411
229.1421986831
227.0190953335
224.9406527340
222.8971371314
220.8712159012
218.8746513435
216.8601365997
214.8499447875
212.9088053658
210.9728027484
209.0417406241
207.1891210993
205.3516665985
203.5289354219
201.7233814568
199.9285387101
198.1813872643
196.4486646763
194.7367837716
193.0576990716
191.3884503701
189.7244366284
188.1157171486
186.5524763813
184.9787084373
183.4200605292
181.8971289518
180.4149482639
178.9520796695
177.5009488364
176.0594127030
174.6296961269
173.2510817553
171.9032432211
170.6322440800
169.3864136436
168.1582430166
166.9983231770
165.8398184123
164.6796695432
163.5708232792
162.4848595149
161.4292626068
160.3847081919
159.3517852031
158.3461617112
157.3543658746
156.3919839679
155.4169727210
154.4346897877
153.4912028138
152.5564762177
151.6356631631
150.7746922416
149.9295857020
149.0704960942
148.2345957221
147.4195942906
146.6057339168
145.7955911824
144.9944460349
144.2083922948
143.4319250746
142.6975420228
141.9545867245
141.2000490777
140.4992679236
139.8084618216
139.1043106621
138.4236432048
137.7610608973
137.1437037340
136.5232628522
135.8909124371
135.2727618502
134.6638624187
134.0907161261
133.5123062451
132.9278229929
132.3646067645
131.8092675146
131.2676127766
130.7335650894
130.2045069731
129.6791664963
129.1635066050
128.6646803812
128.1911414666
127.7247719930
127.2473600262
126.7876978447
126.3455564190
125.8900658460
125.4404277944
125.0121426527
124.5644227230
124.1075088953
123.7195329434
123.3188785735
122.8994110670
122.5065559691
122.1202813791
121.7297861028
121.3645617766
121.0206740011
120.9044415361
120.7009488364
120.2512494377
119.5627867981
118.7671751667
118.0365711014
117.3104167519
116.5898899840
115.9335160116
115.2959060979
114.6774119668
114.0940575028
113.5360271564
113.0143143430
112.5112510736
112.0413970799
111.4934603902
110.9252913991
110.4466197702
110.0151609341
109.6347429553
109.3117663899
109.0168745655
108.7813177375
108.6105967036
108.4795918367
