85.1514285714
85.1514285714
85.1514285714
85.1510277698
85.1375608360
85.9225250501
87.3355224735
88.1243000286
89.0434755225
90.1023819067
91.6010592614
93.2461895219
95.0083423991
96.9264185514
98.7164385915
100.2197995992
100.5064529058
101.9626910965
104.0157114228
106.0876953908
108.1970340681
110.3553507014
112.6370340681
115.0244603493
117.4706784999
119.9755281993
122.2717778414
124.6954136845
127.6542914400
130.4670999141
133.2393644432
136.0116289722
138.8526710564
141.7196621815
144.6073575723
147.4545433725
150.3566676210
153.3713369596
156.4531119382
159.5730203264
162.7377497853
165.9094188377
169.0529859719
172.1561523046
175.3094989980
178.5197824220
181.7960950472
185.0076782136
188.2679587747
191.5846722015
194.6001316920
197.5573947896
200.4717434870
203.9154308617
207.2962496421
210.6258917836
214.0176352705
217.3745662754
220.7130947610
224.1471628972
227.4438133410
230.6601545949
233.9826395648
237.4097337532
240.8829086745
244.2534898368
247.6001374177
250.9449355855
254.3424506155
257.7584025193
261.1782479244
264.5796106499
267.8641683367
271.1593186373
274.6472545090
278.0922473518
281.5259547667
284.9696421414
288.2763698826
291.3981047810
294.1626739193
296.4727340395
298.5473232179
300.3557400515
301.9348983682
303.3864758088
304.6850730031
305.7213169196
306.7697566562
307.9067506441
309.0008016032
310.0936215288
311.1921385628
312.1238076152
313.0229659319
313.8983166333
314.7883252219
315.5765874606
316.2480103063
316.7342628113
317.1941998282
317.6318980819
318.1513369596
318.7792155740
319.5013799027
320.1516404237
320.4892527913
320.6162267392
321.2434010879
322.2755167478
323.6245004294
325.2501517320
327.1223303750
329.1443630117
331.1413169196
332.9879301460
334.7085027197
336.2014085313
337.4460635557
338.5454967077
339.5343544231
340.2911651875
340.9319782422
341.5052848554
342.0517205840
342.6346464357
343.3560893215
344.0054279989
344.6099971371
345.1563698826
345.5590380762
345.9025365016
346.1968851990
346.5879816776
347.0029487547
347.4242713999
347.7749327226
348.1369596336
348.5390438019
348.8254909820
349.0768050386
349.2980475236
349.4437045520
349.6242713999
349.8609046665
350.1374692242
350.3838018895
350.5915774406
350.8349269969
351.0632922989
351.2745147438
351.3514686516
351.4632922989
351.6155797309
352.0041969654
352.3411909533
352.6367420555
352.9503292299
353.2117091326
353.4410878901
353.7315888921
353.9823761809
354.2030060120
354.3915430862
354.5139135414
354.5813340968
354.5524763813
354.5018150587
354.4060234755
354.1559232751
353.9352991698
353.7819982823
353.8320183224
353.9379215574
354.0212997423
353.9674320069
354.0182765531
354.0773947896
354.0677755511
354.0536215288
354.0168336673
353.9302605210
353.8279988549
353.7793873461
353.8467220155
353.8766561695
353.9108273690
353.9646951045
353.9882622388
353.9992499284
353.9973260807
353.9118522760
353.8757114228
353.9199599198
353.9642084168
353.9911651875
353.9969367306
353.9971428571
354.0137360435
354.0483653020
354.1633152018
354.2062925852
354.1756484397
353.9928829087
353.8816261094
353.8386143716
353.9194159748
353.9149155454
353.8517492127
353.8555969081
353.8732550816
353.9023647295
353.9485370741
353.9077240195
353.8359919840
353.8879358717
353.8993873461
353.8987346121
353.9410592614
354.0071915259
354.0385914687
353.8904551961
353.7795762954
353.7043744632
353.6986029201
353.7661265388
353.8312625251
353.8197194389
353.8470312053
353.8507185800
353.7699169768
353.7248038935
353.6944345835
353.6771199542
353.6598053249
353.6472201546
353.6433724592
353.7578242199
353.8121500143
353.7390438019
353.6848955053
353.6329516175
353.5810077297
353.6002920126
353.6380131692
353.6918809047
353.6795820212
353.6849985686
353.7138562840
353.6517434870
353.5545891784
353.4258860578
353.4374291440
353.4764901231
353.5407500716
353.6215516748
353.6506842256
353.6281190953
353.4684397366
353.3609103922
353.2969424563
353.2950186086
353.3204866877
353.3586888062
353.3702318924
353.3293501288
353.2796163756
353.3296364157
353.3052447753
353.2813340968
353.4063841970
353.4496707701
353.4356713427
353.3394789579
353.1438877756
352.9461208131
352.8460807329
352.8819467506
352.9833781849
353.1469052390
353.1631205268
353.1551846550
353.1763469797
353.1800000000
353.1905353564
353.2213169196
353.2537474950
353.3200916118
353.4432178643
353.4093673060
353.3686401374
353.3474778128
353.3139707987
353.3175322073
353.3713999427
353.3542570856
353.3446321214
353.3484798168
353.2527912969
353.2189178357
353.2515545376
353.2727168623
353.2908731749
353.3083252219
353.3814314343
353.3496707701
353.2420154595
353.2727970226
353.2578013169
353.2075064415
353.1363240767
353.1578700258
353.2329000859
353.2675293444
353.2332207272
353.1812539364
353.2447409104
353.2695791583
353.2817406241
353.3221414257
353.2589350129
353.1676896650
353.1369081019
353.1678499857
353.2259433152
353.2971256799
353.2471228171
353.1839106785
353.1877583739
353.2325737189
353.2527397652
353.1911766390
353.1737016891
353.1493329516
353.0916175208
352.8331863727
352.5025135986
352.1081248211
351.6208359576
351.0201145147
350.2640423705
347.7598740338
345.2308846264
342.9107243058
341.0829487547
339.3776409963
337.7808474091
336.1784712282
334.6204294303
333.1102089894
331.6843859147
329.9613970799
327.9246779273
324.7926538792
321.8294474664
319.1346292585
318.5343887776
317.2261723447
315.3540967650
313.1339765245
311.0352991698
308.9714056685
306.5589006585
303.6547838534
300.4956656169
297.5271686230
294.7620498139
292.0790724306
289.2914171200
286.3868651589
283.4401832236
280.5332493559
277.6110735757
274.6770970512
271.7239908388
268.7651130833
265.7976868022
262.8118751789
259.8545662754
256.8718637275
253.8090981964
250.8257600916
247.8604866877
244.8939135414
241.9515602634
239.0022616662
236.0318408245
233.1951732035
230.3875236187
227.5940967650
224.8732951618
222.1710163184
219.4834010879
216.8404466075
214.2418780418
211.6947036931
209.2673690238
206.8625422273
204.4769710850
202.1085084455
199.7866991125
197.5125050100
195.3327855711
193.1981620384
191.1046492986
189.0422845691
187.0091382766
185.0054165474
183.0815688520
181.1976009161
179.3447981678
177.5229144002
175.8589922703
174.2965874606
172.7690523905
171.2854050959
169.8399541941
168.4682507873
167.0899914114
165.7200057257
164.3963985113
163.1466876610
161.9239221300
160.6907357572
159.5003206413
158.3342055540
157.1952877183
156.0904780991
155.0073518466
153.9530833095
152.9450214715
151.9393644432
150.9139536215
149.9780017177
149.0636472946
148.1555911824
147.2806298311
146.4262009734
145.5970226167
144.7695562554
143.9516461494
143.1474778128
142.3733867735
141.6002519324
140.8249413112
140.1172115660
139.4255883195
138.7483939307
138.0806183796
137.4358545663
136.8145891784
136.2085771543
135.6126424277
135.0261666190
134.4470884626
133.8775951904
133.3182021185
132.7910678500
132.2572001145
131.7207901517
131.2051989694
130.7014028056
130.2072659605
129.7282278843
129.2541368451
128.7891669052
128.3582250215
127.9363412539
127.5188663040
127.1013913541
126.6974291440
126.2950128829
125.8775379330
125.4952762668
125.1282736902
124.7685141712
124.3940967650
124.0182937303
123.6508388205
123.3245061552
123.0980475236
123.0730375036
122.4475121672
121.6455024334
120.7528371028
119.8388834812
118.9183910678
117.9930203264
117.0981563126
116.1800000000
115.2200000000
114.4124305754
113.6443687375
112.9094589178
112.3138677355
111.7516232465
111.2187174349
110.7698081878
110.4494703693
110.2628571429
