310.3119047619
310.9046617044
311.5020135509
312.1077822311
312.6900658460
313.2616375608
313.8182507873
314.3331138467
314.7885246684
315.2561122244
315.7293157744
316.2165330661
316.6825985304
317.1249976143
317.5196822216
317.9047666762
318.2922273118
318.6858335719
319.0848601966
319.4659843497
319.8310287241
320.1519849222
320.4678165856
320.7800982918
320.9586458632
321.1502862869
321.3917263098
321.9997566562
322.8064700830
324.0454766676
325.3602347552
326.8117663899
328.3012548907
329.7922273118
331.0731606069
332.2500858861
333.2809046665
334.2494655979
335.1843162516
336.0112844737
336.7640471419
337.4348745109
338.0506107453
338.6496850845
339.2250930432
339.7842685371
340.3293157744
340.8782135700
341.4032159557
341.8513980342
342.2987212520
342.7454575818
343.1360482871
343.5057066514
343.8338915927
344.1715240004
344.5141664281
344.8568088558
345.1859290009
345.4909819639
345.7311050673
345.9496564558
346.2330231892
346.4976047333
346.7361532589
346.9054776219
347.0636367974
347.2862820880
347.5186134173
347.7614991889
347.8552867640
347.9544374463
348.2103349556
348.3970130738
348.5242389541
348.6437350892
348.7644050005
348.8916308808
349.0309476095
349.1784139708
349.3629831091
349.5042704457
349.5418599103
349.6535117855
349.8033543277
349.9016652352
349.9994512835
350.0963164424
350.1880045806
350.2803464071
350.4090180361
350.5053201641
350.5573671152
350.5881095524
350.6521376086
350.9832140471
351.0377278366
350.7948420651
350.8332283615
350.9307376658
351.0435060597
351.1554919363
351.2668145815
351.2656408054
351.2647819448
351.3052629068
351.3370598340
351.3630833095
351.4552963069
351.5462782708
351.6272401947
351.6633505105
351.6771638515
351.7508970322
351.7907338486
351.7719391163
351.8540414162
351.9688710755
351.9992317969
351.9982011642
351.9548287050
351.9778938830
352.0219200305
352.0797499761
352.0933915450
352.0601393263
352.1092995515
352.1746349843
352.2411394217
352.2911107930
352.3272545090
352.3244632121
352.3259375895
352.3534068136
352.3904809619
352.4338534211
352.4592375227
352.4721538315
352.4591420937
352.4499665999
352.4435251455
352.4840061075
352.5137990266
352.5253650157
352.5567849986
352.5925279130
352.5881906670
352.5931577441
352.6105067277
352.6075007157
352.6052819926
352.6443172058
352.6600486688
352.6513741769
352.6548668766
352.6223637752
352.4315249547
352.4323647295
352.5913970799
352.6331949614
352.6382288386
352.5731701498
352.5932722588
352.6684511881
352.6700400802
352.6101202405
352.4221729173
352.5204838248
352.7572573719
352.7630403664
352.7585790629
352.7368928333
352.7697919649
352.8204217960
352.8377707797
352.8432436301
352.8331233896
352.8173251264
352.7997757420
352.7809810096
352.7756942456
352.7843687375
352.7686134173
352.7552438210
352.7697013074
352.7929239431
352.8232846646
352.8105019563
352.8009686039
352.8139803416
352.8278747972
352.8423322836
352.7676209562
352.7083309476
352.6895362153
352.7356379426
352.8111699590
352.7793634889
352.7655072049
352.7814104399
352.8078585743
352.8147199160
352.5602681554
352.4935060597
352.6698873938
352.7618809047
352.8144527150
352.7652972612
352.7333190190
352.7188615326
352.7583595763
352.7874320069
352.7368308045
352.7062696822
352.6918121958
352.7075341159
352.7225594045
352.7268966504
352.7303464071
352.7332379044
352.7165569234
352.7135556828
352.7410249070
352.7207987403
352.6776171390
352.6414734230
352.5400324458
352.3318446417
352.4615612177
352.6958345262
352.7305324936
352.7208082832
352.6543038458
352.6324601584
352.6284282851
352.6602347552
352.5861294017
352.4054108216
352.5102920126
352.6436873747
352.6942885772
352.7126347934
352.7054060502
352.6705219964
352.6363679740
352.6117902472
352.6202261666
352.6491411394
352.6051102204
352.5845643668
352.6178165856
352.6491125107
352.6779702262
352.6577297452
352.6203311385
352.5552724497
352.5093663518
352.4757419601
352.4974281897
352.5159175494
352.5303750358
352.5160845501
352.5025574959
352.5358097147
352.5596335528
352.5740910392
352.5774262811
352.5770684226
352.5698396794
352.5617997901
352.5531252982
352.5973184464
352.6190333047
352.5655406050
352.5228122912
352.4866685752
352.4786764004
352.4199589656
352.2551436206
352.3458870121
352.5496659987
352.5395457582
352.4786239145
352.3369405478
352.3758851035
352.4691812196
352.4706269682
352.4785141712
352.4944174062
352.5103206413
352.5196392786
352.4921700544
352.4690810192
352.4502862869
352.4575436587
352.5567515984
352.9832474473
352.9030584979
352.4317444413
352.2151111747
351.9896889016
351.6788529440
351.2922654833
350.8599866399
350.1254652161
348.9233514648
346.7865349747
345.0556589369
343.5263765626
342.3509829182
341.0933867735
339.7069138277
338.4288720298
337.2018417788
336.1016270637
334.7762381907
333.1743486974
330.8988119095
328.5165950950
326.4592947800
324.5122149060
322.6717768871
320.8836434774
319.1361818876
317.5068231701
316.5003674015
315.9683319019
314.3433533734
312.3966409008
309.8463402996
307.4891401851
305.2467840443
302.9335719057
300.5447132360
298.0074243726
295.6110649871
293.2719725165
290.7607071285
288.2431959156
285.7160272927
283.2179740433
280.7315583548
278.2607739288
275.7272354232
273.1176591278
270.5080828323
267.9058354805
265.3425231415
262.7703359099
260.1896745873
257.6302652925
255.0578060884
252.4265435633
249.8505868881
247.3161895219
244.7430480008
242.1843591946
239.6716480580
237.1726071190
234.6815822120
232.3569185991
229.9961112702
227.5585790629
225.2636511117
223.0296974902
220.7251741578
218.4824887871
216.3341063079
214.1792251169
212.0326701021
209.9782612845
207.9343878233
205.9031109839
203.9489884531
202.0173394408
200.1075054872
198.2170245252
196.3447800363
194.5340251932
192.7457295543
191.0036024430
189.2872125203
187.5899036168
185.9448850081
184.3445176066
182.8481677641
181.4086172345
180.0019038076
178.6565368833
177.3223112892
176.0081257754
174.7219963737
173.4512978338
172.2426519706
171.0403569043
169.8476142762
168.7060024812
167.5850271973
166.4963784712
165.4163517511
164.3464977574
163.2977717339
162.2596669530
161.2505344021
160.2773594809
159.3376228648
158.3978862487
157.4733991793
156.6016127493
155.7056112224
154.7918980819
153.9737188663
153.1606021567
152.3423084264
151.5359862582
150.7364872602
150.0157171486
149.2952380952
148.5738095238
147.8765435633
147.1909581067
146.5273594809
145.8695820212
145.2204408818
144.5844116805
143.9576581735
143.3721299742
142.7812577536
142.1841635652
141.5941406623
141.0195915641
140.5135795400
139.9962591850
139.4685609314
138.9585647485
138.4557161943
137.9684989026
137.4779225117
136.9849222254
136.5189283329
136.0594092948
135.6112272163
135.1704504247
134.7338343353
134.3187613322
133.9048334765
133.4927951140
133.0878375799
132.6878280370
132.3220536311
131.9451283519
131.5518847218
131.1992461113
130.8599818685
130.5245681840
130.1905000477
129.8579778605
129.5242723542
129.1898081878
128.8529487547
128.5312625251
128.2233180647
127.9204504247
127.6202929669
127.3268059929
127.0400753889
126.7581544040
126.4965597862
126.2371648058
125.9798215479
125.7243391545
125.4698873938
125.2211995419
124.9694961351
124.7121528772
124.4792012597
124.2563126253
124.0293300887
123.8910964787
123.8809762382
123.3638419697
122.6809953240
121.9393262716
121.1908817635
120.4347552247
119.6322931577
118.8291392308
118.0701211948
117.2790390304
116.4592995515
115.7682317015
115.1155167478
114.5314342972
113.9949136368
113.4917931100
112.9981916213
112.5446846073
112.1861389446
111.9688090467
111.8285714286
