300.4294117647
301.7729223152
303.0390899446
304.1056937404
305.1875751503
306.2815277614
307.3010020040
308.2908405045
309.1660025934
310.0099846752
310.8065189202
311.5352783999
312.2315336555
312.8461550552
313.4470588235
314.0156862745
314.5591378836
315.0787653739
315.5812212661
316.0737514244
316.4965185273
316.9156784157
317.3281897128
317.7270383905
318.1178985422
318.5025344807
318.8815867028
319.2394003694
319.5785099611
319.8964399387
320.2126645448
320.5205823412
320.5559078942
320.7199300562
321.1746041102
321.9211953318
322.8738457307
324.0395339699
325.2779323353
326.7502102244
328.1862391450
329.5730519863
330.8372195371
332.0496836811
333.1020040080
334.1213525089
335.0557703643
335.9932728202
336.9333883453
337.7827891076
338.6071279815
339.3842901489
340.1199575622
340.7877244685
341.3834413926
341.9418130378
342.3858226256
342.8192934889
343.2420605918
343.6738810955
344.1148807419
344.5249361468
344.9240402373
345.2886911077
345.6354277182
345.9465204920
346.2317340563
346.5006640732
346.7370269952
346.9728319384
347.2246689457
347.4734174231
347.7184172266
347.9434241031
348.1600612991
348.2797123659
348.4307202641
348.6586270580
348.8657864749
349.0572281819
349.1819717867
349.3119415301
349.5592204016
349.7434398208
349.8357420724
349.9241345436
350.0107391253
350.1776612048
350.3131360761
350.3427639593
350.4267436834
350.5600691579
350.6137412079
350.6469841644
350.6697748438
350.7177335062
350.8100357578
350.8928366537
350.9703249637
351.0373217022
351.1038704861
351.1722425243
351.2389759912
351.3039294275
351.3706118119
351.4393139220
351.5452905812
351.5851113993
351.4825533420
351.4982789108
351.5939997642
351.6587803057
351.7050296672
351.6742622500
351.7152854729
351.8497504814
351.8882352941
351.8882352941
351.9221855476
351.9669260089
352.0398561830
352.0976973555
352.1432787143
352.2002239774
352.2460253841
352.1833510158
352.1912766710
352.3097882039
352.3467326810
352.3433140791
352.3355731070
352.3180007073
352.2678612126
352.3043655939
352.4251561947
352.4841290424
352.5215136155
352.4907461983
352.4698023498
352.4675232819
352.4680891194
352.4703681874
352.5169161853
352.5392471217
352.4321309285
352.4187394397
352.5144602931
352.5645604935
352.5984164407
352.6166489842
352.6222327007
352.5983024873
352.6027584581
352.6278282054
352.6450705332
352.6594522378
352.6640103737
352.6847341742
352.7280364651
352.7126016739
352.6715784510
352.6183229204
352.5662187119
352.5183582852
352.5545483123
352.6639435734
352.6537113443
352.6174859523
352.5946952729
352.5931235019
352.6273095210
352.6213918032
352.5940429879
352.6218633345
352.6360328500
352.5836142874
352.5914574247
352.6621085308
352.6521435027
352.6186176274
352.5981060160
352.6003654368
352.6493653975
352.6630948171
352.6539785453
352.6680891194
352.6823529412
352.6823529412
352.6793115643
352.6724743605
352.6705882353
352.6704978585
352.6442885772
352.6254901961
352.6254901961
352.5998703289
352.5542889701
352.6343078313
352.7197139377
352.6718535109
352.6244488978
352.5777280050
352.5550041259
352.5436087862
352.5912020119
352.6237180243
352.5997878109
352.5811623246
352.5674879170
352.5828598373
352.5969193289
352.5046170773
352.4665487838
352.5269440842
352.5584187984
352.5732327400
352.5870053833
352.5841761955
352.5123855554
352.5170379976
352.6070611812
352.6234154584
352.6152972612
352.6027623875
352.5962395379
352.6030767417
352.5944595072
352.5750874298
352.5725490196
352.5711972966
352.5620810248
352.5329875437
352.4771503792
352.4543400527
352.4452237809
352.4866792408
352.4876930331
352.3748791701
352.3669888797
352.4467562576
352.4720539117
352.4812487721
352.4516208888
352.4276631695
352.4128492279
352.4214232386
352.4419348501
352.4399190538
352.4256866675
352.3732681048
352.3698495029
352.4154308617
352.3908562222
352.3499548116
352.3659082872
352.3814766788
352.3962906205
352.4054776219
352.4111752918
352.3964399387
352.3849581516
352.3997720932
352.4073244528
352.4061849189
352.4083932571
352.4118275767
352.4163857126
352.3955597469
352.3135133011
352.2771268026
352.2748477347
352.3055679987
352.3402412668
352.3630319462
352.3526228928
352.2945066604
352.2497504814
352.2110063264
352.2826790837
352.3208259657
352.2467562576
352.2388188141
352.2900978427
352.2862077095
352.2693111714
352.2544972298
352.2521788675
352.2715509450
352.2791661755
352.2803057095
352.2940822822
352.2935950332
352.2331997328
352.1992101851
352.1935125152
352.2069197218
352.2260088805
352.2385437542
352.2174584463
352.1251561947
352.1203701521
352.1739282487
352.1984282290
352.2180360721
352.2328500138
352.1987583009
352.1018979135
351.9012377697
351.6596565680
351.3499390939
351.0050925380
350.5686510275
349.4160634995
347.6896695351
345.9822939998
344.3341899485
343.1183072026
341.8388148847
340.4611183151
339.1837989705
337.9553813509
336.7801053087
335.6196353491
334.4994734567
332.8460253841
330.6809108413
328.4645054816
326.2573067704
324.3588431765
322.5084011160
320.7478211325
318.7204880349
316.5348618806
314.8328853786
313.3798066722
312.7975048135
311.5372588314
309.4986325592
307.2953475579
305.0353491296
302.7631183936
300.4988408189
298.2528193642
295.8706628944
293.3910369759
291.0499233762
288.7213053558
286.3339816889
283.9236472946
281.4816259971
279.0300326142
276.5743369091
274.1130614170
271.6546151126
269.2046170773
266.6884160478
264.1153483437
261.5916381783
259.0756650556
256.5288066329
254.0042202051
251.5166175488
248.9476364494
246.3358245904
243.9242092027
241.5000746591
238.9782859837
236.5087547644
234.0929427482
231.7264214704
229.3733034697
226.9996542104
224.6833431569
222.4829030610
220.2615977052
218.0269715902
215.8359385438
213.6672560808
211.5819089159
209.5134189949
207.4656764509
205.4983574993
203.5610475854
201.6090258949
199.6824433180
197.8193052772
195.9812998546
194.1626036386
192.3477582616
190.5463515266
188.8347715038
187.1337655704
185.4483948289
183.8330464851
182.2502338009
180.6838657708
179.1407010099
177.6684231208
176.2489528076
174.8780934418
173.5746944870
172.2896066643
171.0213053558
169.7574993124
168.5017328775
167.2961255845
166.1189869936
162.9726393964
160.5140673504
161.5932060199
161.6425910645
160.5577547251
159.5004558136
158.4549923376
157.4909465991
156.5176038351
155.5239302134
154.5816220677
153.6745530276
152.7734488585
151.8742543911
150.9808597587
150.1007269441
149.2380997289
148.4151361547
147.6083461040
146.8398994067
146.0663365948
145.2777790876
144.5098392864
143.7588864003
143.0305670164
142.3125663091
141.6413808008
140.9618334709
140.2689968172
139.6064953436
138.9592400487
138.3324413533
137.7147550002
137.1244764038
136.5273134504
135.9233604464
135.3533026838
134.7946324021
134.2658886400
133.7367558647
133.2068725687
132.6989154780
132.2043577351
131.7169790562
131.2310110417
130.7478486385
130.2714802153
129.8031317537
129.3398286770
128.8788871861
128.4504224135
128.0263507407
127.6126999096
127.2174230815
126.8356792015
126.4432158435
126.0523085386
125.6830995324
125.3143620574
124.9462925852
124.6011277457
124.2661047585
123.9044874062
123.5512947464
123.2253880310
122.8988761837
122.5718299344
122.2577115014
121.9666430901
121.8788989744
121.6397933121
121.1418169673
120.4805807694
119.7307674172
118.9587567291
118.1793547880
117.3782624072
116.5838186176
115.7964006444
115.0124720028
114.2351801643
113.5765295296
112.9441038941
112.3663601713
111.8518802311
111.3789736335
110.8638178317
110.3696451727
110.0129710401
109.7086054462
109.4704428465
109.3768203073
109.3392156863
