295.9568627451
297.1926519706
298.3733741994
299.4031985540
300.4045817124
301.3812173366
302.2870525364
303.1703878345
303.9863255924
304.8064560494
305.6348422335
306.3846005737
307.0828441196
307.7810876655
308.4752446069
309.1440645998
309.7862194978
310.3894023341
310.9727651381
311.5465244214
312.3620102951
313.1483358875
313.7662305002
314.2667688318
314.6379582695
315.0108295021
315.3863098747
315.9544107823
316.5366576290
317.1556839169
317.5958033714
317.8866438760
317.8179653424
317.7517269834
318.6695155016
319.7857401077
321.2750245589
323.2136076074
325.4339541829
326.7829816496
328.0635309835
329.6184525915
330.9871193367
332.0950292742
333.0976619906
334.0516641125
334.5534677198
335.1698062792
336.2777162167
337.1809815710
337.8679083658
338.5070847578
339.1276199458
339.6063185194
340.0820818107
340.5505953083
341.0153365555
341.4770600024
341.9127077685
342.3426421470
342.7715470156
343.1607882432
343.4787889504
343.8116428936
344.1534087783
344.4739675429
344.7890761916
345.0889700971
345.3724311368
345.6338480883
345.8944791544
346.1547644308
346.3976344847
346.6252897953
346.8040944634
346.9857086722
347.1701717160
347.3926716177
347.6249832999
347.7969979174
347.9788125270
348.1836457228
348.3423631577
348.4657157452
348.6211324610
348.7867224645
348.9858972848
349.1475853668
349.2449094267
349.3199418445
349.3821839758
349.4638374789
349.5362214625
349.5531965893
349.5889858148
349.6489645959
349.7823293646
349.9464222563
349.9410782349
349.9750874298
350.1493653975
350.2341467248
350.2318833746
350.3882235058
350.5843805258
350.6330425557
350.6960430665
350.7911037762
350.8489842430
350.8795394711
350.9597469449
351.0418562615
351.0656214390
351.1069472278
351.1771110849
351.2501984361
351.3248889937
351.3158709576
351.3246414397
351.4502573775
351.5261974930
351.5409092695
351.5823332940
351.6343903493
351.6541985933
351.6629690754
351.6403355731
351.6335101576
351.6414318834
351.7017485952
351.7766749185
351.8558921765
351.8935360918
351.8426107116
351.7989901371
351.7605131832
351.8003340013
351.8528350819
351.9003654368
351.9316122441
351.9372706197
351.9243624504
351.9017289481
351.9303116036
351.9616173524
351.9865142049
352.0072615820
352.0231050336
352.0414122362
352.0606507132
352.0652795788
352.0727533498
352.0885968014
352.0972729773
352.0995363276
352.0829030610
352.0630280168
352.0675547173
352.0877598334
352.1398168887
352.1452394986
352.1192109710
352.0863334512
352.0667177492
352.1414083068
352.1523831978
352.0675075641
352.0761837400
352.1316358207
352.1352941176
352.1444103894
352.1896773940
352.2322920351
352.2719006641
352.2590278596
352.2272348619
352.1649927306
352.1186883571
352.1152933318
352.1319973280
352.1659475814
352.1543164761
352.1347361389
352.1539746159
352.1451019686
352.0817281622
352.1160006287
352.2133246886
352.2165782545
352.2041376871
352.1781091595
352.1697001847
352.1866753114
352.2051829148
352.2244213918
352.2383158474
352.2518959488
352.2654760501
352.2627883217
352.2424181697
352.2423238634
352.2479193681
352.1687021101
352.1369091123
352.2263114464
352.2542496758
352.2316161735
352.2256041495
352.2181539550
352.1536484734
352.1339895477
352.1973633542
352.2054815513
352.1794530237
352.2045267005
352.2317183386
352.2339816889
352.2419505678
352.2577940194
352.2176195528
352.1519823962
352.1414554599
352.1461079021
352.1947699320
352.1653110142
352.0544068529
352.0685685096
352.1217886754
352.1308420763
352.1428661244
352.1621046014
352.1452827223
352.1000157177
352.1164721600
352.1409092695
352.1171440921
352.1109513144
352.1358481669
352.1514990766
352.1616841526
352.1009037683
352.0490471138
352.0852607175
352.1161145821
352.1398797595
352.1178356713
352.0759636921
352.0843412315
352.0887343314
352.0740225549
352.0909976816
352.1396597116
352.1119022358
352.0622735667
352.0486934654
352.0453691697
352.0657393218
352.0480883335
352.0016896538
351.9941176471
351.9883413887
351.9328893080
351.9270501788
352.0051357617
352.0217650988
352.0036582970
351.9814491729
351.9570474282
351.9242288499
351.9148650242
351.9352351762
351.9323588353
351.9199104091
351.9317537035
351.9403512908
351.9369562655
351.9347164918
351.9335848167
351.8998860466
351.8571888876
351.8209752839
351.7837007348
351.7440921058
351.7838854179
351.8812094778
351.8788203859
351.8545601006
351.8002396951
351.7658021926
351.7635388424
351.7825847774
351.8131400055
351.8022004794
351.7783252780
351.7138197965
351.7218515462
351.8180439310
351.8410310818
351.8353727062
351.8408739047
351.8428032536
351.8337498526
351.8353059059
351.8466226571
351.8508035679
351.8505520846
351.8075484302
351.7345789618
351.5987779481
351.3581005148
351.0446265079
350.6748595230
350.2564226492
349.5627058038
348.3286101615
346.2576447012
344.4935282329
342.8876812448
341.5829423553
340.2917639200
338.9586506346
337.6720499823
336.4396557822
335.2600730874
334.1001060945
332.7991708908
331.1623757319
328.5900781956
326.2402255491
324.0866478054
321.9303587567
319.8125820268
318.2497386931
316.6793508586
315.0938740226
314.0032850014
313.2416676490
311.6401351723
309.8128570867
307.3593854375
304.8812998546
302.3667177492
300.0265629298
297.7722661008
295.5041769814
293.1765138119
290.6211914024
288.1893158867
285.8954104287
283.3738496601
280.7752013832
278.6159652639
276.4489685253
274.2614405281
271.9678651420
269.5845573500
266.9989115486
264.3731109277
261.8392903454
259.3272545090
256.8568077331
254.4278557114
252.0253094424
249.2927069826
246.5548783842
244.0538763802
241.5322998939
238.9815041848
236.5354512947
234.1385634013
231.7835121223
229.4409917875
227.1357695784
224.8447483202
222.5689496640
220.3703878345
218.1983378522
216.0696569610
213.9551534441
211.8762662580
209.8267436834
207.8010452277
205.8059491532
203.8257495383
201.9313253959
200.0276828166
198.1072301466
196.2564108609
194.4479940273
192.6999331997
190.9610082911
189.2306770404
187.5343824905
185.8844001729
184.2524028449
182.6284490550
181.0923415458
179.5738457307
178.1026680813
176.6850563873
175.3225195489
173.9901017722
172.6672678691
171.3477346851
170.0418955558
168.7687610515
167.5618295414
166.4063892491
165.2509489567
164.0985893355
162.9748359464
161.8568588157
160.7489488781
159.6946756258
158.6716413219
157.6465715745
156.6350426343
155.6923572635
154.7452512869
153.7923808401
152.8950724979
152.0214193092
151.1400919486
150.2609218437
149.3895320052
148.5551770207
147.7573460647
146.9516641125
146.1464143974
145.4108255727
144.6652088491
143.8968014460
143.1679437306
142.4685685096
141.7787025030
141.0933239027
140.4301622854
139.7725175842
139.1240677433
138.5083303863
137.9108059256
137.3132814649
136.7177610122
136.1315533027
135.5483633935
134.9689457346
134.4394710991
133.9302172973
133.3888286377
132.8567998743
132.3554677983
131.8471570592
131.3322448819
130.8447404613
130.3626547212
129.8364257928
129.3624032378
129.0013988762
128.6186097686
128.2202601281
127.5706432473
126.9480018861
126.8563362018
126.6416715785
126.2308735117
125.8230303745
125.4167590082
125.0760894338
124.7413257888
124.4074816299
124.0679751660
123.7216825808
123.3950056977
123.0758733153
122.7287437620
122.4086525993
122.1676057998
122.0120004715
121.9339148886
121.2331722268
120.3723132540
119.5710872726
118.7691225588
117.9656332272
116.4431765492
114.4287948446
114.4842469252
114.7319344571
114.0189791347
113.3320051868
112.6846870211
112.0974105073
111.5406263507
111.0659829463
110.6057566113
110.1791150929
109.8282958073
109.5646155055
109.4078902904
109.2901960784
