84.1722222222
84.1722222222
84.1722222222
84.1719550212
84.1663103986
84.9621465153
86.3033066132
87.1010799377
88.1257236696
89.3403640615
90.8568859942
92.5212035181
94.2643787575
96.0273825429
97.6817189935
98.9503006012
99.1158761968
100.4760354041
102.2746882654
104.2296092184
106.2696337119
108.3243097306
110.3676631040
112.5638499221
114.7980627923
117.0521487419
119.3537742151
121.7439100423
124.2463593854
126.8292195502
129.4350423068
132.0616733467
134.6001336005
137.2363059452
139.9663326653
142.7754731686
145.6369850813
148.5521264752
151.6039857493
154.5713204186
157.4921064351
160.4517702071
163.3989645959
166.3580494322
169.3967379203
172.4621465153
175.5318692941
178.5799654865
181.6779392118
184.8051102204
187.9660988644
191.1437430416
194.3297539523
197.5246103318
200.7338955689
203.9697227789
207.2454854153
210.5483244266
213.7865286128
216.9324649299
220.2030950790
223.5249944333
226.8967156535
230.1412491650
233.4551658873
236.8335560009
240.1921064351
243.5336450679
246.8686038744
250.2704297484
253.6664940993
257.0745323981
260.5817245602
264.0094689379
267.3834725006
270.7006290358
274.1322032955
277.5581997328
280.8076207971
283.7972723224
286.5239367624
288.7874304164
290.7718381207
292.6021320419
294.2560064574
295.8220106880
297.3702961479
298.9150411935
300.4091850367
301.8160654643
303.1105655756
304.1973001559
305.2294422178
306.2134880873
307.2236417279
308.2272489423
309.2209196170
310.1259407704
310.9632709864
311.7414161657
312.4507570697
313.1532175462
313.8527722111
314.5621131151
315.2096637720
315.7593910042
316.0115174794
316.3206134491
316.8568191939
318.0817022935
319.6699677132
321.4384602538
323.3651580940
325.2407537297
326.9730238254
328.4312179915
329.7668225340
331.0390837230
332.2413883322
333.3966210198
334.5085671343
335.5678746382
336.5262803385
337.3926909374
338.1603596081
338.7644121576
339.3857659764
340.0240870630
340.6242985972
341.2192496103
341.8013248720
342.2867624137
342.7174237364
343.1181808061
343.5565798263
343.9728345580
344.3690158094
344.7265085727
345.0866399466
345.4381652193
345.7561456246
346.0304664885
346.2931919394
346.5641338232
346.8350757070
347.0988031619
347.3471665553
347.5733188599
347.7615174794
347.8913437987
348.0798151859
348.2731574260
348.4631930528
348.6585226008
348.8281507459
348.9673847695
349.0361779114
349.1632765531
349.3450345135
349.4485192607
349.5729347584
349.7185593409
349.9161211312
350.0546314852
350.1545925184
350.2561957248
350.3773936762
350.5150133601
350.6805889557
350.7712814518
350.8154141617
350.8097695391
350.8714595858
350.9682865731
351.0981128925
351.1712480517
351.2200456468
351.2482687597
351.3650244934
351.4787575150
351.5577822311
351.5382765531
351.5287296816
351.5513081719
351.6635994211
351.7588399020
351.8265753730
351.8314740592
351.8704575818
351.9437263416
352.0133433534
352.0423625028
352.0401914941
352.0571253618
352.1023101759
352.1667501670
352.2344856379
352.2705243821
352.2851425072
352.2794978847
352.3104820753
352.3554609218
352.3930917390
352.4041750167
352.4095635716
352.4246158985
352.4025105767
352.3947172122
352.4398741928
352.4787296816
352.5082108662
352.5232631931
352.4634157203
352.4368180806
352.4725673569
352.5170841683
352.5270930750
352.4951068804
352.5036573146
352.5424014696
352.6075818303
352.5793587174
352.5356045424
352.4845858383
352.5015197061
352.5409429971
352.5875194834
352.5762302383
352.5904252950
352.6211868181
352.6644622578
352.6986194611
352.7124693832
352.6673124026
352.6694722779
352.6877922512
352.7047261189
352.6624304164
352.6391727900
352.6937374749
352.7169060343
352.7001614340
352.6230182587
352.5757348029
352.5705911824
352.6213927856
352.6512191049
352.6538911156
352.6256680027
352.6507181029
352.6714150523
352.6840625696
352.5975116900
352.5727510577
352.6001614340
352.6415553329
352.6471442886
352.6338955689
352.6621186818
352.6963816522
352.7146849254
352.6356602093
352.5799821866
352.5488532621
352.5695502115
352.6401469606
352.6874304164
352.6178134046
352.5909763972
352.5834502338
352.5928579381
352.6445001113
352.6679692719
352.6246938321
352.6723502561
352.7030338455
352.6898630595
352.7080549989
352.7050601202
352.6730739256
352.6081217992
352.5712591850
352.5647851258
352.6080605656
352.6318748608
352.6392729904
352.6449176130
352.6216154531
352.5833333333
352.5833333333
352.6206078824
352.6673012692
352.6541304832
352.5996325985
352.5424571365
352.5462202182
352.6052048542
352.6445168114
352.5692551770
352.5586562013
352.5747828991
352.6105321755
352.6322533957
352.6192718771
352.5477733244
352.5257069695
352.5316967268
352.5693275440
352.5895902917
352.6016811401
352.6054442218
352.5909485638
352.5731073258
352.5535459809
352.5968214206
352.6156479626
352.6115620129
352.5758127366
352.5766199065
352.6004230684
352.6041861501
352.5552883545
352.4936985081
352.5238031619
352.5603373413
352.5858216433
352.5575985304
352.5637497217
352.5854375418
352.6155421955
352.6207581830
352.6120630149
352.5876029837
352.5320808283
352.4752449343
352.4282064128
352.4419283010
352.3764863059
352.1770429748
351.8356379426
351.4376530839
350.9842017368
350.3960476509
349.0188265420
346.8272099755
344.5354932086
342.6642284569
341.1535849477
339.6464707192
338.0357492763
336.3764863059
334.9182921398
333.5089401024
331.9992540637
329.7978512581
327.0663883322
324.2312179915
321.9620797150
321.3444444444
320.8144956580
318.7071698953
316.6319305277
314.5912992652
312.6100367401
310.2867679804
307.6330716990
304.4946615453
301.8145012247
299.2888053886
296.8954854153
294.0293308840
291.1992651971
288.4691494099
285.7989200623
283.0316967268
280.1613337787
277.3634825206
274.5333890002
271.6745490982
268.8033177466
265.9167334669
263.0165553329
260.0945223781
257.1701180138
254.2480850590
251.3467490537
248.3956969495
245.4395290581
242.5570084614
239.6649409931
236.7851480739
233.9534290804
231.1042752171
228.2789245157
225.5224671565
222.7922233356
220.0793754175
217.3887719884
214.7683032732
212.2166555333
209.7556000891
207.2670229348
204.7931641060
202.3415163661
200.0291750167
197.7543587174
195.5138777555
193.3218826542
191.1759797373
189.0723335560
186.9988755288
184.9963371187
183.0463482521
181.1064796259
179.1984747272
177.3502894678
175.7321643287
174.1267312403
172.5449510131
171.0340737030
169.5707359163
168.1178579381
166.6408483634
165.2665998664
163.9303440214
162.6113838789
161.3200790470
160.0548318860
158.8280672456
157.6435649076
156.4810342908
155.3427020708
154.2300879537
153.1461645513
152.0962647517
151.0824370964
150.0801491873
149.0887664217
148.1291805834
147.1775662436
146.2364395458
145.3558784235
144.5122244489
143.6926074371
142.8459140503
142.0438543754
141.2714428858
140.5150634603
139.7789022489
139.0555666889
138.3443442440
137.6385326208
136.9540080160
136.3293364507
135.7046648853
135.0832665331
134.4698842129
133.8855878424
133.3085894010
132.7328378980
132.1716655533
131.6352816745
131.1347918058
130.6223391227
130.1265586729
129.6542919172
129.1784290804
128.7177299043
128.2737140949
127.8390781563
127.4242596304
127.0264974393
126.6144399911
126.2099421064
125.8141783567
125.4472778891
125.0721943888
124.6945780450
124.3314406591
123.9884324204
123.7038855489
123.6229792919
123.1567913605
122.4750890670
121.5945279448
120.6996047651
119.7980683589
118.8911656647
117.9720607882
117.0532509463
116.1407036295
115.2798151859
114.4813348920
113.7701124471
113.1576875974
112.5781952794
112.0287853485
111.6747550657
111.4272266756
111.2861111111
