298.8219512195
299.9315362432
300.8832200987
301.3077569774
302.3499193509
304.1142284569
306.0596314580
308.0858301970
310.1666748130
312.2090571387
314.0119605064
315.7319859231
317.3184857520
318.8026687521
320.2223862359
321.5909184222
322.9449582091
324.2364876094
325.5158267755
326.7673835476
327.9650618310
329.1159978494
330.2278703749
331.3278068332
332.3467080502
333.3531208759
334.3179774183
335.0905225084
335.6349772716
336.2685664011
336.9425876143
337.6507893836
338.3339019502
338.8563028496
339.1778728188
339.1709809864
339.4490884207
339.9094628281
340.4578767291
341.0010117797
341.2560095801
341.4964661029
341.7032210763
342.0236179676
342.4440197468
342.8171318246
343.1755071118
343.5024048096
343.8075223618
344.0377095655
344.2666454861
344.4940759568
344.7130162765
344.9280414488
345.1291949753
345.3288577154
345.5273424899
345.7247910455
345.9205190870
346.0978591329
346.2632631116
346.4079036121
346.5500757613
346.7141013735
346.8612933183
346.9688059045
347.0945256366
347.2364973850
347.3732391612
347.5083190772
347.6406715871
347.7654186422
347.8632826629
347.9692164817
348.0849992668
348.1332127670
348.1497531649
348.2416638154
348.3426658194
348.4543135051
348.5628818613
348.6662593480
348.7555110220
348.8354562784
348.9268879222
349.0192971308
349.0923505548
349.1706779412
349.2616501295
349.3417713476
349.4120680385
349.4802825163
349.5478224742
349.5827508676
349.6300307933
349.7237597146
349.8002443912
349.8553790508
349.9114472848
349.9679603109
350.0244733369
350.0766019845
350.1014125813
350.1353731854
350.1849943790
350.2403978689
350.2996676279
350.1896622513
350.0573977223
350.1194242143
350.1906691432
350.2843980644
350.3666308226
350.4383058801
350.5068722811
350.5744122391
350.6162275771
350.6549391466
350.6838848429
350.6981670658
350.6940319664
350.6527494012
350.5934796422
350.6476318491
350.7098929566
350.7471088519
350.7873454226
350.8328315167
350.8561464392
350.8644166382
350.8521873014
350.8385404956
350.8729996579
350.8951854929
350.8869152940
350.8900630529
350.9038467178
350.9269123613
350.9531013246
350.9374700621
350.9235250990
350.9193899995
350.9316193362
350.9647001320
350.9756097561
350.9756097561
350.9768512635
350.9823891686
351.0154699643
351.0460579696
351.0722469329
351.0772129625
351.0675643971
351.0771934112
351.0884109683
351.0539518061
351.0284862408
351.0257295078
351.0109242876
350.9847353243
350.9759958942
350.9732391612
350.9812356420
350.9815680141
350.9512439513
350.9407595679
350.9559215993
350.9637323427
350.9678674422
350.9831321179
350.9966811672
350.9897893348
350.9828975023
350.9760056699
350.9747934894
350.9775502224
350.9656288186
350.9510826531
350.9483259201
350.9536780879
350.9798670512
350.9976098539
351.0072584193
351.0230363165
351.0409550809
351.0361063591
351.0317073171
351.0317073171
351.0352852046
351.0435554035
351.0536536488
351.0646805807
351.0239747788
350.9825846816
350.9798279486
350.9726721736
350.9575101422
350.9584779315
350.9708832299
350.9720465321
350.9702869153
350.9606383499
350.9525147857
350.9483796862
350.9617185591
350.9920426218
350.9796666504
350.9520993206
350.9712351532
350.9850676964
350.9712840315
350.9586832201
350.9476562882
350.9539029278
350.9690649592
350.9351532333
350.8980057676
350.8814653698
350.8750867589
350.8874920573
350.8934845300
350.8948628965
350.8872867687
350.8768757026
350.8493083728
350.8360428173
350.8608534141
350.8939928638
350.9353438584
350.9311647686
350.9104892712
350.9243804683
350.9338970624
350.9201133975
350.9163008945
350.9259494599
350.9310767877
350.9338335207
350.9427000342
350.9473483552
350.9142675595
350.8912459064
350.8871108070
350.8893494306
350.8962412630
350.8953321277
350.8919839679
350.8740652036
350.8650618310
350.8802238624
350.8767779461
350.8547240823
350.8457598123
350.8416247128
350.8653062222
350.8827264285
350.8689427636
350.8563224009
350.8452954690
350.8450608534
350.8505743194
350.8560877853
350.8597243267
350.8486973948
350.8381445818
350.8284960164
350.8220147612
350.8178796618
350.8093064177
350.7995112176
350.7857275527
350.7774426903
350.7843345227
350.7823305147
350.7713035828
350.7733027030
350.7801945354
350.8082017694
350.8309301530
350.8267950535
350.8238134806
350.8224351141
350.7969060071
350.7583117454
350.7257783860
350.6972579305
350.6945011975
350.6865829219
350.6686641576
350.6523192727
350.6371572413
350.6529253629
350.6732342734
350.5988024830
350.3681167212
349.6982306076
348.9671978103
348.1732587125
347.5936995943
347.0961092918
346.4183879955
345.6729947700
344.6667872330
343.6251234176
342.5334571582
341.4800430129
340.4476465125
339.3971406227
338.3261791876
337.1049464783
335.8707121560
334.6108851850
333.3377633315
332.0545041302
330.7448506770
329.4328119654
328.2680922821
327.1101520113
325.9716212914
325.3275135637
325.1993254802
324.0759323525
322.5652426805
321.0990908647
319.6320250257
318.1502810499
316.6588982844
315.1537220783
313.5441517181
311.8763282663
310.2133144337
308.5468937876
306.8446111736
305.1409501931
303.4345324796
301.6923652182
299.9225426463
298.1253482575
296.3208612347
294.5083093015
292.6922381348
290.8659025368
289.0228261401
287.1620313798
285.2340974632
283.2795737817
281.4268439318
279.5715235349
277.6776479789
275.7354318393
273.7230167652
271.7792267462
269.8743242583
267.8628427587
265.8397820030
263.8576909917
261.8637812210
259.8458526810
257.8379637323
255.8379539567
253.8117845447
251.7795151278
249.7850188181
247.7721296251
245.7045798915
243.6370301579
241.5694804243
239.5196148394
237.4768757026
235.4601397918
233.4430519576
231.4168532186
229.3984554475
227.3915538394
225.4030255633
223.4250696515
221.4805073562
219.5396940222
217.5851703407
215.6373918569
213.7035436727
211.7789041498
209.8615963635
208.0354367271
206.2344005083
204.4604428369
202.6981181876
200.9710249768
199.2478909038
197.5290678919
195.8229532235
194.1220489760
192.4146683611
190.7277530671
189.1426316047
187.5575101422
185.9723886798
184.4290287893
182.9100689183
181.4208025808
179.9416393763
178.5150300601
177.0888655359
175.6636345862
174.2681411604
172.8966665037
171.5359939391
170.1788308324
168.8583557359
167.5662104697
166.3615181583
165.2007087345
164.0883669779
163.0081235642
161.9412679017
160.8576372257
159.7802140867
158.7395473875
157.7344640501
156.7833911726
155.8176108314
154.8431057236
153.9040862212
152.9726428467
152.0587858644
151.1559264871
150.2765286671
149.4259201329
148.5989002395
147.7579011682
146.9134317415
146.1126008114
145.3180849504
144.5434429835
143.7753018232
143.0144435212
142.2632631116
141.5161884745
140.8063932744
140.1067109829
139.4450950682
138.7747983772
138.0911285987
137.4418691041
136.8133339850
136.1777310719
135.5424507552
134.9235642016
134.3146830246
133.7274989002
133.1463365756
132.5701793832
132.0111491275
131.4570457989
130.9029424703
130.3645583851
129.8766166479
129.3738354758
128.8541913094
128.3634341854
127.8851410137
127.4094090620
126.9356322401
126.4711227333
126.0050002444
125.5363556381
125.0916613715
124.6616110269
124.2468106946
123.8455838506
123.5671538198
123.3244244587
123.1603988465
122.6777946136
121.9265848771
121.1689818662
120.4095410333
119.6610880297
118.9297326360
118.2543330564
117.5904589667
116.9398699839
116.3314335989
115.7414927416
115.1668605504
114.6067940760
114.1188523388
113.6186568258
113.0990126595
112.5666112713
112.0262916076
111.5677452466
111.1295029083
110.7573439562
110.4077227626
110.1086172345
109.8526027665
109.6334424947
109.5076201183
109.4097560976
