270.7800000000
270.7209485638
270.6618971276
270.6028456914
270.5437942552
270.4847428190
270.4256913828
270.3666399466
270.3755243821
270.4191315965
270.4627388110
270.5063460254
270.5499532398
270.5935604542
270.6371676687
270.6969405478
270.7905143621
270.8840881764
270.9776619906
271.0712358049
271.1648096192
271.2583834335
271.3519572478
271.3067869071
271.2595457582
271.2123046092
271.1650634603
271.1178223113
271.0705811623
271.0233400134
271.0002004008
270.9902070808
270.9802137609
270.9702204409
270.9602271209
270.9502338009
270.9402404810
270.9209886440
270.8810153641
270.8410420842
270.8010688043
270.7610955244
270.7211222445
270.6811489646
270.6411756847
270.6435270541
270.6471609886
270.6507949232
270.6544288577
270.6580627923
270.6616967268
270.6653306613
270.7143486974
270.7897528390
270.8651569806
270.9405611222
271.0159652639
271.0913694055
271.1667735471
271.1948830995
271.1094856379
271.0240881764
270.9386907148
270.8532932532
270.7678957916
270.6824983300
270.5971008684
270.7713560454
270.9575951904
271.1438343353
271.3300734803
271.5163126253
271.7025517702
271.8887909152
271.8264529058
271.6102338009
271.3940146961
271.1777955912
270.9615764863
270.7453573814
270.5291382766
270.4360320641
270.6604275217
270.8848229793
271.1092184369
271.3336138945
271.5580093520
271.7824048096
272.0068002672
271.8737875752
271.7184368737
271.5630861723
271.4077354709
271.2523847695
271.0970340681
270.9416833667
270.9824315297
271.1523179693
271.3222044088
271.4920908484
271.6619772879
271.8318637275
272.0017501670
272.0845824983
271.9255978624
271.7666132265
271.6076285905
271.4486439546
271.2896593186
271.1306746827
270.9716900468
271.1266533066
271.3065330661
271.4864128257
271.6662925852
271.8461723447
272.0260521042
272.2059318637
272.2131997328
272.0996392786
271.9860788243
271.8725183701
271.7589579158
271.6453974616
271.5318370073
271.4568871075
271.4977688711
271.5386506346
271.5795323981
271.6204141617
271.6612959252
271.7021776887
271.7430594522
271.7044221777
271.6580895124
271.6117568470
271.5654241817
271.5190915164
271.4727588510
271.4264261857
271.3759251837
271.3223246493
271.2687241149
271.2151235805
271.1615230461
271.1079225117
271.0543219773
270.9902471610
270.8921309285
270.7940146961
270.6958984636
270.5977822311
270.4996659987
270.4015497662
270.3034335337
270.4098730795
270.5397862391
270.6696993988
270.7996125585
270.9295257181
271.0594388778
271.1893520374
271.1821910488
271.0668136273
270.9514362057
270.8360587842
270.7206813627
270.6053039412
270.4899265197
270.3975951904
270.3866933868
270.3757915832
270.3648897796
270.3539879760
270.3430861723
270.3321843687
270.3212825651
270.1668937876
269.9933734135
269.8198530394
269.6463326653
269.4728122912
269.2992919172
269.1257715431
268.7797327989
268.2891516366
267.7985704743
267.3079893120
266.8174081496
266.3268269873
265.8362458250
265.3366867067
264.8024983300
264.2683099532
263.7341215765
263.1999331997
262.6657448230
262.1315564462
261.5973680695
261.2145223781
260.8547628591
260.4950033400
260.1352438210
259.7754843019
259.4157247829
259.0559652639
258.7587307949
258.5170741483
258.2754175017
258.0337608550
257.7921042084
257.5504475618
257.3087909152
257.0179826319
256.5192251169
256.0204676019
255.5217100868
255.0229525718
254.5241950568
254.0254375418
253.5266800267
253.4324114896
253.4078824315
253.3833533734
253.3588243153
253.3342952572
253.3097661991
253.2852371409
253.0110086840
252.5013493654
251.9916900468
251.4820307281
250.9723714095
250.4627120908
249.9530527722
249.4344154977
248.8738810955
248.3133466934
247.7528122912
247.1922778891
246.6317434870
246.0712090848
245.5106746827
244.9615631263
244.4146559786
243.8677488310
243.3208416834
242.7739345357
242.2270273881
241.6801202405
241.1350300601
240.5917568470
240.0484836339
239.5052104208
238.9619372077
238.4186639947
237.8753907816
237.3465197061
236.8922778891
236.4380360721
235.9837942552
235.5295524382
235.0753106212
234.6210688043
234.1668269873
233.7133333333
233.2600000000
232.8066666667
232.3533333333
231.9000000000
231.4466666667
230.9933333333
230.5135470942
230.0057047428
229.4978623914
228.9900200401
228.4821776887
227.9743353373
227.4664929860
226.9541082164
226.4153774215
225.8766466266
225.3379158317
224.7991850367
224.2604542418
223.7217234469
223.1829926520
222.6288309953
222.0710220441
221.5132130929
220.9554041416
220.3975951904
219.8397862391
219.2819772879
218.7173279893
218.1449832999
217.5726386106
217.0002939212
216.4279492318
215.8556045424
215.2832598530
214.7101937208
214.1323981296
213.5546025384
212.9768069472
212.3990113560
211.8212157649
211.2434201737
210.6656245825
210.0596927188
209.4464662659
208.8332398130
208.2200133601
207.6067869071
206.9935604542
206.3803340013
205.7666933868
205.1525584502
204.5384235137
203.9242885772
203.3101536406
202.6960187041
202.0818837675
201.4677488310
200.8536138945
200.2394789579
199.6253440214
199.0112090848
198.3970741483
197.7829392118
197.1688042752
196.5858249833
196.0116633267
195.4375016700
194.8633400134
194.2891783567
193.7150167001
193.1408550434
192.5847294589
192.0514495658
191.5181696727
190.9848897796
190.4516098864
189.9183299933
189.3850501002
188.8488710755
188.2874281897
187.7259853039
187.1645424182
186.6030995324
186.0416566466
185.4802137609
184.9187708751
184.3760855043
183.8391716767
183.3022578490
182.7653440214
182.2284301937
181.6915163661
181.1546025384
180.5859185037
179.9745090180
179.3630995324
178.7516900468
178.1402805611
177.5288710755
176.9174615898
176.3050100200
175.6817902472
175.0585704743
174.4353507014
173.8121309285
173.1889111556
172.5656913828
171.9424716099
171.3608149633
170.7930126921
170.2252104208
169.6574081496
169.0896058784
168.5218036072
167.9540013360
167.3678690715
166.7555511022
166.1432331329
165.5309151637
164.9185971944
164.3062792251
163.6939612558
163.0859853039
162.5327187709
161.9794522378
161.4261857047
160.8729191717
160.3196526386
159.7663861055
159.2131195725
158.5783567134
157.9142551770
157.2501536406
156.5860521042
155.9219505678
155.2578490314
154.5937474950
153.9639144957
153.3861189045
152.8083233133
152.2305277221
151.6527321309
151.0749365397
150.4971409486
149.9208416834
149.3684836339
148.8161255845
148.2637675351
147.7114094856
147.1590514362
146.6066933868
146.0543353373
145.5000133601
144.9449298597
144.3898463594
143.8347628591
143.2796793587
142.7245958584
142.1695123580
141.6380494322
141.1447428190
140.6514362057
140.1581295925
139.6648229793
139.1715163661
138.6782097528
138.1856646627
137.7096192385
137.2335738143
136.7575283901
136.2814829659
135.8054375418
135.3293921176
134.8533466934
134.3971810287
133.9492985972
133.5014161657
133.0535337341
132.6056513026
132.1577688711
131.7098864395
131.3097661991
130.9917969272
130.6738276553
130.3558583834
130.0378891116
129.7199198397
129.4019505678
129.0901536406
128.9820440882
128.8739345357
128.7658249833
128.6577154309
128.5496058784
128.4414963260
128.3333867735
127.8931062124
127.3044088176
126.7157114228
126.1270140281
125.5383166333
124.9496192385
124.3609218437
123.8033266533
123.3027521710
122.8021776887
122.3016032064
121.8010287241
121.3004542418
120.7998797595
120.3001068804
119.8540414162
119.4079759519
118.9619104876
118.5158450234
118.0697795591
117.6237140949
117.1776486306
116.8286840347
116.5261589846
116.2236339345
115.9211088844
115.6185838343
115.3160587842
115.0135337341
114.7998129593
114.7598396794
114.7198663995
114.6798931196
114.6399198397
114.5999465598
114.5599732799
114.5200000000
