270.0666666667
270.0779272831
270.0891878996
270.1004485161
270.1117091326
270.1238381525
270.1362248306
270.1486115087
270.1609981868
270.1733848650
270.1857715431
270.1981582212
270.2105448993
270.2299933200
270.2649012310
270.2998091421
270.3347170532
270.3666666667
270.3666666667
270.3666666667
270.3666666667
270.3666666667
270.3618475045
270.3562171963
270.3505868881
270.3449565798
270.3548621052
270.3740051532
270.3931482012
270.4122912492
270.4309857811
270.4490027674
270.4670197538
270.4850367401
270.5019085791
270.5131691955
270.5244298120
270.5356904285
270.5469510449
270.5635079683
270.5803988930
270.5972898177
270.6141807424
270.6198492223
270.6209752839
270.6221013455
270.6232274072
270.6292489741
270.6405095906
270.6517702071
270.6630308236
270.6737188663
270.6827273595
270.6917358527
270.7007443458
270.7094665522
270.7072144289
270.7049623056
270.7027101823
270.7004580590
270.7134554824
270.7303464071
270.7472373318
270.7641282565
270.7682317015
270.7626013933
270.7569710850
270.7513407768
270.7495276267
270.7551579349
270.7607882432
270.7664185514
270.7722969749
270.7801794064
270.7880618380
270.7959442695
270.8038267010
270.8047619048
270.8047619048
270.8047619048
270.8047619048
270.8054967077
270.8066227693
270.8077488310
270.8088748926
270.8119095334
270.8175398416
270.8231701498
270.8288004581
270.8344307663
270.8400610745
270.8456913828
270.8513216910
270.8569519992
270.8560549671
270.8549289054
270.8538028438
270.8526767821
270.8473995610
270.8406431911
270.8338868213
270.8271304514
270.8323981296
270.8492890543
270.8661799790
270.8830709037
270.8955530108
270.8966790724
270.8978051341
270.8989311957
270.9006298311
270.9130165092
270.9254031873
270.9377898654
270.9501765436
270.9486783090
270.9441740624
270.9396698158
270.9351655692
270.9366733467
270.9423036549
270.9479339632
270.9535642714
270.9575532016
270.9586792633
270.9598053249
270.9609313866
270.9612940166
270.9567897700
270.9522855234
270.9477812768
270.9432770303
270.9520469510
270.9621815059
270.9723160607
270.9824506155
270.9818971276
270.9762668194
270.9706365111
270.9650062029
270.9629163088
270.9651684321
270.9674205554
270.9696726787
270.9721729173
270.9755511022
270.9789292871
270.9823074721
270.9856856570
270.9935299170
271.0014123485
271.0092947800
271.0171772116
271.0233419219
271.0289722302
271.0346025384
271.0402328466
271.0434583453
271.0445844069
271.0457104686
271.0468365302
271.0462448707
271.0417406241
271.0372363775
271.0327321309
271.0292585170
271.0382670102
271.0472755034
271.0562839966
271.0652924897
271.0762095620
271.0874701785
271.0987307949
271.1099914114
271.0996564558
271.0760091612
271.0523618666
271.0287145720
271.0177974998
271.0268059929
271.0358144861
271.0448229793
271.0503864873
271.0379998091
271.0256131310
271.0132264529
271.0008397748
270.9979005630
270.9956484397
270.9933963164
270.9911441931
271.0015650348
271.0173298979
271.0330947610
271.0488596240
271.0560740529
271.0538219296
271.0515698063
271.0493176830
271.0465120718
271.0420078252
271.0375035786
271.0329993320
271.0287813723
271.0411680504
271.0535547285
271.0659414066
271.0783280847
271.0756274454
271.0688710755
271.0621147056
271.0553583357
271.0586792633
271.0699398798
271.0812004962
271.0924611127
271.0988834812
271.0955052963
271.0921271114
271.0887489264
271.0864013742
271.0931577441
271.0999141139
271.1066704838
271.1134268537
271.1250978147
271.1374844928
271.1498711709
271.1622578490
271.1608645863
271.1518560931
271.1428476000
271.1338391068
271.1248306136
271.1158221204
271.1068136273
271.0978051341
271.0908960779
271.0931482012
271.0954003245
271.0976524478
271.0999045710
271.1129401660
271.1264529058
271.1399656456
271.1534783853
271.1497566562
271.1396221013
271.1294875465
271.1193529917
271.1176638992
271.1244202691
271.1311766390
271.1379330089
271.1422463976
271.1399942743
271.1377421510
271.1354900277
271.1335719057
271.1392022140
271.1448325222
271.1504628304
271.1560931387
270.6404523332
270.0053535643
269.3702547953
268.7351560263
268.3726596049
268.2037503579
268.0348411108
267.8659318637
267.4693673060
266.6608550434
265.8523427808
265.0438305182
264.3093234087
264.0829850177
263.8566466266
263.6303082355
263.4039698445
262.7183891593
261.9808187804
261.2432484016
260.5056780227
259.7281515412
258.9308998950
258.1336482489
257.3363966027
256.7490504819
256.4281229125
256.1071953431
255.7862677736
255.3586983491
254.5344212234
253.7101440977
252.8858669720
252.0615898464
251.1930336864
250.3237140949
249.4543945033
248.5850749117
248.3000858861
248.2054967077
248.1109075293
248.0163183510
247.7022234946
247.1898654452
246.6775073957
246.1651493463
245.6397652448
245.0834907911
244.5272163374
243.9709418838
243.3908483634
242.4832426758
241.5756369883
240.6680313007
239.7604256131
238.8896650444
238.0259757610
237.1622864777
236.2985971944
235.4761332188
234.6800076343
233.8838820498
233.0877564653
232.3603397271
231.7443840061
231.1284282851
230.5124725642
229.8704074816
229.0832903903
228.2961732990
227.5090562077
226.7219391163
225.7891974425
224.8444317206
223.8996659987
222.9549002767
222.0523904953
221.1684321023
220.2844737093
219.4005153163
218.5149823456
217.6276457677
216.7403091898
215.8529726119
214.9936921462
214.2245920412
213.4554919363
212.6863918313
211.9170054395
211.1141234851
210.3112415307
209.5083595763
208.7054776219
207.8402614753
206.9574291440
206.0745968127
205.1917644813
204.2741960111
203.3283042275
202.3824124439
201.4365206604
200.4775741960
199.4911441931
198.5047141903
197.5182841874
196.5411966791
195.6549861628
194.7687756465
193.8825651303
192.9963546140
192.1140375990
191.2323313293
190.3506250596
189.4689187900
188.5915068232
187.7165569234
186.8416070236
185.9666571238
185.0197919649
183.9680503865
182.9163088081
181.8645672297
180.8515030060
180.0170913255
179.1826796450
178.3482679645
177.5138562840
176.5372936349
175.5531157553
174.5689378758
173.5847599962
172.6573623437
171.7520087795
170.8466552152
169.9413016509
169.0442504056
168.1557877660
167.2673251264
166.3788624869
165.5016413780
164.6559690810
163.8102967840
162.9646244871
162.1214333429
161.3489550530
160.5764767630
159.8039984731
159.0315201832
158.2635747686
157.4967267869
156.7298788052
155.9630308236
155.2169481821
154.4861341731
153.7553201641
153.0245061552
152.3042561313
151.6038457868
150.9034354423
150.2030250978
149.5080923752
148.8538505583
148.1996087413
147.5453669243
146.8911251074
146.2599293826
145.6315869835
145.0032445844
144.3749021853
143.7532588987
143.1350510545
142.5168432102
141.8986353660
141.2979482775
140.7202786525
140.1426090276
139.5649394026
138.9888729841
138.4190857906
137.8492985972
137.2795114038
136.7097242103
136.1838343353
135.6590896078
135.1343448802
134.6096001527
134.1637942552
133.7448993225
133.3260043897
132.9071094570
132.4975283901
132.0966504437
131.6957724974
131.2948945510
130.8956388968
130.5003912587
130.1051436206
129.7098959824
129.3161179502
128.9456436683
128.5751693864
128.2046951045
127.8342208226
127.4880618380
127.1468651589
126.8056684798
126.4644718007
126.1307281229
125.8019181220
125.4731081210
125.1442981200
124.9380952381
124.9380952381
124.9380952381
124.9380952381
124.8568183987
124.2926615135
123.7285046283
123.1643477431
122.6001908579
122.1298215479
121.6681362725
121.2064509972
120.7447657219
120.3163183510
119.9030537265
119.4897891020
119.0765244775
118.7250978147
118.4469605878
118.1688233610
117.8906861342
117.6627922512
117.6042370455
117.5456818399
117.4871266342
117.4285714286
