268.1571428571
268.2396507300
268.3221586029
268.4046664758
268.4482870503
268.3270254795
268.2057639088
268.0845023380
268.0915927092
268.3066132265
268.5216337437
268.7366542609
268.8142570856
268.7892546999
268.7642523142
268.7392499284
268.8249451284
268.9449565798
269.0649680313
269.1849794828
269.1427617139
269.0927569425
269.0427521710
268.9990934249
268.9928428285
268.9865922321
268.9803416357
268.9967649585
269.0580208035
269.1192766485
269.1805324936
269.2141330280
269.2228838630
269.2316346980
269.2403855330
269.3711327417
269.5498997996
269.7286668575
269.9074339154
269.8181983014
269.7019372077
269.5856761141
269.4927378567
269.6114991889
269.7302605210
269.8490218532
269.9239049528
269.8914018513
269.8588987499
269.8263956484
269.8461971562
269.9224544327
269.9987117091
270.0749689856
269.9857906289
269.8157744060
269.6457581830
269.4757419601
269.6162897223
269.8063078538
269.9963259853
270.1729172631
270.1116614181
270.0504055731
269.9891497280
269.9773642523
270.1186277317
270.2598912110
270.4011546903
270.4401565035
270.3463975570
270.2526386106
270.1588796641
270.1120717626
270.0933199733
270.0745681840
270.0558163947
270.1871648058
270.3521805516
270.5171962974
270.6791678595
270.4453955530
270.2116232465
269.9778509400
269.8334001336
270.0496707701
270.2659414066
270.4822120431
270.5300887489
270.3138181124
270.0975474759
269.8812768394
269.9217482584
270.1480198492
270.3742914400
270.6005630308
270.7121385628
270.7896459586
270.8671533543
270.9446607501
270.9355949995
270.9230938067
270.9105926138
270.9087794637
270.9662849509
271.0237904380
271.0812959252
271.0228552343
270.7428285142
270.4628017941
270.1827750740
270.1879854948
270.4417597099
270.6955339250
270.9493081401
270.9048191621
270.7473041321
270.5897891020
270.4322740720
270.5885294398
270.7735470942
270.9585647485
271.1032350415
270.9107166714
270.7181983014
270.5256799313
270.4407195343
270.6094856379
270.7782517416
270.9470178452
270.9392785571
270.7467601870
270.5542418170
270.3617234469
270.4528771829
270.6778986545
270.9029201260
271.1279415975
271.1103635843
271.0566084550
271.0028533257
270.9542131883
270.9842160511
271.0142189140
271.0442217769
271.0200591660
270.8350415116
270.6500238572
270.4650062029
270.4416070236
270.6216242008
270.8016413780
270.9816585552
270.9074243726
270.6861532589
270.4648821452
270.2436110316
270.4026433820
270.6426662850
270.8826891879
271.1142570856
270.8004771448
270.4866972039
270.1729172631
269.9846168528
270.2796450043
270.5746731558
270.8697013074
271.0823551866
271.1698635366
271.2573718866
271.3448802367
271.3111461017
271.1923847695
271.0736234374
270.9548621052
270.8867162897
270.8329611604
270.7792060311
270.7254509018
270.8668193530
271.0143334288
271.1618475045
271.2740910392
271.2015841206
271.1290772020
271.0565702834
271.0235709514
271.0635747686
271.1035785857
271.1435824029
271.0738238382
270.9113083309
270.7487928237
270.5862773165
270.7141711995
270.9479435061
271.1817158126
271.4154881191
271.2993892547
271.1543754175
271.0093615803
270.8859624010
270.9297165760
270.9734707510
271.0172249260
270.9831090753
270.7718389159
270.5605687566
270.3492985972
270.3780799695
270.6506059739
270.9231319782
271.1956579826
271.3101536406
271.3526576963
271.3951617521
271.4376658078
271.3890829278
271.3278270827
271.2665712377
271.1968985590
271.0131310240
270.8293634889
270.6455959538
270.5802557496
270.8527817540
271.1253077584
271.3978337628
271.4130546808
271.1142761714
270.8154976620
270.5167191526
270.5898845310
270.8711613704
271.1524382098
271.4337150491
271.3665330661
271.2290199447
271.0915068232
270.9608359576
271.1221013455
271.2833667335
271.4446321214
271.5460444699
271.4272831377
271.3085218055
271.1897604733
271.1362439164
271.1787479721
271.2212520279
271.2637560836
271.1834430766
271.0196774501
270.8559118236
270.6921461972
270.8193243630
271.0255940452
271.2318637275
271.4381334097
271.2901708178
271.1339059071
270.9776409963
270.8404809619
270.7979769062
270.7554728505
270.7129687947
270.4574196011
269.8211088844
269.1847981678
268.5484874511
268.0942551770
267.7892260712
267.4841969654
267.1791678595
266.6084740910
265.9446607501
265.2808474091
264.6170340681
263.8659032350
263.1083309476
262.3507586602
261.5991411394
260.8903235042
260.1815058689
259.4726882336
258.7619143048
258.0468460731
257.3317778414
256.6167096097
255.9469892165
255.3219295734
254.6968699303
254.0718102872
253.4823551866
252.9085504342
252.3347456818
251.7609409295
251.0753316156
250.3752648153
249.6751980151
248.9748449280
248.2710277698
247.5672106117
246.8633934536
246.3249069568
246.2398988453
246.1548907338
246.0698826224
245.6728218341
244.9064987117
244.1401755893
243.3738524668
242.5767057925
241.7628781372
240.9490504819
240.1352228266
239.2941024907
238.4477717339
237.6014409772
236.7535833572
235.8572478290
234.9609123008
234.0645767726
233.1640900849
232.2490027674
231.3339154499
230.4188281325
229.5027101823
228.5851226262
227.6675350701
226.7499475141
225.8331138467
224.9167764100
224.0004389732
223.0841015364
222.1935680886
221.3097337532
220.4258994179
219.5420650825
218.7419410249
217.9431148010
217.1442885772
216.3296593186
215.4408245062
214.5519896937
213.6631548812
212.7436301174
211.7710373127
210.7984445081
209.8258517034
208.8365397462
207.8339440786
206.8313484111
205.8287527436
204.8448611509
203.8672678691
202.8896745873
201.9120813055
201.0060883672
200.1047523619
199.2034163565
198.2941311194
197.3315392690
196.3689474186
195.4063555683
194.4201164233
193.3837675351
192.3474186468
191.3110697586
190.3162801794
189.3611890448
188.4060979101
187.4510067755
186.4441168050
185.4152686325
184.3864204600
183.3575722874
182.3398893024
181.3235423227
180.3071953431
179.2915831663
178.2839870217
177.2763908770
176.2687947323
175.2642904857
174.2679454146
173.2716003435
172.2752552724
171.3126729650
170.3888348125
169.4649966600
168.5411585075
167.6427617139
166.7576772593
165.8725928047
164.9875083500
164.1522091803
163.3258803321
162.4995514839
161.6717912015
160.8079587747
159.9441263479
159.0802939212
158.2324935585
157.4386678118
156.6448420651
155.8510163184
155.0776600821
154.3325889875
153.5875178929
152.8424467984
152.1240958107
151.4227788911
150.7214619716
150.0201450520
149.2957820403
148.5657123771
147.8356427140
147.1055730509
146.4325699017
145.7600057257
145.0874415498
144.4141902853
143.7378757515
143.0615612177
142.3852466838
141.7304418361
141.1116327894
140.4928237427
139.8740146961
139.2919267106
138.7381238668
138.1843210230
137.6305181792
137.1371791201
136.6633839107
136.1895887012
135.7157934917
135.2242484970
134.7317014982
134.2391544995
133.7550243344
133.3237331806
132.8924420269
132.4611508732
132.0372459204
131.6284569138
131.2196679072
130.8108789007
130.4001431434
129.9876037790
129.5750644145
129.1625250501
128.7517606642
128.3417215383
127.9316824124
127.5216432866
127.1611508732
126.8061169959
126.4510831186
126.0965073003
125.7464739002
125.3964405000
125.0464070999
124.6977860483
124.3527531253
124.0077202023
123.6626872793
123.3223876324
122.9873556637
122.6523236950
122.3172917263
121.9930527722
121.6742723542
121.3554919363
121.0367115183
120.9808569520
120.9696058784
120.9583548048
120.9221967745
120.3671438114
119.8120908484
119.2570378853
118.7215096860
118.2489645959
117.7764195057
117.3038744155
116.8655310621
116.4729936063
116.0804561504
115.6879186945
115.3819543850
115.1294302891
114.8769061933
114.6243820975
114.5498902567
114.5173871553
114.4848840538
114.4523809524
