269.6259259259
269.6861129667
269.7463000074
269.8064870482
269.8784160914
269.9545015958
270.0305871001
270.0920433460
270.1374675276
270.1828917093
270.2319899057
270.2944481556
270.3569064054
270.4193646552
270.4471461441
270.4732650486
270.4993839531
270.5498923773
270.6112150226
270.6725376679
270.7333704446
270.7935574853
270.8537445261
270.9091071031
270.9409040303
270.9727009575
271.0044978847
271.0579603652
271.1136049878
271.1692496103
271.2050545536
271.2300378535
271.2550211534
271.2856973206
271.3254434796
271.3651896385
271.4050768203
271.4459585838
271.4868403474
271.5277221109
271.5548875529
271.5798708528
271.6048541527
271.6414458547
271.6857344318
271.7300230090
271.7677503154
271.7927336154
271.8177169153
271.8431455504
271.8738068730
271.9044681957
271.9351295183
271.9732130929
272.0129592518
272.0527054108
272.0943442440
272.1374972167
272.1806501893
272.1937430416
272.1346916054
272.0756401692
272.0207823054
272.0900541824
272.1593260595
272.2285979366
272.2619609590
272.2846730498
272.3073851407
272.3451495584
272.3973873673
272.4496251763
272.4801454761
272.4449417353
272.4097379945
272.3745342537
272.4458027165
272.5184814073
272.5911600980
272.6127588510
272.6150300601
272.6173012692
272.6374897944
272.6783715579
272.7192533215
272.7486305945
272.7327321309
272.7168336673
272.7009352037
273.1168336673
273.5597194389
274.0026052104
273.8626957619
273.4482001039
273.0337044459
272.8020930750
272.8248051659
272.8475172567
272.8675573369
272.8732353596
272.8789133823
272.8845914050
272.8984042158
272.9131670749
272.9279299339
272.9491724189
272.9741557188
272.9991390188
272.9949306019
272.9415571885
272.8881837750
272.8473020114
272.9063534476
272.9654048838
273.0244563200
273.0111408001
272.9850218956
272.9589029912
272.9561641802
272.9697914347
272.9834186892
273.0003859571
273.0242336525
273.0480813479
273.0708157055
273.0776293327
273.0844429600
273.0912565872
273.1135901432
273.1397090477
273.1658279522
273.2270615305
273.3179098939
273.4087582573
273.4574779188
273.3984264826
273.3393750464
273.2810584131
273.2594819268
273.2379054405
273.2163289542
273.2326356417
273.2610257552
273.2894158688
273.3037037037
273.3037037037
273.3037037037
273.3021004973
273.2952868700
273.2884732428
273.2816596155
273.3113412009
273.3420025236
273.3726638462
273.3847175833
273.3892600015
273.3938024197
273.3809322348
273.3468640986
273.3127959623
273.2890596007
273.3095004824
273.3299413642
273.3503822460
273.3465820530
273.3409040303
273.3352260076
273.3393898909
273.3484747272
273.3575595636
273.3500779336
273.3182810065
273.2864840793
273.2631782083
273.2904327173
273.3176872263
273.3449417353
273.3491501522
273.3502857567
273.3514213612
273.3574927633
273.3665775996
273.3756624360
273.3920953017
273.4216210198
273.4511467379
273.4782231129
273.4827655311
273.4873079492
273.4918503674
273.4973428338
273.5030208565
273.5086988792
273.4980479477
273.4753358569
273.4526237661
273.4210049729
273.3699027685
273.3188005641
273.2676983597
273.2165961553
273.1654939509
273.1143917465
273.2033919691
273.3294440733
273.4554961775
273.4841534922
273.4262376605
273.3683218288
273.3460105396
273.4209604394
273.4959103392
273.5702887256
273.5577970756
273.5453054257
273.5328137757
273.5262450828
273.5217026646
273.5171602464
273.5247012544
273.5451421361
273.5655830179
273.5764343502
273.5537222593
273.5310101685
273.5082980776
273.5074074074
273.5074074074
273.5074074074
273.4780227121
273.4360053440
273.3939879760
273.2962740295
273.1270689527
272.9578638759
272.7854523863
272.5980776368
272.4107028873
272.2233281378
271.9050248645
271.5745639427
271.2441030209
270.3747866103
269.2198767906
268.0649669710
266.9986788392
266.0697543235
265.1408298078
264.2312031470
263.4499072219
262.6686112967
261.8873153715
261.2234914273
260.5773324427
259.9311734580
259.1849254064
258.3741037631
257.5632821198
256.7288577154
255.8498997996
254.9709418838
254.0962294960
253.2672381801
252.4382468641
251.6092555481
250.7194759890
249.8166703778
248.9138647666
247.9638239442
246.9769835968
245.9901432495
245.0579306762
244.2527870556
243.4476434350
242.6591998812
242.2799079641
241.9006160469
241.5213241297
241.0042455281
240.4477993023
239.8913530765
239.1326133749
238.1843835820
237.2361537891
236.2916870779
235.3582201440
234.4247532101
233.4912862763
232.5014102279
231.5111630669
230.5209159059
229.5813775700
228.6604022861
227.7394270022
226.8243301418
225.9158465078
225.0073628739
224.0910413419
223.1450827581
222.1991241743
221.2531655904
220.3567134269
219.4629926520
218.5692718771
217.7004898686
216.8431084391
215.9857270096
215.0969865657
214.1657908409
213.2345951162
212.3061827358
211.3920210792
210.4778594225
209.5636977659
208.6956282936
207.8325688414
206.9695093891
206.0991761300
205.2247606324
204.3503451347
203.5039115268
202.7033103244
201.9027091219
201.0966302976
200.2494693090
199.4023083203
198.5551473317
197.7186818081
196.8840124694
196.0493431307
195.2356119647
194.4361463668
193.6366807689
192.8497068210
192.0877161731
191.3257255251
190.5638981667
189.8041787278
189.0444592889
188.2847398501
187.4928078379
186.6933422400
185.8938766422
185.1293253173
184.3934535738
183.6575818303
182.9233429823
182.1931492615
181.4629555407
180.7327618199
180.0025680992
179.2723743784
178.5421806576
177.8067765160
177.0697691680
176.3327618199
175.6483337044
175.0158019743
174.3832702442
173.7573294738
173.1520522527
172.5467750315
171.9414978104
171.4097008832
170.8793735619
170.3490462406
169.8032064128
169.2513026052
168.6993987976
168.1651599495
167.6518666964
167.1385734432
166.6192681660
166.0753135901
165.5313590143
164.9874044385
164.4827209976
163.9807837898
163.4788465821
162.9807318340
162.4844726490
161.9882134640
161.4905514733
160.9908854747
160.4912194760
159.9925777481
159.4997253767
159.0068730053
158.5140206339
158.0363096563
157.5604913531
157.0846730498
156.6316559044
156.1921769465
155.7526979886
155.3065686929
154.8489200623
154.3912714318
153.9356416537
153.4972983003
153.0589549469
152.6206115936
152.2042900616
151.7920656127
151.3798411638
150.9695984562
150.5607808209
150.1519631856
149.7435092407
149.3358272100
148.9281451792
148.5215987531
148.1332219996
147.7448452460
147.3564684925
146.9807689453
146.6082906554
146.2358123655
145.8493357085
145.4507385141
145.0521413197
144.6710012618
144.3359979218
144.0009945818
143.6655755956
143.2987753284
142.9319750612
142.5651747940
142.2239812959
141.8912491650
141.5585170341
141.2235582276
140.8862836785
140.5490091294
140.2119943591
139.8758554145
139.5397164700
139.2035775254
138.8981963928
138.5938543754
138.2895123580
137.9779559118
137.6633934536
137.3488309953
137.0352779633
136.7229867142
136.4106954650
136.1019372077
135.8089512358
135.5159652639
135.2229792919
134.9320863950
134.6413716322
134.3506568693
134.0299562087
133.6938172642
133.3576783196
133.0776812885
132.8823573072
132.6870333259
132.4800192979
132.1995249759
131.9190306539
131.6385363319
131.3908632079
131.1478438358
130.9048244637
130.6415720330
130.3656201291
130.0896682253
129.8325539969
129.6099755066
129.3873970163
129.1792622282
129.1145327692
129.0498033103
128.9850738514
128.6554664885
128.2716321532
127.8877978179
127.3483411267
126.6908260966
126.0333110666
125.4487048170
125.0285311363
124.6083574557
124.1926000148
123.8689527203
123.5453054257
123.2216581311
122.9086988792
122.5986788392
122.2886587991
122.0178282491
121.7827581088
121.5476879685
121.3681362725
121.3454241817
121.3227120908
121.3000000000
