269.1909090909
269.1887229003
269.1865367098
269.1843505192
269.1821643287
269.2158589907
269.2563035161
269.2967480415
269.3371925670
269.3851065768
269.4364820550
269.4878575332
269.5392330115
269.5739661140
269.5936418291
269.6133175442
269.6329932592
269.6574785936
269.6902714520
269.7230643104
269.7558571689
269.7902441246
269.8306886500
269.8711331754
269.9115777009
269.9518036072
269.9878757515
270.0239478958
270.0600200401
270.0960921844
270.1107214429
270.1227454910
270.1347695391
270.1467935872
270.1636272545
270.1822098743
270.2007924941
270.2193751139
270.2461286209
270.2789214793
270.3117143378
270.3445071962
270.3358535252
270.2691747131
270.2024959009
270.1358170887
270.1081071233
270.1922754600
270.2764437967
270.3606121334
270.4387684460
270.4628165422
270.4868646384
270.5109127346
270.5349608308
270.5662142467
270.5979140098
270.6296137730
270.6613135362
270.6664693022
270.6642831117
270.6620969211
270.6599107306
270.6720714156
270.6928402259
270.7136090363
270.7343778466
270.7520859902
270.7662962288
270.7805064675
270.7947167061
270.7742120605
270.6758334852
270.5774549098
270.4790763345
270.4125068318
270.5261887411
270.6398706504
270.7535525597
270.8672344689
270.8920295136
270.9160776098
270.9401257060
270.9641738021
270.9718254691
270.9761978502
270.9805702314
270.9849426125
270.9907906723
270.9973492439
271.0039078156
271.0104663873
271.0164601931
271.0219256695
271.0273911459
271.0328566223
271.0430224085
271.0616050282
271.0801876480
271.0987702678
271.1175715066
271.1372472217
271.1569229368
271.1765986518
271.1960466387
271.2102568774
271.2244671161
271.2386773547
271.2528875934
271.2419930771
271.2277828384
271.2135725997
271.1993623611
271.2255693205
271.2671069412
271.3086445619
271.3501821825
271.3533157224
271.3270814356
271.3008471488
271.2746128621
271.2470395336
271.2175259610
271.1880123884
271.1584988158
271.1511204227
271.2101475679
271.2691747131
271.3282018583
271.3820185826
271.3842047732
271.3863909637
271.3885771543
271.3907633449
271.4051922026
271.4204955365
271.4357988705
271.4511022044
271.4545454545
271.4545454545
271.4545454545
271.4545454545
271.3999453452
271.3114046274
271.2228639096
271.1343231918
271.1324558207
271.2330205866
271.3335853525
271.4341501184
271.5006103115
271.4874931682
271.4743760248
271.4612588814
271.4517034068
271.4637274549
271.4757515030
271.4877755511
271.4997995992
271.4494807797
271.3981053015
271.3467298233
271.2953543451
271.3567043177
271.4419657497
271.5272271816
271.6124886136
271.6226908362
271.5953634542
271.5680360721
271.5407086901
271.4967116050
271.4365913645
271.3764711241
271.3163508836
271.2990799781
271.3613864092
271.4236928402
271.4859992713
271.5380397158
271.5467844780
271.5555292403
271.5642740026
271.5732738204
271.5896702496
271.6060666788
271.6224631080
271.6388595373
271.6533430497
271.6675532884
271.6817635271
271.6959737657
271.7000000000
271.7000000000
271.7000000000
271.7000000000
271.7012206231
271.7034068136
271.7055930042
271.7077791948
271.6981599563
271.6708325742
271.6435051922
271.6161778102
271.6017944981
271.6280287848
271.6542630716
271.6804973584
271.7029969029
271.6844142831
271.6658316633
271.6472490435
271.6286664238
271.6555838951
271.6861905629
271.7167972308
271.7474038987
271.7604117326
271.7680633995
271.7757150665
271.7833667335
271.7843687375
271.7810894516
271.7778101658
271.7745308799
271.7692840226
271.7616323556
271.7539806887
271.7463290217
271.7450537439
271.7592639825
271.7734742212
271.7876844598
271.7986882857
271.7888504281
271.7790125706
271.7691747131
271.7593368555
271.7729458918
271.7871561304
271.8013663691
271.8155766078
271.8065767899
271.7923665513
271.7781563126
271.7639460740
271.7598105302
271.7609036254
271.7619967207
271.7630898160
271.7466933868
271.7128074330
271.6789214793
271.6450355256
271.5823920568
271.4643377664
271.3462834760
271.2282291856
271.0183913281
270.3996993988
269.7810074695
269.1623155402
268.5533794862
268.3249225724
268.0964656586
267.8680087448
267.6395518309
267.0511022044
266.4072690836
265.7634359628
265.1196028420
264.5206777191
263.9402441246
263.3598105302
262.7793769357
262.2867188923
261.8658772090
261.4450355256
261.0241938422
260.4954636546
259.7991619603
259.1028602660
258.4065585717
257.6939333212
256.9276735289
256.1614137366
255.3951539443
254.6359446165
253.9636910184
253.2914374203
252.6191838222
251.9469302241
251.4510293314
250.9711605028
250.4912916743
250.0114228457
249.5754873383
249.1535525597
248.7316177810
248.3096830024
247.9487429404
247.6284660230
247.3081891055
246.9879121880
246.4402441246
245.6051193296
244.7699945345
243.9348697395
243.1074877027
242.2996902897
241.4918928767
240.6840954637
239.8749316815
239.0562033157
238.2374749499
237.4187465841
236.6000182183
235.8647658954
235.1323920568
234.4000182183
233.6676443797
232.9414556385
232.2167334669
231.4920112953
230.7672891237
230.0049098196
229.2222535981
228.4395973766
227.6569411550
226.8570869011
226.0394516305
225.2218163600
224.4041810895
223.5643195482
222.6800054655
221.7956913828
220.9113773001
220.0305064675
219.1658680998
218.3012297322
217.4365913645
216.5715521953
215.6828657315
214.7941792676
213.9054928038
213.0168063400
212.1074785936
211.1947440335
210.2820094735
209.3692749135
208.4458280197
207.5177901257
206.5897522317
205.6617143378
204.7478866825
203.8460830752
202.9442794680
202.0424758608
201.1318728366
200.2071142285
199.2823556203
198.3575970122
197.4274275824
196.4786208781
195.5298141738
194.5810074695
193.6343140827
192.7172071416
191.8001002004
190.8829932592
189.9658863181
189.0706230643
188.1775642193
187.2845053744
186.3914465294
185.3967298233
184.3681271634
183.3395245036
182.3109218437
181.3689834214
180.4868555292
179.6047276371
178.7225997449
177.8205775187
176.8925396247
175.9645017307
175.0364638368
174.1210511933
173.2389233011
172.3567954090
171.4746675169
170.5939424303
169.7238385863
168.8537347422
167.9836308982
167.1135270541
166.3209418838
165.5317270905
164.7425122973
163.9532975041
163.1605848060
162.3669976316
161.5734104573
160.7798232829
160.0030697759
159.2357168883
158.4683640007
157.7010111131
156.9558480598
156.2344051740
155.5129622882
154.7915194024
154.0857077792
153.4123610858
152.7390143924
152.0656676990
151.3925031882
150.7202495901
150.0479959920
149.3757423939
148.7038167244
148.0709145564
147.4380123884
146.8051102204
146.1722080525
145.5513845874
144.9326926580
144.3140007287
143.6953087994
143.0803971580
142.4671707050
141.8539442521
141.2407177992
140.6683002368
140.1315904536
139.5948806704
139.0581708872
138.5407269084
138.0553926034
137.5700582984
137.0847239934
136.6138367644
136.1951812716
135.7765257788
135.3578702860
134.9390235015
134.5170887229
134.0951539443
133.6732191656
133.2512843870
132.8657496812
132.4842594279
132.1027691747
131.7212789215
131.3560029149
130.9963745673
130.6367462197
130.2771178721
129.9270541082
129.5838221898
129.2405902715
128.8973583531
128.5615594826
128.2358170887
127.9100746948
127.5843323010
127.2612133358
126.9453087994
126.6294042631
126.3134997267
126.0114501731
125.8234377847
125.6354253962
125.4474130078
125.2594006194
125.0589269448
124.8577974130
124.6566678812
124.4555383494
124.0242211696
123.5323282929
123.0404354163
122.5485425396
122.0864182911
121.6415285116
121.1966387320
120.7517489525
120.3499544544
119.9957915832
119.6416287120
119.2874658408
118.9848788486
118.7935871743
118.6022955001
118.4110038258
118.2500000000
118.2500000000
118.2500000000
118.2500000000
118.2500000000
