76.0080000000
76.0080000000
76.0106132265
76.0159198397
76.6797595190
77.1434549098
77.3769458918
77.5975711423
77.7724168337
77.8944689379
78.0899799599
78.2510140281
78.3651062124
78.5440160321
78.7305330661
78.9215711423
79.0292104208
79.1256112224
79.2158236473
79.3494669339
79.4426613226
79.4691943888
79.5858917836
79.7204328657
79.8663647295
79.9469819639
79.9920000000
79.9920000000
80.0768256513
80.1683767535
80.2479759519
80.3455951904
80.4509498998
80.5650420842
80.7034709419
80.8173146293
80.8703807615
81.0059959920
81.1367695391
81.2163687375
81.3044969940
81.4277034068
81.6293547094
81.5464689379
81.6399919840
82.3802645291
83.2682885772
84.4895230461
86.5113426854
89.1850581162
92.1157835671
95.1936192385
98.4035751503
101.7035751503
105.1475671343
108.8175871743
112.5410020040
116.1548056112
119.9142765531
123.7084008016
127.4097635271
131.1518637275
134.8863486974
138.5134188377
142.0245450902
145.5310861723
149.2695951904
153.1267975952
156.9619318637
160.3714308617
163.6943567134
166.9215551102
169.8561122244
172.7788296593
175.6865410822
178.5388456914
181.5331623246
184.6227895792
187.7828777555
190.9929138277
194.2582685371
197.7314468938
200.9579559118
203.9739398798
206.5503006012
208.5387334669
210.0527134269
210.9840240481
212.0972344689
213.3831262525
215.2059478958
216.1016432866
216.2909018036
217.9943246493
219.7838076152
221.6455551102
223.3648977956
225.0746452906
226.7738997996
228.3075110220
229.8171703407
231.3030220441
232.8706292585
234.3406492986
235.7071022044
236.3437434870
237.0509018036
237.8548537074
239.2725130261
240.4481763527
241.3078476954
241.5458116232
241.6986212425
241.7861803607
241.8687855711
242.0120721443
242.2376032064
242.5435511022
242.8435591182
243.1248096192
243.5115190381
243.9788216433
244.5519358717
245.1698276553
245.7984048096
246.4351983968
247.0326092184
247.4778356713
247.6688737475
247.7597434870
247.8833186373
248.0982364729
248.3109178357
248.4653466934
248.5051462926
248.7579959920
249.0577154309
249.3628456914
249.5493787575
249.6980521042
249.8227575150
249.8987895792
249.9940200401
250.1664849699
250.3264929860
250.4830380762
250.6395831663
250.7981643287
250.9870060120
251.2602965932
251.1383807615
250.9473507014
250.9446973948
251.2901963928
251.7561763527
252.2098917836
252.6559438878
253.0722965932
253.3906933868
253.5946693387
253.6755591182
253.4526813627
253.4262204409
253.5253867735
253.7933707415
254.1762725451
254.5988056112
254.9463887776
255.2974829659
255.6013146293
255.6358076152
255.5485050100
255.4281683367
255.5157274549
255.5245450902
255.5383406814
255.9124569138
256.2800320641
256.6325691383
256.8952464930
257.0159519038
257.0514308617
257.1734829659
257.2442164329
257.3099719439
257.7424609218
257.9264849699
257.9344368737
258.0989418838
258.3091703407
258.5490020040
258.6524809619
258.7028697395
258.7057955912
258.6394629259
258.6233426854
258.6520000000
258.6520000000
258.5029819639
258.2118557114
258.1640961924
258.1873266533
258.2828456914
258.5670941884
258.8676713427
259.1834148297
259.4346292585
259.6791022044
259.9178997996
259.9839038076
259.8929779559
259.6196873747
259.4214268537
259.3754869739
259.5214188377
259.7042645291
259.9033667335
260.1209378758
260.3941883768
260.6362645291
260.8246492986
260.8892344689
260.9324088176
260.9642484970
260.9750220441
261.0048496994
261.0711823647
261.1168096192
261.1688016032
261.2377875752
261.3361603206
261.4368977956
261.5324168337
261.5746452906
261.6126012024
261.6630140281
261.7417715431
261.8116713427
261.8488176353
261.9095070140
261.9655230461
261.9973627255
262.0880080160
262.1820841683
262.2457635271
262.3032625251
262.3547014028
262.3945010020
262.4343006012
262.4801603206
262.5438396794
262.5758396794
262.6021322645
262.6445851703
262.7083767535
262.7758637275
262.8289298597
262.8933947896
262.9562965932
262.9960961924
263.0451943888
263.0982605210
263.1513266533
263.1843767535
263.2139318637
263.2696513026
263.3164729459
263.3541643287
263.3674308617
263.4102685371
263.4651062124
263.4995991984
263.5374909820
263.5734108216
263.5840240481
263.6195270541
263.6677515030
263.6995911824
263.7330501002
263.7650901804
263.7757034068
263.7926332665
263.8126973948
263.8206573146
263.8517034068
263.8985010020
263.9329939880
263.9779799599
264.0286092184
264.0392224449
264.0702605210
264.1175711423
264.1547174349
264.1762565130
264.1846492986
264.2085290581
264.2268937876
264.2400000000
264.2400000000
264.2560641283
264.2879038076
264.2668376754
264.2988537074
264.3864128257
264.3515270541
264.3345170341
264.3398236473
264.3117835671
264.2838156313
264.2572825651
264.2635751503
264.2868537074
264.3293066132
264.3543647295
264.3759679359
264.3945410822
264.4131142285
264.4327855711
264.4540120240
264.4487855711
264.4164889780
264.3475030060
264.4416833667
264.4967294589
264.4569298597
264.4961683367
264.5143086172
264.4771623246
264.4925611222
264.5295711423
264.5905971944
264.5573547094
264.5096352705
264.4671823647
264.5084969940
264.4965370741
264.3373386774
263.6716873747
262.8082164329
261.7575070140
260.9170981964
260.0746372745
259.1008737475
257.4080721443
255.6265891784
254.1248176353
252.7007214429
251.3018677355
249.9088817635
248.5279198397
247.1462525050
245.7506132265
244.3765771543
243.0045691383
241.6142364729
240.2392945892
238.8742284569
237.5236953908
236.1373707415
234.7401843687
233.3578116232
231.9717515030
230.5761202405
229.1459879760
228.4192625251
227.9297955912
226.9878717435
225.7937635271
224.4686653307
223.1234388778
221.7609779559
220.3952464930
219.0659398798
217.7248496994
216.3786533066
215.0440400802
213.7850180361
212.6000400802
211.6342364729
210.6876713427
209.7534509018
208.8168336673
207.8802164329
206.9457635271
206.0356793587
205.1545330661
204.2879839679
203.3248336673
202.3750300601
201.4350781563
200.4825410822
199.5631903808
198.6712945892
197.7691703407
196.8726573146
195.9817074148
195.1167294589
194.2612905812
193.4146132265
192.5231022044
191.6739158317
190.8673106212
190.0186372745
189.1682965932
188.3165851703
187.4493386774
186.6152545090
185.8192625251
185.0334669339
184.2240400802
183.3855951904
182.5822765531
181.7844649299
180.9911262525
180.2027254509
179.4113266533
178.6153346693
177.7974829659
176.9960080160
176.2212424850
175.4870861723
174.7501322645
174.0018997996
173.2489699399
172.4984368737
171.7528577154
171.0488336673
170.3346613226
169.5917354709
168.9395511022
168.2714148297
167.5444088176
166.8196312625
166.1279038076
165.5017234469
164.8230220441
164.1491543086
163.5097074148
162.7993667335
162.1052264529
161.4870060120
160.8034308617
160.1341803607
159.5424929860
158.9177154309
158.2857394790
157.6595591182
157.0597434870
156.4687374749
155.8797034068
155.2847054108
154.6947655311
154.1269579158
153.5162965932
152.9051462926
152.3452985972
151.7358476954
151.1238476954
150.5746132265
150.0179078156
149.4580601202
148.8982124248
148.3401923848
147.7983887776
147.3261002004
146.8144849699
146.2851462926
145.7624448898
145.2222685371
144.6810501002
144.1848817635
143.6852985972
143.1870701403
142.7094749499
142.2418837675
141.7773226453
141.2917675351
140.7834308617
140.2697074148
139.8319118236
139.3750701403
138.9078396794
138.4647374749
137.9860521042
137.4875350701
137.0576993988
136.6353987976
136.2181883768
135.7910060120
135.3564889780
134.9166412826
134.4894589178
134.0708376754
133.6589338677
133.2264448898
132.8036633267
132.3903887776
132.0189258517
131.6892104208
131.4000000000
