239.9000000000
240.2793186373
240.6307655311
240.8821482966
241.1462444890
241.4268056112
241.7499078156
242.0955591182
242.4568577154
242.8184609218
243.1596232465
243.4980280561
243.8302124248
244.1694669339
244.5151182365
244.8490981964
245.1790380762
245.4766332665
245.7620841683
245.9977555110
246.2494428858
246.5255150301
246.8071022044
247.0921523046
247.2614028056
247.4043767535
247.4919118236
247.6311503006
247.9117114228
248.1813707415
248.4394869739
248.7891943888
249.1774909820
249.2721122244
249.3688897796
249.6337394790
249.8881683367
250.1238396794
250.3530581162
250.5775070140
250.7699238477
250.9540440882
251.1448256513
251.3458677355
251.5815390782
251.8001763527
251.9976913828
252.2056432866
252.4188697395
252.6221963928
252.8199358717
252.9792945892
253.1415070140
253.3098436874
253.4661563126
253.6120480962
253.7900761523
253.9786132265
254.1344448898
254.2905891784
254.4521923848
254.6128817635
254.7722404810
254.9077515030
255.0289539078
255.2050180361
255.3904929860
255.5633186373
255.7198877756
255.8343567134
255.9566252505
256.0868056112
256.2362244489
256.3933386774
256.5253466934
256.6535070140
256.7702204409
256.8844569138
256.9944368737
257.1215070140
257.2606653307
257.4124488978
257.5653947896
257.6304849699
257.7004088176
257.7856993988
257.8371302605
257.8483527054
257.8747254509
257.9083927856
257.9901563126
258.0784368737
258.1727054108
258.2603366733
258.3344048096
258.4354549098
258.5589018036
258.6634789579
258.7622364729
258.8477675351
258.9370981964
259.0425891784
259.1077515030
259.1167294589
259.2384288577
259.4247214429
259.5094749499
259.5793747495
259.6826212425
259.7735310621
259.8341322645
259.9072545090
259.9925450902
260.0989899800
260.2134589178
260.2983006012
260.3752144289
260.4201042084
260.4819879760
260.5717675351
260.4219238477
260.1099398798
260.4083927856
260.8351022044
260.9316152305
261.0242004008
261.1050020040
261.1774028056
261.2402484970
261.3000160321
261.3583727455
261.4329539078
261.5079038076
261.5729939880
261.6312304609
261.6761202405
261.7347655311
261.8043446894
261.8582685371
261.9076472946
261.9726252505
262.0362965932
262.0946533066
262.1549338677
262.2177795591
262.2791743487
262.3397755511
262.3867975952
262.4307655311
262.4644328657
262.5068537074
262.5696993988
262.6209218437
262.6613226453
262.7132825651
262.7693947896
262.8233667335
262.8753106212
262.9179559118
262.9606012024
263.0032464930
263.0622444890
263.1318236473
263.1865891784
263.2486973948
263.5449699399
263.7078236473
263.4923527054
263.3961122244
263.4297795591
263.4587575150
263.4856913828
263.5126252505
263.5502364729
263.6579719439
263.7122885772
263.6673987976
263.6849619238
263.7500521042
263.7922164329
263.8279679359
263.8189899800
263.8269098196
263.8942444890
263.9497474950
263.9901482966
264.0157995992
264.0337555110
264.0850981964
264.1376673347
264.1556232465
264.1812505010
264.2238957916
264.2582364729
264.2851703407
264.3003767535
264.3115991984
264.3509579158
264.3860440882
264.3972665331
264.4201603206
264.4605611222
264.4829338677
264.4941563126
264.5185090180
264.5453226453
264.5700120240
264.5947014028
264.6193907816
264.6396873747
264.6553987976
264.6917434870
264.7366332665
264.7316953908
264.7281683367
264.7573466934
264.7792384770
264.7882164329
264.8023887776
264.8203446894
264.8490260521
264.8802565130
264.8982124248
264.9140841683
264.9230621242
264.9350701403
264.9507815631
264.9799839679
265.0158957916
264.9563847695
264.9026933868
265.0059398798
265.0788857715
265.0878637275
265.0980521042
265.1092745491
265.1238957916
265.1396072144
265.1750140281
265.1996713427
265.1772264529
265.1750621242
265.2019959920
265.2430380762
265.2924168337
265.2487054108
265.1969058116
265.2732184369
265.3280000000
265.3280000000
265.3268777555
265.3246332665
265.0984288577
264.7842004008
264.3691623246
263.9458196393
263.5148777555
262.8213306613
261.6833747495
260.5943567134
259.5394468938
258.6258436874
257.7463967936
256.8822685371
256.0208657315
255.1679599198
254.3036793587
253.4260841683
252.5789498998
251.7462444890
250.8833587174
250.0159599198
249.1406092184
248.2510941884
247.3330981964
246.4348537074
245.5527695391
244.6189819639
243.6695631263
242.7820921844
241.8900360721
240.9765290581
240.0762645291
239.1941803607
238.2604408818
237.2975551102
236.3808416834
235.4706452906
234.5459158317
233.6172424850
232.6790460922
231.7431422846
230.8094348697
229.8610100200
228.9071022044
227.9659398798
227.0144368737
226.0066613226
225.1241122244
224.4440320641
224.0817715431
223.9313907816
223.5056593186
223.0126733467
222.3595270541
221.7120721443
221.0813707415
220.4485531062
219.8133627255
219.1890020040
218.5695230461
217.9459719439
217.3183567134
216.6652104208
215.9874388778
215.2624689379
214.6130100200
214.0227094188
213.3974589178
212.7622685371
212.1583887776
211.5512545090
210.9317755511
210.3084168337
209.6799599198
209.0617154309
208.4489699399
207.8167454910
207.1854028056
206.5951022044
205.9993507014
205.3910941884
204.7641122244
204.1199438878
203.5056432866
202.9018757515
202.2959599198
201.6864128257
201.0602004008
200.4507414830
199.8671743487
199.2712705411
198.6675030060
198.0600160321
197.4537394790
196.8881282565
196.3130260521
195.7115030060
195.1067334669
194.4984769539
193.9106452906
193.3315671343
192.7689699399
192.2029739479
191.6059398798
191.0176352705
190.4452905812
189.8690981964
189.2900200401
188.8845531062
188.5225811623
187.7639438878
187.0280320641
186.3703967936
185.8012264529
185.3433507014
184.8128096192
184.2449539078
183.7303406814
183.2178917836
182.6567695391
182.1069338677
181.5817234469
181.0529298597
180.5209859719
180.0025090180
179.4885210421
178.9593266533
178.4300440882
177.9025891784
177.3733226453
176.8413787575
176.3359358717
175.8466372745
175.3347334669
174.8176032064
174.2856593186
173.7475430862
173.1931543086
172.7162004008
172.3189258517
171.8530581162
171.3592705411
170.8738196393
170.3906533066
169.9170661323
169.4467494990
168.9821402806
168.5149178357
168.0458196393
167.5928817635
167.1439038076
166.6905170341
166.2318396794
165.7560080160
165.2974829659
164.8598076152
164.4191182365
163.9769539078
163.5288016032
163.1299238477
163.1478797595
162.8660280561
161.9614989980
161.3262444890
160.9177474950
160.5058356713
160.0928496994
159.6666853707
159.2424368737
158.8272064128
158.4110460922
157.9935711423
157.5264368737
157.0304048096
156.6812745491
156.3509098196
155.9222124248
155.5101883768
155.1398476954
154.7435110220
154.3215470942
153.9303486974
153.5510300601
153.1337635271
152.7218036072
152.3514629259
151.9785971944
151.6015230461
151.2297715431
150.8616753507
150.5026773547
150.1456753507
149.7843126253
149.4235030060
149.0643847695
148.7042244489
148.3428617234
147.9860921844
147.6314629259
147.2667334669
146.9059078156
146.5827014028
146.2459318637
145.8823246493
145.5361122244
145.2039278557
144.9704368737
144.7661883768
144.3398957916
143.9307254509
143.5962965932
143.2647294589
142.9370340681
142.6122244489
142.2890180361
141.9097875752
141.5318957916
141.2760240481
141.0048496994
140.6973547094
140.3806252505
140.0551743487
139.7691623246
139.4975791583
139.2195991984
138.9322404810
138.6000561122
138.2860521042
138.0010020040
137.7132424850
137.4237034068
137.1452264529
136.8684488978
136.5744208417
136.2850100200
136.0089378758
135.7424609218
135.4865891784
135.2089458918
134.9216513026
134.6323126253
134.3430621242
134.0557675351
133.7793587174
133.5234869739
133.2600160321
132.9906773547
132.7195831663
132.4480000000
