73.2360000000
73.2360000000
73.2388697395
73.2826853707
73.9729138277
74.4853787575
74.8575470942
75.1211382766
75.3412424850
75.5437515030
75.7801683367
75.9617234469
76.1278637275
76.3235190381
76.5089539078
76.6788376754
76.8174268537
77.0065330661
77.1802084168
77.2997755511
77.4592705411
77.6239679359
77.7870140281
77.9925771543
78.1335871743
78.1906533066
78.1920000000
78.2715030060
78.4282324649
78.5586693387
78.6677835671
78.7697955912
78.9708857715
79.1401442886
79.2809619238
79.3706372745
79.4950380762
79.6330741483
79.7580761523
79.8751583166
79.9990541082
80.1512304609
80.1861322645
80.4284649299
81.1974989980
82.0647695391
83.1510541082
84.5804248497
87.0600881764
89.8592144289
92.9271983968
96.2074949900
99.5388136273
102.9149018036
106.4068056112
109.9672785571
113.5948376754
117.3367454910
120.9884248497
124.5771703407
128.1587494990
131.7244569138
135.2830220441
138.8482965932
142.5036152305
146.1890100200
149.8493947896
153.6152545090
157.3553106212
160.9504769539
164.2325611222
167.3451543086
170.2691142285
173.0981643287
175.9973707415
179.0218757515
182.1776833667
185.3621322645
188.5687054108
191.9760801603
195.3488016032
198.6684168337
201.5842244489
204.0823166333
206.1707735471
207.3909018036
208.6076312625
209.8660921844
211.3661162325
213.1753747495
214.8594388778
215.5252104208
216.5817635271
217.9397595190
219.7468537074
221.5000400802
223.2357034068
224.9639919840
226.4914308617
227.9791983968
229.4602004008
230.9510460922
232.4511663327
233.9620601202
235.3370661323
236.6827014028
237.9814909820
238.0657314629
238.6957034068
239.7222444890
240.0238797595
240.2764569138
240.4750541082
240.5294028056
240.8250741483
241.2104208417
241.4386853707
241.7193266533
242.0321362725
242.3799679359
242.7529058116
243.1746372745
243.6936673347
244.1812745491
244.6497555110
245.0954148297
245.4428056112
245.7725931864
246.0959679359
246.3683607214
246.5284649299
246.5637915832
246.7990220441
247.0723286573
247.3778997996
247.6550781563
247.9024048096
248.1282404810
248.3565050100
248.6071743487
248.8579799599
249.0427655311
249.2725691383
249.5178276553
249.7460921844
249.8019719439
249.8536753507
250.0493306613
250.2166412826
250.2414028056
249.9913987976
250.1309498998
250.3977635271
250.7646172345
251.3128737475
251.8275991984
252.2786933868
252.5741883768
252.6698757515
252.5728657315
252.6054749499
252.7511102204
252.9956072144
253.3298517034
253.6259318637
253.9134989980
254.2993747495
254.5366973948
254.6775230461
254.7264368737
254.8126653307
254.9363767535
255.1293146293
255.3222525050
255.4876793587
255.5909418838
255.7259639279
255.8958637275
256.1159759519
256.3239839679
256.5202645291
256.7023326653
256.7248657315
256.8081442886
256.9683687375
257.0933707415
257.2385731463
257.4056272545
257.6366092184
257.7958076152
257.8985651303
257.9556312625
258.0144448898
258.0821322645
258.1881122244
258.3700841683
258.5859959920
258.8061082164
258.7697074148
258.5847294589
258.2341803607
258.0181002004
257.9384048096
258.0634068136
258.2661803607
258.4980440882
258.7562004008
259.0469739479
259.2901723447
259.4722404810
259.6037434870
259.6307735471
259.5579799599
259.5009138277
259.5265250501
259.6253947896
259.8156152305
259.9856352705
260.1400400802
260.2759118236
260.3126573146
260.2890661323
260.2156953908
260.2278076152
260.2966813627
260.4379879760
260.5921362725
260.7454589178
260.8894829659
261.0174589178
261.1242805611
261.2003687375
261.0759759519
260.9455070140
260.8368096192
260.8969298597
261.0437434870
261.2741482966
261.4562164329
261.6397515030
261.8167935872
261.8874468938
261.8463727455
261.7288496994
261.6065651303
261.6454909820
261.7582685371
261.8153346693
261.9512785571
262.1075751503
262.2244248497
262.3101322645
262.3552705411
262.3253787575
262.2865731463
262.2817555110
262.3442565130
262.4472304609
262.5471422846
262.6341002004
262.6982605210
262.7382525050
262.7518396794
262.7815390782
262.8282645291
262.8892024048
262.9163767535
262.9528817635
262.9925450902
262.9979799599
263.0495150301
263.1181242485
263.1317114228
263.1601763527
263.1978116232
263.2440080160
263.2700841683
263.2832705411
263.2805531062
263.3016432866
263.3438076152
263.4171783567
263.4349498998
263.4596472946
263.5112785571
263.5382204409
263.5697955912
263.6105571142
263.6329699399
263.6466773547
263.6526172345
263.6825090180
263.7362565130
263.7996232465
263.7425571142
263.7495791583
263.7970501002
263.8350941884
263.8713426854
263.8979478958
263.8870781563
263.9190621242
263.9686412826
264.0202725451
263.9857955912
263.9202885772
263.8414829659
263.8640400802
263.9230380762
264.0099959920
264.0440480962
264.0981563126
264.1905490982
264.2113426854
264.2365691383
264.2718957916
264.2747094188
264.2517434870
264.2097314629
264.2423406814
264.2528416834
264.2482965932
264.2510140281
264.2623887776
264.2809378758
264.3108296593
264.3162324649
264.3071903808
264.2854509018
264.3085050100
264.3442885772
264.3741803607
264.3800000000
264.3383326653
264.2133306613
263.4984769539
262.6696352705
261.8109258517
260.9497234469
260.0846653307
259.2150861723
257.3932024048
255.7197755511
254.2262444890
252.9463326653
251.6149098196
250.2386533066
248.8201523046
247.4883527054
246.1892264529
244.7571382766
243.3632625251
241.9823326653
240.5774188377
239.2218036072
237.8737955912
236.4933386774
235.1256272545
233.7825170341
232.4863006012
231.1240641283
229.7381082164
228.3331943888
226.9647134269
226.1003446894
225.9209939880
224.7427334669
223.4922565130
222.2200801603
220.8776673347
219.4989819639
218.0936833667
216.7648577154
215.4039679359
214.0708136273
213.1115591182
212.1540601202
211.2050901804
210.2920320641
209.3217394790
208.3421643287
207.4128016032
206.4772585170
205.5475190381
204.6371783567
203.8064849699
202.9465490982
201.9954468938
201.0443446894
200.1159679359
199.2219318637
198.3404809619
197.4279358717
196.4768336673
195.5791182365
194.7461563126
193.9686733467
193.0474629259
192.1508777555
191.2803286573
190.4786853707
189.6550541082
188.8107254509
187.9248416834
187.0961122244
186.2770741483
185.3911903808
184.5352464930
183.7058196393
182.9204809619
182.1222525050
181.3361923848
180.5834629259
179.7617154309
178.9508777555
178.1791262525
177.3779398798
176.5841122244
175.8042084168
175.0477515030
174.2975951904
173.5536993988
172.8553186373
172.1156392786
171.3480961924
170.6714549098
169.9525050100
169.2103807615
168.5038476954
167.8435831663
167.1813627255
166.4014589178
165.7142845691
165.0615711423
164.3985170341
163.7417154309
163.0667735471
162.3439358717
161.7172665331
161.1026933868
160.4722484970
159.8298597194
159.1637034068
158.4653226453
157.8635030060
157.2658677355
156.6653146293
156.0539879760
155.4341002004
154.8073987976
154.2014108216
153.5938597194
152.9916072144
152.4454028056
151.8683206413
151.2736352705
150.6812344689
150.1000400802
149.5385731463
149.0304128257
148.5020521042
147.9615551102
147.4071983968
146.8919438878
146.3678156313
145.8053066132
145.2660440882
144.7359198397
144.2141723447
143.6973787575
143.1953987976
142.7116953908
142.2569138277
141.7923286573
141.3168416834
140.8440080160
140.3307014028
139.7929378758
139.3527134269
138.8761603206
138.3853707415
137.9532985972
137.5067975952
137.0654909820
136.6768977956
136.2022444890
135.7102444890
135.2673026052
134.8243607214
134.4103166333
134.0624849699
133.6242324649
133.1882404810
132.7887775551
132.4013787575
131.9928977956
131.5526733467
131.1278396794
130.7103326653
130.3000000000
