78.2600000000
78.2600000000
78.2600000000
78.2600000000
79.0179478958
79.6218036072
79.9301643287
80.1170180361
80.2932184369
80.4813707415
80.6759198397
80.8532745491
80.9839358717
81.1520641283
81.3294509018
81.4966973948
81.6802484970
81.8599679359
81.9827895792
82.1171703407
82.2614589178
82.4339318637
82.5989498998
82.7566893788
82.8742845691
83.0065170341
83.1528577154
83.1560000000
83.2133466934
83.3413947896
83.4622525050
83.5764008016
83.6809298597
83.8301883768
83.9725370741
84.0849058116
84.1848176353
84.2856432866
84.3980120240
84.5391182365
84.6764008016
84.7574108216
84.9068857715
85.0706372745
85.1176753507
85.5603206413
86.2658597194
87.0916392786
88.3636633267
90.0201442886
92.6359839679
95.4073186373
98.3419719439
101.4516953908
104.6806973948
108.0595991984
111.3542364729
114.7125130261
118.1985571142
121.6431743487
125.1271823647
128.7203687375
132.0469098196
135.2976833667
138.5563767535
141.9657074148
145.4233026052
148.8231102204
152.3741643287
155.9602805611
159.2059078156
162.3053226453
165.2850260521
167.9792625251
170.5507895792
173.0124488978
175.7007615230
178.4153587174
181.1592464930
184.0644969940
186.9967294589
189.9522885772
193.0517755511
196.0741082164
198.9094589178
201.1967535070
203.1226372745
204.4501563126
205.5714629259
206.6753827655
207.9584769539
209.4399679359
211.0088496994
212.5689458918
214.1684809619
215.7871903808
217.3681923848
218.5784529058
219.4956633267
220.1385170341
221.2231342685
222.7388056112
224.3207535070
225.8683366733
227.3709418838
228.7349979960
230.0669979960
231.3683847695
232.6519438878
233.7792384770
234.5841122244
235.1821723447
235.9253627255
237.2345891784
238.4980280561
239.7278637275
240.8907494990
242.1252825651
243.3834068136
244.5671983968
245.3161042084
245.7618276553
245.9421402806
246.1195991984
246.2926012024
246.3317995992
246.4773867735
246.7360961924
247.2191743487
247.8181643287
248.5603206413
249.0528817635
249.3896192385
249.5046012024
249.6043767535
249.7882645291
250.1750220441
250.6643927856
251.1875511022
251.7206492986
251.9352545090
252.0035350701
252.0009218437
252.0253707415
252.0999038076
252.4422364729
252.8504048096
253.3053947896
253.7653226453
254.0278637275
254.1114869739
254.1769298597
254.1890020040
254.1393507014
254.3577555110
254.6480641283
255.0165290581
255.4555671343
255.8472064128
256.1268216433
256.1292104208
256.1066132265
256.1876232465
256.3683847695
256.6128336673
256.9656192385
257.3148136273
257.6427494990
257.8648737475
257.8368016032
257.6819639279
257.7446813627
257.8796713427
258.0755511022
258.4178837675
258.7654749499
259.1182605210
259.3592384770
259.4989258517
259.5146052104
259.1945971944
258.8527454910
258.5287054108
258.2757194389
258.0653146293
257.9189739479
258.0301482966
258.2387414830
258.5288096192
258.8093787575
259.0884328657
259.3758877756
259.6598637275
259.9258677355
260.0878877756
260.1930581162
260.2579238477
260.2840561122
260.3442404810
260.4335070140
260.5563286573
260.6741162325
260.7864849699
260.9212184369
261.0274549098
261.0927855711
261.1627655311
261.2220681363
261.2612665331
261.3415871743
261.4109979960
261.4345170341
261.5021242485
261.5818997996
261.6576833667
261.7242484970
261.7919919840
261.8834549098
261.9479839679
261.9979318637
262.0501963928
262.0994148297
262.1446813627
262.1577474950
262.1503727455
262.1242404810
262.1757835671
262.2376673347
262.3108376754
262.4325851703
262.5257154309
262.5701402806
262.6463246493
262.6356312625
262.4448657315
262.3194549098
262.2602004008
262.3333707415
262.4747174349
262.6365450902
262.7881122244
262.9378917836
263.0652024048
263.0730420842
263.0044008016
262.8959118236
262.8514869739
262.8716072144
262.9427254509
263.0315751503
263.1374108216
263.2602324649
263.3425250501
263.3352705411
263.2150621242
263.1446813627
263.1523126253
263.2803607214
263.3553106212
263.4148617234
263.4618997996
263.5397194389
263.5567615230
263.3712224449
263.2594629259
263.2046252505
263.2699559118
263.3716472946
263.4908216433
263.6031903808
263.6919919840
263.7531783567
263.6564889780
263.5259398798
263.3680000000
263.3680000000
263.4217715431
263.5341402806
263.6167855711
263.7239599198
263.8676873747
263.8793667335
263.8285771543
263.6953026052
263.6590621242
263.6595430862
263.6987414830
263.7958236473
263.8955751503
263.9452264529
263.9801923848
264.0084889780
264.0346212425
263.9250501002
263.7369138277
263.5278557114
263.4672705411
263.5185410822
263.6518156313
263.8108296593
263.9937555110
264.1198957916
264.1915831663
264.1994228457
264.0450661323
263.9253867735
263.8783486974
263.8991262525
263.9549498998
264.0594789579
264.1157034068
264.1594148297
264.2012264529
264.2100601202
264.1814509018
264.0560160321
263.9270220441
263.8207134269
263.8520721443
263.8575230461
263.8326573146
263.6601843687
263.2557434870
262.6590380762
261.7548617234
260.9000320641
260.0951583166
259.1766573146
257.8694509018
256.0637114228
254.6386933868
253.2840000000
251.9800000000
250.6297074148
249.3018997996
248.0423246493
246.7602645291
245.4719438878
244.1836232465
242.9216753507
241.6759038076
240.4555270541
239.2006813627
237.9357835671
236.7232464930
235.4888256513
234.2412905812
233.0156873747
231.8139318637
230.6316793587
229.2754148297
227.9949418838
226.7980841683
225.6061643287
224.3496032064
223.0011783567
222.5969779559
222.0970420842
221.1928657315
220.0115591182
218.7672304609
217.5154949900
216.4128577154
215.3991983968
214.5263807615
213.6718396794
212.8260360721
211.9845771543
211.1247775551
210.2570981964
209.4104128257
208.5697555110
207.7320801603
206.8644889780
206.0265250501
205.2164248497
204.3419959920
203.4796152305
202.6329298597
201.8055470942
200.9961843687
200.2122164329
199.3539158317
198.5122805611
197.7283126253
196.9025010020
196.0768496994
195.2798156313
194.4711903808
193.6650180361
192.8836633267
192.1253386774
191.3656432866
190.5346372745
189.7696913828
189.0411142285
188.2623727455
187.4633186373
186.6491462926
185.8808577154
185.1319278557
184.4028376754
183.6561282565
182.9064849699
182.1538757515
181.3588456914
180.5941162325
179.8885450902
179.2290981964
178.5354949900
177.7463006012
177.0161523046
176.3053386774
175.6023807615
174.9331863727
174.2674869739
173.5593026052
172.8699879760
172.1928496994
171.5317034068
170.8316793587
170.1080641283
169.4260120240
168.7648817635
168.1218276553
167.4136432866
166.7560721443
166.1550300601
165.4973867735
164.8426853707
164.1972184369
163.6391743487
163.0665090180
162.4445611222
161.7776673347
161.1106372745
160.4677835671
159.9041282565
159.3569058116
158.7793827655
158.1836633267
157.5873667335
157.0281362725
156.4473346693
155.8568577154
155.2897875752
154.8966012024
154.6093226453
153.8018356713
153.1416032064
152.6215711423
152.0912785571
151.5454749499
150.9810180361
150.5055390782
150.0072304609
149.4610661323
148.9463246493
148.4496112224
147.9792304609
147.4463246493
146.9205611222
146.4580200401
145.9877835671
145.5067334669
144.9945410822
144.5229098196
144.0644168337
143.5679038076
143.0858196393
142.6180200401
142.2077434870
141.7830380762
141.3451703407
140.8408176353
140.3762244489
139.9528817635
139.5295390782
139.1039519038
138.6753827655
138.2092344689
137.7580921844
137.3399759519
136.8846573146
136.4437595190
136.0517755511
135.6212585170
135.2046332665
134.8649138277
134.4766332665
134.0641603206
133.6303647295
133.2204729459
132.8290340681
132.4788617234
132.0760881764
131.6385090180
131.2230060120
130.9669819639
130.8520000000
