240.5083333333
240.7786072144
241.0772461590
241.4512859051
241.7976202405
242.1209836339
242.4680945224
242.8186122244
243.1516282565
243.4784485638
243.7945724783
244.0566299265
244.2882932532
244.6852872411
245.0532982632
245.2270457582
245.4507682031
245.7331078824
245.9818136273
246.2198730795
246.6831997328
247.0856546426
247.3317969272
247.5766032064
247.8203323313
248.0021960588
248.1764445558
248.3984552438
248.5970190381
248.7562875752
248.8624665999
248.9396877088
249.1457331329
249.3708667335
249.6290748163
249.8489562458
250.0251169005
250.2548847695
250.5043420174
250.8180527722
251.0853289913
251.2373580494
251.4759602538
251.7824315297
251.9279141617
252.0651469606
252.4005761523
252.6276219105
252.6782982632
252.7684285237
252.8794338677
253.0396710087
253.2061873747
253.3823480294
253.5836756847
253.8129258517
253.9754425518
254.1167084168
254.3194138277
254.5100534402
254.6717351369
254.8210921844
254.9610554442
255.1273964596
255.2951486306
255.4351118904
255.5909736139
255.7719605878
255.9051018704
256.0136940548
256.1966850367
256.4044505678
256.6867902472
256.7996743487
256.7296927188
256.7652889112
256.8374081496
256.9846108884
257.1260020040
257.2538994656
257.3263527054
257.3577237809
257.4852454910
257.6244822979
257.7234218437
257.8413994656
257.9886022044
258.0181613226
257.9892034068
258.0579074816
258.1518704075
258.3159652639
258.4388527054
258.5184869739
258.5577070808
258.6081329325
259.3248413494
259.6469355377
259.0822561790
258.8935287241
258.9755761523
259.0122494990
259.0572728791
259.2117150969
259.3419422178
259.4360554442
259.5611055444
259.7010688043
259.7037575150
259.7304609218
259.8680110220
259.9625751503
260.0132515030
260.0769038076
260.1437708751
260.1944472278
260.2010521042
260.1117651971
260.2467601870
260.5387525050
260.6373830995
260.7101619906
260.8163410154
260.8939462258
260.9301436206
261.0156897128
261.1242818971
261.1337758851
261.1545841683
261.2293921176
261.3090430862
261.3935036740
261.4349448898
261.4656563126
261.5308116232
261.5905310621
261.6387942552
261.6712591850
261.6929776219
261.7021209085
261.7240814963
261.8350868403
261.9360721443
262.0229458918
262.0500000000
262.0500000000
262.0917835671
262.1465764863
262.2382765531
262.2980627923
262.3270207081
262.3710754843
262.4186706747
262.4548680695
262.5465931864
262.7517117568
262.8769205077
262.9493152973
262.9794589178
263.0046676687
263.0360387442
263.0745407482
263.1228039412
263.1140030060
263.0802187709
263.1680110220
263.2655561122
263.3813877756
263.4437207749
263.4557865731
263.4906980628
263.5326235805
263.5881262525
263.6266199065
263.6314462258
263.6127588510
263.5789746159
263.7517284569
263.9095607882
263.8371659987
263.8041165665
263.8234218437
263.8257765531
263.8209502338
264.4283483634
264.7419255177
264.1241566466
263.8909485638
264.0091933868
264.0506179025
264.0751753507
264.1379175017
264.1816466266
264.1888861055
264.2035571142
264.2228623914
264.1992484970
264.1895207081
264.2788076152
264.3460003340
264.3846108884
264.4146626587
264.4412074148
264.4558951236
264.4765531062
264.5151636607
264.5435537742
264.5628590514
264.6092852371
264.6588844355
264.6661239145
264.8201068804
265.2472361389
265.1453072812
264.7230043420
264.7007932532
264.7249248497
264.7490564462
264.7603623914
264.7555360721
264.7887358049
264.8369989980
264.8900384102
264.9412241149
264.9870741483
264.9746826987
264.9119405478
264.8941382766
264.8866983968
264.8770457582
264.8906145625
264.9461172345
265.0380928524
265.1515113560
265.1603206413
265.1430026720
265.0561289245
265.0202738811
265.0468186373
265.0751085504
265.1040664663
265.1210003340
265.1424515698
265.1762358049
265.2047762191
265.2289078156
265.2510688043
265.2693136273
265.2524215097
265.2399131597
265.2350868403
265.2471609886
265.2688794255
265.2642451570
265.2508099532
265.2097862391
264.8425100200
264.0871910488
263.5327237809
263.0496826987
261.7538159653
260.5087174349
259.3962508350
258.3793754175
257.4406563126
256.5118737475
255.5789078156
254.5870991984
253.6256680027
252.7159068136
251.8123580494
250.9122494990
250.0873747495
249.2252254509
248.1755010020
247.2667585170
246.5210921844
245.4214929860
244.2021209085
243.6036573146
242.8038911156
241.4959585838
240.3426269205
239.3122077488
238.3379008016
237.3722945892
236.3828991316
235.3935036740
234.4041082164
233.3754676019
232.3257431530
230.9326820307
229.7064712759
229.2745156981
228.5756930528
227.5766449566
226.5829826319
225.5914245157
224.6140948564
223.7104124916
222.9864645959
222.2829325317
221.5951820307
221.4489812959
221.3465013360
220.7504509018
220.1210337341
219.4381095524
218.7726369405
218.1162575150
217.4868319973
216.8461088844
216.1535320641
215.4736305945
214.8075985304
214.1741816967
213.5500668003
212.8647294589
212.1987808951
211.5785988644
210.9487725451
210.3116983968
209.6664746159
209.0203156313
208.3784151637
207.7308533734
207.0744739479
206.4213009352
205.7697478290
205.1000918504
204.4399298597
203.8197478290
203.1820307281
202.5256513026
201.9113309953
201.3094021376
200.6747411490
200.0481629927
199.4400467602
198.8138026052
198.1743152973
197.5615313961
196.9522127589
196.3344438878
195.7157147629
195.0955327321
194.4899298597
193.8914662659
193.3135187041
192.7252004008
192.0953657315
191.4856880428
190.8968770875
190.3006847027
189.7029559118
189.1237975952
188.5408817635
187.9496576486
187.3626670007
186.7786823647
186.1946977288
185.6157899132
185.0704158317
184.5260187041
183.9830577822
183.4335504342
182.8809368737
182.3030644623
181.7293336673
181.1743069472
180.6276970608
180.0895624582
179.5253590514
178.9548513694
178.4143036072
177.8829742819
177.3713844355
176.8426603206
176.3021125585
175.7636523046
175.2298597194
174.7230961924
174.2193136273
173.7197895792
173.2020791583
172.6760103540
172.2008266533
171.7211339345
171.2191967268
170.7136022044
170.2044255177
169.7102788911
169.2206579826
168.7356128925
168.2537074148
167.7783149633
167.3115898464
166.8506763527
166.3855544422
165.9170090180
165.4319639279
164.9519706079
164.4789913160
164.0344021376
163.6024465598
163.1402054108
162.6826402806
162.2434452238
161.8005427522
161.3541082164
160.9190464262
160.4862391450
160.0398046092
159.6061957248
159.1983717435
158.7671676687
158.3207331329
157.9018704075
157.4842351369
157.0522795591
156.6275133601
156.2124498998
155.7889529058
155.3618236473
154.9745824983
154.5849198397
154.1843353373
153.7912658651
153.4051603206
152.9999331997
152.5914412158
152.2077488310
151.8191466266
151.4209752839
151.0242818971
150.6285237141
150.2263527054
149.8298847695
149.4679108216
149.1101118904
148.7577905812
148.3918420174
148.0202154309
147.6722194389
147.3204575818
146.9560704743
146.6005678023
146.2530728123
145.9075066800
145.5608466934
145.1940464262
144.8439462258
144.5254091516
144.1934201737
143.8531646627
143.4892117568
143.1316299265
142.8203323313
142.5153974616
142.2185788243
141.8907982632
141.5505427522
141.2126670007
140.8804609218
140.5643370073
140.2469271877
139.9283901136
139.6117985972
139.2970190381
138.9977872411
138.6968520374
138.3927939212
138.0947812291
137.8003757515
137.4886022044
137.1765614562
136.8725033400
136.5716766867
136.2748580494
135.9745657983
135.6729208417
135.3880511022
135.1045841683
134.8246576486
134.5330076820
134.2313627255
133.9650384102
133.7059953240
133.4381346025
133.1668002672
132.8892869071
132.6285821643
132.3776135605
132.1244572478
131.8671676687
131.5920674683
131.3279058116
131.0769372077
130.9539746159
130.8791666667
