78.0840000000
78.0840000000
78.0840000000
78.1217394790
78.7049859719
79.1564248497
79.5118557114
79.8198316633
80.1260040080
80.4137955912
80.6291062124
80.8543166333
81.0888977956
81.3396392786
81.5386292585
81.7274869739
81.9237194389
82.1736032064
82.3827895792
82.5136112224
82.7046492986
82.9082885772
83.1208737475
83.3012344689
83.4528977956
83.5720000000
83.5720000000
83.6608817635
83.8163206413
83.9934749499
84.1547575150
84.3112945892
84.4857234469
84.6620921844
84.8286012024
84.9621482966
85.1232064128
85.2820841683
85.4183567134
85.5294108216
85.6570821643
85.8206092184
85.8631583166
86.2096513026
86.9618757515
87.7987494990
88.6601202405
89.5827975952
91.5887294589
94.0711663327
96.9620521042
100.2625731463
103.5975631263
106.9853627255
110.5393507014
114.1560320641
117.8243446894
121.5745651303
125.3870701403
129.2294749499
133.0968897796
136.9755671343
140.7920641283
144.4932264529
148.3279759519
152.1674949900
155.9913026052
159.9844488978
163.9375070140
167.8336192385
171.4094108216
174.8043607214
178.0342685371
181.0622444890
184.0296192385
186.9688817635
189.9614268537
193.2236312625
196.5979078156
199.9229579158
203.0586533066
205.9748857715
208.4904769539
210.5503086172
212.3168817635
213.7259398798
214.4398637275
215.1750380762
216.0826132265
217.7315110220
219.5015951904
221.3505410822
222.4625250501
223.6771943888
224.9611062124
225.9967775551
227.1080400802
228.1120000000
228.1120000000
228.8726092184
229.9894989980
231.0169939880
231.5215390782
231.9287535070
232.5964889780
232.8188937876
233.1640320641
233.9898436874
234.9471823647
235.8557995992
236.6570821643
236.6806492986
236.7362805611
236.9025330661
237.4388777555
238.0527134269
238.7330100200
239.3952945892
239.9726092184
240.4375310621
240.5165691383
240.6418757515
240.8432865731
241.2711823647
241.8223006012
242.4334829659
243.0794148297
243.4204328657
243.6766252505
243.9328176353
244.0112464930
244.0234549098
243.9798476954
244.2891062124
244.7087695391
245.2238797595
245.6964088176
246.2275430862
246.7990701403
246.9707735471
247.0096112224
246.9738917836
247.1428697395
247.5536352705
248.0861082164
248.5439839679
248.9941963928
249.3674228457
249.5009699399
249.6512545090
249.7207535070
249.5899318637
249.7630941884
250.0203446894
250.3174188377
250.7342925852
251.1461883768
251.5332024048
251.8599278557
252.0213066132
252.0185250501
252.1139158317
252.2153987976
252.3420681363
252.6718476954
253.0814989980
253.4883927856
253.6192144289
253.6993907816
253.7746613226
253.9136593186
254.1798877756
254.4746452906
254.7362885772
255.0202164329
255.2938517034
255.5391422846
255.5824288577
255.5773066132
255.5418757515
255.6587334669
255.8677274549
256.1673026052
256.4480240481
256.7183647295
256.9754228457
257.1771062124
257.1581002004
257.0211543086
257.0293306613
257.1843607214
257.4246012024
257.7189498998
257.9589739479
258.1730981964
258.3693306613
258.3664208417
258.3329138277
258.3356392786
258.4707895792
258.5814428858
258.6250501002
258.6534108216
258.5502124248
258.2967454910
258.1574108216
258.1655871743
258.3116553106
258.5651222445
258.8558316633
259.1595751503
259.3776112224
259.5938517034
259.7706052104
259.7842324649
259.6815150301
259.5915270541
259.6678396794
259.8322324649
259.9792224449
260.0391823647
260.1642324649
260.2984048096
260.4292264529
260.6325771543
260.6204488978
260.3370020040
260.4498036072
260.5514869739
260.6408496994
260.8289058116
260.9869579158
261.1031262525
261.0595190381
261.2388617234
261.5009859719
261.5745731463
261.5283847695
261.4987254509
261.6758797595
261.5747494990
261.4513346693
261.4622364729
261.5599519038
261.6926012024
261.8561282565
262.0393426854
262.1048496994
262.0149098196
262.0963927856
262.1454509018
262.1635831663
262.3979719439
262.4122725451
262.2923687375
262.5022284569
262.6125931864
262.6661402806
262.7288256513
262.7366492986
262.7326412826
262.7707975952
262.8585891784
262.9478717435
263.0023807615
263.0613787575
263.1077595190
263.1295631263
263.1537875752
263.1829018036
263.2183326653
263.1758476954
263.1612585170
263.1818276553
263.2853947896
263.3754709419
263.4495711423
263.4686492986
263.5245851703
263.5895951904
263.5732424850
263.5920721443
263.5905651303
263.4515671343
263.3267655311
263.2641122244
263.3513266533
263.4826292585
263.6178436874
263.7404889780
263.8345651303
263.8902124248
263.8956633267
263.9011142285
263.7590701403
263.4517515030
263.3672625251
263.3819799599
263.4889058116
263.6796873747
263.8328577154
263.9595110220
264.0767054108
264.1160000000
264.0864609218
263.9365611222
263.8860601202
263.8845611222
263.9172665331
263.9521362725
264.0009138277
264.0772264529
264.1184288577
264.1645210421
264.2272064128
264.1766252505
264.1116953908
264.0408336673
264.0076793587
264.0175390782
264.0667414830
264.1185250501
264.1623326653
264.2069018036
264.2995671343
264.3089699399
264.2844729459
264.3090020040
264.2945731463
264.2706533066
264.2652024048
264.2894909820
264.3213466934
264.3513266533
264.3467975952
264.3430781563
264.3512545090
264.1117354709
263.6165050100
262.8288496994
261.9111823647
261.0147975952
260.1400480962
259.1997675351
257.6794308617
255.7637995992
254.2075671343
252.7015470942
251.2197835671
249.7153346693
248.2604889780
246.8231022044
245.3731623246
243.9482324649
242.5358557114
241.1349739479
239.7182685371
238.2992945892
236.8820601202
235.4794468938
234.0878637275
232.7087855711
231.3453867735
229.9130501002
228.4127695391
227.0854749499
225.9975551102
225.1345490982
224.6194388778
223.6036793587
222.2614108216
220.8060200401
219.3935871743
217.9795270541
216.4887054108
215.0592064128
213.7263326653
212.5870941884
211.5388937876
210.5246412826
209.5353026052
208.6394388778
207.6834468938
206.6232464930
205.7328737475
204.8071022044
203.8316312625
202.8831743487
201.9125931864
200.9294669339
200.0246172345
199.0983006012
198.1813787575
197.4100761523
196.4578356713
195.4609619238
194.6378757515
193.7306212425
192.8171382766
191.9695230461
191.0521362725
190.1372344689
189.2623647295
188.3662845691
187.5177474950
186.7464448898
185.8586212425
184.9846012024
184.1369859719
183.3056272545
182.4973226453
181.7088657315
180.9075831663
180.0515190381
179.1720480962
178.3952945892
177.6078156313
176.8285611222
176.1090420842
175.3600641283
174.6010420842
173.8460921844
173.0419158317
172.2277434870
171.4210100200
170.6629258517
169.9384368737
169.2543486974
168.5004569138
167.7680801603
167.0703647295
166.3406172345
165.6534348697
165.0058196393
164.3217314629
163.6564969940
163.0012585170
162.3144448898
161.6381162325
160.9709659319
160.3195831663
159.6451142285
158.9779078156
158.3646813627
157.7451543086
157.1154949900
156.4668376754
155.8682645291
155.2655390782
154.6386853707
153.9922084168
153.3612264529
152.7534509018
152.1903727455
151.6140280561
151.0231663327
150.4508216433
149.8738837675
149.2959278557
148.7426613226
148.1911022044
147.6435911824
147.1121282565
146.5524088176
145.9879839679
145.4510701403
144.9223967936
144.3814589178
143.8036633267
143.3376913828
142.8403767535
142.2407775551
141.7714709419
141.3019719439
140.8086653307
140.3024128257
139.8125691383
139.3415871743
138.9055150301
138.4396232465
137.9542364729
137.5290661323
137.0572104208
136.5596553106
136.0854268537
135.6075110220
135.1420601202
134.7305170341
134.2563527054
133.7782124248
133.3475911824
132.9301482966
132.5121923848
132.0870220441
131.6286332665
131.2081362725
130.8511022044
130.4099478958
130.0993507014
129.9440000000
