74.2560000000
74.2560000000
74.2676072144
74.3610100200
75.4893466934
76.2173787575
76.6600881764
77.0007695391
77.2693066132
77.4967374749
77.7065971944
77.9124969940
78.1260761523
78.3659158317
78.5195030060
78.6661963928
78.8460761523
79.0119599198
79.1807775551
79.3579318637
79.5601763527
79.7411302605
79.8937555110
80.0436953908
80.1851302605
80.3132264529
80.3377555110
80.4289458918
80.5698196393
80.7251703407
80.8664128257
81.0004488978
81.1367214429
81.3040320641
81.4632865731
81.5586773547
81.7175551102
81.8947094188
82.0718637275
82.2375551102
82.3786853707
82.4822525050
82.5463166333
82.9096513026
83.6618757515
84.5172665331
85.6540440882
87.1102685371
89.7812104208
92.7012344689
95.8205130261
99.0256432866
102.3410741483
105.7435270541
109.2620841683
112.7844408818
116.3403366733
120.0033426854
123.5417795591
127.0212184369
130.4525611222
133.6158557114
137.0495070140
141.0668216433
144.7538116232
148.4327855711
152.1557515030
155.6338276553
159.0207615230
162.3143006012
165.1460440882
167.9958717435
170.8314949900
173.3579879760
176.0174669339
178.7919759519
181.7518156313
184.8641523046
188.0369458918
191.1712144289
194.1690661323
197.0004088176
199.5214509018
201.4451382766
202.8711022044
203.6124248497
204.4707975952
205.5651703407
206.9769539078
208.6093386774
210.2981002004
212.0346292585
213.8416032064
215.0530020040
215.7734509018
216.7573386774
218.0633106212
219.5717995992
221.0190140281
222.3661482966
223.6814509018
225.0687054108
226.4180360721
227.7917434870
229.2716633267
230.6364488978
231.6119038076
231.8544689379
232.7852024048
233.9745571142
235.3917915832
236.7054989980
237.9934829659
239.2608176353
240.2715190381
240.7191823647
240.6752304609
240.9477755511
241.1674148297
241.3434468938
241.4715430862
241.8327615230
242.3492024048
243.0033106212
243.6593747495
244.2010581162
244.3972905812
244.5444809619
244.7517915832
245.1197274549
245.7208336673
246.3867895792
247.0899559118
247.5023807615
247.7123687375
247.7041923848
247.9222284569
248.2691382766
248.7412505010
249.3544769539
249.8786052104
250.3079118236
250.4959679359
250.5587815631
250.5506052104
250.5424288577
250.5055150301
250.5353346693
250.8215070140
251.2248416834
251.6767214429
252.1591262525
252.5553266533
252.7830781563
252.7476472946
252.7048817635
252.7923527054
253.0539959920
253.3864128257
253.7404969940
254.1119358717
254.4117354709
254.5211543086
254.4782845691
254.4155991984
254.4956633267
254.6746613226
254.9226773547
255.2419719439
255.6013707415
255.9883847695
256.2009699399
256.2459078156
256.0142444890
255.9519438878
256.0056352705
256.2045931864
256.4636713427
256.7545010020
257.0788296593
257.3437915832
257.5139719439
257.5817555110
257.3909739479
257.3425571142
257.4190460922
257.5634949900
257.7494268537
257.9362324649
257.9662124248
258.0439198397
258.0740601202
257.8314949900
257.7820841683
257.8365611222
257.9864609218
258.2020120240
258.4546933868
258.7490420842
258.9653547094
259.1141643287
259.1795751503
259.0823567134
259.0493306613
259.1038396794
259.2425891784
259.3916873747
259.5499318637
259.7107334669
259.8342925852
259.9241362725
259.9568416834
259.9500440882
259.9280000000
259.9280000000
260.0187094188
260.1440801603
260.2694509018
260.3905250501
260.5121923848
260.6375631263
260.7210901804
260.7501482966
260.7038156313
260.6924969940
260.7088496994
260.7551823647
260.8389979960
260.9375150301
261.0478476954
261.1296112224
261.2113747495
261.2995350701
261.4385330661
261.4125130261
261.3222525050
261.3576833667
261.4336833667
261.5348937876
261.6629899800
261.7468136273
261.8101723447
261.8565050100
261.8343006012
261.7756392786
261.6775230461
261.7122965932
261.7696593186
261.8377955912
261.9665891784
262.0851462926
262.1901162325
262.2555270541
262.2716873747
262.2432705411
262.1533306613
262.1285771543
262.1523446894
262.2286573146
262.3219959920
262.4172825651
262.4935951904
262.5450901804
262.5847294589
262.6147094188
262.4875751503
262.3529619238
262.2657474950
262.2826292585
262.3618997996
262.5090741483
262.6172905812
262.7275511022
262.8402404810
262.8538677355
262.8839839679
262.9188376754
262.8561523046
262.7683366733
262.6836072144
262.7081362725
262.7585891784
262.8235831663
262.8971703407
262.9585891784
263.0097955912
263.0452264529
263.0740440882
263.0501563126
262.9275110220
262.8929539078
262.9098677355
262.9834549098
263.1005130261
263.1729779559
263.1921122244
263.2302685371
263.2611302605
263.2762565130
263.1617875752
263.0702124248
263.0108537074
263.0626372745
263.1397835671
263.2222044088
263.2739879760
263.3456513026
263.4075671343
263.4211943888
263.3958637275
263.3639919840
263.3394629259
263.2049218437
263.1269258517
263.1650821643
263.2359599198
263.3170020040
263.4069418838
263.4699478958
263.5297955912
263.5850100200
263.6040881764
263.5976432866
263.5798476954
263.6125531062
263.3139799599
262.7525370741
261.8122565130
260.9323607214
260.0671422846
259.1731943888
257.8735150301
256.3655390782
254.6512304609
253.2014909820
251.8026613226
250.4072304609
249.0638156313
247.7364408818
246.4227735471
245.0003206413
243.6645290581
242.4154388778
241.1453787575
239.8566573146
238.5519278557
237.2300841683
235.9168977956
234.6237595190
233.4054829659
232.1337875752
230.8372985972
229.5345330661
228.2192625251
226.9722004008
225.8956472946
225.6170581162
225.0845370741
223.8144769539
222.5444168337
221.2883046092
220.0509498998
218.7613306613
217.4788376754
216.2137474950
215.2680160321
214.3450100200
213.4382364729
212.5115831663
211.5933867735
210.6924488978
209.8584609218
208.9665731463
208.0623326653
207.2092665331
206.3296272545
205.4680641283
204.6749579158
203.8085771543
202.9510701403
202.1416112224
201.2506613226
200.3923046092
199.5964729459
198.7337394790
197.8930180361
197.0805931864
196.2411543086
195.4061402806
194.5750781563
193.7465410822
192.9411222445
192.1375551102
191.2517835671
190.3970821643
189.5681523046
188.7804969940
187.9667895792
187.1736112224
186.4622685371
185.6484488978
184.8235030060
184.0276713427
183.2719038076
182.5267334669
181.7881362725
180.9912785571
180.2290100200
179.5122164329
178.7818757515
178.0485851703
177.3111102204
176.5479839679
175.8380280561
175.1557515030
174.4089779559
173.6622044088
172.9205611222
172.2010420842
171.5168737475
170.8443446894
170.1657074148
169.4699478958
168.7738356713
168.0870220441
167.4303246493
166.7904048096
166.1690020040
165.4827815631
164.8295070140
164.2244569138
163.5526733467
162.9018036072
162.2731863727
161.6654108216
161.0497795591
160.4313426854
159.8371943888
159.2255711423
158.6070060120
158.0019559118
157.4142204409
156.8278557114
156.2228056112
155.6576593186
155.1019158317
154.5404729459
153.9243927856
153.3235911824
152.7675991984
152.1895310621
151.6361122244
151.1182765531
150.5899238477
150.0449298597
149.4835671343
148.9248496994
148.3921603206
147.8836232465
147.4121202405
146.8893947896
146.3530100200
145.9060360721
145.4138517034
144.9063406814
144.4157595190
143.9231182365
143.4392384770
142.9786372745
142.4911983968
142.0296352705
141.6262685371
141.1070861723
140.6002164329
140.1314388778
139.6781963928
139.2362885772
138.8055070140
138.3639839679
137.9373707415
137.5207214429
137.0764729459
136.6422284569
136.2135470942
135.7802004008
135.3450100200
134.9180440882
134.5255791583
134.1068537074
133.6826853707
133.2684168337
132.9134509018
132.5515671343
132.1482004008
131.7661883768
131.3851543086
131.0008657315
130.6140280561
130.3978036072
130.3760000000
