75.8160000000
75.8160000000
75.8026132265
75.7785891784
76.6407855711
77.2417234469
77.5859078156
77.9035591182
78.1602484970
78.3585490982
78.6414989980
78.8781162325
79.0710140281
79.3219318637
79.5248737475
79.6833266533
79.9048817635
80.1002404810
80.2719919840
80.4935470942
80.7081683367
80.9158156313
81.0973306613
81.2704769539
81.4365531062
81.6260761523
81.7103887776
81.7054108216
81.9056112224
82.0818276553
82.2367294589
82.3942204409
82.5630621242
82.7403206413
82.8711182365
83.0361603206
83.2295791583
83.3844008016
83.5564408818
83.7406893788
83.8608096192
83.9996873747
84.1488977956
84.1702525050
84.6181723447
85.4253947896
86.2555591182
87.1353266533
88.1066533066
90.0766252505
92.5204168337
95.3641683367
98.4232304609
101.5235911824
104.6641763527
107.9234388778
111.2761282565
114.7003607214
118.0717354709
121.4460921844
124.8160721443
128.0806733467
131.3767535070
134.6943807615
137.9669899800
141.2456272545
144.5424929860
148.0313186373
151.5625651303
155.0977394790
158.2502284569
161.2793507014
164.1881122244
166.7426693387
169.3600000000
172.0242004008
174.6908697395
177.3544609218
180.0337154309
182.9246092184
185.9160641283
188.9785170341
192.0188937876
194.8539959920
197.4652585170
199.2403687375
200.8357194389
202.2747975952
203.4092665331
204.5138837675
205.6221643287
206.9781883768
208.5094989980
210.1543647295
211.7266052104
213.2861482966
214.8452424850
216.4815470942
217.6472705411
218.4680801603
219.0339799599
220.1096993988
221.5247214429
222.9421402806
224.3450581162
225.7294749499
227.0374509018
228.4603927856
229.9229739479
231.0974829659
231.6194629259
231.8733466934
233.3254669339
234.6860120240
235.9779879760
237.1871983968
238.5114388778
239.8818677355
241.0590460922
242.2527374749
243.4133226453
244.2568336673
244.6954709419
244.8883206413
245.0858517034
245.1700040080
245.2092505010
245.4094509018
245.6498597194
245.9372184369
246.3803286573
246.9480080160
247.5957034068
248.2897314629
248.8027815631
249.1653787575
249.2347815631
249.4503326653
249.7802725451
250.3034629259
250.8027494990
251.2712384770
251.6342685371
251.7640000000
251.8005531062
252.0541402806
252.1750220441
252.2686332665
252.6263246493
253.0809779559
253.5120000000
253.5120000000
253.8251062124
254.2573466934
254.4228456914
254.4502925852
254.4482645291
254.6804969940
255.0601923848
255.5132505010
255.9483527054
256.2353186373
256.3916553106
256.2661963928
256.2895470942
256.4156472946
256.6799118236
257.0153587174
257.3872945892
257.7636713427
257.9916793587
258.1410180361
258.2638076152
258.4171222445
258.5838957916
258.7440561122
258.8302685371
258.8545010020
258.7557354709
258.8109579158
258.9318717435
259.0199599198
259.0534589178
259.0350621242
258.8989258517
258.6640961924
258.4171142285
258.3156793587
258.4418677355
258.6785010020
258.9454348697
259.2473987976
259.5629979960
259.8699719439
260.1510220441
260.3883206413
260.4924248497
260.4310140281
260.3134188377
260.2600320641
260.2794869739
260.3602805611
260.5604809619
260.7738116232
260.9877915832
261.1826533066
261.3228857715
261.3927695391
261.2806573146
261.2555671343
261.2881282565
261.4029098196
261.5119919840
261.6273026052
261.7741162325
261.8904048096
261.9870060120
262.0564088176
262.0645050100
262.0198156313
261.8730020040
261.8762484970
261.9548456914
262.0936513026
262.2691623246
262.4454589178
262.5762565130
262.6604969940
262.7077354709
262.6890501002
262.5593346693
262.4397274549
262.4904448898
262.6037515030
262.7498917836
262.9287374749
263.0486653307
263.1398316633
263.2065651303
263.1727294589
263.0802404810
262.9147414830
262.8739799599
262.9110621242
263.0552064128
263.2251943888
263.3856352705
263.4897394790
263.5658997996
263.6226533066
263.6493466934
263.6760400802
263.6650260521
263.5422364729
263.4596873747
263.4182204409
263.4582605210
263.5831422846
263.7166813627
263.7967615230
263.8585891784
263.9097635271
263.9471342685
263.9824689379
264.0058837675
263.9978757515
263.9755591182
263.9581402806
263.9661482966
263.9946773547
264.0279358717
264.0572985972
264.0969619238
264.1331062124
264.1517915832
264.1766813627
264.1937875752
264.1857795591
264.1923046092
264.2096913828
264.2443927856
264.2603366733
264.2770420842
264.3090741483
264.3306452906
264.3470460922
264.3577234469
264.3852024048
264.4172344689
264.4492665331
264.4496753507
264.4471102204
264.4577875752
264.4536513026
264.4621402806
264.5101883768
264.5157515030
264.5167615230
264.5327775551
264.5743807615
264.6128096192
264.6288256513
264.6320000000
264.6457635271
264.6911422846
264.6699238477
264.6472705411
264.6579478958
264.6945010020
264.7107895792
264.6680801603
264.6881362725
264.7236713427
264.7610420842
264.7680000000
264.7722084168
264.7855551102
264.7923607214
264.8019478958
264.8206332665
264.6751903808
264.2946853707
263.4938837675
262.6184048096
261.7450260521
260.9095230461
259.9858436874
258.7622204409
256.9604168337
255.4904769539
254.1252264529
252.8332665331
251.5435270541
250.2666933868
249.0147735471
247.7762244489
246.5232625251
245.2366412826
243.9500200401
242.6769859719
241.4304048096
240.1972905812
238.9822605210
237.7970741483
236.5105250501
235.2291863727
233.9932825651
232.7664208417
231.5328256513
230.2835751503
229.0048336673
227.7508937876
226.5523607214
225.7362885772
225.0562004008
224.5036472946
223.4530581162
222.2842484970
221.0536833667
219.8093627255
218.5820200401
217.3888256513
216.4210901804
215.5341082164
214.7252985972
213.8218356713
212.9505250501
212.1604008016
211.3100440882
210.4465731463
209.5763687375
208.7363847695
207.9038637275
207.0763687375
206.2768657315
205.4523446894
204.5794709419
203.7112785571
202.8629338677
202.0461162325
201.2692264529
200.4550300601
199.5714789579
198.7633426854
197.9508456914
197.1153426854
196.2798396794
195.4526092184
194.6384609218
193.8575310621
193.0494909820
192.1926332665
191.4262444890
190.6645210421
189.8930821643
189.1096993988
188.3217394790
187.5289458918
186.7888817635
186.0569458918
185.3282164329
184.5802484970
183.8097555110
183.0089539078
182.2757114228
181.5247615230
180.7373066132
180.0176352705
179.3158236473
178.6298036072
177.9049218437
177.1838797595
176.4738356713
175.7686653307
175.0639599198
174.3592545090
173.6521042084
172.9625571142
172.2978917836
171.6258677355
170.9588056112
170.2994789579
169.6426132265
168.9814348697
168.3141002004
167.6566412826
166.9999839679
166.3433266533
165.7411623246
165.1145731463
164.4499078156
163.7877274549
163.1580521042
162.5707975952
161.9635991984
161.3596392786
160.7617074148
160.1712785571
159.5790140281
158.9837515030
158.3884889780
157.8002965932
157.2210501002
156.6342525050
156.0327615230
155.4134749499
154.8876152305
154.3491783567
153.7886172345
153.2153907816
152.6498997996
152.0946773547
151.5496192385
151.0183887776
150.5032064128
149.9854749499
149.4651863727
148.9419959920
148.4162484970
147.9149178357
147.4424448898
146.9212344689
146.4091543086
145.9099879760
145.4314068136
144.9225330661
144.3779879760
143.8876472946
143.4216673347
142.9812264529
142.5071262525
142.0332424850
141.5607695391
141.1298517034
140.6722244489
140.1837354709
139.7369298597
139.2796793587
138.8098757515
138.4263086172
138.0061162325
137.5443206413
137.1034949900
136.6811222445
136.2780521042
135.8749819639
135.4459398798
134.9894829659
134.5884088176
134.1827815631
133.7717034068
133.3712064128
132.9865811623
132.6182124248
132.2206573146
131.8176352705
131.4092264529
131.0088016032
130.6669498998
130.3840000000
