73.4541666667
73.4541666667
73.4541666667
73.4724031396
74.3451486306
74.9503590514
75.3146877088
75.5664412158
75.7857548430
75.9808700735
76.2074482298
76.4179943220
76.6123914496
76.7606462926
76.9238560454
77.1025467602
77.3263276553
77.5139863059
77.6762191049
77.8188794255
77.9615397462
78.1070641283
78.2693052772
78.4591015364
78.6530143621
78.7956746827
78.8416666667
78.8769121576
79.0643286573
79.2048513694
79.3327321309
79.4893787575
79.6460253841
79.7923847695
79.9042752171
80.0513694055
80.1995908484
80.3142785571
80.4672929192
80.6163744155
80.7226703407
80.8639696059
80.9642869071
80.9419088176
81.5641783567
82.3928356713
83.3271209085
84.4388610554
85.9859969940
88.3245073480
91.2703239813
94.3813877756
97.5898463594
100.9411740147
104.3409736139
107.7844021376
111.3840681363
114.9692969272
118.5022378090
122.0529475618
125.4990898464
128.7970607882
132.2378590514
135.6467184369
139.0006346025
142.4581078824
145.9905561122
149.6046175685
153.0531396126
156.3728874415
159.5589679359
162.5343603874
165.3465263861
167.9973947896
170.5708750835
173.1502004008
175.7454325317
178.6517869071
181.6098112892
184.6232965932
187.8485387442
191.0374832999
194.1739645959
197.0075901804
199.4140614562
201.4328991316
202.6497077488
203.4834335337
204.1185370741
205.1367401470
206.4951235805
208.0944054776
209.9350033400
211.8390197061
213.7447728791
215.4762775551
217.0749832999
218.5602872411
219.8274465598
220.6220357381
221.2637274549
222.1448647295
223.4075651303
224.8288660655
226.2610637943
227.4764111556
228.7243737475
230.3244071476
231.8381680027
233.2875083500
234.6357882432
235.5969522378
236.2834919840
236.5632181029
237.7802521710
239.2055026720
240.5509853039
241.9101452906
243.2196225785
244.4196476286
245.4419839679
246.2076068804
246.5544672679
246.6257348029
246.6375584502
246.6263694055
246.7305611222
246.8823229793
247.0837257849
247.4962508350
248.0218520374
248.6764111556
249.1895207081
249.6180861723
249.9509602538
250.2549014696
250.4624415498
250.5547511690
250.6416833667
250.6809034736
250.6669171677
250.6227120908
250.6812875752
250.8458583834
250.8542501670
250.9100367401
251.0105377422
251.1028473614
251.1817050768
251.2529726119
251.4124164997
251.7178523714
252.1633851035
252.9382264529
253.5454659319
254.0025133601
254.1759435538
254.1489729459
254.0068720775
254.0320474282
254.0330243821
254.0201152305
254.0145207081
254.1894038076
254.4792752171
254.8429191717
255.2379342017
255.6472277889
256.0472361389
256.3349198397
256.5143119572
256.4583667335
256.3671008684
256.3129759519
256.4528390114
256.7260688043
257.0655310621
257.4543503674
257.8286155645
258.1566883768
258.3636857047
258.3782982632
258.2959001336
258.1140781563
258.1167251169
258.1318470274
258.0563209753
258.0551937208
258.0303774215
257.9156897128
257.9883517034
258.1417585170
258.3767284569
258.6852120908
259.0018871075
259.3095858383
259.5298096192
259.7028724115
259.8203573814
259.8333333333
259.7046593186
259.3829742819
259.3541666667
259.4295173681
259.6085420842
259.8917752171
260.2123496994
260.5703991316
260.8032565130
261.0000668003
261.1623079492
261.1938877756
261.0649465598
260.7684368737
260.6526636607
260.6381680027
260.7245073480
260.9706663327
261.2418086172
261.5328156313
261.7510020040
261.9202905812
262.0459502338
262.1214762859
262.0589762859
261.8996075484
261.8408650635
261.8232464930
261.8490397462
262.0084836339
262.1849615898
262.3670340681
262.5096943888
262.6523547094
262.7789245157
262.8068971276
262.8385103540
262.8752338009
262.9283817635
262.9664996660
263.0008350033
263.0511857047
263.0841015364
263.1092768871
263.1344522378
263.1616232465
263.2008684035
263.2791917168
263.3718937876
263.4478874415
263.4562792251
263.4815714763
263.5160571142
263.5608132933
263.5947144289
263.6343019372
263.6958416834
263.7328573814
263.7713677355
263.8273129593
263.8375000000
263.8622995992
263.9378256513
263.9593854375
263.9783901136
264.0119572478
264.0527388110
264.0915915164
264.1251586506
264.1242401470
264.1306780227
264.1558533734
264.1810287241
264.2165748163
264.2669255177
264.2785738143
264.3014946560
264.3434535738
264.3722194389
264.3836923848
264.3753006012
264.4127588510
264.4412992652
264.4580828323
264.4913994656
264.5055611222
264.5002338009
264.5393954576
264.5785571142
264.6160654643
264.5936873747
264.6013694055
264.6344021376
264.6567802271
264.6744739479
264.6886523046
264.7054358717
264.7432782231
264.7924181697
264.8008099532
264.8478039412
264.9091015364
264.8783316633
264.8527722111
264.8344355377
264.8428273213
264.8548096192
264.8649632599
264.8537742151
264.8629759519
264.8878841015
264.9382348029
264.9752004008
265.0037992652
265.0233800935
265.0409903140
265.0565714763
265.0677605210
265.0951820307
265.1142368069
265.0862641951
265.1000417502
265.1114979960
265.0751336005
264.7233132933
264.1390781563
263.1991983968
262.2769539078
261.3836673347
260.5472862391
259.0026302605
257.3326987308
255.7522461590
254.3296426186
252.9317885772
251.5191716767
250.1470106880
248.7839679359
247.4244989980
246.0991649967
244.7874081496
243.4894789579
242.1191466266
240.7998413494
239.5690464262
238.2411573146
236.9514946560
235.7262942552
234.4880260521
233.2438627255
231.9934869739
230.7564712759
229.4849114896
228.1729959920
226.8829241817
225.7444639279
224.7654225117
224.5477538410
223.7801770207
222.4769539078
221.1902137609
219.9034736139
218.6183617234
217.3735804943
216.2824398798
215.3213927856
214.4234719439
213.5383099532
212.6661489646
211.8325651303
210.9626085504
210.0700400802
209.2000918504
208.3506847027
207.5122494990
206.6590848363
205.7935287241
204.9219856379
204.0576319305
203.2353373413
202.4224615898
201.5441215765
200.7488142953
199.9749164997
199.1189545758
198.3038493654
197.5008684035
196.6756763527
195.8645123580
195.0557281229
194.2361305945
193.3979709419
192.5656730127
191.7712508350
190.9704659319
190.1669004676
189.3612892452
188.6145207081
187.8690464262
187.0858132933
186.3048179693
185.5391449566
184.8062625251
184.0527137609
183.2844605878
182.4956329325
181.7374164997
180.9957915832
180.2740981964
179.5572311289
178.8129509018
178.0213259853
177.3310370741
176.6430778223
175.9381680027
175.2383183033
174.5517702071
173.8832247829
173.2017368069
172.5094522378
171.8045424182
171.1287491650
170.4571643287
169.7886189045
169.1092518370
168.4295173681
167.7497828991
167.1142702071
166.4639529058
165.7983800935
165.1522127589
164.4958750835
163.8316299265
163.2162324649
162.6386189045
162.0883266533
161.4477538410
160.8228790915
160.2118820975
159.6216599866
159.0509769539
158.4881095524
157.8643203073
157.2624582498
156.6772545090
156.1094104876
155.5537825651
155.0040163661
154.4445641283
153.8454325317
153.2387692051
152.7100868403
152.1590597862
151.6042000668
151.0839094856
150.5559368737
150.0255594522
149.4996743487
148.9896209085
148.4842852371
147.9723864395
147.4625250501
146.9527555110
146.4408567134
145.9121910488
145.3917167669
144.9105878424
144.4294589178
143.9530394122
143.4886940548
143.0177104208
142.5576235805
142.1268453574
141.6143036072
141.0999582498
140.6216265865
140.1479542418
139.6934619238
139.2738727455
138.8256262525
138.3857130929
137.9689211757
137.5472361389
137.1226953908
136.6947144289
136.2767535070
135.8486055444
135.4038410154
134.9949649299
134.5881680027
134.1797678691
133.7897211089
133.3883767535
132.9715848363
132.5681947228
132.1758767535
131.7954492318
131.3931112224
131.1121826987
130.9583333333
