73.6680000000
73.6680000000
73.6737394790
73.7511663327
74.9495551102
75.8114629259
76.4103006012
76.8233507014
77.1650821643
77.4708296593
77.7969218437
78.0776112224
78.3415310621
78.6159919840
78.8822765531
79.1291142285
79.3329218437
79.5806573146
79.8168817635
80.0098196393
80.2215470942
80.4021082164
80.5298276553
80.7775951904
80.9870140281
81.1364729459
81.1665330661
81.2718396794
81.4546132265
81.6584208417
81.8393827655
82.0045931864
82.1920961924
82.3745731463
82.5586372745
82.7705971944
82.9131062124
83.0550541082
83.3295150301
83.4277595190
83.5301082164
83.8344609218
83.7976513026
83.9603607214
84.7674388778
85.6156392786
86.4566012024
87.2718316633
88.9253466934
91.1001603206
93.8502044088
97.0896032064
100.3519358717
103.6159839679
107.2301723447
110.8239358717
114.4133066132
118.1932585170
122.0167134269
125.8782525050
129.7995110220
133.6096673347
137.3885851703
141.3016913828
145.1305010020
148.9139078156
152.6639679359
156.6477274549
160.6797194389
164.6498917836
168.3025410822
171.7931462926
175.1111342685
178.1135470942
181.0930100200
184.1066452906
187.1606813627
190.2662525050
193.4293466934
196.7129218437
200.0610661323
203.4494268537
206.3896913828
208.9462765531
211.1306132265
212.5545490982
213.2375470942
213.5296192385
214.1138677355
215.1869659319
216.6200881764
218.5494669339
220.5209298597
222.4792384770
224.3597034068
226.0137555110
227.6010260521
229.1717034068
230.7285290581
232.3208657315
233.9757835671
234.7644569138
235.1764969940
235.2145410822
235.6027575150
235.8186452906
235.8400480962
235.8427655311
236.0264048096
236.3530340681
236.5840160321
236.8853146293
237.2465490982
237.6976432866
238.2488416834
238.8511022044
239.4489378758
239.8780040080
240.1625170341
240.2059959920
240.4482324649
240.8024929860
241.2807615230
241.9206332665
242.5560801603
243.1213066132
243.4468537074
243.5954869739
243.5357034068
243.5523927856
243.6855871743
243.9464609218
244.3829258517
244.9084008016
245.5128897796
246.0889859719
246.4466933868
246.6597835671
246.9967454910
247.1734268537
247.2920561122
247.5882565130
248.0363927856
248.5473667335
249.0392224449
249.2735150301
249.4224929860
249.5773867735
249.5818356713
249.5213947896
249.4045450902
249.5419559118
249.8032144289
250.1945250501
250.6578997996
251.0931462926
251.4844569138
251.8335711423
252.0635430862
252.1667334669
251.9683607214
251.9387735471
252.0611382766
252.3654909820
252.7561282565
253.1950060120
253.5917515030
253.9341482966
254.1895871743
254.1977394790
254.1587575150
254.1636953908
254.3539158317
254.6203206413
254.9183727455
255.2390300601
255.5347334669
255.7890180361
255.9792384770
255.9975791583
256.0335631263
256.1232384770
256.3235591182
256.5391182365
256.7646653307
256.9902124248
257.1869018036
257.3548937876
257.4717434870
257.5104288577
257.5100681363
257.6323527054
257.7948296593
257.9907735471
258.2407775551
258.4261883768
258.5689859719
258.6613787575
258.7640320641
258.8423086172
258.8504609218
258.7065090180
258.4322084168
257.9729619238
257.9190701403
257.9948937876
258.1742444890
258.4514468938
258.7625330661
259.1049298597
259.3728096192
259.5977555110
259.7777314629
259.8266452906
259.8480000000
259.8534669339
259.9132505010
259.9578837675
260.0004248497
260.0846653307
260.1982765531
260.3160400802
260.3948456914
260.5173867735
260.6376352705
260.7055711423
260.7670861723
260.8388777555
260.9367054108
260.9909739479
261.0452505010
261.1131863727
261.1884569138
261.2668697395
261.3483927856
261.4143326653
261.4861242485
261.5644809619
261.6052424850
261.6504048096
261.7006092184
261.7685450902
261.8283847695
261.8850901804
261.9584609218
262.0282885772
262.0908456914
262.1288897796
262.1977154309
262.2830861723
262.3809138277
262.4206092184
262.4542525050
262.5167535070
262.5859398798
262.6386212425
262.6576432866
262.7028537074
262.7506693387
262.7968657315
262.8455951904
262.8857555110
262.9156472946
262.9428537074
262.9798476954
263.0259238477
263.0694028056
263.0911102204
263.1041763527
263.1856993988
263.2330741483
263.2390060120
263.1303086172
263.0513667335
263.0098116232
263.0560080160
263.1585410822
263.2939559118
263.4651543086
263.5584368737
263.6406252505
263.7411703407
263.7027174349
263.6474549098
263.6039759519
263.6074068136
263.6238637275
263.6510380762
263.6572424850
263.7081923848
263.8045611222
263.8317354709
263.8618917836
263.8936673347
263.9154068136
263.9289298597
263.9388857715
263.9606252505
263.9769779559
263.9767134269
263.9169298597
263.9116873747
263.9293226453
263.9510621242
263.9917034068
264.0436232465
264.1088416834
264.1245050100
264.1241202405
264.1132505010
264.0951663327
264.1210340681
264.2107094188
264.2236713427
264.2330981964
264.2439679359
264.2981883768
264.3168657315
264.3032785571
264.2896913828
264.3076873747
264.3534909820
264.4404488978
264.4581482966
264.4359599198
264.4115030060
264.4040000000
264.4009939880
264.3874068136
264.3962164329
264.4185490982
264.4565931864
264.4815070140
264.4996232465
264.5104929860
264.5377474950
264.4417234469
264.1482404810
263.3536673347
262.4691943888
261.5289619238
260.6866052104
259.5321282565
258.0548537074
256.2531943888
254.6287935872
253.1485611222
251.7056032064
250.2509739479
248.7866853707
247.3084008016
245.8155591182
244.3252024048
242.8740921844
241.4367855711
240.0053867735
238.5760160321
237.1402725451
235.7170581162
234.3257314629
232.8843206413
231.4421563126
230.0155030060
228.5937074148
227.1908296593
225.8130901804
225.5994549098
224.8992705411
223.5998877756
222.2248657315
220.8208256513
219.3939799599
218.0053707415
216.6360000000
215.2777555110
213.9027334669
212.6277755511
211.4521042084
210.4874148297
209.4883847695
208.4941643287
207.5648016032
206.6004168337
205.6248577154
204.6492985972
203.6648897796
202.6793907816
201.6956793587
200.7852745491
199.8782284569
198.9597354709
197.9959358717
197.0544529058
196.1441122244
195.2417795591
194.3492985972
193.4657154309
192.5716793587
191.6576352705
190.7354549098
189.8821803607
189.0136833667
188.1416753507
187.3019879760
186.4198957916
185.5390300601
184.7401042084
183.8872865731
183.0185571142
182.1598476954
181.3140280561
180.4975951904
179.7367134269
178.8769058116
178.0419318637
177.2783326653
176.5073747495
175.7145571142
174.8938917836
174.1149098196
173.3602084168
172.6287775551
171.8678957916
171.1114388778
170.3610180361
169.6408977956
168.9256593186
168.2095551102
167.4649779559
166.7506533066
166.0453146293
165.3088897796
164.6053066132
163.9163767535
163.2315831663
162.5447054108
161.8531863727
161.1520881764
160.4778276553
159.8265090180
159.2069338677
158.5204729459
157.8568897796
157.2400320641
156.6104689379
155.9800240481
155.3495791583
154.7703086172
154.1943166333
153.6191422846
153.0077194389
152.3837915832
151.7615711423
151.2343887776
150.6917675351
150.1332024048
149.5380841683
148.9504368737
148.3749659319
147.8314789579
147.2637515030
146.7038797595
146.1875671343
145.6647374749
145.1518396794
144.6627014028
144.1363687375
143.6204248497
143.1312865731
142.5950861723
142.0614829659
141.5370180361
141.0914308617
140.6161683367
140.1089058116
139.6387895792
139.1776673347
138.7245050100
138.2788456914
137.8348376754
137.3900521042
136.9335230461
136.4499398798
135.9620280561
135.5136513026
135.1024368737
134.6942444890
134.2513026052
133.7978196393
133.3627575150
132.9768817635
132.5480561122
132.1115270541
131.6767374749
131.2660761523
130.8607214429
130.4585410822
130.0461002004
129.6702444890
129.3360000000
