Time	PTC10	PTC11	PTC12	PTC14	PTC15	HITC	LOTC	AVGTC	MEAN	AIRTC	AIRTC1	AIRTC2	HILIMTC	TSET_AIR	TSET_PART
HH:MM:SS	Deg.F	Deg.F	Deg.F	Deg.F	Deg.F										
tputs.PRESSIP\OutputValue	1.1	-0.1	-1	-1	-1	-1	0	0							
03:59:16	175.2	175.5	176	176	175.2	176	175.2	175.6	175.6	175.9	176	175.3	179.5	176	176
04:00:16	175.2	175.5	176	176	175.3	176	175.2	175.6	175.6	176	176	175.2	179.6	176	176
04:01:16	175.2	175.5	176	176.2	175.1	176.2	175.1	175.7	175.7	175.9	175.9	175.2	179.4	175.8	176
04:02:16	175.3	175.6	175.9	176.1	175.2	176.1	175.2	175.7	175.7	175.9	175.9	175.2	179.7	175.8	176
04:03:15	175.4	175.6	175.9	176.2	175.3	176.2	175.3	175.8	175.8	176	175.8	175.2	179.6	175.8	176
04:04:15	175.3	175.5	176	176.3	175.4	176.3	175.3	175.7	175.8	175.9	175.9	175.2	179.6	175.9	176
04:05:16	175.4	175.6	176	176.2	175.4	176.2	175.4	175.8	175.8	175.8	175.8	175.2	179.4	175.7	176
04:06:16	175.4	175.6	175.9	176.2	175.4	176.3	175.4	175.8	175.8	175.8	175.8	175.2	179.3	175.7	176
04:07:16	175.4	175.6	176	176.3	175.6	176.3	175.4	175.9	175.9	175.8	175.8	175.2	179.2	175.5	176
04:08:16	175.4	175.6	175.9	176.2	175.4	176.2	175.4	175.7	175.8	175.8	175.8	175.4	179.2	175.8	176
04:09:15	175.4	175.5	175.9	176.2	175.6	176.2	175.4	175.8	175.8	175.8	175.7	175.2	179.3	175.6	176
04:10:16	175.5	175.5	175.8	176.3	175.5	176.5	175.5	175.8	176	175.7	175.7	175.1	179.4	175.8	176
04:11:15	175.4	175.6	175.9	176.2	175.6	176.4	175.4	175.8	175.9	175.9	175.9	175.3	179.3	175.8	176
04:12:15	175.5	175.6	175.9	176.2	175.5	176.9	175.5	175.9	176.2	175.8	175.8	175.2	179.4	175.6	176
04:13:16	175.6	175.6	175.9	176.3	175.6	176.3	175.6	175.9	175.9	175.8	175.8	175.3	179.2	175.6	176
04:14:16	175.6	175.7	175.9	176.1	175.4	176.4	175.4	175.8	175.9	175.8	175.8	175.1	179.4	175.4	176
04:15:16	175.6	175.7	176	176.1	175.4	176.1	175.4	175.8	175.8	175.7	175.7	175.1	179.4	175.5	176
04:16:16	175.6	175.7	175.9	176.1	175.5	176.4	175.5	175.9	175.9	175.8	176	175.4	179.3	175.7	176
04:17:16	175.7	175.7	175.9	176	175.5	176.6	175.5	175.9	176	175.7	175.7	175.3	179.1	175.6	176
04:18:16	175.6	175.7	175.9	176.2	175.4	176.2	175.4	175.8	175.8	175.7	175.7	175.3	179.1	175.1	176
04:19:16	175.6	175.7	175.9	176.2	175.5	176.5	175.5	175.9	176	175.6	175.6	175.3	179.4	175.4	176
04:20:15	175.6	175.6	175.7	176.1	175.6	176.2	175.6	175.8	175.9	175.5	175.5	175	178.9	175.6	176
04:21:16	175.7	175.6	175.7	176.1	175.5	176.4	175.5	175.8	175.9	175.6	175.6	175.2	179.4	175.7	176
04:22:16	175.5	175.5	175.8	176.2	175.6	176.3	175.5	175.8	175.9	175.7	175.7	175.1	178.9	175.7	176
04:23:16	175.6	175.6	175.7	176.2	175.4	176.2	175.4	175.8	175.8	175.6	175.6	175	179.4	175.5	176
04:24:16	175.6	175.6	175.8	176.2	175.6	176.6	175.6	175.9	176.1	175.6	175.7	175.1	179.3	175.7	176
04:25:16	175.6	175.5	175.7	176.1	175.6	176.8	175.5	175.9	176.1	175.6	175.6	174.9	179.2	175.6	176
04:26:16	175.6	175.5	175.7	176.2	175.6	176.6	175.5	175.9	176	175.6	175.6	175	179.3	175.7	176
04:27:16	175.5	175.4	175.7	176.2	175.7	176.2	175.4	175.8	175.8	175.7	175.7	175	179.3	175.4	176
04:28:15	175.4	175.4	175.7	176.3	175.7	176.4	175.4	175.8	175.9	175.7	175.7	174.9	179.3	175.4	176
04:29:16	175.3	175.3	175.6	176.3	175.9	176.5	175.3	175.8	175.9	175.7	175.7	175	179.1	175.3	176
04:30:16	175.3	175.3	175.6	176.1	175.6	176.4	175.3	175.7	175.8	175.7	175.7	174.9	179.4	175.6	176
04:31:15	175.3	175.3	175.6	176.3	175.7	176.7	175.3	175.8	176	175.6	175.7	174.9	179.2	175	176
04:32:16	175.4	175.3	175.6	176.1	175.8	176.4	175.3	175.8	175.8	175.7	175.7	174.9	179.4	175.6	176
04:33:16	175.3	175.3	175.6	176.3	175.8	176.4	175.3	175.8	175.8	175.8	175.8	175	179.4	175.6	176
04:34:16	175.3	175.3	175.6	176.3	175.8	176.3	175.3	175.6	175.8	175.7	175.7	175	179.3	175.8	176
04:35:16	175.3	175.4	175.7	176.3	175.8	176.3	175.3	175.8	175.8	175.6	175.6	174.9	179.4	175.4	176
04:36:16	175.2	175.4	175.8	176.3	175.8	176.3	175.2	175.8	175.8	175.6	175.6	174.9	179.2	175.8	176
04:37:16	175.4	175.4	175.8	176.2	175.8	176.4	175.4	175.8	175.9	175.7	175.7	175	179.4	175.7	176
04:38:15	175.3	175.3	175.7	176.2	175.7	176.3	175.3	175.7	175.8	175.7	175.7	175	179.3	175.7	176
04:39:16	175.4	175.4	175.8	176.3	175.8	176.4	175.4	175.8	175.9	175.7	175.7	174.9	179.2	175.6	176
04:40:16	175.4	175.4	175.7	176.4	176	176.5	175.4	175.9	175.9	175.6	175.6	175	179.3	175.5	176
04:41:16	175.3	175.3	175.7	176.4	176	176.4	175.3	175.8	175.8	175.6	175.6	174.9	179	175.4	176
04:42:16	175.3	175.3	175.7	176.4	176	176.4	175.3	175.8	175.8	175.5	175.6	174.9	179.3	175.4	176
04:43:16	175.3	175.3	175.7	176.4	176	176.4	175.3	175.8	175.8	175.6	175.6	174.8	179.1	175.1	176
04:44:16	175.4	175.4	175.7	176.5	175.9	176.5	175.4	175.8	175.9	175.7	175.6	174.8	179	175.4	176
04:45:16	175.4	175.4	175.7	176.4	176	176.4	175.4	175.8	175.9	175.5	175.6	174.8	179.2	175.6	176
04:46:16	175.4	175.4	175.9	176.3	175.8	176.3	175.4	175.8	175.8	175.7	175.7	174.9	179.4	175.7	176
04:47:16	175.4	175.5	175.8	176.2	175.9	176.5	175.4	175.9	175.9	175.6	175.6	174.9	179.2	175.5	176
04:48:16	175.4	175.4	175.8	176.3	175.9	176.3	175.4	175.8	175.8	175.6	175.7	174.9	179.2	175.7	176
04:49:16	175.4	175.5	175.8	176.3	175.8	176.6	175.4	175.9	176	175.7	175.8	174.9	179.3	175.8	176
04:50:15	175.4	175.5	175.8	176.3	175.8	176.6	175.4	175.9	176	175.8	175.7	175	179.1	175.4	176
04:51:16	175.4	175.5	175.8	176.3	176	176.3	175.4	175.9	175.9	175.7	175.7	174.9	179.2	175.6	176
04:52:16	175.4	175.5	175.8	176.3	176	176.5	175.4	175.9	175.9	175.6	175.6	174.9	179.2	175.6	176
04:53:16	175.4	175.5	175.9	176.3	176	176.3	175.4	175.9	175.9	175.6	175.6	174.9	179.4	175.6	176
04:54:16	175.3	175.5	175.9	176.3	176	176.3	175.3	175.8	175.8	175.6	175.6	174.9	179.1	175.8	176
04:55:16	175.4	175.4	175.7	176.3	176	176.3	175.4	175.8	175.8	175.7	175.7	174.9	179.3	175.5	176
04:56:16	175.4	175.4	175.8	176.4	176	176.7	175.4	175.9	176	175.7	175.7	174.8	179.3	175.7	176
04:57:15	175.4	175.5	175.8	176.3	176	176.8	175.4	176	176.1	175.6	175.6	174.9	179.3	175.6	176
04:58:16	175.4	175.5	175.8	176.4	176	176.4	175.4	175.9	175.9	175.6	175.6	174.9	179.1	175.6	176
04:59:16	175.4	175.5	175.9	176.3	176	176.4	175.4	175.9	175.9	175.6	175.6	174.9	179.1	175.7	176
05:00:15	175.4	175.5	175.9	176.4	176	176.4	175.4	175.9	175.9	175.5	175.6	174.9	179.2	175.5	176
05:01:16	175.4	175.5	175.8	176.3	176.1	176.4	175.4	175.9	175.9	175.7	175.7	174.9	179.1	175.6	176
05:02:15	175.3	175.4	175.7	176.4	176	176.7	175.3	175.9	176	175.7	175.7	174.9	179.1	175.6	176
05:03:16	175.3	175.4	175.7	176.2	176	176.6	175.3	175.9	175.9	175.6	175.6	174.9	179.2	175.7	176
05:04:16	175.3	175.4	175.7	176.1	176.1	176.6	175.3	175.9	175.9	175.7	175.7	175	179	175.5	176
05:05:15	175.2	175.4	175.7	176.6	176	176.6	175.2	175.8	175.9	175.5	175.5	174.9	179.1	175.5	176
05:06:15	175.4	175.5	175.7	176.1	176.1	176.9	175.4	175.9	176.1	175.6	175.6	174.9	179.1	175.2	176
05:07:16	175.4	175.5	175.8	176.3	176.1	176.3	175.4	175.8	175.9	175.7	175.6	175	179.2	175.2	176
05:08:16	175.4	175.5	175.9	176.3	176	176.9	175.4	176	176.1	175.7	175.7	174.9	179.3	175.5	176
05:09:16	175.4	175.5	175.8	176.3	176	176.5	175.4	175.9	175.9	175.6	175.6	174.9	179.1	175.1	176
05:10:16	175.4	175.4	175.8	176.3	176.1	176.3	175.4	175.8	175.8	175.6	175.6	174.8	179.1	175.6	176
05:11:16	175.3	175.4	175.7	176.3	176	176.3	175.3	175.8	175.8	175.6	175.6	174.9	179.3	175.5	176
05:12:15	175.4	175.5	175.8	176.3	176.1	176.3	175.4	175.8	175.9	175.6	175.6	174.9	179.4	175.8	176
05:13:15	175.4	175.5	175.7	176.3	176.1	176.3	175.4	175.9	175.9	175.7	175.7	174.9	179.1	175.3	176
05:14:15	175.3	175.5	175.7	176.3	176.1	176.3	175.3	175.8	175.8	175.7	175.7	174.9	179.3	175.4	176
05:15:16	175.4	175.4	175.8	176.4	176.1	176.4	175.4	175.9	175.9	175.6	175.6	174.9	179.2	175.6	176
05:16:15	175.5	175.5	175.9	176.3	176	176.3	175.5	175.9	175.9	175.7	175.7	174.9	179.1	175.9	176
05:17:13	175.4	175.5	175.9	176.4	176	176.4	175.4	175.9	175.9	175.6	175.6	174.8	179.1	175.1	176
05:17:16	175.5	175.6	175.9	176.5	176.1	176.5	175.5	175.9	176	175.6	175.6	174.9	179.2	175.6	176.2
05:18:16	175.6	176.7	177.4	177.2	177.1	177.4	175.6	176.8	176.5	180.4	180.5	179.7	189.7	181	179.2
05:19:16	176.3	178	179.2	178.1	178.2	179.2	176.3	178	177.8	184.4	184.4	183.7	194.3	185	182.2
05:20:16	177.4	179.7	181.6	179.3	179.2	181.6	177.4	179.4	179.5	188.1	188.1	187.5	197.8	188.8	185.2
05:21:16	178.7	181.6	184.1	180.6	180.6	184.1	178.7	181.1	181.4	191.5	191.5	190.9	201	192.3	188.2
05:22:16	180.4	183.9	186.7	182	181.9	186.7	180.4	183	183.6	194.7	194.8	194.1	203.5	195.6	191.2
05:23:16	182.2	186.2	189.6	183.7	183.5	189.6	182.2	185	185.9	197.6	197.9	197.3	206.1	198.7	194.2
05:24:15	184.3	188.6	192.7	185.4	185.2	192.7	184.3	187.2	188.5	200.9	200.9	200.3	209.7	201.8	197.2
05:25:16	186.6	191.4	195.7	187.3	186.8	195.7	186.6	189.6	191.2	203.9	203.9	203.4	211.9	204.7	200.2
05:26:15	189	194.2	198.8	189.2	189	198.8	189	192	193.9	206.7	206.7	206.3	214.8	207.5	203.2
05:27:16	191.7	197.3	201.9	192.1	190.8	201.9	190.8	194.8	196.3	209.3	209.4	208.8	218.6	210.5	206.2
05:28:16	194.3	200.3	205.1	194.2	193	205.1	193	197.4	199	211.9	211.9	211.8	221.2	213.3	209.2
05:29:16	197.1	203.2	208	196.6	195.2	208	195.2	200	201.6	214.9	214.9	214.6	223.9	216.3	212.2
05:30:16	199.8	206.1	211.2	199.2	197.6	211.2	197.6	202.8	204.4	218.1	218.1	217.7	226.8	219.2	215.2
05:31:16	202.7	209.1	214.2	201.9	199.8	214.2	199.8	205.5	207	221.1	221.1	220.4	230	222.2	218.2
05:32:16	205.5	212	217.1	204.7	202.2	217.1	202.2	208.3	209.7	224	224	223.7	232.8	225.3	221.2
05:33:16	208.3	215.1	220.2	207.3	204.6	220.2	204.6	211.1	212.4	227.2	227.2	226.7	236.4	228.2	224.2
05:34:16	211.3	217.9	223.1	210.1	207.4	223.1	207.4	214	215.3	229.9	230	229.5	239.2	231.2	227.2
05:35:15	214.1	221	226.1	213.1	209.6	226.1	209.6	216.8	217.9	232.8	232.8	232.2	241.8	234.3	230.2
05:36:16	217.1	223.9	229.1	216	212.4	229.1	212.4	219.7	220.8	236.1	236.1	235.5	245.2	237.2	233.2
05:37:15	220	226.8	232.1	218.4	214.8	232.1	214.8	222.4	223.5	239.3	239.2	238.7	248.3	240.2	236.2
05:38:15	222.9	229.8	235.1	221.2	217.7	235.1	217.7	225.3	226.4	241.9	242.1	241.4	251.3	243.3	239.2
05:39:16	225.7	232.8	238.2	224.3	220.3	238.2	220.3	228.3	229.3	245.1	245.1	244.5	255	246.2	242.2
05:40:15	228.6	235.6	241	227.1	223	241	223	231.1	232	248.1	248.1	247.4	257.4	249.3	245.2
05:41:16	231.5	238.7	244.1	230	225.8	244.1	225.8	234	235	251.2	251.2	250.5	260.8	252.2	248.2
05:42:16	234.3	241.6	247.1	233	228.5	247.1	228.5	236.9	237.8	254.2	254.2	253.5	263.8	255.4	251.2
05:43:16	237.2	244.4	249.9	236.1	231.4	249.9	231.4	239.8	240.7	257.3	257.3	256.4	266.8	258.4	254.2
05:44:16	240.1	247.5	253	239.3	234.4	253	234.4	242.9	243.7	260.2	260.2	259.7	270.3	261.3	257.2
05:45:16	243	250.4	255.9	241.9	237.4	255.9	237.4	245.7	246.7	263.4	263.4	262.6	273.4	264.5	260.2
05:46:15	245.9	253.3	258.9	244.8	239.9	258.9	239.9	248.6	249.4	266.3	266.3	265.5	277.4	267.5	263.2
05:47:16	248.7	256.2	261.7	247.7	242.7	261.7	242.7	251.4	252.2	269.4	269.4	268.6	279.2	270.6	266.2
05:48:16	251.7	259.2	264.9	250.6	245.8	264.9	245.8	254.4	255.4	272.4	272.5	271.7	282.4	273.4	269.2
05:49:16	254.6	262.1	267.9	253.8	249	267.9	249	257.5	258.5	275.4	275.4	274.8	285.2	276.5	272.2
05:50:16	257.5	265.2	270.7	256.9	251.6	270.7	251.6	260.4	261.2	278.3	278.3	277.7	289	279.6	275.2
05:51:16	260.5	268.2	273.8	259.9	254.7	273.8	254.7	263.4	264.3	281.3	281.3	280.6	292.5	282.5	278.2
05:52:16	263.3	271	276.7	262.5	257.7	276.7	257.7	266.2	267.2	284.5	284.5	283.8	295.3	285.6	281.2
05:53:16	266.2	274	279.7	265.8	260.5	279.7	260.5	269.2	270.1	287.5	287.5	286.8	298.5	288.6	284.2
05:54:16	269.1	277	282.8	268.7	263.4	282.8	263.4	272.2	273.1	290.6	290.6	289.8	301.6	291.6	287.2
05:55:16	272.1	280	285.8	271.7	266.7	285.8	266.7	275.3	276.3	293.7	293.8	293	304.8	294.6	290.2
05:56:16	275	282.9	288.6	274.6	269.2	288.6	269.2	278.1	278.9	296.6	296.6	295.9	307.3	297.7	293.2
05:57:16	277.9	285.9	291.6	277.7	272.3	291.6	272.3	281.1	282	299.6	299.6	299	310.6	300.6	296.2
05:58:16	280.8	288.7	294.6	281	275.2	294.6	275.2	284.1	284.9	302.6	302.6	301.9	314.3	303.7	299.2
05:59:16	283.6	291.5	297.5	283.3	278	297.5	278	286.8	287.8	305.7	305.7	305	316.8	306.9	302.2
06:00:15	286.5	294.5	300.4	286.5	281.4	300.4	281.4	289.9	290.9	308.9	308.9	308.2	319.8	309.6	305.2
06:01:15	289.5	297.5	303.4	289.4	284.2	303.4	284.2	292.8	293.8	312	312	311.1	322	312.8	308.2
06:02:16	292.4	300.4	306.5	292.5	287.1	306.5	287.1	295.8	296.8	314.8	314.9	314	326.3	315.8	311.2
06:03:16	295.4	303.5	309.6	295	290.2	309.6	290.2	298.7	299.9	317.8	317.8	317.1	329.3	318.8	314.2
06:04:16	298.3	306.2	312.5	298.4	293	312.5	293	301.7	302.7	320.5	320.5	319.7	332.6	321.9	317.2
06:05:16	301.2	309.3	315.5	301.6	295.9	315.5	295.9	304.7	305.7	323.8	323.8	323.1	335.4	324.9	320.2
06:06:16	304.1	312.3	318.6	304.3	298.9	318.6	298.9	307.6	308.7	326.7	326.8	326	338.5	327.8	323.2
06:07:15	307.1	315.3	321.5	307.5	301.8	321.5	301.8	310.6	311.6	329.9	329.9	329.1	341.3	330.8	326.2
06:08:16	309.9	318.2	324.5	310.3	305	324.5	305	313.6	314.7	332.8	332.8	332	344.6	333.8	329.2
06:09:16	312.9	321.1	327.4	313.4	308.2	327.4	308.2	316.6	317.8	336	336	335.3	347.4	336.9	332.2
06:10:16	315.7	324.1	330.4	316.1	311.1	330.4	311.1	319.5	320.7	338.9	338.9	338.2	350.6	339.9	335.2
06:11:16	318.6	327	333.3	319.3	313.7	333.3	313.7	322.4	323.5	342	342	341.3	353.9	343	338.2
06:12:16	321.5	329.9	336.4	322.1	316.7	336.4	316.7	325.3	326.5	345.1	345.1	344.3	356.8	346	341.2
06:13:15	324.4	332.8	339.4	325.2	320	339.4	320	328.3	329.7	347.9	347.9	347.2	359.9	349	344.2
06:14:16	327.4	335.6	342.3	327.8	322.9	342.3	322.9	331.2	332.6	351	351.2	350.3	362.9	352	347.2
06:15:16	330.3	338.6	345.2	331.1	325.5	345.2	325.5	334.1	335.3	354.1	354.1	353.3	365.9	355.1	350.2
06:16:16	333.2	341.6	348.3	334	328.4	348.3	328.4	337.1	338.3	357.2	357.2	356.4	369.2	358.2	353.2
06:17:15	336.1	344.5	351.2	337.1	331.7	351.2	331.7	340.1	341.4	360.1	360.1	359.4	372.2	360.8	356
06:18:16	338.9	346.1	352.7	338.8	333.4	352.7	333.4	342	343	359.8	359.7	359	366.4	359.4	356
06:19:16	341	347.5	353.7	340.5	334.9	353.7	334.9	343.5	344.3	358.8	358.8	358.1	365.4	358.4	356
06:20:15	342.8	348.7	354.3	342	336.4	354.3	336.4	344.8	345.3	358.2	358.2	357.4	364.4	357.7	356
06:21:16	344.5	349.7	354.7	343.7	337.8	354.7	337.8	346.1	346.2	357.7	357.8	357.1	364	357.3	356
06:22:16	345.9	350.5	355	344.8	339.3	355	339.3	347.1	347.1	357.5	357.4	356.7	363.6	357	356
06:23:16	347	351.1	355.1	346	340.4	355.1	340.4	347.9	347.7	357.2	357.2	356.5	363.6	356.9	356
06:24:16	347.9	351.7	355.3	347.1	341.6	355.3	341.6	348.7	348.4	357.1	357.1	356.4	363.6	356.8	356
06:25:16	348.9	352.2	355.4	347.7	342.7	355.4	342.7	349.4	349	357.1	357.1	356.3	363.3	356.6	356
06:26:16	349.6	352.6	355.5	348.5	343.5	355.5	343.5	349.9	349.5	357	357	356.3	363.2	356.6	356
06:27:16	350.3	352.9	355.5	349.2	344.4	355.5	344.4	350.4	349.9	357.1	357	356.3	363.1	356.5	356
06:28:16	350.8	353.2	355.5	350	345.5	355.5	345.5	351	350.5	357.1	357	356.2	363	356.5	356
06:29:16	351.3	353.4	355.5	350.1	346.2	355.5	346.2	351.3	350.8	357	357	356.2	363.1	356.5	356
06:30:15	351.7	353.6	355.5	351	346.8	355.5	346.8	351.7	351.1	357	357	356.2	362.7	356.4	356
06:30:54	351.9	353.7	355.5	351.5	347.3	355.5	347.3	352	351.4	356.9	356.9	356.2	362.9	356.5	356
06:31:16	352.1	353.7	355.5	351.7	347.5	355.5	347.5	352.1	351.5	357	357.1	356.2	362.6	356.4	356
06:32:16	352.4	353.8	355.5	351.8	348.2	355.5	348.2	352.3	351.8	356.9	356.9	356.2	362.9	356.5	356
06:33:16	352.7	354	355.6	352.5	348.7	355.6	348.7	352.7	352.1	357	357	356.2	362.7	356.4	356
06:34:16	353	354	355.6	352.6	349.3	355.6	349.3	352.9	352.4	357	357	356.1	362.5	356.5	356
06:35:16	353.1	354.1	355.5	352.9	349.7	355.5	349.7	353	352.6	356.8	357	356.1	362.8	356.6	356
06:36:16	353.3	354.3	355.6	353.4	350.3	355.6	350.3	353.4	352.9	357	357	356.2	362.9	356.5	356
06:37:16	353.5	354.4	355.5	354	350.5	355.5	350.5	353.6	353	356.9	357	356.2	362.5	356.5	356
06:38:16	353.7	354.4	355.6	353.9	350.9	355.6	350.9	353.7	353.2	357.1	357.1	356.2	362.7	356.4	356
06:39:16	353.8	354.5	355.5	354.1	351.3	355.5	351.3	353.8	353.4	356.9	356.9	356.1	362.4	356.5	356
06:40:16	353.9	354.6	355.7	354.4	351.6	355.7	351.6	354	353.6	357	357	356.2	362.6	356.4	356
06:41:16	354.2	354.8	355.7	354.4	351.9	355.7	351.9	354.2	353.8	356.8	356.8	356.1	362.6	356.3	356
06:42:16	354.2	354.8	355.7	354.8	352.2	355.7	352.2	354.3	353.9	356.8	356.8	356	362.2	356.3	356
06:43:16	354.3	354.8	355.7	354.6	352.4	355.7	352.4	354.3	354	356.9	356.9	356.2	362.3	356.3	356
06:44:16	354.3	354.7	355.7	355.1	352.6	355.7	352.6	354.5	354.1	356.8	356.8	356	362.4	356.3	356
06:45:15	354.5	354.9	355.7	355	352.9	355.7	352.9	354.6	354.3	356.8	356.9	356	362.5	356.3	356
06:46:15	354.5	354.9	355.6	355.1	353.2	355.6	353.2	354.6	354.4	356.9	356.9	356.2	362.2	356.3	356
06:47:16	354.6	354.8	355.7	355.4	353.3	355.7	353.3	354.7	354.5	356.8	356.8	356.1	362.3	356.4	356
06:48:16	354.7	354.8	355.7	355.2	353.4	355.7	353.4	354.7	354.5	356.8	356.8	356.1	362.1	356.3	356
06:49:16	354.7	354.9	355.5	355.4	353.7	355.5	353.7	354.8	354.6	356.8	356.9	356.2	362.2	356.4	356
06:50:16	354.8	354.9	355.6	355.5	353.7	355.6	353.7	354.9	354.6	356.8	356.8	356.1	361.9	356.1	356
06:51:16	354.7	354.9	355.6	355.7	354	355.7	354	355	354.9	356.9	356.9	356.2	362.2	356.4	356
06:52:16	354.8	354.9	355.6	355.7	354.2	355.7	354.2	355	355	356.8	356.8	356	362.1	356.5	356
06:53:15	354.8	354.9	355.6	355.6	354.1	355.6	354.1	355	354.9	356.8	356.8	356.1	362.1	356.3	356
06:54:15	354.8	354.9	355.5	355.8	354.3	355.8	354.3	355	355.1	356.8	356.8	356	362.5	356.4	356
06:55:16	354.8	354.9	355.5	355.7	354.4	355.7	354.4	355	355.1	356.7	356.8	356	362	356.3	356
06:56:16	354.9	355	355.5	355.6	354.5	355.6	354.5	355.1	355.1	356.7	356.6	355.9	361.7	356.2	356
06:57:16	354.9	355	355.6	355.9	354.6	355.9	354.6	355.2	355.3	356.6	356.7	356	362.3	356.4	356
06:58:16	355	354.9	355.5	355.7	354.6	355.7	354.6	355.1	355.2	356.6	356.5	355.8	362	356.4	356
06:59:16	354.9	355	355.5	355.8	354.7	355.8	354.7	355.2	355.3	356.5	356.5	355.8	362.3	356.2	356
07:00:15	354.9	354.9	355.5	355.8	354.8	355.8	354.8	355.2	355.3	356.5	356.5	355.8	362.2	356.2	356
07:01:16	355	354.9	355.5	355.9	354.8	355.9	354.8	355.2	355.4	356.5	356.5	355.9	362	356.2	356
07:02:15	354.8	354.8	355.3	355.8	354.8	355.8	354.8	355.1	355.3	356.5	356.6	355.8	362.4	356.1	356
07:03:16	354.9	354.8	355.3	355.7	354.8	355.7	354.8	355.1	355.2	356.6	356.6	355.8	362.1	356.2	356
07:04:15	354.9	354.8	355.4	355.9	355	355.9	354.8	355.2	355.3	356.6	356.6	355.9	362.5	356.3	356
07:05:16	354.8	354.8	355.3	356	355	356	354.8	355.2	355.4	356.4	356.5	355.7	361.8	356.3	356
07:06:15	354.9	354.9	355.3	355.8	355	355.8	354.9	355.2	355.3	356.5	356.6	355.9	362	356.2	356
07:07:16	354.9	354.9	355.4	355.6	355	355.6	354.9	355.1	355.2	356.5	356.5	355.8	361.7	356.2	356
07:08:16	354.9	354.9	355.4	355.9	355.1	355.9	354.9	355.2	355.4	356.6	356.6	355.8	361.9	356	356
07:09:16	355	354.9	355.3	355.6	355.1	355.6	354.9	355.2	355.2	356.6	356.6	355.8	361.6	356.3	356
07:10:15	354.9	354.9	355.3	356	355.1	356	354.9	355.2	355.4	356.4	356.6	355.8	361.9	356.2	356
07:11:16	354.9	354.8	355.3	355.8	355.1	355.8	354.8	355.2	355.3	356.4	356.4	355.7	361.5	356.2	356
07:12:16	354.8	354.9	355.4	355.7	355.3	355.7	354.8	355.2	355.2	356.6	356.6	355.8	361.9	356.2	356
07:13:16	354.9	354.8	355.3	355.6	355.2	355.6	354.8	355.1	355.2	356.6	356.6	355.8	361.9	356.2	356
07:14:16	354.9	354.9	355.3	355.7	355.2	355.7	354.9	355.2	355.3	356.4	356.6	355.7	361.8	356.2	356
07:15:16	354.8	354.9	355.3	355.9	355.2	355.9	354.8	355.2	355.3	356.6	356.5	355.8	362	356	356
07:16:16	354.9	354.9	355.3	355.8	355.3	355.8	354.9	355.2	355.3	356.5	356.5	355.8	361.9	356.1	356
07:17:16	355	354.9	355.3	355.7	355.2	355.7	354.9	355.2	355.3	356.5	356.5	355.8	361.7	355.9	356
07:18:16	354.9	354.9	355.3	355.8	355.3	355.8	354.9	355.2	355.3	356.4	356.5	355.7	361.5	356.1	356
07:19:16	354.9	354.9	355.3	355.8	355.4	355.8	354.9	355.2	355.3	356.4	356.4	355.7	361.8	356.2	356
07:20:16	354.9	354.9	355.3	355.8	355.4	355.8	354.9	355.2	355.3	356.5	356.5	355.8	361.4	356.2	356
07:21:15	354.8	354.9	355.3	355.8	355.4	355.8	354.8	355.2	355.3	356.5	356.5	355.7	361.7	356.1	356
07:22:16	354.9	354.9	355.3	355.9	355.4	355.9	354.9	355.3	355.4	356.4	356.4	355.7	361.9	356.2	356
07:23:16	354.8	354.8	355.2	356	355.5	356	354.8	355.2	355.4	356.5	356.5	355.7	361.1	356	356
07:24:16	354.8	354.9	355.2	355.7	355.5	355.7	354.8	355.2	355.2	356.4	356.4	355.7	361.6	356.1	356
07:25:16	354.9	354.9	355.3	355.8	355.5	355.8	354.9	355.3	355.3	356.4	356.4	355.7	361.4	356.2	356
07:26:15	354.9	354.8	355.2	356	355.4	356	354.8	355.2	355.4	356.4	356.4	355.6	361.9	356.1	356
07:27:16	354.9	354.8	355.2	355.9	355.4	355.9	354.8	355.2	355.3	356.4	356.4	355.7	361.7	356	356
07:28:16	355	354.8	355.2	355.7	355.4	355.7	354.8	355.2	355.2	356.4	356.4	355.7	361.6	356.3	356
07:29:16	355	354.8	355.3	355.8	355.4	355.8	354.8	355.2	355.3	356.4	356.4	355.7	361.7	356.2	356
07:30:16	354.9	355	355.4	355.9	355.5	355.9	354.9	355.3	355.4	356.4	356.4	355.7	361.7	356.2	356
07:31:16	354.9	354.9	355.3	355.8	355.4	355.8	354.9	355.2	355.3	356.4	356.4	355.7	361.5	355.8	356
07:32:16	354.9	354.9	355.3	355.8	355.6	355.8	354.9	355.3	355.3	356.4	356.4	355.7	361.6	356	356
07:33:15	354.8	354.8	355	356	355.5	356	354.8	355.2	355.4	356.4	356.4	355.6	361.6	356.2	356
07:34:16	354.8	354.7	355.2	356	355.5	356	354.7	355.2	355.3	356.3	356.3	355.7	361.7	356.1	356
07:35:16	354.8	354.8	355.2	355.8	355.5	355.8	354.8	355.2	355.3	356.4	356.4	355.6	361.4	356.2	356
07:36:15	354.8	354.7	355.2	355.8	355.5	355.8	354.7	355.2	355.2	356.4	356.4	355.6	361.7	356.2	356
07:37:16	354.8	354.7	355.2	355.8	355.5	355.8	354.7	355.2	355.2	356.4	356.3	355.6	361.7	356.1	356
07:38:15	354.8	354.8	355.1	355.9	355.5	355.9	354.8	355.2	355.3	356.5	356.5	355.7	361.5	356	356
07:39:15	354.8	354.8	355.2	355.9	355.5	355.9	354.8	355.2	355.3	356.4	356.4	355.7	361.8	356.1	356
07:40:16	354.8	354.8	355.2	355.8	355.5	355.8	354.8	355.2	355.3	356.4	356.4	355.7	361.5	356.1	356
07:41:16	354.8	354.9	355.2	355.9	355.5	355.9	354.8	355.2	355.3	356.3	356.4	355.7	361.3	356.1	356
07:42:15	354.9	354.8	355.2	355.9	355.5	355.9	354.8	355.2	355.3	356.3	356.4	355.6	361.6	356.1	356
07:43:15	354.8	354.9	355.3	355.7	355.5	355.7	354.8	355.2	355.2	356.4	356.4	355.6	361.5	356.1	356
07:44:16	354.9	354.9	355.2	356.1	355.6	356.1	354.9	355.3	355.5	356.3	356.3	355.7	361.6	356	356
07:45:15	354.9	354.8	355.2	355.9	355.5	355.9	354.8	355.2	355.3	356.4	356.4	355.7	361.5	356.2	356
07:46:16	354.9	354.9	355.2	356	355.6	356	354.9	355.3	355.4	356.4	356.4	355.7	361.6	356.2	356
07:47:16	354.8	354.9	355.2	355.8	355.5	355.8	354.8	355.2	355.3	356.2	356.2	355.6	361.5	356.1	356
07:48:16	354.9	354.9	355.2	356	355.6	356	354.9	355.3	355.4	356.3	356.3	355.5	361.5	356.2	356
07:49:16	355	354.9	355.3	355.7	355.5	355.7	354.9	355.3	355.3	356.4	356.3	355.7	361.6	356.1	356
07:50:16	354.9	355	355.3	355.9	355.5	355.9	354.9	355.3	355.4	356.4	356.4	355.6	361.4	356.2	356
07:51:15	355	354.9	355.3	355.9	355.5	355.9	354.9	355.3	355.4	356.4	356.4	355.6	361.5	356.3	356
07:52:16	355	355	355.3	356	355.5	356	355	355.3	355.5	356.5	356.5	355.6	361.7	356.1	356
07:53:16	355	355	355.3	355.8	355.5	355.8	355	355.3	355.4	356.4	356.4	355.6	361.6	356.4	356
07:54:16	354.9	354.8	355.2	355.8	355.5	355.8	354.8	355.2	355.3	356.5	356.5	355.8	361.5	356.3	356
07:55:16	354.8	354.8	355.3	355.9	355.5	355.9	354.8	355.2	355.3	356.4	356.4	355.6	361.7	356.2	356
07:56:15	354.8	354.8	355.2	355.8	355.5	355.8	354.8	355.2	355.3	356.4	356.4	355.7	361.5	355.9	356
07:57:16	354.9	354.8	355.2	355.8	355.5	355.8	354.8	355.2	355.3	356.4	356.4	355.5	361.4	356.1	356
07:58:16	354.8	354.8	355.1	355.8	355.4	355.8	354.8	355.2	355.3	356.3	356.3	355.7	361.7	356.2	356
07:59:16	354.8	354.8	355.2	355.8	355.6	355.8	354.8	355.2	355.3	356.3	356.4	355.6	361.8	356.2	356
08:00:16	355	354.8	355.2	355.9	355.5	355.9	354.8	355.3	355.3	356.2	356.2	355.5	361.5	356.2	356
08:01:15	355	354.9	355.3	355.9	355.5	355.9	354.9	355.3	355.4	356.3	356.3	355.5	361.6	356.1	356
08:02:16	355	354.9	355.3	355.8	355.6	355.8	354.9	355.3	355.3	356.3	356.3	355.5	361.7	356.1	356
08:03:16	354.9	354.9	355.2	355.9	355.6	355.9	354.9	355.3	355.4	356.2	356.2	355.5	361.2	356	356
08:04:16	355	354.9	355.3	355.7	355.6	355.7	354.9	355.3	355.3	356.3	356.4	355.6	361.5	356	356
08:05:15	354.9	354.9	355.2	355.8	355.5	355.8	354.9	355.2	355.3	356.4	356.4	355.6	361.5	356.1	356
08:06:16	355	354.9	355.2	356	355.5	356	354.9	355.3	355.4	356.4	356.5	355.7	361.3	356.2	356
08:07:16	354.9	354.8	355.2	355.9	355.5	355.9	354.8	355.2	355.3	356.3	356.3	355.5	361.5	356.2	356
08:08:16	355	355	355.3	355.8	355.5	355.8	355	355.3	355.4	356.4	356.4	355.6	361.6	356.2	356
08:09:15	354.9	354.9	355.3	355.8	355.5	355.8	354.9	355.3	355.3	356.4	356.4	355.6	361.2	356.4	356
08:10:16	354.9	354.9	355.2	355.9	355.5	355.9	354.9	355.3	355.4	356.3	356.3	355.5	361.3	356.2	356
08:11:16	355	354.9	355.2	355.8	355.6	355.8	354.9	355.3	355.3	356.4	356.4	355.6	361.3	356.2	356
08:12:16	354.9	354.9	355.2	355.7	355.5	355.7	354.9	355.2	355.3	356.4	356.3	355.6	361.4	356.2	356
08:13:15	355	354.9	355.3	355.7	355.5	355.7	354.9	355.3	355.3	356.3	356.3	355.5	361.7	356.2	356
08:14:16	355	354.8	355.3	355.9	355.6	355.9	354.8	355.3	355.3	356.3	356.3	355.7	361.5	356.1	356
08:15:16	354.9	354.8	355.1	355.8	355.6	355.8	354.8	355.2	355.3	356.2	356.2	355.5	361.8	356.2	356
08:16:16	354.8	354.7	355.1	356	355.5	356	354.7	355.2	355.3	356.3	356.3	355.6	361.4	356.4	356
08:17:16	354.8	354.8	355.2	355.8	355.5	355.8	354.8	355.2	355.3	356.4	356.3	355.5	361.3	356.2	356
08:18:16	354.7	354.7	355	355.7	355.5	355.7	354.7	355.1	355.2	356.4	356.4	355.5	361.4	356.2	356
08:19:15	354.8	354.8	355.1	356	355.6	356	354.8	355.2	355.4	356.3	356.3	355.5	361.5	356.1	356
08:20:15	354.8	354.8	355.1	355.8	355.6	355.8	354.8	355.2	355.3	356.3	356.3	355.5	361.4	356	356
08:21:15	354.9	354.9	355.3	356	355.5	356	354.9	355.3	355.4	356.4	356.3	355.7	361.7	356.1	356
08:22:16	354.9	354.9	355.2	355.8	355.6	355.8	354.9	355.3	355.3	356.3	356.3	355.5	361.5	356.1	356
08:23:16	355	354.9	355.3	355.9	355.6	355.9	354.9	355.3	355.4	356.3	356.3	355.6	361.5	356.2	356
08:24:16	354.9	354.9	355.2	355.7	355.5	355.7	354.9	355.2	355.3	356.2	356.3	355.5	361.3	356.2	356
08:25:16	354.9	354.9	355.3	355.9	355.6	355.9	354.9	355.3	355.4	356.4	356.4	355.5	361.2	356.2	356
08:26:16	355	354.9	355.2	355.8	355.6	355.8	354.9	355.3	355.3	356.3	356.3	355.5	361.4	356.1	356
08:27:15	355	354.9	355.3	355.9	355.6	355.9	354.9	355.3	355.4	356.3	356.3	355.5	361.4	356.3	356
08:28:16	355	354.9	355.3	355.8	355.6	355.8	354.9	355.3	355.3	356.3	356.3	355.5	361.3	356.2	356
08:29:16	355	354.9	355.3	355.9	355.6	355.9	354.9	355.3	355.4	356.3	356.3	355.5	361.5	356.2	356
08:30:15	354.9	354.9	355.3	356	355.5	356	354.9	355.3	355.4	356.3	356.3	355.6	361.5	355.7	356
08:31:15	354.8	354.7	355.1	355.8	355.5	355.8	354.7	355.2	355.2	356.3	356.4	355.4	361.1	356.3	356
08:32:16	354.8	354.8	355.1	355.9	355.5	355.9	354.8	355.3	355.3	356.4	356.4	355.6	361.4	356.4	356
08:32:54	354.8	354.8	355.1	355.9	355.6	355.9	354.8	355.3	355.3	356.2	356.2	355.5	361.3	356.2	356
08:33:15	354.8	354.4	354.8	355.5	355.3	355.5	354.4	355	354.9	355.4	355.4	354.8	346.8	354.2	354.1
08:34:16	353.5	350.6	350.2	352.1	351.7	353.5	350.2	351.8	351.8	345.1	345.1	344.3	349.4	349.2	349.1
08:35:16	352.3	349.2	348.4	351.5	351	352.3	348.4	350.5	350.3	345	344.8	344.1	331.4	344.2	344.1
08:36:16	350	345.3	343.7	348.1	347.7	350	343.7	346.9	346.8	335.9	335.9	335.1	339.5	339.1	339.1
08:37:16	348.1	342.4	340.4	346.5	346	348.1	340.4	344.7	344.2	334.1	333.7	333.1	314.8	334.1	334.1
08:37:18	348	342.1	340.1	346.2	345.8	348	340.1	344.4	344	333.2	333.1	332.3	312	334	334
08:38:16	345.2	338.8	335.9	343.3	342.6	345.2	335.9	341.1	340.5	326.7	326.7	326	329.1	329.1	329.1
08:39:15	342.6	334.2	331.1	340.5	340.1	342.6	331.1	337.7	336.8	323.2	323.2	322.5	299.7	324.2	324.1
08:40:16	339	331.3	327.5	337.6	337.5	339	327.5	334.6	333.2	317.7	317.6	316.8	320.6	319.1	319.1
08:41:16	335.8	325.9	321.3	333.8	333.4	335.8	321.3	330	328.5	310.2	310.2	309.5	297.1	314.1	314.1
08:42:15	332.1	323.3	318.5	331.6	331.5	332.1	318.5	327.4	325.3	308.9	308.9	308.1	310.4	309.2	309.1
08:43:16	328.4	316.8	311.7	326.8	326.5	328.4	311.7	322	320	300.4	300.4	299.7	290.4	304.2	304.1
08:44:16	324.4	314.4	309.1	324.6	325	325	309.1	319.5	317	299.8	299.7	299	300	299.1	299.1
08:45:16	320.3	309.1	303.1	320.2	320.8	320.8	303.1	314.7	312	291.3	291.3	290.5	290.5	294.2	294.1
08:46:15	316.5	305.5	299.5	317.2	318.3	318.3	299.5	311.4	308.9	290.1	290.1	289.4	280.4	289.2	289.1
08:47:16	311.9	300.5	294.2	312.7	313.7	313.7	294.2	306.6	304	283	283	282.2	285.1	284.2	284.1
08:48:16	307.8	294.5	287.9	308.1	309.3	309.3	287.9	301.5	298.6	276.1	276	275.4	265	279.2	279.1
08:49:16	303.4	291.3	284.8	305.1	306.7	306.7	284.8	298.3	295.8	275.2	275.2	274.5	273.9	274.2	274.1
08:50:16	298.6	285.7	279.1	300.2	301.9	301.9	279.1	293.1	290.5	267.4	267.4	266.6	269.7	269.1	269.1
08:51:16	294.3	279.4	272.7	295.1	296.9	296.9	272.7	287.7	284.8	262.1	262	261.3	250.3	264.1	264.1
08:52:15	289.9	276.7	270.1	292.1	294.6	294.6	270.1	284.7	282.4	260.8	260.7	259.9	254.4	259.2	259.1
08:53:16	285.1	271.7	264.8	287.9	290.4	290.4	264.8	280	277.6	254.1	254.1	253.3	256	254.2	254.1
08:54:16	280.4	265.7	258.8	282.6	285.1	285.1	258.8	274.5	272	247.5	247.5	246.7	245.3	249.2	249.1
08:55:16	275.8	260.6	253.7	278.3	280.9	280.9	253.7	269.9	267.3	243	242.7	242	229.2	244.1	244.1
08:56:16	271.1	257.4	250.5	274.7	278.1	278.1	250.5	266.4	264.3	240.7	240.7	240	239	239.1	239.1
08:57:16	266.1	251.5	244.7	269.7	273	273	244.7	261	258.9	234	234.1	233.3	235.4	234.1	234.1
08:58:16	261.2	245.9	239.1	264.8	268.7	268.7	239.1	255.9	253.9	227.8	227.8	227.1	226.4	229.1	229.1
08:59:15	256.6	240.2	233.5	259.8	263.8	263.8	233.5	250.8	248.7	223	222.9	222.2	214.6	224.2	224.1
09:00:15	251.7	236	229.6	255.7	260	260	229.6	246.6	244.8	219.8	219.7	219	207.9	219.2	219.1
09:01:15	246.7	232.2	225.2	251.5	257	257	225.2	242.5	241.1	215.5	215.5	214.9	215.2	214.2	214.1
09:02:16	241.6	226.8	220	246.5	251.6	251.6	220	237.3	235.8	209.9	209.9	209.2	210.2	209.1	209.1
09:03:15	236.5	221.2	214.3	241.5	246.7	246.7	214.3	232	230.5	203.8	203.9	203.3	204.1	204.2	204.1
09:04:16	231.4	216	209.2	236.2	241.7	241.7	209.2	226.9	225.4	198.3	198.3	197.7	195.9	199.2	199.1
09:05:16	226.5	210.6	203.9	231.4	237.1	237.1	203.9	221.9	220.5	193.6	193.6	192.9	187.7	194.2	194.1
09:06:15	221.5	205.8	199.1	227	232.9	232.9	199.1	217.2	216	189.4	189.2	188.5	179.5	189.2	189.1
09:07:15	216.6	201.2	194.7	222.1	227.9	227.9	194.7	212.5	211.3	184.9	184.7	184.1	176.4	184.2	184.1
09:08:15	211.4	196.3	189.7	217.5	223.9	223.9	189.7	207.8	206.8	179.9	179.9	179.3	172.6	179.2	179.1
09:09:15	206.3	191.5	184.9	212.6	219.2	219.2	184.9	202.9	202	175.4	175.2	174.5	168.4	174.2	174.1
09:10:16	201.3	186.4	180	207.9	215	215	180	198.1	197.5	170.7	170.6	169.9	164.4	169.1	169.1
09:11:16	196.5	181.9	175.4	203.1	210.2	210.2	175.4	193.4	192.8	165.7	165.7	165	161.9	164.2	164.1
09:12:16	191.4	176.6	170.4	198.1	205	205	170.4	188.3	187.7	160.5	160.5	159.8	159.4	159.2	159.1
09:13:16	186.3	171.4	165.1	192.7	200	200	165.1	183.1	182.5	155.1	155.1	154.3	154.5	154.2	154.1
09:14:15	181.3	166.5	160.1	188.1	195.6	195.6	160.1	178.3	177.8	150.6	150.6	149.8	146	149.2	149.1
09:15:15	176.1	161.2	154.8	182.6	190.2	190.2	154.8	173	172.5	144.9	144.9	144.1	140.8	144.2	144.1
09:16:16	171.2	156.6	150.1	178.2	185.8	185.8	150.1	168.4	167.9	141	141	140.4	138	139.1	139.1
09:17:16	166.3	152	145.8	173.1	181.4	181.4	145.8	163.7	163.6	137	137	136.3	134.3	134.2	134.1
09:18:15	161.5	147.7	141.7	168.5	176.6	176.6	141.7	159.2	159.1	133.5	133.4	132.7	131.2	129.2	129.1
09:19:16	157.1	143.5	137.9	164.4	172.4	172.4	137.9	155.1	155.1	130.3	130.3	129.4	128.6	124.2	124.1
09:20:15	152.8	140.1	134.3	160.3	168.6	168.6	134.3	151.2	151.4	127.7	127.7	127	126.3	119.2	119.1
09:21:15	148.8	136.7	131.2	156.2	164.9	164.9	131.2	147.5	148	125.2	125.2	124.4	124.2	114.2	114.1
09:22:16	144.8	133.6	128.7	152.7	161.6	161.6	128.7	144.3	145.1	122.8	122.8	122.2	122.2	109.2	109.1
09:23:16	141.4	130.6	126.3	148.9	157.1	157.1	126.3	140.8	141.7	120.9	120.9	120.2	120.2	104.2	104.1
09:24:15	138.3	128.1	124.3	145.4	153.8	153.8	124.3	138	139	119.1	119.1	118.4	118.6	99.2	99.1
09:25:16	135.1	125.7	121.9	142.4	150.7	150.7	121.9	135.2	136.3	117.3	117.3	116.6	117.1	94.2	94.1
09:26:16	132.3	123.5	120.1	139.4	147.9	147.9	120.1	132.7	134	115.7	115.7	115	115.8	89.2	89.1
09:27:16	129.6	121.4	118.3	136.5	144.4	144.4	118.3	130.1	131.4	114.2	114.2	113.5	114.4	84.1	84.1
09:28:15	127.3	119.6	116.7	133.9	141.8	141.8	116.7	127.9	129.3	112.9	112.9	112.2	113.2	80	80
09:29:16	125	118	115.3	131.5	139	139	115.3	125.8	127.2	111.7	111.7	111	112.6	80	80
09:29:36	124.3	117.3	114.6	130.6	137.8	137.8	114.6	124.9	126.2	111.3	111.3	110.7	111.8	80	80
09:30:16	122.9	115.5	112.8	128.5	135.9	135.9	112.8	123.1	124.4	108.3	108.3	107.5	107.2	80	80
09:31:16	120.2	112.9	110	125.8	133.4	133.4	110	120.5	121.7	103.9	103.9	103.1	102.6	80	80
09:32:16	118.2	110.8	107.9	124	131.5	131.5	107.9	118.5	119.7	101	100.8	100.2	100.9	80	80
09:32:38	117.7	110.4	107.4	123.4	131	131	107.4	118	119.2	100.5	100.6	99.9	100.9	80	80
