72.4588235294
72.4588235294
72.4588235294
72.6157255688
73.0993987976
73.3748438053
73.4363550631
73.4519627490
73.6190498644
73.6919957562
73.7735235176
73.8379111164
73.8467051751
73.9989862077
74.0916421077
74.1431569020
74.1915242249
74.1608275374
74.2380407875
74.3672993045
74.4420488035
74.5044913356
74.5084757751
74.4823529412
74.4823529412
74.5510904161
74.6130496287
74.7205233997
74.9975362490
74.9836850171
75.0121890841
75.0409878581
74.8870918307
75.7106448190
77.1079217258
79.0439585052
81.6030295886
85.0243428033
88.5996699281
92.1819403513
95.6731816574
98.8826594365
101.6839207827
104.3218201108
107.6503713309
110.8327242721
114.0712719557
117.3508428622
120.4639396440
124.0087351173
127.5877873394
131.0919957562
134.4601202405
137.8899681716
141.1998231758
143.9112813863
144.0256041495
146.4580572911
149.4615230461
152.5006601438
155.5170222799
158.7020040080
161.8523753389
164.8422138394
167.3309324531
169.4604385241
171.2379111164
172.5503595426
172.6339031003
173.7732995403
175.3694565602
177.1504066957
178.8916303195
180.4660497466
181.9152422492
183.2570906519
184.5102440174
185.7863373806
187.0917717789
188.4303076742
189.7933867735
191.0760108452
192.3014381705
193.4820110810
194.6252387127
195.7368737475
196.8545443829
197.9993398562
199.0810090770
200.2184840269
201.2840150890
202.1872215018
203.1501709301
204.1496168808
205.0999764234
205.9331368620
206.8960862902
207.8739478958
208.8049864435
209.6318047860
210.5244017447
211.3819167747
212.1829187787
212.9040315926
213.6990923023
213.9105858776
214.1487445479
215.1292820936
215.9510550513
216.2470588235
217.1092066486
219.9804668160
223.9859012142
228.0602852764
232.0170812213
235.6446304373
239.3514676412
242.9926794766
246.6014735353
250.2422138394
253.9528940233
257.6946716963
261.4392667688
265.1415654839
268.9574089355
272.8316515384
276.7406106330
280.6495697277
284.7983024873
288.9710833432
293.1530944241
297.3654485441
301.5896145232
305.3296711069
308.5376753507
311.2242602853
313.6238476954
315.9467641165
318.1259695862
319.8759872687
321.1333018979
322.2204055169
323.2161381587
324.1834846163
325.1094659908
326.0625722032
326.8697984204
326.8654013910
327.3866202994
328.0841683367
328.9099375221
329.9960037723
330.9108687964
331.7320287634
332.4631498291
333.0303666156
333.6907579866
334.4037722504
335.1304255570
335.7284215490
336.2841211835
336.8395496876
337.4034421785
337.9442767889
338.4296593186
338.9041023223
339.3809029824
339.8381940351
340.2614169516
340.6478368502
341.0000353648
341.3561947424
341.8295296475
342.2427325239
342.5264057527
342.8341978074
343.1748791701
343.4851585524
343.7396086290
344.0430036544
344.3399387009
344.6415183308
344.9467051751
345.1401744666
345.3716963338
345.6162442532
345.8520688436
345.9619945774
346.1497229754
346.3321584345
346.4582341153
346.8055994342
347.1468584227
347.3458917836
347.2968407403
347.4419427089
347.5870446776
347.7442178475
347.9242367087
348.0561475893
348.1704467759
348.2933749853
348.4516680420
348.6143227632
348.7338677355
348.8403395025
348.9678533538
349.0007072969
349.0878344925
349.2025580573
349.3080867618
349.5197100083
349.5806907934
349.5779205470
349.6438759873
349.7809737121
349.8784863845
349.9476246611
350.0135801014
350.1001650360
350.1458564187
350.1715312979
350.2198986208
350.2967346458
350.3655546387
350.4183425675
350.4447247436
350.4791229518
350.5370034186
350.6107155487
350.6810680184
350.7040315926
350.7216197100
350.7558410940
350.8481787104
350.8743840622
350.8631144642
350.8444889780
350.8884592715
350.9017800306
350.9269951668
350.9743133325
351.0534598609
351.0081221266
350.9673228811
350.9729812566
351.0829069905
351.1408463987
351.1446540139
351.1229046328
351.1888600731
351.2036543676
351.2188966168
351.2411764706
351.2411764706
351.2483673229
351.2065189202
351.1260285276
351.1436166451
351.1894966403
351.2545679594
351.3269244371
351.3533066132
351.3066603796
351.2825415537
351.3089237298
351.3353059059
351.3411764706
351.3624425321
351.4049864435
351.3961923848
351.3638807026
351.3430508075
351.3525050100
351.4140634210
351.3964045739
351.3941883768
351.4450783921
351.4186962160
351.3145113757
351.2124602145
351.1628904869
351.2288459271
351.2661558411
351.2874454792
351.2946952729
351.1847695391
351.1966757043
351.2352941176
351.2362136037
351.2625957798
351.2215489803
351.1669928091
351.1451373335
351.3298125663
351.3792172580
351.3690675469
351.3648827066
351.3868678534
351.3793822940
351.3778616056
351.4174348697
351.4001532477
351.3652363551
351.3184604503
351.2656960981
351.2905929506
351.3339502534
351.3611811859
351.3304019804
351.3464340446
351.3418601910
351.3319816103
351.3407756690
351.3118000707
351.2918660851
351.2872568667
351.3048449841
351.3307084758
351.3438288341
351.3575621832
351.3971354474
351.4203937286
351.4008841212
351.3624896853
351.3536956265
351.3891194153
351.3906754686
351.3674407639
351.3542496758
351.3331368620
351.3210538725
351.3186372745
351.3230343039
351.3040198043
351.3013674408
351.2987268655
351.2371684546
351.2639985854
351.2823529412
351.2745019451
351.2349286809
351.2748202287
351.2977012849
351.2933042556
351.2889072262
351.2807850996
351.2652717199
351.2447954733
351.2316043852
351.2440763881
351.2573028410
351.2598373217
351.2290581162
351.2451726983
351.2588235294
351.2569138277
351.2437227396
350.6628079689
349.1972415419
347.2015206884
347.3026523636
345.6172462572
343.6775197454
341.9511965107
339.9417540964
337.8911469999
335.9534244961
334.1611340328
332.2704114111
330.2313450430
327.9585406106
325.4322409525
322.8819639279
320.3681244843
318.5751620889
317.6982789108
315.8603206413
313.3391135212
310.5530236944
307.7352233880
304.9914770718
302.1518920193
299.2095720853
296.1642225628
293.1522574561
290.0713073205
286.9956147589
283.9735353059
280.9175999057
277.8616645055
274.7691264883
271.6120594129
268.4549923376
265.3492278675
262.3190144996
259.3869975245
256.5289284451
253.6087233290
250.7113639043
247.9192502652
245.0920546976
242.2763644937
239.5175881174
236.8661794177
234.0330661323
231.2964163621
228.6277849817
225.9895673700
223.3513497583
220.7548626665
218.1916774726
215.6501945067
213.1213367912
210.5930449134
208.0870328893
205.6378875398
203.1721442886
200.7853353766
198.4363668513
196.0487799128
194.0906990451
192.2637981846
190.5161853118
188.8013438642
187.1026287870
185.4461157609
183.8223977366
182.2086879642
180.6545679594
179.1267122480
177.6161381587
176.1123541200
174.6046563716
173.1353294825
171.6975008841
170.2596722857
168.9336319698
167.6043616645
166.2447247436
164.8288812920
163.5307084758
162.2812094778
161.0472828009
159.7633502299
158.6251561947
157.4541671578
156.2434869739
155.1090534009
153.9966874926
152.8623246493
151.7411175292
150.8265354238
150.2738535895
149.7029588589
148.9867735471
148.0194270895
146.9773193446
145.9944005658
145.0903336084
144.1405752682
143.1768124484
142.2900978427
141.4827183779
140.5593422138
139.7357892255
138.9105740894
138.0567723683
137.2697041141
136.5130849935
135.7485087823
134.9655664270
134.2224684663
133.4893433927
132.7888600731
132.1278910763
131.4507485559
130.7866674526
130.2499351644
129.8914181304
129.5000825180
128.3360014146
126.9882470824
125.8057644701
124.7065071319
123.6827891076
122.7090062478
121.7759990569
121.0329010963
120.2218554757
119.4493575386
118.7844158906
117.7643050807
117.0138276553
116.4128492279
115.8657550395
115.5051986326
115.1713780502
114.9231757633
114.8176470588
