76.4666666667
76.4666666667
76.4888018461
76.7153458432
77.3709661748
77.7787453695
78.1342260278
78.4501548552
78.7317787089
79.0092123641
79.2691990041
79.5294589178
79.8291066982
80.0904475618
80.3299447380
80.5593975830
80.8049735835
81.1047914010
81.3542964717
81.5507317666
81.7602599138
81.9902289427
82.2061638428
82.3757575758
82.3757575758
82.5536891966
82.7709722475
82.9807190138
83.2127770693
83.4278314204
83.6272059270
83.8030606668
83.8503734742
84.1230643104
84.6743122609
85.5426975162
86.3695451509
87.1686281654
88.2242606425
89.8036072144
92.0798566831
94.6057569685
97.2498755086
99.8610918807
102.3188133843
104.7922208052
107.3165664663
109.9413007834
112.6076941762
115.3388534645
117.6321734378
118.3508775126
120.4042509261
123.0319366005
126.0067711180
129.0032489221
132.0305277221
135.1101111314
138.2364911641
141.3704014089
144.5615412643
147.7909455274
151.0589724904
154.3956519099
157.6457399648
159.5307645594
159.9563247708
162.8018521892
165.4329750410
167.8557357139
170.0707718467
172.1840772454
174.3488795773
176.5068257728
178.6162385377
180.6597012206
182.5914495658
184.4162263922
186.1330054047
187.9656768082
189.6791461711
191.0672375053
191.8490253234
192.9425274792
194.3762676869
195.7681484180
196.4620695937
197.6115685917
199.7027145199
202.6061274063
205.9923726240
209.5877634056
213.2603692233
216.9445071962
220.4997267262
224.1085079249
227.6961498755
231.2933928463
235.1009473492
239.0423817332
243.1137304913
247.3000485820
251.5041294711
255.7520859902
260.0584441610
264.4353616324
268.9210663752
273.2894455578
277.6569867007
282.0830205866
286.4898706504
290.7785328232
294.9038865610
298.8083621789
301.6606485699
303.9360235623
305.4528268659
305.9912916743
307.3343657011
308.9900285419
310.7970790065
312.5611708265
314.2675472156
315.8755875387
317.3919900407
318.8248922087
320.1198639704
321.3864395458
322.6141373656
323.7473917532
324.8667881217
325.9542114532
326.9834881885
327.8756725572
328.8362846906
329.7725025809
330.6489463776
331.4014453149
332.1539442521
332.9189773486
333.6854193235
334.3545576000
335.0376389142
335.6687982025
336.2269812352
336.8037468877
337.3638732009
337.9402744884
338.5424181697
338.9794983907
339.3896338131
339.8013360053
340.2363150544
340.6824072387
341.1194631688
341.5673407421
342.0472277889
342.3683974009
342.7374445861
343.1037347422
343.3898645776
343.7312564523
344.0638306917
344.3574360843
344.5602052590
344.8775794012
345.1633630898
345.4147142770
345.6625432684
345.9064371167
346.1449990891
346.3788971883
346.6109552438
346.7882431530
346.9683002368
347.1617234469
347.3532276675
347.4252930103
347.4939090302
347.6019675715
347.7799538471
347.9215947046
347.9979231190
348.0144410032
348.1991862513
348.3327260582
348.3899131597
348.3645715674
348.5267869071
348.5789032611
348.6017064432
348.6583044878
348.7484241210
348.8161353009
348.8760429951
348.9436327200
349.0199914981
349.0824436752
349.1416165665
349.2137122730
349.3238476954
349.4084411247
349.4838343353
349.5897249044
349.6813748710
349.7098985850
349.6785874780
349.6064917714
349.6654096071
349.7925669521
349.9201068804
349.8457581830
349.8445922147
349.8702010081
349.9094674197
349.9545272363
349.9582437602
349.9698487885
350.0034007409
350.0349426125
350.0699216615
350.0993805793
350.1199854254
350.1447683245
350.1597133661
350.1873626040
350.2390538653
350.2300419020
350.2522438817
350.2851581952
350.3122548127
350.3618206109
350.3817513816
350.3799174106
350.3641464748
350.3810773061
350.3766563430
350.3692658043
350.3895427218
350.3846055748
350.3818181818
350.3889233011
350.4182121819
350.4030120848
350.4138580191
350.4354102144
350.4016153519
350.4416651485
350.4596708569
350.4496508168
350.4564097893
350.4463897492
350.4383069169
350.4385316087
350.4543025445
350.4611465355
350.4848059756
350.5254266108
350.5074026842
350.4620756665
350.4293738993
350.4283354588
350.4441063946
350.4794072994
350.4865063460
350.4376024777
350.4759033218
350.4631019615
350.4532762495
350.4938300844
350.4782109674
350.4727272727
350.4761887411
350.4874536953
350.4553592033
350.4118297200
350.3800510111
350.3958219469
350.3823465112
350.3849395761
350.4017793162
350.4220562337
350.4564037165
350.4394425214
350.3918200036
350.3963259853
350.4182121819
350.4141495111
350.3871257667
350.3826197850
350.3540353434
350.3352887593
350.3369041113
350.3639400012
350.3590575090
350.3515151515
350.3504220562
350.3391571021
350.3160320641
350.2963320581
350.2867614016
350.2687374749
350.2668670675
350.2588024534
350.2311532155
350.2626950871
350.2834821157
350.3098803668
350.3571931742
350.3799234833
350.3441549766
350.2969696970
350.2969696970
350.3487095403
350.3600473675
350.3328535860
350.2742758244
350.2842351369
350.2558207324
350.1991680330
350.1563612073
350.1355316694
350.1284933503
350.1289730977
350.1222141252
350.1154551527
350.1121212121
350.1139430376
350.1252079917
350.1107123338
350.0989372685
350.0955426004
350.0842776462
350.0694904961
350.0576547033
350.0496568895
350.0293799721
350.0360174895
350.0481690654
350.0528875934
350.0235987126
350.0167547216
349.9711058481
349.8182000364
348.5542721807
347.2095585110
345.8396672132
344.4968846784
342.9985182486
341.5934171373
340.5976680634
340.4467176778
339.1810530151
337.6057691140
335.7227303091
333.4336916257
331.2788607518
329.1736017490
327.0126859780
324.5659379365
322.7228699824
321.4468391328
320.2763830692
317.7778162385
315.2258577762
312.5501244914
309.7471852796
306.8701159896
304.0771300176
301.2375113864
298.3237808951
295.4219287059
292.5148296593
289.6013602964
286.6878970061
283.8423695877
280.8882917350
277.9516669703
275.1004190199
272.2684095464
269.4682212911
266.6649966600
263.8356834882
261.1703953361
258.5035950689
255.8588328171
253.2611343900
250.6700674075
248.0877269691
245.5385073177
243.0579644137
240.6307099047
238.2254509018
235.8304669946
233.4287787697
231.1091941459
228.8078277768
226.5272302180
224.2922633145
222.0829537864
219.8820610919
217.6887471914
215.5101050586
213.3920932775
211.3425335520
209.3709540293
207.5122365944
205.7751745916
204.0746766260
202.3811137426
200.6755996842
199.0326106759
197.4350701403
195.8744762252
194.3221655432
192.7914070565
191.2745490982
189.7685370741
188.2883220987
186.7907390539
185.3314325621
183.9547094188
182.5646140766
181.1940183397
179.8433290824
178.5140644926
177.2243699520
175.9342381733
174.6548612376
173.4044513269
172.2112649542
171.0082650149
169.7961559483
168.5840468816
167.4209084836
166.2805550495
165.1550312747
164.0330418413
162.9914738568
161.9500151819
160.9226877998
160.0079735228
159.7257970486
159.1503066740
158.1412947106
157.1342078096
156.1758183033
155.2039047793
154.2125280865
153.3113317544
152.3980627923
151.5085686525
150.6557478594
149.7883463897
148.9094249104
148.0384101536
147.1875994413
146.3562458250
145.5640614562
144.7914009838
144.0231311107
143.2548612376
142.4984939576
141.7553531305
141.0276370924
140.3130381976
139.6044756179
138.9056051497
138.2229489282
137.5697941337
136.9120301208
136.2562822615
135.6209388474
134.9815388352
134.3516973341
133.7365033096
133.1462197122
132.5773790004
132.1302544483
131.7966478411
131.4834821157
130.4651727698
129.3758668853
128.3870103844
127.5376328414
126.6452602174
125.7955608186
125.0108094978
124.2200097164
123.5268233437
122.8485455760
122.1431286816
121.3748588085
120.7601445315
120.2438999211
119.7960648570
119.4243213700
119.0852249954
118.8400801603
118.7454545455
