71.8757575758
71.8757575758
71.8757575758
72.1008137487
72.8627011599
73.2146049675
73.4795469727
73.6923058238
73.8760551406
74.0756907755
74.2498512176
74.4093459647
74.6110220441
74.7625250501
74.9143863485
75.0790854436
75.2516305338
75.3982146110
75.5606789336
75.7516851886
75.8883767535
76.0314811441
76.1787635878
76.3271998543
76.3204773183
76.4244306795
76.5830266594
76.7354041416
76.8706807555
77.0213092852
77.1759458311
77.3103965507
77.4126859780
77.6101536406
77.9816663630
78.7368312382
79.5127041963
80.6401226696
82.2306005951
84.4467966236
86.8455152730
89.2503431105
91.5838282626
93.7686524564
95.8118843748
97.8847209571
100.1023137183
102.5851703407
104.9990283597
106.6796623550
106.8544482905
109.3532762495
112.0330418413
114.7683488188
117.4887350458
120.2762555414
123.0407117265
125.8072265744
128.6755085929
131.5380700796
134.4554988765
137.4333636971
140.4360964353
143.4761948139
146.5210360114
149.5726483270
152.7568895366
155.8618449019
158.7341531548
161.2116900468
161.6643408028
163.5574178660
166.0181818182
168.2545454545
170.1454909820
172.0347847210
173.6604906783
174.5657921904
175.8457703285
177.5447440335
179.2877087508
180.1078581405
181.3876176596
183.5927794984
186.6721625068
190.0423938787
193.5929859719
197.2542357442
200.9849881581
204.6129167426
208.2123519767
211.8491771422
215.5702131536
219.5656403717
223.6121697941
227.7513815510
232.0269144349
236.2582376875
240.4960587842
244.8181878909
249.3446954515
253.9211939030
258.5105362240
263.0833242242
267.5762191049
272.1238659136
276.7016578612
281.1888018461
285.1259670857
287.4618934839
288.9853950325
290.1399283415
292.5174652335
294.7572721200
296.9760733588
299.2309163782
301.5345053744
303.6367705107
305.6026112832
307.4737171312
309.3492925244
311.0933564098
312.7289548795
314.2773790004
315.7689075120
317.2278374932
318.6495536528
320.0164693022
321.3160745734
322.5782352584
323.8011538228
324.9596708569
326.0274306188
327.0729580373
328.1059330783
329.0739782595
329.9954575818
330.8768142345
331.7219044149
332.5711847938
333.3422056234
334.0711847938
334.7815874173
335.4986579219
336.1922147325
336.8387441550
337.4056780227
338.0280318212
338.6304123398
339.2025930649
339.7291917168
340.2517823526
340.7544665088
341.2411550373
341.7296593186
342.1487338313
342.5380214975
342.9141677294
343.3175198883
343.6858929981
344.0386712820
344.3818910548
344.7023319366
345.0179085444
345.3141555839
345.5807736685
345.8451934171
346.1096131657
346.3613530090
346.5854375418
346.7922754600
346.9957004919
347.1898767231
347.3624218133
347.5532215947
347.7496508168
347.9396489950
348.0920264772
348.2387016457
348.3776887108
348.5127952875
348.6651727698
348.7678994352
348.8339223902
348.8761887411
348.9859901621
349.1089573086
349.2144227850
349.2846237930
349.3787392968
349.4910730552
349.5894880670
349.6410275096
349.7339891905
349.8239327139
349.9077184672
349.9816663630
350.0617720289
350.1323374021
350.1756604117
350.1465294225
350.1828505496
350.2639764377
350.3647598227
350.3916499666
350.4544907998
350.5191413129
350.5736321127
350.6139673286
350.6392724844
350.6559178964
350.6690350398
350.7272970183
350.7655067711
350.7456913828
350.6291674258
350.7749681181
350.8430375903
350.8625797049
350.8805064675
350.8901257060
350.8952268173
350.8984635939
350.9051861298
350.9255541386
350.9352037408
350.9403716524
350.9829477136
350.9763344872
350.9563429890
350.9375781867
350.9487824133
350.9447379608
350.9267261796
350.8980081375
350.9181757454
350.9164085747
350.9137547823
350.9271998543
350.9272727273
350.9243942430
350.8965203134
350.8113681909
350.8627922512
350.8957490739
350.9029270663
350.8894819943
350.8977470092
350.9006619299
350.8918382219
350.8627072326
350.8815752718
350.8356834882
350.7308313597
350.8115017915
350.8285844416
350.8402805611
350.8680208903
350.8411307463
350.8269690897
350.8123944859
350.7877816239
350.7698548612
350.7577822311
350.7629744337
350.8010688043
350.7796502095
350.7536649056
350.7256816664
350.6943098318
350.6869132204
350.6510111131
350.6096374567
350.6611768993
350.6696969697
350.6578065221
350.6357806522
350.6312989616
350.6233315115
350.5972065343
350.5539746159
350.5875872958
350.5662780106
350.5460010931
350.5637092367
350.5681909273
350.4462075666
350.3754478654
350.5591971822
350.4312321613
350.4805003947
350.5913949110
350.5219287059
350.3857290338
350.4136697638
350.5511447137
350.5645897856
350.4946681241
350.4669885225
350.4967814417
350.5169490496
350.5335823161
350.5218922694
350.4821764742
350.5225116900
350.5169369041
350.4979291917
350.4843626647
350.4664359021
350.4575818303
350.4574360843
350.4663994656
350.4536223963
350.4291006255
350.2929859719
349.8672253598
350.2048156920
350.3949049614
350.4053500941
350.3874233315
350.4097953483
350.4615169733
350.5099593126
350.4158438088
350.3969696970
350.3739236048
350.3285480051
350.3419930771
350.3421266776
350.3420173681
350.3493350337
350.3717434870
350.3833970972
350.3819032003
350.3639764377
350.3702313718
350.3699095160
350.2743729884
349.9404870347
350.1967814417
350.3208659744
350.3116293192
350.3093884739
350.3168640311
350.2889050829
350.2323556203
350.2077063217
350.2466083683
350.2418898403
350.0672860873
349.0409789276
348.2341410093
347.5216129228
346.8055808587
345.3669581587
343.9033643044
342.4142345297
340.8971822433
339.6579583409
338.0756179025
336.1460678934
333.8379972065
331.8839982996
329.8083986154
327.7075484302
325.8722961074
325.1447865428
323.6239266412
321.2070443918
318.5919778952
315.8885892998
313.1533551952
310.3996599259
307.6142891844
304.6884921358
301.7599866399
298.8854557600
295.9477075363
292.9671646323
289.9673225238
286.9650209510
284.1213882310
281.1975951904
278.2520920629
275.3569199004
272.4405538349
269.5110038258
266.6105483695
263.8274184733
261.0741665148
258.3414829659
255.6328353677
252.9662294286
250.3555535313
247.7572478290
245.1689560940
242.6412825651
240.1622396308
237.7058359143
235.2609157709
232.8139126738
230.3942673225
228.0238902047
225.7204833910
223.4303394668
221.1846480840
218.9534219955
216.7036132872
214.5974312261
212.4720289063
210.3371227303
208.2240055869
206.0161292282
204.0687921297
202.3827473128
200.8500091091
199.1888443554
197.5301087023
195.9065160624
194.3312017975
192.7100989859
191.0988704682
189.5266715249
188.0656403717
186.5327321309
185.0136211818
183.5633570171
182.1852371409
180.8236837311
179.4759458311
178.1404020162
176.8113621182
175.5183822190
174.2460557479
172.9687739115
171.6955729641
170.4527965021
169.2296228821
167.9904354163
166.8660229550
165.7051132568
164.5080403231
163.4234711848
162.4656646627
161.8708447197
161.6059209328
160.5191109492
159.4919839679
158.4841076092
157.4732495294
156.4559057509
155.4400923058
154.4731462926
153.6036983057
152.7232890022
151.8384283719
150.9467601870
150.0436995203
149.1365093824
148.3156859173
147.5508046396
146.7508228578
145.9605271148
145.1774883100
144.4027813202
143.6431347544
142.9124430680
142.2121151394
141.5384769539
140.8527782838
140.0291431348
139.3087751260
138.8015728427
138.0464079675
137.4638064007
136.8969271877
136.2134693630
135.6474889172
135.0885042813
134.6909090909
134.6909090909
133.7821825469
132.7060484606
131.6202586992
130.7508107123
129.7695572964
128.8321552195
127.9733649116
127.2316451084
126.5247707536
125.8318940912
125.1372684763
124.3731402198
123.6619117022
123.0396915042
122.5258820672
122.0754721564
121.7245339163
121.4342442461
121.1787878788
