73.7000000000
73.7000000000
73.7000000000
74.3050925380
75.8215018272
76.3739361075
76.7178356713
76.9496640340
77.1133679123
77.2076859602
77.4589532005
77.6339974066
77.7218083225
77.8520570553
77.9782506189
78.1279853825
78.3030767417
78.5006955087
78.6108452199
78.7216197100
78.8323116822
78.9411057409
79.0713544737
79.1058823529
79.1708122127
79.3188494636
79.4311328539
79.5542732524
79.7179064010
79.9074619828
80.0422020512
80.0548862431
80.3966874926
81.2178946128
82.6596133443
83.4629965814
84.9614758930
87.2696923258
90.3964988801
94.0479547330
97.7821643287
101.4357184958
104.8944595072
108.1282211482
111.4845219851
114.8585995520
118.2272898739
121.6676529530
125.1958623129
128.7152422492
132.2202169044
135.7459153601
139.1185193917
142.2665448544
144.9006483555
146.6567605800
148.2480018861
150.8585641872
153.9457856890
157.0519509607
160.3979959920
163.6459271484
166.6884003301
169.3817871036
171.2232347047
172.9573382058
173.9753860663
174.5120476247
175.7202169044
177.3343864199
179.1512790286
180.9716138159
182.5121419309
183.9832606389
185.3310974891
186.6125073677
187.8931627962
189.3079335141
190.5953554167
191.8255923612
193.0441942709
194.2748202287
195.4660261700
196.6253212307
197.7472002829
198.8026641518
199.8698337852
200.9463043735
202.0141577272
203.0381822468
203.9524814335
204.9332901096
205.8278792880
206.4530590593
207.5848756336
208.5215489803
209.3977366498
210.2985146764
211.0755157374
211.9114346340
212.7378168101
213.5307320523
214.3122244489
215.0407403041
215.5535541672
215.9420252269
216.5258988565
217.2451491218
217.6979724154
218.3529765413
219.9339266769
223.6853943180
227.8169633384
232.0266886715
236.0697394790
239.8963574207
243.6325828127
247.4142520335
251.2964635153
255.1904514912
259.0404455971
263.0466226571
267.2145821054
271.3825415537
275.6620653071
279.8079570907
283.9346457621
288.3047153130
292.8813155723
297.2049157138
301.3802664152
305.5196157020
308.8476953908
311.7494164800
314.2952257456
316.5656017918
318.8157609336
320.9949546151
323.0625250501
324.9278203466
326.2976777084
327.1996817164
327.9295414358
328.6339266769
329.5052457857
330.2719438878
330.9639278557
331.4257927620
331.4722268066
332.0965224567
332.8172934104
333.4947660026
334.0327360604
334.5582223270
335.0528350819
335.5766474125
336.1405634799
336.6660497466
337.1428032536
337.5910409053
338.0173759283
338.4260874691
338.8347990098
339.2301308499
339.5996817164
339.9275492161
340.3036543676
340.6869150065
341.0346929152
341.3159141813
341.6527643522
341.9995520453
342.3229753625
342.6104208417
342.8978663209
343.1381115172
343.3671696334
343.6047153130
343.8786867853
344.1210656607
344.3770128492
344.6254862667
344.8141223624
344.9899563834
345.2140162678
345.4447365319
345.6342213839
345.8632795002
346.0603913710
346.2391253094
346.4069079335
346.5461393375
346.7169869150
346.8584463044
346.9733349051
347.1709536720
347.2957797949
347.4153837086
347.5201579630
347.5560886479
347.6667098904
347.7724507839
347.8890368973
348.0462336438
348.1408817635
348.2444300365
348.3454791937
348.4370741483
348.5538488742
348.6570434988
348.7378168101
348.7992691265
348.8801131675
348.9906636803
349.0842154898
349.1588706825
349.2442060592
349.2932571024
349.3540139102
349.4208770482
349.4747730756
349.5156194742
349.5708357892
349.6227395968
349.6547094188
349.6996227750
349.7412589886
349.7986561358
349.8710833432
349.8755746788
349.9232111281
349.9617588117
349.9837911116
350.0242131321
350.0685488624
350.0983260639
350.1083696805
350.0948956737
350.0814216669
350.1048803489
350.1425439114
350.1650005894
350.1874572675
350.2225509843
350.2576682777
350.2819757161
350.2774843805
350.2869032182
350.3024637510
350.3148650242
350.2968996817
350.3055051279
350.3382176117
350.3622774962
350.2993987976
350.3434869739
350.3728751621
350.3810208653
350.3765295296
350.4252269244
350.4259695862
350.4035129082
350.3852057055
350.4346103973
350.4470588235
350.4352469645
350.4169633384
350.4573853590
350.4573499941
350.4529411765
350.4493575386
350.4313921962
350.4493929035
350.4614287398
350.4732052340
350.5046445833
350.4756807733
350.4734763645
350.4731580809
350.4474832017
350.4609572085
350.4549805493
350.4526111046
350.4637863963
350.4548037251
350.4778616056
350.4919486031
350.4921254273
350.5145821054
350.5098903690
350.5158316633
350.5305080750
350.5349994106
350.4975244607
350.4963809973
350.5089355181
350.5000235766
350.5045149122
350.5246257220
350.5290463280
350.4989744194
350.4855004126
350.4926794766
350.4876930331
350.4699870329
350.5059177178
350.5380879406
350.5316161735
350.4951078628
350.4726511847
350.4501945067
350.4814923966
350.5294117647
350.5294117647
350.5162206766
350.5207827420
350.5229517859
350.5047624661
350.4823057880
350.4964163621
350.4904986443
350.4497701285
350.4722268066
350.4837557468
350.4837321702
350.4756100436
350.4711187080
350.4903925498
350.4922904633
350.4752799717
350.4483319580
350.4812919958
350.5027820347
350.5042791465
350.4822468466
350.4777555110
350.4892962395
350.4782152540
350.4294117647
350.4294117647
350.4540846399
350.4705882353
350.4653896027
350.4339502534
350.4678415655
350.4735235176
350.4497583402
350.4362843334
350.4602616999
350.4816692208
350.4872215018
350.4647648238
350.4736649770
350.4455852882
350.4227395968
350.4328421549
350.3969114700
350.4086761759
350.4154662266
350.1750795709
348.5581987504
346.1627726040
344.1650477425
342.5867146057
340.6464576211
338.4555110220
336.3349286809
334.7932335259
334.5596840740
332.8693386774
330.9722975362
328.8115407285
326.3552516798
324.7293881881
323.6264646941
321.9707414830
319.2923140398
316.5660733231
313.7857243900
311.0009784274
308.1716963338
305.1041141106
302.0640103737
299.1774018625
296.3227749617
293.2237533891
290.0695626547
286.8921843687
283.7311092774
280.6255452081
277.3917835671
274.1643640222
270.9306848992
267.6877283980
264.4898974419
261.2955558175
258.2050335966
255.2211599670
252.1805257574
249.3036190027
246.3715312979
243.4529765413
240.8255452081
237.9588117411
235.0325946010
232.1489803136
229.4227395968
226.7364965225
223.9560297065
221.2539785453
218.7501709301
216.0733349051
213.5650713191
211.0771543086
208.5487563362
206.0515737357
203.7388777555
201.4363786396
199.0681598491
196.5530119062
194.1500884121
192.1480136744
190.4159849110
188.6643640222
186.9300483320
185.3226099257
183.7558293057
182.1384887422
180.5081339149
178.8940469174
177.2954615113
175.7241659790
174.2734645762
172.7799009784
171.3581751739
170.0005540493
168.5318873040
167.2071554874
165.8921725805
164.5772014617
163.2926794766
162.0123659083
160.7830484498
159.5753035483
158.3498762230
157.2135683131
156.0960745019
154.9396086290
153.7280796888
152.7399858541
151.6379111164
150.5242956501
149.4467994813
148.4227749617
148.0626665095
147.5576564894
146.7625839915
145.7924554992
144.8059648709
143.8745608865
142.9768596016
142.0696098079
141.1535423789
140.2795591182
139.4148178710
138.5361546623
137.7681362725
136.9700931274
136.2024991159
135.4778498173
134.6783920783
133.9081692797
133.1899092302
132.5057408936
131.7781445243
131.1538370859
130.4629847931
129.7462690086
129.1219733585
128.9353530591
128.2065896499
127.0695037133
125.7374631616
124.4753978545
123.3517151951
122.3339384652
121.4034068136
120.5904750678
119.7103501120
118.9236472946
118.2295060710
117.3896263114
116.4996345632
115.7491925027
115.1869150065
114.8365908287
114.4946127549
114.2089119415
114.0422492043
114.0647058824
