203.0756756757
205.8176406868
208.6122515301
211.4778367546
214.4121540378
217.3956128473
220.4758164979
223.6840491794
226.9580187402
230.3112170287
233.7101716947
237.1457834588
240.6454043222
244.1539457293
247.6736879164
251.2491956887
254.8936359205
258.7035422196
262.4711368683
266.2139251476
269.9139468125
273.5927909874
277.2533228619
280.9336781671
284.3603260575
287.3855873910
289.9301467800
291.9329740562
292.5665276499
293.6354980231
294.9766126848
296.8480853599
298.7373232952
300.6431349185
302.4193901316
304.0072415100
305.2863673293
306.9190001625
308.6204462980
310.2429615989
311.7211341602
313.1027568651
314.2582624709
315.4377295131
316.6413096463
317.7798245139
318.9003845529
319.9975139468
320.9787250176
321.9455451443
322.9877322212
323.8671667660
324.6520283811
325.4710122949
326.2702377728
327.0480149488
327.8553268700
328.6190922385
329.2887017278
330.0194063803
330.7477224720
331.3778421708
331.8804311325
332.3068027948
332.8922818610
333.5631641662
334.3340735525
334.8279857011
335.3105399989
335.8462275903
336.3781129827
336.9063965769
337.4231977468
337.8508693062
338.2157395873
338.5282240156
338.8854465688
339.2992308942
339.7770622326
340.2505714131
340.6901099496
340.9073660835
341.0689974544
341.4141038834
341.7680333640
342.1285923198
342.4360938092
342.7376211883
343.0312191951
343.2607106104
343.4957265883
343.7755890159
344.0686778963
344.3663434978
344.6565076098
344.9201321562
345.1622217408
345.3052483345
345.4619834263
345.6422629042
345.8353626171
346.0262687537
346.2031143368
346.3939988084
346.5885013270
346.7584791204
346.9266262254
347.0931701240
347.1708010616
347.2809727563
347.4492336023
347.5715593349
347.6945350160
347.8542111250
348.0127498240
348.1569084114
348.1586253588
348.2256729676
348.3544440232
348.4735308455
348.5976547690
348.7315766668
348.8165574392
348.8939013161
348.9900503710
349.1027731138
349.2212208200
349.2933326112
349.3654444023
349.4375561935
349.5128310675
349.5800357472
349.6315441694
349.6737637437
349.7200779938
349.7939067324
349.8441423387
349.8799382549
349.9108433082
349.9450197693
349.9827926123
349.9880355305
349.9959486541
350.0165520230
350.0591615664
350.1160537291
350.2053349943
350.2228619401
350.1947570817
350.1999079240
350.2561068082
350.3728592320
350.3273411688
350.2832042463
350.2900720360
350.2956778422
350.3041434220
350.3298976331
350.3516221632
350.3703569301
350.3772247197
350.3810810811
350.3810810811
350.3781129827
350.3781671451
350.3867518821
350.4088609652
350.4307263175
350.4187076856
350.4183881276
350.4269728646
350.4338514868
350.4551264692
350.4963332070
350.4823809782
350.4690570330
350.4845095597
350.4891891892
350.4889779559
350.4872610085
350.4827167849
350.4758489953
350.4689812057
350.4662405893
350.4696744841
350.4362129665
350.4019390132
350.3882034339
350.3861127661
350.3886529816
350.3835021394
350.3819910090
350.3837079565
350.3919893842
350.4045063099
350.4233927314
350.4145480149
350.4019010995
350.3984672047
350.3814493853
350.3600444132
350.3669122028
350.3746574230
350.3832421600
350.3660889346
350.3559226561
350.3610734983
350.3702865190
350.3691707740
350.3262470888
350.3163082923
350.3230731734
350.3041867519
350.2844553973
350.2638520284
350.2779234144
350.2868277095
350.2799599198
350.2823430645
350.2797703515
350.2454314033
350.2292314358
350.2226994530
350.1883605048
350.1808319341
350.2031522504
350.1853382441
350.1596706927
350.1270486920
350.1253642420
350.1309158858
350.1223311488
350.1158154146
350.1094459189
350.0613713914
350.0468342090
350.0725884201
350.0454530683
350.0226723718
350.0261062666
350.0006391161
349.9732492011
349.9921356226
349.9809619238
349.9487461409
349.9590478254
349.9558955749
349.9352922060
349.9457401289
349.9498564697
349.9258192060
349.9434003141
349.9701131994
349.9495098305
349.9298759682
349.9109895467
349.9261170991
349.9179764935
349.8767697557
349.8847316254
349.8885500731
349.8559280724
349.8566700970
349.8690353680
349.8587336836
349.8353138710
349.8009749228
349.8016682013
349.8102096084
349.8290960299
349.7857823756
349.7432432432
349.7432432432
349.7455613931
349.7505551644
349.7694415859
349.7593836321
349.7233277366
349.7526999946
349.7697232302
349.7611384932
349.7428857715
349.7329578075
349.7587120186
349.7484157504
349.7206358663
349.7086172345
349.7027027027
349.7027027027
349.7075123219
349.7101933597
349.7084764123
349.7350809728
349.7592590587
349.7455234794
349.7416346206
349.7436765423
349.7505443319
349.7557330878
349.7591669826
349.7547473325
349.7443319071
349.7237285382
349.7189189189
349.7156150138
349.6984455397
349.7025077181
349.7183881276
349.7063694957
349.5958944917
349.3744082760
348.4407301089
347.4021989926
346.3170882305
345.2191409847
344.1204354655
343.0387585983
342.2483128419
341.6532686996
341.0866760548
340.2962465471
339.2334561014
337.7852028381
336.2303580133
334.5546173428
332.8851324270
331.2023181498
329.4338623192
327.6095975735
325.7547527487
325.4371174782
324.5102800195
322.7830309267
320.6874776580
318.5446406326
316.4362292152
314.2729783892
312.0640145155
309.7066457239
307.3974814494
305.1259600282
302.7442452473
300.3448031198
297.9221903266
295.5514434274
293.1897308130
290.8254942317
288.4636299626
286.1062340898
283.7746195093
281.4299626280
279.0743107837
276.7003683042
274.3312462763
271.9704435899
269.6307642312
267.3172615501
265.0697773926
262.8465200672
260.6360992255
258.4349726480
256.2752044630
254.1530574663
252.0227590316
249.9197421871
247.8628391919
245.7921789525
243.7301955262
241.7093484266
239.6896224882
237.6763147917
235.7310133781
233.7917781509
231.8584953691
229.9188214266
228.0147809132
226.1759302389
224.3196176136
222.4770351514
220.7051454260
218.9321670368
217.1603098088
215.4158912419
213.7507122353
212.1694036722
210.7023614797
209.2475491524
207.7950116449
206.3660672697
204.9457347127
203.5309700482
202.1331040459
200.7477116395
199.4067757136
198.0730542165
196.7475708173
195.4604073011
194.1866002275
192.9315116720
191.7109353843
190.4975247793
189.2613226453
188.0558305801
186.8715539186
185.7057466284
184.5453230786
183.3915344202
182.2437469534
181.1240968423
180.0681741862
178.9661593457
177.8589286681
176.8201754861
175.7843958187
174.7508963874
173.7499160483
172.7452526675
171.7356875914
170.7554785246
169.7836267129
168.8204192168
167.8766235173
166.9427070357
166.0207062774
165.1102096084
164.2088122190
163.3293830905
162.4453772410
161.5542815360
160.8569517413
160.3181227320
160.1189568326
159.4994475437
158.6874884905
157.8633537345
157.0605210421
156.2758760765
155.4879163733
154.7199859178
153.9834154796
153.2370254022
152.4880192818
151.7377132644
151.0275957320
150.3364079510
149.6358934084
148.9255483941
148.2061474300
147.5078697936
146.8261279315
146.1702540216
145.4910848724
144.8214049721
144.2050208525
143.5830580079
142.9600389969
142.3608243514
141.7650544332
141.1727075773
140.5915073390
140.0087526404
139.4215566268
138.8651302605
138.3110870389
137.7324757623
137.2047771218
136.7034501435
136.1454422358
135.6197530196
135.1287060608
134.6127010778
134.1033689000
133.6123219412
133.1199696691
132.6204950441
132.0916752424
131.9306179927
131.9654877322
131.0537886584
130.1834913069
129.3610734983
128.5860044413
127.8379353301
127.1357038401
126.4576558522
125.7952228782
125.1685370741
124.5876726426
124.0380544874
123.4783296322
122.8903482641
122.2670963549
121.7350322266
121.2592807236
120.8849861886
120.5404592970
120.2180631533
119.9570871473
119.7897578942
119.6918918919
