321.9380952381
322.7265865063
323.5076343163
324.2638324268
325.2334096765
326.4524763813
327.2919267106
327.9620097338
328.4063078538
328.8930527722
329.7219104876
330.4714094856
331.0930527722
331.5463021281
331.8934535738
332.5494894551
333.2576200019
333.9034831568
334.5042084168
335.0020612654
335.4638896841
335.8944651207
336.2879377803
336.6700734803
337.0388014123
337.4062601393
337.7695581639
338.1230079206
338.4647771734
338.7898845310
339.1074339154
339.4323981296
339.7508063747
340.0279893120
340.3051722493
340.5823551866
340.8628208799
341.1453860101
341.4098578109
341.6659318637
341.8569997137
342.0448229793
342.2251264434
342.4340585934
342.6681839870
342.8920507682
343.1127206795
343.3227025480
343.5223876324
343.6865445176
343.8690237618
344.0735470942
344.2651779750
344.4508636320
344.6242389541
344.7937303178
344.9471228171
345.1045615040
345.2687183892
345.3855520565
345.4716671438
345.5960683271
345.7313770398
345.9143716003
346.0797308904
346.2035213284
346.3145147438
346.4140853135
346.5687947323
346.7410249070
346.8174062411
346.8850653688
346.9254318160
347.0142761714
347.1622864777
347.2736520660
347.3678404428
347.4742914400
347.5765912778
347.6465597862
347.7295543468
347.8345071095
347.8907911060
347.9150109743
347.9952953526
348.0854184560
348.1553869644
348.2206031110
348.2744250406
348.3508445462
348.4477240195
348.5263097624
348.5989693673
348.6265292490
348.6679931291
348.7621815059
348.8443458345
348.9116232465
348.9697871934
349.0236091230
349.0212424850
349.0183796164
349.0479816776
349.0865158889
349.1403378185
349.1715812578
349.1877278366
349.2239717530
349.2654738048
349.3246779273
349.3799694627
349.4257181029
349.4560358813
349.4721824602
349.5267678214
349.5940452333
349.6163851513
349.6361962019
349.6496516843
349.6678786144
349.6920984827
349.7217578013
349.7540509591
349.7814772402
349.8080255750
349.8322454433
349.8653115755
349.9137513121
349.9429525718
349.9590991507
349.9619047619
349.9640423705
350.0017177212
350.0324363012
350.0458917836
350.0509876897
350.0482965932
350.0758087604
350.1134841111
350.1221872316
350.1308235519
350.1415879378
350.1582689188
350.1824887871
350.2211375131
350.2668861533
350.2883958393
350.3104112988
350.3534688424
350.3760855043
350.3626300219
350.3523618666
350.3442885772
350.3517129497
350.3610459013
350.3448993225
350.3409676496
350.3678786144
350.3878709801
350.4013264624
350.4187899609
350.4376276362
350.4302223495
350.4293444031
350.4562553679
350.4796450043
350.4984826796
350.5083500334
350.5137322264
350.4949708942
350.4796259185
350.5065368833
350.5238095238
350.5238095238
350.5253936444
350.5280847409
350.5572287432
350.5895409867
350.5707033114
350.5609123008
350.5743677832
350.5891974425
350.6053440214
350.6214906002
350.6376371791
350.5936444317
350.5620383624
350.5862582307
350.6011642332
350.6038553297
350.5976238191
350.5868594332
350.5712854280
350.5347647676
350.3544613036
350.2295066323
350.2052867640
350.2456245825
350.3317396698
350.4244393549
350.5158984636
350.5508827178
350.5717244012
350.5555778223
350.5462544136
350.5435633171
350.5547666762
350.5709132551
350.5714285714
350.5757037885
350.5972325604
350.6049050482
350.5941406623
350.5656264911
350.5279511404
350.5309953240
350.5377707797
350.5350796832
350.5144384006
350.4606164710
350.4600057257
350.4976810764
350.4872793205
350.4665521519
350.4638610554
350.4560263384
350.4344975666
350.4238095238
350.4238095238
350.4238095238
350.4238095238
350.4419791965
350.4576677164
350.4603588129
350.4538887298
350.4350510545
350.4109170722
350.3840061075
350.4167382384
350.4492317969
350.4223208321
350.3327512167
350.1255367879
350.0100963832
349.9616566466
350.0415879378
350.1518179216
350.2594617807
350.3417215383
350.3551770207
350.3027006394
350.1842923943
350.1661418074
350.1849794828
350.2245061552
350.2555969081
350.2475236187
350.2701116519
350.3346979674
350.3220250024
350.2682030728
350.2761618475
350.2916976811
350.3024620670
350.3067468270
350.2986735376
350.2936921462
350.2910010497
350.2818112415
350.2714285714
350.2714285714
350.2685657028
350.2578013169
350.2416929096
350.2201641378
350.2318923561
350.2561122244
350.2519896937
350.2445844069
350.2284378280
350.2280561122
350.2495848841
350.2484111079
350.2349556255
350.2427998855
350.2284187422
350.0104399275
349.8400992461
349.7620574482
349.8238286096
349.9906765913
350.0798835767
350.1479625919
350.1587269778
350.1709037122
350.1870502911
350.2098291822
350.2394312434
350.2417787957
350.2337055063
350.2230651780
350.2108121004
350.1919744250
350.1887680122
350.2076056876
350.2108121004
350.2054299074
350.2118331902
350.2164710373
350.1922511690
350.1789102014
350.1869834908
350.2011642332
350.2200019086
350.2023380094
350.1764195057
350.1844927951
350.1061837962
349.7805611222
348.9439736616
347.5742055540
346.0765817349
344.5292012597
342.9997232560
341.4741005821
339.9617043611
338.5356522569
337.2331615612
336.6578490314
336.4883099532
335.2811527818
333.8615421319
331.9131882813
329.9226739193
327.8478385342
325.7851417120
323.7318350988
322.0697108503
320.5333905907
319.9601870407
318.9733562363
316.7801126062
314.5398034164
312.2496803130
309.8438973184
307.3923084264
304.9585552056
302.5315297261
300.1310716671
297.6625727646
295.0952667239
292.5021948659
289.8945223781
287.2541177593
284.6162515507
282.0462544136
279.4727073194
276.8919457964
274.2795209467
271.6422463976
268.9815631263
266.3157171486
263.6972802748
261.0964595858
258.5479912205
255.9891401851
253.4191430480
250.9392976429
248.4957820403
246.0548048478
243.6280083977
241.2679167860
238.9197919649
236.5893024144
234.2912682508
232.0119095334
229.8093902090
227.6196106499
225.4371314057
223.2581639469
221.0864490887
218.9611795019
216.8728886344
214.8545090180
212.8546903330
210.8363679740
208.8300696631
206.8601870407
204.9122053631
202.9880713809
201.1040175589
199.2363966027
197.4572860006
195.6888920699
193.9450615517
192.1882908674
190.4121671915
188.6802080351
186.9740528676
185.2771733944
183.6103158698
182.2244011833
180.8610649871
179.5451188090
178.3125393644
177.1472945892
175.9799408340
174.8106689570
173.5485447085
172.3200019086
171.1951235805
170.0638515125
168.9255177021
167.8384578681
166.7727836626
165.7045901326
164.6407099914
163.5992556542
162.5898654452
161.6291440023
160.6819352992
159.7427426281
158.7920030537
157.8400706174
156.8954957534
155.9852753125
155.1483443077
154.3069758565
153.4619715622
153.1733180647
153.0350415116
152.3003721729
151.5377994083
150.6874129211
149.8928714572
149.1608932150
148.3741196679
147.5640996278
146.8092947800
146.0624296211
145.3358335719
144.6039412158
143.8638896841
143.1540700449
142.4624582498
141.8099436969
141.1633934536
140.5094570093
139.8504246588
139.1803416357
138.5514075771
137.9566752553
137.3326844165
136.7005057735
136.1003912587
135.5079492318
134.9401278748
134.3949804371
133.8755988167
133.3637369978
132.8551197633
132.2914972803
131.7279702262
131.1870598340
130.6671438114
130.1800553488
129.7063269396
129.2407672488
128.7683366733
128.2936062601
127.8065177975
127.3496612272
126.9594522378
126.7488309953
126.6896268728
125.9459872125
125.0015745777
124.1027483539
123.2184082451
122.3814772402
121.5757992175
120.8061456246
120.1075675160
119.4401755893
118.8051627064
118.1769539078
117.5714572001
117.0023666380
116.4910583071
115.9066895696
115.2769729936
114.6951522092
114.1397938735
113.7953335242
113.4724592041
113.1979673633
112.9626395648
112.7608073289
112.6335241912
112.5285714286
