78.0241379310
78.0241379310
78.0056872365
78.3621726211
79.2494713565
79.5644254025
79.7812936217
79.9602860894
80.1246078364
80.2781148504
80.4269642734
80.5751779421
80.7226660217
80.8682330178
81.0035173796
81.1331905190
81.2689378758
81.4209591597
81.5903462097
81.6953838712
81.8115195909
81.9589109253
82.0727178495
82.0896551724
82.1868841131
82.3486213807
82.4624283049
82.5587727178
82.6760624698
82.8057494299
82.9318429963
82.9556630502
83.2019970976
83.7659111326
84.6313385391
85.4041669546
86.6841821574
88.4518554350
90.6615368668
93.2049892889
95.6516964964
97.9162601064
100.0461889296
102.1221477438
104.3824061917
106.7318913689
108.3441987423
108.9441296386
110.9714808928
113.4168820399
116.0410752540
118.7380346901
121.4349941262
124.2092598991
126.9565752194
129.6618271025
132.3270264667
135.2325824062
138.2045401147
141.1744661737
144.1000829245
147.1490498238
150.1757445926
153.2322921705
156.2999308963
159.2006841269
160.7686752816
162.0355400456
163.5356506116
165.9203026743
167.7831939742
169.4927371985
171.0196116371
172.3023978992
172.9799460991
174.6026259415
176.3160320641
177.6257204063
178.4038421671
180.9212908576
184.0633888467
187.5001658489
191.1366940778
194.8875475088
198.6125906986
202.2638725727
205.8042982517
209.5175799876
213.3600787782
217.3427406537
221.4576048649
225.6128809343
229.8506253887
234.2942505701
238.8369497616
243.0081058669
247.5185889019
252.0957432106
256.7122106282
261.3835878654
266.0004008016
270.6593186373
275.0679704236
278.9025913897
281.1549098196
282.5856886186
284.3836915210
286.8403220234
289.0979337986
291.3030958469
293.5604657591
295.8365973326
298.0280422915
300.0328380900
301.9148642112
303.7063644530
305.4403496648
307.1262801465
308.8004353535
310.3892198189
311.8632229977
313.2686061779
314.6916246286
316.0662773824
317.3714601617
318.5968696013
319.8320641283
320.9973395066
322.1035104692
323.1749982724
324.2204339714
325.2602100753
326.2499689033
327.1627945546
328.0070831318
328.8492433142
329.6895584272
330.5091216917
331.2501900352
331.9296316771
332.6520834773
333.3722133923
334.0021214843
334.6137447308
335.2178840439
335.8126252505
336.3948448621
336.9453527745
337.4855987838
338.0041116716
338.4904567756
338.9218644185
339.4243936148
339.8990394582
340.3291686822
340.7182295626
341.1580125769
341.5202197498
341.8497961440
342.1954598853
342.5210006219
342.8485177251
343.1250155483
343.3569000069
343.7115541428
343.4406675420
343.6071107733
344.2877133577
345.0658351185
345.4380416004
345.4875682399
345.4660009675
345.6624697671
346.0118305577
346.3440881764
346.6091977058
346.7918457605
346.9956395550
347.1265980236
347.2672171930
347.4150922535
347.4891990878
347.5633059222
347.6833045401
347.8310413931
347.9713150439
348.0564439223
348.1849215673
348.3137032686
348.4114090249
348.5066892406
348.6618892958
348.7681639140
348.8192384770
348.9489254371
349.0347591735
349.1171722756
349.2032755166
349.2932623868
349.3679496925
349.4507981480
349.5116301569
349.5293621726
349.6246423882
349.6761384839
349.7238891576
349.7828277244
349.8304678322
349.8892681916
349.9201022735
349.9392301845
350.0027503282
350.0613226453
350.1011540322
350.1267846037
350.1463478682
350.2045746666
350.2398313869
350.2596226937
350.2705203510
350.2837537143
350.3271715845
350.3530785709
350.3595950522
350.3807684334
350.3875544192
350.4135996130
350.4453527745
350.4585861378
350.4559809274
350.4680395273
350.4834565683
350.4952180223
350.5190380762
350.5553382627
350.5720268122
350.5655172414
350.5655172414
350.5864142077
350.5631055214
350.5372192661
350.5980927372
350.5641075254
350.5658212978
350.5879552208
350.6105037662
350.6131504388
350.6218091355
350.6348006358
350.6498790685
350.6604657591
350.6418561260
350.6425886255
350.6566926957
350.6487526778
350.6781286711
350.6896551724
350.7002695045
350.7308686338
350.7255752885
350.7029299979
350.6940916315
350.7080713150
350.6895446065
350.6796973257
350.6799668302
350.6850735955
350.6797802502
350.6793103448
350.6664294105
350.6573837330
350.6758828001
350.6838228180
350.6991707553
350.7019418147
350.6830073941
350.6856540668
350.6883007394
350.6689793380
350.6354640315
350.6407573768
350.6553935457
350.6543984521
350.6506875821
350.6718609633
350.6672586552
350.6637412757
350.6571971529
350.6456913828
350.6589247460
350.6499619930
350.6547577914
350.6764079884
350.6578812798
350.6596917974
350.6562366112
350.6535277451
350.6747011264
350.6608527400
350.6517725105
350.6428857715
350.6271024808
350.6138691175
350.6064611983
350.5988874300
350.5937184714
350.6254785433
350.6157487389
350.6068965517
350.6092184369
350.6198051275
350.6279662774
350.6180429825
350.6059152788
350.6136687167
350.5977886808
350.6098956534
350.6188169442
350.6061087693
350.5981687513
350.5881210697
350.5879828623
350.5955428098
350.5902494644
350.6061018589
350.6014097160
350.5824752954
350.5692419321
350.5611913482
350.5514615438
350.5458157695
350.5488356022
350.5567756202
350.5687789372
350.5746320227
350.5732706793
350.5785640246
350.5656692696
350.5586206897
350.5559394651
350.5453527745
350.5297353327
349.8249188031
348.5836224172
347.0369774031
345.5283739894
344.0510607422
342.9194734296
342.2024255407
341.3660769815
340.1341787022
338.6971943888
337.0139865939
334.8648883975
332.7328657315
330.5597125285
328.3653444821
326.1783843549
323.7302121484
322.7725796420
321.6804643770
319.4658074770
316.8932416557
314.2782461475
311.6223896068
308.9069932969
306.0724068827
303.2614539424
300.4392785571
297.6202612121
294.8333149057
291.9656070762
289.1543293484
286.3940778108
283.6670858959
280.8642595536
278.1227973188
275.3956395550
272.6505631954
269.8371501624
267.1701264598
264.5513578882
261.9413793103
259.3000000000
256.7572593463
254.2242830489
251.7209176975
249.2680740792
246.8278418907
244.4565406675
242.0762421395
239.6662566512
237.3292446963
235.0121346141
232.6890747011
230.3908022942
228.2046506807
226.0184990671
223.8257411374
221.6128532928
219.3694077811
217.3182364729
215.2935733536
213.3668025707
211.5763181535
209.8824476539
208.1971183747
206.5631815355
204.9767604174
203.3861101513
201.7764425403
200.1787989773
198.6209798908
197.1361965310
195.6461751088
194.1415589800
192.6333563679
191.1360445028
189.7068412687
188.2199778868
186.8374058462
185.5717573077
184.2272475986
182.8344136549
181.7012438670
180.7171239030
179.5790546610
178.0341026881
177.1952525741
176.3524013544
174.6516412135
169.8955704512
167.8268398867
167.0906848179
166.9765600166
167.3656208970
167.8481376546
167.4928132126
166.4222859512
165.4165503421
164.3565406675
163.3142284569
162.2941745560
161.2927993919
160.2526570382
159.2792688826
158.3295487527
157.3764425403
156.4209937116
155.4096676111
154.5161149886
153.7152788335
152.7862967314
151.9457812176
151.0749913620
150.2116439776
149.4282288715
148.6211180983
147.7992329487
146.9945062539
146.2253748877
145.4393131090
144.6905673416
143.9394305853
143.1938083063
142.5374334877
141.7352152581
140.9938221270
140.3136272545
139.6334323820
138.9736922120
138.3076497823
137.6494851773
137.0111809827
136.3653928547
135.7655379725
135.1746458434
134.5761039320
133.9753092392
133.5693041255
133.2476401078
132.7795452975
131.7182295626
130.6866837123
129.7326929722
128.8327689862
127.9562780734
127.1543362587
126.3466311934
125.5848870154
124.8954875268
124.2549927441
123.4674175938
122.7694699744
122.1995162739
121.6754750881
121.2524359063
120.8812383387
120.5924815148
120.4310344828
