74.4375000000
74.4375000000
74.4287011523
74.6545403307
75.1300162826
75.3351766032
75.5381826152
75.7173534569
75.8857277054
76.0585921844
76.1123246493
76.2761648297
76.4148171343
76.5040581162
76.6457164329
76.7512024048
76.8979709419
77.0581913828
77.1955911824
77.2884018036
77.3851578156
77.4983341683
77.5980022545
77.6150989479
77.7789641784
77.9020040080
77.9895541082
78.0650801603
78.2042960922
78.2561873747
78.3179609218
78.4956538076
78.9151490481
79.8530247996
80.9252317134
82.4464428858
84.5633266533
87.2206412826
90.0877755511
92.7165330661
95.2481713427
97.8929734469
100.2059118236
102.7275801603
105.3796467936
108.1587988477
111.1385082665
114.0677918337
115.9975075150
117.4802354709
119.2179922345
122.2416645792
125.2573208918
128.3214366232
131.4683930361
134.7289767034
137.9439879760
141.2113602204
144.5146856212
147.8338739980
151.1384205912
154.4999498998
157.7148046092
160.7139967435
163.4626189880
165.7828845190
166.5067322144
167.5149486473
169.4981149800
171.6083354208
173.6498309118
175.6260333166
177.5336610721
179.3862850701
181.3548471944
183.2308241483
185.0298096192
186.3913451904
186.4621743487
188.1431174850
189.8031500501
190.8214929860
191.1908066132
193.6576152305
196.7940443387
200.2294276052
203.8513589679
207.6150738978
211.3836485471
215.0771167335
218.8109594188
222.6223634770
226.3616545591
230.4136460421
234.6204220942
238.9058053607
243.1997995992
247.5008391784
251.8964178357
256.3852580160
260.9666833667
265.6438502004
270.2220941884
274.8998246493
279.5806550601
284.1390844188
288.4621054609
292.2107965932
295.3199524048
297.4566320140
297.9841871242
299.5901991483
301.4386898798
303.4031437876
305.3779997495
307.1926916333
308.9577843186
310.6820265531
312.3622870741
313.9923534569
315.4358028557
316.8009957415
318.1457477455
319.4694451403
320.6369050601
321.8260959419
322.9911510521
324.1188752505
325.2002254509
326.1796217435
327.1382828156
328.0835984469
329.0022419840
329.8497494990
330.6767409820
331.4639403808
332.2399924850
333.0158003507
333.6434932365
334.3289391283
334.9803419339
335.5865543587
336.1800538577
336.7807114228
337.3287324649
337.8344501503
338.3148484469
338.8057677856
339.2966871242
339.7621305110
340.1878381764
340.5660195391
341.0422845691
341.4895916834
341.8918336673
342.2426352705
342.5454909820
342.8902304609
343.2120991984
343.4964178357
343.7450400802
344.0576653307
344.3338802605
344.6346442886
344.9505135271
345.2020791583
345.4120490982
345.6294213427
345.8488414329
346.0627191884
346.2678795090
346.4507890782
346.6304233467
346.8111598196
346.9918962926
347.1412074148
347.2936623246
347.4306988978
347.5477079158
347.6771543086
347.8364103206
347.9609907315
348.0571580661
348.1486660822
348.2023985471
348.3095253006
348.4364040581
348.5539516533
348.6223384269
348.6996680862
348.8073334168
348.9284130762
349.0400112725
349.1132828156
349.1729208417
349.2215055110
349.2740919339
349.3620177856
349.4710232966
349.5328031062
349.5894664329
349.6686811122
349.7199711924
349.7815318136
349.8477768036
349.9120303106
349.9656813627
349.9876628257
350.0025801603
350.0440443387
350.1109782064
350.1207477455
350.1996555611
350.2580222946
350.3082352204
350.3800413327
350.4215618737
350.4069075651
350.4132327154
350.4479709419
350.4382014028
350.4601703407
350.4687500000
350.4831788577
350.5226953908
350.5666583166
350.5868737475
350.5950463427
350.5913514529
350.5693699900
350.5711234970
350.5803294088
350.5895165331
350.5911447896
350.5716057114
350.6271417836
350.6492359719
350.6521480461
350.6900613727
350.6534256012
350.6653181363
350.7202655311
350.7888965431
350.7791270040
350.7649736974
350.7744676854
350.7740919339
350.7295653808
350.7539892285
350.7746054609
350.7782690381
350.7617484970
350.7299974950
350.7281250000
350.7378193888
350.7422094188
350.7357590180
350.7797219439
350.7834794589
350.7852329659
350.7835295591
350.7566633267
350.7682740481
350.8183742485
350.8364979960
350.8015155311
350.8332665331
350.8269163327
350.8247432365
350.8236159820
350.8096505511
350.8194200902
350.8346756012
350.8150989479
350.7730398297
350.8121179860
350.7845002505
350.7980648798
350.8172783066
350.7988038577
350.8256700902
350.8177041583
350.7993549599
350.7849448898
350.7873872745
350.7898296593
350.7823897796
350.7605335671
350.7267159319
350.7145040080
350.7165831663
350.7201089679
350.7164641784
350.6969251002
350.7090556112
350.7212675351
350.7548972946
350.7946017034
350.7213301603
350.7468687375
350.7639654309
350.7562312124
350.7295278056
350.7637211924
350.7365355711
350.7077905812
350.6945578657
350.6676916333
350.6588614729
350.6515343186
350.6397607715
350.6237349699
350.6457164329
350.6598321643
350.6540706413
350.6362975952
350.6314128257
350.6548597194
350.6289328657
350.6298722445
350.6921843687
350.6799724449
350.6325212926
350.6483028557
350.6897983467
350.6658003507
350.6828970441
350.6732214429
350.6602955912
350.6482778056
350.6018724950
350.6186685872
350.6520728958
350.6268349198
350.4908504509
350.6691445391
350.6847883267
350.6614979960
350.6478957916
350.6381262525
350.5689253507
349.9425475952
348.7707289579
347.1796593186
345.6238602204
344.1100137776
342.5423785070
341.2609281062
340.9531876253
339.8177166834
338.3828156313
336.5312249499
334.2950964429
332.1995303106
329.9608780060
327.5997181864
325.1582352204
322.6980586172
320.3118486974
319.4856963928
318.0821142285
315.3662575150
312.5428607214
309.6708291583
306.8655185371
304.0017284569
300.9459794589
297.8856713427
294.9041896293
291.9092998497
288.9041520541
285.9781751002
283.0313439379
280.0686748497
277.1196768537
274.2007765531
271.2601452906
268.4716933868
265.6348008517
262.7757327154
260.0304922345
257.3652304609
254.6413952906
251.9762650301
249.4115731463
246.8055485972
244.2742672846
241.8031250000
239.3540706413
236.8817760521
234.4589303607
232.0545591182
229.6864228457
227.3582540080
225.0575275551
222.7545591182
220.5184431363
218.3080222946
216.0818950401
213.9277116733
211.8399611723
209.9201027054
208.1437249499
206.3803231463
204.6544964930
202.9301728457
201.1891345190
199.4497432365
197.8988289078
196.3932427355
194.8547282064
193.2988727455
191.7792084168
190.1623496994
188.6979083166
187.2464178357
185.7549348697
184.3407940882
182.9309869739
181.5395415832
180.1700150301
178.8194388778
177.4223947896
176.0779559118
174.7983404309
173.5544150802
172.2526239980
171.0190318136
169.8191445391
168.6200588677
167.4052166834
166.2768349198
165.1365418337
164.0417021543
163.2413702405
163.1827530060
162.1270165331
161.0433429359
159.9437061623
158.8342685371
157.7986973948
156.8007765531
155.8148046092
154.8300601202
153.8390217936
152.8791645792
151.9283254008
150.9997369739
150.1028181363
149.2479834669
148.3030247996
147.3950338176
146.5166082164
145.6449023046
144.8511272545
144.0592622745
143.2679296092
142.4695140281
141.6464303607
140.8993987976
140.1390718938
139.3809932365
138.6455723948
137.9494927355
137.2130824148
136.5041708417
135.8186748497
135.1152680361
134.4769601703
133.8239416333
133.1644977455
132.5155874248
131.9269726954
131.3128820140
130.7151239980
130.1366983968
129.5712675351
129.0437124248
128.4941382766
127.9568637275
127.5368674850
127.5173284068
126.5993173848
125.6171530561
124.6639466433
123.7438126253
122.8621117234
122.0367109218
121.2988476954
120.6123496994
119.8698647295
119.2535195391
118.5552980962
117.8550538577
117.2289767034
116.7063063627
116.3228895291
115.9526490481
115.6269288577
115.4437500000
