209.0567567568
212.5352163787
216.0346639224
219.5574012891
223.1355467692
226.7451335103
230.3936196718
234.1119319721
237.8920868765
241.7637328711
245.4485186589
249.1382061420
252.9124410984
254.0802632292
255.4355196880
259.1955857661
262.8809402589
266.4092509343
269.4573308780
270.8346368413
271.6322157829
273.3484211667
275.2279802849
277.1918323133
279.0816064562
283.5431511672
289.5897470617
291.6460055246
293.5835183881
295.4160428966
297.1552727076
298.8358284136
300.4528516492
301.9938309051
303.5288793804
305.0608893463
306.4586849374
307.8485836538
309.2495314954
310.5646536316
311.8382386394
313.0567621730
314.2286356497
315.3834100634
316.5240047663
317.6183447977
318.6786221091
319.6739858095
320.6410713319
321.5891458593
322.5048096192
323.4079618697
324.2934409359
325.0975247793
325.9256513026
326.7671721822
327.5606293668
328.2921247901
328.9707848129
329.6756865082
330.3573362942
331.0144180252
331.6408871798
332.2668580404
332.8938309051
333.4242864107
333.9524400152
334.4926285002
335.0328169853
335.5548719060
336.0401559877
336.5083464226
336.9832204950
337.4862156746
337.9172615501
338.3270216108
338.7450035206
339.1567838379
339.5581920598
339.9230406759
340.2683691708
340.6072252613
340.9756160971
341.3249959378
341.6592644749
341.9638953583
342.2675621513
342.5699994584
342.8498348047
343.1375182798
343.4332936143
343.6845691383
343.9233764827
344.1483074257
344.4185831122
344.6655906407
344.8692682663
345.0866923035
345.2985646970
345.4951578833
345.6917510697
345.8883442561
346.0849374425
346.2761577208
346.4590803228
346.6202513134
346.7851757569
346.9475058225
347.0909657152
347.2263120836
347.3587390998
347.5004278828
347.6538536533
347.8109624655
347.9190001625
348.0348372421
348.1566538482
348.2629204355
348.3665384824
348.4674917402
348.5839462709
348.6763256242
348.7383144668
348.7823701457
348.8395493690
348.9192493094
349.0020256730
349.0810215025
349.1518658940
349.2501868602
349.3330715485
349.3631804149
349.4203704707
349.4833667335
349.5382711369
349.6095813248
349.6842062503
349.7444239831
349.8104912528
349.8731300439
349.8943833613
349.9555164383
350.0386448573
350.0811514922
350.1374587012
350.2023235661
350.1899257975
350.2293614256
350.3196880247
350.3493527596
350.3712776905
350.3854465688
350.4176677680
350.4491902724
350.4775280290
350.5027676976
350.5250934301
350.5428045280
350.5590586579
350.5865568976
350.6414613010
350.6608785138
350.6675675676
350.6675675676
350.6650219358
350.6669392840
350.6917348210
350.6822889021
350.6631966636
350.6897633104
350.7381032335
350.7909819639
350.7502464388
350.7433948979
350.7623571467
350.7676704761
350.7720792937
350.7756215133
350.7530033039
350.7421654119
350.7457076315
350.7690732817
350.7816227049
350.7763093755
350.7429182690
350.7270866056
350.7501110329
350.7364404485
350.7135785084
350.6870118616
350.7085955695
350.7404647132
350.7617180307
350.7367600065
350.7041109246
350.7111953637
350.7266208092
350.7437632021
350.7473054217
350.7101662785
350.6602664789
350.7257975410
350.7631208363
350.7762552131
350.7266641391
350.6807344419
350.6382278070
350.6553864486
350.6747440828
350.6959974002
350.6640415967
350.6498239723
350.6657639604
350.6392948058
350.6099712939
350.5851757569
350.6224828034
350.6474570763
350.6173482099
350.6024914694
350.5932297026
350.5879163733
350.5903699290
350.5920543790
350.5796566105
350.5504251747
350.4839841846
350.2555110220
350.1958078319
350.2479824514
350.4020690029
350.4818231057
350.5059253642
350.5165520230
350.4466013107
350.3031414180
350.3062340898
350.3531495423
350.4487894708
350.4456859665
350.4494448356
350.4706981531
350.4555760169
350.4763906191
350.5667172182
350.5512917727
350.5309321345
350.5433299030
350.5026268754
350.4761360559
350.5292693495
350.5458538699
350.5344472729
350.4671451010
350.4289606240
350.4157125061
350.4635324703
350.4788387586
350.4781400639
350.5011644911
350.5087526404
350.5035530520
350.4699019661
350.4212587337
350.3594594595
350.3594594595
350.3662189243
350.3803878026
350.3844499810
350.3834750582
350.3763906191
350.4138926502
350.4339327303
350.4162216325
350.3835075557
350.3657152142
350.3851974219
350.3300438715
350.2809185939
350.3004008016
350.3422574879
350.3845420571
350.4004820452
350.3601148242
350.2980934843
350.2538157396
350.2706656556
350.3186210258
350.3398743433
350.3621675784
350.3822672372
350.3574717002
350.3497373125
350.3565292748
350.3317337377
350.3052266696
350.2768889130
350.2790662406
350.2856632183
350.2962898771
350.3518063153
350.3737420788
350.3330065536
350.3481828522
350.3654444023
350.3672155121
350.3320912094
350.2761143909
350.1893300114
350.1635866327
350.1444348156
350.0771326437
349.6257758761
348.9027135352
347.6717922331
346.4877268050
345.4291231111
345.1067811298
344.4513513514
343.5452851649
342.3303038509
341.1392893896
339.9626279586
338.4022802361
336.7674050804
335.0547419163
333.3796132806
331.6090992796
329.7140118074
327.7930997129
325.8321399556
323.8113036885
321.9122244489
320.5673617505
320.2910686237
318.5133943563
316.3355792666
314.0508476412
311.7420354222
309.4026756215
306.9868818719
304.6358663272
302.2977197639
299.8925526729
297.4758489953
295.0505280832
292.6081676867
290.1615609598
287.7212154038
285.3957482533
283.0256838000
280.6202621459
278.2841683367
275.8945512647
273.4504197584
271.1487948871
268.8705140010
266.6158912419
264.3157720847
262.0372095542
259.7985267833
257.6104262579
255.4247792883
253.2286031523
251.0713264367
248.9341710448
246.8247792883
244.7518008991
242.6914802578
240.6352217949
238.5940421383
236.5655364784
234.5659535287
232.6141147159
230.6838866923
228.7321237069
226.8200400802
224.9346530900
223.0590478254
221.1814818827
219.3021881601
217.4177273466
215.6398580946
213.9679304555
212.4929697232
210.9560688945
209.3372745491
207.7969939880
206.3153171207
204.9125981693
203.4913556843
202.0477982993
200.5671505173
199.1605318746
197.8019281807
196.5196446948
195.1449168607
193.7588853382
192.4252396685
191.1435573850
189.8805123761
188.6088555489
187.3324974273
186.0586307751
184.8153117045
183.5882413476
182.3733087797
181.1778096734
180.0358338298
178.9348426583
177.8013323945
176.6633266533
175.5209608406
174.4742187077
173.4203867194
172.3559497373
171.2980989005
170.2293072632
169.1436169637
168.1356496777
167.2836429616
166.6991767318
166.2931213779
165.7378920002
164.7460705194
163.8200238314
162.8886475654
161.8826572063
160.9712560256
160.0987542653
159.2362237989
158.3630179277
157.4914206792
156.6607701890
155.8104262579
154.9587824297
154.2149163191
153.4039159400
152.5441315063
151.7506743216
150.9990738233
150.2870876889
149.5226182094
148.7934842658
148.1062936684
147.3776688512
146.6556355955
145.9471916807
145.2559659860
144.5682716785
143.8828521909
143.2283702540
142.5920597953
141.9827980285
141.3169094947
140.6741428804
140.1463521638
139.5167253426
138.8608135189
138.2515517522
137.6530628825
137.0724800953
136.5641715864
136.0072469263
135.4263824947
134.8950495586
134.3708064778
133.8494340031
133.2773655419
132.7752748741
132.3378107566
131.8580999838
131.3466392244
130.7993663002
130.3038076152
129.9779125819
129.8858148730
129.4233277366
128.7558197476
127.8100471213
126.9829984293
126.1954882738
125.4445377241
124.7743216162
124.1191897308
123.4443969019
122.8254996479
122.2386502735
121.6966906787
121.1366137681
120.5620105075
119.9545198505
119.4318258138
118.9683312571
118.5857715431
118.2492769322
117.9499160483
117.7143584466
117.6008395169
117.5972972973
