251.0517241379
254.6811485039
258.3447999447
262.0585792274
265.6652891991
269.2814318292
273.0211664709
276.7797664294
280.5483518762
284.2686199986
287.8638933038
291.2964895308
293.9784880105
296.2373712943
297.6367977334
299.0799253680
300.4679151406
300.5695736300
301.4808513579
303.3301706862
305.0648331145
306.7138691175
308.1825098473
309.5775551102
310.9268537074
312.1575703130
313.4053140764
314.6706378274
315.8349872158
316.9655172414
318.0448275862
319.0995922880
320.1385736991
321.1335291272
322.0710386290
322.9556837814
323.8002487734
324.6416349941
325.4830212148
326.2525741137
326.9963167715
327.7382074494
328.4575150301
329.1583097229
329.8446410062
330.4982793173
331.0952525741
331.7237371294
332.3435215258
332.8756063852
333.4239513510
333.9841545159
334.4762490498
334.9722963168
335.4762628706
335.9475364522
336.4073595467
336.8550894893
337.2699951627
337.6638449312
338.0726418354
338.4696703752
338.8503489738
339.2292446963
339.5923363969
339.9038007049
340.2427682952
340.5950659941
340.8913896759
341.1935180706
341.5028194320
341.8065855850
342.1127565476
342.4285467487
342.7040909405
342.9581024117
343.1960265358
343.4298320779
343.6591044157
343.8940985419
344.1192868496
344.3182779352
344.5112708175
344.7005390091
344.8800635754
345.0737820469
345.2814249188
345.4752815977
345.6554695598
345.8090387672
345.9579227420
346.1085965034
346.2837951766
346.4405293345
346.5811208624
346.7399972359
346.8896067998
347.0193835948
347.1296731394
347.2385736991
347.3748393338
347.5086725174
347.6406122590
347.7390505148
347.8404256789
347.9485730081
348.0584064681
348.1643079262
348.2508257895
348.3488494230
348.4548338055
348.5392578260
348.6227420358
348.7049340059
348.7888743003
348.8727662221
348.9549581922
349.0264252643
349.0895998894
349.0874369429
349.1160597056
349.1852739963
349.2381936286
349.2952940363
349.3753230599
349.4455324442
349.5105383180
349.5775896621
349.6386704443
349.6927441089
349.7243452422
349.7642111810
349.8355884182
349.8952456637
349.9477023012
349.9823094465
350.0148020178
350.0450832700
350.1063229908
350.1640660632
350.2051620482
350.2202957639
350.2282496027
350.2650196946
350.3029092668
350.3418423053
350.3667956603
350.3927233778
350.4230046299
350.4644115818
350.5080091217
350.5404533204
350.5539907401
350.5518277935
350.5867320849
350.6281459471
350.6778937185
350.7276414899
350.7642042706
350.7360859650
350.7378204685
350.7616128809
350.7917697464
350.8228871536
350.8553313524
350.8432174694
350.8279939189
350.8474604381
350.8656208970
350.8828415452
350.8914933315
350.9028401631
350.9179807892
350.9277935181
350.9335014857
350.9291755926
350.9316909681
350.9387602792
350.9603897450
350.9762559602
350.9849077465
351.0137792827
351.0445649921
351.0705203510
351.0793103448
351.0797456983
351.0862345380
351.0917006427
351.0960265358
351.1060534863
351.1088729183
351.0915693456
351.0996406606
351.1182779352
351.1290926681
351.1377375441
351.1442263838
351.1467901320
351.0426300878
350.7052104208
350.6896413517
350.8048027089
350.9540460231
351.0769055352
351.1764010780
351.1868080990
351.1881763527
351.1838504595
351.1633542948
351.1301015825
351.0565613987
351.0616267017
351.1286780457
351.1685992675
351.2051274964
351.2375716951
351.2397899247
351.2344827586
351.2344827586
351.2382972842
351.2447861240
351.2469767120
351.2491396586
351.2513026052
351.2795867597
351.3055282980
351.2990394582
351.2978854260
351.2996613917
351.2845207657
351.2749360791
351.2727731325
351.2724137931
351.2713772372
351.2670513441
351.2641213461
351.2629534932
351.2802570659
351.2847142561
351.2738995232
351.2612189897
351.2464998963
351.2270333771
351.2308962753
351.2450003455
351.2471632921
351.2398728491
351.2225692765
351.2110496856
351.2034482759
351.2034482759
351.2080091217
351.2140280561
351.2161910027
351.1961025499
351.1550065649
351.1756063852
351.1888743003
351.1758966208
351.1581715154
351.1416764564
351.1438394029
351.1460023495
351.1481652961
351.1441711008
351.1375440536
351.1267293207
351.1027572386
351.0814663810
351.0944440605
351.0962891300
351.0898002902
351.0854260245
351.0736369290
351.0498445166
351.0567756202
351.0698085827
351.0741344758
351.0641697187
351.0449519729
351.0644184922
351.0660562504
351.0422638380
351.0290857577
351.0245594638
351.0418630364
351.0469145187
351.0449796144
351.0493055076
351.0431414553
351.0236749361
351.0060396655
350.9985626425
351.0201921084
351.0119273029
350.9888259277
350.9758482482
350.9699813420
350.9721442886
350.9743072352
350.9782945201
350.9869463064
350.9747978716
350.9547716122
350.9504457190
350.9622900974
350.9904084030
350.9755027296
350.9640798839
350.9705687237
350.9677700228
350.9576048649
350.9208347730
350.8897657384
350.8638103794
350.0206343722
348.9611982586
347.5942160182
346.2417248290
344.8961578329
343.5616197913
342.6623522908
342.1108009122
341.3470872780
340.4191555525
339.2230460922
337.8948241310
336.4519936425
334.6610738719
332.8284223620
330.9661253542
329.1188238546
327.2116854398
325.2131227973
323.4938152166
322.0797526087
321.5671342685
320.0740169995
317.9614055698
315.7681777348
313.5225623661
311.2060465759
308.9272614194
306.6193490429
304.1925229770
301.7768087900
299.3604450280
296.8081680603
294.2804229148
291.7822196116
289.3063229908
286.8369428512
284.3755096400
281.8066892406
279.1992951420
276.7616543432
274.2833183609
271.7613226453
269.2892751019
266.8464031511
264.4585101237
262.0448897796
259.6304885633
257.3031580402
254.9868841131
252.6811830558
250.4706792896
248.2359961302
245.9324580195
243.7329071937
241.5703821436
239.3966208279
237.2193559533
235.0391057978
232.9263561606
230.8387671896
228.7904567756
226.7405086034
224.6977886808
222.6949001451
220.6846313316
218.6687651164
216.7372054454
214.8259484486
212.9441849216
211.0352221685
209.1354363900
207.3055835810
205.4744385322
203.6434662428
202.1380554212
200.6494506254
199.1851357888
197.6609080229
196.1535692074
194.7541427683
193.3723239583
191.9995646465
190.5828346348
189.2077603483
187.8861999862
186.5609909474
185.2448068551
183.9578536383
182.6779835533
181.4046023081
180.1738857024
178.9562849838
177.7536866837
176.5680671688
175.3927510193
174.2377375441
173.0856817082
171.9425402529
170.8762075876
169.8055904913
168.7306060397
167.6653652132
166.6151268053
165.5963789648
164.5945822680
163.5988597885
162.5974155207
161.6254370811
160.6802294244
160.3744938152
159.9785156520
159.3080022113
158.4435007947
157.5192177458
156.6410614332
155.7832285260
154.9418423053
154.0942367494
153.2376960818
152.3660286089
151.5559809274
150.7616819847
149.9549029093
149.1770506530
148.4200193490
147.6416349941
146.8850735955
146.1626494368
145.4488632437
144.7443300394
144.0673277590
143.3665676180
142.6518416143
142.0116094257
141.3503973464
140.6604173865
140.0312901665
139.4193905051
138.8224172483
138.2447930343
137.6759726349
137.0616958054
136.4659318637
135.8927510193
135.3325340336
134.7818602723
134.2519383595
133.6916868219
133.1215880036
132.6176214498
132.1240204547
131.6416833667
131.1248911616
130.6243728837
130.1744799945
129.6929514201
129.2078087209
128.8119894962
128.5875751503
128.5291755926
127.7632368185
126.9367217193
126.1234538042
125.3305783982
124.5601617027
123.8874853155
123.2229355262
122.5653997650
121.9506737613
121.3491051068
120.7672724760
120.2408886739
119.7066823302
119.0361688895
118.4292585170
117.8712182987
117.4308202612
117.0338608251
116.7029299979
116.4227904084
116.1677562021
115.9601133301
115.8591527883
115.8310344828
