228.1888888889
227.8345357381
227.4801825874
227.7626029837
228.3038410154
228.5603317747
228.4268425740
228.3127254509
228.3248608328
228.3369962147
228.3982965932
228.4686818081
228.5323313293
228.5905811623
228.6998441327
228.9498329993
229.1998218660
228.9091293699
228.6057448230
228.7900022267
229.1953239813
229.4417947005
229.4490759296
229.4245602316
229.1430193721
228.8614785126
229.2455577822
229.7746604320
229.9473168559
229.8065464262
229.6179804053
229.2806167891
228.9432531730
229.4997661991
230.0992540637
230.1385660209
229.8958583834
229.6933199733
229.5574036963
229.4790247161
230.0032732131
230.5275217101
230.4492985972
230.2187263416
230.0091627700
229.8198508127
229.7758962369
230.2467490537
230.7176018704
230.7793809842
230.8109329771
230.5588065019
230.1486305945
230.0487864618
230.5172122022
230.9538410154
230.9271431752
230.9004453351
230.6479625919
230.3300155867
230.4416388332
231.0071476286
231.4098864395
231.1501892674
230.8904920953
230.6682698731
230.4498329993
230.6702738811
231.1605433088
231.4247606324
231.2305945224
231.0977510577
232.3889556892
233.6801603206
235.2653306613
236.9472945892
238.5258071699
239.9844800713
241.4689601425
243.0756847027
244.6824092630
246.1559118236
247.6121576486
248.3852594077
248.6959251837
248.9506457359
249.0792807838
249.2073814295
249.3068915609
249.4064016923
249.4386439546
249.4459251837
249.4724448898
249.5234134937
249.6287575150
250.0389334224
250.4491093298
250.6332331329
250.7812847918
250.7331106658
250.5389445558
250.5283901136
250.9798263193
251.4312625251
251.3077042975
251.1814963260
251.2661767980
251.4384992207
251.6341238032
251.8622689824
252.0252616344
251.7461478513
251.4670340681
251.3896236918
251.3507904698
251.5778223113
252.0219772879
252.2827321309
252.0254620352
251.7681919394
252.1859608105
252.6228345580
252.6615787130
252.5159541305
252.5742707637
252.9456134491
253.2724003563
253.2214317524
253.1704631485
253.2324537965
253.3198285460
253.4212870185
253.5353596081
253.6529058116
253.7815408595
253.9101759074
253.4350033400
252.9277443776
253.1339122690
253.7067022935
254.0396125585
253.9668002672
253.9106212425
254.0392562904
254.1678913382
254.3196392786
254.4773992429
254.3253173013
253.8690269428
253.6094856379
254.0657759964
254.5220663549
254.7557114228
254.9717212202
254.7714428858
254.3345691383
254.2082275662
254.6620908484
255.0897572924
255.1043197506
255.1188822089
255.0604987753
254.9804052550
255.0698174126
255.3416499666
255.5082720998
255.2340124694
254.9597528390
255.0715096860
255.2244154977
255.4280449788
255.6634713872
255.6633377867
255.1754954353
254.7244377644
255.2389779559
255.7535181474
255.5330883990
255.0646626587
255.0404586952
255.5404364284
255.8900578936
255.5041527499
255.1182476063
255.5104319751
256.0079826319
255.9468492541
255.5002672011
255.3336450679
255.8117791138
256.2760521042
255.7469494545
255.2178468047
255.4732910265
256.0266644400
256.1019706079
255.5583054999
255.1785237141
255.7513137386
256.3241037631
256.0058227566
255.5398240926
255.6357047428
256.1575261634
256.4362168782
256.0891449566
255.7420730350
256.0948007125
256.4540080160
256.3618125139
256.0778445780
256.0533956802
256.3980405255
256.6449899800
256.2008350033
255.7566800267
256.0966933868
256.5918169673
256.5808394567
256.1488198619
255.9524716099
256.4378868849
256.9233021599
256.4643620574
255.9740926297
256.1643397907
256.6764529058
256.7920507682
256.2872188822
255.8881986195
256.4318637275
256.9755288354
256.7230683589
256.2861946114
256.3379648185
256.8355154754
257.1241148965
256.7285014473
256.3328879982
256.7537519483
257.2221776887
257.2702961479
257.0979737252
256.8659763972
256.5310398575
256.2581830327
256.7193275440
257.1804720552
256.8775551102
256.3702961479
256.3909262970
256.9394455578
257.2749164997
256.8137719884
256.3526274772
256.7821309285
257.2869628145
257.3493097306
257.1551436206
256.9785125807
256.8353150746
256.7160320641
257.0072812291
257.2985303941
257.0096860387
256.5436873747
256.5535738143
257.0851035404
257.4349588065
257.0005121354
256.5660654643
256.9630149187
257.4532843465
257.5630037853
257.4295145847
257.2071810287
256.7970051214
256.4155087954
256.8984969940
257.3814851926
257.2530505455
256.9132598530
256.7531284792
256.8089512358
256.9164773992
257.2853930082
257.6543086172
257.3661433979
256.9850924070
257.0700400802
257.4826430639
257.7201180138
257.5453685148
257.3691716767
257.0366622133
256.7041527499
256.9641950568
257.4544644845
257.6883322200
257.5839679359
257.4343910042
257.0120797150
256.5897684257
256.9522934758
257.4498441327
257.4694722779
257.1199732799
256.8506346025
256.7923847695
256.7341349365
257.1067468270
257.4853707415
257.3376976175
256.9615007793
256.9073368960
257.3199398798
257.6723335560
257.5801046538
257.4878757515
257.1618904476
256.7881206858
256.8544533511
257.2937541750
257.5113894456
257.0720886217
256.6327877978
256.2098530394
255.7875417502
255.0510020040
254.1626920508
253.2706412826
252.3726230238
251.4739033623
250.5686038744
249.6633043866
248.7501670007
247.8351592073
247.0597973725
246.4141950568
245.7741594300
245.1528278780
244.5314963260
243.5472723224
242.5400356268
241.5407036295
240.5456023157
239.5223558228
238.4495880650
237.3789579158
236.3353150746
235.2916722334
234.2404141617
233.1870630149
232.1024493431
230.9859942106
229.8615230461
228.7062346916
227.5509463371
226.4023380094
225.2543308840
224.1444555778
223.0571253618
221.9335448675
220.7394232910
219.5460365175
218.3664773992
217.1869182810
215.9759407704
214.7551213538
213.5411823647
212.3349254064
211.3531173458
211.3701068804
211.3870964151
210.1362168782
208.7357938098
207.3691716767
206.0245713650
204.6945669116
203.3960810510
202.0969939880
200.7766644400
199.4563348920
198.1449677132
196.8367735471
195.4980293921
194.1218770875
192.7511801381
191.4090069027
190.0668336673
188.6971609886
187.3234357604
185.9553662881
184.5913493654
183.2316076598
181.8821531953
180.5327989312
179.2051881541
177.8775773770
176.5951235805
175.3306167891
174.0702516143
172.8154531285
171.5706746827
170.3886884881
169.2067022935
168.0535515475
166.9055444222
165.7548207526
164.6019594745
163.4688042752
162.3887552884
161.3087063015
160.2524827433
159.1967045202
158.1224337564
157.0399576932
155.9996103318
155.0214985527
154.0364284124
152.9976397239
151.9588510354
150.9821865954
150.0186372745
149.0798374527
148.1624025829
147.2353484747
146.2790803830
145.3228122912
144.6201736807
143.9284569138
143.2529948786
142.5855488755
141.9070140281
141.2104431084
140.5201068804
139.8914940993
139.2628813182
138.6693386774
138.0844132710
137.4820307281
136.8631262525
136.2518592741
135.6669338677
135.0820084614
134.4766421732
133.8698730795
133.3211868181
132.8042195502
132.2829102650
131.7538076152
131.2260409708
130.7163549321
130.2066688933
129.7064462258
129.2088955689
128.7089623692
128.2065575596
127.7178690715
127.2834224004
126.8489757292
126.3702182142
125.8872300156
125.4118125139
124.9409596972
124.4912380316
124.0834892006
123.6755177021
123.2629147183
122.8503117346
122.4671008684
122.0933311067
121.7116121131
121.3208528167
120.9309619238
120.5450567802
120.1591516366
119.7775662436
119.3965152527
119.0519260744
118.7315519929
118.3922511690
118.0112001781
117.6310955244
117.2913048319
116.9515141394
116.8611111111
116.8611111111
116.5695279448
115.9142173235
115.2638276553
114.6400690269
114.0163103986
113.4914495658
112.9817635271
112.4720774883
111.9623914496
111.5487975952
111.3716210198
111.1944444444
