81.9923076923
81.9923076923
81.9900570372
81.9812394019
81.9769230769
81.9769230769
82.8884384153
84.0711422846
84.8955911824
86.1316633267
88.4462925852
90.8499614614
93.3321257900
95.7657314629
98.1858023740
100.5974256205
102.9854632342
105.3177277632
107.7328040697
110.2149683983
112.1523046092
113.8422691537
113.7805457068
113.7454755665
113.7675196547
113.8502389394
113.9780946508
114.0767226761
114.1848466163
114.4626021273
114.5683983351
114.3391398181
114.4191151534
114.7100971173
114.5403268075
114.3620934176
114.8073839988
115.0335594265
114.8704331740
115.0762910436
115.5127639895
115.3197317712
115.1369354093
115.6748111608
116.0396176969
116.1233852320
117.0235856328
118.3903190997
120.7948204101
123.3131802066
125.7600739941
128.2566055187
130.8269462001
133.3827963620
135.9310929551
138.4351318021
140.9445506397
143.5016648682
146.0457222137
148.5719747187
151.1700015415
153.8020656698
156.3641590874
158.8996300293
161.3421149992
163.9412209033
166.7364112841
169.3990288269
172.0046400493
174.7322953600
177.4398643441
180.0498843842
182.6599044242
185.2699244643
187.9688607985
190.7023277324
193.2637582858
195.8707260675
198.6438723601
201.3784492061
204.0722367813
206.7725605056
209.4751657160
212.1689841221
214.8272545090
217.3799599198
218.8418683521
219.2430707569
219.5535378449
219.8367041776
220.1761831355
220.2992292277
219.8451210113
220.1032989055
220.9982888855
221.5065361492
221.9011253276
222.1303838446
222.3635270541
222.6060120240
222.2797441036
221.4861569292
222.2207029444
223.2804069678
223.5978418375
223.8889162941
224.1225836288
223.9265762294
223.4063357484
223.9702327732
224.7202096501
224.9715122553
225.2020965007
225.3916756590
225.5864652382
225.7848620318
225.6885463234
225.5940804686
225.9908740558
226.3090488670
226.4854015724
226.6455680592
226.7954678588
226.9530137197
227.1133497765
227.2852936643
227.3057345460
227.0764760290
227.2378449206
227.6258208725
227.8023585633
227.9497302297
228.0819947587
228.2054724834
228.3156929243
228.4230306767
228.5288423000
228.6546940034
228.6173577925
227.7400030831
227.6284877447
228.5763835363
228.9946970865
229.1578233390
229.2676429783
229.3726375829
229.4740403885
229.5618467705
229.6323878526
229.7336056729
229.8482349314
229.9041621705
229.9634345614
230.0472020965
230.1309696316
230.2147371666
230.2827038693
230.3444273162
230.4147217512
230.4892708494
230.5774472021
230.6634962232
230.7472637583
230.1804994605
229.3825034685
230.1168028364
230.7119469709
230.8530291352
230.9674734084
231.0556497611
231.1170648990
231.1699090489
231.2184060429
231.2704640049
231.3321874518
231.3754123632
231.4018652690
231.4489440419
231.5020040080
231.5593186373
231.6102358563
231.6455063974
231.6663480808
231.6751657160
233.2372437182
235.2140588870
237.6653614922
240.0988284261
242.4928164020
244.9467396331
247.4465392323
249.8956220133
252.1885463234
252.7396485278
253.1574841992
253.3073839988
253.4313858486
253.5371974719
253.6541544628
253.7740558039
253.9019115153
254.0235393865
254.1337598273
254.2332511176
254.3258362880
254.4336519192
254.5396793587
254.6146292585
254.6912286111
254.7705873285
254.8443964853
254.9149375674
254.9932788654
255.0726375829
255.1519963003
254.6617388623
253.2994142130
253.3248496994
254.0963927856
254.5764760290
254.9772468013
255.1227377833
255.2663943271
255.4074764914
255.5485586558
255.6896408201
255.7612763990
255.8274086635
255.8935409280
255.9519654694
256.0004624634
256.0611684908
256.1273007554
256.1809002621
256.2293355943
256.2601973177
256.3011561585
256.3540619701
256.3849545244
256.4069986126
256.4674734084
256.5232773239
256.5585478650
256.5895945738
256.6160474796
256.6586866040
256.7071835980
256.7556805920
256.7977030985
256.8197471867
256.8484045013
256.8836750424
256.9222753199
256.9618159396
256.9882688454
257.0170648990
257.0523354401
257.0784183752
257.0960536458
257.1171111454
257.1397101896
257.1793895483
257.2064282411
257.2020194235
257.2334515184
257.2951749653
257.3041775859
257.3018498536
257.3371203946
257.3642515801
257.3730692154
257.3818868506
257.3907044859
257.4175581933
257.4487436411
257.4840141822
257.5134885155
257.5311237860
257.5307383999
257.5175119470
257.5671805149
257.6214120549
257.6037767843
257.6030985047
257.6339602281
257.6568213350
257.6744566055
257.6845074765
257.6923076923
257.6923076923
257.7021119161
257.7285648220
257.7412209033
257.7456297210
257.7694620009
257.7929088947
257.7973177123
257.8017265300
257.8061353476
257.8276553106
257.8585170341
257.8575612764
257.8552335440
257.8640511793
257.8728688146
257.8816864498
257.8905040851
257.8993217204
257.9122090335
257.9230769231
257.9230769231
257.9326344998
257.9546785879
257.9585016186
257.9540928010
257.9538461538
257.9547248343
257.9591336519
257.9755665177
258.0064282411
258.0185139510
258.0229227686
258.0273315862
258.0327115770
258.0415292123
258.0440573455
258.0396485278
258.0545706798
258.0766147680
258.0769230769
258.0843687375
258.1152304609
258.1220132573
258.1043779867
258.0867427162
258.0694157546
258.0958686604
258.1153846154
258.1153846154
258.1062586712
258.0886234006
258.0812085710
258.0777863419
258.1086480654
258.1307692308
258.1307692308
258.1212733159
258.1036380453
258.1244951441
258.1547094188
258.1723446894
258.1859565284
258.1903653461
258.1873747495
258.1785571142
258.1697394790
258.1630800062
258.1851240943
258.1928318175
258.1707877293
258.1692153538
258.1824418067
258.1846153846
258.1862185910
258.2038538616
258.2123323570
258.2035147218
258.2026514568
258.2070602744
258.2152458764
258.2250501002
258.2426853707
258.2506089101
258.2417912749
258.2329736396
258.2241560043
257.8516263296
257.3000924927
255.9113149376
254.5567596732
253.2561584708
252.1115615847
251.0534453522
248.8860336057
246.9081701865
246.6612763990
245.7668876214
243.9372283028
241.9494065053
239.8816710344
239.4599660860
238.9301680284
237.2107291506
235.4059657777
233.4881301064
231.6186372745
229.7713426854
228.9980576538
228.1035917990
226.4326499152
224.6622784030
222.7708956374
220.8421458301
218.8978572530
217.1570525667
215.5715739171
214.5178665022
213.1395097888
211.3980268229
209.5827963620
207.7399105904
206.1136118391
204.8276553106
204.6204408818
203.5372745491
201.5533066132
199.6089255434
197.6789733313
196.0653460768
194.3752890396
192.4662710035
190.7317404039
189.1622013257
187.4841375058
185.7676892246
183.8189918298
181.8567288423
179.8595344535
177.8411129952
175.8042392477
174.1680129490
172.6143055341
170.5597965161
168.5954370279
166.8407276091
165.0713118545
163.2901495298
161.6878063820
160.1209341760
158.4676275628
156.8483582550
155.3008632650
153.8856328041
152.5673963311
151.1354246955
149.6851395098
148.2831355018
146.6303530137
144.4964852782
142.8977339294
141.6588561739
140.3936488361
139.1248651148
137.8639432712
136.6222599044
135.4142438724
134.4054108216
133.5192384770
132.6793124711
131.8506089101
131.0526129181
130.2834438107
129.5603977185
128.8655618930
128.1866039772
127.4760752274
126.7678125482
126.0932634500
125.4437490365
124.8309233852
124.1831355018
123.5174040388
122.9405272083
122.3748111608
121.8237089564
121.2838908586
120.7592415600
120.2105441653
119.6506243256
119.1278865423
118.6220595036
118.1767689225
117.7117465701
117.2223678125
116.7546785879
116.2961615539
115.8545398489
115.4409280099
115.1279019578
114.8128102359
114.4953753661
113.5652689995
112.4013411438
111.5179744104
110.6468167103
109.7959149067
109.0745028519
108.4881301064
108.2924926777
108.2307692308
