227.7631578947
227.6766691277
227.5901803607
227.7043455332
227.9724607109
228.1836198713
228.0192912140
227.8549625567
227.9998312414
228.2787575150
228.4847800865
228.4869423057
228.4891045248
228.6777449636
228.9047779770
229.0036599515
228.9063600886
228.8090602257
228.9174665120
229.0342263474
229.1156734522
229.1654044932
229.2195443519
229.3168442147
229.4141440776
229.4957810358
229.5692964877
229.6268009704
229.6289631895
229.6311254087
229.5461449214
229.4380339627
229.4492669550
229.6762999684
229.9033329818
229.7854973104
229.6384664065
229.7108216433
230.0135323278
230.2979116127
230.2589916675
230.2200717224
230.1262314102
229.9986604789
229.9528530746
230.2663748550
230.5798966354
230.6465246282
230.6313890940
230.6183103048
230.6096614281
230.6010125514
231.3159054952
232.1267376859
233.1888935766
234.5597405337
235.9300812151
237.2663326653
238.6025841156
239.9564075519
241.3229300707
242.6907182787
244.0658896741
245.4410610695
246.1817846219
246.6661217171
246.9989558063
246.9384136694
246.8778715325
247.2023415252
247.5980276342
247.7447526632
247.5328551841
247.3209577049
247.8347220757
248.3666279928
248.4805716697
248.2405653412
248.0829342896
248.6105157684
249.1380972471
249.0994726295
248.7859508491
248.6843265478
249.2573146293
249.8303027107
249.7819955701
249.5830714060
249.6406602679
250.1336462398
250.6266322118
250.5627149035
250.4610906023
250.4224765320
250.4462609429
250.4870266849
250.7594663010
251.0319059171
251.1356924375
251.1421790950
251.1772070457
251.3264001688
251.4755932918
251.5436451851
251.5868895686
251.5957072039
251.5351650670
251.4746229301
251.7168336673
251.9935977218
252.0348908343
251.8035333826
251.5927433815
252.0641071617
252.5354709419
252.5963505959
252.3779664592
252.2563442675
252.6390570615
253.0217698555
253.0115916043
252.8537496045
252.7813416306
252.9153992195
253.0494568084
253.1872270858
253.3256091130
253.2419259572
252.8570509440
252.4721759308
253.0058432655
253.5485602785
253.8495939247
253.9577048835
254.0418204831
253.9531694969
253.8645185107
253.6212002953
253.3076785149
253.2009281721
253.7025630208
254.2041978694
254.0909608691
253.8423056640
253.8444573357
254.2466301023
254.6488028689
254.5553000738
254.4363780192
254.2816791478
254.0935660795
253.9569138277
254.3893576627
254.8218014977
254.7702773969
254.4567556165
254.3028794431
254.7331610590
255.1634426748
255.0536968674
254.7920683472
254.7258938930
255.0286045776
255.3313152621
255.3342263474
255.3082797173
255.1582955384
254.8728826073
254.6192701192
255.0582006117
255.4971311043
255.4996624829
255.2228984284
255.0387828288
255.2896002531
255.5404176775
255.5876278874
255.5638434764
255.4516823120
255.1403227508
254.8289631895
255.2010547411
255.6724185213
255.8229300707
255.5634637696
255.3067397954
255.6094504799
255.9121611644
256.0248286046
255.9945575361
255.9507014028
255.8209682523
255.6912351018
255.7786942306
255.9581584221
256.1109376648
256.1909397743
256.2709418838
256.0280983019
255.7210631790
255.7184685160
256.1725345428
256.6266005696
256.5460394473
256.4465773653
256.3275709313
256.1913511233
256.0572407974
255.9426431811
255.8280455648
256.0118130999
256.3469570720
256.5799810147
256.4697078367
256.3594346588
256.1253770699
255.8594241114
255.8455753612
256.2780191963
256.7104630313
256.4936082692
256.2254930914
256.1075835882
256.1443413142
256.1929965194
256.4330028478
256.6730091762
256.5444467883
256.1941672819
255.9578314524
256.2064866575
256.4551418627
256.6580213058
256.8461343740
256.9200822698
256.7535913933
256.5871005168
256.3323067187
256.0663537602
256.1446999262
256.6376858981
257.1171711845
256.9182470204
256.7193228562
256.5090074887
256.2906233520
256.1847168020
256.7101360616
257.2355553212
257.2508701614
257.0649193123
256.8398164751
256.5154835988
256.1911507225
256.5752241325
257.0855078578
257.3259360827
257.1853918363
257.0448475899
256.6774601835
256.3055584854
256.4014555427
256.8857926379
257.3092395317
257.2508596140
257.1924796962
257.0578630946
256.8870477798
256.7478746968
256.7067925324
256.6657103681
256.8907604683
257.1783356186
257.3367788208
257.2805611222
257.2243434237
257.0846640650
256.9397953802
256.7280139226
256.4512498682
256.2306507752
256.7214745280
257.2122982808
257.3922371058
257.3965615441
257.3331083219
257.0066132265
256.6801181310
256.7285834828
256.8885877017
257.0595084907
257.2519459973
257.4443835038
257.3265689273
257.1752135851
256.9428541293
256.6185212530
256.3236472946
256.8620398692
257.4004324438
257.5651935450
257.4808669972
257.3639067609
257.0828182681
256.8017297753
256.6883451113
256.6364518511
256.7299651935
257.1667334669
257.6035017403
257.5530112857
257.4254403544
257.2514608164
257.0157789263
256.7800970362
257.0091762472
257.2405336990
257.2559856555
257.1024680941
256.9327708048
256.6516823120
256.3705938192
255.8124248497
255.1313258095
254.4284252716
253.6629996836
252.8975740956
252.1410610695
251.3864465774
250.6242379496
249.8501634849
249.0760890201
248.3123510178
247.5490876490
246.7734099779
245.9863621981
245.1934289632
244.3393523890
243.4852758148
242.6057588862
241.7127623668
240.8249868157
239.9557747073
239.0865625989
238.1731990296
237.2477692227
236.3048729037
235.3297120557
234.3545512077
233.2485180888
232.1306507752
231.0086066871
229.8820904968
228.7592659002
227.7084273811
226.6575888619
225.6160531589
224.5803501740
223.5547937981
222.5753085118
221.5958232254
220.5146714482
219.3989663538
218.2650353338
217.0909503217
215.9168653096
215.6654677777
215.5422212847
215.0004957283
213.9345216749
212.8665436135
211.5951587385
210.3237738635
209.0971943888
207.9036494041
206.7116337939
205.5288999051
204.3461660162
203.1236683894
201.8847168020
200.6487184896
199.4205779981
198.1924375066
196.9443413142
195.6924164118
194.4369897690
193.1764159899
191.9158422107
190.6384769539
189.3606054214
188.0664908765
186.7583482755
185.4559645607
184.2040396583
182.9521147558
181.6987448581
180.4446577365
179.1986710263
177.9791794115
176.7596877966
175.5869001160
174.4257884189
173.2607214429
172.0887986499
170.9168758570
169.8396371691
168.7693386774
167.6893576627
166.5995991984
165.5134057589
164.4798649931
163.4463242274
162.4359139331
161.4391308934
160.4343318215
159.3964666174
158.3586014134
157.3717434870
156.4009070773
155.4258306086
154.4420208839
153.4582111592
152.5496783040
151.6501951271
150.7576521464
149.8733045037
148.9890623352
148.1090391309
147.2290159266
146.3808986394
145.5549309145
144.7563020778
144.1054741061
143.4546461344
142.8131842633
142.1753296066
141.5356080582
140.8912667440
140.2469254298
139.6745701930
139.1145554266
138.5309566501
137.9147241852
137.2984917203
136.7142179095
136.1304187322
135.5680729881
135.0231937559
134.4742643181
133.8947895792
133.3153148402
132.7816158633
132.2691699188
131.7588756460
131.2550785782
130.7512815104
130.2457230250
129.7397637380
129.2535492037
128.7994831769
128.3454171501
127.9036283093
127.4625355975
127.0203354077
126.5770804767
126.1324754773
125.6719227930
125.2113701086
124.7814471047
124.3684632423
123.9554793798
123.5424955174
123.1295116549
122.7299440987
122.3342579897
121.9400485181
121.5486868474
121.1573251767
120.7895053264
120.4240902858
120.0709524312
119.7314840207
119.3989347115
119.2367682734
119.0746018352
118.7816475055
118.4032591499
117.9757725978
117.3098090919
116.6438455859
116.0814049151
115.5559856555
115.0390676089
114.5417571986
114.0444467883
113.6973315051
113.3729986288
113.1641282565
113.1057483388
113.0473684211
