228.0947368421
228.1762999684
228.2578630946
228.3326758781
228.4032169602
228.4767324122
228.5604999473
228.6442674823
228.6985022677
228.7469992617
228.8133424744
228.9015188271
228.9879126674
229.0474317055
229.1069507436
229.1768800759
229.2518299757
229.3217171184
229.3790317477
229.4363463770
229.4758147875
229.5132897374
229.5665647084
229.6349013817
229.7032380551
229.7715747284
229.8399114018
229.8790106529
229.9076679675
229.9471047358
230.0066237739
230.0661428119
230.1150617024
230.1635586963
230.2234468938
230.2917835671
230.3539500053
230.3892205464
230.4244910874
230.4720915515
230.5227929543
230.5653306613
230.5961923848
230.6273705305
230.6714587069
230.7155468832
230.7624406708
230.8109376648
230.8577892627
230.8996730303
230.9415567978
230.9644552262
230.9842949056
231.4959497943
232.5540660268
233.6330661323
234.9336673347
236.2342685371
237.5872270858
238.9627781880
240.3328446366
241.6907604683
243.0486763000
244.4717329396
245.9001898534
246.7687058327
247.1522729670
247.5044510073
247.6763948951
247.8483387828
248.0286678620
248.2116337939
248.3855500475
248.5442674823
248.7029849172
248.8530112857
249.0029110853
249.1528108849
249.3027106845
249.4493618817
249.5838308195
249.7182997574
249.8618394684
250.0073304504
250.1509018036
250.2919839679
250.4322223394
250.5556692332
250.6791161270
250.8069296488
250.9369897690
251.0628414724
251.1774707309
251.2920999895
251.3579474739
251.4174665120
251.4769855500
251.5365045881
251.5991773020
251.6873536547
251.7755300074
251.8700769961
251.9670709841
252.0655416095
252.1669444151
252.2683472208
252.3613964772
252.4539816475
252.5502689590
252.6494673558
252.7460078051
252.8297753402
252.9135428752
252.9921210843
253.0692753929
253.1446788313
253.2174243223
253.2901909081
253.3651408079
253.4400907077
253.5068136273
253.5685370741
253.6307773442
253.6947051999
253.7586330556
253.8374960447
253.9190591710
253.9935344373
254.0596667018
254.1256407552
254.1895686109
254.2534964666
254.3038498049
254.3479379812
254.3992194916
254.4675561650
254.5358928383
254.5821854235
254.6262735998
254.6795591182
254.7412825651
254.7991667546
254.8322328868
254.8652990191
254.9049467356
254.9468305031
254.9942516612
255.0515662905
255.1088809197
255.1640544246
255.2191646451
255.2639805928
255.3014555427
255.3389304926
255.3764054425
255.4138803924
255.4406602679
255.4649087649
255.4910136062
255.5196709208
255.5490665542
255.5997679570
255.6504693598
255.6983229617
255.7446155469
255.7852125303
255.8094610273
255.8337095243
255.8656365362
255.8987026685
255.9392258201
255.9877228140
256.0336884295
256.0557325177
256.0777766058
256.1013817108
256.1256302078
256.1512920578
256.1799493724
256.2086066871
256.2228667862
256.2360932391
256.2661533594
256.3102415357
256.3480645502
256.3524733678
256.3568821854
256.3816686004
256.4125303238
256.4450796330
256.4803501740
256.5156207151
256.5114017509
256.5069929332
256.5253559751
256.5584221074
256.5905178779
256.6191751925
256.6478325071
256.6709840734
256.6930281616
256.7052631579
256.7052631579
256.7072882607
256.7425588018
256.7778293429
256.7968568716
256.8078789157
256.7212002953
256.3861301550
256.0510600148
256.2485286362
256.5086488767
256.6905073305
256.7963189537
256.8931652779
256.9240270014
256.9548887248
256.9809091868
257.0051576838
257.0263685265
257.0417993883
257.0572302500
257.0642231832
257.0708364097
257.0761944943
257.0806033119
257.0878177407
257.1076574201
257.1274970995
257.1578419998
257.1909081321
257.2105263158
257.2105263158
257.2105685054
257.2127729142
257.2149773231
257.2255352811
257.2409661428
257.2563970045
257.2718278663
257.2872587280
257.2932496572
257.2976584748
257.3020672925
257.3064761101
257.3112435397
257.3200611750
257.3288788103
257.3331083219
257.3353127307
257.3422423795
257.3598776500
257.3775129206
257.3910979854
257.4043244384
257.4198924164
257.4375276870
257.4504166227
257.4349857610
257.4195548993
257.4407868368
257.4738529691
257.4914882396
257.4826706044
257.4738529691
257.4909819639
257.5086172345
257.5223288683
257.5333509124
257.5425588018
257.5447632106
257.5469676194
257.5545828499
257.5634004852
257.5731673874
257.5841894315
257.5948317688
257.5970361776
257.5992405864
257.6101149668
257.6255458285
257.6409766902
257.6564075519
257.6718384137
257.6600991457
257.6446682839
257.6444467883
257.6598776500
257.6734521675
257.6712477587
257.6690433499
257.6731673874
257.6797806139
257.6856660690
257.6900748866
257.6944837043
257.6947368421
257.6947368421
257.6935133425
257.6913089337
257.6931652779
257.7152093661
257.7372534543
257.7300706677
257.7146398059
257.7078578209
257.7144710474
257.7210209893
257.7144077629
257.7077945364
257.7256723974
257.7587385297
257.7821854235
257.7733677882
257.7645501529
257.0002004008
256.0941883768
255.5398797595
255.4076152305
255.2127412720
254.1458074043
253.0788735365
252.5915620715
252.3777344162
251.9612382660
251.0530218331
250.1448054003
249.0591709735
247.9547621559
247.0975424533
246.4714903491
245.8514186267
245.2716591077
244.6918995887
243.7230460922
242.6186372745
241.5134479485
240.4068347221
239.3002214956
238.3725767324
237.4511338466
236.7147452800
236.1129416728
235.4098829237
234.2790212003
233.1481594768
231.9481911191
230.7313574517
229.5108532855
228.2852019829
227.0677143761
226.1264318110
225.1851492459
224.2777871533
223.3894103997
222.4261259361
221.2423584010
220.0585908659
218.8213690539
217.5758780719
216.3251133847
215.0686003586
213.8098829237
212.5291214007
211.2483598777
210.8684210526
210.8684210526
210.5106106951
209.3775445628
208.2444784305
207.0582111592
205.8678303976
204.6905600675
203.5244278030
202.3542453328
201.1616601624
199.9690749921
198.5942305664
197.1635692438
195.7587385297
194.3964138804
193.0340892311
191.8136799916
190.5946419154
189.2586541504
187.8456280983
186.4924058644
185.3571353233
184.2218647822
182.8767535070
181.4879759519
180.1535386563
178.8882079949
177.6255458285
176.4109165700
175.1962873115
174.0139120346
172.8477797701
171.6847062546
170.5295960342
169.3744858137
168.2546883240
167.1392574623
166.0337939036
164.9382027212
163.8453960553
162.7740533699
161.7027106845
160.6826706044
159.6818690012
158.6833139964
157.6891256197
156.6949372429
155.7196392786
154.7452905812
153.7684526949
152.7896951798
151.8210842738
150.8996413880
149.9781985023
149.0480540027
148.1155890729
147.2114755827
146.3495517350
145.4900326970
144.7956439194
144.1012551419
143.4248286046
142.7590971417
142.0949477903
141.4358295538
140.7767113174
140.1476321063
139.5237844109
138.9101677038
138.3083640966
137.7070667651
137.1118763843
136.5166860036
135.9579474739
135.4156629048
134.8660689801
134.2995359139
133.7330028478
133.1946735576
132.6590022150
132.1256513026
131.5943887776
131.0671026263
130.5644974159
130.0618922055
129.5741904862
129.0914249552
128.6054530113
128.1138698450
127.6222866786
127.1565235735
126.6913933129
126.2457230250
125.8136588967
125.3846957072
124.9680624407
124.5514291741
124.1347959076
123.7181626411
123.3174876068
122.9383292902
122.5579896635
122.1479696235
121.7379495834
121.3723974264
121.0307140597
120.6739478958
120.2749498998
119.8759519038
119.5194177829
119.1689167809
118.8259466301
118.4908764898
118.1558063495
117.8207362093
117.4856660690
117.3816158633
117.3705938192
117.1609007489
116.5392574623
115.9176141757
115.3538550786
114.7939352389
114.2643392047
113.7595295855
113.2640438772
112.8165488872
112.3690538973
112.0599620293
111.7910241536
111.6271701297
111.6293745386
111.6315789474
