82.7000000000
82.7000000000
82.7015030060
82.7058259376
82.7071428571
82.7650157458
84.1094474664
85.4977955912
86.9546235328
89.2190523905
91.7424133982
93.9773690238
96.1429430289
98.2179501861
100.7996850845
103.4645147438
105.7340538219
107.9994703693
110.2603635843
110.4219009447
110.2073003149
110.3326653307
110.3254365875
110.1957486401
110.3885914687
110.5143716003
110.2160893215
110.1976524478
110.3965073003
110.6071714858
110.6794302891
110.3508874893
110.5121958202
110.9920412253
110.7421986831
110.7187088463
111.3023046092
111.3556398511
111.1222015459
111.6255367879
111.8886630404
111.6898081878
111.7542227312
112.0041511595
113.9062410535
116.0093043229
118.4301460063
120.8636988262
123.2928857715
125.6229458918
128.0497709705
130.6046235328
132.9980103063
135.3676638992
137.8922559405
140.3677211566
142.7885628400
145.2342542227
147.6941168050
150.1970941884
152.6755081592
155.1309332952
157.6984397366
160.2707271686
162.7953192098
165.3102347552
167.8175350701
170.3758230747
172.9382192957
175.4973947896
178.0617807043
180.6296020613
183.2097480676
185.7956913828
188.3937732608
190.9751073576
193.5472516461
196.1923990839
198.8173919267
201.4025050100
203.9905954767
206.4939020899
206.7186945319
206.9766962496
207.2879473232
207.6719582021
208.0785141712
208.4373174921
208.8367449184
209.2906527340
209.7177640996
210.1392069854
210.5758230747
210.9941454337
211.3918551388
211.1637560836
211.0224735185
212.0210707129
212.7822645291
213.3183080447
213.7092041225
214.0829659319
214.4806756370
214.8759805325
215.2693673060
215.6158602920
215.9617234469
216.3205267678
216.6663756084
217.0035642714
217.3407529344
217.6715717149
217.9871457200
218.2971657601
218.6040939021
218.9281419983
219.2348411108
219.5071858002
219.8091611795
220.1223017463
220.3643859147
220.6278700258
220.9261523046
221.1614514744
221.3752505010
221.6130117378
221.8672630976
222.1439307186
222.3972516461
222.6395362153
222.8513598626
223.0631835099
223.2750071572
223.4903521328
223.7072001145
223.9276696250
224.1459347266
224.3620813055
224.5226166619
224.6854566275
224.8929573433
225.0908960779
225.2811050673
225.4206985399
225.5740337818
225.7858574291
225.9590323504
226.1060120240
226.2611508732
226.4129974234
226.5556541655
226.7093615803
226.8693100487
227.0207271686
227.1619095334
227.2829516175
227.4246349843
227.5751646149
227.7005296307
227.8291583166
227.9631691955
228.0721013455
228.1749928428
228.3219725165
228.4598625823
228.5852275981
228.7006298311
228.8125250501
228.9205983395
229.0226596049
229.1177640996
229.2163756084
229.3151159462
229.4102204409
229.5206555969
229.6460206127
229.7344546235
229.8192098483
229.9143143430
230.0046664758
230.0911251074
230.2008588606
230.1755511022
229.7259662182
229.7888348125
230.2038362439
230.3342685371
230.4391926711
230.5256513026
230.6093615803
230.6914972803
230.7098625823
231.4142427713
233.5065416547
235.7396936731
238.0438448325
240.5079158317
242.9299312912
245.2816060693
247.6520040080
249.8901374177
250.2619095334
250.4875894646
250.5092041225
250.5407386201
250.5772688234
250.6291440023
250.6929573433
250.7707701117
250.8415974807
250.9188376754
251.0398797595
251.1391640424
251.2169768108
251.3242198683
251.4434869739
251.5904666476
251.7114657887
251.8108932150
251.9064557687
251.9806613226
251.9893071858
252.0641998282
252.1852419124
252.2900801603
252.3987546522
252.5197967363
252.6381047810
252.7548239336
252.8588319496
252.9611651875
253.0605926138
253.1687804180
253.2808760378
253.3803034641
253.4765244775
253.5673060407
253.6580876038
253.7491554538
253.8442599485
253.9375751503
254.0283567134
254.1158459777
254.2008874893
254.2743773261
254.3498425422
254.4276553106
254.4950329230
254.5631691955
254.6496278271
254.7317635271
254.8095762954
254.8873890638
254.9584454624
255.0016747781
255.0683796164
255.1548382479
255.2258946464
255.2888777555
255.3321070713
255.3854709419
255.4459919840
255.5266962496
255.5930146006
255.6189521901
255.6720870312
255.7412539364
255.8019753793
255.8526767821
255.8829373032
255.9306326940
255.9867449184
256.0386200973
256.0889063842
256.1364586315
256.1654594904
256.1887059834
256.2362582307
256.2873604352
256.3435585457
256.3702547953
256.3889206985
256.4191812196
256.4455196106
256.4671342685
256.5129974234
256.5610077297
256.5869453192
256.6107357572
256.6323504151
256.6795161752
256.7272401947
256.7575007157
256.7924277126
256.8313340968
256.8472230175
256.8622244489
256.8838391068
256.9180503865
256.9612797023
256.9964643573
257.0250357859
257.0380045806
257.0645004294
257.0990838820
257.1084168337
257.1240051532
257.1542656742
257.1729602061
257.1862152877
257.2164758088
257.2420125966
257.2593043229
257.2612081305
257.2592041225
257.2937875752
257.3213283710
257.3386200973
257.3395934727
257.3401517320
257.3833810478
257.4129831091
257.4259519038
257.4492699685
257.4726882336
257.4813340968
257.4921127970
257.5050815918
257.5071428571
257.5095906098
257.5225594045
257.5424849699
257.5684225594
257.5561408531
257.5528771829
257.5961064987
257.6117807043
257.6074577727
257.6311909533
257.6464357286
257.6334669339
257.6366447180
257.6496135127
257.6583882050
257.6684082451
257.6813770398
257.6914686516
257.7002290295
257.7175207558
257.7363727455
257.7579874034
257.7550959061
257.7435871743
257.7565559691
257.7607930146
257.7521471514
257.7532493559
257.7580017177
257.7666475809
257.7791583166
257.7964500429
257.8000000000
257.7975379330
257.7802462067
257.7777841397
257.7907529344
257.8037217292
257.8166905239
257.8296593186
257.8426281134
257.8555969081
257.8533352419
257.8450615517
257.8234468938
256.7906097910
255.0138849127
254.4113083309
253.5651302605
251.8056971085
250.7850558259
250.2187517893
248.6576581735
246.9441883768
244.9729315774
244.0351703407
243.6125966218
242.0044660750
240.3174921271
238.4888920699
236.7151732035
235.0303464071
234.5245634125
233.4922416261
231.6722874320
229.8264529058
227.9607071285
225.9894503292
224.3039937017
222.9768537074
221.8105067277
220.5783280847
218.6762381907
216.8414829659
215.0777268823
213.2165760092
211.3164185514
209.3278700258
208.2187947323
207.8902519324
206.5640709991
205.0547953049
203.3947895792
201.7199255654
200.0339822502
198.2326367020
196.4178499857
194.5935728600
192.8172201546
191.0707557973
189.1951617521
187.2918121958
185.3378471228
183.2585456628
181.1175207558
179.4488691669
177.6393071858
175.5729458918
173.6370741483
171.7664758088
170.0848554251
168.3104780991
166.3954194102
164.7670054395
163.2178499857
161.4843544231
159.8289149728
158.2726596049
156.6891497280
155.1235470942
153.7185943315
152.3052819926
150.8830375036
149.4033066132
147.9366304037
146.5835528199
145.2532350415
143.9433867735
142.7128972230
141.5206842256
140.4226596049
139.4280417979
138.5115803035
137.6228743201
136.7412539364
135.8723446894
135.0458058975
134.2460635557
133.4836816490
132.7321643287
132.0015888921
131.2511737761
130.4903378185
129.7295018609
128.9974949900
128.3187947323
127.6521757801
126.9881620384
126.2705553965
125.6296020613
125.1065273404
124.4455768680
123.7485971944
123.1736472946
122.5911394217
121.9988977956
121.4473661609
120.9092900086
120.3862152877
119.8880475236
119.4168479817
118.8776553106
118.3394932723
117.8726166619
117.4080017177
116.9454480389
116.4264242771
115.9169768108
115.4717148583
115.1463927856
114.9129544804
114.4582736902
113.8244345835
112.7437016891
111.7814915545
110.8952905812
110.0959633553
109.3492699685
108.7137990266
108.4646578872
108.4214285714
