225.7263157895
225.8895686109
226.0528214323
226.1228878810
226.1550785782
226.2037654256
226.2750448265
226.3665119713
226.5895475161
226.8125830609
226.7483915199
226.6311254087
226.7346482439
227.0151671765
227.2357346271
227.2909186795
227.3461027318
227.4372323595
227.5292057800
227.6449108744
227.7713743276
227.8336040502
227.7991140175
227.7924691488
228.0109060226
228.2293428963
228.2873009176
228.3102942728
228.2341841578
228.0709313364
228.0273072461
228.3561122244
228.6849172028
228.8250501002
228.9561122244
229.0214112435
229.0536019407
229.0987659530
229.1654466828
229.2164961502
229.1038287101
228.9911612699
229.0638540238
229.1834194705
229.2491298386
229.2629258517
229.3167176458
229.5121611644
229.7076046831
229.8174032275
229.9208733256
229.8884927750
229.7804240059
229.7673768590
229.9283303449
230.0824912984
230.1376753507
230.1928594030
230.2551735049
230.3195548993
230.3939985234
230.4790739373
230.5314945681
230.4510178251
230.3705410822
230.5197869423
230.6922371058
230.8646872693
231.0371374328
231.6151144394
233.0154097669
234.4128572935
235.7441725556
237.0754878177
238.3704777977
239.6535070140
241.0174981542
242.4752768695
243.8809513764
245.0398164751
246.1986815737
246.1646556270
245.9761101150
246.0700242590
246.3551418627
246.5717118447
246.6337939036
246.6960447210
246.7673241219
246.8386035228
247.1027423268
247.4384453117
247.6982069402
247.8614597616
248.0104419365
248.0794220019
248.1484020673
248.0369370320
247.8966775657
248.0965720916
248.5495411876
248.9299230039
249.1276658580
249.3254087122
249.3743803396
249.4226663854
249.5635376015
249.7428857715
249.8886404388
249.9875118658
250.1002636853
250.3072038814
250.5141440776
250.5299968358
250.5093028162
250.5303765426
250.5855605949
250.6034700981
250.5160953486
250.4287205991
250.6901698133
250.9614914039
251.1793798123
251.3725239954
251.5058010758
251.5471891151
251.5711106423
251.4469465246
251.3227824069
251.5309250079
251.8137432760
251.9146187111
251.8525366523
251.8771121190
252.1783250712
252.4795380234
252.4532538762
252.4095665014
252.5405442464
252.7612804556
252.9444256935
253.0639911402
253.1727349436
253.1612382660
253.1497415884
253.0196392786
252.8586857926
252.9611011497
253.3220968252
253.6171606371
253.6723446894
253.7275287417
253.7656681785
253.8024575467
253.7586119608
253.6689378758
253.6802657947
253.8803079844
254.0510072777
253.7589916675
253.4669760574
253.7490771016
254.2020461977
254.3648560278
254.2153992195
254.1452378441
254.4073620926
254.6694863411
254.6282459656
254.5546672292
254.6294905601
254.7973420525
254.9397320958
255.0294061808
255.1142706466
255.0728826073
255.0314945681
255.1156101677
255.2420736209
255.2746651197
255.1964877123
255.1526526738
255.2768167915
255.4009809092
255.4076890623
255.3984917203
255.4654888725
255.5850543192
255.6357029849
255.5276342158
255.4215905495
255.4606792532
255.4997679570
255.5805189326
255.6770910242
255.5923003903
255.2726927539
255.0610906023
255.4772703301
255.8934500580
255.9131842633
255.8671975530
255.7976690223
255.7102942728
255.7303659951
256.0269802763
256.3235945575
256.2716380129
256.2164539606
256.1854762156
256.1647821960
256.1868051893
256.2695812678
256.3287205991
256.2206518300
256.1125830609
256.0237105791
255.9386351651
256.0305347537
256.2696656471
256.4337833562
256.3808986394
256.3280139226
256.4487184896
256.5751819428
256.5954962557
256.5656048940
256.4684737897
256.2661322645
256.1101993461
256.3677249235
256.6252505010
256.3619133003
255.9779242696
256.0316105896
256.4845796857
256.7664908765
256.4882712794
256.2100516823
256.5836620610
256.9952431178
257.0267376859
256.8588861934
256.6935660795
256.5326125936
256.4030376543
256.6444678831
256.8858981120
256.6538339838
256.2951376437
256.3158316633
256.7159160426
257.0500158211
257.1373905706
257.2247653201
257.2336989769
257.2359983124
257.2150089653
257.1805189326
257.1238793376
257.0250079106
256.9272756038
256.8490981964
256.7709207889
256.9358190064
257.1749498998
257.3208416834
257.3645290581
257.3917835671
257.3480961924
257.3044088176
256.8389937770
256.3262419576
256.4321274127
256.9333825546
257.2042822487
256.9881447105
256.7888408396
257.0969517983
257.4050627571
257.4756671237
257.4641704462
257.3263263369
257.0366100622
256.8254930914
257.0117392680
257.1979854446
257.3499841789
257.4971416517
257.5443940513
257.5214006961
257.4997785044
257.4813838203
257.4617234469
257.3053686320
257.1490138171
257.0787680624
257.0419786942
257.1261470309
257.3698765953
257.5223816053
257.1245965615
256.7268115178
257.0470519987
257.4908237528
257.5207467567
257.2310304820
257.1216749288
257.4872692754
257.8528636220
257.8805716697
257.9035650248
257.8015082797
257.6451534648
257.5451218226
257.5267271385
257.4597932708
257.0344162008
256.6090391309
257.0007488662
257.5594873958
257.7647611011
257.6704883451
257.6046408607
257.6230355448
257.6414302289
257.6797595190
257.7188482228
257.1811623246
256.3648982175
255.5388883029
254.6973315051
253.8484653518
252.9310304820
252.0135956123
251.3282037760
250.6981858454
250.0812783462
249.4765531062
248.8538972682
248.1709946208
247.4880919734
246.6754561755
245.8545933973
244.9393734838
243.9736525683
242.9879337623
241.9670287944
240.9454487923
239.9153464824
238.8852441726
237.8533382555
236.8209366101
235.7110747811
234.5223183209
233.3093555532
232.0033329818
230.6973104103
229.4883240165
228.2880708786
227.1557325177
226.0635481489
224.9698027634
223.8730197237
222.7776289421
221.7084379285
220.6392469149
219.5507963295
218.4563126253
217.2836093239
216.0235734627
214.7340048518
213.3130155047
211.8920261576
210.5245121823
209.1633055585
208.5441725556
208.4085117604
207.9853812889
206.9414829659
205.8947368421
204.7473684211
203.6000000000
202.3320641283
201.0214428858
199.6653412087
198.2535492037
196.8524628204
195.5073515452
194.1622402700
192.7710368105
191.3730408185
189.9911190803
188.6207151144
187.2482860458
185.8709840734
184.4933762261
183.0493935239
181.6054108216
180.1943360405
178.7963400485
177.3904967830
175.9741061070
174.5703723236
173.2459550680
171.9215378125
170.5912667440
169.2599514819
167.9736736631
166.7228351440
165.4732412193
164.2270013712
162.9807615230
161.7977217593
160.6158633056
159.4451534648
158.2793903597
157.1340470415
156.0188693176
154.9084379285
153.8346482439
152.7608585592
151.7174454172
150.6804451007
149.6693597722
148.6806455015
147.6873747495
146.6802657947
145.6731568400
144.6484126147
143.6229089758
142.7205990929
141.8790422951
141.0795063812
140.3483176880
139.6190275287
138.9085328552
138.1980381816
137.5318426326
136.8765320114
136.1999578104
135.5032591499
134.8293007067
134.2337728088
133.6382449109
133.0276553106
132.4160320641
131.8237422213
131.2420103365
130.6569876595
130.0660584327
129.4775023732
128.9210631790
128.3646239848
127.8314945681
127.3049467356
126.7648560278
126.2107161692
125.6695707204
125.1798122561
124.6900537918
124.2296804135
123.7721126463
123.3303238055
122.8980487290
122.4449847063
121.9506275709
121.4582744436
121.0076046831
120.5569349225
120.1480329079
119.7525471997
119.3204830714
118.8468199557
118.3875540555
117.9943676827
117.6011813100
117.1936715536
116.7843898323
116.4068874591
116.0504904546
115.6869212108
115.3075308512
114.9334669339
114.7863094610
114.6391519882
114.2928594030
113.8743803396
113.3566606898
112.7151460816
112.0879759519
111.5384347643
110.9888935766
110.4792216011
109.9756671237
109.5638118342
109.2189115072
108.9564075519
108.8966248286
108.8368421053
