225.9333333333
225.9820975284
226.0308617234
226.1517479403
226.3004787352
226.3314963260
226.2144622578
226.1679692719
226.4800601202
226.7921509686
226.9422511690
227.0714762859
227.1103763082
227.0908706301
227.1427076375
227.3402026275
227.5291249165
227.5559452238
227.5827655311
227.6716766867
227.7789579158
227.8381429526
227.8478957916
227.9016032064
228.1161656647
228.3307281229
228.3809619238
228.4199732799
228.2810287241
228.0493987976
228.0238365620
228.3359274104
228.6188710755
228.6408149633
228.6627588510
228.7808951236
228.9198730795
229.0151302605
229.0736472946
229.1457247829
229.2554442218
229.3651636607
229.3955243821
229.4247828991
229.4436873747
229.4583166333
229.5116677800
229.6165107994
229.7158427967
229.7841126698
229.8523825429
229.8887552884
229.9204520151
229.8957025161
229.8323090626
229.8418949009
230.0101313739
230.1691048764
230.0837675351
229.9984301937
230.1422623024
230.3592629704
230.4359830773
230.3603985749
230.3235136941
230.4405477622
230.5575818303
230.8927633044
231.2463037185
232.3925963037
233.9774326431
235.5070474282
236.9407147629
238.3743820975
239.8080494322
241.2417167669
242.6418837675
244.0341015364
245.3372077488
246.5611890448
247.4122578490
247.1513694055
246.8904809619
247.1963593854
247.5182030728
247.5218993543
247.3853596081
247.4048430194
247.6437875752
247.8630260521
247.9581162325
248.0532064128
248.0562012915
248.0440102427
248.1774549098
248.4163994656
248.6803273213
249.0021710087
249.3136606546
249.1819973280
249.0503340013
249.2525829437
249.5695502115
249.7139055890
249.6602649744
249.6623135159
249.9061344912
250.1499554665
250.2386884881
250.3118347807
250.2912602984
250.2156757960
250.1255177021
250.0084836339
249.9279670452
250.3107659764
250.6935649076
250.8845802717
251.0259964373
250.8893787575
250.4919505678
250.3243598308
250.8949009129
251.4654419951
251.1919617012
250.8823090626
251.1615564462
251.7174682699
251.9049988867
251.5441438432
251.2936094411
251.8275773770
252.3615453128
252.3332219996
252.2015586729
252.2327989312
252.3888443554
252.5301603206
252.6350033400
252.7375751503
252.5937207749
252.4498663995
252.7335337341
253.1748496994
253.2888109552
253.0059786239
252.8428746382
253.2500556669
253.6572366956
253.3966822534
253.0577710978
253.2088399020
253.6647851258
253.8999331997
253.7024382098
253.5107325763
253.4107659764
253.3107993765
253.5782676464
253.9488755288
253.9459585838
253.5729124916
253.4066243598
253.9576597640
254.5086951681
254.5550211534
254.5720886217
254.3046982855
253.8950790470
253.8535849477
254.3924293031
254.8818414607
254.9696170118
255.0573925629
254.8027276776
254.4784457804
254.5313627255
254.8897795591
255.1393119572
255.1003006012
255.0612892452
254.9907258962
254.9200178134
255.0206078824
255.1888443554
255.2982965932
255.3324315297
255.2952571810
254.8831997328
254.4711422846
254.9422177689
255.5322645291
255.7563794255
255.7393119572
255.7420062347
255.7858940102
255.8084057003
255.3841572033
254.9599087063
255.2632487197
255.7874638165
255.9793141839
255.8232687597
255.6595413048
255.4669227344
255.2743041639
255.6381318192
256.0428746382
256.0320863950
255.8004564685
255.7240258294
255.9068915609
256.0883544868
256.2565909597
256.4248274326
256.1964818526
255.8795145847
255.8292362503
256.0072255622
256.1985415275
256.4277332443
256.6569249610
256.4432865731
256.2214094856
256.0458249833
255.8897795591
255.9749832999
256.3870407482
256.6858049432
256.3225116900
255.9592184369
256.0824537965
256.2799487865
256.5291471833
256.8144177243
256.9096637720
256.5829436651
256.2664328657
256.2591182365
256.2518036072
256.4777889112
256.7801269205
256.7455243821
256.3383433534
256.1049432198
256.5828323313
257.0607214429
256.9948229793
256.8802271209
256.6066466266
256.2433533734
256.2142841238
256.7775105767
257.2792139835
257.0939100423
256.9086061011
256.6116121131
256.2873302160
256.4290915164
256.9923179693
257.3787909152
257.2251837007
257.0715764863
256.7574704965
256.4380650189
256.5187708751
256.7796593186
256.9994655979
257.1603874415
257.2444667112
256.8250946337
256.4057225562
256.7816521933
257.2936762414
257.4367624137
257.3075372968
257.1168002672
256.7803273213
256.4599309731
257.0036517479
257.5473725228
257.5896904921
257.4555889557
257.1786795814
256.7349254064
256.4706412826
257.0094856379
257.5483299933
257.5184368737
257.4282231129
257.2022600757
256.8950456468
256.8188265420
257.1772433756
257.5124471165
257.5319527945
257.5514584725
257.2916833667
256.9576486306
256.8692607437
257.0155533289
257.1851258072
257.4313849922
257.6776441772
257.4096637720
257.1170786016
256.9035849477
256.7280338455
256.8362836785
257.3751280338
257.8308951236
257.6699732799
257.5090514362
257.1965375195
256.8551881541
256.9041193498
257.2576597640
257.5394121576
257.6393787575
257.7371632153
257.3592407036
256.9813181919
256.8742373636
256.8693609441
256.5131596526
255.7231796927
254.9480293921
254.2458249833
253.5436205745
253.1301603206
252.7522378090
252.1908149633
251.5129926520
250.7400801603
249.7769873079
248.8156312625
247.8842351369
246.9528390114
245.9211311512
244.8605099087
243.8156646627
242.7867401470
241.7556780227
240.7170006680
239.6783233133
238.5570808283
237.4306279225
236.3558338900
235.3074036963
234.2383990203
233.1363282120
232.0324649299
230.9133266533
229.7941883768
228.6428078379
227.4846582053
226.3625807170
225.2702627477
224.1562680917
222.9834892006
221.8107103095
220.7007459363
219.5913604988
218.4055555556
217.1888888889
215.9764529058
214.7695390782
213.7481073258
213.7359162770
213.7237252282
212.6234914273
211.3702516143
210.0192941438
208.6026942774
207.2297372523
205.9496771320
204.6704186150
203.4098641728
202.1493097306
200.8478512581
199.5336562013
198.2241816967
196.9197394790
195.6087842351
194.2726452906
192.9365063460
191.6071476286
190.2783233133
188.9321086618
187.5764640392
186.2036851481
184.8017145402
183.3988532621
181.9871298152
180.5754063683
179.2806056558
178.0127365843
176.7031841461
175.3572923625
174.0494321977
172.8522712091
171.6551102204
170.4150634603
169.1740146961
167.9823647295
166.8120240481
165.6744600312
164.5821420619
163.4905143621
162.4030728123
161.3156312625
160.2786907148
159.2497661991
158.1951903808
157.1223780895
156.0764195057
155.0913827655
154.1070140281
153.1463593854
152.1857047428
151.2451347139
150.3113003785
149.3935203741
148.4938209753
147.5843019372
146.6334001336
145.6824983300
144.8763304387
144.0839122690
143.3998218660
142.7780783790
142.1441772434
141.4882988199
140.8337452683
140.1949343131
139.5561233578
138.9387441550
138.3267535070
137.7185704743
137.1138944556
136.5204297484
135.9620797150
135.4037296816
134.9017590737
134.4019260744
133.8586729014
133.2954464485
132.7560008907
132.2512914718
131.7447116455
131.2253729682
130.7060342908
130.2053328880
129.7079380984
129.2425517702
128.8012358049
128.3449565798
127.8524382098
127.3599866399
126.8723446894
126.3847027388
125.9347027388
125.4982631931
125.0740703629
124.6644511245
124.2496214652
123.8107437096
123.3718659541
122.9724671565
122.5774771766
122.1764306391
121.7716878201
121.3953351147
121.0734914273
120.7449454464
120.3182587397
119.8915720330
119.5146737920
119.1513805389
118.7732576264
118.3807058562
118.0031841461
117.6764640392
117.3497439323
117.0461812514
116.7438432420
116.6018926742
116.5384992207
116.2041416166
115.4507348029
114.7081830327
114.0498663995
113.3915497662
112.8554776219
112.3434535738
111.8490870630
111.3687597417
110.9964150523
110.9037630817
110.8111111111
