228.0000000000
228.1320957705
228.2641915410
228.3579158317
228.4175719861
228.4795063812
228.5775129206
228.6755194600
228.7383820272
228.7767324122
228.8221706571
228.9201771965
229.0181837359
229.0954646134
229.1615124987
229.2290792111
229.3036494041
229.3782195971
229.4723974264
229.5746651197
229.6582006117
229.6816369581
229.7050733045
229.7563020778
229.8159582323
229.8794114545
229.9518510706
230.0242906866
230.0667862040
230.1030060120
230.0344267482
229.7766269381
229.5188271279
229.7443518616
230.0319797490
230.2221495623
230.2754139859
230.3286784095
230.4343212741
230.5429806982
230.6070878599
230.6220018985
230.6378546567
230.8423900432
231.0469254298
231.8859508491
233.2772175931
234.6598460078
235.9168864044
237.1739268010
238.5107056218
239.9019723658
241.2913933129
242.6677460184
244.0440987238
245.2742643181
246.4269064445
247.3937875752
247.5322750765
247.6707625778
247.8320324860
248.0024786415
248.1569032802
248.2613015505
248.3656998207
248.5194599726
248.6877755511
248.8445100728
248.9744752663
249.1044404599
249.1493513342
249.1770488345
249.2740428225
249.4934922477
249.7129416728
249.8659424111
250.0108216433
250.1494251661
250.2793903597
250.4093555532
250.5393207468
250.6692859403
250.7573040818
250.7999156207
250.8425060648
250.8829870267
250.9234679886
251.0018879865
251.1126779876
251.2163801287
251.2249024365
251.2334247442
251.3517034068
251.5434553317
251.7250606476
251.8379812256
251.9509018036
251.9347642654
251.8516717646
251.8026474001
251.9006539395
251.9986604789
252.2083113596
252.4618500158
252.6763632528
252.7722392153
252.8681151777
252.9739268010
253.0825862251
253.1748971627
253.2302921633
253.2856871638
253.2056112224
253.0990823753
253.1260204620
253.3838202721
253.6416200823
253.7276025736
253.7936504588
253.6746545723
253.3060647611
252.9374749499
253.3566817846
253.8126252505
254.0959497943
254.1960869107
254.2950532644
254.3163590339
254.3376648033
254.3995781036
254.4954540660
254.5884822276
254.6460078051
254.7035333826
254.7662060964
254.8322539816
254.8746651197
254.7638751187
254.6530851176
254.7599514819
254.9772703301
255.1534542770
255.1577154309
255.1619765847
255.2309144605
255.3246598460
255.3882818268
255.3627149035
255.3371479802
255.3815736737
255.4454909820
255.4522624196
255.3329501107
255.2136378019
255.3363885666
255.5047041451
255.5765109166
255.4848961080
255.3932812994
255.5608163696
255.7568294484
255.8950321696
255.9568189010
256.0186056323
256.0292374222
256.0377597300
255.9376858981
255.7246282038
255.5218647822
255.8286678620
256.1354709419
256.2830503111
256.3000949267
256.3203459551
256.3778715325
256.4353971100
256.4514080793
256.4407551946
256.3961396477
256.1404704145
255.8848011813
256.0135850649
256.3331716064
256.6025524734
256.6686003586
256.7346482439
256.7402278241
256.7231832085
256.7105263158
256.7105263158
256.7105263158
256.7574833878
256.8171395422
256.7633899378
256.4651091657
256.1668283936
256.3825756777
256.6915093345
256.9146714482
256.9956333720
257.0765952959
256.6769433604
256.2273916254
256.1472523995
256.5456702879
256.9440881764
257.0175403438
257.0793270752
257.1115810569
257.1137116338
257.1177934817
257.1987554055
257.2797173294
257.3004324438
257.2727349436
257.2376858981
257.1226347432
257.0075835882
257.0520936610
257.1969728932
257.3106528847
257.2382132686
257.1657736526
257.2425166122
257.3916569982
257.4659846008
257.2465351756
257.0270857504
257.1479379812
257.3929543297
257.5513237000
257.4661006223
257.3808775446
257.4070351229
257.4624301234
257.5061702352
257.5253454277
257.5445206202
257.5691382766
257.5947051999
257.5666701825
257.4516190275
257.3365678726
257.4388777555
257.5624512182
257.6597405337
257.7236578420
257.7875751503
257.7708680519
257.7516928594
257.6249235313
257.3905600675
257.1700559013
257.4022887881
257.6345216749
257.7404176775
257.7468094083
257.7454171501
257.6644552262
257.5834933024
257.5262630524
257.4836515136
257.4663537602
257.5941883768
257.7220229934
257.8065077523
257.8704250606
257.8873852969
257.7254614492
257.5635376015
257.5069085539
257.4877333615
257.5135534226
257.6626938087
257.8118341947
257.7826706044
257.7081004113
257.6968779665
257.8161902753
257.9355025841
257.8796434975
257.7944204198
257.7774812783
257.8690960869
257.9607108955
257.9372007172
257.9031114861
257.8234574412
257.6871005168
257.5507435924
257.7135956123
257.8840417677
257.8543824491
257.6285412931
257.4171711845
257.6089231094
257.8006750343
257.9130682417
257.9642020884
258.0089231094
257.9918784938
257.9748338783
257.9870266849
258.0168547622
258.0352388989
257.9904967830
257.9457546672
257.8107689062
257.6339310199
257.5237633161
257.6601202405
257.7964771649
257.6923531273
257.5048623563
257.1758253349
256.4684737897
255.7611222445
254.7872165383
253.7474949900
252.9445100728
252.6185318004
252.2925535281
251.6619238477
250.9822698028
250.1751292058
249.1694968885
248.1638645712
247.2327813522
246.3081109588
245.4352705411
244.6256513026
243.8160320641
243.3530851176
242.8971416517
242.1543929965
241.1359772176
240.1151144394
239.0349119291
237.9547094188
236.8769328130
235.8009914566
234.7292690644
233.6959392469
232.6626094294
231.7498365151
230.9082586225
230.0639805928
229.2053580846
228.3467355764
227.3532327814
226.2985971944
225.2314312836
224.1192701192
223.0071089548
221.8774285413
220.7418310305
219.6020989347
218.4515873853
217.3010758359
216.1557219703
215.0116021517
214.1931019935
214.0162641072
213.8394262209
212.9464191541
211.9429174138
210.8617867314
209.6622719122
208.4627570931
207.2001265689
205.9324332876
204.6647400063
203.3970467250
202.1293534437
200.9477164856
199.7673768590
198.5771648560
197.3776500369
196.1811728721
195.0498365151
193.9185001582
192.6293323489
191.2231515663
189.8484231621
188.7447843055
187.6411454488
186.4092500791
185.1032064128
183.8152621032
182.6200084379
181.4247547727
180.2221179201
179.0162113701
177.8240691910
176.6799493724
175.5358295538
174.4558379918
173.3969412509
172.3254192596
171.2217804029
170.1181415463
169.0629363991
168.0189536969
166.9858875646
165.9738635165
164.9618394684
163.9869423057
163.0175297964
162.0506803080
161.0876595296
160.1246387512
159.1576521464
158.1903702141
157.2397637380
156.3087016138
155.3776394895
154.4908764898
153.6045564814
152.7392785571
151.8934395106
151.0476004641
150.2017614176
149.3559223711
148.5224237950
147.6978905179
146.8914565974
146.2331083219
145.5747600464
144.9150511549
144.2545723025
143.6127412720
143.0630524206
142.5133635692
141.9339310199
141.3416306297
140.7561227719
140.1936504588
139.6311781458
139.0735470942
138.5174665120
137.9723974264
137.4546672292
136.9369370320
136.4105052210
135.8821221390
135.3625988820
134.8597827233
134.3569665647
133.8672186478
133.3793165278
132.8948739584
132.4154941462
131.9361143339
131.4726822065
131.0103470098
130.5708153148
130.1574833878
129.7441514608
129.3117392680
128.8792321485
128.4478430545
128.0174665120
127.5887142706
127.1881658053
126.7876173399
126.3820904968
125.9730197237
125.5663748550
125.1786098513
124.7908448476
124.4250184580
124.0713426854
123.7209893471
123.3864887670
123.0519881869
122.7055057483
122.3539605527
122.0073726400
121.6771332138
121.3468937876
121.0052842527
120.6601307879
120.4064550153
120.3744963611
120.3425377070
119.8518510706
119.2616812573
118.6707625778
118.0784621875
117.4861617973
116.9783461660
116.4819217382
116.0012551419
115.5431810990
115.0851070562
114.8955700875
114.7229933551
114.6325809514
114.6347115283
114.6368421053
