225.0736842105
225.2399324966
225.4061807826
225.5442463875
225.6730302711
225.7888197448
225.8918468516
225.9966775657
226.1067292480
226.2168864044
226.3386457125
226.4604050206
226.5536441304
226.6379390360
226.7294483704
226.8277924270
226.9298702668
227.0422634743
227.1533909925
227.1955384453
227.2376858981
227.3483704251
227.4794958338
227.5873747495
227.6740111803
227.7587174349
227.8383292902
227.9180677144
228.0023626200
228.0866575256
228.1837253454
228.2844109271
228.3614492142
228.4176458180
228.4771648560
228.5450690855
228.6131420736
228.6857293534
228.7583166333
228.8179833351
228.8741799388
228.9569560173
229.0623246493
229.1464402489
229.1792216011
229.2147452800
229.3084062863
229.4020672925
229.4565235735
229.5010125514
229.5545090180
229.6153886721
229.6677882080
229.7005695602
229.7349963084
229.7982174876
229.8614386668
229.9378757515
230.0174876068
230.0774812783
230.1219702563
230.1679147769
230.2170868052
230.2669971522
230.3278768062
230.3887564603
230.4019090813
230.4042506065
230.8783778082
231.7119607636
232.7222761312
234.1084590233
235.4931230883
236.8582322540
238.2233414197
239.6038919945
240.9877333615
242.3567239743
243.7148085645
244.8272756038
245.4384136694
246.0062651619
246.0835354920
246.1608058222
246.2673452167
246.3797384242
246.4962451218
246.6156629048
246.7319164645
246.8419681468
246.9553950005
247.1029110853
247.2504271701
247.4511971311
247.6619343951
247.8169813311
247.9340575889
248.0535702985
248.1776711317
248.3038603523
248.4490349119
248.5942094716
248.7652990191
248.9409134058
249.0811939669
249.1982702247
249.3495095454
249.5625883346
249.8799599198
251.0577470731
252.2355342263
252.4282037760
252.4609851282
252.5138487501
252.5794114545
252.6612066238
252.7712583061
252.8804872904
252.9835143972
253.0865415041
253.2078894631
253.3319902964
253.4531800443
253.5725978272
253.6911401751
253.8082164329
253.9273599831
254.0608269170
254.1942938509
254.3174770594
254.4392363675
254.5521358506
254.6598460078
254.7648665753
254.8655521569
254.9703512288
255.1014766375
255.2326020462
255.3367155363
255.4374011180
255.5320957705
255.6234152516
255.7147347326
255.8060542137
255.8993987976
256.0047674296
256.1101360616
256.0853707415
256.0455648138
255.5820061175
254.8889146714
254.6445311676
255.0706887459
255.4441303660
255.5260837464
255.6080371269
255.6751503006
255.7407130050
255.8447737580
255.9688745913
256.0469043350
256.0586119608
256.0832296171
256.1745490982
256.2658685793
256.3379179411
256.4081636958
256.4659213163
256.5174348697
256.5709102415
256.6271068453
256.6841050522
256.7449847063
256.8058643603
256.8862039869
256.9681573674
257.0153042928
257.0457441198
257.0872059909
257.1434025947
257.1966459234
257.2364518511
257.2762577787
257.3226136483
257.3694441515
257.4082586225
257.4433814998
257.4825967725
257.5270857504
257.5702457547
257.6077101572
257.6451745596
257.7179095032
257.7928383082
257.8287838836
257.8475160848
257.8850437718
257.9459234258
257.9840628626
257.9302077840
257.8763527054
257.9404493197
258.0106950744
258.0282881553
258.0236051049
258.0551418627
258.1300706677
258.1943254931
258.2177407446
258.2411559962
258.3072566185
258.3751608480
258.4114017509
258.4348170024
258.4495411876
258.4542242379
258.4659951482
258.5034595507
258.5409239532
258.5625145027
258.5835882291
258.5979116127
258.6096192385
258.6324016454
258.6675245227
258.6989558063
258.7176880076
258.7364202088
258.7528636220
258.7692542981
258.8027317793
258.8425377070
258.8868579264
258.9360299546
258.9692964877
258.9505642865
258.9318320852
258.9662271912
259.0013500686
259.0278240692
259.0512393207
259.0585592237
259.0491931231
259.0495095454
259.0799493724
259.1103891995
259.1175192490
259.1245438245
259.1280666596
259.1304081848
259.1444573357
259.1702141124
259.1906549942
259.1953380445
259.2000316422
259.2070562177
259.2140807932
259.2246492986
259.2363569244
259.2516401223
259.2703723236
259.2848222761
259.2871638013
259.2897584643
259.3108321907
259.3319059171
259.3476004641
259.3616496150
259.3793376226
259.4004113490
259.4138909398
259.4068663643
259.4000527371
259.4023942622
259.4047357874
259.4215905495
259.4426642759
259.4526315789
259.4526315789
259.4526315789
259.4526315789
259.4531484021
259.4695390782
259.4859297542
259.4931441831
259.4978272334
259.5100411349
259.5287733361
259.5427802974
259.5451218226
259.5479379812
259.5619871322
259.5760362831
259.5752346799
259.5705516296
259.5748022361
259.5865098618
259.5961291003
259.6008121506
259.6059592870
259.6200084379
259.6340575889
259.6405969834
259.6452800338
259.6486657526
259.6510072777
259.6526315789
259.6526315789
259.6522202299
259.6451956545
259.6381710790
259.6501318426
259.6665225187
259.6881869001
259.7139436768
259.7367471786
259.7531378547
259.7687374749
259.7734205253
259.7781035756
259.7674295960
259.7533804451
259.1700348065
258.1608374644
257.4295854868
257.2773863517
257.0468305031
255.8713848750
254.6959392469
254.2929015927
254.0493829765
253.2915515241
252.1629363991
251.1115916043
250.2147874697
249.3482438561
248.8050100200
248.2617761839
247.1613859298
245.9531589495
244.7642759203
243.5888302922
242.6490560068
242.1620187744
241.6103048202
240.4395422424
239.2687796646
238.0206834722
236.7586014134
235.5133530218
234.2793692648
233.2115705094
232.4505748339
231.6575572197
230.5874802236
229.5174032275
228.2649615020
226.9818057167
225.6602046198
224.3138276553
222.9893893049
221.7038919945
220.4455542664
219.4012340470
218.3569138277
217.2923425799
216.2246071090
214.9849172028
213.6385402384
212.2912983862
210.9425798966
209.5830397637
208.1453433182
206.7076468727
206.5119924059
206.4956017298
205.6831241430
204.3952853075
203.1340259466
201.9164328657
200.7015926590
199.5050733045
198.3085539500
196.8164117709
195.2850543192
193.8667229195
192.5133213796
191.2016453961
189.9559540133
188.6821432338
187.2350806877
185.7880181415
184.3973420525
183.0135006856
181.6854656682
180.3882607320
179.0929121401
177.8003902542
176.5214428858
175.3202404810
174.1190380762
172.9051787786
171.6899272229
170.5205569033
169.3755511022
168.2305453011
167.0855395001
165.9468094083
164.8416095349
163.7364096614
162.6716907499
161.6109798544
160.5657736526
159.5284780086
158.4940934501
157.4638223816
156.4401856344
155.4497204936
154.4592553528
153.4817002426
152.5052842527
151.5508701614
150.6072355237
149.6735154520
148.7532960658
147.8631051577
147.1138171079
146.3645290581
145.6608691066
144.9607530851
144.2893049256
143.6313363569
142.9683050311
142.2986288366
141.6401961818
141.0313996414
140.4226031009
139.7962556692
139.1687269275
138.5589494779
137.9571775129
137.3740111803
136.8143866681
136.2511338466
135.6727771332
135.0944204198
134.5448581373
133.9969412509
133.4735470942
132.9607530851
132.4637801920
131.9861090602
131.4956228246
130.9547305137
130.4138382027
129.9512076785
129.4922687480
129.0233941567
128.5504060753
128.0946313680
127.6591076891
127.2230882818
126.7852230777
126.3473578736
125.9140069613
125.4808248075
125.0711211897
124.6707203881
124.2516717646
123.8114650353
123.3826284147
122.9939352389
122.6052420631
122.2461660162
121.8879126674
121.5041873220
121.1108110959
120.7263790739
120.3517350490
119.9921527265
119.6830714060
119.3739900854
119.0281193967
118.6815736737
118.5017930598
118.3823752769
118.0841155996
117.5970783673
117.0843265478
116.4895791583
115.8948317688
115.3418521253
114.7892521886
114.2644974159
113.7493618817
113.3363252821
113.0272439616
112.7947368421
112.7947368421
112.7947368421
