82.4000000000
82.3958686604
82.3692307692
83.3142747033
85.1285185756
87.3230615076
90.2309079698
93.0795437028
95.9939108987
98.7505318329
101.5841991676
104.4426853707
107.3541236319
110.2040080160
112.9981809773
115.9355017728
118.8197626021
121.7667797133
124.6927547402
127.6231231694
130.4782488053
133.4647294589
136.3455988901
139.3224757207
142.2236781255
145.2477878835
148.1692770156
150.0944812702
151.4040234315
152.8069215354
154.0949899800
155.3974410359
156.3917064899
157.3635116387
158.2842145830
159.1749036535
160.1207954370
160.9242022507
161.8561584708
162.6064899029
163.0541852937
163.2355017728
163.5246955449
163.8050716818
164.0703252659
164.3552181286
164.6090180361
164.9167874210
165.2069369508
165.4777863419
165.7492523509
166.0044858949
166.2499614614
166.5087559735
166.7366271004
166.9639432712
167.2271774318
167.4513796824
167.7153075382
167.9465084014
168.1727609064
168.3966856791
168.6135810082
168.8209187606
169.0186372745
169.2175119470
169.3941112995
169.5992600586
169.8180360721
169.9832279945
170.1475720672
170.3143055341
170.4846924618
170.6710652073
170.8084784955
170.9569446585
171.1188685062
171.2365962695
171.3740095576
171.4774780330
171.6502851858
171.7875751503
171.9010020040
172.0155387698
172.1355480191
172.2585016186
172.3981039001
172.4905349160
172.5955295206
172.7030676738
172.7795899491
172.9023893942
172.9791583166
173.0950516417
173.1719130569
173.2329890550
173.3214428858
173.3720055496
173.4894866656
173.5446431324
173.6482195160
173.7009403422
173.7611839063
173.7527054108
173.8573762910
173.9199167566
173.9794203792
174.0441035918
174.0885309080
174.1621704948
174.2082935101
174.2849082781
174.3405117928
174.3936334207
174.4188685062
174.4852782488
174.5640511793
174.6163712039
174.6749961461
174.6770926468
174.7205642053
174.7691228611
174.8040234315
174.8389240018
174.8688299676
174.9311700324
174.9602743949
175.0311700324
175.0413288115
175.0735779251
175.1293818406
175.1416217049
175.1662864190
175.2033143209
175.2305842454
175.2241251734
175.2765993526
175.2781408972
175.3235239710
175.3358717435
175.3936796670
175.3861877601
175.3938338215
175.4246338832
175.4666872206
175.4733158625
175.5109912132
175.5157700015
175.5814552181
175.5538924002
175.5647757053
175.5930630492
175.6122398643
175.6244026515
175.6593032218
175.6317712348
175.6521812856
175.7018498536
175.7148296593
175.6846153846
175.6957607523
175.7124402651
175.7500693695
175.7751657160
175.7701556960
175.8201325728
175.8350547248
175.8207029444
175.8256050563
175.8366579312
175.8652073378
175.8396947742
175.8747494990
175.8556035147
175.8615384615
175.8959457376
175.9210574996
175.8859411130
175.9253738246
175.9074302451
175.9116540774
175.9645753045
175.9572067211
175.9659318637
175.9475258209
175.9642978264
175.9842145830
175.9827501156
176.0400955758
176.0518421458
176.0112841067
176.0148913211
176.0170803145
176.0153846154
176.0384615385
176.0356559272
176.0230769231
176.0508247264
176.0666101434
176.0427778634
176.0581624788
176.0463388315
176.0519654694
176.0443810698
176.0555264375
176.0421149992
176.0536765839
176.0737474950
176.1126098351
176.0979959920
176.8317712348
179.9182827193
182.8809465084
185.6119161400
188.3428857715
191.1072298443
193.8432865731
196.5711114537
199.3237706182
202.2012178203
205.0406042855
207.9040850933
210.7498073069
213.8463080006
216.5854632342
219.6495298289
222.4731462926
225.3755356868
228.5130414676
231.5069677817
234.5083860028
237.5054416525
240.6023431478
243.6759056575
246.8283644211
249.9172807153
253.0131185448
256.2077539695
259.1860490211
262.4531987051
265.6378757515
268.8115153384
271.9688762140
275.1891783567
278.4348080777
281.5822568213
284.7860181902
287.9875289040
291.0932788654
294.5286727301
297.7744257746
301.0355634346
304.2836133806
307.6338214891
310.7866656390
314.2051333436
317.5459996917
320.8343764452
324.1670726068
327.4919531370
330.9302142747
334.2529674734
337.3971327270
339.2996762756
340.1649761061
339.8115924156
340.7645753045
341.7232927393
342.3148142439
342.8863264992
343.5280406968
344.0549252351
344.6140434716
345.1637274549
345.6162324649
346.1542315400
346.5757515030
347.0121627871
347.4568675813
347.8287806382
348.2076768922
348.5292431016
348.9056266379
349.2071835980
349.5222599044
349.8245876368
350.0817481116
350.3701711115
350.6390781563
350.8761060583
351.0885309080
351.3215662093
351.5460459380
351.7650069370
351.9338369046
352.1151225528
352.2664559889
352.4215353784
352.6171419763
352.7840450131
352.9434407276
353.0664405735
353.1933713581
353.3225682133
353.4433019886
353.5860181902
353.6822259904
353.7672884230
353.8692307692
353.8993217204
353.9882996763
354.0871743487
354.1900107908
354.2775242793
354.3086326499
354.3855711423
354.4945275166
354.5557885001
354.6014182211
354.6601664868
354.7658239556
354.8269307846
354.8741637120
354.9380761523
354.9769230769
355.0406505318
355.0709881301
355.1319408047
355.1544627717
355.1839833513
355.2633420688
355.2846153846
355.3068136273
355.3340218899
355.3709881301
355.4372283028
355.4017573609
355.4344997688
355.4893633421
355.4965469400
355.5277323879
355.5868043780
355.6212270695
355.6542623709
355.6455988901
355.6091876060
355.6909819639
355.7122398643
355.7098042238
355.7341452135
355.7461075998
355.7997995992
355.7542315400
355.7982888855
355.8103437645
355.7974256205
355.8430553415
355.7820101742
355.8482503468
355.8738091568
355.8770772314
355.9004470479
355.8829967628
355.9224294743
355.9182981347
355.9459688608
355.9263604131
355.9355171882
355.9456143055
355.9874209958
355.9716972406
355.9880067828
355.9631416680
355.9601664868
356.0257746262
356.0049946046
355.9888083860
355.9721597040
356.0098042238
356.0230769231
355.9856328041
356.0379836596
356.0590411592
356.0153846154
356.0626946200
356.0466625559
356.0612763990
356.0470325266
356.0823955604
356.0579929089
356.0433482349
356.0538153230
356.0497456451
356.0443656544
356.0739016495
356.0780329891
356.1063819948
356.1093725913
356.1172652998
356.1044088176
356.0859256975
356.0833975644
356.0771080623
356.0931555419
356.1000000000
356.1087405580
356.1112378603
356.1099583783
356.0733004470
356.1249421921
356.0873130877
356.1342068753
356.1202867273
356.1272853399
356.1230769231
356.1064282411
356.1131647911
356.1153846154
351.1234468938
349.4017111145
345.4492215200
342.4708648065
339.4034376445
335.3388777555
332.7900878680
328.0436257130
324.9221674117
321.3900262063
319.2722830276
315.6646677971
310.6560505627
307.6097117312
302.2761985509
299.5772622167
294.5469862803
289.3767689225
285.3319099738
281.4572375520
276.4032218283
270.9778942500
266.0390781563
262.2278557114
257.9822414059
252.9470633575
247.8373824572
242.9002158162
237.9829813473
233.0633266533
227.8649606906
222.7698473871
217.7240326807
212.6276244797
207.6765222753
202.8854786496
198.1671188531
192.5656389702
187.5573146293
182.7695853245
178.2645753045
173.9826267920
169.8345151842
165.7947741637
162.0239710190
158.2690149530
154.6619546786
151.1602743949
147.8231077540
145.0835363034
142.7462771697
140.5612147372
138.5112686912
136.5179589949
134.6302142747
132.7970402343
131.0477108062
129.5105441653
127.9605518730
126.3953445352
124.9543086172
123.5373978727
122.2024510560
120.9078772930
119.6956065978
118.4958840758
117.3752427933
116.3188530908
115.2689841221
114.2513796824
113.2728071528
112.4040542624
111.5282719285
110.7063203330
109.9339139818
109.1284569138
108.3772005550
107.8980114074
106.8047479575
104.8008170187
103.4696315708
103.2923076923
