84.9000000000
84.9000000000
84.9000000000
85.5137814090
86.9406197009
87.6652227532
90.0897333128
93.1710497919
96.0658239556
98.9797441036
101.8487744720
104.6847387082
107.5306304918
110.3011407430
113.1300292893
116.0625250501
118.9395097888
121.8358254971
124.6459534454
127.6171882226
130.5281486049
133.3884538307
136.3195005395
139.2457376291
142.1448589487
145.1042084168
148.0447510405
150.3691536920
151.7795282873
153.1384152921
154.5021273316
155.7646677971
156.8768151688
157.8607060274
158.8320487128
159.8345151842
160.7600585787
161.5763527054
162.4168336673
163.2609372591
164.0316787421
164.6976260213
165.0075998150
165.2734546015
165.6044396485
165.8900262063
166.1771697241
166.0664714043
165.7608601819
166.6920764606
166.9440419300
167.2366733467
167.4696624017
167.7260366888
167.9591028210
168.1986588562
168.4316479112
168.6333281949
168.8364883613
169.0483736704
169.2677200555
169.4726992446
169.6400030831
169.8431786650
170.0357484199
170.1977955912
170.3628487745
170.5408046863
170.7019731771
170.8702019423
170.9932634500
171.1714968398
171.2963311238
171.4588870048
171.6120702944
171.7307846462
171.8619392631
172.0146292585
172.1195005395
172.2316941575
172.3364266996
172.4369508247
172.5956065978
172.6934330199
172.7888392169
172.8751811315
172.9651302605
173.0822259904
173.1548481579
173.2527362417
173.3046400493
173.4251888392
173.4890087868
173.5696778172
173.6464621551
173.7558347464
173.8101587791
173.8971481424
173.9307229844
174.0084784955
174.0854786496
174.1334052721
174.2104825035
174.2830430091
174.3000000000
174.3120548790
174.4049637737
174.4467088022
174.5227840296
174.5644057345
174.5442885772
174.6057037151
174.6526591645
174.7006782796
174.7398026823
174.8297672268
174.8469862803
174.8973177123
174.9382303068
174.9642669955
174.9871897641
175.0255125636
175.0437798674
175.0708802220
175.0839679359
175.1318483120
175.1703098505
175.1866348081
175.2462463388
175.2853244951
175.2782950516
175.3277786342
175.3273778326
175.4085401572
175.4461538462
175.4461538462
175.4441344227
175.4557576692
175.4921072915
175.4907815631
175.5393402189
175.5425312163
175.5456605519
175.5699707107
175.5883150917
175.6118853091
175.6319562201
175.6308617234
175.6435023894
175.6670880222
175.6564051179
175.7193309696
175.7588561739
175.7180052413
175.7394635425
175.7554647757
175.7812548173
175.7820410051
175.7952982889
175.8076923077
175.8076923077
175.8328657315
175.8643132419
175.8679204563
175.8492677663
175.8538461538
175.8780484045
175.8980114074
175.8934330199
175.8625867119
175.9141822106
175.9102512718
175.9515184215
175.9493448435
175.9700632033
175.9403576384
175.9385077848
175.9527979035
175.9238168645
175.9348389086
175.9784646216
175.9798057654
175.9659626946
175.9656698011
175.9991983968
176.0036688762
175.9865577308
175.9391089872
175.9831046709
175.9643749037
175.9684908278
176.0120394635
176.0034838909
176.0355017728
176.0597811007
176.0411438261
176.0691074457
176.0340989672
176.0615384615
176.0692153538
176.0709264683
176.0709881301
176.0794666256
176.0889471250
176.0923076923
176.1075535687
176.0864344073
176.0946816710
176.0769230769
176.0699244643
176.0659010328
176.0640049329
176.0858948667
176.3704023431
179.1657468784
182.1111761986
184.9190226607
187.6613997225
190.4290581162
193.2201171574
196.0393556343
198.7839216895
201.7014182211
204.5458609527
207.4911052875
210.4320641283
213.3318483120
216.2141051333
219.1567905041
222.1238168645
225.1178048405
228.1322645291
231.1860952675
234.1086788963
237.1813627255
240.1619392631
243.2399568368
246.3060120240
249.4771697241
252.5970248189
255.6999537537
258.7395868660
261.9295668260
265.1406813627
268.3070756898
271.4592415600
274.5960844766
277.8149838138
281.0106058270
284.2078002158
287.4195930322
290.6984584554
293.9431786650
297.1882534299
300.4222599044
303.6895020811
306.9890087868
310.3173577925
313.5733158625
316.9020194235
320.1757360876
323.5050100200
326.8016802836
330.0341297981
333.4039309388
336.7378295052
340.0246338832
342.0408971790
343.5096500694
344.0941883768
344.6456759673
345.1656235548
345.6775242793
346.1920147988
346.7285956528
347.2184214583
347.6140588870
348.0933559427
348.5024973023
348.9189455835
349.3463696624
349.6860952675
350.0068598736
350.3140280561
350.6518575613
350.9345151842
351.1877293048
351.4192538924
351.7099892092
351.9514413442
352.1908278095
352.3883767535
352.5686912286
352.7704794204
352.9987513489
353.1264837367
353.3030985047
353.4404501310
353.6323107754
353.7307383999
353.8693386774
353.9710497919
354.1286727301
354.1700323724
354.3737012487
354.4287806382
354.5157237552
354.5566055187
354.6083551719
354.7061970094
354.8052720826
354.8369508247
354.9621859103
355.0115770002
355.0494681671
355.0846153846
355.1380299060
355.2044242331
355.2129798058
355.3199475875
355.3531678742
355.3549560660
355.4020965007
355.4497918915
355.5316479112
355.5032218283
355.5243872360
355.6058732850
355.6197780176
355.6437490365
355.7451055958
355.7232619084
355.7771851395
355.8370741483
355.8925697549
355.8891937722
355.8923076923
355.9238322799
355.9451055958
355.9695699090
355.9781254817
355.9804840450
355.9780175736
356.0074764914
356.0137659935
356.0628796054
356.0399414213
356.0597502698
356.0785879451
356.1012948975
356.0799445044
356.1197163558
356.1075073223
356.1337135810
356.1692307692
356.1110991213
356.1292893479
356.1739633112
356.1402651457
356.1846153846
356.1784492061
356.1692307692
356.1307538153
356.1700940342
356.1726992446
356.1988284261
356.1752119624
356.1595806999
356.1869122861
356.1986280253
356.2076923077
356.1783721289
356.2132881147
356.2109295514
356.2226452906
356.2391089872
356.2416217049
356.2230769231
356.2166024356
356.1994912903
356.1873439186
356.2312316942
356.2193926314
356.1776167720
356.1882380145
356.2183135502
356.1828426083
356.1660397719
356.2090180361
356.2432403268
356.2184214583
356.2212270695
356.1925543394
356.2360567288
356.2153846154
356.2103283490
356.1932172036
356.1973793741
356.2179281640
356.1931709573
356.2119932172
356.2154154463
356.2290118699
356.2101587791
356.2001233236
356.2119161400
356.2206875289
356.2203792200
356.2093263450
356.1869277016
356.2078772930
356.2230769231
356.2194388778
356.1996454447
356.1633420688
356.1781408972
356.2182364729
356.2046708802
353.9114536766
351.1744103592
348.5433790658
344.6581316479
341.2264529058
337.2760135656
333.9514567597
329.8512101125
327.2273161708
322.1589949129
321.6278865423
319.2194697086
314.4589178357
311.0375057808
305.7147834130
301.6269307846
297.6012024048
292.1146755049
287.5724680129
284.6268074611
279.9771697241
274.7755356868
269.4234468938
265.0179435795
261.2379836596
256.6212116541
251.5376136889
246.3865577308
241.1134422692
235.9060274395
231.3026206259
226.7129027285
221.6223369817
216.7298905503
211.8758902420
207.0595344535
202.2769693233
196.6862802528
191.7663172499
186.8675967319
181.9820564205
177.3830892554
172.9358871589
168.5943425312
164.5447818714
160.6033605673
156.8954678588
153.2863419146
149.7882534299
146.3906736550
143.2520117157
140.6985971944
138.4972714660
136.4165253584
134.4154154463
132.3782333899
130.5381223986
128.7780329891
127.0531370433
125.4987975952
124.0142438724
122.5525358409
121.1571296439
119.7937413288
118.5048712810
117.2737474950
116.0845228919
114.9447818714
113.9005395406
112.8788962540
111.8666718051
110.9111299522
109.9852474179
109.2527670726
108.3564976106
107.5920610452
106.8299213812
106.4718976414
105.0430399260
102.9211191614
101.9144288577
101.8153846154
