175.9857142857
175.9954194102
175.9923131978
175.9793873461
175.9939450329
176.0141711995
176.0373461208
176.0519038076
176.0416117950
176.0206126539
176.0157600916
176.0244202691
176.0324506155
176.0178929287
176.0069853994
176.0081591755
176.0372745491
176.0585456628
176.0795877469
176.1038505583
176.0777841397
176.0438162038
176.0098482680
175.9892785571
176.0090323504
176.0769682222
176.0501431434
176.0063412539
175.9518894933
176.0101202405
175.9949184082
175.9328657315
175.9813913541
175.9910249070
175.9750644145
175.9508016032
175.9950758660
176.0503292299
176.0163612940
176.0106784999
176.0030775837
175.9594045233
175.9614228457
175.9683939307
175.9586888062
175.9449040939
175.9357142857
175.9357142857
175.9487689665
175.9674491841
175.9917119954
175.9743630117
175.9596192385
175.9500858861
175.9597910106
175.9825221872
176.0117663899
175.9729458918
175.9715287718
175.9946178070
176.0091754938
175.9827941597
175.9445748640
175.9542799885
175.9400372173
175.9293444031
175.9633123390
175.9751216719
175.9841826510
176.0035929001
175.9992127111
175.9911823647
175.9863298025
176.0280847409
176.0474091039
176.0231462926
176.0169195534
176.0142857143
176.0142857143
176.0190667048
176.0114657887
175.9926567421
175.9878041798
176.0133409676
176.0576152305
176.0624677927
176.0400085886
176.0078872030
176.0127397652
176.0109791011
176.0091754938
176.0188806184
176.0250071572
176.0234182651
176.0040080160
175.9961494417
175.9897366161
175.9800314916
175.9950615517
176.0016461494
175.9870884626
176.0472373318
176.0520469510
175.9744059548
175.9714285714
175.9690523905
175.9650586888
176.0087317492
176.0126825079
175.9857142857
175.9857142857
175.9973947896
176.0168050386
176.0362152877
176.0109361580
175.9849556255
176.0577440595
177.4676638992
179.3372459204
180.9677068423
182.6280561122
184.2973375322
185.9666189522
187.6399083882
189.3295018609
191.0473089035
192.8721156599
194.6913398225
196.4819352992
198.3134984254
200.1658602920
202.0389493272
203.8686229602
205.7107071285
207.5702261666
209.5403664472
211.4740337818
213.3836673347
215.3149871171
217.2863154881
219.2712711137
221.2074434583
223.1134697967
225.0419839679
227.0994703693
229.0736616089
231.0275264815
233.0025193244
235.0398081878
237.0475522474
238.9643143430
240.9977097051
243.0297165760
245.0289722302
247.0282278843
249.0682794160
251.1597337532
253.1852562267
255.1942599485
257.1869882622
259.1183080447
261.1330518179
263.2135986258
265.2807901517
267.3064987117
269.3165187518
271.3934154022
273.4250214715
275.4396507300
277.4777268823
279.5228170627
281.5876324077
283.7033495563
285.6452333238
287.5928141998
289.6648582880
291.7288004581
293.7488834812
295.6947609505
297.7789722302
299.8293157744
301.8091611795
303.8854995706
305.9465073003
307.9843973662
309.9593902090
311.9910678500
314.0690953335
316.0877612368
318.1149728027
320.1498711709
322.1976524478
324.2672774120
326.3349126825
328.3341683367
330.3436014887
332.3618236473
334.3950472373
336.4465931864
338.4889636416
340.4930718580
342.4853707415
344.5012596622
346.5684511881
348.5977669625
349.9154165474
350.1531920985
350.4447323218
350.7297881477
351.0015316347
351.3160463785
351.6117663899
351.8868164901
352.1197394790
352.3745347839
352.6400658460
352.8438734612
353.0326510163
353.2114801031
353.3861723447
353.5838104781
353.7727168623
353.8843257944
354.0030346407
354.1218293730
354.2334383052
354.2838963642
354.3408388205
354.4475951904
354.5748210707
354.6860005726
354.7636415689
354.8369166905
354.9429144002
355.0933438305
355.1324649299
355.1875608360
355.2645720011
355.2888348125
355.3576295448
355.4591182365
355.4882336101
355.5202404810
355.5548096192
355.5936301174
355.6324506155
355.6747638133
355.7329945605
355.7706126539
355.8008731749
355.8348411108
355.8317348984
355.8370168909
355.8903950759
355.8840824506
355.9085886058
356.0153449757
356.0328227884
356.0239478958
355.9948325222
356.0516604638
356.0700830232
356.0361150873
356.0117377612
356.0526052104
356.1467792728
356.0739908388
356.0622960206
356.0928571429
356.0928571429
356.0989550530
356.1041082164
356.0846979674
356.0652877183
356.0654594904
356.1382479244
356.1212138563
356.0883194961
356.0980246207
356.0613512740
356.0474663613
356.1056971085
356.0770541082
356.0684655024
356.1169911251
356.0597051245
356.0426137990
356.0911394217
356.0647724019
356.0547809906
356.0647867163
356.0890495276
356.0973375322
356.0902519324
356.0562839966
356.0457915832
356.0525765817
356.0719868308
356.0753650157
356.0714285714
356.0714285714
356.0922988835
356.1035929001
356.0599198397
356.0387489264
356.0358717435
356.0601345548
356.0763527054
356.0770541082
356.0527912969
356.0371170913
356.0365874606
356.0559977097
356.0982393358
356.0918408245
356.0287575150
356.0576009161
356.0688806184
356.0637703979
356.0540652734
356.0415402233
356.0285714286
356.0285714286
356.0223876324
356.0182937303
356.0425565417
356.0600916118
356.0660606928
356.0417978815
356.0357142857
356.0370598340
356.0419123962
356.0311336960
356.0408388205
356.0990695677
356.0778843401
356.0722588033
356.1110793015
356.0475093043
356.0287575150
356.0772831377
356.0596764958
356.0621671915
356.0858574291
356.0907099914
356.1117950186
356.1407815631
356.1165187518
356.0922559405
356.0714285714
356.0714285714
356.0486830804
356.0204695104
356.0156169482
356.0213283710
356.0334955626
356.0529058116
356.0381763527
356.0304466075
356.0595619811
356.0602204409
356.0464929860
356.0173776124
356.0272974520
356.0377612368
356.0426137990
356.0751216719
356.0719868308
356.0288290867
356.0725021472
356.0799026625
356.0565416547
356.0468365302
356.0457200115
356.0477097051
356.0282994561
356.0308330948
356.0445462353
356.0542513599
356.0401087890
356.0236616089
356.0333667335
356.0209991411
355.9988119095
355.9696965359
356.0077440595
356.0312338964
355.9972659605
356.0604208417
356.0878184941
356.0392928715
356.0626825079
356.0521185228
355.9938877756
356.0405239050
356.0519038076
356.0296879473
356.0588033209
356.0576868022
356.0380045806
356.0622673919
356.0623675923
356.0412396221
355.9830088749
356.0070855998
356.0501288291
356.0161608932
355.1659748068
353.4755081592
350.2534068136
348.0862725451
345.8971657601
343.0632693959
340.1554251360
338.1958631549
337.8416261094
336.0857286001
333.3489836816
329.5154594904
327.8731033496
324.8607787003
320.3553965073
319.2684225594
316.1454909820
311.5720154595
310.4704838248
307.5673489837
303.6781992557
301.3101488692
298.4050529631
294.9719725165
290.4445319210
288.1939307186
286.2604637847
282.3881190953
278.1101059261
274.5676925279
273.0779559118
270.1784425995
266.6435871743
262.4946464357
258.6869596336
255.8289722302
254.2858574291
250.6871886630
246.9233896364
243.1335385056
239.3340681363
236.0434154022
233.2520183224
231.0246922416
228.0102204409
224.4029487547
220.6955911824
217.0066132265
213.3554251360
209.8470226167
206.4953764672
203.2505725737
200.1352275981
196.9874176925
193.8086458632
190.5768393931
187.3954623533
184.2362725451
181.0966647581
177.7785571142
174.3595762954
170.8269109648
167.4269395935
163.9268107644
160.2825365016
157.3096621815
154.3352562267
151.3390065846
148.4517320355
145.6956198111
143.0646722015
140.6480961924
138.2875465216
135.9934583453
133.8922988835
131.7267248783
129.5862009734
127.6888491268
125.8019753793
123.9612653879
122.2483109075
120.4788863441
118.7875035786
117.3123246493
116.2246636129
115.4179072431
114.9714715145
113.6848554251
112.0842828514
110.1917835671
108.8718580017
108.0783423991
107.8357142857
