95.5416666667
95.5416666667
95.5338343353
95.5333333333
98.8837508350
99.5682531730
99.7654308617
100.0763527054
100.4031730127
102.9513360053
105.8482965932
108.5964595858
111.3179859719
114.0714261857
116.8374415498
119.5662324649
122.2956078824
125.0600701403
127.8252672011
130.5841516366
133.3731796927
136.1522044088
138.9071643287
141.6968436874
144.4276386106
147.1623079492
149.9678523714
152.7546259185
155.4368403474
157.3244154977
158.4052605210
159.6067635271
160.7627588510
161.7230126921
162.4908817635
163.4878256513
164.1918002672
164.9454241817
165.6122912492
166.3842518370
167.0500835003
167.6630427522
168.2323814295
168.8372578490
169.4427020708
169.9167668671
170.5141616566
171.0803607214
171.5943887776
171.9866065464
172.2160654643
172.4256179025
172.6410153641
172.5684869739
172.3795758183
172.6030060120
172.7922177689
172.9048263193
172.9946726787
173.1339679359
173.2892785571
173.4777221109
173.6348363393
173.6968937876
173.2861723447
173.7276887108
173.7840013360
173.8244154977
173.9205911824
174.0175851703
174.1071142285
174.1888109552
174.3253507014
174.4037074148
174.4812959252
174.6118236473
174.7096192385
174.8190046760
174.6289746159
174.6438042752
174.7101202405
174.7000000000
174.7267535070
174.8005010020
174.8697895792
174.9250334001
174.9908650635
175.0442384770
175.0927354709
175.1412324649
175.1823647295
175.2330661323
175.3152304609
175.2986639947
175.3743152973
175.4572144289
175.5057114228
175.5542084168
175.6031563126
175.6595357381
175.7080327321
175.7886606546
175.7449732799
175.8245156981
175.5784903140
175.5557281229
175.5379926520
175.5529225117
175.6336840347
175.6281897128
175.6744488978
175.6944722779
175.7180527722
175.7182531730
175.7131095524
175.7528724115
175.7833333333
175.7994321977
175.8091182365
175.8070474282
175.8232130929
175.8393787575
175.8583166333
175.9002171009
175.9515197061
175.9373747495
175.9482297929
175.9492651971
175.9846025384
175.9947227789
176.0174348697
176.0286239145
176.0827989312
176.0667501670
176.1071643287
176.1632765531
176.1590681363
176.1509853039
176.1712925852
176.1818470274
176.1767368069
176.1813460254
176.2077154309
176.2342017368
176.2360721443
176.2814295257
176.2930527722
176.2930193721
176.3091850367
176.3296927188
176.3580327321
176.3634769539
176.3643620574
176.3833333333
176.3956913828
176.4166666667
176.4089011356
176.3940046760
176.1244488978
175.4175684703
175.8634769539
175.9943386774
176.0105043420
176.0283400134
176.0577488310
176.0503340013
176.0582498330
176.0501670007
176.0579158317
176.0736639947
176.1120741483
176.1023380094
176.1207414830
176.1316633267
176.1397461590
176.1108550434
176.1236472946
176.1276720107
176.1304108216
176.1126920508
176.0950901804
176.1103039412
176.1161823647
176.1124916500
176.1283901136
176.1453239813
176.1465931864
176.1353540414
176.1104709419
176.0912992652
176.1107381430
176.1317468270
176.1673847695
176.1367067468
176.1222778891
176.1511523046
176.1565297261
176.1416666667
176.1440714763
176.1912157649
176.1669672679
176.2065798263
176.1774048096
176.1525551102
176.1861556446
176.1567635271
176.1567301269
178.4456412826
181.1992150969
183.9051937208
186.5475784903
189.1992818971
191.8561623246
194.5023547094
197.1737975952
199.8340514362
202.5028557114
205.2382932532
207.9697394790
210.6671342685
213.4184201737
216.1904642619
218.8926853707
221.6027054108
224.4001670007
227.2092518370
230.0040247161
232.8697561790
235.6813627255
238.4899799599
241.3033567134
243.9087675351
247.0757682031
249.8966766867
252.7256346025
255.5936205745
258.4328323313
261.1020541082
264.1055945224
267.1065297261
269.9662491650
272.8267201069
275.7323981296
278.6155310621
281.5126586506
284.4013026052
287.2888777555
290.1393954576
293.0466098864
295.9738810955
298.8998663995
301.7828657315
304.6599532398
307.6209919840
310.5024215097
313.4153640615
316.3456245825
319.1082999332
322.2560621242
325.2224615898
328.1765698063
331.0680193721
333.9268370073
336.9258016032
339.8544589178
342.7853707415
344.7392117568
346.1617902472
347.6630260521
348.8389779559
349.8990814963
350.8146793587
351.7805110220
352.6659485638
353.1172344689
353.2794589178
353.4255678023
353.6152805611
353.8119906480
353.9497661991
354.0694221777
354.2079659319
354.3534569138
354.4537575150
354.5411990648
354.6624415498
354.7870407482
354.8853039412
354.9623580494
355.0734468938
355.1273547094
354.3126920508
352.5228623914
354.7968102872
354.9880928524
355.1581997328
355.2845524382
355.4452738811
355.4937708751
355.5424682699
355.6071309285
355.6162658651
355.6934869739
355.6777054108
355.7109051436
355.7859719439
355.8267201069
355.8783400134
355.9102037408
355.9048096192
355.9397461590
355.9800434202
356.0227287909
356.0071810287
355.9926853707
356.0309786239
356.0666833667
356.0789245157
356.1090514362
356.1382431530
356.1333333333
356.1450233801
356.1559786239
356.1454408818
356.1728289913
356.1781897128
356.2133266533
356.1957414830
356.1773380094
356.1944221777
356.2159986640
356.2091683367
356.2255010020
356.2497494990
356.2180026720
356.2554108216
356.2283400134
356.2757348029
356.2763360053
356.2817468270
356.2638443554
356.2708249833
356.3049766199
356.2994321977
356.3081496326
356.3166666667
356.3116733467
356.3273046092
356.3236973948
356.2913660655
356.3109218437
356.3238142953
356.3056279225
356.3444388778
356.3600534402
356.3360721443
356.3416666667
356.3416666667
356.3436539746
356.3534736139
356.3726118904
356.3913493654
356.3426519706
356.3477955912
356.3264529058
356.3495323981
356.3333667335
356.3333333333
356.3567802271
356.2902471610
356.3418503674
356.3288076152
356.3522545090
356.3648964596
356.3224782899
356.3204575818
356.3250000000
356.3361222445
356.2991816967
356.2901803607
356.3288577154
356.3272044088
356.3126419506
356.3247828991
356.3409485638
356.3393286573
356.3283066132
356.3486138945
356.3665831663
356.3423346693
356.3319138277
356.3500000000
356.3445891784
356.3203406814
356.3000000000
356.2978957916
356.2905477622
356.3555778223
356.3187708751
356.3749498998
356.3668670675
356.3351369405
356.3638610554
356.3814295257
356.3762024048
356.3612391450
356.3185537742
356.3147127589
356.3473112892
356.3524549098
356.3387441550
356.3440881764
356.3294923180
356.3264195057
356.3240814963
356.3341683367
356.3211255845
356.3149131597
353.7614395458
350.5196559786
348.4691883768
344.6543587174
342.5870407482
338.3319639279
336.3807949232
332.5241482966
332.1952404810
329.9074649299
325.4020207081
322.6859218437
317.5825985304
304.8811623246
311.6209752839
306.1569806279
304.1350033400
298.6679525718
296.4150801603
292.3636105544
287.3260020040
282.7584669339
280.0211589846
276.4226452906
271.8589846359
266.8566299265
262.3388944556
258.9500668003
255.4192050768
251.0109886440
246.3168336673
241.7275885104
237.2835671343
232.0314796259
226.5821142285
222.3241649967
218.1152137609
213.8962090848
209.5042919172
205.1884268537
200.7661155645
196.3720106880
191.7061122244
186.7203239813
182.5517869071
178.4454408818
174.1602371409
169.8590681363
165.8580661323
162.3380260521
158.5191382766
155.0711422846
151.8191883768
148.6421676687
145.4939879760
142.4474615898
139.5810454242
136.7541249165
134.4033400134
132.4932197729
130.7514362057
129.0729458918
127.4921175685
125.9554442218
124.4882765531
123.1340347361
121.8020708083
120.5107882432
119.3227287909
118.1588009352
117.0224281897
115.9518537074
114.9226953908
113.9285070140
112.9571142285
112.0710086840
111.3120407482
110.9421676687
108.9242818971
106.9217100868
105.9560788243
105.8833333333
