80.2153846154
80.2116078310
80.1769230769
80.4964390319
81.5304455064
82.2709572992
83.0745028519
85.5149992292
88.5314937567
91.3901032835
94.2454139047
97.0373362109
99.8700477879
102.7296747341
105.5782179744
108.3321566209
111.1959303222
114.0426391244
116.8961307230
119.7252967473
122.5606135348
125.5408817635
128.3168336673
131.1820872514
134.0851240943
136.9995683675
139.8587020194
142.6783567134
145.6812856482
148.6277478033
150.6678896254
152.1358254971
153.4234623092
154.7956836750
156.1029443502
157.1744411901
158.1420225066
159.1112224449
160.0686449823
160.8552335440
161.7329273932
162.6653923231
163.4601202405
164.0145521813
164.1885000771
164.5050716818
164.7569909049
165.0307229844
165.3437182056
165.6478341298
164.7551872977
165.7794512101
166.1233544011
166.4317866502
166.7131493757
167.0309542161
167.2882225990
167.5363187914
167.7568059195
167.9802065670
168.2288731309
168.5051487591
168.6882225990
168.9147217512
169.1205796208
169.3665793125
169.5281331895
169.6980114074
169.8890704486
170.0833667335
170.3247109604
170.4659935255
170.6261754278
170.7951287190
170.9599815015
171.1232619084
171.2877447202
171.4142747033
171.5832588253
171.7044242331
171.8678896254
171.9289964544
172.1274857407
172.2238785263
172.3497918915
172.4831817481
172.5761060583
172.6899182981
172.8152150455
172.9107291506
173.0145367658
173.1099583783
173.1890704486
173.3174194543
173.3555880993
173.4738554031
173.5691382766
173.6444273162
173.7517342377
173.7867581316
173.8791891475
173.9635424696
173.9090488670
174.0002158162
174.0778788346
174.1432403268
174.1915831663
174.2734546015
174.3232773239
174.3709264683
174.4154462772
174.4784492061
174.4846153846
174.5967473408
174.6459380299
174.6881763527
174.7454447356
174.7998304301
174.8076923077
174.8498689687
174.8692307692
174.8827963620
174.9298443040
174.9882225990
175.0443348235
175.1098042238
175.1325882534
175.1651610914
175.1779867427
175.2051487591
175.2271620163
175.2639895175
175.2840295977
175.3326190843
175.3627562818
175.3731771235
175.3846153846
175.4194542932
175.4318637275
175.4476491444
175.4692307692
175.4952520425
175.4927393248
175.5166795129
175.5461538462
175.5443194080
175.5514105133
175.5802682288
175.5846153846
175.6040388469
175.6546631725
175.6628641899
175.6401726530
175.6611684908
175.6527362417
175.7033913982
175.7153846154
175.7346230923
175.7892708494
175.8201017419
175.8121319562
175.7952366271
175.8202404810
175.8231694158
175.8336519192
175.8047633729
175.8630954216
175.8754123632
175.8806536149
175.9000000000
175.9053337444
175.9016032064
175.8794666256
175.8997225220
175.9147217512
175.9062740866
175.9152150455
175.9392014799
175.9153846154
175.9109449669
175.9336673347
175.9699552952
175.9769230769
175.9470787729
175.9856636350
175.9872051796
175.9251117620
175.9363496223
175.9674271620
175.9923076923
175.9771388932
175.9866656390
176.0054416525
175.9784029598
175.9869277016
176.0296284877
176.0306613226
176.0352859565
176.0136272545
176.0266070603
175.9984892863
176.0016340373
176.0141205488
175.9938338215
176.0312625251
176.0441498381
176.0290118699
176.0331277940
176.0473100046
176.0545552644
176.0548944042
176.0516879914
176.0915831663
178.8334052721
181.7427624480
184.4934330199
187.2815168799
189.9903499306
192.6244643132
195.3316016649
198.0804223832
200.8543086172
203.6005395406
206.3859256975
209.2280715277
212.0653460768
214.9546323416
217.7679358717
220.6962848774
223.6041930014
226.4932942809
229.4349622322
232.3424078927
235.3448743641
238.4001541545
241.4607060274
244.3235239710
247.2728688146
250.5266687221
253.5930784646
256.6671959303
259.7475104054
262.8595498690
265.8839371050
269.0305379991
272.1006474487
275.2987359334
278.4380761523
281.5333127794
284.6612918144
287.9389856636
291.0527054108
294.2731154617
297.4515030060
300.6749344844
303.8716201634
307.1071373516
310.3817172807
313.5936796670
316.8591028210
320.1542469554
323.3883767535
326.6515954987
329.9207800216
333.1673655002
336.5470171111
339.5151687991
341.2827347002
342.6156158471
343.3413750578
342.9399568368
343.5369816556
344.6986280253
345.2251117620
345.7473870819
346.2783104671
346.6702481887
347.1570679821
347.5816710344
348.0404038847
348.4289964544
348.8358409126
349.1837675351
349.5668413751
349.8783412980
350.1958994913
350.5412054879
350.7763372900
351.0260058579
351.3181748112
351.5569292431
351.7765685217
351.9858486203
352.2004624634
352.4401726530
352.6181439803
352.7876059812
352.9612147372
353.1112532758
353.2687374749
353.4228148605
353.5840604285
353.7196392786
353.8215045476
353.9116694928
354.0253738246
354.0795128719
354.1476491444
354.2649606906
354.3468012949
354.4296130723
354.5432711577
354.6392168953
354.7067982118
354.7230769231
354.7947587483
354.9097733929
354.9848157854
355.0576229382
355.1155850162
355.1195159550
355.1902420225
355.2450593495
355.2924772622
355.3390627409
355.3461538462
355.3853553260
355.4512409434
355.5035301372
355.5437952829
355.5602589795
355.5884384153
355.6123631879
355.6146292585
355.6690457839
355.6983967936
355.7458763681
355.7168028364
355.7307692308
355.7507476491
355.8029751811
355.8039617697
355.8134576846
355.8545244335
355.8332511176
355.8973485432
355.8851703407
355.9367504239
355.9167103438
355.9168336673
355.9141822106
355.9564205334
355.9595344535
355.9614613843
355.9868043780
355.9658547865
355.9689070449
356.0081239402
356.0153846154
356.0114999229
356.0161862186
356.0599660860
356.0685062433
356.0565746878
356.0652844150
356.0821797441
356.1063049175
356.0322336982
356.0723755203
356.0977185140
356.1000308309
356.0626021273
356.0538461538
356.0731462926
356.0846153846
356.0909511330
356.1064899029
356.1015415446
356.1660089410
356.0979343302
356.1485740712
356.1411438261
356.1230769231
356.1137043317
356.1022506552
356.0938029906
356.1687837213
356.1384461230
356.1238322799
356.0737474950
356.1322028673
356.1356250963
356.1304455064
356.1402034839
356.1891012795
356.1548019115
356.1589024202
356.1161245568
356.1519500540
356.1307692308
356.1436257130
356.1711268691
356.1578850008
356.1450285186
356.1591182365
356.1514721751
356.1394789579
356.1236010483
356.1831355018
356.1602898104
356.1578541699
356.1581933097
356.1349468167
356.1691999383
356.1698473871
356.1885309080
356.1934638508
356.1777246801
355.9385232002
351.2242947433
349.4894558347
345.5960073994
342.9956065978
339.6092030214
336.0880684446
331.9641590874
328.7955603515
328.0094342531
322.7940033914
320.5623708956
315.3970864807
312.3845228919
307.8960073994
304.2471866811
299.2656543857
295.5429474333
291.0097271466
285.5877138893
281.2425620472
278.1232156621
273.1399876676
267.8452135039
262.7682595961
258.3924001850
254.2092492678
249.8290427008
245.2462771697
240.4313241868
235.3221057500
230.3264066595
225.3635578850
220.6093417604
215.5448127023
210.3544936026
205.4160628950
200.6378295052
196.0436565439
190.7577925081
185.8306150763
181.1680437799
176.8240480962
172.5942346231
168.6323261908
164.8068907045
161.0810390011
157.4608139356
154.0497764760
150.6894558347
147.5037613689
144.3474949900
142.0539232311
139.9125173424
137.9072144289
136.0230923385
134.1642361646
132.4257129644
130.7989209188
129.1829351010
127.5826267920
126.1995375366
124.7803298906
123.3933096963
122.1236164637
120.8777092647
119.7227377833
118.5872360105
117.4855557268
116.4822259904
115.5164482812
114.6609680900
113.6993217204
112.8356096809
112.0210574996
111.1952520425
110.4285802374
109.9878988747
108.7975797749
106.0126714968
105.4045321412
104.7461538462
