84.0909090909
84.0909090909
84.0909090909
84.1363271999
86.6281107670
87.4194024412
88.1602295500
91.3519948989
94.3338859537
97.3180907269
100.1990890873
103.2220623064
106.1839132811
109.1231007469
111.9925122973
114.8466205138
117.7927673529
120.6635452724
123.5467662598
126.5712698124
129.3792494079
132.3321552195
135.3278192749
138.2373656404
141.1639825105
144.1317726362
147.0388231007
150.0164328657
152.8805246857
155.3987793769
156.2785753325
157.3862087812
158.5315540171
159.6581344507
160.7916013846
161.7334122791
162.5036072144
163.2668245582
164.0030242303
164.7743486974
165.4294406996
166.1252322827
166.7403898707
167.4140462744
167.9993623611
168.5773000547
169.1301512115
169.6671707050
170.2238476954
170.7975405356
171.2848788486
171.8371834578
172.3426671525
172.7609218437
173.1718892330
173.5118054290
173.6215157588
173.7410092913
173.8830752414
173.9911823647
173.7367462197
173.3357988705
173.8018218255
173.9720349790
174.0594461651
174.1137912188
174.1961012935
174.2893969758
174.3805611222
174.4332665331
174.5081071233
174.6400255056
174.7575332483
174.8489888869
174.5238659136
174.2635999271
174.6303333941
174.7930952815
174.8485880853
174.9115868100
174.9545454545
174.9899617417
175.0496811805
175.0954089998
175.1640918200
175.2090909091
175.2325924576
175.2688103480
175.2818181818
175.3158680998
175.4044816907
175.4744397887
175.5059938058
175.5842594279
175.6415011842
175.6558389506
175.7108580798
175.7666605939
175.8246675169
175.8329021680
175.8345782474
175.8620149390
175.9006012024
175.9294406996
175.9818364001
176.0033521589
175.2989979960
175.4672617963
175.7109856076
175.6905993806
175.7360721443
175.8091455639
175.8424849699
175.8331025688
175.8771178721
175.9125705957
175.9245217708
175.8952996903
175.9205137548
175.9298597194
175.9469484423
175.9611586810
175.9769721261
175.9818181818
175.9818181818
176.0569684824
176.0336126799
176.0390052833
176.0594461651
176.0706868282
176.0940426307
176.0928402259
176.0981235198
176.1000000000
176.1073237384
176.1090909091
176.0867917653
176.0893058845
176.1135361632
176.1257788304
176.1196210603
176.1567134269
176.1636363636
176.1480051011
176.1375842594
176.1680633995
176.1647476772
176.1475678630
176.1778101658
176.1655310621
176.1882310075
176.2156676990
176.2514119147
176.2378210967
176.2363636364
176.2617781017
176.2721625068
176.2898888686
176.2909090909
176.2735288759
176.2989615595
176.2736017490
176.3169976316
176.2914556385
176.2909090909
176.3269812352
176.3091273456
176.3452359264
176.2913645473
176.3350519220
176.2557478594
176.3090909091
176.3100200401
176.3352705411
176.3107669885
176.3440335216
176.3187101476
176.3325195846
176.4078156313
176.3881399162
176.3515576608
176.3205866278
176.3386044817
176.2772818364
176.3210785207
176.3515758790
176.3946256149
176.3556749863
176.3648205502
176.3727272727
176.3701402806
176.3585899071
176.3790125706
176.3650938240
176.3712151576
176.3605028238
176.3503188195
176.3693751139
176.3510839862
176.3327928584
176.3255419931
176.3507560576
176.3480597559
176.3909090909
176.3929677537
176.4021133175
176.3982510475
176.9659683002
179.5742211696
182.6136090363
185.6733649116
188.4969393332
191.3993987976
194.2441063946
197.0400437238
199.8294406996
202.6215521953
205.4616323556
208.3719438878
211.1965749681
213.9878666424
216.8621971215
219.7522499545
222.6276370924
225.5721989433
228.4955729641
231.4390963746
234.3468026963
237.1155037347
240.0464565495
243.1038440517
246.0032064128
248.9898706504
251.9732556021
254.9292220805
257.9353069776
260.8985425396
263.7993259246
266.7938422299
269.7935871743
272.7812534159
275.7576425578
278.7515030060
281.7603935143
284.7565494626
287.7638003279
290.8044816907
293.8102750956
296.8448533430
299.8910912735
302.8771178721
305.8677172527
308.7506285298
311.7866642376
314.9649480780
318.0416104937
321.0220623064
324.0443250137
327.0828019676
330.1158863181
333.2081799964
336.2878302059
339.3411368191
341.8001639643
343.6009473492
345.0384769539
346.4515394425
347.7331936600
348.8097103298
349.7589907087
350.7119147386
351.6252687193
352.4594461651
353.2384222991
353.9621971215
354.2031517581
354.2599380579
354.3876844598
354.4607760976
354.5712515941
354.6803060667
354.7717617052
354.8505738750
354.9556203316
355.0745126617
355.1544907998
355.1727272727
355.2452723629
355.3525232283
355.4220440882
355.4971943888
355.5658772090
355.6161595919
354.2219165604
353.9841683367
355.1213882310
355.5781016579
355.6895973766
355.7666605939
355.8833302970
355.8871743487
355.9406995810
355.9990344325
356.0090909091
356.0617598834
356.1030424485
356.1243578065
356.1349608308
356.1828201858
356.1675168519
356.1400801603
356.2233375843
356.3000546548
356.2529786846
356.2938786664
356.2268719257
356.3245217708
356.3610675897
356.3056112224
356.3584077245
356.4392239024
356.4623610858
356.4466205138
356.3683913281
356.3550191292
356.4672800146
356.4727272727
356.4727272727
356.4638914192
356.5080889051
356.4822554199
356.4728183640
356.4727272727
356.5180725087
356.4637092367
356.4736199672
356.5354527236
356.4904354163
356.4738932410
356.5077063217
356.4711240663
356.4386409182
356.4833485152
356.5062670796
356.4661140463
356.4966296229
356.4530879942
356.4402805611
356.4742758244
356.4044634724
356.4473492439
356.4606303516
356.4363636364
356.4352523228
356.4272727273
356.4309345965
356.4494443432
356.4235015486
356.4476225178
356.4105301512
356.4196757151
356.4272727273
356.4160502824
356.3619785025
356.3699580980
356.4275277828
356.4018400437
356.4417015850
356.4253415923
356.4241391875
356.4270905447
356.3615412643
356.3588449627
356.3793404992
356.4022590636
356.4044634724
356.3932774640
356.4072690836
356.4124066314
356.3803242849
356.3974130078
356.3909090909
356.4043905994
356.4253598105
356.3859719439
356.3659865185
356.3792494079
356.3545454545
356.3605939151
356.3634906176
356.3548551649
356.3631626890
356.3519402441
356.3702313718
356.3717617052
356.3681727091
356.3978320277
356.3739296775
356.3324649299
356.3617963199
356.3653670978
356.3806886500
356.4068136273
356.3985971944
356.3779012571
356.3324102751
356.3312807433
356.3891783567
356.4010202223
356.3572235380
356.3649116415
356.3582984150
356.3423756604
356.3354345054
356.3591911095
355.3330661323
352.5146292585
349.0031699763
345.9798870468
342.0144652942
338.9219894334
335.1852249954
331.9444161049
328.3965749681
325.6541810895
325.0186554928
321.5664055383
318.0660047367
314.2601020222
310.5429768628
306.8700309710
301.5649116415
298.0759336856
294.4756057570
289.2865002733
285.6626161414
282.3066314447
277.9167790126
273.0442703589
268.0134450720
263.8476225178
260.6302423028
256.5404991802
251.8519402441
247.0142284569
242.2258517034
237.4542357442
232.8181818182
228.4184368737
223.9399890690
219.5677901257
214.9718710148
210.5593004190
206.3818364001
202.0689925305
197.5211149572
192.2848606304
187.7355438149
183.0216432866
178.7201493897
174.4724175624
170.2182182547
166.1725997449
162.5056840955
158.8077427582
155.2571688832
151.9001639643
148.5582984150
145.5364729459
142.4500273274
139.5040262343
136.6637821097
134.6602477683
132.8603388595
131.1373292039
129.5593550738
127.8792676262
126.3517398433
124.8598105302
123.4650573875
122.0840772454
120.8165968300
119.4983603571
118.3037165240
117.1404809619
116.0789032611
114.9936418291
113.9643650938
113.0249590089
112.0835671343
111.1587720896
110.2956458371
109.4533794862
108.6558025141
107.9042266351
107.8818181818
105.3644197486
103.3242667152
102.6222809255
102.5818181818
