82.3461538462
82.3461538462
82.3461538462
83.4903807615
84.9565746878
85.7292431016
86.7159549869
90.0886079852
93.0220132573
96.0271928472
98.9732696162
101.9494989980
104.8975181131
107.9839987668
110.9002928935
113.9047633729
116.9340835517
119.9196084477
122.9244180669
126.0394481270
129.0531987051
132.0593957145
135.2103591799
138.3828580237
141.5273007554
144.6066748882
147.6659626946
150.8760752274
153.8772776322
155.1633112379
156.5496069061
157.7299984585
158.7306613226
159.6097117312
160.5455834746
161.5207954370
162.4330507168
162.9629104363
163.1538153230
163.4860952675
163.7781717281
164.0808077694
164.3942808694
164.6802065670
164.9583320487
165.2602589795
165.5408817635
165.8059966086
166.0848312009
166.3114382611
166.5804069678
166.7969014953
167.0395252043
167.2542932018
167.4889933714
167.7388469246
167.9669184523
168.1627716972
168.3641590874
168.6119469709
168.8079081239
168.9959611531
169.1872051796
169.3902266071
169.5747032527
169.7604902112
169.9239710190
170.1145984276
170.2591798983
170.4353784492
170.6011869894
170.7586403576
170.9217974410
171.0801603206
171.2521967011
171.3337752428
171.4495144134
171.5810390011
171.6567905041
171.8334823493
171.9694465855
172.1019731771
172.2336827501
172.3387390165
172.4747032527
172.6086326499
172.6955295206
172.8007861878
172.9033143209
172.9787883459
173.1024048096
173.1709727147
173.3010174195
173.3872976723
173.4412209033
173.4538461538
173.4864960691
173.5393093880
173.6455063974
173.6918760598
173.7655464776
173.8463696624
173.8704177586
173.9248034531
173.9834129798
174.0580545707
174.1256975489
174.1948974873
174.2372128873
174.2972714660
174.3278402960
174.3246338832
174.4056574688
174.4515184215
174.5256358872
174.5622167412
174.5710960382
174.6015877910
174.6996454447
174.7026668722
174.7322645291
174.7677817173
174.8175273624
174.8880067828
174.9121627871
174.9597502698
175.0286881455
175.1093109296
175.1307692308
175.1843070757
175.1604902112
175.2146600894
175.2083551719
175.2320332974
175.3007553569
175.2621396639
175.2731771235
175.3113765994
175.3225682133
175.3076923077
175.2927701557
175.3296284877
175.3406659473
175.3963465392
175.4101279482
175.4342068753
175.4323107754
175.4692307692
175.4661785109
175.4880838600
175.4960998921
175.5353167874
175.5453059966
175.5451210113
175.5794974565
175.5851086789
175.6022660706
175.6306921535
175.6075689841
175.6686449823
175.6538461538
175.6923693541
175.6939417296
175.7532911978
175.7422999846
175.7175736088
175.7326961616
175.7961461384
175.8151071374
175.8747340836
175.8590719901
175.8615230461
175.8692307692
175.8692307692
175.8546323416
175.8834592261
175.9106983197
175.8978726684
175.8903653461
175.8780638199
175.9129798058
175.8857869585
175.8621396639
175.8636812086
175.8377832588
175.8537536612
175.8638661939
175.8520271312
175.8891783567
175.8781717281
175.9170340681
175.9025435486
175.9309388007
175.9141976260
175.9369508247
175.9461538462
175.9608910128
175.9702790196
175.9841837521
175.9924156004
175.9691228611
175.9680746108
175.9846153846
175.9877909665
176.0059195314
176.0153846154
176.0039771851
176.0212270695
176.0247263758
175.9819947587
176.0608755973
176.1105133344
176.1014490520
178.2551102204
181.0463542470
183.9416062895
186.8762756282
189.6810698320
192.5745490982
195.4466008941
198.3181439803
201.1952828734
204.1782642207
207.2003391398
210.1640049329
213.2249730230
216.2414367196
219.3491444427
222.4248342840
225.8197626021
228.7195313704
231.8410975798
235.0505010020
238.2358563280
241.3959457376
244.6587174349
247.8545706798
251.1294589178
254.4292893479
257.6465238169
260.9668259596
264.3311700324
267.5671959303
270.9474024973
274.3133806074
277.5650531833
280.8934792662
284.3621088331
287.7195930322
291.0489286265
294.4208416834
297.7940033914
301.3861106829
304.6785725297
308.1486049021
311.6372437182
315.0352705411
318.4124248497
322.0666101434
325.3006936951
328.7662093418
332.2115307538
335.6218591028
339.1395406197
339.4239864344
340.2323724372
341.3512255280
342.0257746262
342.6321103746
343.2047017111
343.8033913982
344.2980114074
344.8687528904
345.4256513026
345.9084322491
346.3507476491
346.8227994450
347.2527670726
347.6749498998
348.0108833051
348.3878063820
348.7482041005
349.1533220287
349.4113303530
349.7176352705
349.9522429474
350.2790812394
350.5386773547
350.8089872052
351.0439802682
351.2942808694
351.5272699245
351.7037305380
351.9529058116
352.1157545861
352.3384307076
352.4947433328
352.6873439186
352.8215662093
352.9455063974
353.0774626175
353.2735470942
353.4325265916
353.4683366733
353.6315554185
353.7014182211
353.7704177586
353.8466625559
353.9841683367
354.0403422229
354.1992754740
354.2358100817
354.3099892092
354.3615384615
354.3620317558
354.4860181902
354.5200554956
354.5858177894
354.6607060274
354.7328503160
354.7863264992
354.8368275012
354.9330198859
354.9555264375
355.0160628950
355.0307692308
355.0869122861
355.1635270541
355.2154154463
355.2359950671
355.2384615385
355.3329890550
355.3791120703
355.3760906428
355.4461538462
355.4288577154
355.5229998458
355.5530291352
355.5549098196
355.5662401727
355.6081085247
355.7645598890
355.6541236319
355.6814552181
355.6553260367
355.7205025435
355.7056266379
355.7333744412
355.8169569909
355.8176044396
355.7603823031
355.7599506706
355.8320024665
355.7726221674
355.8119469709
355.8457684600
355.8653460768
355.8588715893
355.8669492832
355.8850778480
355.8935871743
355.8781563126
355.8966548482
355.9343147834
355.8965161091
355.9046246339
355.9504393402
355.9580237398
355.9489594574
355.9962232157
355.9390164945
355.9579466626
355.9966086018
355.9696469863
356.0203329736
356.0044704794
355.9711422846
356.0036997071
356.0379374133
356.0738245722
356.0470941884
356.1265145676
356.1072452598
356.0920764606
356.1618776014
356.0845537228
356.1709418838
356.1375366117
356.0984430399
356.0893787575
356.0932172036
356.0886542315
356.1621088331
356.0780946508
356.0342531216
356.1193001387
356.1179744104
356.0985201172
356.0848312009
356.1064282411
356.0973639587
356.0562355480
356.1091567751
356.0651302605
356.0795128719
356.1158624942
356.0954832742
356.1227377833
356.1147834130
356.1004008016
356.0616155388
356.1177277632
356.1193618005
356.1459071990
356.1357021736
356.1011099121
356.1464313242
356.0817326962
353.2092800987
350.3352705411
345.5046862957
343.5735933405
338.6684137506
335.3704948358
331.3518267304
326.5504701711
324.1066748882
322.4280252813
317.2587945121
312.9297826422
307.4496531525
303.9969477416
298.2301371975
294.8881917682
289.4295514105
283.8696932326
280.0660243564
275.2579466626
269.7876984739
264.2511176199
260.1879451210
255.5351934639
250.0881763527
244.4436719593
238.9542777863
233.7804840450
229.0838908586
224.3362108833
219.2649606906
214.0462771697
208.7948204101
203.5869739479
198.1980422383
192.4559580700
187.3102204409
181.8350547248
176.7703406814
171.9104979189
167.4365191922
163.0347926622
158.9220440882
155.0565901033
151.4236010483
147.8135501773
144.4267457993
141.1612147372
138.7440573455
136.6525204255
134.5876368121
132.6734083552
130.7924618468
129.0228148605
127.4495760752
125.8361492215
124.4582858024
123.0349005704
121.6256204717
120.3174040388
119.0432557423
117.8032989055
116.6259596115
115.5294589178
114.4375366117
113.4782796362
112.4683520888
111.6057037151
110.7685216587
109.8760598119
109.0576691845
108.2320795437
107.4677817173
106.7164328657
105.9856482195
105.3449206105
104.6747957453
104.2196084477
103.4403268075
101.5052412517
99.9283335903
99.5461538462
