81.0000000000
81.0007181029
81.0083333333
81.8959084836
85.4900968604
88.6825651303
91.6497327989
94.4748162993
97.3044422178
100.1414328657
103.1234635939
106.0123580494
108.6652805611
111.5666833667
114.5895791583
117.3241482966
120.1386773547
123.0379091516
125.7949398798
128.6789746159
131.6116399466
134.3756346025
137.2910320641
140.1526553106
143.1457080828
146.1056780227
148.9085838343
151.6972444890
153.8187875752
155.1028557114
156.4410320641
157.6914495658
158.8557448230
159.7903139613
160.7690380762
161.7523547094
162.4952070808
163.3870574482
164.1773213093
165.0254509018
165.5478957916
165.7932865731
165.9420841683
166.1361723447
166.3187374749
166.5109218437
166.6698897796
166.8516867067
167.0723279893
167.3037408150
167.4873413494
167.6872912492
167.9005177021
168.0850701403
168.2915497662
168.4652638611
168.6995323981
168.8708416834
169.0496659987
169.2890280561
169.4672177689
169.6493820975
169.8480794923
170.0048263193
170.2406312625
170.3767368069
170.4801937208
170.6713760855
170.8241315965
170.9914328657
171.1045424182
171.2564462258
171.3871075484
171.5102538410
171.6480627923
171.7771543086
171.8803941216
171.9604876420
172.0601202405
172.1708249833
172.4523547094
172.5894956580
172.6794088176
172.7518203073
172.8361556446
172.9439378758
173.0072979292
173.0830828323
173.1541583166
173.2419338677
173.3379592518
173.4495156981
173.5130594522
173.5674849699
173.6308450234
173.6988643955
173.7780227121
173.8322478290
173.9083667335
173.9854041416
174.0320975284
174.0533901136
174.1109719439
174.2125751503
174.2089679359
174.3190714763
174.3778557114
174.4426519706
174.4141115564
174.4246993988
174.4659652639
174.5351369405
174.5967100868
174.6267702071
174.6607882432
174.7273213093
174.7499331997
174.8277388110
174.8611389446
174.8898463594
174.9333333333
174.9368904476
174.9715931864
175.0099866399
175.0452237809
175.0840514362
175.1131095524
175.1638610554
175.1600868403
175.2137608550
175.2102204409
175.2857381430
175.3072812291
175.3448563794
175.3537742151
175.3658316633
175.3570140281
175.3902805611
175.4148630595
175.4411155645
175.4927354709
175.5070808283
175.5078824315
175.5413994656
175.5617401470
175.5666666667
175.5811957248
175.6083500334
175.6355043420
175.6416666667
175.6339512358
175.6832331329
175.6823647295
175.7377087508
175.6991148965
175.7476118904
175.7509519038
175.7769372077
175.7826987308
175.8075818303
175.7856212425
175.7968436874
175.8719939880
175.8662825651
175.8583333333
175.8583333333
175.8557949232
175.8825651303
175.9253841015
175.9119739479
175.9245657983
175.9149465598
175.9631095524
175.9825651303
175.9833333333
175.9986639947
175.9791750167
175.9646459586
175.9805110220
175.9785404142
175.9833333333
175.9932865731
176.0056947228
176.0211589846
176.0107381430
176.0318804275
175.9759352037
176.0130928524
176.0483299933
176.0559953240
176.0792418170
176.0621576486
176.0802939212
176.0653640615
176.0320641283
176.0450901804
176.0870741483
176.0916666667
176.1151135605
176.1003173013
176.1441382766
176.1223279893
176.1302271209
176.1500000000
176.1355210421
176.1139111556
176.1020708083
176.1558450234
176.1281730127
176.1552939212
178.5702905812
181.3582665331
184.2276720107
187.0698229793
189.9082999332
192.6535571142
195.3822812291
198.1817802271
200.9877254509
203.8881095524
206.7877755511
209.6001670007
212.4926352705
215.4796426186
218.4001503006
221.1839846359
224.0888109552
227.1997995992
230.2374248497
233.2664829659
236.2008684035
239.2347027388
242.2114228457
245.3142785571
248.3058951236
251.3847695391
254.4900467602
257.5765865063
260.6546426186
263.7429191717
266.8248496994
270.0084168337
273.0832665331
276.2094856379
279.3406980628
282.4375250501
285.6170173681
288.7716599866
291.9180360721
295.0417167669
298.1916165665
301.4044422178
304.5854542418
307.7530227121
311.0040581162
314.1742317969
317.3518537074
320.5506680027
323.8001002004
327.0615063460
330.2467768871
333.5855210421
336.8253674015
340.0290915164
343.0840347361
344.9240480962
345.4649632599
345.7696726787
346.1714929860
346.5274716099
346.9393954576
347.3552939212
347.7676352705
348.1643954576
348.5518871075
348.8842184369
349.2949565798
349.6370073480
349.9219438878
350.2268370073
350.4989478958
350.8250334001
351.0734635939
351.3152471610
351.5805110220
351.8238309953
352.0373914496
352.2424348697
352.4347528390
352.6248329993
352.8231629927
352.9633266533
353.1439378758
353.2747995992
353.4335671343
353.5780561122
353.6969438878
353.8244321977
353.9375918504
354.0451736807
354.1305444222
354.2823480294
354.3438710755
354.4406813627
354.5180026720
354.6081496326
354.6745824983
354.7469939880
354.8148964596
354.9043921176
354.9951736807
355.0299933200
355.1145290581
355.1411990648
355.2029058116
355.2524048096
355.2820307281
355.3465263861
355.3884268537
355.4205577822
355.4764696059
355.5303774215
355.5478957916
355.5916833667
355.6459919840
355.6419171677
355.6887107548
355.7461255845
355.7688710755
355.7808450234
355.7989478958
355.8039746159
355.8507682031
355.9181028724
355.9203072812
355.9528223113
356.0457748831
355.9916666667
355.9895624582
355.9873914496
356.0432865731
356.0762859051
356.0877421510
356.1019038076
356.1381095524
356.1439211757
356.1144789579
356.1233633935
356.1826319305
356.1626586506
356.2113226453
356.1833333333
356.2110554442
356.2596860387
356.2121242485
356.2045591182
356.2137107548
356.1828824315
356.2174849699
356.2250000000
356.2657481630
356.2259018036
356.2381930528
356.2676853707
356.2916666667
356.2916666667
356.2736973948
356.2374916500
356.2724281897
356.2451402806
356.2775217101
356.3075818303
356.3217267869
356.2714094856
356.3038076152
356.3271543086
356.3165998664
356.2910153641
356.3166666667
356.3001837007
356.2606045424
356.2915831663
356.2770541082
356.3498997996
356.3250000000
356.3191215765
356.3047929192
356.3445724783
356.3210086840
356.2833333333
356.3288744155
356.3409986640
356.2943553774
356.2977621910
356.3079325317
356.3102371409
356.3541917168
356.3162324649
356.2882765531
356.3000000000
356.3156312625
356.3148296593
356.2946559786
356.2916666667
356.3187875752
356.3100033400
356.2672511690
356.3000000000
356.2986806947
356.2916666667
356.2971776887
356.2735971944
356.2543420174
356.2784235137
356.2806279225
356.2579492318
356.2641282565
356.2822311289
356.1729458918
350.8042084168
349.9197394790
345.1192885772
342.9355544422
339.0564295257
335.7536573146
332.4709418838
328.4529058116
325.1900300601
320.7570641283
320.0878757515
316.4225283901
311.8259686039
306.6936372745
303.5712257849
298.5759853039
294.8001002004
290.2133433534
284.7005511022
280.3354041416
276.9305277221
272.0512024048
266.6400634603
261.3448396794
257.2004175017
253.4315798263
248.6212090848
243.5272211089
238.3506012024
233.2408149633
228.2452571810
223.1010688043
218.3552939212
213.6904308617
208.6757348029
203.6630427522
198.6399298597
194.0921175685
189.0851369405
183.9094689379
179.2019873079
174.3904475618
169.8892117568
165.7246492986
161.6873413494
157.6922511690
153.9182364729
150.5378089512
146.9215263861
143.5447394790
140.3156980628
137.3516032064
135.0914829659
133.1150300601
131.1245323981
129.4936038744
127.5743486974
126.2335337341
124.7304943220
123.1072979292
121.4206245825
120.0540247161
118.8458416834
117.6102538410
116.8089512358
115.4744321977
114.3303440214
113.2492484970
112.2637107548
111.3780394122
111.2282231129
109.7349031396
108.7431696727
107.9006847027
107.1484301937
106.4514696059
106.0548597194
104.9288744155
102.8892284569
101.6430694723
101.4416666667
