79.4226415094
79.4226415094
79.4226415094
79.8117480244
80.3050780807
80.5096494877
80.7142208946
80.8978296215
81.0746776572
81.2478844481
81.4227927553
81.6011872802
81.7604718872
81.9426853707
82.1247400461
82.3191931032
82.5149922486
82.6892312928
82.9406511135
83.1400574734
83.3227436004
83.4188679245
83.4648769237
83.6462245245
83.7977010625
83.9570045752
84.1433130412
84.3336408666
84.4766325103
84.5012250917
85.0071879608
85.3159564412
85.5681324914
85.8158392256
86.0665444096
86.3367035959
86.5693348962
86.8333799675
87.1073732370
87.3890649223
87.6867319545
87.9803153477
88.3112564752
88.6243203388
88.8250198510
88.9658411162
89.2186448368
89.5840624646
89.9563428744
90.3253790600
90.7003024918
91.0967671191
91.5266041517
91.8998298484
92.3175369607
92.7330434454
93.1369229024
93.5452187394
93.9965100011
94.4446931599
94.8953643135
95.3494271562
95.8238212274
96.3228532537
96.7960222331
97.2556471433
97.7560517261
98.2587136537
98.6187847393
98.7824327901
99.3695995765
100.0403221537
100.5786327372
101.1386168564
101.9458085983
103.1874201233
104.7318561652
106.4882481945
108.3898514009
110.3553749007
112.3633228722
114.4846107309
116.8941808145
119.3339282338
121.8711952206
124.5155102658
127.2508904602
130.0532650206
132.9703595871
135.9623208682
138.9832608613
142.0405036488
145.1664990358
148.3943547472
151.6961356676
154.9945929595
158.3641169131
160.6466328884
161.1374068893
164.3652626007
167.6422278519
171.0373388286
174.4100805384
177.7260180739
181.0563088441
184.3341361969
187.6188641434
190.0732067909
191.7086777328
193.3476916096
196.3556773925
199.1946912693
201.6363217000
203.9333913109
206.0282111393
207.5523764510
207.8282376073
209.9645252770
212.0081975271
213.9853858661
215.8635799902
217.6233221159
219.3457821303
220.9427080576
222.5141830831
223.9927099482
225.4012855900
226.7920747155
228.0694747987
229.3294967293
229.7975649412
230.3788974175
231.4266646501
232.6146368208
233.7686694143
234.8327485159
235.9011570310
236.9118236473
237.8643097516
238.8592883881
239.8306121677
240.7319960676
241.6314931750
242.5305365448
243.3989790903
244.1913222672
245.0330321019
245.8031875071
246.5996029795
247.3900026468
248.1141679586
248.7934699588
249.4288009982
250.0437592165
250.6571180096
251.2344840625
251.7412031610
252.2721518509
252.7116270276
253.1475743941
253.5607781601
253.9535637312
254.3507165274
254.7379967482
254.8408023594
255.0184519983
255.3187923016
255.6768329111
255.9755359776
256.2816122812
256.5387227285
256.8079820017
257.0722463796
257.3160358453
257.5655083752
257.7888191477
257.9856883578
258.1631300337
258.3500472643
258.5587439029
258.7367678754
258.9223919537
259.1273414754
259.3172874050
259.4944379325
259.6769539078
259.8487314251
260.0452565508
260.2153174273
260.3681589594
260.4991038681
260.5928120392
260.6724543426
260.6936552350
260.6330699134
260.5681967709
260.5461148713
260.5505993118
260.5771467463
260.7204862555
260.7301470866
260.6969448331
260.7305667940
260.7988543124
260.8425794986
260.8484175899
260.9081219042
260.9894127878
261.0356486558
261.0653193179
261.1239422241
261.2192422581
261.3114568760
261.3789541347
261.4235716716
261.4829129958
261.5626876394
261.6268763943
261.6976027527
261.7794003101
261.8560252581
261.9059968995
261.9880591371
262.0921389950
262.1866979242
262.2645933376
262.3505766249
262.4380269974
262.6532498960
262.6301168374
262.4902484214
262.3788671683
262.2469278179
262.2344349076
262.2257420501
262.2000453738
262.1835217605
262.1950618218
262.1888153666
262.1688206602
262.1509244905
262.1363784172
262.1310621242
262.1409120127
262.1627746058
262.1626876394
262.1679547775
262.1603168601
262.1633304345
262.2115173744
262.1771618709
262.2505312512
262.2816538738
262.3088630090
262.3588346504
262.4070367149
262.4288993081
262.4561008810
262.4811812304
262.5408779824
262.6330585700
262.6785835823
262.7348016788
262.8507316520
262.9406435513
263.0183120959
263.0981132075
263.0981132075
262.9985745075
262.8500283586
262.7122887284
262.6275116270
262.6066245699
262.6003781147
262.5589216168
262.5505955307
262.5405792718
262.5112564752
262.4722539418
262.4597610315
262.4626989829
262.4619956895
262.4295269785
262.3877188339
262.4044882217
262.4154195183
262.4544598631
262.4728513631
262.4871705676
262.5064581994
262.5029833251
262.5482701252
262.5731689795
262.5906227549
262.6218361251
262.6732067909
262.7106855220
262.7527696903
262.8203425719
262.8846825727
262.9448179378
263.0124361931
263.0827088139
263.1779861610
263.2381442130
263.2037622415
263.0499451734
262.8148296593
262.7258176731
262.6691571823
262.6506673725
262.6354444739
262.5982833592
262.5386508867
262.4964873143
262.5214391046
262.4881914773
262.3245056150
262.0243430257
261.6637539229
261.3654856884
260.3796385223
259.2745717851
258.2510681741
257.3042159791
256.3032215374
255.0944719628
253.8231859946
252.5108632359
251.1719174197
249.7994177033
248.3236926684
246.7860324422
245.2251786592
243.6194010663
241.9827012516
240.3475063334
238.6734563467
237.0050478315
235.3133701365
233.6286913450
231.9376640073
230.1889892994
228.5274322229
227.5887246190
226.6963322872
225.4248723863
223.7299920596
222.0424055658
220.3199455515
218.6295307596
216.9288917458
215.2337807691
213.5622414641
211.8881914773
210.2218550308
208.5556131130
206.9232805233
205.3424698454
203.7909479336
202.1496918365
200.6089688812
199.0427647748
197.4862366242
195.9671569554
194.4845767006
192.9729345483
191.5871516618
190.2732975385
188.9215714448
187.5452943623
186.2821681098
185.1015880818
183.8805119673
182.6315650168
181.3944265890
180.1868605135
178.9832495179
177.7917381934
176.6837902220
175.5678526865
174.4344122207
173.3078005067
172.2162324649
171.1571406965
170.0959239233
169.0402994669
168.0030362612
166.9895489091
165.9760615571
164.9759140923
164.0250765682
163.0612848338
162.0909819639
161.1616402617
160.2309184407
159.3157938519
158.4066207887
157.5093016221
156.6302680833
155.7718493591
154.9192082278
154.0922864597
153.2713729345
152.4634816803
151.6652663818
150.8529360608
150.0768140054
149.3019813211
148.5708095436
147.8467122925
147.1018603244
146.3882028207
145.6822966688
144.9899232427
144.2949521685
143.6039702046
142.9327825462
142.2878360495
141.6518054978
141.0243543691
140.4022157523
139.7904223541
139.1965591560
138.6109539834
138.0253488108
137.4583846939
136.8946988316
136.3276099369
135.7668922751
135.2421900405
134.6808371460
134.1697130109
133.6744470072
133.1511967331
132.5911710213
132.0883313797
131.5997164140
131.1227662873
130.7482209702
130.5162286838
130.2991643665
129.6920331228
129.1137255643
128.5862101562
128.0335009642
127.4330585700
127.0785722388
126.5542519000
125.9728286762
125.4536355730
124.9838166900
124.4770484365
123.9757704087
123.4973002609
123.0716224903
122.6136801906
122.1221688660
121.6866601127
121.3071879608
121.0025825235
120.7069270617
120.3967141831
120.0703369002
119.7449880894
119.4451582410
119.1582977275
118.8449313722
118.5397322948
118.2666351571
117.9761749915
117.7106401482
117.4279086475
117.1559987900
116.9021968465
116.6573184104
116.3980905207
116.1493175029
115.9080311567
115.6505539381
115.4000642795
115.1926002949
114.9646046811
114.7337505199
114.4827579688
114.2398873218
114.0275191893
113.8458955647
113.6241464060
113.4051272356
113.1750633342
112.9564109351
112.7487389874
112.5225772299
112.5210156161
112.0876167429
111.5734525655
111.1388966612
110.8402238439
110.6528301887
