74.8666666667
74.8666666667
74.8612011903
75.0362421813
75.7836764438
76.1376510597
76.3370437845
76.4452723629
76.6123459039
76.9365336734
77.1725086537
77.1373352766
77.2667577579
77.4178295986
77.5781380944
77.7298232829
77.8465476407
77.9504159835
78.0543632720
78.2412218376
78.3478715006
78.4474160442
78.6034979049
78.7159652639
78.7636363636
78.7851096132
78.8994230886
79.0386469910
79.1695269327
79.2826805125
79.4145806765
79.5153640615
79.5868039109
79.6241756240
79.9196149876
80.3852128499
81.0167182851
81.8586809984
82.6920507682
83.4068743548
83.9450537439
84.2945891784
84.6043359446
84.8982085383
85.2081739236
85.5650695330
85.9064492622
86.2279893120
86.5533430497
86.8670917593
87.1704499909
87.4628286877
87.5074816299
87.6752353191
87.9567620089
88.3568591729
88.7057994777
89.0433533734
89.3802696302
89.7407967450
90.1284751321
90.5133661262
90.8738932410
91.2450780349
91.6023015728
91.9594583106
92.3529604664
92.7281229125
93.0866156556
93.4346571932
93.8435477015
94.2432197729
94.6368069472
95.0259124309
95.4295135726
95.8166636303
96.1875326410
96.5458614198
96.9573875023
97.2103540414
97.2680937633
97.9671646323
98.6662355013
99.3530758487
100.0103783324
101.1641707658
102.7591303820
104.7374020769
106.9379364790
109.2874597680
111.6237748224
113.8807129410
116.2988826137
118.8061942066
121.3581951782
123.8972733345
126.6644258213
129.4707657740
132.3145199490
135.3438270480
138.3549644744
141.3855043420
144.4587781624
147.6894577033
150.8858019068
154.0826562215
157.3515819518
160.6450598166
164.1137426368
167.3741665148
167.1807129410
169.6379668428
173.0796137730
176.4694479869
179.9846845206
183.5663083743
187.1853646687
190.7818424728
194.2284326228
197.7123701949
201.2405234712
204.3028056112
206.1484727030
207.4665695026
208.7921661505
211.0179874901
213.1208416834
215.0653245886
216.9361085808
218.9624035951
220.8779437663
222.5254387563
222.8090241088
223.7936114654
225.2252747920
226.9004068744
228.5114107002
229.9169490496
231.0361328718
231.5439485031
232.0483512480
232.8805732677
234.2069107913
235.3478472096
236.4479261553
237.4795348272
238.3830509504
239.2243820975
240.0675532884
240.9124066314
241.7016092792
242.4611890448
243.2205866278
243.9965992591
244.7115685917
245.4381611708
246.1481447744
246.7790672254
247.4250501002
248.0472945892
248.6428128985
249.2561486610
249.8552195300
250.4322038015
250.9773911459
251.5035039777
251.7443857412
251.8805125402
252.3861298354
252.9081435598
253.4097892755
253.8824315297
254.3550737839
254.7957065646
255.2055687132
255.5792858444
255.9550616384
256.1813202162
256.3056172952
256.5056658772
256.9223295075
257.3648994960
257.7648266229
258.0659986640
258.1256877391
258.0950810712
258.1412461286
258.5050828931
258.8856257970
259.2009777130
259.2273577458
259.2027266655
259.1883403170
259.2170037044
259.5115807372
259.8131717981
260.0022894273
259.8593975830
259.8908544361
260.0773364912
260.3878848606
260.6560818607
260.5914313475
260.4763648509
260.4697698427
260.7284083318
261.0235622761
261.2447318880
261.1502034372
261.0613044270
261.1154247890
261.3279528754
261.5543814903
261.5787089330
261.5244974798
261.4717374142
261.6556689136
261.8491224874
261.9702252991
261.8097467663
261.7872654400
261.8824011660
262.0821400377
262.2184368737
262.1649602235
262.0765591790
262.0985425396
262.2477864821
262.3352705411
262.3396186312
262.2209084836
262.2952511083
262.4257423939
262.5526811198
262.3614258821
262.2488735046
262.2463836764
262.4200522257
262.5937207749
262.5562883342
262.3560940062
262.3055322767
262.4057630412
262.5663751746
262.7462379304
262.5835610615
262.4613894456
262.4200704439
262.5453755997
262.6764741604
262.6566891358
262.4975101719
262.4271634177
262.4875022773
262.6066496630
262.7495415073
262.8143863485
262.6309771057
262.3737232040
262.4044999089
262.5849092124
262.7406692172
262.8090362543
262.5826076395
262.4631323253
262.4602781320
262.6031699763
262.7502763102
262.6922450963
262.5179631991
262.4717981417
262.5667881217
262.6862269995
262.7808526143
262.6291674258
262.5364547276
262.5330782778
262.6693751139
262.7483694662
262.6797959555
262.5268901439
262.5246918079
262.6536649056
262.7576547033
262.7680755450
262.4910852007
262.3984210846
262.4408817635
262.5859719439
262.7429768628
262.7212607032
262.5581648145
262.5207931014
262.5728973098
262.6708750835
262.7950992895
262.6258274124
262.5205259003
262.4965142406
262.6020343718
262.7210299387
262.7960284205
262.7802149754
262.4350762130
262.3356895609
262.3964838768
262.5877391146
262.7379182608
262.6998846177
262.5309406692
262.3330904233
262.4223477258
262.5713001761
262.7061334791
262.6072083561
262.5521527904
262.5397643772
262.5771360904
262.6502277282
262.5980506467
262.4796319913
262.4686403109
262.5748830995
262.6251654825
262.5756179025
262.5734195664
262.4718224327
262.2402744884
261.8181939637
261.1573814295
260.4563429890
259.7356045424
259.0057569685
258.2166514848
257.2699580980
256.1234529665
255.0044999089
253.8089451631
252.5428128985
251.1974312261
249.8342321006
248.4162689014
246.9285054958
245.3127284873
243.7154551527
242.0992044695
240.4434019554
238.7330964960
236.9826380033
235.2196332058
233.4895427218
231.6788546791
230.1281897128
228.9395214672
228.3921357867
226.9578308131
225.1732191656
223.3266168701
221.5640918200
219.7582133965
217.9353919961
216.1569381187
214.3543268355
212.5862937997
210.8544422178
209.0364182911
207.2730187648
205.5632719985
203.9167182851
202.1821704014
200.5013906601
198.8606121334
197.2074634117
195.5489220866
193.8930406267
192.2519766806
190.7637031639
189.1899313779
187.5963927856
186.0487641951
184.5174105787
183.0282504403
181.5729519645
180.1176534888
178.8342989008
177.5893969758
176.3366247647
175.1561182972
173.9712941034
172.7933017550
171.6391753203
170.4613651546
169.3356591972
168.2612922815
167.1907026174
166.0748588085
164.9913402563
163.9822432744
162.9622153398
161.9697576972
160.9969757697
160.0341045728
159.0291492075
158.0557478594
157.1174713062
156.1480051011
155.2657678994
154.3899435234
153.4688407117
152.5821339649
151.7410092913
150.9298232829
150.1186372745
149.2981903200
148.4800935204
147.6665209206
146.8509382401
146.0773304184
145.3203801542
144.5619542115
143.8453087994
143.1207931014
142.3968239509
141.7065464262
141.0001457460
140.3054351126
139.6322038015
138.9858929981
138.3425699885
137.7059512965
137.0816238538
136.4572964110
135.8210056477
135.1867188923
134.6129531791
134.0253415923
133.4510657679
132.8998117447
132.2952693265
131.7580858687
131.2544604360
130.7444464687
130.2068865003
129.6740450598
129.1501609279
128.6357502885
128.4987611587
128.2892633752
127.7680694723
127.1789154066
126.5911337827
126.0128256513
125.4610432987
124.8196392786
124.2451509079
123.7554077853
123.2695755147
122.7531669399
122.2333394061
121.7277221109
121.2113864092
120.7393757211
120.2859962349
119.7913706200
119.3484362665
118.9072508654
118.4562276067
118.0011720411
117.6436752292
117.3357138519
117.0455334912
116.7407724540
116.4339527540
116.1215764863
115.7896277403
115.4773182729
115.1876662416
114.9188741119
114.6023137183
114.3363393454
114.0859962349
113.8156008988
113.5452055626
113.2652881521
112.9805307585
112.7123337584
112.4613833728
112.1901742880
111.8839861541
111.6333758426
111.3570777919
111.1597376571
111.2124977227
110.7572296107
110.1807554503
109.5895913038
109.2664359021
108.9815509807
108.7380761523
108.5424242424
