82.0290909091
82.0290909091
82.0290909091
82.2697686282
82.6682965932
82.8403352159
82.8738568045
82.9173802150
82.9722754600
83.0287083257
83.0690216797
83.1564693022
83.2292803789
83.3199708508
83.4190089269
83.4879905265
83.5725232283
83.6536345418
83.7423720168
83.8109090909
83.8149316815
83.9154964474
83.9363636364
83.9864055383
84.0760575697
84.1603716524
84.2405319730
84.3242011295
84.4330005465
84.5155438149
84.5229477136
84.9660156677
85.3226380033
85.6395481873
85.9074621971
86.1053124431
86.3370486427
86.5579959920
86.7866715249
87.0227801057
87.2607542357
87.5201821825
87.7783967936
88.0576826380
88.3442193478
88.6035015486
88.7434177446
88.9066642376
89.1661942066
89.4928511569
89.8279212971
90.1616797231
90.5016505739
90.8435780652
91.1996283476
91.5771397340
91.9313026052
92.3294625615
92.7238804882
93.1051375478
93.4793550738
93.8830715977
94.3071342685
94.7396356349
95.1781672436
95.6216141374
96.0675970122
96.5032902168
96.9505702314
97.4194170158
97.8587538714
97.9797230825
98.4584077245
99.0760648570
99.6642302787
100.1578721079
100.8224740390
102.0132191656
103.5662889415
105.2921406449
107.0695427218
109.0269120058
111.1412133358
113.2317944981
115.4330624886
117.8291419202
120.2893350337
122.8839788668
125.5420586628
128.2863035161
131.0955292403
133.8282674440
136.8409764985
139.8400072873
142.9522317362
146.1716305338
149.1419347786
151.8526179632
153.0584478047
154.7893751139
158.0173583531
161.4132410275
164.8007943159
168.2197850246
171.5647549645
174.8667480415
178.3967170705
181.6840007287
182.6463180907
184.2970923666
187.7313936965
190.9815303334
194.0899289488
196.9660812534
198.5050610312
199.0751612316
200.9829768628
203.2015266897
205.3956166879
207.6193915103
209.8028420477
211.7237748224
213.6837638914
215.4399161960
217.1900054655
218.9426015668
220.5094406996
222.1039023502
223.5927272727
225.0361778102
226.2445290581
226.8165093824
227.5554417927
228.7894151940
230.0759008927
231.2561814538
232.4002878484
233.5443942430
234.6320240481
235.6717361997
236.6877026781
237.7127965021
238.6659755875
239.5642375660
240.4975951904
241.4411258881
242.3009072691
243.0923082529
243.8431554017
244.5931207870
245.3405064675
246.0608052469
246.7341519402
247.4614683913
248.1206048461
248.7297066861
249.3668901439
249.9425869922
250.4707706322
251.0187720896
251.5817015850
252.1039679359
252.3342466752
252.5537037712
252.8811258881
253.3055674986
253.7611659683
254.1940316998
254.5429258517
254.9240335216
255.3215704136
255.6759846967
255.9470723265
256.2883585353
256.5859172891
256.8535070140
257.1408854072
257.4688139916
257.7257132447
257.9785352523
258.2349316815
258.4754126435
258.6124139187
258.7998433230
258.9744434323
259.1448496994
259.3313754782
259.5281326289
259.7197886682
259.8915102933
260.0723228275
260.2664856987
260.3291564948
260.4743778466
260.5634286755
260.6468391328
260.7807177992
260.9133466934
260.9742321006
261.0474621971
261.1384077245
261.2387502277
261.3378575332
261.4053087994
261.4627290946
261.5465330661
261.6610165786
261.7120276917
261.7977117872
261.8515940973
261.9076188741
261.9743523410
261.9626926580
262.0305738750
262.0654071780
262.1134013482
262.1872727273
262.1872727273
262.2281544908
262.3079504463
262.3592530516
262.3635234105
262.4101621425
262.4072180725
262.4196866460
262.4420586628
262.4765749681
262.5494479869
262.5234979049
262.5423865914
262.5710111131
262.5910694116
262.6260484606
262.6919693933
262.6910402623
262.6681435598
262.6483840408
262.6206922937
262.6697358353
262.6539478958
262.6397230825
262.6458261979
262.6239642922
262.6954162871
262.6984222991
262.6908435052
262.7101475679
262.7669885225
262.7368190927
262.7704900711
262.8091127710
262.8151503006
262.7748077974
262.8272763709
262.8587684460
262.8456367280
262.8175077428
262.8481071233
262.7825214064
262.8355073784
262.8349826927
262.7888431408
262.8393077063
262.8116159592
262.8281180543
262.8310038258
262.8278921479
262.8680378940
262.8898997996
262.8612607032
262.8315868100
262.8275605757
262.8581818182
262.8581818182
262.8977008563
262.9127855711
262.8912916743
262.8543304791
262.8834796866
262.8867371106
262.8928001457
262.8981745309
262.8862306431
262.8701985790
262.9244634724
262.9620222263
262.9643286573
262.9454545455
262.9454545455
262.8984186555
262.8922973219
262.9049735835
262.8866095828
262.9215886318
262.9309345965
262.9335871743
262.9470249590
262.9693386774
262.8571142285
262.8708799417
262.8872034979
262.8813845874
262.8667152487
262.9133539807
262.9100018218
262.8698925123
262.8274439789
262.8224230279
262.8909236655
262.8860921844
262.8962652578
262.8866678812
262.8219930771
262.7943013299
262.8152085990
262.7933175442
262.7127600656
262.5786008380
262.4066205138
262.1143450537
261.2415594826
260.0725523775
258.9483913281
257.8902750956
256.7680633995
255.5400072873
254.2172490435
252.8355984697
251.4699580980
249.9403097103
248.3622007652
246.7466970304
245.1009837858
243.4540535617
241.7295645837
239.9473237384
238.1881034797
236.4810165786
234.7102022226
232.9610165786
231.1897358353
229.9001967572
229.1736017490
228.0775915467
226.3325560211
224.5925232283
222.8451557661
221.0629294954
219.2877427582
217.5581271634
215.8381781745
214.1298633631
212.4462634360
210.8182801968
209.1093568956
207.4547895792
205.8326543997
204.2269703042
202.6441683367
201.0500856258
199.4598214611
197.8815194024
196.3147494990
194.7479795956
193.2324977227
191.7458589907
190.2743742030
188.8458444161
187.5399599198
186.2614210239
184.9088103480
183.6125997449
182.3896666059
181.1304208417
179.9467735471
178.7545709601
177.5711714338
176.4149826927
175.3041574057
174.1615084715
173.0543049736
171.9508252869
170.8502823829
169.7775405356
168.7019347786
167.6813190016
166.6786518492
165.6793805793
164.6853124431
163.6884095464
162.7222007652
161.7615449080
160.8127017672
159.9010967389
159.0091309893
158.1206194207
157.2599089087
156.4102605210
155.5359846967
154.7241792676
153.8878885043
153.0438659136
152.2149863363
151.4248424121
150.6553033339
149.8751393696
149.1252760066
148.3986226999
147.6649116415
146.9026598652
146.2396028420
145.5532628894
144.8422772818
144.1537110585
143.5095135726
142.8616870104
142.2054764074
141.5657606121
140.9665986518
140.3355183093
139.7203534341
139.1393077063
138.5726033886
137.9933867735
137.4220623064
136.8408271088
136.2894552742
135.7532483148
135.2084241210
134.6779085444
134.1586737111
133.6582364729
133.1573583531
132.6449225724
132.1916523957
131.6914665695
131.1987866642
130.7351320823
130.3105702314
129.9228857715
129.8109528147
129.4490071051
128.9171433777
128.3848059756
127.8776097650
127.3379850610
126.8439825105
126.3574458007
125.8419821461
125.3377008563
124.8426015668
124.3656403717
123.8907123338
123.4122645291
122.9706540353
122.5131280743
122.0694771361
121.6421643287
121.2231262525
120.7858881399
120.4854181089
120.1968409546
119.9113609036
119.6192056841
119.2767024959
119.0250136637
118.7582765531
118.4800910913
118.2057241756
117.9550409911
117.6892876662
117.4326653307
117.1909018036
116.9525815267
116.6756640554
116.4652067772
116.2510803425
116.0299398798
115.7991947531
115.5499690290
115.3287265440
115.1065731463
114.8808708326
114.6612424850
114.4746875569
114.2443067954
114.0483731099
113.8578830388
113.6542321006
113.4370705046
113.2499034433
113.0622809255
112.9209218437
112.7654108216
112.4054181089
111.9314374203
111.5277281836
111.2137183458
111.0269120058
111.0254545455
