99.6836363636
100.2724503553
101.1201967572
102.2966587721
103.5810092913
104.9602113318
106.5086172345
108.0730260521
109.6838659136
111.4573036983
113.2510074695
115.0711750774
117.0568190927
119.0706212425
121.1098997996
123.2955438149
125.4982401166
127.7182437602
130.0271160503
132.3875897249
134.8361231554
137.2922973219
139.7692293678
142.3343596283
144.8980688650
147.4678629987
150.1705775187
152.8452614320
155.4908435052
158.2124321370
160.4431663327
161.8353324831
163.1829732192
164.8641719803
167.5598906905
170.3397340135
173.1424558207
175.8533321188
178.5937074148
181.3566150483
184.1654326835
186.9439278557
189.6862852979
191.4749389688
192.9107414830
193.8691674258
196.0524066314
198.5496921115
200.9212716342
203.0399125524
205.0036363636
206.7490909091
208.3060703225
209.7029003461
210.1592749135
211.1102313718
212.7635744216
214.4410530151
216.0799672071
217.6213773001
219.0526543997
220.4509309528
221.8710803425
223.1790052833
224.4196720714
225.6614283112
226.8170049189
227.8885297868
227.9686390964
228.4232501366
229.5577372928
230.6449116415
231.6950045546
232.6709200219
233.6468354892
234.6054363272
235.4659209328
236.3105665877
237.1426307160
237.9249954454
238.7282674440
239.5549389688
240.3135179450
241.0528037894
241.7687083257
242.3966915649
243.0215048278
243.7105920933
244.3737074148
245.0217562398
245.6502131536
246.2345673165
246.7837383859
247.3573182729
247.9034286755
248.4141227910
248.9473419566
249.4599016214
249.9216250683
250.3718382219
250.8242339224
251.2999489889
251.6195518309
251.8448533430
251.9940972855
252.2699070869
252.6616724358
253.0590490071
253.4373729277
253.7871634177
254.0966186919
254.4145199490
254.7724722172
255.0923847695
255.3941993077
255.6775296047
255.9431881946
256.1966587721
256.4356822736
256.7093787575
257.0195263254
257.2398542540
257.4644051740
257.7080925487
257.9055383494
258.1005465476
258.3209145564
258.4865257788
258.6312807433
258.8003461468
258.9627436692
259.1199161960
259.2586664238
259.4322863910
259.6479905265
259.7584441610
259.8832865731
260.0616797231
260.1939879760
260.2917981417
260.3127855711
260.3467808344
260.3968518856
260.5332701767
260.6665549280
260.7971433777
260.8786919293
260.9693969758
261.0743341228
261.1612351977
261.2395882674
261.3048824923
261.3943559847
261.4918746584
261.5874840590
261.6562652578
261.7086609583
261.7599635635
261.8294516305
261.9168992531
261.9955438149
262.0422918564
262.0387939515
262.0458772090
262.0716196028
262.1427436692
262.2122208052
262.2710803425
262.2722463108
262.3035525597
262.3560211332
262.4084897067
262.4440153033
262.4603388595
262.4756021133
262.4879030789
262.4948988887
262.5323155402
262.5783275642
262.6261322645
262.6324175624
262.6252468574
262.6718855894
262.7140098379
262.7524867918
262.7434578247
262.7326106759
262.7197850246
262.7273638185
262.7408016032
262.7606230643
262.7680998360
262.7761887411
262.8030060120
262.8045509200
262.7925450902
262.7902131536
262.7903006012
262.7926325378
262.7893714702
262.8045290581
262.8476698852
262.8594461651
262.8606850064
262.8501912917
262.8430643104
262.8372344689
262.8314046274
262.8023683731
262.7589287666
262.7344434323
262.6992275460
262.6525888140
262.6307560576
262.5943086172
262.5290143924
262.4947422117
262.4584259428
262.3931317180
262.2420659501
262.0609764985
261.9408817635
261.8685334305
261.8324102751
261.7985971944
261.7291054837
261.6160065586
261.5942903990
261.5629404263
261.4894844234
261.4610275096
261.4394279468
261.3939551831
261.3538130807
261.3157369284
261.2702641647
261.2272836582
261.1864747677
261.1524867918
261.1419347786
261.1640881764
261.1572891237
261.1442448533
261.1279212971
261.1210566588
261.1217125159
261.1415339770
261.1389907087
261.1242594279
261.1347531426
261.1335871743
261.1207615230
261.1200000000
261.1217781017
261.1264419749
261.1109819639
261.0942211696
261.0860593915
261.0746183276
261.0654800510
261.0783057023
261.0931754418
261.1088868646
261.1007250865
261.0817052286
261.0502240845
261.0472727273
261.0509127346
261.0614064493
261.0654727637
261.0595591182
261.0257460375
261.0200036437
261.0277828384
261.0324467116
261.0557077792
261.0941847331
261.0806850064
261.0742357442
261.0777336491
261.0832647112
261.0956531244
261.1224703953
261.1053816724
261.0784186555
261.0702568774
261.0591364547
261.0482346511
261.0610603024
261.0726835489
261.0831772636
261.0167389324
260.9143887776
260.7628128985
260.6083075241
260.3598396794
259.8689670250
259.0428784842
258.1008562580
257.2392056841
256.4167316451
255.6160648570
254.7136053926
253.7769174713
252.8033339406
251.6781927491
250.5393623611
249.3990453635
248.1997340135
246.9740244125
245.7112807433
244.4253962470
243.1224266715
241.7745673165
240.3785644015
238.9459537256
237.5712770997
236.1497066861
234.6700929131
233.2370449991
232.1106103115
231.5999161960
230.7898451448
229.7698524321
228.2972344689
226.8291637821
225.3678739297
223.9500564766
222.5254253962
221.0947822919
219.6426088541
218.1955838951
216.7567790126
215.3239424303
213.8935033704
212.4663581709
211.0794570960
209.7030315176
208.3073674622
206.9038076152
205.5003024230
204.1804263072
202.8350592093
201.4638804882
200.1768701038
198.8809218437
197.5610457278
196.2593077063
194.9712625251
193.7108507925
192.4455419931
191.1801020222
189.9266860995
188.6990235015
187.4916742576
186.3630169430
185.2435270541
184.1346912006
183.0637638914
181.9961012935
180.9269083622
179.8952122427
178.8727746402
177.8467225360
176.8284314083
175.8186226999
174.8473711058
173.8844088176
172.9283148114
171.9952486792
171.0604773183
170.1230388049
169.1886390964
168.2651594097
167.3650318819
166.4832683549
165.6067371106
164.7264310439
163.8777737293
163.0431626890
162.1511969393
161.3249626526
160.5612534159
159.7797631627
159.0001530333
158.2247841137
157.4338495172
156.6539333212
155.9112115139
155.1893496083
154.4699471671
153.7190635817
152.9981053015
152.2977081436
151.6062889415
150.9020477318
150.1838112589
149.5416323556
148.9036655128
148.2612169794
147.6141045728
146.9599344143
146.2871707050
145.6239387867
144.9672982328
144.3260156677
143.7201493897
143.1417416651
142.5354381490
141.9601785389
141.4238331208
140.8926434688
140.3409072691
139.7450974677
139.1966004737
138.6630679541
138.1313864092
137.6064929860
137.0858152669
136.5704572782
136.0557150665
135.5415230461
135.0725122973
134.5887301876
134.0815339770
133.6209182000
133.1614064493
132.6845254145
132.2246966661
131.7747422117
131.3421679723
130.8953106212
130.4412133358
130.0191328111
129.5959008927
129.1714884314
129.1490836218
128.9791437420
128.5162543268
128.0419529969
127.5674621971
127.0999089087
126.6469812352
126.2024995445
125.7710912735
125.3133940608
124.8381963928
124.4510949171
124.0200728730
123.5373619967
123.1060703225
122.6868464201
122.2799234833
121.8957733649
121.5133430497
121.1145818911
120.7235452724
120.3353616324
119.9377664420
119.5763089816
119.2451739843
118.9874949900
118.7374239388
118.4960685006
118.2537037712
118.0026124977
117.7321078521
117.4772781927
117.2135507378
116.8882455821
116.6369101840
116.4257606121
116.1657496812
115.9300892694
115.7178830388
115.5145381672
115.2989069047
115.0633813081
114.8685625797
114.6731317180
114.4539296775
114.2530041902
114.0546329022
113.8296010202
113.6322608854
113.4545090180
113.2947713609
113.1128803061
112.9065039169
112.7246820915
112.5405538349
112.3481690654
112.3090909091
112.1963854983
111.7218364001
111.2994716706
110.9208453270
110.6829877938
110.5201348151
110.4163636364
