81.0529411765
81.0529411765
81.0540610633
81.3381743880
81.9006326378
82.1855947188
82.4118040002
82.6046760187
82.7991119494
83.0218004637
83.2220440882
83.4160006287
83.6118904476
83.8205902000
84.0562615427
84.2765688239
84.5091123423
84.7185036740
84.9031789068
85.1296082361
85.3141891626
85.5070768989
85.6352941176
85.6498565759
85.8177531534
86.0107194782
86.2269165783
86.4410507289
86.6089473064
86.8151558018
86.8647648238
87.0455499234
87.4394789579
87.7306023812
88.0272898739
88.2906047389
88.5383787182
88.7961491611
89.0764902354
89.3643286573
89.6539117451
89.9565719675
90.2954457935
90.6113914103
90.9493221738
91.2938347283
91.6045267005
91.7662619356
91.9571260167
92.2488388542
92.6083264568
92.9907383394
93.4297339778
93.8176588471
94.2116546819
94.6294785650
95.0700145389
95.4968289520
95.9058351998
96.3372627608
96.8036818736
97.2611615388
97.7227906794
98.1906676097
98.6582144682
99.1230382333
99.6375103147
100.1134897245
100.6056701639
101.1189398405
101.6287909152
102.1279971708
102.3971158002
102.7197296554
103.2729223152
104.0554127864
104.5620574482
105.0546976306
105.6283704664
106.3733270462
107.6132971826
109.1688985815
110.8318951629
112.5692679477
114.4438563401
116.4792211875
118.5576486306
120.7505049314
123.0883767535
125.5251876302
128.0458917836
130.6224959723
133.2736964124
136.0227828205
138.9016700067
141.7879602342
144.7305866635
147.7557114228
150.8795119651
153.9881842116
157.0878423514
158.8783527840
159.5051436206
162.8153247672
166.0651656254
169.3189830642
172.5719163818
175.8171833864
179.1597115800
182.4874808440
185.8325710244
188.4369209006
188.7927384180
191.5612872804
194.5455459939
197.4228063971
200.0018232544
202.2214468152
204.1087822704
205.0421509686
205.9764823765
208.0052732917
209.9322330936
211.9413336477
213.7685017093
215.4397658061
217.1988290306
218.7893355338
220.3216550749
221.8105976659
223.2587331526
224.6342528194
226.0002279068
227.2734881528
228.4861998507
229.6920861331
230.8735235176
231.4023851625
231.9616841526
232.7899013714
233.8742976148
234.9827105191
236.0723014657
237.0724193485
237.9774568745
238.9540296279
239.9102086526
240.8345632441
241.7262760816
242.5889308028
243.4299540257
244.2648866360
245.0583244921
245.8195331840
246.5958623129
247.3048214075
248.0107587724
248.6906401037
249.3405202562
250.0151872372
250.6193602892
251.1587527997
251.7108295021
252.3277181815
252.4601870407
252.8124248497
253.2435380565
253.7261660576
254.3114935754
254.6758300916
255.0803882274
255.5068254155
255.9215922040
256.2604660301
256.6169122559
256.9990923023
257.3607410900
257.6447208142
257.8388030964
258.0825061888
258.3397422296
258.5777712287
258.7549098196
258.9514086998
259.1207827420
259.2869739479
259.4592714841
259.5948210146
259.7950646391
259.9609650674
260.0808204645
260.1662305002
260.2632716413
260.3120594129
260.3773507800
260.4618098943
260.5157216394
260.5651774137
260.7081771386
260.8433965971
260.9163503478
261.0287948446
261.1358638846
261.2172148218
261.2723525482
261.3111635035
261.4097449802
261.4650398837
261.5386655664
261.6198161028
261.6290581162
261.6975558961
261.7822036229
261.8583519981
261.9019214900
261.8741954497
261.9563440607
262.0190655821
262.0600691579
262.1062792251
262.1524892923
262.1663405242
262.1873000904
262.2367833707
262.3276631695
262.3387598727
262.3358913906
262.3377382215
262.3529254588
262.3667884789
262.4501237770
262.4754175017
262.4672207159
262.4882903061
262.5298793666
262.5941648002
262.6139298204
262.5979763448
262.6318637275
262.6569098982
262.6752367480
262.6874769146
262.6998467523
262.7414358128
262.7870211010
262.7830916735
262.8099100161
262.9629690754
262.8397422296
262.8236708712
262.8259813745
262.8092538017
262.7722857480
262.8323116822
262.8518920193
262.8755000196
262.9280757594
262.9326967661
262.9359896263
262.9290856222
262.9171715981
262.9104051240
262.9242681441
262.9274509804
262.9374120791
262.9543243349
262.9604856772
262.9769067547
262.9938504460
262.9870525364
262.9534323549
262.9719163818
262.9361075091
262.9483751817
262.9930134779
263.0174073637
262.9634956187
262.9533459075
262.9610004322
262.9606742898
262.9160045581
262.9444221777
262.9767692247
262.9780737946
262.9410192935
262.9548823136
262.9779873472
263.0053322331
263.0192581241
262.9994695273
262.9856065071
262.9281268419
262.9126331094
262.9440842469
262.9394632402
262.9333844159
262.9292978113
262.9249832999
262.9139101733
262.8692404417
262.8996031278
262.9006247790
262.8751620889
262.8605839129
262.9098746513
262.8874965618
262.8699870329
262.8744233565
262.8559393296
262.8549019608
262.8559354002
262.8531848010
262.8477936265
262.8693583245
262.8659868757
262.8636370781
262.8477307556
262.7913591890
262.7081810680
262.5114189163
262.2675704350
261.7785138905
260.4338009352
259.3370309246
258.2608629023
257.2030846006
256.1482062164
254.9405831270
253.6256630909
252.2340091949
250.8149200362
249.4249243585
247.8691854297
246.3449565798
244.7464419034
243.0804118040
241.4969468348
239.8165979017
238.1586467052
236.4660929703
234.7024048096
232.9726079610
231.3080396086
229.5942551770
228.0229792919
226.9039176392
226.3447758262
224.8935282329
223.2012220519
221.5472317183
219.8420802389
218.1643286573
216.4751620889
214.7960862902
213.1534284255
211.5869071476
209.9150339895
208.3240873905
206.7706982593
205.1309010177
203.5751620889
202.1052025620
200.5422963574
198.8956697709
197.4323509765
195.9230107273
194.4317733506
192.9622617785
191.5061888483
190.0228456914
188.7469763056
187.4767888719
186.1804550277
184.8851349758
183.7252622893
182.4972297536
181.2766041888
180.0934064207
178.9273723918
177.7900231836
176.6720303352
175.5505285080
174.4087940587
173.2643247279
172.2400840897
171.1996109867
170.1471531298
169.1376046210
168.0978781092
167.0834806869
166.1076073716
165.1621281779
164.2055797870
163.2204251641
162.3088097764
161.4045620653
160.4525757397
159.5376164093
158.6909662462
157.8229085622
156.9387245078
156.0813352195
155.2557153523
154.4576329129
153.6500805533
152.8314943613
152.0536248969
151.2600652285
150.5366733467
149.8143384809
149.0323431176
148.2544736532
147.5536995560
146.8587410114
146.1581240913
145.4624110967
144.8000668003
144.1594483084
143.4960037723
142.8091241306
142.1668041966
141.6155212386
140.9755903965
140.3165468191
139.7129671107
139.1245589218
138.5489606664
138.0017721718
137.4472513655
136.8254587607
136.3618177532
135.8252465716
135.3047310307
134.8204998232
134.2890840505
133.7902943141
133.2803332155
132.7720224763
132.2803725097
131.7997878109
131.3779480530
130.8971197297
130.3896380997
129.9618177532
129.8709379543
129.5801917561
129.1717277693
128.6872293607
128.1080631852
127.6066996739
127.0814334551
126.5839836536
126.1513576172
125.6230225156
125.1354277182
124.6649102126
124.1930567016
123.7005501198
123.2600141459
122.8307949232
122.3921490039
121.9406577862
121.5016621478
121.0880584699
120.7084757751
120.3897992063
120.1433926677
119.8830759558
119.5631066054
119.2762269637
119.0164132186
118.7299658140
118.4542457464
118.1898031357
117.9139258910
117.6291877873
117.3858147668
117.2001178828
116.9262014225
116.6703799756
116.5228496208
116.2455892177
116.0062870840
115.7819953633
115.5887304020
115.4621203191
115.2172069629
114.9779126881
114.7364808047
114.5132264529
114.3930802782
114.1452787929
113.9330975677
113.7948956737
113.7021140320
113.2554167158
112.8137647845
112.4161145821
112.0785217494
111.8058823529
