
PART INFORMATION

PART INDEX #1
Part Number:	412-030-812-103-D
Serial Number:	22552298
Part Name:	
Part TCs:	PTC13	PTC14	PTC15	PTC16	PTC17	
Part Probes:	VPRB6	
Other Sensors:	

PART INDEX #2
Part Number:	VAC TEST
Serial Number:	VAC TEST
Part Name:	
Part TCs:	
Part Probes:	VPRB3	VPRB4	
Other Sensors:	

Time	Elapsed	PTC13	PTC14	PTC15	PTC16	PTC17	VPRB3	VPRB4	VPRB6	PRESS	SVAC	HIPRB	LOPRB	HITC	LOTC	HIRATE	LORATE	AVGTC	MEAN	AIRTC	AIRTC1	AIRTC2	HILIMTC	CAPSTC	RUNTIME	SEGTIME	SEGTIMELEFT	TSET_AIR	TSET_PART	PSET	TEMPOUT	TEMPINT	PRESSOUT	COOLIP	SCROUT	PRESSIP	PRESSINT	SPREAD	AIRPARTDELTA	CAPSFLOW	SILENCE	BARLOCK	HIPSI	FANON	HYDON	FANSTARTSTOPPB	HYDPMPSTARTSTOPPB	COOLCNTRLONOFFSW	PRESSCNTRLONOFFSW	PRESSDUMPSW	PCMANUALSW	HILIMIT	BLWRMTRHILIMIT	MANINSIDE
HH:MM:SS	Mins	Deg.F	Deg.F	Deg.F	Deg.F	Deg.F	"Hg	"Hg	"Hg	Psig	"Hg			Deg.F	Deg.F	Deg.F	Deg.F	Deg.F	Deg.F	Deg.F	Deg.F	Deg.F	Deg.F	Deg.F	Mins	Mins	Mins	Deg.F	Deg.F	Psig				%	%	%	%	Deg.F	Deg.F															
22:41:07	0.0	65.9	65.8	64.2	64.9	66.0	-28.2	-28.0	-28.0	-1.0	-28.2	-28.0	-28.2	66.0	64.2	0.3	-0.1	65.4	65.1	76.2	76.1	75.9	95.5	93.5	459.5	0.0	0.0	70.0	70.0	0.0	6.5	0.0	50.0	0.0	0.0	.Autoclave.Outputs.PRESSIP\OutputValue	8.0	1.8	10.2	-1.0	0.0	-1.0	-1.0	0.0	0.0	0.0	0.0	-1.0	-1.0	-1.0	0.0	0.0	-1.0	0.0
22:41:09	0.0	65.9	65.8	64.2	64.9	66.0	-28.2	-28.0	-28.0	-1.0	-28.2	-28.0	-28.2	66.0	64.2	0.3	-0.1	65.4	65.1	76.2	76.1	75.9	95.5	93.5	459.5	0.0	0.0	70.0	70.0	0.0	6.5	0.0	50.0	0.0	0.0	.Autoclave.Outputs.PRESSIP\OutputValue	8.0	1.8	10.2	-1.0	0.0	-1.0	-1.0	0.0	0.0	0.0	0.0	-1.0	-1.0	-1.0	0.0	0.0	-1.0	0.0
22:41:09	0.0	65.9	65.8	64.2	64.9	66.0	-28.2	-28.0	-28.0	-1.0	-28.2	-28.0	-28.2	66.0	64.2	0.3	-0.1	65.4	65.1	76.1	76.1	75.9	95.5	93.5	459.5	0.0	0.0	70.0	70.0	0.0	6.5	0.0	50.0	0.0	0.0	.Autoclave.Outputs.PRESSIP\OutputValue	8.0	1.8	10.2	-1.0	0.0	-1.0	-1.0	0.0	0.0	0.0	0.0	-1.0	-1.0	-1.0	0.0	0.0	-1.0	0.0
22:41:09	0.0	65.9	65.8	64.2	64.9	66.0	-28.2	-28.0	-28.0	-1.0	-28.2	-28.0	-28.2	66.0	64.2	0.3	-0.1	65.4	65.1	76.1	76.1	75.9	95.5	93.5	459.5	0.0	0.0	70.0	70.0	0.0	6.5	0.0	50.0	0.0	0.0	.Autoclave.Outputs.PRESSIP\OutputValue	8.0	1.8	10.1	-1.0	0.0	-1.0	-1.0	0.0	0.0	0.0	0.0	-1.0	-1.0	-1.0	0.0	0.0	-1.0	0.0
22:42:10	1.1	66.6	67.2	65.7	65.6	67.3	-28.4	-28.2	-28.1	0.7	-28.1	-28.1	-28.4	67.3	65.6	1.3	0.5	66.5	66.5	78.7	78.7	78.3	85.2	91.3	1.0	1.0	0.0	73.7	70.5	1.5	11.7	-0.3	64.8	-1.0	0.0	.Autoclave.Outputs.PRESSIP\OutputValue	8.0	1.7	11.4	-1.0	0.0	-1.0	-1.0	-1.0	0.0	0.0	0.0	-1.0	-1.0	0.0	0.0	0.0	-1.0	0.0
22:43:09	2.0	68.0	68.9	67.5	66.4	68.6	-28.4	-28.2	-28.1	2.1	-28.1	-28.1	-28.4	68.9	66.4	1.7	0.8	67.9	67.6	79.9	79.9	79.6	84.8	91.0	2.0	2.0	0.0	81.0	75.0	3.0	54.7	-0.5	66.4	0.0	9.4	.Autoclave.Outputs.PRESSIP\OutputValue	8.0	2.5	11.0	-1.0	0.0	-1.0	-1.0	-1.0	0.0	0.0	0.0	-1.0	-1.0	0.0	0.0	0.0	-1.0	0.0
22:44:10	3.1	69.4	70.8	69.6	67.1	70.0	-28.4	-28.2	-28.1	3.7	-28.1	-28.1	-28.4	70.8	67.1	2.5	0.8	69.4	68.9	86.3	86.4	86.1	97.8	91.0	3.0	3.0	0.0	88.0	79.5	4.5	57.8	-0.3	66.6	0.0	15.5	.Autoclave.Outputs.PRESSIP\OutputValue	8.0	3.7	15.5	-1.0	0.0	-1.0	-1.0	-1.0	0.0	0.0	0.0	-1.0	-1.0	0.0	0.0	0.0	-1.0	0.0
22:45:10	4.1	71.7	73.6	72.3	68.3	72.0	-28.3	-28.2	-28.1	5.4	-28.2	-28.1	-28.3	73.6	68.3	2.7	1.1	71.6	70.9	92.6	92.6	92.3	104.0	91.1	4.0	4.0	0.0	94.2	84.0	6.0	57.7	-0.1	63.1	0.0	15.3	.Autoclave.Outputs.PRESSIP\OutputValue	8.0	5.3	19.0	-1.0	0.0	-1.0	-1.0	-1.0	0.0	0.0	0.0	-1.0	-1.0	0.0	0.0	0.0	-1.0	0.0
22:46:10	5.0	74.3	76.9	75.1	69.6	74.0	-28.4	-28.2	-28.1	6.9	-28.2	-28.1	-28.4	76.9	69.6	3.1	1.4	74.0	73.2	98.6	98.6	98.4	110.5	91.2	5.0	5.0	0.0	100.3	88.5	7.5	59.3	0.0	64.4	0.0	18.7	.Autoclave.Outputs.PRESSIP\OutputValue	8.0	7.3	21.7	-1.0	0.0	-1.0	-1.0	-1.0	0.0	0.0	0.0	-1.0	-1.0	0.0	0.0	0.0	-1.0	0.0
22:47:10	6.0	77.1	80.0	78.4	70.9	76.4	-28.3	-28.2	-28.1	8.0	-28.2	-28.1	-28.3	80.0	70.9	3.3	1.3	76.6	75.4	104.3	104.3	104.0	116.5	91.2	6.0	6.0	0.0	106.4	93.0	9.0	62.2	0.2	67.5	0.0	24.3	.Autoclave.Outputs.PRESSIP\OutputValue	8.0	9.1	24.3	-1.0	0.0	-1.0	-1.0	-1.0	0.0	0.0	0.0	-1.0	-1.0	0.0	0.0	0.0	-1.0	0.0
22:48:04	7.0	79.9	83.0	81.3	72.4	78.5	-28.4	-28.2	-28.1	10.1	-28.1	-28.1	-28.4	83.0	72.4	3.4	1.6	79.0	77.7	109.0	109.2	108.9	122.6	91.4	6.9	6.9	0.0	110.9	97.0	10.3	61.2	0.4	62.1	0.0	22.5	.Autoclave.Outputs.PRESSIP\OutputValue	8.0	10.6	26.0	-1.0	0.0	-1.0	-1.0	-1.0	0.0	0.0	0.0	-1.0	-1.0	0.0	0.0	0.0	-1.0	0.0
22:48:10	7.1	80.1	83.2	81.6	72.6	78.8	-28.3	-28.2	-28.1	9.8	-28.2	-28.1	-28.3	83.2	72.6	3.4	1.7	79.3	77.9	109.9	109.9	109.6	122.6	91.4	7.0	0.1	0.0	111.8	97.5	10.5	62.8	0.4	64.2	0.0	25.6	.Autoclave.Outputs.PRESSIP\OutputValue	8.0	10.6	26.7	-1.0	0.0	-1.0	-1.0	-1.0	0.0	0.0	0.0	-1.0	-1.0	0.0	0.0	0.0	-1.0	0.0
22:49:10	8.0	83.5	87.0	85.3	74.7	81.4	-28.2	-28.1	-27.8	11.6	-27.1	-27.8	-28.2	87.0	74.7	3.6	2.1	82.4	80.8	114.9	115.1	114.7	128.4	91.5	8.0	1.1	0.0	117.1	102.0	12.0	62.4	0.6	61.3	0.0	24.7	.Autoclave.Outputs.PRESSIP\OutputValue	8.0	12.3	27.9	-1.0	0.0	-1.0	-1.0	-1.0	0.0	0.0	0.0	-1.0	-1.0	0.0	0.0	0.0	-1.0	0.0
22:50:10	9.0	86.6	90.5	89.2	76.8	84.3	-24.4	-24.0	-23.0	12.7	-22.2	-23.0	-24.4	90.5	76.8	4.0	2.2	85.5	83.6	120.6	120.4	120.2	132.0	91.5	9.0	2.1	0.0	121.7	106.5	13.5	61.3	0.8	66.2	0.0	22.5	.Autoclave.Outputs.PRESSIP\OutputValue	8.0	13.7	30.1	-1.0	0.0	-1.0	-1.0	-1.0	0.0	0.0	0.0	-1.0	-1.0	0.0	0.0	0.0	-1.0	0.0
22:51:09	10.0	90.2	94.7	93.3	79.1	87.1	-18.2	-18.0	-17.5	14.3	-17.0	-17.5	-18.2	94.7	79.1	4.2	2.0	88.9	86.9	125.9	126.1	125.6	137.5	91.9	10.0	3.1	0.0	128.1	111.0	15.0	63.9	1.0	64.9	0.0	27.8	.Autoclave.Outputs.PRESSIP\OutputValue	8.0	15.6	31.2	-1.0	0.0	-1.0	-1.0	-1.0	0.0	0.0	0.0	-1.0	-1.0	0.0	0.0	0.0	-1.0	0.0
22:52:10	11.0	93.4	98.0	97.5	81.3	90.6	-12.7	-12.6	-12.2	15.6	-11.8	-12.2	-12.7	98.0	81.3	4.3	2.5	92.2	89.6	130.6	130.9	130.3	143.3	91.9	11.0	4.1	0.0	132.4	115.4	16.5	62.7	1.1	68.1	0.0	25.3	.Autoclave.Outputs.PRESSIP\OutputValue	8.0	16.7	32.6	-1.0	0.0	-1.0	-1.0	-1.0	0.0	0.0	0.0	-1.0	-1.0	0.0	0.0	0.0	-1.0	0.0
22:53:10	12.0	97.3	102.1	101.5	84.1	94.0	-7.7	-7.8	-7.5	17.4	-7.1	-7.5	-7.8	102.1	84.1	4.6	2.5	95.8	93.1	135.6	135.6	135.2	148.3	91.9	12.0	5.1	0.0	137.6	120.0	18.0	66.7	1.3	68.1	0.0	33.3	.Autoclave.Outputs.PRESSIP\OutputValue	8.0	18.0	33.5	-1.0	0.0	-1.0	-1.0	-1.0	0.0	0.0	0.0	-1.0	-1.0	0.0	0.0	0.0	-1.0	0.0
22:54:10	13.1	100.9	106.6	106.0	86.9	97.5	-4.1	-4.0	-3.9	18.7	-3.6	-3.9	-4.1	106.6	86.9	4.3	2.8	99.6	96.7	141.1	141.0	140.6	152.8	91.9	13.0	6.1	0.0	142.6	124.5	19.5	59.3	1.5	66.3	0.0	18.5	.Autoclave.Outputs.PRESSIP\OutputValue	8.0	19.7	34.5	-1.0	0.0	-1.0	-1.0	-1.0	0.0	0.0	0.0	-1.0	-1.0	0.0	0.0	0.0	-1.0	0.0
22:55:10	14.1	104.7	110.2	110.5	89.7	101.0	-2.1	-2.2	-2.1	20.6	-1.8	-2.1	-2.2	110.5	89.7	4.6	3.1	103.2	100.1	146.0	146.0	145.5	156.9	92.0	14.0	7.1	0.0	147.5	129.0	21.0	60.2	1.7	61.7	0.0	20.4	.Autoclave.Outputs.PRESSIP\OutputValue	8.0	20.8	35.5	-1.0	0.0	-1.0	-1.0	-1.0	0.0	0.0	0.0	-1.0	-1.0	0.0	0.0	0.0	-1.0	0.0
22:56:10	15.0	108.2	114.3	114.9	93.0	104.8	-1.2	-1.2	-1.2	22.0	-0.9	-1.2	-1.2	114.9	93.0	4.5	3.3	107.0	103.9	149.8	149.9	149.6	162.0	92.3	15.0	8.1	0.0	152.0	133.5	22.5	66.4	1.9	63.1	0.0	32.8	.Autoclave.Outputs.PRESSIP\OutputValue	8.0	21.9	34.9	-1.0	0.0	-1.0	-1.0	-1.0	0.0	0.0	0.0	-1.0	-1.0	0.0	0.0	0.0	-1.0	0.0
22:57:10	16.1	112.1	118.7	119.5	96.3	108.8	-0.6	-0.7	-0.7	23.1	-0.4	-0.6	-0.7	119.5	96.3	4.7	3.3	111.1	107.9	154.5	154.5	154.1	165.8	92.2	16.0	9.1	0.0	156.5	138.0	24.0	63.7	2.1	67.5	0.0	27.3	.Autoclave.Outputs.PRESSIP\OutputValue	8.0	23.2	35.0	-1.0	0.0	-1.0	-1.0	-1.0	0.0	0.0	0.0	-1.0	-1.0	0.0	0.0	0.0	-1.0	0.0
22:58:10	17.1	116.2	123.2	124.3	99.6	112.7	-0.2	-0.3	-0.3	25.1	0.0	-0.2	-0.3	124.3	99.6	4.9	3.3	115.2	111.9	158.9	158.9	158.5	171.8	92.3	17.0	10.1	0.0	160.6	142.5	25.5	62.1	2.3	62.2	0.0	24.2	.Autoclave.Outputs.PRESSIP\OutputValue	8.0	24.7	34.6	-1.0	0.0	-1.0	-1.0	-1.0	0.0	0.0	0.0	-1.0	-1.0	0.0	0.0	0.0	-1.0	0.0
22:59:09	18.0	120.3	127.9	128.8	103.1	116.8	-0.1	-0.1	-0.1	26.7	0.1	-0.1	-0.1	128.8	103.1	4.9	3.6	119.4	115.9	163.4	163.4	163.1	176.2	92.5	18.0	11.1	0.0	165.1	147.0	27.0	62.6	2.5	67.7	0.0	25.1	.Autoclave.Outputs.PRESSIP\OutputValue	8.0	25.7	34.6	-1.0	0.0	-1.0	-1.0	-1.0	0.0	0.0	0.0	-1.0	-1.0	0.0	0.0	0.0	-1.0	0.0
23:00:09	19.0	124.1	131.5	133.4	106.6	121.0	0.0	0.0	0.0	27.6	0.1	0.0	0.0	133.4	106.6	4.6	3.7	123.3	120.0	167.5	167.5	167.1	181.3	92.6	19.0	12.1	0.0	169.7	151.5	28.5	64.8	2.7	68.6	0.0	29.5	.Autoclave.Outputs.PRESSIP\OutputValue	8.0	26.8	34.1	-1.0	0.0	-1.0	-1.0	-1.0	0.0	0.0	0.0	-1.0	-1.0	0.0	0.0	0.0	-1.0	0.0
23:01:09	20.0	128.1	135.8	138.0	110.5	125.5	0.0	0.0	0.0	29.4	0.2	0.0	0.0	138.0	110.5	4.7	3.7	127.6	124.2	172.4	172.4	172.1	184.3	92.7	20.0	13.1	0.0	174.1	156.0	30.0	61.6	2.9	63.7	0.0	23.3	.Autoclave.Outputs.PRESSIP\OutputValue	8.0	27.5	34.4	-1.0	0.0	-1.0	-1.0	-1.0	0.0	0.0	0.0	-1.0	-1.0	0.0	0.0	0.0	-1.0	0.0
23:02:10	21.0	132.2	140.2	142.8	114.2	129.9	0.1	0.1	0.1	30.7	0.2	0.1	0.1	142.8	114.2	5.0	4.0	131.9	128.5	176.4	176.5	176.1	189.6	92.8	21.0	14.1	0.0	178.2	160.5	31.5	62.7	3.1	65.5	0.0	25.5	.Autoclave.Outputs.PRESSIP\OutputValue	8.0	28.6	33.6	-1.0	0.0	-1.0	-1.0	-1.0	0.0	0.0	0.0	-1.0	-1.0	0.0	0.0	0.0	-1.0	0.0
23:03:10	22.0	136.2	144.9	147.6	118.4	134.3	0.1	0.1	0.1	32.5	0.2	0.1	0.1	147.6	118.4	5.1	3.9	136.3	133.0	180.5	180.5	180.2	192.0	92.8	22.0	15.1	0.0	182.5	165.0	33.0	64.2	3.2	63.2	0.0	28.3	.Autoclave.Outputs.PRESSIP\OutputValue	8.0	29.2	32.9	-1.0	0.0	-1.0	-1.0	-1.0	0.0	0.0	0.0	-1.0	-1.0	0.0	0.0	0.0	-1.0	0.0
23:04:09	23.0	140.3	149.4	152.3	122.2	138.8	0.1	0.1	0.1	34.3	0.2	0.1	0.1	152.3	122.2	4.9	4.2	140.6	137.2	184.6	184.6	184.2	196.7	93.0	23.0	16.1	0.0	186.6	169.5	34.5	65.5	3.4	60.2	0.0	30.9	.Autoclave.Outputs.PRESSIP\OutputValue	8.0	30.1	32.3	-1.0	0.0	-1.0	-1.0	-1.0	0.0	0.0	0.0	-1.0	-1.0	0.0	0.0	0.0	-1.0	0.0
23:05:10	24.0	144.6	153.7	157.2	126.5	143.4	0.1	0.1	0.1	35.8	0.2	0.1	0.1	157.2	126.5	4.9	4.0	145.1	141.8	188.7	188.7	188.5	200.1	93.1	24.0	17.1	0.0	190.7	174.0	36.0	65.3	3.6	65.5	0.0	30.5	.Autoclave.Outputs.PRESSIP\OutputValue	8.0	30.7	31.5	-1.0	0.0	-1.0	-1.0	-1.0	0.0	0.0	0.0	-1.0	-1.0	0.0	0.0	0.0	-1.0	0.0
23:06:10	25.0	148.7	158.3	162.1	131.0	148.2	0.1	0.1	0.1	36.9	0.2	0.1	0.1	162.1	131.0	4.9	4.1	149.7	146.5	193.0	193.0	192.7	205.5	93.2	25.0	18.1	0.0	195.1	178.5	37.5	65.3	3.8	64.1	0.0	30.7	.Autoclave.Outputs.PRESSIP\OutputValue	8.0	31.1	30.9	-1.0	0.0	-1.0	-1.0	-1.0	0.0	0.0	0.0	-1.0	-1.0	0.0	0.0	0.0	-1.0	0.0
23:07:09	26.0	152.7	163.7	167.0	135.2	152.7	0.1	0.1	0.1	38.4	0.2	0.1	0.1	167.0	135.2	5.1	4.4	154.3	151.1	197.8	197.8	197.3	209.9	93.4	26.0	19.1	0.0	199.2	183.0	39.0	62.7	4.0	63.8	0.0	25.5	.Autoclave.Outputs.PRESSIP\OutputValue	8.0	31.8	30.8	-1.0	0.0	-1.0	-1.0	-1.0	0.0	0.0	0.0	-1.0	-1.0	0.0	0.0	0.0	-1.0	0.0
23:08:10	27.0	156.9	167.3	171.3	139.2	157.2	0.1	0.1	0.1	39.9	0.2	0.1	0.1	171.3	139.2	4.7	3.9	158.4	155.2	201.3	201.3	201.0	215.5	93.4	27.0	20.1	0.0	203.7	187.5	40.5	68.5	4.2	63.8	0.0	37.0	.Autoclave.Outputs.PRESSIP\OutputValue	8.0	32.1	30.0	-1.0	0.0	-1.0	-1.0	-1.0	0.0	0.0	0.0	-1.0	-1.0	0.0	0.0	0.0	-1.0	0.0
23:09:10	28.0	161.0	171.7	176.2	144.0	161.8	0.1	0.1	0.1	41.3	0.2	0.1	0.1	176.2	144.0	4.9	4.3	162.9	160.1	206.1	206.1	205.8	217.7	93.5	28.0	21.1	0.0	207.8	192.0	42.0	63.8	4.4	64.5	0.0	27.6	.Autoclave.Outputs.PRESSIP\OutputValue	8.0	32.2	29.9	-1.0	0.0	-1.0	-1.0	-1.0	0.0	0.0	0.0	-1.0	-1.0	0.0	0.0	0.0	-1.0	0.0
23:09:35	28.5	162.8	173.4	178.2	146.1	163.9	0.2	0.1	0.1	42.1	0.2	0.2	0.1	178.2	146.1	4.7	4.2	164.9	162.1	207.6	207.8	207.5	219.7	93.4	28.4	21.5	0.0	209.4	193.8	42.6	65.6	4.5	66.8	0.0	31.2	.Autoclave.Outputs.PRESSIP\OutputValue	8.0	32.1	29.2	-1.0	0.0	-1.0	-1.0	-1.0	0.0	0.0	0.0	-1.0	-1.0	0.0	0.0	0.0	-1.0	0.0
23:10:10	29.1	165.1	175.5	180.9	148.6	166.5	0.1	0.1	0.1	43.1	0.2	0.1	0.1	180.9	148.6	4.8	4.2	167.3	164.7	209.8	209.8	209.4	222.7	93.5	29.0	0.6	0.0	212.2	196.5	43.5	69.3	4.6	61.9	0.0	38.7	.Autoclave.Outputs.PRESSIP\OutputValue	8.0	32.3	28.9	-1.0	0.0	-1.0	-1.0	-1.0	0.0	0.0	0.0	-1.0	-1.0	0.0	0.0	0.0	-1.0	0.0
23:11:10	30.1	169.4	181.3	185.9	153.3	171.2	0.1	0.1	0.1	43.6	0.2	0.1	0.1	185.9	153.3	5.1	4.0	172.2	169.6	214.1	214.1	213.8	225.3	93.5	30.0	1.6	0.0	216.2	201.0	44.0	65.6	4.7	61.8	0.0	31.1	.Autoclave.Outputs.PRESSIP\OutputValue	8.0	32.6	28.2	-1.0	0.0	-1.0	-1.0	-1.0	0.0	0.0	0.0	-1.0	-1.0	0.0	0.0	0.0	-1.0	0.0
23:12:10	31.0	173.6	185.4	190.4	157.4	176.2	0.1	0.1	0.1	43.9	0.2	0.1	0.1	190.4	157.4	4.9	4.4	176.6	173.9	218.2	218.2	217.8	230.6	93.5	31.0	2.6	0.0	220.5	205.5	44.0	68.4	5.0	59.2	0.0	36.8	.Autoclave.Outputs.PRESSIP\OutputValue	7.9	33.0	27.8	-1.0	0.0	-1.0	-1.0	-1.0	0.0	0.0	0.0	-1.0	-1.0	0.0	0.0	0.0	-1.0	0.0
23:13:09	32.0	177.6	190.8	195.3	162.5	180.9	0.1	0.1	0.1	44.5	0.2	0.1	0.1	195.3	162.5	5.0	4.2	181.4	178.9	222.7	222.8	222.4	235.3	93.5	32.0	3.6	0.0	224.7	210.0	44.0	66.4	5.2	53.1	0.0	32.8	.Autoclave.Outputs.PRESSIP\OutputValue	7.3	32.8	27.4	-1.0	0.0	-1.0	-1.0	-1.0	0.0	0.0	0.0	-1.0	-1.0	0.0	0.0	0.0	-1.0	0.0
23:14:09	33.0	181.7	194.7	200.0	167.0	185.4	0.1	0.1	0.1	45.0	0.2	0.1	0.1	200.0	167.0	4.9	4.0	185.8	183.5	227.3	227.3	226.9	238.4	93.7	33.0	4.6	0.0	228.9	214.5	44.0	63.9	5.4	46.5	0.0	27.8	.Autoclave.Outputs.PRESSIP\OutputValue	6.1	33.0	27.3	-1.0	0.0	-1.0	-1.0	-1.0	0.0	0.0	0.0	-1.0	-1.0	0.0	0.0	0.0	-1.0	0.0
23:15:09	34.0	185.9	199.7	204.6	171.2	189.9	0.1	0.1	0.1	44.1	0.2	0.1	0.1	204.6	171.2	4.7	4.2	190.3	187.9	232.0	232.0	231.5	244.0	93.4	34.0	5.6	0.0	233.4	219.0	44.0	63.5	5.6	55.3	0.0	27.0	.Autoclave.Outputs.PRESSIP\OutputValue	6.0	33.4	27.4	-1.0	0.0	-1.0	-1.0	-1.0	0.0	0.0	0.0	-1.0	-1.0	0.0	0.0	0.0	-1.0	0.0
23:16:10	35.1	189.7	203.7	208.8	175.6	194.1	0.1	0.1	0.0	44.0	0.2	0.1	0.0	208.8	175.6	4.6	3.8	194.4	192.2	236.2	236.2	235.9	248.8	93.7	35.0	6.6	0.0	237.7	223.5	44.0	63.9	5.8	55.6	0.0	27.9	.Autoclave.Outputs.PRESSIP\OutputValue	5.8	33.2	27.4	-1.0	0.0	-1.0	-1.0	-1.0	0.0	0.0	0.0	-1.0	-1.0	0.0	0.0	0.0	-1.0	0.0
23:17:10	36.1	193.6	208.4	213.6	180.2	198.6	0.1	0.1	0.1	44.6	0.2	0.1	0.1	213.6	180.2	5.0	3.7	198.9	196.9	240.6	240.6	240.3	253.9	93.6	36.0	7.6	0.0	242.6	228.0	44.0	67.3	6.0	49.0	0.0	34.6	.Autoclave.Outputs.PRESSIP\OutputValue	5.0	33.4	27.0	-1.0	0.0	-1.0	-1.0	-1.0	0.0	0.0	0.0	-1.0	-1.0	0.0	0.0	0.0	-1.0	0.0
23:18:10	37.0	197.4	212.9	218.2	184.6	203.2	0.1	0.1	0.1	44.3	0.2	0.1	0.1	218.2	184.6	4.9	4.3	203.3	201.4	245.0	245.0	244.7	258.3	93.5	37.0	8.6	0.0	246.8	232.5	44.0	64.9	6.2	51.4	0.0	29.8	.Autoclave.Outputs.PRESSIP\OutputValue	4.4	33.6	26.8	-1.0	0.0	-1.0	-1.0	-1.0	0.0	0.0	0.0	-1.0	-1.0	0.0	0.0	0.0	-1.0	0.0
23:19:10	38.0	201.4	217.6	222.8	189.3	207.4	0.1	0.1	0.1	44.6	0.2	0.1	0.1	222.8	189.3	4.8	4.0	207.7	206.0	249.4	249.5	249.1	261.7	93.7	38.0	9.6	0.0	251.1	237.0	44.0	66.3	6.3	53.2	0.0	32.6	.Autoclave.Outputs.PRESSIP\OutputValue	4.0	33.5	26.6	-1.0	0.0	-1.0	-1.0	-1.0	0.0	0.0	0.0	-1.0	-1.0	0.0	0.0	0.0	-1.0	0.0
23:20:09	39.0	205.2	222.2	227.2	193.8	212.1	0.1	0.1	0.1	44.1	0.2	0.1	0.1	227.2	193.8	5.9	4.3	212.1	210.5	254.1	254.0	253.7	267.4	93.7	39.0	10.6	0.0	255.7	241.5	44.0	65.7	6.5	47.0	0.0	31.3	.Autoclave.Outputs.PRESSIP\OutputValue	2.9	33.4	26.9	-1.0	0.0	-1.0	-1.0	-1.0	0.0	0.0	0.0	-1.0	-1.0	-1.0	0.0	0.0	-1.0	0.0
23:21:09	40.0	209.0	226.8	231.9	198.0	216.5	0.1	0.1	0.1	43.9	0.2	0.1	0.1	231.9	198.0	4.8	3.7	216.4	214.9	258.8	258.8	258.3	270.5	93.7	40.0	11.6	0.0	260.2	246.0	44.0	63.9	6.7	54.4	0.0	27.9	.Autoclave.Outputs.PRESSIP\OutputValue	2.9	33.9	26.9	-1.0	0.0	-1.0	-1.0	-1.0	0.0	0.0	0.0	-1.0	-1.0	0.0	0.0	0.0	-1.0	0.0
23:22:10	41.0	213.5	231.3	236.4	202.3	221.4	0.1	0.1	0.1	44.6	0.2	0.1	0.1	236.4	202.3	4.7	3.0	221.0	219.3	262.7	262.7	262.4	275.8	93.8	41.0	12.6	0.0	264.7	250.5	44.0	68.1	6.9	46.0	0.0	36.3	.Autoclave.Outputs.PRESSIP\OutputValue	2.2	34.1	26.3	-1.0	0.0	-1.0	-1.0	-1.0	0.0	0.0	0.0	-1.0	-1.0	0.0	0.0	0.0	-1.0	0.0
23:23:09	42.0	217.5	235.5	240.9	206.7	225.1	0.1	0.1	0.1	45.0	0.2	0.1	0.1	240.9	206.7	5.8	3.8	225.1	223.8	267.2	267.2	266.9	280.3	93.9	42.0	13.6	0.0	269.2	255.0	44.0	67.5	7.1	40.4	0.0	34.9	.Autoclave.Outputs.PRESSIP\OutputValue	0.9	34.2	26.3	-1.0	0.0	-1.0	-1.0	-1.0	0.0	0.0	0.0	-1.0	-1.0	-1.0	0.0	0.0	-1.0	0.0
23:24:09	43.0	221.8	240.2	245.5	211.0	229.4	0.1	0.1	0.1	44.3	0.2	0.1	0.1	245.5	211.0	4.8	4.0	229.6	228.2	271.7	271.7	271.4	284.9	93.7	43.0	14.6	0.0	274.5	259.5	44.0	73.8	7.3	48.3	0.0	47.6	.Autoclave.Outputs.PRESSIP\OutputValue	0.9	34.5	26.2	-1.0	0.0	-1.0	-1.0	-1.0	0.0	0.0	0.0	-1.0	-1.0	0.0	0.0	0.0	-1.0	0.0
23:25:10	44.0	226.0	245.3	249.9	215.0	233.9	0.2	0.1	0.1	44.7	0.2	0.2	0.1	249.9	215.0	4.8	4.0	234.0	232.4	276.1	276.3	275.8	289.9	93.9	44.0	15.6	0.0	278.3	264.0	44.0	70.7	7.5	43.2	0.0	41.4	.Autoclave.Outputs.PRESSIP\OutputValue	0.2	34.9	26.2	-1.0	0.0	-1.0	-1.0	-1.0	0.0	0.0	0.0	-1.0	-1.0	0.0	0.0	0.0	-1.0	0.0
23:26:10	45.1	230.4	248.8	254.3	219.7	238.4	0.1	0.1	0.1	44.3	0.2	0.1	0.1	254.3	219.7	5.4	4.4	238.3	237.0	280.9	280.9	280.5	295.3	93.9	45.0	16.6	0.0	282.8	268.5	44.0	67.4	7.7	41.9	0.0	34.9	.Autoclave.Outputs.PRESSIP\OutputValue	-1.0	34.6	26.6	-1.0	0.0	-1.0	-1.0	-1.0	0.0	0.0	0.0	-1.0	-1.0	0.0	0.0	0.0	-1.0	0.0
23:27:09	46.0	234.9	253.7	258.7	224.1	242.7	0.2	0.1	0.1	44.6	0.2	0.2	0.1	258.7	224.1	4.7	4.0	242.8	241.4	284.9	284.9	284.5	299.0	94.0	46.0	17.6	0.0	287.1	273.0	44.0	71.0	7.9	42.1	0.0	41.9	.Autoclave.Outputs.PRESSIP\OutputValue	-2.0	34.6	26.2	-1.0	0.0	-1.0	-1.0	-1.0	0.0	0.0	0.0	-1.0	-1.0	0.0	0.0	0.0	-1.0	0.0
23:28:10	47.0	239.5	258.3	263.4	228.7	247.1	0.2	0.1	0.1	44.5	0.2	0.2	0.1	263.4	228.7	5.0	4.1	247.4	246.1	289.5	289.5	289.1	302.5	93.9	47.0	18.6	0.0	291.8	277.5	44.0	69.9	8.1	42.1	0.0	39.7	.Autoclave.Outputs.PRESSIP\OutputValue	-3.0	34.7	26.1	-1.0	0.0	-1.0	-1.0	-1.0	0.0	0.0	0.0	-1.0	-1.0	0.0	0.0	0.0	-1.0	0.0
23:29:10	48.1	243.7	263.3	268.0	233.4	251.4	0.2	0.1	0.1	43.9	0.2	0.2	0.1	268.0	233.4	5.1	4.2	252.0	250.7	294.3	294.4	294.1	307.3	93.8	48.0	19.6	0.0	296.3	282.0	44.0	68.0	8.3	49.0	0.0	36.1	.Autoclave.Outputs.PRESSIP\OutputValue	-2.9	34.6	26.3	-1.0	0.0	-1.0	-1.0	-1.0	0.0	0.0	0.0	-1.0	-1.0	0.0	0.0	0.0	-1.0	0.0
23:30:10	49.1	248.3	267.2	272.2	237.9	255.8	0.2	0.1	0.1	44.4	0.2	0.2	0.1	272.2	237.9	4.7	4.2	256.3	255.1	299.0	299.0	298.6	313.1	93.8	49.0	20.6	0.0	300.5	286.5	44.0	66.2	8.4	43.4	0.0	32.3	.Autoclave.Outputs.PRESSIP\OutputValue	-2.9	34.3	26.8	-1.0	0.0	-1.0	-1.0	-1.0	0.0	0.0	0.0	-1.0	-1.0	0.0	0.0	0.0	-1.0	0.0
23:31:10	50.0	252.5	271.4	276.9	242.5	259.9	0.2	0.1	0.1	44.6	0.2	0.2	0.1	276.9	242.5	4.6	3.8	260.6	259.7	303.4	303.4	303.0	317.2	93.8	50.0	21.6	0.0	305.1	291.0	44.0	67.7	8.6	40.9	0.0	35.4	.Autoclave.Outputs.PRESSIP\OutputValue	-3.5	34.4	26.5	-1.0	0.0	-1.0	-1.0	-1.0	0.0	0.0	0.0	-1.0	-1.0	0.0	0.0	0.0	-1.0	0.0
23:32:10	51.0	257.1	275.4	281.3	247.2	264.3	0.2	0.2	0.1	44.6	0.2	0.2	0.1	281.3	247.2	5.2	4.4	265.1	264.3	308.1	308.1	307.7	321.6	93.8	51.0	22.6	0.0	309.9	295.5	44.0	70.0	8.8	37.2	0.0	40.0	.Autoclave.Outputs.PRESSIP\OutputValue	-4.7	34.1	26.8	-1.0	0.0	-1.0	-1.0	-1.0	0.0	0.0	0.0	-1.0	-1.0	0.0	0.0	0.0	-1.0	0.0
23:33:09	52.0	261.5	280.3	285.6	251.6	268.7	0.3	0.2	0.1	44.4	0.2	0.3	0.1	285.6	251.6	4.7	3.5	269.5	268.6	312.8	312.8	312.2	327.7	93.7	52.0	23.6	0.0	314.4	300.0	44.0	68.6	9.0	41.0	0.0	37.2	.Autoclave.Outputs.PRESSIP\OutputValue	-5.2	34.0	27.2	-1.0	0.0	-1.0	-1.0	-1.0	0.0	0.0	0.0	-1.0	-1.0	0.0	0.0	0.0	-1.0	0.0
23:34:09	53.0	265.9	284.3	290.0	256.3	273.1	0.3	0.2	0.1	43.4	0.2	0.3	0.1	290.0	256.3	5.1	4.5	273.9	273.2	316.9	316.9	316.5	332.2	93.5	53.0	24.6	0.0	318.7	304.5	44.0	69.4	9.2	50.4	0.0	38.9	.Autoclave.Outputs.PRESSIP\OutputValue	-6.0	33.7	26.9	-1.0	0.0	-1.0	-1.0	-1.0	0.0	0.0	0.0	-1.0	-1.0	-1.0	0.0	0.0	-1.0	0.0
23:35:09	54.0	270.5	288.9	294.8	261.0	277.5	0.2	0.2	0.2	43.9	0.2	0.2	0.2	294.8	261.0	5.3	3.3	278.5	277.9	321.5	321.6	321.2	335.5	93.5	54.0	25.6	0.0	322.8	309.0	44.0	68.2	9.4	46.2	0.0	36.5	.Autoclave.Outputs.PRESSIP\OutputValue	-5.1	33.8	26.7	-1.0	0.0	-1.0	-1.0	-1.0	0.0	0.0	0.0	-1.0	-1.0	0.0	0.0	0.0	-1.0	0.0
23:36:10	55.1	274.5	293.0	299.1	265.5	281.8	0.2	0.2	0.2	44.0	0.2	0.2	0.2	299.1	265.5	5.2	4.3	282.8	282.3	326.3	326.3	325.9	339.3	93.4	55.0	26.6	0.0	327.9	313.5	44.0	67.8	9.5	45.8	0.0	35.7	.Autoclave.Outputs.PRESSIP\OutputValue	-4.8	33.6	27.2	-1.0	0.0	-1.0	-1.0	-1.0	0.0	0.0	0.0	-1.0	-1.0	0.0	0.0	0.0	-1.0	0.0
23:37:10	56.0	279.0	297.5	303.7	270.2	286.3	0.3	0.2	0.2	44.6	0.2	0.3	0.2	303.7	270.2	4.8	4.4	287.3	287.0	330.7	330.8	330.3	345.9	93.4	56.0	27.6	0.0	332.4	318.0	44.0	69.4	9.7	39.4	0.0	38.8	.Autoclave.Outputs.PRESSIP\OutputValue	-5.1	33.5	27.0	-1.0	0.0	-1.0	-1.0	-1.0	0.0	0.0	0.0	-1.0	-1.0	0.0	0.0	0.0	-1.0	0.0
23:38:09	57.0	283.4	301.9	307.7	274.8	290.7	0.3	0.2	0.2	44.7	0.2	0.3	0.2	307.7	274.8	4.9	4.1	291.7	291.3	335.5	335.5	335.1	349.6	93.3	57.0	28.6	0.0	336.7	322.5	44.0	66.7	9.9	38.6	0.0	33.3	.Autoclave.Outputs.PRESSIP\OutputValue	-5.9	32.9	27.8	-1.0	0.0	-1.0	-1.0	-1.0	0.0	0.0	0.0	-1.0	-1.0	0.0	0.0	0.0	-1.0	0.0
23:39:09	58.0	287.6	306.1	312.9	279.4	295.0	0.3	0.2	0.2	43.8	0.2	0.3	0.2	312.9	279.4	4.6	3.9	296.2	296.2	339.6	339.6	339.1	356.7	93.2	58.0	29.6	0.0	341.2	327.0	44.0	70.2	10.1	46.0	0.0	40.4	.Autoclave.Outputs.PRESSIP\OutputValue	-5.7	33.5	26.7	-1.0	0.0	-1.0	-1.0	-1.0	0.0	0.0	0.0	-1.0	-1.0	0.0	0.0	0.0	-1.0	0.0
23:40:10	59.1	292.0	310.6	317.3	284.1	299.2	0.4	0.2	0.2	44.2	0.2	0.4	0.2	317.3	284.1	4.8	3.8	300.6	300.7	344.1	344.1	343.8	359.6	93.1	59.0	30.6	0.0	346.5	331.5	44.0	69.1	10.2	43.1	0.0	38.3	.Autoclave.Outputs.PRESSIP\OutputValue	-5.2	33.2	26.8	-1.0	0.0	-1.0	-1.0	-1.0	0.0	0.0	0.0	-1.0	-1.0	0.0	0.0	0.0	-1.0	0.0
23:41:09	60.0	296.5	314.7	322.1	288.6	303.7	0.4	0.2	0.3	44.2	0.2	0.4	0.2	322.1	288.6	4.7	4.1	305.1	305.4	348.7	348.8	348.3	363.4	93.2	60.0	31.6	0.0	350.1	336.0	44.0	67.9	10.4	44.2	0.0	35.7	.Autoclave.Outputs.PRESSIP\OutputValue	-5.2	33.5	26.6	-1.0	0.0	-1.0	-1.0	-1.0	0.0	0.0	0.0	-1.0	-1.0	0.0	0.0	0.0	-1.0	0.0
23:42:10	61.1	300.7	319.1	326.4	293.2	308.1	0.4	0.2	0.3	44.2	0.2	0.4	0.2	326.4	293.2	4.7	4.3	309.5	309.8	353.2	353.1	352.7	368.2	93.2	61.0	32.6	0.0	354.6	340.5	44.0	68.9	10.5	36.6	0.0	37.8	.Autoclave.Outputs.PRESSIP\OutputValue	-5.8	33.2	26.8	-1.0	0.0	-1.0	-1.0	-1.0	0.0	0.0	0.0	-1.0	-1.0	0.0	0.0	0.0	-1.0	0.0
23:43:10	62.1	305.0	323.7	330.8	297.8	312.5	0.5	0.3	0.3	44.8	0.2	0.5	0.3	330.8	297.8	4.8	4.5	314.0	314.3	357.9	357.8	357.4	371.4	93.2	62.0	33.6	0.0	359.2	345.0	44.0	67.5	10.7	35.7	0.0	34.9	.Autoclave.Outputs.PRESSIP\OutputValue	-6.0	33.0	27.1	-1.0	0.0	-1.0	-1.0	-1.0	0.0	0.0	0.0	-1.0	-1.0	0.0	0.0	0.0	-1.0	0.0
23:44:10	63.0	309.3	327.9	335.4	302.4	317.0	0.5	0.3	0.3	43.5	0.2	0.5	0.3	335.4	302.4	4.8	4.2	318.4	318.9	362.1	362.1	361.7	376.8	93.0	63.0	34.6	0.0	363.5	349.5	44.0	68.5	10.9	49.8	0.0	36.9	.Autoclave.Outputs.PRESSIP\OutputValue	-5.2	33.0	26.7	-1.0	0.0	-1.0	-1.0	-1.0	0.0	0.0	0.0	-1.0	-1.0	0.0	0.0	0.0	-1.0	0.0
23:45:10	64.1	313.8	332.6	340.0	307.1	321.3	0.6	0.3	0.3	43.7	0.2	0.6	0.3	340.0	307.1	4.6	4.2	323.0	323.6	366.8	366.8	366.4	381.2	93.0	64.0	35.6	0.0	368.1	354.0	44.0	66.7	11.0	42.3	0.0	33.3	.Autoclave.Outputs.PRESSIP\OutputValue	-5.0	32.9	26.8	-1.0	0.0	-1.0	-1.0	-1.0	0.0	0.0	0.0	-1.0	-1.0	0.0	0.0	0.0	-1.0	0.0
23:46:10	65.1	317.5	336.2	343.6	311.4	324.8	0.6	0.3	0.3	43.7	0.2	0.6	0.3	343.6	311.4	4.7	3.8	326.7	327.5	362.0	362.0	361.6	349.1	92.9	65.0	36.6	0.0	366.3	355.0	44.0	85.9	11.1	48.4	0.0	71.7	.Autoclave.Outputs.PRESSIP\OutputValue	-4.6	32.2	18.4	-1.0	0.0	-1.0	-1.0	-1.0	0.0	0.0	0.0	-1.0	-1.0	0.0	0.0	0.0	-1.0	0.0
23:47:10	66.0	320.1	337.4	344.6	314.5	326.0	0.6	0.3	0.3	44.8	0.2	0.6	0.3	344.6	314.5	2.9	0.7	328.5	329.6	361.9	362.1	361.6	378.1	92.9	66.0	37.6	0.0	365.4	355.0	44.0	72.3	0.2	38.3	0.0	44.7	.Autoclave.Outputs.PRESSIP\OutputValue	-5.1	30.1	17.3	-1.0	0.0	-1.0	-1.0	-1.0	0.0	0.0	0.0	-1.0	-1.0	0.0	0.0	0.0	-1.0	0.0
23:48:09	67.0	323.0	339.7	346.7	317.9	328.9	0.6	0.3	0.3	44.2	0.2	0.6	0.3	346.7	317.9	3.5	2.5	331.2	332.3	361.6	361.6	361.1	370.2	92.8	67.0	38.6	0.0	363.2	355.0	44.0	59.8	0.4	42.0	0.0	19.7	.Autoclave.Outputs.PRESSIP\OutputValue	-5.9	28.8	14.9	-1.0	0.0	-1.0	-1.0	-1.0	0.0	0.0	0.0	-1.0	-1.0	0.0	0.0	0.0	-1.0	0.0
23:49:09	68.0	325.4	341.1	348.1	320.7	330.9	0.6	0.3	0.3	44.3	0.2	0.6	0.3	348.1	320.7	3.0	1.1	333.2	334.4	360.4	360.4	359.9	369.0	92.7	68.0	39.6	0.0	361.9	355.0	44.0	57.3	0.5	40.6	0.0	14.6	.Autoclave.Outputs.PRESSIP\OutputValue	-6.0	27.4	12.3	-1.0	0.0	-1.0	-1.0	-1.0	0.0	0.0	0.0	-1.0	-1.0	0.0	0.0	0.0	-1.0	0.0
23:50:09	69.0	327.3	342.6	349.1	323.6	332.8	0.7	0.4	0.3	44.4	0.2	0.7	0.3	349.1	323.6	2.7	1.0	335.1	336.4	359.2	359.2	358.8	367.9	92.7	69.0	40.6	0.0	361.0	355.0	44.0	59.5	0.6	37.4	0.0	18.9	.Autoclave.Outputs.PRESSIP\OutputValue	-6.0	25.5	10.1	-1.0	0.0	-1.0	-1.0	-1.0	0.0	0.0	0.0	-1.0	-1.0	0.0	0.0	0.0	-1.0	0.0
23:51:09	70.0	329.2	343.1	350.0	326.0	334.5	0.7	0.3	0.3	44.1	0.2	0.7	0.3	350.0	326.0	2.6	0.9	336.6	338.0	358.9	358.9	358.5	366.6	92.6	70.0	41.6	0.0	359.9	355.0	44.0	56.2	0.8	41.9	0.0	12.5	.Autoclave.Outputs.PRESSIP\OutputValue	-6.0	24.0	8.9	-1.0	0.0	-1.0	-1.0	-1.0	0.0	0.0	0.0	-1.0	-1.0	0.0	0.0	0.0	-1.0	0.0
23:52:10	71.1	330.8	344.5	350.7	328.2	336.0	0.6	0.4	0.3	44.5	0.2	0.6	0.3	350.7	328.2	2.2	0.7	338.0	339.5	358.3	358.3	357.8	365.1	92.5	71.0	42.6	0.0	359.3	355.0	44.0	57.0	0.9	38.5	0.0	14.0	.Autoclave.Outputs.PRESSIP\OutputValue	-6.0	22.5	7.6	-1.0	0.0	-1.0	-1.0	-1.0	0.0	0.0	0.0	-1.0	-1.0	0.0	0.0	0.0	-1.0	0.0
23:53:10	72.0	332.2	345.2	351.3	330.2	337.3	0.7	0.4	0.3	44.0	0.2	0.7	0.3	351.3	330.2	2.0	0.6	339.2	340.8	357.8	357.7	357.3	365.6	92.4	72.0	43.6	0.0	358.7	355.0	44.0	55.8	1.0	38.2	0.0	11.6	.Autoclave.Outputs.PRESSIP\OutputValue	-6.0	21.1	6.5	-1.0	0.0	-1.0	-1.0	-1.0	0.0	0.0	0.0	-1.0	-1.0	0.0	0.0	0.0	-1.0	0.0
23:54:10	73.0	333.6	345.7	351.7	332.0	338.6	0.7	0.4	0.3	44.0	0.2	0.7	0.3	351.7	332.0	1.9	0.0	340.3	341.9	357.5	357.5	357.0	363.9	92.4	73.0	44.6	0.0	358.2	355.0	44.0	53.9	1.1	44.0	0.0	7.8	.Autoclave.Outputs.PRESSIP\OutputValue	-6.0	19.7	5.8	-1.0	0.0	-1.0	-1.0	-1.0	0.0	0.0	0.0	-1.0	-1.0	0.0	0.0	0.0	-1.0	0.0
23:55:10	74.1	334.7	346.4	352.0	333.7	339.7	0.6	0.4	0.3	44.6	0.2	0.6	0.3	352.0	333.7	1.8	0.5	341.3	342.9	356.9	356.9	356.4	364.3	92.4	74.0	45.6	0.0	357.9	355.0	44.0	55.3	1.2	38.3	0.0	10.7	.Autoclave.Outputs.PRESSIP\OutputValue	-6.0	18.3	4.9	-1.0	0.0	-1.0	-1.0	-1.0	0.0	0.0	0.0	-1.0	-1.0	0.0	0.0	0.0	-1.0	0.0
23:56:10	75.1	336.1	347.1	352.3	335.3	340.9	0.7	0.4	0.2	44.1	0.2	0.7	0.2	352.3	335.3	1.5	-0.2	342.3	343.8	356.8	356.8	356.5	363.5	92.5	75.0	46.6	0.0	357.7	355.0	44.0	56.1	1.3	43.8	0.0	12.2	.Autoclave.Outputs.PRESSIP\OutputValue	-6.0	17.0	4.5	-1.0	0.0	-1.0	-1.0	-1.0	0.0	0.0	0.0	-1.0	-1.0	0.0	0.0	0.0	-1.0	0.0
23:57:09	76.0	337.3	348.0	352.5	336.9	341.9	0.6	0.4	0.2	44.0	0.2	0.6	0.2	352.5	336.9	1.6	0.5	343.3	344.7	356.6	356.6	356.2	363.5	92.3	76.0	47.6	0.0	357.5	355.0	44.0	55.5	1.4	43.8	0.0	11.1	.Autoclave.Outputs.PRESSIP\OutputValue	-6.0	15.6	4.1	-1.0	0.0	-1.0	-1.0	-1.0	0.0	0.0	0.0	-1.0	-1.0	0.0	0.0	0.0	-1.0	0.0
23:58:10	77.1	338.4	348.3	352.8	338.2	343.0	0.7	0.4	0.3	44.4	0.2	0.7	0.3	352.8	338.2	1.5	0.3	344.1	345.5	356.2	356.2	355.8	362.7	92.3	77.0	48.6	0.0	357.1	355.0	44.0	55.0	1.5	40.2	0.0	9.9	.Autoclave.Outputs.PRESSIP\OutputValue	-6.0	14.6	3.4	-1.0	0.0	-1.0	-1.0	-1.0	0.0	0.0	0.0	-1.0	-1.0	0.0	0.0	0.0	-1.0	0.0
23:59:10	78.1	339.3	348.8	353.0	339.5	343.9	0.7	0.4	0.2	44.4	0.2	0.7	0.2	353.0	339.3	1.2	0.2	344.9	346.2	356.1	356.1	355.6	362.7	92.3	78.0	49.6	0.0	357.1	355.0	44.0	55.7	1.5	42.3	0.0	11.4	.Autoclave.Outputs.PRESSIP\OutputValue	-6.0	13.7	3.1	-1.0	0.0	-1.0	-1.0	-1.0	0.0	0.0	0.0	-1.0	-1.0	0.0	0.0	0.0	-1.0	0.0
00:00:09	79.0	340.2	348.8	353.2	340.7	344.7	0.6	0.4	0.2	44.5	0.2	0.6	0.2	353.2	340.2	1.2	0.1	345.5	346.7	356.0	356.1	355.6	362.5	92.2	79.0	50.6	0.0	356.9	355.0	44.0	55.8	1.6	38.9	0.0	11.6	.Autoclave.Outputs.PRESSIP\OutputValue	-6.0	13.0	2.8	-1.0	0.0	-1.0	-1.0	-1.0	0.0	0.0	0.0	-1.0	-1.0	0.0	0.0	0.0	-1.0	0.0
00:01:10	80.1	341.1	349.3	353.2	341.7	345.4	0.7	0.4	0.2	44.6	0.2	0.7	0.2	353.2	341.1	1.0	0.0	346.1	347.2	356.0	355.9	355.5	362.9	92.2	80.0	51.6	0.0	356.8	355.0	44.0	55.9	1.7	43.4	0.0	11.7	.Autoclave.Outputs.PRESSIP\OutputValue	-6.0	12.1	2.8	-1.0	0.0	-1.0	-1.0	-1.0	0.0	0.0	0.0	-1.0	-1.0	0.0	0.0	0.0	-1.0	0.0
00:02:10	81.1	341.9	349.4	353.4	342.7	346.1	0.6	0.5	0.2	44.5	0.2	0.6	0.2	353.4	341.9	1.1	0.0	346.7	347.7	355.7	355.8	355.3	362.1	92.2	81.0	52.6	0.0	356.5	355.0	44.0	55.3	1.8	40.0	0.0	10.6	.Autoclave.Outputs.PRESSIP\OutputValue	-6.0	11.5	2.3	-1.0	0.0	-1.0	-1.0	-1.0	0.0	0.0	0.0	-1.0	-1.0	0.0	0.0	0.0	-1.0	0.0
00:03:10	82.0	342.6	350.1	353.4	343.5	346.7	0.7	0.4	0.2	44.1	0.2	0.7	0.2	353.4	342.6	1.0	-0.1	347.3	348.0	355.8	356.0	355.4	362.4	92.3	82.0	53.6	0.0	356.6	355.0	44.0	56.0	1.9	42.5	0.0	12.0	.Autoclave.Outputs.PRESSIP\OutputValue	-6.0	10.8	2.4	-1.0	0.0	-1.0	-1.0	-1.0	0.0	0.0	0.0	-1.0	-1.0	0.0	0.0	0.0	-1.0	0.0
00:04:10	83.0	343.3	350.5	353.4	344.3	347.3	0.7	0.5	0.2	44.6	0.2	0.7	0.2	353.4	343.3	0.8	0.1	347.8	348.4	355.8	355.8	355.4	362.2	92.3	83.0	54.6	0.0	356.6	355.0	44.0	55.4	1.9	37.8	0.0	10.9	.Autoclave.Outputs.PRESSIP\OutputValue	-6.0	10.1	2.4	-1.0	0.0	-1.0	-1.0	-1.0	0.0	0.0	0.0	-1.0	-1.0	0.0	0.0	0.0	-1.0	0.0
00:05:09	84.0	344.1	351.3	353.6	345.1	347.9	0.7	0.5	0.2	44.4	0.2	0.7	0.2	353.6	344.1	0.9	0.0	348.4	348.9	355.8	355.8	355.4	362.0	92.3	84.0	55.6	0.0	356.4	355.0	44.0	54.2	2.0	40.0	0.0	8.3	.Autoclave.Outputs.PRESSIP\OutputValue	-6.0	9.5	2.2	-1.0	0.0	-1.0	-1.0	-1.0	0.0	0.0	0.0	-1.0	-1.0	0.0	0.0	0.0	-1.0	0.0
00:06:10	85.0	344.7	351.1	353.7	345.9	348.3	0.7	0.5	0.2	44.1	0.2	0.7	0.2	353.7	344.7	0.8	0.1	348.7	349.2	355.6	355.7	355.2	362.0	92.5	85.0	56.6	0.0	356.4	355.0	44.0	55.6	2.1	43.1	0.0	11.1	.Autoclave.Outputs.PRESSIP\OutputValue	-6.0	9.0	1.9	-1.0	0.0	-1.0	-1.0	-1.0	0.0	0.0	0.0	-1.0	-1.0	0.0	0.0	0.0	-1.0	0.0
00:06:37	85.5	345.2	351.3	353.7	346.1	348.5	0.7	0.5	0.2	44.5	0.2	0.7	0.2	353.7	345.2	0.7	0.1	349.0	349.5	355.6	355.7	355.2	361.7	92.5	85.5	57.0	0.0	356.3	355.0	44.0	54.3	2.1	38.0	0.0	8.5	.Autoclave.Outputs.PRESSIP\OutputValue	-6.0	8.5	1.9	-1.0	0.0	-1.0	-1.0	-1.0	0.0	0.0	0.0	-1.0	-1.0	0.0	0.0	0.0	-1.0	0.0
00:07:10	86.0	345.5	351.3	353.9	346.5	348.8	0.7	0.5	0.2	44.4	0.2	0.7	0.2	353.9	345.5	0.7	-0.2	349.2	349.7	355.5	355.5	355.1	361.8	92.5	86.0	0.5	89.5	356.4	355.0	44.0	55.6	2.1	40.0	0.0	11.3	.Autoclave.Outputs.PRESSIP\OutputValue	-6.0	8.4	1.6	-1.0	0.0	-1.0	-1.0	-1.0	0.0	0.0	0.0	-1.0	-1.0	0.0	0.0	0.0	-1.0	0.0
00:08:10	87.1	346.0	351.9	353.9	347.3	349.4	0.7	0.5	0.2	44.1	0.2	0.7	0.2	353.9	346.0	0.9	0.2	349.7	350.0	355.6	355.6	355.1	361.0	92.5	87.0	1.5	88.5	356.1	355.0	44.0	54.4	2.2	42.9	0.0	8.7	.Autoclave.Outputs.PRESSIP\OutputValue	-6.0	7.9	1.7	-1.0	0.0	-1.0	-1.0	-1.0	0.0	0.0	0.0	-1.0	-1.0	0.0	0.0	0.0	-1.0	0.0
00:09:09	88.0	346.8	352.0	354.0	347.8	349.8	0.7	0.5	0.3	44.2	0.2	0.7	0.3	354.0	346.8	0.6	0.1	350.1	350.4	355.5	355.5	355.0	361.0	92.5	88.0	2.5	87.5	356.1	355.0	44.0	55.1	2.3	41.5	0.0	10.2	.Autoclave.Outputs.PRESSIP\OutputValue	-6.0	7.2	1.5	-1.0	0.0	-1.0	-1.0	-1.0	0.0	0.0	0.0	-1.0	-1.0	0.0	0.0	0.0	-1.0	0.0
00:10:10	89.0	347.2	352.1	353.9	348.4	350.2	0.7	0.5	0.3	44.7	0.2	0.7	0.3	353.9	347.2	0.5	-0.2	350.4	350.6	355.6	355.6	355.2	361.5	92.6	89.0	3.5	86.5	356.1	355.0	44.0	53.2	2.3	37.2	0.0	6.3	.Autoclave.Outputs.PRESSIP\OutputValue	-6.0	6.7	1.7	-1.0	0.0	-1.0	-1.0	-1.0	0.0	0.0	0.0	-1.0	-1.0	0.0	0.0	0.0	-1.0	0.0
00:11:10	90.1	347.7	352.2	353.9	348.9	350.5	0.7	0.5	0.2	44.5	0.2	0.7	0.2	353.9	347.7	0.7	0.0	350.6	350.8	355.6	355.6	355.0	361.4	92.7	90.0	4.5	85.5	356.1	355.0	44.0	54.5	2.4	38.7	0.0	9.1	.Autoclave.Outputs.PRESSIP\OutputValue	-6.0	6.2	1.7	-1.0	0.0	-1.0	-1.0	-1.0	0.0	0.0	0.0	-1.0	-1.0	0.0	0.0	0.0	-1.0	0.0
00:12:10	91.1	348.2	352.5	353.9	349.3	350.9	0.7	0.6	0.2	44.3	0.2	0.7	0.2	353.9	348.2	0.5	0.1	351.0	351.1	355.6	355.6	355.0	361.5	92.6	91.0	5.5	84.5	356.1	355.0	44.0	55.3	2.4	41.2	0.0	10.5	.Autoclave.Outputs.PRESSIP\OutputValue	-6.0	5.7	1.7	-1.0	0.0	-1.0	-1.0	-1.0	0.0	0.0	0.0	-1.0	-1.0	0.0	0.0	0.0	-1.0	0.0
00:13:10	92.0	348.6	352.4	353.9	349.7	351.2	0.7	0.5	0.2	44.4	0.2	0.7	0.2	353.9	348.6	0.5	0.0	351.2	351.3	355.4	355.4	355.1	361.7	92.9	92.0	6.5	83.5	356.0	355.0	44.0	53.3	2.5	39.8	0.0	6.7	.Autoclave.Outputs.PRESSIP\OutputValue	-6.0	5.3	1.5	-1.0	0.0	-1.0	-1.0	-1.0	0.0	0.0	0.0	-1.0	-1.0	0.0	0.0	0.0	-1.0	0.0
00:14:09	93.0	349.0	352.4	353.9	350.1	351.5	0.7	0.5	0.2	44.3	0.2	0.7	0.2	353.9	349.0	0.5	-0.1	351.4	351.5	355.7	355.6	355.2	361.2	93.0	93.0	7.5	82.5	356.2	355.0	44.0	53.4	2.6	40.4	0.0	6.8	.Autoclave.Outputs.PRESSIP\OutputValue	-6.0	4.9	1.8	-1.0	0.0	-1.0	-1.0	-1.0	0.0	0.0	0.0	-1.0	-1.0	0.0	0.0	0.0	-1.0	0.0
00:15:10	94.1	349.3	352.7	354.0	350.5	351.7	0.7	0.5	0.2	44.5	0.2	0.7	0.2	354.0	349.3	0.5	-0.2	351.6	351.7	355.4	355.4	355.0	361.2	92.9	94.0	8.5	81.5	356.1	355.0	44.0	54.8	2.6	39.1	0.0	9.5	.Autoclave.Outputs.PRESSIP\OutputValue	-6.0	4.7	1.4	-1.0	0.0	-1.0	-1.0	-1.0	0.0	0.0	0.0	-1.0	-1.0	0.0	0.0	0.0	-1.0	0.0
00:16:10	95.0	349.7	353.1	354.1	350.7	351.9	0.7	0.6	0.2	44.1	0.2	0.7	0.2	354.1	349.7	0.4	0.1	351.9	351.9	355.6	355.5	355.0	361.3	92.9	95.0	9.5	80.5	355.9	355.0	44.0	52.2	2.7	38.0	0.0	4.3	.Autoclave.Outputs.PRESSIP\OutputValue	-6.0	4.4	1.5	-1.0	0.0	-1.0	-1.0	-1.0	0.0	0.0	0.0	-1.0	-1.0	0.0	0.0	0.0	-1.0	0.0
00:17:09	96.0	349.9	352.9	354.1	351.1	352.1	0.7	0.6	0.2	44.5	0.2	0.7	0.2	354.1	349.9	0.3	0.0	352.0	352.0	355.5	355.5	355.0	361.2	93.0	96.0	10.5	79.5	355.9	355.0	44.0	54.2	2.7	38.7	0.0	8.4	.Autoclave.Outputs.PRESSIP\OutputValue	-6.0	4.2	1.4	-1.0	0.0	-1.0	-1.0	-1.0	0.0	0.0	0.0	-1.0	-1.0	0.0	0.0	0.0	-1.0	0.0
00:18:09	97.0	350.3	353.1	354.1	351.3	352.4	0.7	0.6	0.2	44.4	0.2	0.7	0.2	354.1	350.3	0.3	-0.1	352.2	352.2	355.5	355.4	355.0	360.9	93.0	97.0	11.5	78.5	355.9	355.0	44.0	53.6	2.8	38.2	0.0	7.2	.Autoclave.Outputs.PRESSIP\OutputValue	-6.0	3.8	1.4	-1.0	0.0	-1.0	-1.0	-1.0	0.0	0.0	0.0	-1.0	-1.0	0.0	0.0	0.0	-1.0	0.0
00:19:10	98.0	350.7	353.3	354.1	351.8	352.6	0.7	0.6	0.2	44.3	0.2	0.7	0.2	354.1	350.7	0.5	0.0	352.5	352.4	355.4	355.4	355.0	361.3	93.2	98.0	12.5	77.5	355.9	355.0	44.0	54.3	2.8	41.4	0.0	8.6	.Autoclave.Outputs.PRESSIP\OutputValue	-6.0	3.4	1.3	-1.0	0.0	-1.0	-1.0	-1.0	0.0	0.0	0.0	-1.0	-1.0	0.0	0.0	0.0	-1.0	0.0
00:20:10	99.0	350.9	353.4	354.1	352.1	352.9	0.7	0.6	0.2	44.5	0.2	0.7	0.2	354.1	350.9	0.3	-0.1	352.7	352.5	355.6	355.5	355.1	361.0	93.2	99.0	13.5	76.5	356.0	355.0	44.0	53.0	2.9	40.4	0.0	6.0	.Autoclave.Outputs.PRESSIP\OutputValue	-6.0	3.2	1.5	-1.0	0.0	-1.0	-1.0	-1.0	0.0	0.0	0.0	-1.0	-1.0	0.0	0.0	0.0	-1.0	0.0
00:21:09	100.0	351.2	353.3	354.1	352.2	353.1	0.7	0.6	0.2	44.8	0.2	0.7	0.2	354.1	351.2	0.4	0.0	352.8	352.7	355.5	355.6	355.0	361.2	93.3	100.0	14.5	75.5	356.0	355.0	44.0	54.4	2.9	36.8	0.0	8.8	.Autoclave.Outputs.PRESSIP\OutputValue	-6.0	2.9	1.4	-1.0	0.0	-1.0	-1.0	-1.0	0.0	0.0	0.0	-1.0	-1.0	0.0	0.0	0.0	-1.0	0.0
00:22:09	101.0	351.5	353.2	354.1	352.6	353.2	0.7	0.6	0.2	44.4	0.2	0.7	0.2	354.1	351.5	0.4	0.0	352.9	352.8	355.4	355.5	355.0	361.5	93.3	101.0	15.5	74.5	355.9	355.0	44.0	54.4	3.0	40.8	0.0	8.9	.Autoclave.Outputs.PRESSIP\OutputValue	-6.0	2.6	1.3	-1.0	0.0	-1.0	-1.0	-1.0	0.0	0.0	0.0	-1.0	-1.0	0.0	0.0	0.0	-1.0	0.0
00:23:09	102.0	351.7	353.6	354.2	352.6	353.4	0.7	0.6	0.2	44.2	0.2	0.7	0.2	354.2	351.7	0.3	-0.2	353.1	353.0	355.5	355.5	355.1	362.0	93.4	102.0	16.5	73.5	355.8	355.0	44.0	53.2	3.0	41.7	0.0	6.3	.Autoclave.Outputs.PRESSIP\OutputValue	-6.0	2.5	1.3	-1.0	0.0	-1.0	-1.0	-1.0	0.0	0.0	0.0	-1.0	-1.0	0.0	0.0	0.0	-1.0	0.0
00:24:10	103.1	351.8	353.6	354.1	352.7	353.5	0.7	0.6	0.2	44.8	0.2	0.7	0.2	354.1	351.8	0.2	-0.2	353.1	353.0	355.5	355.5	355.2	361.9	93.3	103.0	17.5	72.5	356.0	355.0	44.0	53.9	3.0	36.1	0.0	7.7	.Autoclave.Outputs.PRESSIP\OutputValue	-6.0	2.3	1.4	-1.0	0.0	-1.0	-1.0	-1.0	0.0	0.0	0.0	-1.0	-1.0	0.0	0.0	0.0	-1.0	0.0
00:25:10	104.1	352.2	353.6	353.9	353.0	353.6	0.7	0.6	0.2	44.5	0.2	0.7	0.2	353.9	352.2	0.3	0.0	353.3	353.1	355.4	355.4	355.0	360.8	93.4	104.0	18.5	71.5	355.9	355.0	44.0	53.9	3.1	39.1	0.0	7.8	.Autoclave.Outputs.PRESSIP\OutputValue	-6.0	1.7	1.5	-1.0	0.0	-1.0	-1.0	-1.0	0.0	0.0	0.0	-1.0	-1.0	0.0	0.0	0.0	-1.0	0.0
00:26:10	105.0	352.2	353.6	354.0	353.2	353.7	0.7	0.6	0.2	44.6	0.2	0.7	0.2	354.0	352.2	0.3	-0.1	353.3	353.1	355.6	355.6	355.2	360.9	93.3	105.0	19.5	70.5	355.8	355.0	44.0	54.0	3.1	37.8	0.0	7.9	.Autoclave.Outputs.PRESSIP\OutputValue	-6.0	1.8	1.6	-1.0	0.0	-1.0	-1.0	-1.0	0.0	0.0	0.0	-1.0	-1.0	0.0	0.0	0.0	-1.0	0.0
00:27:10	106.1	352.4	353.7	354.4	353.3	353.8	0.6	0.6	0.2	44.8	0.2	0.6	0.2	354.4	352.4	0.2	-0.1	353.5	353.4	355.4	355.4	355.0	361.3	93.4	106.0	20.5	69.5	355.8	355.0	44.0	54.7	3.2	36.5	0.0	9.3	.Autoclave.Outputs.PRESSIP\OutputValue	-6.0	2.0	1.0	-1.0	0.0	-1.0	-1.0	-1.0	0.0	0.0	0.0	-1.0	-1.0	0.0	0.0	0.0	-1.0	0.0
00:28:10	107.1	352.7	353.7	353.9	353.4	353.9	0.7	0.6	0.2	44.5	0.2	0.7	0.2	353.9	352.7	0.3	-0.1	353.5	353.3	355.5	355.5	355.1	361.3	93.5	107.0	21.5	68.5	355.8	355.0	44.0	52.7	3.2	39.5	0.0	5.4	.Autoclave.Outputs.PRESSIP\OutputValue	-6.0	1.2	1.6	-1.0	0.0	-1.0	-1.0	-1.0	0.0	0.0	0.0	-1.0	-1.0	0.0	0.0	0.0	-1.0	0.0
00:29:10	108.0	352.8	353.9	354.2	353.6	354.1	0.7	0.6	0.2	44.3	0.2	0.7	0.2	354.2	352.8	0.4	-0.1	353.7	353.5	355.4	355.4	355.1	361.0	93.5	108.0	22.5	67.5	355.8	355.0	44.0	54.1	3.3	36.5	0.0	8.2	.Autoclave.Outputs.PRESSIP\OutputValue	-6.0	1.4	1.2	-1.0	0.0	-1.0	-1.0	-1.0	0.0	0.0	0.0	-1.0	-1.0	0.0	0.0	0.0	-1.0	0.0
00:30:10	109.1	352.9	353.9	354.1	353.7	354.1	0.7	0.6	0.2	44.8	0.2	0.7	0.2	354.1	352.9	0.2	-0.2	353.7	353.5	355.4	355.4	355.0	361.1	93.5	109.0	23.5	66.5	355.8	355.0	44.0	54.1	3.3	36.5	0.0	8.2	.Autoclave.Outputs.PRESSIP\OutputValue	-6.0	1.2	1.3	-1.0	0.0	-1.0	-1.0	-1.0	0.0	0.0	0.0	-1.0	-1.0	0.0	0.0	0.0	-1.0	0.0
00:31:10	110.1	353.0	353.8	354.1	353.8	354.2	0.7	0.6	0.2	44.8	0.2	0.7	0.2	354.2	353.0	0.1	-0.1	353.8	353.6	355.6	355.6	355.1	361.0	93.6	110.0	24.5	65.5	355.8	355.0	44.0	53.6	3.3	36.5	0.0	7.1	.Autoclave.Outputs.PRESSIP\OutputValue	-6.0	1.2	1.4	-1.0	0.0	-1.0	-1.0	-1.0	0.0	0.0	0.0	-1.0	-1.0	0.0	0.0	0.0	-1.0	0.0
00:32:10	111.0	353.2	353.9	353.9	353.9	354.3	0.7	0.6	0.2	44.8	0.2	0.7	0.2	354.3	353.2	0.2	0.0	353.8	353.8	355.4	355.4	354.9	360.8	93.6	111.0	25.5	64.5	355.7	355.0	44.0	54.9	3.4	36.1	0.0	9.9	.Autoclave.Outputs.PRESSIP\OutputValue	-6.0	1.1	1.1	-1.0	0.0	-1.0	-1.0	-1.0	0.0	0.0	0.0	-1.0	-1.0	0.0	0.0	0.0	-1.0	0.0
00:33:10	112.0	353.3	353.9	353.7	354.0	354.4	0.7	0.6	0.2	44.8	0.2	0.7	0.2	354.4	353.3	0.2	-0.1	353.9	353.9	355.4	355.4	355.0	361.2	93.6	112.0	26.5	63.5	355.7	355.0	44.0	53.6	3.4	36.8	0.0	7.3	.Autoclave.Outputs.PRESSIP\OutputValue	-6.0	1.1	1.0	-1.0	0.0	-1.0	-1.0	-1.0	0.0	0.0	0.0	-1.0	-1.0	0.0	0.0	0.0	-1.0	0.0
00:34:10	113.1	353.2	354.0	353.9	354.2	354.3	0.7	0.6	0.2	44.2	0.2	0.7	0.2	354.3	353.2	0.0	-0.2	353.9	353.8	355.3	355.2	354.8	360.8	93.7	113.0	27.5	62.5	355.7	355.0	44.0	54.3	3.4	36.1	0.0	8.7	.Autoclave.Outputs.PRESSIP\OutputValue	-6.0	1.1	1.0	-1.0	0.0	-1.0	-1.0	-1.0	0.0	0.0	0.0	-1.0	-1.0	0.0	0.0	0.0	-1.0	0.0
00:35:09	114.0	353.4	354.0	353.9	354.2	354.5	0.7	0.6	0.2	44.3	0.2	0.7	0.2	354.5	353.4	0.3	-0.2	354.0	354.0	355.2	355.2	354.8	360.3	93.7	114.0	28.5	61.5	355.5	355.0	44.0	53.7	3.5	36.5	0.0	7.4	.Autoclave.Outputs.PRESSIP\OutputValue	-6.0	1.1	0.7	-1.0	0.0	-1.0	-1.0	-1.0	0.0	0.0	0.0	-1.0	-1.0	0.0	0.0	0.0	-1.0	0.0
00:36:09	115.0	353.4	353.8	354.1	354.3	354.5	0.7	0.6	0.2	44.3	0.2	0.7	0.2	354.5	353.4	0.3	0.0	354.0	354.0	355.2	355.2	354.8	360.6	93.9	115.0	29.5	60.5	355.5	355.0	44.0	52.4	3.5	41.4	0.0	4.8	.Autoclave.Outputs.PRESSIP\OutputValue	-6.0	1.1	0.7	-1.0	0.0	-1.0	-1.0	-1.0	0.0	0.0	0.0	-1.0	-1.0	0.0	0.0	0.0	-1.0	0.0
00:37:10	116.1	353.6	354.1	354.2	354.3	354.5	0.7	0.7	0.2	44.5	0.2	0.7	0.2	354.5	353.6	0.2	0.0	354.1	354.1	355.0	355.0	354.7	360.7	93.7	116.0	30.5	59.5	355.6	355.0	44.0	55.1	3.5	37.8	0.0	10.2	.Autoclave.Outputs.PRESSIP\OutputValue	-6.0	0.9	0.5	-1.0	0.0	-1.0	-1.0	-1.0	0.0	0.0	0.0	-1.0	-1.0	0.0	0.0	0.0	-1.0	0.0
00:38:10	117.0	353.7	354.0	354.2	354.3	354.5	0.7	0.6	0.2	44.7	0.2	0.7	0.2	354.5	353.7	0.1	-0.1	354.1	354.1	355.2	355.2	354.7	360.8	93.8	117.0	31.5	58.5	355.5	355.0	44.0	53.8	3.6	39.1	0.0	7.6	.Autoclave.Outputs.PRESSIP\OutputValue	-6.0	0.8	0.7	-1.0	0.0	-1.0	-1.0	-1.0	0.0	0.0	0.0	-1.0	-1.0	0.0	0.0	0.0	-1.0	0.0
00:39:09	118.0	353.8	353.9	354.1	354.5	354.6	0.8	0.6	0.2	44.4	0.2	0.8	0.2	354.6	353.8	0.2	0.0	354.2	354.2	355.1	355.1	354.6	360.5	93.9	118.0	32.5	57.5	355.5	355.0	44.0	54.5	3.6	35.9	0.0	9.0	.Autoclave.Outputs.PRESSIP\OutputValue	-6.0	0.8	0.5	-1.0	0.0	-1.0	-1.0	-1.0	0.0	0.0	0.0	-1.0	-1.0	0.0	0.0	0.0	-1.0	0.0
00:40:10	119.1	353.8	353.9	354.0	354.4	354.5	0.7	0.6	0.2	44.5	0.2	0.7	0.2	354.5	353.8	0.0	-0.2	354.1	354.2	355.2	355.2	354.8	360.8	93.9	119.0	33.5	56.5	355.5	355.0	44.0	53.7	3.6	38.5	0.0	7.4	.Autoclave.Outputs.PRESSIP\OutputValue	-6.0	0.7	0.7	-1.0	0.0	-1.0	-1.0	-1.0	0.0	0.0	0.0	-1.0	-1.0	0.0	0.0	0.0	-1.0	0.0
00:41:10	120.1	353.8	354.1	354.0	354.5	354.6	0.7	0.6	0.2	44.7	0.2	0.7	0.2	354.6	353.8	0.0	-0.2	354.2	354.2	355.1	355.1	354.8	360.8	93.9	120.0	34.5	55.5	355.5	355.0	44.0	54.4	3.6	38.9	0.0	8.8	.Autoclave.Outputs.PRESSIP\OutputValue	-6.0	0.8	0.5	-1.0	0.0	-1.0	-1.0	-1.0	0.0	0.0	0.0	-1.0	-1.0	0.0	0.0	0.0	-1.0	0.0
00:42:10	121.0	353.8	353.9	354.0	354.5	354.7	0.7	0.6	0.3	44.3	0.2	0.7	0.3	354.7	353.8	0.1	0.0	354.2	354.3	355.0	355.0	354.7	360.5	93.9	121.0	35.5	54.5	355.4	355.0	44.0	53.8	3.7	40.6	0.0	7.5	.Autoclave.Outputs.PRESSIP\OutputValue	-6.0	0.9	0.3	-1.0	0.0	-1.0	-1.0	-1.0	0.0	0.0	0.0	-1.0	-1.0	0.0	0.0	0.0	-1.0	0.0
00:43:09	122.0	353.9	353.9	353.9	354.5	354.6	0.7	0.6	0.2	44.2	0.2	0.7	0.2	354.6	353.9	0.1	0.0	354.2	354.2	355.1	355.1	354.7	360.5	94.1	122.0	36.5	53.5	355.3	355.0	44.0	53.3	3.7	41.5	0.0	6.6	.Autoclave.Outputs.PRESSIP\OutputValue	-6.0	0.7	0.5	-1.0	0.0	-1.0	-1.0	-1.0	0.0	0.0	0.0	-1.0	-1.0	0.0	0.0	0.0	-1.0	0.0
00:44:10	123.1	354.0	354.1	354.1	354.6	354.6	0.7	0.6	0.2	44.2	0.2	0.7	0.2	354.6	354.0	0.1	-0.2	354.3	354.3	355.1	355.1	354.7	360.1	94.1	123.0	37.5	52.5	355.4	355.0	44.0	53.8	3.7	36.5	0.0	7.6	.Autoclave.Outputs.PRESSIP\OutputValue	-6.0	0.6	0.5	-1.0	0.0	-1.0	-1.0	-1.0	0.0	0.0	0.0	-1.0	-1.0	0.0	0.0	0.0	-1.0	0.0
00:45:10	124.0	354.1	354.0	354.1	354.6	354.7	0.7	0.6	0.2	44.8	0.2	0.7	0.2	354.7	354.0	0.1	-0.1	354.3	354.3	355.1	355.1	354.5	360.5	94.1	124.0	38.5	51.5	355.4	355.0	44.0	53.3	3.8	35.9	0.0	6.7	.Autoclave.Outputs.PRESSIP\OutputValue	-6.0	0.7	0.4	-1.0	0.0	-1.0	-1.0	-1.0	0.0	0.0	0.0	-1.0	-1.0	0.0	0.0	0.0	-1.0	0.0
00:46:09	125.0	354.1	353.9	354.0	354.6	354.6	0.7	0.6	0.2	44.4	0.2	0.7	0.2	354.6	353.9	0.1	-0.6	354.2	354.3	355.0	355.1	354.6	360.3	94.1	125.0	39.5	50.5	355.4	355.0	44.0	54.0	3.8	40.2	0.0	8.1	.Autoclave.Outputs.PRESSIP\OutputValue	-6.0	0.7	0.4	-1.0	0.0	-1.0	-1.0	-1.0	0.0	0.0	0.0	-1.0	-1.0	0.0	0.0	0.0	-1.0	0.0
00:47:10	126.1	354.0	354.1	354.1	354.5	354.6	0.7	0.6	0.2	44.8	0.2	0.7	0.2	354.6	354.0	0.6	0.0	354.3	354.3	355.1	355.1	354.5	360.5	94.0	126.0	40.5	49.5	355.3	355.0	44.0	54.1	3.8	36.5	0.0	8.1	.Autoclave.Outputs.PRESSIP\OutputValue	-6.0	0.6	0.5	-1.0	0.0	-1.0	-1.0	-1.0	0.0	0.0	0.0	-1.0	-1.0	0.0	0.0	0.0	-1.0	0.0
00:48:10	127.0	354.2	353.9	354.1	354.6	354.7	0.7	0.6	0.2	44.8	0.2	0.7	0.2	354.7	353.9	0.0	-0.6	354.3	354.3	355.1	355.2	354.7	360.8	94.2	127.0	41.5	48.5	355.3	355.0	44.0	53.4	3.8	35.7	0.0	6.8	.Autoclave.Outputs.PRESSIP\OutputValue	-6.0	0.8	0.4	-1.0	0.0	-1.0	-1.0	-1.0	0.0	0.0	0.0	-1.0	-1.0	0.0	0.0	0.0	-1.0	0.0
00:49:10	128.0	354.1	354.0	353.9	354.7	354.7	0.7	0.6	0.2	44.8	0.2	0.7	0.2	354.7	353.9	0.6	-0.1	354.3	354.3	355.1	355.1	354.5	360.4	94.2	128.0	42.5	47.5	355.3	355.0	44.0	53.4	3.9	41.4	0.0	6.9	.Autoclave.Outputs.PRESSIP\OutputValue	-6.0	0.8	0.4	-1.0	0.0	-1.0	-1.0	-1.0	0.0	0.0	0.0	-1.0	-1.0	0.0	0.0	0.0	-1.0	0.0
00:50:10	129.1	354.2	354.0	354.0	354.7	354.8	0.7	0.6	0.2	44.8	0.2	0.7	0.2	354.8	354.0	0.3	-0.8	354.3	354.4	355.1	355.1	354.7	360.4	94.2	129.0	43.5	46.5	355.2	355.0	44.0	52.8	3.9	35.7	0.0	5.6	.Autoclave.Outputs.PRESSIP\OutputValue	-6.0	0.8	0.3	-1.0	0.0	-1.0	-1.0	-1.0	0.0	0.0	0.0	-1.0	-1.0	0.0	0.0	0.0	-1.0	0.0
00:51:09	130.0	354.2	354.0	354.0	354.6	354.7	0.7	0.6	0.2	44.6	0.2	0.7	0.2	354.7	354.0	0.2	-0.1	354.3	354.3	355.0	355.0	354.7	360.1	94.2	130.0	44.5	45.5	355.2	355.0	44.0	52.8	3.9	38.2	0.0	5.6	.Autoclave.Outputs.PRESSIP\OutputValue	-6.0	0.7	0.3	-1.0	0.0	-1.0	-1.0	-1.0	0.0	0.0	0.0	-1.0	-1.0	0.0	0.0	0.0	-1.0	0.0
00:52:10	131.0	354.1	353.9	354.1	354.7	354.7	0.8	0.7	0.3	44.6	0.2	0.8	0.3	354.7	353.9	0.7	-0.1	354.3	354.3	355.0	355.1	354.6	360.4	94.2	131.0	45.5	44.5	355.2	355.0	44.0	53.5	3.9	37.2	0.0	7.0	.Autoclave.Outputs.PRESSIP\OutputValue	-6.0	0.8	0.3	-1.0	0.0	-1.0	-1.0	-1.0	0.0	0.0	0.0	-1.0	-1.0	0.0	0.0	0.0	-1.0	0.0
00:53:09	132.0	354.3	353.9	353.9	354.7	354.7	0.7	0.7	0.2	44.7	0.2	0.7	0.2	354.7	353.9	0.1	-0.1	354.3	354.3	355.0	355.0	354.6	360.2	94.4	132.0	46.5	43.5	355.2	355.0	44.0	52.9	4.0	37.0	0.0	5.7	.Autoclave.Outputs.PRESSIP\OutputValue	-6.0	0.8	0.3	-1.0	0.0	-1.0	-1.0	-1.0	0.0	0.0	0.0	-1.0	-1.0	0.0	0.0	0.0	-1.0	0.0
00:54:09	133.0	354.3	353.8	354.0	354.9	354.8	0.7	0.6	0.2	44.4	0.2	0.7	0.2	354.9	353.8	0.1	-0.5	354.4	354.4	354.9	354.9	354.5	360.4	94.4	133.0	47.5	42.5	355.2	355.0	44.0	53.4	4.0	39.3	0.0	6.8	.Autoclave.Outputs.PRESSIP\OutputValue	-6.0	1.1	0.0	-1.0	0.0	-1.0	-1.0	-1.0	0.0	0.0	0.0	-1.0	-1.0	0.0	0.0	0.0	-1.0	0.0
00:55:10	134.0	354.3	353.8	353.8	354.7	354.7	0.7	0.6	0.2	44.8	0.2	0.7	0.2	354.7	353.8	0.5	-0.1	354.3	354.3	355.0	355.0	354.5	360.3	94.3	134.0	48.5	41.5	355.2	355.0	44.0	54.1	4.0	35.9	0.0	8.2	.Autoclave.Outputs.PRESSIP\OutputValue	-6.0	0.9	0.3	-1.0	0.0	-1.0	-1.0	-1.0	0.0	0.0	0.0	-1.0	-1.0	0.0	0.0	0.0	-1.0	0.0
00:56:10	135.1	354.3	354.0	353.8	354.7	354.7	0.7	0.7	0.2	44.8	0.2	0.7	0.2	354.7	353.8	0.0	-0.4	354.3	354.3	355.1	355.2	354.7	360.5	94.6	135.0	49.5	40.5	355.2	355.0	44.0	53.4	4.0	35.7	0.0	6.9	.Autoclave.Outputs.PRESSIP\OutputValue	-6.0	0.9	0.4	-1.0	0.0	-1.0	-1.0	-1.0	0.0	0.0	0.0	-1.0	-1.0	0.0	0.0	0.0	-1.0	0.0
00:57:10	136.1	354.3	354.1	354.0	354.6	354.7	0.7	0.7	0.2	44.3	0.2	0.7	0.2	354.7	354.0	0.5	-0.1	354.3	354.3	355.0	355.0	354.7	360.5	94.4	136.0	50.5	39.5	355.3	355.0	44.0	54.3	4.0	36.1	0.0	8.6	.Autoclave.Outputs.PRESSIP\OutputValue	-6.0	0.7	0.3	-1.0	0.0	-1.0	-1.0	-1.0	0.0	0.0	0.0	-1.0	-1.0	0.0	0.0	0.0	-1.0	0.0
00:58:10	137.0	354.3	353.8	354.1	354.7	354.7	0.7	0.6	0.2	44.3	0.2	0.7	0.2	354.7	353.8	0.3	0.0	354.3	354.3	354.9	355.0	354.6	360.5	94.6	137.0	51.5	38.5	355.2	355.0	44.0	54.2	4.1	40.2	0.0	8.3	.Autoclave.Outputs.PRESSIP\OutputValue	-6.0	0.9	0.2	-1.0	0.0	-1.0	-1.0	-1.0	0.0	0.0	0.0	-1.0	-1.0	0.0	0.0	0.0	-1.0	0.0
00:59:09	138.0	354.4	353.9	354.0	354.7	354.7	0.7	0.6	0.2	44.3	0.2	0.7	0.2	354.7	353.9	0.2	-0.1	354.3	354.3	355.0	355.0	354.7	360.4	94.6	138.0	52.5	37.5	355.3	355.0	44.0	52.8	4.1	40.6	0.0	5.7	.Autoclave.Outputs.PRESSIP\OutputValue	-6.0	0.8	0.3	-1.0	0.0	-1.0	-1.0	-1.0	0.0	0.0	0.0	-1.0	-1.0	0.0	0.0	0.0	-1.0	0.0
01:00:10	139.1	354.3	354.1	354.0	354.8	354.8	0.7	0.6	0.3	44.6	0.2	0.7	0.3	354.8	354.0	0.0	-0.3	354.4	354.4	355.0	355.0	354.6	360.7	94.7	139.0	53.5	36.5	355.2	355.0	44.0	53.7	4.1	37.6	0.0	7.4	.Autoclave.Outputs.PRESSIP\OutputValue	-6.0	0.8	0.2	-1.0	0.0	-1.0	-1.0	-1.0	0.0	0.0	0.0	-1.0	-1.0	0.0	0.0	0.0	-1.0	0.0
01:01:10	140.0	354.4	353.9	354.1	354.8	354.8	0.7	0.7	0.2	44.3	0.2	0.7	0.2	354.8	353.9	0.1	-0.1	354.4	354.4	354.9	354.9	354.6	360.6	94.7	140.0	54.5	35.5	355.2	355.0	44.0	54.9	4.1	35.9	0.0	9.8	.Autoclave.Outputs.PRESSIP\OutputValue	-6.0	0.9	0.1	-1.0	0.0	-1.0	-1.0	-1.0	0.0	0.0	0.0	-1.0	-1.0	0.0	0.0	0.0	-1.0	0.0
01:02:10	141.0	354.3	354.0	354.1	354.9	354.8	0.8	0.6	0.3	44.4	0.2	0.8	0.3	354.9	354.0	0.3	-0.3	354.4	354.5	354.9	355.0	354.5	360.1	94.6	141.0	55.5	34.5	355.1	355.0	44.0	53.6	4.2	37.4	0.0	7.1	.Autoclave.Outputs.PRESSIP\OutputValue	-6.0	0.9	0.0	-1.0	0.0	-1.0	-1.0	-1.0	0.0	0.0	0.0	-1.0	-1.0	0.0	0.0	0.0	-1.0	0.0
01:03:09	142.0	354.4	354.2	354.0	354.8	354.8	0.7	0.6	0.2	44.3	0.2	0.7	0.2	354.8	354.0	0.0	-0.4	354.4	354.4	355.1	355.1	354.6	360.4	94.6	142.0	56.5	33.5	355.2	355.0	44.0	52.9	4.2	41.0	0.0	5.8	.Autoclave.Outputs.PRESSIP\OutputValue	-6.0	0.8	0.3	-1.0	0.0	-1.0	-1.0	-1.0	0.0	0.0	0.0	-1.0	-1.0	0.0	0.0	0.0	-1.0	0.0
01:04:10	143.0	354.4	354.1	354.0	354.7	354.8	0.8	0.6	0.2	44.7	0.2	0.8	0.2	354.8	354.0	0.4	-0.1	354.4	354.4	354.9	354.9	354.4	360.6	94.7	143.0	57.5	32.5	355.2	355.0	44.0	54.4	4.2	37.0	0.0	8.9	.Autoclave.Outputs.PRESSIP\OutputValue	-6.0	0.8	0.1	-1.0	0.0	-1.0	-1.0	-1.0	0.0	0.0	0.0	-1.0	-1.0	0.0	0.0	0.0	-1.0	0.0
01:05:10	144.0	354.4	353.9	353.9	354.8	354.8	0.7	0.7	0.2	44.3	0.2	0.7	0.2	354.8	353.9	0.1	-0.1	354.4	354.4	354.9	354.9	354.5	360.5	94.7	144.0	58.5	31.5	355.1	355.0	44.0	53.6	4.2	41.0	0.0	7.3	.Autoclave.Outputs.PRESSIP\OutputValue	-6.0	0.9	0.1	-1.0	0.0	-1.0	-1.0	-1.0	0.0	0.0	0.0	-1.0	-1.0	0.0	0.0	0.0	-1.0	0.0
01:06:10	145.1	354.5	353.9	353.7	354.8	354.7	0.7	0.7	0.2	44.4	0.2	0.7	0.2	354.8	353.7	0.0	0.0	354.3	354.3	355.0	354.9	354.5	360.7	94.8	145.0	59.5	30.5	355.2	355.0	44.0	53.6	4.2	41.0	0.0	7.3	.Autoclave.Outputs.PRESSIP\OutputValue	-6.0	1.1	0.2	-1.0	0.0	-1.0	-1.0	-1.0	0.0	0.0	0.0	-1.0	-1.0	0.0	0.0	0.0	-1.0	0.0
01:07:09	146.0	354.5	354.1	353.9	354.8	354.8	0.7	0.7	0.2	44.5	0.2	0.7	0.2	354.8	353.9	0.0	-0.2	354.4	354.4	355.0	355.1	354.7	360.1	94.7	146.0	60.5	29.5	355.2	355.0	44.0	53.8	4.2	40.0	0.0	7.6	.Autoclave.Outputs.PRESSIP\OutputValue	-6.0	0.9	0.2	-1.0	0.0	-1.0	-1.0	-1.0	0.0	0.0	0.0	-1.0	-1.0	0.0	0.0	0.0	-1.0	0.0
01:08:09	147.0	354.5	354.0	353.8	354.9	354.8	0.7	0.7	0.2	44.3	0.2	0.7	0.2	354.9	353.8	0.1	-0.2	354.4	354.4	355.1	355.1	354.5	360.5	94.9	147.0	61.5	28.5	355.2	355.0	44.0	53.7	4.3	40.8	0.0	7.4	.Autoclave.Outputs.PRESSIP\OutputValue	-6.0	1.1	0.2	-1.0	0.0	-1.0	-1.0	-1.0	0.0	0.0	0.0	-1.0	-1.0	0.0	0.0	0.0	-1.0	0.0
01:09:10	148.1	354.5	353.9	353.8	354.8	354.8	0.6	0.6	0.2	44.7	0.2	0.6	0.2	354.8	353.8	0.1	-0.1	354.4	354.3	354.9	355.0	354.6	360.5	95.0	148.0	62.5	27.5	355.1	355.0	44.0	53.2	4.3	35.3	0.0	6.4	.Autoclave.Outputs.PRESSIP\OutputValue	-6.0	1.0	0.1	-1.0	0.0	-1.0	-1.0	-1.0	0.0	0.0	0.0	-1.0	-1.0	0.0	0.0	0.0	-1.0	0.0
01:10:10	149.1	354.5	353.8	353.8	354.9	354.8	0.7	0.6	0.2	44.3	0.2	0.7	0.2	354.9	353.8	0.1	-0.1	354.4	354.4	355.0	354.9	354.5	360.0	94.9	149.0	63.5	26.5	355.1	355.0	44.0	53.0	4.3	40.6	0.0	6.1	.Autoclave.Outputs.PRESSIP\OutputValue	-6.0	1.1	0.1	-1.0	0.0	-1.0	-1.0	-1.0	0.0	0.0	0.0	-1.0	-1.0	0.0	0.0	0.0	-1.0	0.0
01:11:10	150.0	354.4	353.8	353.8	354.8	354.7	0.7	0.7	0.2	44.8	0.2	0.7	0.2	354.8	353.8	0.2	-0.2	354.3	354.3	355.1	355.0	354.5	360.6	95.1	150.0	64.5	25.5	355.2	355.0	44.0	53.2	4.3	40.8	0.0	6.5	.Autoclave.Outputs.PRESSIP\OutputValue	-6.0	1.0	0.3	-1.0	0.0	-1.0	-1.0	-1.0	0.0	0.0	0.0	-1.0	-1.0	0.0	0.0	0.0	-1.0	0.0
01:12:09	151.0	354.4	353.9	353.8	354.7	354.8	0.7	0.7	0.2	44.6	0.2	0.7	0.2	354.8	353.8	0.0	-0.3	354.3	354.3	355.1	355.1	354.6	360.8	95.2	151.0	65.5	24.5	355.2	355.0	44.0	53.2	4.3	38.0	0.0	6.5	.Autoclave.Outputs.PRESSIP\OutputValue	-6.0	1.0	0.3	-1.0	0.0	-1.0	-1.0	-1.0	0.0	0.0	0.0	-1.0	-1.0	0.0	0.0	0.0	-1.0	0.0
01:13:10	152.1	354.5	353.9	353.7	354.7	354.8	0.7	0.6	0.2	44.4	0.2	0.7	0.2	354.8	353.7	0.1	0.0	354.3	354.2	355.0	355.1	354.6	360.5	95.1	152.0	66.5	23.5	355.3	355.0	44.0	54.4	4.4	40.6	0.0	8.9	.Autoclave.Outputs.PRESSIP\OutputValue	-6.0	1.1	0.2	-1.0	0.0	-1.0	-1.0	-1.0	0.0	0.0	0.0	-1.0	-1.0	0.0	0.0	0.0	-1.0	0.0
01:14:10	153.0	354.4	354.0	353.8	354.6	354.8	0.8	0.7	0.2	44.8	0.2	0.8	0.2	354.8	353.8	0.1	-0.4	354.3	354.3	355.1	355.1	354.6	360.4	95.2	153.0	67.5	22.5	355.2	355.0	44.0	53.3	4.4	36.1	0.0	6.6	.Autoclave.Outputs.PRESSIP\OutputValue	-6.0	1.0	0.3	-1.0	0.0	-1.0	-1.0	-1.0	0.0	0.0	0.0	-1.0	-1.0	0.0	0.0	0.0	-1.0	0.0
01:15:10	154.1	354.4	353.9	353.8	354.7	354.8	0.7	0.6	0.2	44.4	0.2	0.7	0.2	354.8	353.8	0.4	-0.1	354.3	354.3	355.1	355.1	354.6	361.0	95.1	154.0	68.5	21.5	355.3	355.0	44.0	53.8	4.4	39.8	0.0	7.6	.Autoclave.Outputs.PRESSIP\OutputValue	-6.0	1.0	0.3	-1.0	0.0	-1.0	-1.0	-1.0	0.0	0.0	0.0	-1.0	-1.0	0.0	0.0	0.0	-1.0	0.0
01:16:10	155.1	354.5	353.8	353.7	354.7	354.7	0.7	0.6	0.2	44.7	0.2	0.7	0.2	354.7	353.7	0.0	-0.2	354.3	354.2	355.1	355.1	354.7	360.5	95.1	155.0	69.5	20.5	355.3	355.0	44.0	53.8	4.4	36.8	0.0	7.6	.Autoclave.Outputs.PRESSIP\OutputValue	-6.0	1.0	0.4	-1.0	0.0	-1.0	-1.0	-1.0	0.0	0.0	0.0	-1.0	-1.0	0.0	0.0	0.0	-1.0	0.0
01:17:10	156.0	354.3	353.8	353.5	354.7	354.8	0.8	0.6	0.2	44.5	0.2	0.8	0.2	354.8	353.5	0.2	0.0	354.2	354.1	355.2	355.2	354.8	360.3	95.4	156.0	70.5	19.5	355.2	355.0	44.0	52.5	4.4	39.8	0.0	5.0	.Autoclave.Outputs.PRESSIP\OutputValue	-6.0	1.3	0.4	-1.0	0.0	-1.0	-1.0	-1.0	0.0	0.0	0.0	-1.0	-1.0	0.0	0.0	0.0	-1.0	0.0
01:18:10	157.0	354.5	353.9	353.7	354.7	354.8	0.7	0.6	0.2	44.5	0.2	0.7	0.2	354.8	353.7	0.1	-0.1	354.3	354.2	355.1	355.1	354.7	360.3	95.3	157.0	71.5	18.5	355.2	355.0	44.0	53.3	4.4	38.2	0.0	6.7	.Autoclave.Outputs.PRESSIP\OutputValue	-6.0	1.1	0.3	-1.0	0.0	-1.0	-1.0	-1.0	0.0	0.0	0.0	-1.0	-1.0	0.0	0.0	0.0	-1.0	0.0
01:19:10	158.1	354.5	353.9	353.8	354.7	354.8	0.7	0.6	0.2	44.9	0.2	0.7	0.2	354.8	353.8	0.1	-0.2	354.3	354.3	355.1	355.1	354.7	360.5	95.2	158.0	72.5	17.5	355.2	355.0	44.0	53.4	4.5	35.3	0.0	6.7	.Autoclave.Outputs.PRESSIP\OutputValue	-6.0	1.0	0.3	-1.0	0.0	-1.0	-1.0	-1.0	0.0	0.0	0.0	-1.0	-1.0	0.0	0.0	0.0	-1.0	0.0
01:20:09	159.0	354.4	353.9	353.7	354.7	354.8	0.7	0.6	0.2	44.7	0.2	0.7	0.2	354.8	353.7	0.2	0.0	354.3	354.2	355.2	355.2	354.6	360.6	95.3	159.0	73.5	16.5	355.2	355.0	44.0	53.4	4.5	36.8	0.0	6.8	.Autoclave.Outputs.PRESSIP\OutputValue	-6.0	1.1	0.4	-1.0	0.0	-1.0	-1.0	-1.0	0.0	0.0	0.0	-1.0	-1.0	0.0	0.0	0.0	-1.0	0.0
01:21:10	160.0	354.5	353.9	353.7	354.7	354.8	0.8	0.6	0.2	44.8	0.2	0.8	0.2	354.8	353.7	0.0	-0.2	354.3	354.2	355.1	355.1	354.7	360.4	95.3	160.0	74.5	15.5	355.2	355.0	44.0	53.2	4.5	38.3	0.0	6.5	.Autoclave.Outputs.PRESSIP\OutputValue	-6.0	1.1	0.3	-1.0	0.0	-1.0	-1.0	-1.0	0.0	0.0	0.0	-1.0	-1.0	0.0	0.0	0.0	-1.0	0.0
01:22:10	161.1	354.5	353.9	354.0	354.7	354.9	0.7	0.7	0.2	44.3	0.2	0.7	0.2	354.9	353.9	0.2	-0.1	354.4	354.4	355.0	355.1	354.6	360.6	95.2	161.0	75.5	14.5	355.2	355.0	44.0	53.4	4.5	40.8	0.0	6.8	.Autoclave.Outputs.PRESSIP\OutputValue	-6.0	1.0	0.1	-1.0	0.0	-1.0	-1.0	-1.0	0.0	0.0	0.0	-1.0	-1.0	0.0	0.0	0.0	-1.0	0.0
01:23:10	162.0	354.5	354.0	353.9	354.6	354.9	0.7	0.7	0.2	44.3	0.2	0.7	0.2	354.9	353.9	0.2	0.0	354.4	354.4	355.1	355.1	354.8	360.2	95.2	162.0	76.5	13.5	355.2	355.0	44.0	52.8	4.5	40.6	0.0	5.5	.Autoclave.Outputs.PRESSIP\OutputValue	-6.0	1.0	0.2	-1.0	0.0	-1.0	-1.0	-1.0	0.0	0.0	0.0	-1.0	-1.0	0.0	0.0	0.0	-1.0	0.0
01:24:09	163.0	354.5	354.0	353.9	354.7	354.8	0.7	0.6	0.3	44.4	0.2	0.7	0.3	354.8	353.9	0.1	-0.2	354.4	354.3	355.1	355.1	354.7	360.0	95.1	163.0	77.5	12.5	355.1	355.0	44.0	52.8	4.5	40.2	0.0	5.5	.Autoclave.Outputs.PRESSIP\OutputValue	-6.0	0.9	0.3	-1.0	0.0	-1.0	-1.0	-1.0	0.0	0.0	0.0	-1.0	-1.0	0.0	0.0	0.0	-1.0	0.0
01:25:09	164.0	354.5	353.9	353.5	354.7	354.9	0.7	0.6	0.2	44.9	0.2	0.7	0.2	354.9	353.5	0.1	-0.5	354.3	354.2	355.1	355.1	354.7	360.3	95.2	164.0	78.5	11.5	355.1	355.0	44.0	52.8	4.5	35.1	0.0	5.6	.Autoclave.Outputs.PRESSIP\OutputValue	-6.0	1.4	0.2	-1.0	0.0	-1.0	-1.0	-1.0	0.0	0.0	0.0	-1.0	-1.0	0.0	0.0	0.0	-1.0	0.0
01:26:10	165.1	354.6	353.8	353.9	354.7	354.9	0.7	0.6	0.3	44.3	0.2	0.7	0.3	354.9	353.8	0.5	-0.1	354.4	354.3	355.1	355.1	354.7	360.2	95.1	165.0	79.5	10.5	355.3	355.0	44.0	54.6	4.6	40.6	0.0	9.3	.Autoclave.Outputs.PRESSIP\OutputValue	-6.0	1.1	0.2	-1.0	0.0	-1.0	-1.0	-1.0	0.0	0.0	0.0	-1.0	-1.0	0.0	0.0	0.0	-1.0	0.0
01:27:10	166.0	354.5	354.1	353.9	354.7	354.8	0.7	0.7	0.2	44.4	0.2	0.7	0.2	354.8	353.9	0.1	-0.1	354.4	354.3	355.1	355.2	354.7	360.2	95.0	166.0	80.5	9.5	355.2	355.0	44.0	53.5	4.6	40.2	0.0	6.9	.Autoclave.Outputs.PRESSIP\OutputValue	-6.0	0.9	0.3	-1.0	0.0	-1.0	-1.0	-1.0	0.0	0.0	0.0	-1.0	-1.0	0.0	0.0	0.0	-1.0	0.0
01:28:09	167.0	354.5	353.9	353.8	354.7	354.8	0.7	0.7	0.2	44.4	0.2	0.7	0.2	354.8	353.8	0.1	-0.2	354.3	354.3	355.0	355.1	354.7	360.7	95.1	167.0	81.5	8.5	355.2	355.0	44.0	54.2	4.6	40.6	0.0	8.3	.Autoclave.Outputs.PRESSIP\OutputValue	-6.0	1.0	0.2	-1.0	0.0	-1.0	-1.0	-1.0	0.0	0.0	0.0	-1.0	-1.0	0.0	0.0	0.0	-1.0	0.0
01:29:09	168.0	354.5	353.9	353.9	354.8	354.9	0.7	0.6	0.3	44.7	0.2	0.7	0.3	354.9	353.9	0.5	-0.1	354.4	354.4	355.1	355.1	354.7	360.7	95.0	168.0	82.5	7.5	355.2	355.0	44.0	53.5	4.6	37.2	0.0	7.0	.Autoclave.Outputs.PRESSIP\OutputValue	-6.0	1.0	0.2	-1.0	0.0	-1.0	-1.0	-1.0	0.0	0.0	0.0	-1.0	-1.0	0.0	0.0	0.0	-1.0	0.0
01:30:10	169.0	354.5	353.9	353.9	354.6	354.9	0.7	0.6	0.2	44.3	0.2	0.7	0.2	354.9	353.9	0.1	-0.5	354.4	354.4	355.1	355.2	354.6	360.9	94.9	169.0	83.5	6.5	355.2	355.0	44.0	53.5	4.6	40.8	0.0	7.0	.Autoclave.Outputs.PRESSIP\OutputValue	-6.0	1.0	0.2	-1.0	0.0	-1.0	-1.0	-1.0	0.0	0.0	0.0	-1.0	-1.0	0.0	0.0	0.0	-1.0	0.0
01:31:10	170.1	354.5	354.0	353.8	354.6	354.8	0.7	0.7	0.2	44.9	0.2	0.7	0.2	354.8	353.8	0.1	-0.1	354.3	354.3	355.1	354.9	354.6	360.7	94.7	170.0	84.5	5.5	355.2	355.0	44.0	54.2	4.6	35.5	0.0	8.4	.Autoclave.Outputs.PRESSIP\OutputValue	-6.0	1.0	0.3	-1.0	0.0	-1.0	-1.0	-1.0	0.0	0.0	0.0	-1.0	-1.0	0.0	0.0	0.0	-1.0	0.0
01:32:10	171.1	354.6	354.0	353.2	354.6	354.8	0.7	0.7	0.3	44.5	0.2	0.7	0.3	354.8	353.2	0.5	0.0	354.2	354.0	355.0	355.0	354.5	360.4	94.7	171.0	85.5	4.5	355.0	355.0	44.0	53.5	4.6	35.7	0.0	7.1	.Autoclave.Outputs.PRESSIP\OutputValue	-6.0	1.6	0.2	-1.0	0.0	-1.0	-1.0	-1.0	0.0	0.0	0.0	-1.0	-1.0	0.0	0.0	0.0	-1.0	0.0
01:33:09	172.0	354.6	354.1	353.2	354.6	355.0	0.7	0.6	0.2	44.6	0.2	0.7	0.2	355.0	353.2	0.1	-0.3	354.3	354.1	355.0	355.0	354.6	360.8	94.7	172.0	86.5	3.5	355.1	355.0	44.0	52.9	4.6	37.8	0.0	5.8	.Autoclave.Outputs.PRESSIP\OutputValue	-6.0	1.8	0.0	-1.0	0.0	-1.0	-1.0	-1.0	0.0	0.0	0.0	-1.0	-1.0	0.0	0.0	0.0	-1.0	0.0
01:34:09	173.0	354.6	354.0	353.4	354.7	355.0	0.7	0.6	0.2	44.3	0.2	0.7	0.2	355.0	353.4	0.2	-0.2	354.3	354.2	355.1	355.1	354.5	360.3	94.6	173.0	87.5	2.5	355.1	355.0	44.0	53.6	4.7	41.0	0.0	7.1	.Autoclave.Outputs.PRESSIP\OutputValue	-6.0	1.6	0.1	-1.0	0.0	-1.0	-1.0	-1.0	0.0	0.0	0.0	-1.0	-1.0	0.0	0.0	0.0	-1.0	0.0
01:35:09	174.0	354.6	354.1	354.2	354.8	354.8	0.7	0.6	0.2	44.5	0.2	0.7	0.2	354.8	354.1	0.3	0.0	354.5	354.5	355.1	355.1	354.7	360.4	94.4	174.0	88.5	1.5	355.1	355.0	44.0	52.9	4.7	39.5	0.0	5.8	.Autoclave.Outputs.PRESSIP\OutputValue	-6.0	0.7	0.3	-1.0	0.0	-1.0	-1.0	-1.0	0.0	0.0	0.0	-1.0	-1.0	0.0	0.0	0.0	-1.0	0.0
01:36:09	175.0	354.6	354.0	354.0	354.7	354.8	0.7	0.6	0.2	44.9	0.2	0.7	0.2	354.8	354.0	0.1	-0.2	354.4	354.4	354.9	355.0	354.5	360.5	94.4	175.0	89.5	0.5	355.1	355.0	44.0	54.3	4.7	35.1	0.0	8.5	.Autoclave.Outputs.PRESSIP\OutputValue	-6.0	0.8	0.1	-1.0	0.0	-1.0	-1.0	-1.0	0.0	0.0	0.0	-1.0	-1.0	0.0	0.0	0.0	-1.0	0.0
01:36:37	175.5	354.6	354.1	354.1	354.7	354.9	0.7	0.6	0.2	44.7	0.2	0.7	0.2	354.9	354.1	0.0	-0.1	354.5	354.5	355.0	355.0	354.5	360.1	94.4	175.5	90.0	0.0	355.2	355.0	44.0	52.9	4.7	35.9	0.0	5.8	.Autoclave.Outputs.PRESSIP\OutputValue	-6.0	0.8	0.2	-1.0	0.0	-1.0	-1.0	-1.0	0.0	0.0	0.0	-1.0	-1.0	0.0	0.0	0.0	-1.0	0.0
01:37:10	176.0	354.4	353.9	353.7	354.6	354.6	0.7	0.6	0.2	43.6	0.2	0.7	0.2	354.6	353.7	0.0	-0.4	354.2	354.2	351.9	351.6	351.2	333.6	94.2	176.0	0.5	0.0	352.6	352.5	44.0	57.5	4.6	51.8	0.0	14.9	.Autoclave.Outputs.PRESSIP\OutputValue	-5.9	0.9	-2.7	-1.0	0.0	-1.0	-1.0	-1.0	0.0	0.0	0.0	-1.0	-1.0	0.0	0.0	0.0	-1.0	0.0
01:38:10	177.1	352.9	351.7	350.9	353.4	352.1	0.6	0.6	0.2	43.9	0.2	0.6	0.2	353.4	350.9	-1.2	-2.6	352.2	352.2	345.8	345.8	345.5	352.5	94.3	177.0	1.5	0.0	348.1	348.0	44.0	68.6	5.1	45.2	0.0	37.1	.Autoclave.Outputs.PRESSIP\OutputValue	-5.7	2.5	-7.6	-1.0	0.0	-1.0	-1.0	-1.0	0.0	0.0	0.0	-1.0	-1.0	0.0	0.0	0.0	-1.0	0.0
01:39:10	178.0	352.1	350.7	350.0	352.7	351.5	0.6	0.6	0.2	43.9	0.2	0.6	0.2	352.7	350.0	-0.6	-1.2	351.4	351.4	341.9	341.3	340.9	321.6	94.2	178.0	2.5	0.0	343.6	343.5	44.0	64.6	5.1	46.4	0.0	29.2	.Autoclave.Outputs.PRESSIP\OutputValue	-5.5	2.7	-10.8	-1.0	0.0	-1.0	-1.0	-1.0	0.0	0.0	0.0	-1.0	-1.0	0.0	0.0	0.0	-1.0	0.0
01:40:10	179.0	350.0	348.4	346.6	351.2	348.7	0.7	0.6	0.2	44.7	0.2	0.7	0.2	351.2	346.6	-1.6	-3.4	349.0	348.9	337.7	337.6	337.2	343.2	94.4	179.0	3.5	0.0	339.1	339.0	44.0	63.0	5.5	37.0	0.0	26.1	.Autoclave.Outputs.PRESSIP\OutputValue	-6.0	4.6	-13.5	-1.0	0.0	-1.0	-1.0	-1.0	0.0	0.0	0.0	-1.0	-1.0	0.0	0.0	0.0	-1.0	0.0
01:41:09	180.0	348.4	345.7	344.2	350.1	346.8	0.6	0.5	0.2	43.9	0.2	0.6	0.2	350.1	344.2	-1.0	-2.4	347.0	347.2	329.6	329.6	329.2	319.5	94.3	180.0	4.5	0.0	334.6	334.5	44.0	85.8	5.6	45.6	0.0	71.6	.Autoclave.Outputs.PRESSIP\OutputValue	-5.7	5.9	-20.6	-1.0	0.0	-1.0	-1.0	-1.0	0.0	0.0	0.0	-1.0	-1.0	0.0	0.0	0.0	-1.0	0.0
01:42:10	181.1	346.0	342.4	341.1	348.2	344.4	0.6	0.5	0.2	43.8	0.2	0.6	0.2	348.2	341.1	-1.9	-3.4	344.4	344.7	330.0	330.1	329.6	333.7	94.3	181.0	5.5	0.0	330.1	330.0	44.0	54.8	5.9	40.1	0.0	9.6	.Autoclave.Outputs.PRESSIP\OutputValue	-5.9	7.1	-18.3	-1.0	0.0	-1.0	-1.0	-1.0	0.0	0.0	0.0	-1.0	-1.0	0.0	0.0	0.0	-1.0	0.0
01:43:10	182.0	343.7	339.5	337.5	346.4	341.5	0.5	0.5	0.2	44.3	0.2	0.5	0.2	346.4	337.5	-1.6	-2.9	341.7	342.0	320.4	320.3	319.8	319.7	94.6	182.0	6.5	0.0	325.6	325.5	44.0	88.9	6.0	41.9	0.0	77.8	.Autoclave.Outputs.PRESSIP\OutputValue	-5.7	8.9	-26.1	-1.0	0.0	-1.0	-1.0	-1.0	0.0	0.0	0.0	-1.0	-1.0	0.0	0.0	0.0	-1.0	0.0
01:43:21	182.2	343.2	338.7	336.8	345.9	341.0	0.5	0.5	0.2	44.2	0.2	0.5	0.2	345.9	336.8	-1.9	-3.6	341.1	341.4	320.5	320.5	320.0	324.6	94.5	182.2	6.7	0.0	324.8	324.8	44.0	83.3	6.1	42.0	0.0	66.5	.Autoclave.Outputs.PRESSIP\OutputValue	-5.8	9.1	-25.6	-1.0	0.0	-1.0	-1.0	-1.0	0.0	0.0	0.0	-1.0	-1.0	0.0	0.0	0.0	-1.0	0.0
01:44:10	183.1	341.4	336.3	334.9	344.6	339.6	0.5	0.5	0.2	44.4	0.2	0.5	0.2	344.6	334.9	-2.0	-3.4	339.4	339.8	322.0	322.0	321.5	323.9	94.3	183.0	0.8	0.0	321.1	321.0	44.0	48.4	6.2	39.8	0.0	0.0	.Autoclave.Outputs.PRESSIP\OutputValue	-6.0	9.7	-22.7	-1.0	0.0	-1.0	-1.0	-1.0	0.0	0.0	0.0	-1.0	-1.0	0.0	0.0	0.0	-1.0	0.0
01:45:10	184.1	338.6	333.0	330.7	342.3	336.3	0.4	0.4	0.2	44.3	0.2	0.4	0.2	342.3	330.7	-2.2	-3.9	336.2	336.5	314.2	314.3	313.7	317.4	94.4	184.0	1.8	0.0	316.6	316.5	44.0	70.6	6.4	35.0	0.0	41.2	.Autoclave.Outputs.PRESSIP\OutputValue	-6.0	11.6	-28.2	-1.0	0.0	-1.0	-1.0	-1.0	0.0	0.0	0.0	-1.0	-1.0	0.0	0.0	0.0	-1.0	0.0
01:46:10	185.0	336.2	329.8	328.0	340.3	334.2	0.4	0.4	0.1	43.5	0.2	0.4	0.1	340.3	328.0	-2.1	-3.1	333.7	334.2	312.5	312.1	311.7	295.4	94.2	185.0	2.8	0.0	312.1	312.0	44.0	52.0	6.4	49.1	0.0	4.0	.Autoclave.Outputs.PRESSIP\OutputValue	-5.9	12.3	-27.9	-1.0	0.0	-1.0	-1.0	-1.0	0.0	0.0	0.0	-1.0	-1.0	0.0	0.0	0.0	-1.0	0.0
01:47:10	186.0	333.0	325.9	323.4	337.5	330.5	0.4	0.4	0.2	44.0	0.2	0.4	0.2	337.5	323.4	-3.0	-4.6	330.1	330.5	306.7	306.7	306.3	308.9	94.5	186.0	3.8	0.0	307.6	307.5	44.0	60.5	6.7	44.5	0.0	20.9	.Autoclave.Outputs.PRESSIP\OutputValue	-5.7	14.1	-30.8	-1.0	0.0	-1.0	-1.0	-1.0	0.0	0.0	0.0	-1.0	-1.0	0.0	0.0	0.0	-1.0	0.0
01:48:10	187.1	330.1	322.6	319.9	335.3	327.5	0.4	0.4	0.1	44.2	0.2	0.4	0.1	335.3	319.9	-2.1	-3.3	327.1	327.6	298.6	298.6	298.3	293.2	94.8	187.0	4.8	0.0	303.1	303.0	44.0	83.1	6.8	42.2	0.0	66.2	.Autoclave.Outputs.PRESSIP\OutputValue	-5.5	15.4	-36.7	-1.0	0.0	-1.0	-1.0	-1.0	0.0	0.0	0.0	-1.0	-1.0	0.0	0.0	0.0	-1.0	0.0
01:49:10	188.0	327.1	319.1	316.3	332.6	324.5	0.3	0.3	0.1	43.7	0.2	0.3	0.1	332.6	316.3	-2.8	-3.9	323.9	324.5	299.3	299.3	298.9	299.5	94.7	188.0	5.8	0.0	298.6	298.5	44.0	49.9	6.9	47.4	0.0	0.0	.Autoclave.Outputs.PRESSIP\OutputValue	-5.6	16.3	-33.3	-1.0	0.0	-1.0	-1.0	-1.0	0.0	0.0	0.0	-1.0	-1.0	0.0	0.0	0.0	-1.0	0.0
01:50:10	189.0	323.7	314.8	311.7	329.7	320.8	0.3	0.3	0.1	44.2	0.2	0.3	0.1	329.7	311.7	-2.9	-4.6	320.1	320.7	292.2	292.3	291.8	294.9	94.8	189.0	6.8	0.0	294.1	294.0	44.0	67.5	7.1	42.3	0.0	34.9	.Autoclave.Outputs.PRESSIP\OutputValue	-5.0	18.0	-37.5	-1.0	0.0	-1.0	-1.0	-1.0	0.0	0.0	0.0	-1.0	-1.0	0.0	0.0	0.0	-1.0	0.0
01:51:10	190.1	320.8	312.0	308.5	327.0	318.2	0.3	0.3	0.1	43.0	0.2	0.3	0.1	327.0	308.5	-2.7	-3.4	317.3	317.8	290.2	290.2	289.7	278.9	94.7	190.0	7.8	0.0	289.6	289.5	44.0	50.0	7.1	55.4	-1.0	0.1	.Autoclave.Outputs.PRESSIP\OutputValue	-4.8	18.5	-36.8	-1.0	0.0	-1.0	-1.0	-1.0	0.0	0.0	0.0	-1.0	-1.0	0.0	0.0	0.0	-1.0	0.0
01:52:10	191.0	317.3	307.9	303.9	323.8	314.2	0.3	0.3	0.1	44.0	0.2	0.3	0.1	323.8	303.9	-3.2	-4.6	313.4	313.9	285.2	285.2	284.9	285.3	94.7	191.0	8.8	0.0	285.1	285.0	44.0	54.3	7.3	45.9	0.0	8.6	.Autoclave.Outputs.PRESSIP\OutputValue	-4.3	19.9	-38.6	-1.0	0.0	-1.0	-1.0	-1.0	0.0	0.0	0.0	-1.0	-1.0	0.0	0.0	0.0	-1.0	0.0
01:53:10	192.0	314.3	304.2	300.3	321.0	311.0	0.2	0.3	0.1	44.3	0.2	0.3	0.1	321.0	300.3	-2.8	-3.8	310.2	310.7	278.5	278.4	278.1	263.9	94.7	192.0	9.8	0.0	280.6	280.5	44.0	68.9	7.2	48.3	0.0	37.8	.Autoclave.Outputs.PRESSIP\OutputValue	-3.5	20.7	-42.5	-1.0	0.0	-1.0	-1.0	-1.0	0.0	0.0	0.0	-1.0	-1.0	0.0	0.0	0.0	-1.0	0.0
01:54:09	193.0	310.6	299.9	296.1	317.6	307.2	0.2	0.3	0.1	44.3	0.2	0.3	0.1	317.6	296.1	-3.4	-4.6	306.3	306.9	276.5	276.5	276.1	275.8	94.6	193.0	10.8	0.0	276.1	276.0	44.0	52.5	7.3	42.5	0.0	4.9	.Autoclave.Outputs.PRESSIP\OutputValue	-4.5	21.5	-41.1	-1.0	0.0	-1.0	-1.0	-1.0	0.0	0.0	0.0	-1.0	-1.0	0.0	0.0	0.0	-1.0	0.0
01:55:10	194.1	306.8	295.7	291.4	314.3	302.9	0.2	0.2	0.1	44.3	0.2	0.2	0.1	314.3	291.4	-3.4	-4.4	302.2	302.9	268.3	268.4	267.9	268.3	94.8	194.0	11.8	0.0	271.6	271.5	44.0	77.1	7.4	43.5	0.0	54.3	.Autoclave.Outputs.PRESSIP\OutputValue	-4.6	22.9	-46.0	-1.0	0.0	-1.0	-1.0	-1.0	0.0	0.0	0.0	-1.0	-1.0	0.0	0.0	0.0	-1.0	0.0
01:56:10	195.0	303.4	291.1	287.9	311.1	299.9	0.2	0.2	0.1	43.4	0.2	0.2	0.1	311.1	287.9	-3.2	-3.9	298.7	299.5	266.6	266.3	265.9	253.3	94.6	195.0	12.8	0.0	267.1	267.0	44.0	58.5	7.4	49.5	0.0	17.1	.Autoclave.Outputs.PRESSIP\OutputValue	-4.4	23.2	-44.5	-1.0	0.0	-1.0	-1.0	-1.0	0.0	0.0	0.0	-1.0	-1.0	0.0	0.0	0.0	-1.0	0.0
01:57:09	196.0	299.9	287.6	283.5	307.8	295.9	0.2	0.2	0.1	43.8	0.2	0.2	0.1	307.8	283.5	-3.4	-4.3	294.9	295.7	263.6	263.7	263.3	261.1	94.6	196.0	13.8	0.0	262.6	262.6	44.0	48.7	7.5	46.7	-1.0	0.0	.Autoclave.Outputs.PRESSIP\OutputValue	-4.4	24.3	-44.2	-1.0	0.0	-1.0	-1.0	-1.0	0.0	0.0	0.0	-1.0	-1.0	0.0	0.0	0.0	-1.0	0.0
01:58:10	197.1	295.9	283.5	279.1	304.1	292.0	0.1	0.2	0.1	44.4	0.2	0.2	0.1	304.1	279.1	-3.6	-4.6	290.9	291.6	258.8	258.8	258.5	258.9	94.9	197.0	14.8	0.0	258.1	258.0	44.0	50.8	7.6	40.7	0.0	1.6	.Autoclave.Outputs.PRESSIP\OutputValue	-4.7	25.0	-45.3	-1.0	0.0	-1.0	-1.0	-1.0	0.0	0.0	0.0	-1.0	-1.0	0.0	0.0	0.0	-1.0	0.0
01:59:10	198.0	292.1	279.1	274.6	300.5	287.7	0.2	0.2	0.1	44.2	0.2	0.2	0.1	300.5	274.6	-3.6	-4.6	286.8	287.6	253.3	253.3	252.9	254.4	94.9	198.0	15.8	0.0	253.6	253.5	44.0	57.5	7.7	43.9	0.0	14.9	.Autoclave.Outputs.PRESSIP\OutputValue	-4.8	25.9	-47.2	-1.0	0.0	-1.0	-1.0	-1.0	0.0	0.0	0.0	-1.0	-1.0	0.0	0.0	0.0	-1.0	0.0
02:00:10	199.1	288.1	274.9	270.1	297.0	283.4	0.1	0.2	0.1	44.1	0.2	0.2	0.1	297.0	270.1	-3.6	-4.5	282.7	283.6	246.8	246.8	246.4	249.1	94.9	199.0	16.8	0.0	249.1	249.0	44.0	70.9	7.8	41.6	0.0	41.9	.Autoclave.Outputs.PRESSIP\OutputValue	-4.5	26.9	-50.2	-1.0	0.0	-1.0	-1.0	-1.0	0.0	0.0	0.0	-1.0	-1.0	0.0	0.0	0.0	-1.0	0.0
02:01:10	200.1	284.5	270.9	266.0	293.3	279.8	0.1	0.1	0.0	44.1	0.2	0.1	0.0	293.3	266.0	-3.7	-4.1	278.9	279.7	242.1	242.1	241.8	240.9	94.9	200.0	17.8	0.0	244.6	244.5	44.0	71.0	7.8	44.9	0.0	42.0	.Autoclave.Outputs.PRESSIP\OutputValue	-4.5	27.3	-51.2	-1.0	0.0	-1.0	-1.0	-1.0	0.0	0.0	0.0	-1.0	-1.0	0.0	0.0	0.0	-1.0	0.0
02:02:10	201.0	280.5	266.6	261.8	289.9	275.6	0.0	0.1	0.0	44.1	0.2	0.1	0.0	289.9	261.8	-3.6	-4.3	274.9	275.9	237.7	237.6	237.1	232.3	94.8	201.0	18.8	0.0	240.1	240.0	44.0	71.7	7.8	50.3	0.0	43.3	.Autoclave.Outputs.PRESSIP\OutputValue	-4.8	28.1	-52.2	-1.0	0.0	-1.0	-1.0	-1.0	0.0	0.0	0.0	-1.0	-1.0	0.0	0.0	0.0	-1.0	0.0
02:03:10	202.0	276.5	262.1	257.7	286.0	271.9	0.1	0.1	0.0	43.2	0.2	0.1	0.0	286.0	257.7	-3.6	-4.4	270.8	271.9	234.7	234.6	234.2	223.5	94.7	202.0	19.8	0.0	235.6	235.5	44.0	61.8	7.9	54.9	0.0	23.5	.Autoclave.Outputs.PRESSIP\OutputValue	-4.5	28.3	-51.3	-1.0	0.0	-1.0	-1.0	-1.0	0.0	0.0	0.0	-1.0	-1.0	0.0	0.0	0.0	-1.0	0.0
02:04:10	203.1	272.3	257.9	253.3	282.4	267.7	0.0	0.1	0.0	43.6	0.2	0.1	0.0	282.4	253.3	-3.9	-4.6	266.7	267.9	230.3	230.3	229.9	218.9	94.8	203.0	20.8	0.0	231.1	231.0	44.0	60.4	7.9	50.1	0.0	20.8	.Autoclave.Outputs.PRESSIP\OutputValue	-3.7	29.1	-52.1	-1.0	0.0	-1.0	-1.0	-1.0	0.0	0.0	0.0	-1.0	-1.0	0.0	0.0	0.0	-1.0	0.0
02:05:10	204.0	268.4	253.6	249.0	278.7	263.8	0.0	0.1	0.0	43.7	0.2	0.1	0.0	278.7	249.0	-3.7	-4.8	262.7	263.9	226.9	226.7	226.2	216.4	94.7	204.0	21.8	0.0	226.6	226.5	44.0	53.8	7.9	48.8	0.0	7.6	.Autoclave.Outputs.PRESSIP\OutputValue	-3.8	29.7	-51.8	-1.0	0.0	-1.0	-1.0	-1.0	0.0	0.0	0.0	-1.0	-1.0	0.0	0.0	0.0	-1.0	0.0
02:06:10	205.0	264.3	248.9	244.5	274.8	259.7	0.0	0.1	0.0	43.5	0.2	0.1	0.0	274.8	244.5	-3.9	-4.5	258.4	259.7	223.5	223.4	222.9	215.2	94.7	205.0	22.8	0.0	222.1	222.0	44.0	46.5	7.9	51.8	-1.0	0.0	.Autoclave.Outputs.PRESSIP\OutputValue	-3.3	30.3	-51.3	-1.0	0.0	-1.0	-1.0	-1.0	0.0	0.0	0.0	-1.0	-1.0	0.0	0.0	0.0	-1.0	0.0
02:07:10	206.1	260.3	244.3	240.0	270.9	255.3	0.1	0.1	0.0	43.7	0.2	0.1	0.0	270.9	240.0	-3.8	-4.8	254.2	255.5	219.1	219.1	218.7	213.4	94.7	206.0	23.8	0.0	217.6	217.5	44.0	46.0	8.0	49.9	-1.0	0.0	.Autoclave.Outputs.PRESSIP\OutputValue	-3.2	30.9	-51.8	-1.0	0.0	-1.0	-1.0	-1.0	0.0	0.0	0.0	-1.0	-1.0	0.0	0.0	0.0	-1.0	0.0
02:08:09	207.0	256.0	240.6	235.6	267.3	251.0	0.0	0.1	0.0	43.4	0.2	0.1	0.0	267.3	235.6	-3.8	-4.6	250.1	251.5	214.5	214.5	214.2	210.0	94.7	207.0	24.8	0.0	213.1	213.0	44.0	46.0	8.0	53.5	-1.0	0.0	.Autoclave.Outputs.PRESSIP\OutputValue	-2.5	31.7	-52.8	-1.0	0.0	-1.0	-1.0	-1.0	0.0	0.0	0.0	-1.0	-1.0	0.0	0.0	0.0	-1.0	0.0
02:09:10	208.0	252.1	236.0	231.5	263.4	246.9	0.0	0.1	0.0	43.8	0.2	0.1	0.0	263.4	231.5	-3.9	-4.5	246.0	247.5	209.8	209.6	209.4	201.5	94.6	208.0	25.8	0.0	208.6	208.5	44.0	47.9	8.0	48.4	-1.0	0.0	.Autoclave.Outputs.PRESSIP\OutputValue	-2.3	31.9	-53.6	-1.0	0.0	-1.0	-1.0	-1.0	0.0	0.0	0.0	-1.0	-1.0	0.0	0.0	0.0	-1.0	0.0
02:10:10	209.1	247.8	231.5	226.9	259.4	242.6	0.0	0.1	0.0	43.5	0.2	0.1	0.0	259.4	226.9	-4.1	-4.6	241.6	243.2	205.3	205.1	204.8	197.8	94.6	209.0	26.8	0.0	204.1	204.0	44.0	48.0	8.0	52.4	-1.0	0.0	.Autoclave.Outputs.PRESSIP\OutputValue	-1.7	32.5	-54.1	-1.0	0.0	-1.0	-1.0	-1.0	0.0	0.0	0.0	-1.0	-1.0	0.0	0.0	0.0	-1.0	0.0
02:11:09	210.0	243.7	227.0	222.6	255.7	238.4	0.0	0.0	0.0	43.5	0.2	0.0	0.0	255.7	222.6	-3.7	-4.4	237.5	239.2	200.9	200.8	200.4	193.6	94.4	210.0	27.8	0.0	199.6	199.6	44.0	47.4	8.0	53.8	-1.0	0.0	.Autoclave.Outputs.PRESSIP\OutputValue	-1.1	33.1	-54.8	-1.0	0.0	-1.0	-1.0	-1.0	0.0	0.0	0.0	-1.0	-1.0	0.0	0.0	0.0	-1.0	0.0
02:12:10	211.0	239.5	222.9	218.2	251.7	233.9	-0.1	0.0	0.0	44.0	0.2	0.0	-0.1	251.7	218.2	-4.0	-4.5	233.2	235.0	196.1	195.8	195.5	187.9	94.4	211.0	28.8	0.0	195.1	195.0	44.0	49.7	8.0	47.6	-1.0	0.0	.Autoclave.Outputs.PRESSIP\OutputValue	-1.3	33.5	-55.7	-1.0	0.0	-1.0	-1.0	-1.0	0.0	0.0	0.0	-1.0	-1.0	0.0	0.0	0.0	-1.0	0.0
02:13:10	212.1	234.9	218.0	213.8	247.8	229.7	0.0	0.0	0.0	43.6	0.2	0.0	0.0	247.8	213.8	-4.0	-4.7	228.8	230.8	191.2	191.2	190.9	182.5	94.4	212.0	29.8	0.0	190.6	190.6	44.0	51.5	7.9	53.0	-1.0	3.0	.Autoclave.Outputs.PRESSIP\OutputValue	-0.9	34.0	-56.7	-1.0	0.0	-1.0	-1.0	-1.0	0.0	0.0	0.0	-1.0	-1.0	0.0	0.0	0.0	-1.0	0.0
02:14:10	213.1	230.4	213.7	209.2	243.5	225.1	0.0	0.0	0.0	43.2	0.2	0.0	0.0	243.5	209.2	-4.4	-4.8	224.4	226.4	187.0	187.0	186.6	177.9	94.4	213.0	30.8	0.0	186.1	186.0	44.0	49.2	7.9	58.3	-1.0	0.0	.Autoclave.Outputs.PRESSIP\OutputValue	0.0	34.3	-56.6	-1.0	0.0	-1.0	-1.0	-1.0	0.0	0.0	0.0	-1.0	-1.0	0.0	0.0	0.0	-1.0	0.0
02:15:10	214.0	226.2	209.0	204.8	239.3	220.7	-0.1	0.0	0.0	43.7	0.2	0.0	-0.1	239.3	204.8	-4.2	-4.6	220.0	222.1	182.9	182.6	182.2	175.6	94.3	214.0	31.8	0.0	181.6	181.5	44.0	47.3	7.9	54.9	-1.0	0.0	.Autoclave.Outputs.PRESSIP\OutputValue	0.9	34.5	-56.5	-1.0	0.0	-1.0	-1.0	-1.0	0.0	0.0	0.0	-1.0	-1.0	0.0	0.0	0.0	-1.0	0.0
02:16:09	215.0	222.0	204.8	200.6	235.2	216.4	-0.1	0.0	0.0	43.2	0.2	0.0	-0.1	235.2	200.6	-4.1	-4.7	215.8	217.9	177.9	177.9	177.4	170.1	94.2	215.0	32.8	0.0	177.1	177.1	44.0	50.6	7.8	59.8	-1.0	1.3	.Autoclave.Outputs.PRESSIP\OutputValue	1.7	34.6	-57.4	-1.0	0.0	-1.0	-1.0	-1.0	0.0	0.0	0.0	-1.0	-1.0	0.0	0.0	0.0	-1.0	0.0
02:17:09	216.0	217.6	200.4	196.2	231.2	211.8	0.0	0.0	0.0	43.2	0.2	0.0	0.0	231.2	196.2	-4.0	-4.5	211.5	213.7	173.3	173.1	172.7	165.7	94.2	216.0	33.8	0.0	172.6	172.6	44.0	51.3	7.8	59.9	-1.0	2.6	.Autoclave.Outputs.PRESSIP\OutputValue	2.2	35.0	-58.0	-1.0	0.0	-1.0	-1.0	-1.0	0.0	0.0	0.0	-1.0	-1.0	0.0	0.0	0.0	-1.0	0.0
02:18:10	217.0	213.4	195.9	191.8	227.0	207.5	-0.1	0.0	0.0	43.7	0.2	0.0	-0.1	227.0	191.8	-4.1	-4.7	207.1	209.4	169.0	169.0	168.6	162.4	94.2	217.0	34.8	0.0	168.1	168.0	44.0	49.2	7.7	56.0	-1.0	0.0	.Autoclave.Outputs.PRESSIP\OutputValue	3.0	35.2	-58.1	-1.0	0.0	-1.0	-1.0	-1.0	0.0	0.0	0.0	-1.0	-1.0	0.0	0.0	0.0	-1.0	0.0
02:19:09	218.0	208.9	191.5	187.2	223.0	202.9	-0.1	0.0	0.0	43.6	0.2	0.0	-0.1	223.0	187.2	-4.2	-4.7	202.7	205.1	164.4	164.2	163.8	158.1	94.1	218.0	35.8	0.0	163.6	163.6	44.0	50.5	7.6	57.9	-1.0	1.0	.Autoclave.Outputs.PRESSIP\OutputValue	3.6	35.8	-58.7	-1.0	0.0	-1.0	-1.0	-1.0	0.0	0.0	0.0	-1.0	-1.0	0.0	0.0	0.0	-1.0	0.0
02:20:10	219.1	204.8	187.0	182.9	219.1	198.5	-0.1	0.0	0.0	42.9	0.2	0.0	-0.1	219.1	182.9	-4.1	-5.1	198.5	201.0	160.4	160.4	160.0	154.3	93.9	219.0	36.8	0.0	159.1	159.0	44.0	46.4	7.6	66.2	-1.0	0.0	.Autoclave.Outputs.PRESSIP\OutputValue	4.7	36.2	-58.8	-1.0	0.0	-1.0	-1.0	-1.0	0.0	0.0	0.0	-1.0	-1.0	0.0	0.0	0.0	-1.0	0.0
02:21:09	220.0	200.2	182.5	178.5	214.6	194.1	0.0	-0.1	0.0	43.4	0.2	0.0	-0.1	214.6	178.5	-4.5	-4.7	194.0	196.5	156.6	156.5	156.1	152.0	93.9	220.0	37.8	0.0	154.6	154.6	44.0	42.5	7.5	58.6	-1.0	0.0	.Autoclave.Outputs.PRESSIP\OutputValue	4.9	36.1	-58.0	-1.0	0.0	-1.0	-1.0	-1.0	0.0	0.0	0.0	-1.0	-1.0	0.0	0.0	0.0	-1.0	0.0
02:22:10	221.0	195.8	178.0	174.0	210.5	189.6	-0.1	0.0	0.0	43.4	0.2	0.0	-0.1	210.5	174.0	-4.1	-4.7	189.6	192.2	152.0	152.0	151.5	149.2	93.8	221.0	38.8	0.0	150.1	150.0	44.0	43.5	7.4	61.8	-1.0	0.0	.Autoclave.Outputs.PRESSIP\OutputValue	5.8	36.5	-58.5	-1.0	0.0	-1.0	-1.0	-1.0	0.0	0.0	0.0	-1.0	-1.0	0.0	0.0	0.0	-1.0	0.0
02:23:09	222.0	191.3	173.2	169.5	206.3	185.0	-0.2	-0.1	0.0	44.0	0.2	0.0	-0.2	206.3	169.5	-4.2	-4.6	185.1	187.9	146.7	146.6	146.1	146.9	94.0	222.0	39.8	0.0	145.6	145.6	44.0	48.3	7.3	62.1	-1.0	0.0	.Autoclave.Outputs.PRESSIP\OutputValue	6.8	36.8	-59.6	-1.0	0.0	-1.0	-1.0	-1.0	0.0	0.0	0.0	-1.0	-1.0	0.0	0.0	0.0	-1.0	0.0
02:24:09	223.0	187.0	169.2	165.1	201.8	180.7	-0.1	0.0	0.0	43.8	0.2	0.0	-0.1	201.8	165.1	-4.1	-4.6	180.8	183.4	141.8	141.8	141.3	137.7	93.9	223.0	40.8	0.0	141.1	141.0	44.0	50.8	7.2	59.8	-1.0	1.5	.Autoclave.Outputs.PRESSIP\OutputValue	7.7	36.7	-60.0	-1.0	0.0	-1.0	-1.0	-1.0	0.0	0.0	0.0	-1.0	-1.0	0.0	0.0	0.0	-1.0	0.0
02:25:09	224.0	182.6	164.7	161.0	197.8	176.3	-0.1	-0.1	0.0	43.3	0.2	0.0	-0.1	197.8	161.0	-4.1	-5.0	176.5	179.4	138.9	138.9	138.5	135.5	93.5	224.0	41.8	0.0	136.6	136.6	44.0	40.7	7.0	65.0	-1.0	0.0	.Autoclave.Outputs.PRESSIP\OutputValue	8.0	36.8	-58.9	-1.0	0.0	-1.0	-1.0	-1.0	0.0	0.0	0.0	-1.0	-1.0	0.0	0.0	0.0	-1.0	0.0
02:26:09	225.0	178.3	160.2	156.5	193.7	171.9	-0.1	0.0	0.0	43.5	0.2	0.0	-0.1	193.7	156.5	-4.1	-4.7	172.1	175.1	133.5	133.5	133.2	130.8	93.6	225.0	42.8	0.0	132.1	132.1	44.0	45.9	6.8	62.9	-1.0	0.0	.Autoclave.Outputs.PRESSIP\OutputValue	8.0	37.2	-60.2	-1.0	0.0	-1.0	-1.0	-1.0	0.0	0.0	0.0	-1.0	-1.0	0.0	0.0	0.0	-1.0	0.0
02:27:10	226.1	173.8	155.9	152.1	189.4	167.6	-0.1	0.0	0.0	43.3	0.2	0.0	-0.1	189.4	152.1	-4.3	-4.6	167.8	170.7	129.8	129.8	129.3	127.5	93.6	226.0	43.8	0.0	127.6	127.5	44.0	40.3	6.7	64.2	-1.0	0.0	.Autoclave.Outputs.PRESSIP\OutputValue	8.0	37.3	-59.6	-1.0	0.0	-1.0	-1.0	-1.0	0.0	0.0	0.0	-1.0	-1.0	0.0	0.0	0.0	-1.0	0.0
02:28:09	227.0	169.6	151.9	148.0	185.4	163.4	0.0	0.0	0.0	43.2	0.2	0.0	0.0	185.4	148.0	-4.1	-4.4	163.7	166.7	126.7	126.5	126.2	124.5	93.4	227.0	44.8	0.0	123.1	123.1	44.0	30.7	6.4	65.1	-1.0	0.0	.Autoclave.Outputs.PRESSIP\OutputValue	8.0	37.4	-58.7	-1.0	0.0	-1.0	-1.0	-1.0	0.0	0.0	0.0	-1.0	-1.0	0.0	0.0	0.0	-1.0	0.0
02:29:10	228.1	165.4	147.4	144.3	181.2	159.5	-0.1	0.0	0.0	43.2	0.2	0.0	-0.1	181.2	144.3	-3.9	-4.2	159.6	162.7	123.8	123.7	123.4	122.2	93.5	228.0	45.8	0.0	118.6	118.5	44.0	18.9	5.9	65.0	-1.0	0.0	.Autoclave.Outputs.PRESSIP\OutputValue	8.0	36.9	-57.3	-1.0	0.0	-1.0	-1.0	-1.0	0.0	0.0	0.0	-1.0	-1.0	0.0	0.0	0.0	-1.0	0.0
02:30:09	229.0	161.5	143.9	140.7	177.1	155.8	-0.2	0.0	0.0	43.6	0.2	0.0	-0.2	177.1	140.7	-3.6	-4.2	155.8	158.9	120.7	120.7	120.3	119.8	93.4	229.0	46.8	0.0	114.1	114.1	44.0	9.1	5.4	62.3	-1.0	0.0	.Autoclave.Outputs.PRESSIP\OutputValue	8.0	36.4	-56.3	-1.0	0.0	-1.0	-1.0	-1.0	0.0	0.0	0.0	-1.0	-1.0	0.0	0.0	0.0	-1.0	0.0
02:31:09	230.0	157.9	140.2	137.2	173.2	152.2	-0.1	0.0	0.0	43.7	0.2	0.0	-0.1	173.2	137.2	-3.5	-4.0	152.1	155.2	118.5	118.5	118.2	117.6	93.2	230.0	47.8	0.0	109.6	109.6	44.0	0.0	0.0	60.6	-1.0	0.0	.Autoclave.Outputs.PRESSIP\OutputValue	8.0	36.0	-54.6	-1.0	0.0	-1.0	-1.0	-1.0	0.0	0.0	0.0	-1.0	-1.0	0.0	0.0	0.0	-1.0	0.0
02:32:09	231.0	154.4	137.8	134.1	169.4	148.8	-0.1	0.0	0.0	43.6	0.2	0.0	-0.1	169.4	134.1	-3.2	-4.0	148.9	151.7	116.4	116.4	116.1	115.7	93.2	231.0	48.8	0.0	105.1	105.0	44.0	0.0	0.0	61.8	-1.0	0.0	.Autoclave.Outputs.PRESSIP\OutputValue	8.0	35.3	-52.9	-1.0	0.0	-1.0	-1.0	-1.0	0.0	0.0	0.0	-1.0	-1.0	0.0	0.0	0.0	-1.0	0.0
02:33:09	232.0	151.0	134.0	131.1	165.8	145.5	-0.1	0.1	0.0	43.2	0.2	0.1	-0.1	165.8	131.1	-2.5	-3.7	145.5	148.4	114.4	114.3	114.0	114.2	93.0	232.0	49.8	0.0	100.6	100.6	44.0	0.0	0.0	65.7	-1.0	0.0	.Autoclave.Outputs.PRESSIP\OutputValue	8.0	34.7	-51.3	-1.0	0.0	-1.0	-1.0	-1.0	0.0	0.0	0.0	-1.0	-1.0	0.0	0.0	0.0	-1.0	0.0
02:34:10	233.0	147.7	131.5	128.4	162.5	142.3	-0.1	0.0	0.0	43.3	0.2	0.0	-0.1	162.5	128.4	-2.9	-3.5	142.5	145.4	113.0	113.0	112.6	112.7	93.2	233.0	50.8	0.0	96.1	96.0	44.0	0.0	0.0	65.1	-1.0	0.0	.Autoclave.Outputs.PRESSIP\OutputValue	8.0	34.1	-49.4	-1.0	0.0	-1.0	-1.0	-1.0	0.0	0.0	0.0	-1.0	-1.0	0.0	0.0	0.0	-1.0	0.0
02:35:10	234.0	144.8	128.4	126.0	159.1	139.5	0.0	0.0	0.0	43.9	0.2	0.0	0.0	159.1	126.0	-2.5	-3.5	139.6	142.5	111.2	111.2	110.8	111.3	93.3	234.0	51.8	0.0	91.6	91.5	44.0	0.0	0.0	59.1	-1.0	0.0	.Autoclave.Outputs.PRESSIP\OutputValue	8.0	33.1	-47.8	-1.0	0.0	-1.0	-1.0	-1.0	0.0	0.0	0.0	-1.0	-1.0	0.0	0.0	0.0	-1.0	0.0
02:36:09	235.0	141.8	126.5	123.6	155.9	136.7	-0.1	0.1	0.0	43.7	0.2	0.1	-0.1	155.9	123.6	-2.5	-3.3	136.9	139.7	110.0	110.0	109.8	110.0	93.3	235.0	52.8	0.0	87.1	87.0	44.0	0.0	0.0	61.4	-1.0	0.0	.Autoclave.Outputs.PRESSIP\OutputValue	8.0	32.3	-45.8	-1.0	0.0	-1.0	-1.0	-1.0	0.0	0.0	0.0	-1.0	-1.0	0.0	0.0	0.0	-1.0	0.0
02:37:10	236.0	139.1	124.3	121.3	152.9	134.0	0.0	0.1	0.0	43.3	0.2	0.1	0.0	152.9	121.3	-1.9	-3.1	134.3	137.1	108.4	108.4	108.1	108.8	93.3	236.0	53.8	0.0	82.6	82.5	44.0	0.0	0.0	65.5	-1.0	0.0	.Autoclave.Outputs.PRESSIP\OutputValue	8.0	31.6	-44.4	-1.0	0.0	-1.0	-1.0	-1.0	0.0	0.0	0.0	-1.0	-1.0	0.0	0.0	0.0	-1.0	0.0
02:38:09	237.0	136.5	122.0	119.2	149.7	131.8	-0.1	0.0	0.0	43.2	0.2	0.0	-0.1	149.7	119.2	-2.2	-3.1	131.8	134.4	107.6	107.7	107.2	107.9	93.3	237.0	54.8	0.0	80.0	80.0	44.0	0.0	0.0	65.1	-1.0	0.0	.Autoclave.Outputs.PRESSIP\OutputValue	8.0	30.5	-42.0	-1.0	0.0	-1.0	-1.0	-1.0	0.0	0.0	0.0	-1.0	-1.0	0.0	0.0	0.0	-1.0	0.0
02:38:44	237.6	135.2	120.9	118.3	148.0	130.5	-0.2	0.0	0.0	43.3	0.2	0.0	-0.2	148.0	118.3	-2.0	-3.1	130.6	133.1	106.9	106.8	106.6	107.4	93.2	237.6	55.4	0.0	80.0	80.0	44.0	0.0	0.0	65.3	-1.0	0.0	.Autoclave.Outputs.PRESSIP\OutputValue	8.0	29.7	-41.1	-1.0	0.0	-1.0	-1.0	-1.0	0.0	0.0	0.0	-1.0	-1.0	0.0	0.0	0.0	-1.0	0.0
02:39:10	238.1	134.0	119.6	117.3	146.8	129.2	-0.1	0.1	0.0	39.8	0.2	0.1	-0.1	146.8	117.3	-1.8	-3.1	129.4	132.0	104.9	104.9	104.5	104.3	92.5	238.0	0.4	0.0	80.0	80.0	39.7	0.0	0.0	56.9	-1.0	0.0	.Autoclave.Outputs.PRESSIP\OutputValue	7.6	29.5	-41.8	-1.0	0.0	-1.0	-1.0	-1.0	0.0	0.0	0.0	-1.0	-1.0	0.0	0.0	0.0	-1.0	0.0
02:40:10	239.1	131.5	117.7	115.0	144.0	126.8	-0.1	0.0	0.0	29.9	0.2	0.0	-0.1	144.0	115.0	-2.4	-2.9	127.0	129.5	99.8	99.8	99.5	100.2	91.8	239.0	1.4	0.0	80.0	80.0	29.7	0.0	0.0	51.7	-1.0	0.0	.Autoclave.Outputs.PRESSIP\OutputValue	6.4	29.0	-44.1	-1.0	0.0	-1.0	-1.0	-1.0	0.0	0.0	0.0	-1.0	-1.0	0.0	0.0	0.0	-1.0	0.0
02:41:09	240.0	129.1	115.0	112.9	141.8	124.6	-0.1	0.0	0.0	20.6	0.2	0.0	-0.1	141.8	112.9	-2.1	-3.1	124.7	127.3	96.3	96.3	95.9	96.5	91.3	240.0	2.4	0.0	80.0	80.0	19.7	0.0	0.0	47.0	-1.0	0.0	.Autoclave.Outputs.PRESSIP\OutputValue	5.0	28.9	-45.4	-1.0	0.0	-1.0	-1.0	-1.0	0.0	0.0	0.0	-1.0	-1.0	0.0	0.0	0.0	-1.0	0.0
02:42:10	241.1	127.2	112.9	111.1	139.6	123.0	-0.2	-0.1	0.0	10.4	0.2	0.0	-0.2	139.6	111.1	-1.8	-2.1	122.8	125.3	93.2	93.2	92.7	93.5	90.4	241.0	3.4	0.0	80.0	80.0	9.7	0.0	0.0	46.8	-1.0	0.0	.Autoclave.Outputs.PRESSIP\OutputValue	3.3	28.5	-46.3	-1.0	0.0	-1.0	-1.0	-1.0	0.0	0.0	0.0	-1.0	-1.0	-1.0	0.0	0.0	-1.0	0.0
02:43:09	242.0	125.7	111.3	109.6	138.1	122.0	-0.4	-0.3	-0.2	2.5	0.2	-0.2	-0.4	138.1	109.6	-1.0	-2.0	121.3	123.8	90.8	90.8	90.4	91.9	90.1	242.0	4.4	0.0	80.0	80.0	0.0	0.0	0.0	25.5	-1.0	0.0	.Autoclave.Outputs.PRESSIP\OutputValue	0.7	28.5	-47.2	-1.0	0.0	-1.0	-1.0	-1.0	0.0	0.0	0.0	-1.0	-1.0	-1.0	0.0	0.0	-1.0	0.0
02:43:32	242.4	125.3	110.7	109.3	137.5	121.8	-0.6	-0.5	-0.4	1.0	0.1	-0.4	-0.6	137.5	109.3	-0.8	-1.6	120.9	123.4	90.8	90.9	90.5	92.3	90.0	242.4	4.8	0.0	80.0	80.0	0.0	0.0	0.0	35.3	-1.0	0.0	.Autoclave.Outputs.PRESSIP\OutputValue	-0.6	28.2	-46.7	-1.0	0.0	-1.0	-1.0	-1.0	0.0	0.0	0.0	-1.0	-1.0	-1.0	0.0	0.0	-1.0	0.0
