

Time	Elapsed	PTC10	PTC11	PTC12	PTC13	PTC14	PTC15	PTC16	PTC17	PTC18	VPRB2	VPRB3	VPRB8	PRESS	SVAC	HIPRB	LOPRB	HITC	LOTC	HIRATE	LORATE	AVGTC	MEAN	AIRTC	AIRTC1	AIRTC2	HILIMTC	CAPSTC	RUNTIME	SEGTIME	SEGTIMELEFT	TSET_AIR	TSET_PART	PSET	TEMPOUT	TEMPINT	PRESSOUT	COOLIP	SCROUT	PRESSIP	PRESSINT	SPREAD	AIRPARTDELTA	CAPSFLOW	SILENCE	BARLOCK	HIPSI	FANON	HYDON	FANSTARTSTOPPB	HYDPMPSTARTSTOPPB	COOLCNTRLONOFFSW	PRESSCNTRLONOFFSW	PRESSDUMPSW	PCMANUALSW	HILIMIT	BLWRMTRHILIMIT	MANINSIDE
HH:MM:SS	Mins	Deg.F	Deg.F	Deg.F	Deg.F	Deg.F	Deg.F	Deg.F	Deg.F	Deg.F	"Hg	"Hg	"Hg	Psig	"Hg			Deg.F	Deg.F	Deg.F	Deg.F	Deg.F	Deg.F	Deg.F	Deg.F	Deg.F	Deg.F	Deg.F	Mins	Mins	Mins	Deg.F	Deg.F	Psig				%	%	%	%	Deg.F	Deg.F															
02:40:23	0.0	78.9	78.2	78.8	79.8	79.8	79.1	79.7	79.5	79.9	-27.3	-27.3	-27.1	-0.5	-28.0	-27.1	-27.3	79.9	78.2	0.1	0.0	79.3	79.1	81.8	81.8	81.2	85.6	87.0	249.7	0.0	0.0	70.0	70.0	0.0	0.0	0.0	50.0	0.0	0.0	.Autoclave.Outputs.PRESSIP\OutputValue	8.0	1.7	1.9	-1.0	0.0	-1.0	-1.0	0.0	0.0	0.0	0.0	-1.0	-1.0	-1.0	0.0	0.0	-1.0	0.0
02:40:28	0.1	78.9	78.2	78.8	79.8	79.8	79.1	79.7	79.5	79.9	-27.3	-27.3	-27.1	-0.5	-28.0	-27.1	-27.3	79.9	78.2	0.1	0.0	79.3	79.1	81.8	81.8	81.2	85.6	87.0	249.7	0.0	0.0	70.0	70.0	0.0	0.0	0.0	50.0	0.0	0.0	.Autoclave.Outputs.PRESSIP\OutputValue	8.0	1.7	1.9	-1.0	0.0	-1.0	-1.0	0.0	0.0	0.0	0.0	-1.0	-1.0	-1.0	0.0	0.0	-1.0	0.0
02:40:29	0.1	78.9	78.2	78.8	79.8	79.8	79.1	79.7	79.5	79.9	-27.3	-27.3	-27.1	-0.5	-28.0	-27.1	-27.3	79.9	78.2	0.1	0.0	79.3	79.1	81.8	81.8	81.2	85.6	86.9	249.7	0.0	0.0	70.0	70.0	0.0	0.0	0.0	50.0	0.0	0.0	.Autoclave.Outputs.PRESSIP\OutputValue	8.0	1.7	1.9	-1.0	0.0	-1.0	-1.0	0.0	0.0	0.0	0.0	-1.0	-1.0	-1.0	0.0	0.0	-1.0	0.0
02:40:29	0.1	78.9	78.2	78.8	79.8	79.8	79.1	79.7	79.5	79.9	-27.3	-27.3	-27.1	-0.5	-28.0	-27.1	-27.3	79.9	78.2	0.1	0.0	79.3	79.1	81.8	81.8	81.2	85.6	86.9	249.7	0.0	0.0	70.0	70.0	0.0	0.0	0.0	50.0	0.0	0.0	.Autoclave.Outputs.PRESSIP\OutputValue	8.0	1.7	1.9	-1.0	0.0	-1.0	-1.0	0.0	0.0	0.0	0.0	-1.0	-1.0	-1.0	0.0	0.0	-1.0	0.0
02:41:29	1.1	79.2	78.4	79.6	79.8	80.0	79.4	80.2	80.4	80.6	-27.3	-27.2	-27.0	0.5	-28.0	-27.0	-27.3	80.6	78.4	0.7	0.0	79.7	79.5	85.7	85.7	85.2	101.1	86.8	1.1	1.0	0.0	88.2	84.5	1.5	65.2	0.1	67.6	0.0	30.4	.Autoclave.Outputs.PRESSIP\OutputValue	8.0	2.2	5.1	-1.0	0.0	-1.0	-1.0	-1.0	0.0	0.0	0.0	-1.0	-1.0	0.0	0.0	0.0	-1.0	0.0
02:42:29	2.1	79.9	79.1	81.3	80.1	80.7	80.5	81.1	81.9	81.5	-27.2	-27.2	-27.0	2.2	-28.0	-27.0	-27.2	81.9	79.1	1.9	0.4	80.7	80.5	93.6	93.6	93.1	107.6	87.2	2.1	2.0	0.0	95.9	89.0	3.0	62.9	0.3	66.3	0.0	25.9	.Autoclave.Outputs.PRESSIP\OutputValue	8.0	2.8	11.7	-1.0	0.0	-1.0	-1.0	-1.0	0.0	0.0	0.0	-1.0	-1.0	0.0	0.0	0.0	-1.0	0.0
02:43:29	3.1	80.7	80.0	83.2	80.5	81.6	81.7	82.4	83.8	82.7	-27.3	-27.2	-27.0	3.9	-28.0	-27.0	-27.3	83.8	80.0	1.8	0.3	81.9	81.9	100.7	100.7	100.1	116.0	87.4	3.1	3.0	0.0	103.0	93.5	4.5	63.7	0.6	64.1	0.0	27.4	.Autoclave.Outputs.PRESSIP\OutputValue	8.0	3.8	16.9	-1.0	0.0	-1.0	-1.0	-1.0	0.0	0.0	0.0	-1.0	-1.0	0.0	0.0	0.0	-1.0	0.0
02:44:29	4.1	81.7	81.1	85.2	81.1	82.3	83.2	84.1	86.2	84.3	-27.3	-27.1	-27.0	5.6	-28.0	-27.0	-27.3	86.2	81.1	2.5	0.6	83.3	83.7	107.3	107.5	106.7	122.1	87.7	4.1	4.0	0.0	109.6	98.0	6.0	63.2	0.8	62.2	0.0	26.3	.Autoclave.Outputs.PRESSIP\OutputValue	8.0	5.1	21.1	-1.0	0.0	-1.0	-1.0	-1.0	0.0	0.0	0.0	-1.0	-1.0	0.0	0.0	0.0	-1.0	0.0
02:45:29	5.1	83.1	82.4	87.3	81.8	84.1	84.9	86.1	89.1	85.9	-27.2	-27.1	-27.0	6.5	-28.0	-27.0	-27.2	89.1	81.8	2.6	0.7	85.0	85.5	113.0	113.0	112.4	128.1	87.7	5.1	5.0	0.0	115.8	102.5	7.5	68.0	1.0	67.9	0.0	36.0	.Autoclave.Outputs.PRESSIP\OutputValue	8.0	7.3	23.9	-1.0	0.0	-1.0	-1.0	-1.0	0.0	0.0	0.0	-1.0	-1.0	0.0	0.0	0.0	-1.0	0.0
02:46:29	6.1	84.5	84.1	89.6	82.8	85.5	86.8	88.5	91.9	88.0	-27.2	-27.1	-26.8	8.2	-28.0	-26.8	-27.2	91.9	82.8	3.1	0.7	86.9	87.4	119.3	119.3	118.7	134.0	88.0	6.1	6.0	0.0	121.7	107.0	9.0	64.5	1.3	65.8	0.0	29.0	.Autoclave.Outputs.PRESSIP\OutputValue	8.0	9.1	27.4	-1.0	0.0	-1.0	-1.0	-1.0	0.0	0.0	0.0	-1.0	-1.0	0.0	0.0	0.0	-1.0	0.0
02:47:29	7.1	86.2	85.9	92.3	83.9	87.1	88.8	91.2	95.6	90.3	-27.2	-27.0	-26.9	9.9	-28.0	-26.9	-27.2	95.6	83.9	3.6	1.2	89.0	89.8	125.3	125.3	124.6	140.2	88.3	7.1	7.0	0.0	127.4	111.5	10.5	63.3	1.6	64.1	0.0	26.6	.Autoclave.Outputs.PRESSIP\OutputValue	8.0	11.7	29.6	-1.0	0.0	-1.0	-1.0	-1.0	0.0	0.0	0.0	-1.0	-1.0	0.0	0.0	0.0	-1.0	0.0
02:47:48	7.4	86.8	86.5	93.0	84.3	87.5	89.5	92.0	96.5	90.9	-27.2	-27.0	-27.1	10.1	-28.0	-27.0	-27.2	96.5	84.3	3.5	1.2	89.7	90.4	126.1	126.2	125.4	141.2	88.2	7.4	7.3	0.0	129.1	112.8	11.0	69.4	1.6	68.0	0.0	38.9	.Autoclave.Outputs.PRESSIP\OutputValue	8.0	12.2	29.5	-1.0	0.0	-1.0	-1.0	-1.0	0.0	0.0	0.0	-1.0	-1.0	0.0	0.0	0.0	-1.0	0.0
02:48:29	8.1	88.4	88.2	95.0	85.1	88.9	91.1	94.2	99.0	93.0	-27.2	-26.8	-26.9	11.6	-28.0	-26.8	-27.2	99.0	85.1	3.6	1.3	91.4	92.1	130.8	130.8	130.1	143.7	88.6	8.1	0.7	0.0	133.0	116.0	12.0	63.5	1.8	62.3	0.0	26.9	.Autoclave.Outputs.PRESSIP\OutputValue	8.0	13.9	31.7	-1.0	0.0	-1.0	-1.0	-1.0	0.0	0.0	0.0	-1.0	-1.0	0.0	0.0	0.0	-1.0	0.0
02:49:29	9.1	90.3	90.2	97.9	86.6	91.0	93.6	97.8	103.1	96.3	-25.6	-24.7	-25.4	13.2	-24.3	-24.7	-25.6	103.1	86.6	4.1	1.5	94.1	94.9	135.5	135.7	134.9	150.0	88.7	9.1	1.7	0.0	137.9	120.5	13.5	65.1	2.1	62.6	0.0	30.2	.Autoclave.Outputs.PRESSIP\OutputValue	8.0	16.5	32.3	-1.0	0.0	-1.0	-1.0	-1.0	0.0	0.0	0.0	-1.0	-1.0	0.0	0.0	0.0	-1.0	0.0
02:50:29	10.1	93.0	93.0	101.1	88.3	93.1	96.5	101.4	107.3	99.2	-19.3	-18.9	-19.9	14.1	-19.0	-18.9	-19.9	107.3	88.3	4.3	1.7	97.0	97.8	139.7	139.8	139.0	155.5	88.9	10.1	2.7	0.0	142.8	125.0	15.0	69.9	2.3	66.9	0.0	39.8	.Autoclave.Outputs.PRESSIP\OutputValue	8.0	19.0	32.3	-1.0	0.0	-1.0	-1.0	-1.0	0.0	0.0	0.0	-1.0	-1.0	0.0	0.0	0.0	-1.0	0.0
02:51:29	11.1	95.7	95.7	104.3	90.1	95.4	99.5	105.2	111.4	102.6	-13.9	-13.6	-14.3	15.7	-13.9	-13.6	-14.3	111.4	90.1	4.2	1.8	100.0	100.8	144.9	144.9	144.1	157.6	89.1	11.1	3.7	0.0	147.3	129.5	16.5	67.4	2.5	65.8	0.0	34.8	.Autoclave.Outputs.PRESSIP\OutputValue	8.0	21.3	33.4	-1.0	0.0	-1.0	-1.0	-1.0	0.0	0.0	0.0	-1.0	-1.0	0.0	0.0	0.0	-1.0	0.0
02:52:29	12.1	98.4	98.2	107.6	92.2	97.8	102.6	109.2	115.7	105.9	-8.8	-8.5	-9.6	17.3	-9.0	-8.5	-9.6	115.7	92.2	4.5	2.1	103.1	104.0	149.8	149.8	149.0	162.5	89.4	12.1	4.7	0.0	152.0	134.0	18.0	66.2	2.8	65.0	0.0	32.4	.Autoclave.Outputs.PRESSIP\OutputValue	8.0	23.5	34.0	-1.0	0.0	-1.0	-1.0	-1.0	0.0	0.0	0.0	-1.0	-1.0	0.0	0.0	0.0	-1.0	0.0
02:53:29	13.1	101.5	101.8	111.0	94.1	100.3	105.8	113.5	120.3	109.7	-4.5	-4.2	-3.7	18.9	-4.7	-3.7	-4.5	120.3	94.1	4.5	2.0	106.5	107.2	153.8	153.9	153.0	168.4	89.5	13.1	5.7	0.0	156.5	138.5	19.5	69.8	3.1	64.4	0.0	39.7	.Autoclave.Outputs.PRESSIP\OutputValue	8.0	26.2	33.4	-1.0	0.0	-1.0	-1.0	-1.0	0.0	0.0	0.0	-1.0	-1.0	0.0	0.0	0.0	-1.0	0.0
02:54:29	14.1	104.7	104.8	114.4	96.4	103.0	109.2	117.8	125.0	113.7	-2.2	-2.1	-2.2	20.5	-2.6	-2.1	-2.2	125.0	96.4	4.9	2.4	109.9	110.7	159.1	159.1	158.3	170.9	89.9	14.1	6.7	0.0	160.8	143.0	21.0	63.4	3.3	63.0	0.0	26.8	.Autoclave.Outputs.PRESSIP\OutputValue	8.0	28.6	34.0	-1.0	0.0	-1.0	-1.0	-1.0	0.0	0.0	0.0	-1.0	-1.0	0.0	0.0	0.0	-1.0	0.0
02:55:29	15.1	107.7	108.5	117.6	98.7	105.7	112.5	122.2	129.6	118.0	-1.2	-1.1	-0.5	22.0	-1.7	-0.5	-1.2	129.6	98.7	4.6	2.2	113.4	114.2	162.9	162.9	162.2	177.8	90.1	15.1	7.7	0.0	165.4	147.5	22.5	68.4	3.5	62.9	0.0	36.9	.Autoclave.Outputs.PRESSIP\OutputValue	8.0	30.9	33.2	-1.0	0.0	-1.0	-1.0	-1.0	0.0	0.0	0.0	-1.0	-1.0	0.0	0.0	0.0	-1.0	0.0
02:56:29	16.1	111.5	112.2	121.2	101.3	108.8	116.2	126.7	134.2	122.0	-0.7	-0.5	-0.7	23.3	-1.1	-0.5	-0.7	134.2	101.3	4.7	2.5	117.1	117.8	167.4	167.4	166.7	178.5	90.3	16.1	8.7	0.0	169.7	152.0	24.0	66.5	3.8	65.5	0.0	33.0	.Autoclave.Outputs.PRESSIP\OutputValue	8.0	32.9	33.1	-1.0	0.0	-1.0	-1.0	-1.0	0.0	0.0	0.0	-1.0	-1.0	0.0	0.0	0.0	-1.0	0.0
02:57:29	17.1	115.0	115.0	125.0	103.9	111.8	120.0	131.5	138.9	126.1	-0.3	-0.2	0.3	24.9	-0.8	0.3	-0.3	138.9	103.9	5.0	2.6	120.8	121.4	172.0	171.9	171.2	185.5	90.5	17.1	9.7	0.0	173.9	156.5	25.5	64.2	4.0	63.7	0.0	28.4	.Autoclave.Outputs.PRESSIP\OutputValue	8.0	35.0	33.0	-1.0	0.0	-1.0	-1.0	-1.0	0.0	0.0	0.0	-1.0	-1.0	0.0	0.0	0.0	-1.0	0.0
02:58:29	18.1	118.6	118.9	128.7	106.5	115.0	123.7	135.9	143.6	130.4	-0.1	0.0	-0.3	26.5	-0.7	0.0	-0.3	143.6	106.5	4.7	2.8	124.6	125.1	176.1	176.1	175.2	188.9	90.5	18.1	10.7	0.0	178.2	161.0	27.0	66.9	4.3	63.4	0.0	33.8	.Autoclave.Outputs.PRESSIP\OutputValue	8.0	37.2	32.4	-1.0	0.0	-1.0	-1.0	-1.0	0.0	0.0	0.0	-1.0	-1.0	0.0	0.0	0.0	-1.0	0.0
02:59:29	19.1	122.3	122.4	132.6	109.4	118.2	127.7	140.6	148.5	135.2	0.0	0.0	0.4	28.1	-0.6	0.4	0.0	148.5	109.4	5.1	3.0	128.5	129.0	179.9	180.1	179.3	193.9	90.8	19.1	11.7	0.0	182.2	165.5	28.5	69.4	4.5	61.9	0.0	38.7	.Autoclave.Outputs.PRESSIP\OutputValue	8.0	39.2	31.3	-1.0	0.0	-1.0	-1.0	-1.0	0.0	0.0	0.0	-1.0	-1.0	0.0	0.0	0.0	-1.0	0.0
03:00:29	20.1	126.2	126.3	136.4	112.3	120.4	131.7	145.5	153.5	139.8	0.0	0.0	0.2	29.1	-0.5	0.2	0.0	153.5	112.3	4.9	2.3	132.4	132.9	183.4	183.4	182.7	197.6	90.8	20.1	12.7	0.0	186.3	170.0	30.0	72.7	4.8	67.5	0.0	45.4	.Autoclave.Outputs.PRESSIP\OutputValue	8.0	41.3	29.8	-1.0	0.0	-1.0	-1.0	-1.0	0.0	0.0	0.0	-1.0	-1.0	0.0	0.0	0.0	-1.0	0.0
03:01:29	21.1	130.3	130.0	140.3	115.6	123.8	135.8	150.3	158.3	144.1	0.0	0.1	0.2	30.7	-0.5	0.2	0.0	158.3	115.6	5.0	3.2	136.5	137.0	188.1	188.0	187.3	201.0	91.0	21.1	13.7	0.0	190.6	174.4	31.5	70.2	5.0	65.9	0.0	40.4	.Autoclave.Outputs.PRESSIP\OutputValue	8.0	42.8	29.8	-1.0	0.0	-1.0	-1.0	-1.0	0.0	0.0	0.0	-1.0	-1.0	0.0	0.0	0.0	-1.0	0.0
03:02:29	22.1	134.7	134.4	144.4	118.7	127.2	140.0	155.1	163.2	148.9	0.0	0.1	0.1	32.3	-0.5	0.1	0.0	163.2	118.7	5.1	3.1	140.7	141.0	192.3	192.5	191.8	204.6	91.3	22.1	14.7	0.0	195.2	179.0	33.0	69.3	5.3	64.9	0.0	38.7	.Autoclave.Outputs.PRESSIP\OutputValue	8.0	44.6	29.1	-1.0	0.0	-1.0	-1.0	-1.0	0.0	0.0	0.0	-1.0	-1.0	0.0	0.0	0.0	-1.0	0.0
03:03:29	23.1	138.6	138.9	149.1	122.2	131.0	144.3	160.1	168.2	153.5	0.0	0.1	0.1	34.0	-0.4	0.1	0.0	168.2	122.2	5.7	3.6	145.1	145.2	196.6	196.6	195.9	210.0	91.6	23.1	15.7	0.0	198.6	183.5	34.5	66.2	5.5	63.0	0.0	32.4	.Autoclave.Outputs.PRESSIP\OutputValue	8.0	46.1	28.4	-1.0	0.0	-1.0	-1.0	-1.0	0.0	0.0	0.0	-1.0	-1.0	0.0	0.0	0.0	-1.0	0.0
03:04:29	24.1	142.5	142.9	153.5	125.5	134.8	149.2	164.8	173.2	158.4	0.1	0.1	0.0	35.7	-0.4	0.1	0.0	173.2	125.5	5.0	3.4	149.4	149.4	200.5	200.5	200.0	213.3	91.7	24.1	16.7	0.0	202.8	188.0	36.0	69.8	5.7	61.4	0.0	39.6	.Autoclave.Outputs.PRESSIP\OutputValue	8.0	47.8	27.3	-1.0	0.0	-1.0	-1.0	-1.0	0.0	0.0	0.0	-1.0	-1.0	0.0	0.0	0.0	-1.0	0.0
03:05:29	25.1	147.1	147.3	157.7	129.2	138.5	153.5	169.8	177.9	163.2	0.1	0.1	0.3	36.7	-0.4	0.3	0.1	177.9	129.2	5.2	3.7	153.8	153.6	204.8	205.0	204.3	216.5	91.9	25.1	17.7	0.0	206.9	192.5	37.5	72.0	6.0	65.9	0.0	44.1	.Autoclave.Outputs.PRESSIP\OutputValue	8.0	48.8	26.9	-1.0	0.0	-1.0	-1.0	-1.0	0.0	0.0	0.0	-1.0	-1.0	0.0	0.0	0.0	-1.0	0.0
03:06:29	26.1	151.7	151.7	162.0	132.8	142.9	158.3	174.5	183.6	167.3	0.1	0.1	0.3	38.4	-0.4	0.3	0.1	183.6	132.8	5.6	3.7	158.3	158.2	208.9	208.9	208.6	220.4	92.0	26.1	18.7	0.0	210.9	197.0	39.0	68.7	6.2	64.2	0.0	37.4	.Autoclave.Outputs.PRESSIP\OutputValue	8.0	50.9	25.3	-1.0	0.0	-1.0	-1.0	-1.0	0.0	0.0	0.0	-1.0	-1.0	0.0	0.0	0.0	-1.0	0.0
03:07:29	27.1	156.4	156.3	166.5	136.6	146.8	163.0	179.5	187.5	172.7	0.1	0.1	0.2	40.3	-0.4	0.2	0.1	187.5	136.6	5.8	3.8	162.8	162.1	212.9	213.1	212.6	226.7	92.2	27.1	19.7	0.0	215.3	201.5	40.5	71.0	6.5	60.8	0.0	42.1	.Autoclave.Outputs.PRESSIP\OutputValue	8.0	51.0	25.4	-1.0	0.0	-1.0	-1.0	-1.0	0.0	0.0	0.0	-1.0	-1.0	0.0	0.0	0.0	-1.0	0.0
03:08:29	28.1	160.8	160.5	170.9	140.4	150.9	167.7	184.3	191.8	177.5	0.1	0.1	0.1	41.2	-0.4	0.1	0.1	191.8	140.4	5.0	3.9	167.2	166.1	216.6	216.6	216.2	228.9	92.2	28.1	20.7	0.0	220.1	205.9	42.0	75.1	6.7	66.3	0.0	50.1	.Autoclave.Outputs.PRESSIP\OutputValue	8.0	51.5	24.8	-1.0	0.0	-1.0	-1.0	-1.0	0.0	0.0	0.0	-1.0	-1.0	0.0	0.0	0.0	-1.0	0.0
03:08:45	28.4	161.8	161.9	171.7	141.4	152.1	169.1	185.6	193.4	178.7	0.1	0.1	0.2	42.1	-0.4	0.2	0.1	193.4	141.4	5.7	3.9	168.4	167.4	217.9	218.1	217.4	231.6	92.3	28.4	20.9	0.0	220.7	207.1	42.4	73.9	6.8	62.7	0.0	47.9	.Autoclave.Outputs.PRESSIP\OutputValue	8.0	52.1	24.5	-1.0	0.0	-1.0	-1.0	-1.0	0.0	0.0	0.0	-1.0	-1.0	0.0	0.0	0.0	-1.0	0.0
03:09:29	29.1	165.4	165.2	175.4	144.3	155.3	173.0	189.3	197.0	182.4	0.1	0.1	0.1	43.0	-0.4	0.1	0.1	197.0	144.3	5.4	3.4	171.9	170.7	221.7	221.7	221.0	233.5	92.2	29.1	0.7	0.0	224.0	210.5	43.5	71.6	7.0	63.1	0.0	43.2	.Autoclave.Outputs.PRESSIP\OutputValue	8.0	52.8	24.7	-1.0	0.0	-1.0	-1.0	-1.0	0.0	0.0	0.0	-1.0	-1.0	0.0	0.0	0.0	-1.0	0.0
03:10:29	30.1	170.1	169.8	179.9	148.3	159.4	178.3	194.2	201.5	187.2	0.1	0.1	0.6	43.3	-0.4	0.6	0.1	201.5	148.3	5.8	4.3	176.5	174.9	225.5	225.5	224.9	238.5	92.3	30.1	1.7	0.0	227.2	214.9	44.0	66.3	7.2	64.6	0.0	32.6	.Autoclave.Outputs.PRESSIP\OutputValue	8.0	53.3	24.0	-1.0	0.0	-1.0	-1.0	-1.0	0.0	0.0	0.0	-1.0	-1.0	0.0	0.0	0.0	-1.0	0.0
03:11:30	31.1	174.9	174.6	184.4	152.7	164.3	183.7	199.0	206.8	192.7	0.1	0.1	0.2	43.7	-0.4	0.2	0.1	206.8	152.7	5.6	4.3	181.5	179.8	229.7	229.7	228.9	242.4	92.4	31.1	2.7	0.0	232.4	219.4	44.0	77.0	7.5	61.0	0.0	54.0	.Autoclave.Outputs.PRESSIP\OutputValue	8.0	54.2	22.9	-1.0	0.0	-1.0	-1.0	-1.0	0.0	0.0	0.0	-1.0	-1.0	0.0	0.0	0.0	-1.0	0.0
03:12:29	32.1	179.7	178.9	189.3	156.8	169.0	188.9	204.1	211.4	196.5	0.1	0.1	0.1	44.0	-0.4	0.1	0.1	211.4	156.8	5.1	4.1	186.1	184.1	233.7	233.6	233.2	246.6	92.6	32.1	3.7	0.0	236.3	224.0	44.0	72.2	7.7	58.2	0.0	44.4	.Autoclave.Outputs.PRESSIP\OutputValue	8.0	54.7	22.3	-1.0	0.0	-1.0	-1.0	-1.0	0.0	0.0	0.0	-1.0	-1.0	0.0	0.0	0.0	-1.0	0.0
03:13:29	33.1	184.6	184.1	193.8	161.1	173.6	194.1	208.9	216.7	201.7	0.1	0.1	0.1	44.3	-0.4	0.1	0.1	216.7	161.1	5.4	4.5	190.9	188.9	238.5	238.5	237.9	250.8	92.7	33.1	4.7	0.0	241.5	228.5	44.0	76.5	8.0	55.0	0.0	52.9	.Autoclave.Outputs.PRESSIP\OutputValue	7.7	55.6	21.9	-1.0	0.0	-1.0	-1.0	-1.0	0.0	0.0	0.0	-1.0	-1.0	0.0	0.0	0.0	-1.0	0.0
03:14:29	34.1	189.1	188.2	198.9	165.2	178.2	199.1	213.7	221.2	206.4	0.0	0.1	0.2	44.5	-0.4	0.2	0.0	221.2	165.2	5.1	4.2	195.5	193.2	242.6	242.7	242.3	254.5	92.7	34.1	5.7	0.0	244.5	233.0	44.0	71.8	8.2	51.1	0.0	43.7	.Autoclave.Outputs.PRESSIP\OutputValue	6.8	56.0	21.5	-1.0	0.0	-1.0	-1.0	-1.0	0.0	0.0	0.0	-1.0	-1.0	0.0	0.0	0.0	-1.0	0.0
03:15:29	35.1	193.6	192.7	203.3	169.4	182.7	203.8	219.1	225.5	211.5	0.0	0.1	0.1	45.0	-0.4	0.1	0.0	225.5	169.4	5.6	4.2	200.2	197.4	247.3	247.3	246.9	260.6	92.8	35.1	6.7	0.0	249.4	237.5	44.0	76.0	8.5	45.6	0.0	52.1	.Autoclave.Outputs.PRESSIP\OutputValue	5.2	56.1	21.9	-1.0	0.0	-1.0	-1.0	-1.0	0.0	0.0	0.0	-1.0	-1.0	0.0	0.0	0.0	-1.0	0.0
03:16:29	36.1	198.2	197.5	208.0	173.8	186.4	208.4	222.9	229.8	216.1	0.0	0.1	0.2	44.1	-0.5	0.2	0.0	229.8	173.8	5.1	4.1	204.6	201.8	251.7	251.9	251.3	265.7	93.0	36.1	7.7	0.0	253.3	242.0	44.0	72.2	8.7	53.5	0.0	44.5	.Autoclave.Outputs.PRESSIP\OutputValue	4.7	56.0	22.0	-1.0	0.0	-1.0	-1.0	-1.0	0.0	0.0	0.0	-1.0	-1.0	0.0	0.0	0.0	-1.0	0.0
03:17:29	37.1	203.0	201.8	212.8	177.9	190.9	213.4	227.4	234.3	221.0	0.0	0.1	0.0	44.4	-0.5	0.1	0.0	234.3	177.9	5.5	4.1	209.2	206.1	255.7	255.8	255.3	269.3	93.1	37.1	8.7	0.0	258.5	246.5	44.0	67.4	9.0	50.2	0.0	34.7	.Autoclave.Outputs.PRESSIP\OutputValue	4.2	56.4	21.5	-1.0	0.0	-1.0	-1.0	-1.0	0.0	0.0	0.0	-1.0	-1.0	0.0	0.0	0.0	-1.0	0.0
03:18:29	38.1	207.5	206.1	217.8	182.1	196.2	218.0	231.9	239.1	224.9	0.0	0.1	0.1	44.7	-0.5	0.1	0.0	239.1	182.1	5.4	3.0	213.7	210.6	260.9	260.9	260.4	273.2	93.2	38.1	9.7	0.0	263.0	251.0	44.0	71.4	9.2	46.3	0.0	42.8	.Autoclave.Outputs.PRESSIP\OutputValue	3.1	57.0	21.9	-1.0	0.0	-1.0	-1.0	-1.0	0.0	0.0	0.0	-1.0	-1.0	0.0	0.0	0.0	-1.0	0.0
03:19:29	39.1	211.3	210.5	221.9	186.4	200.8	222.5	236.6	243.7	229.7	0.0	0.1	0.5	44.2	-0.5	0.5	0.0	243.7	186.4	5.5	3.8	218.2	215.0	264.7	264.7	264.0	278.0	93.0	39.1	10.7	0.0	267.5	255.5	44.0	77.0	9.4	49.9	0.0	54.1	.Autoclave.Outputs.PRESSIP\OutputValue	1.6	57.3	21.1	-1.0	0.0	-1.0	-1.0	-1.0	0.0	0.0	0.0	-1.0	-1.0	0.0	0.0	0.0	-1.0	0.0
03:20:29	40.1	216.7	215.1	226.6	190.8	205.4	227.2	241.3	248.2	234.5	0.0	0.1	0.3	44.5	-0.5	0.3	0.0	248.2	190.8	5.4	4.2	222.9	219.5	269.5	269.5	269.0	281.8	93.3	40.1	11.7	0.0	271.9	260.0	44.0	72.6	9.7	46.2	0.0	45.3	.Autoclave.Outputs.PRESSIP\OutputValue	0.9	57.4	21.4	-1.0	0.0	-1.0	-1.0	-1.0	0.0	0.0	0.0	-1.0	-1.0	0.0	0.0	0.0	-1.0	0.0
03:21:29	41.1	221.1	220.0	230.9	195.0	210.0	231.8	245.9	252.7	238.8	0.0	0.1	0.3	44.8	-0.5	0.3	0.0	252.7	195.0	4.9	3.9	227.3	223.8	274.1	274.1	273.5	287.1	93.5	41.1	12.7	0.0	275.9	264.5	44.0	70.2	9.9	41.3	0.0	40.4	.Autoclave.Outputs.PRESSIP\OutputValue	-0.4	57.7	21.5	-1.0	0.0	-1.0	-1.0	-1.0	0.0	0.0	0.0	-1.0	-1.0	0.0	0.0	0.0	-1.0	0.0
03:22:29	42.1	225.5	224.3	235.2	199.3	214.3	236.4	250.5	257.2	243.4	0.0	0.1	0.1	43.9	-0.5	0.1	0.0	257.2	199.3	4.9	4.3	231.8	228.2	278.3	278.3	277.8	291.8	93.4	42.1	13.7	0.0	280.8	269.0	44.0	75.1	10.2	50.5	0.0	50.3	.Autoclave.Outputs.PRESSIP\OutputValue	-1.0	57.9	21.2	-1.0	0.0	-1.0	-1.0	-1.0	0.0	0.0	0.0	-1.0	-1.0	0.0	0.0	0.0	-1.0	0.0
03:23:29	43.1	230.1	228.6	239.5	203.5	218.9	240.7	254.9	261.6	248.1	0.1	0.1	0.1	44.2	-0.5	0.1	0.1	261.6	203.5	4.7	4.2	236.2	232.5	283.0	283.1	282.5	296.3	93.7	43.1	14.7	0.0	285.0	273.5	44.0	73.8	10.4	47.4	0.0	47.6	.Autoclave.Outputs.PRESSIP\OutputValue	-1.1	58.1	21.5	-1.0	0.0	-1.0	-1.0	-1.0	0.0	0.0	0.0	-1.0	-1.0	0.0	0.0	0.0	-1.0	0.0
03:24:29	44.1	234.7	233.1	243.8	207.8	223.4	245.0	259.4	266.4	252.4	0.1	0.1	-0.1	44.5	-0.5	0.1	-0.1	266.4	207.8	4.9	4.2	240.7	237.1	287.5	287.5	286.8	301.8	93.7	44.1	15.7	0.0	289.7	278.0	44.0	74.8	10.7	43.2	0.0	49.6	.Autoclave.Outputs.PRESSIP\OutputValue	-1.7	58.6	21.2	-1.0	0.0	-1.0	-1.0	-1.0	0.0	0.0	0.0	-1.0	-1.0	0.0	0.0	0.0	-1.0	0.0
03:25:29	45.1	238.9	238.0	248.7	212.0	228.0	249.4	264.5	270.0	256.8	0.1	0.1	-0.4	44.7	-0.5	0.1	-0.4	270.0	212.0	5.3	4.0	245.1	241.0	291.0	291.1	290.4	303.5	93.7	45.1	16.7	0.0	294.9	282.5	44.0	100.0	0.0	40.1	0.0	100.0	.Autoclave.Outputs.PRESSIP\OutputValue	-3.0	58.0	21.1	-1.0	0.0	-1.0	-1.0	-1.0	0.0	0.0	0.0	-1.0	-1.0	0.0	0.0	0.0	-1.0	0.0
03:26:29	46.1	242.5	242.0	252.7	216.1	232.2	253.7	268.3	274.4	261.2	0.1	0.1	0.1	43.8	-0.9	0.1	0.1	274.4	216.1	4.5	3.7	249.2	245.3	295.5	295.5	294.9	309.1	93.7	46.1	17.7	0.0	299.4	287.0	44.0	86.4	0.2	47.8	0.0	72.8	.Autoclave.Outputs.PRESSIP\OutputValue	-4.2	58.2	21.2	-1.0	0.0	-1.0	-1.0	-1.0	0.0	0.0	0.0	-1.0	-1.0	0.0	0.0	0.0	-1.0	0.0
03:27:29	47.1	247.2	245.9	256.7	220.4	237.1	258.0	272.7	278.0	265.6	0.1	0.2	0.1	44.2	-0.5	0.2	0.1	278.0	220.4	5.0	4.3	253.5	249.2	300.2	300.2	299.4	315.0	93.9	47.1	18.7	0.0	304.0	291.5	44.0	74.0	0.0	44.3	0.0	48.1	.Autoclave.Outputs.PRESSIP\OutputValue	-4.2	57.5	22.3	-1.0	0.0	-1.0	-1.0	-1.0	0.0	0.0	0.0	-1.0	-1.0	0.0	0.0	0.0	-1.0	0.0
03:28:29	48.1	251.6	250.6	261.6	224.8	241.7	262.5	277.2	283.2	270.2	0.1	0.1	0.2	44.4	-0.5	0.2	0.1	283.2	224.8	4.7	4.2	258.2	254.0	304.6	304.6	303.8	318.6	94.0	48.1	19.7	0.0	309.7	295.9	44.0	82.3	0.4	41.2	0.0	64.6	.Autoclave.Outputs.PRESSIP\OutputValue	-4.7	58.3	21.5	-1.0	0.0	-1.0	-1.0	-1.0	0.0	0.0	0.0	-1.0	-1.0	0.0	0.0	0.0	-1.0	0.0
03:29:29	49.1	256.6	255.1	266.2	229.2	246.3	266.9	281.4	288.0	274.9	0.2	0.2	0.1	44.7	-0.5	0.2	0.1	288.0	229.2	5.2	4.2	262.7	258.6	309.0	309.1	308.3	322.6	94.2	49.1	20.7	0.0	313.1	300.5	44.0	76.8	0.8	37.4	0.0	53.6	.Autoclave.Outputs.PRESSIP\OutputValue	-5.8	58.7	21.0	-1.0	0.0	-1.0	-1.0	-1.0	0.0	0.0	0.0	-1.0	-1.0	0.0	0.0	0.0	-1.0	0.0
03:30:29	50.1	261.0	259.7	270.6	233.5	250.5	271.5	286.2	292.3	279.3	0.2	0.2	-0.1	45.0	-0.5	0.2	-0.1	292.3	233.5	5.0	3.7	267.2	262.9	313.6	313.7	312.9	327.3	94.4	50.1	21.7	0.0	317.7	304.9	44.0	65.4	0.3	34.0	0.0	30.8	.Autoclave.Outputs.PRESSIP\OutputValue	-6.0	58.7	21.3	-1.0	0.0	-1.0	-1.0	-1.0	0.0	0.0	0.0	-1.0	-1.0	0.0	0.0	0.0	-1.0	0.0
03:31:29	51.1	265.2	263.9	274.9	237.5	254.6	275.9	290.3	297.0	283.8	0.2	0.2	0.2	44.0	-0.5	0.2	0.2	297.0	237.5	5.2	4.1	271.5	267.3	318.4	318.4	317.6	331.8	94.4	51.1	22.7	0.0	322.5	309.5	44.0	76.6	0.7	44.7	0.0	53.1	.Autoclave.Outputs.PRESSIP\OutputValue	-5.7	59.4	21.4	-1.0	0.0	-1.0	-1.0	-1.0	0.0	0.0	0.0	-1.0	-1.0	0.0	0.0	0.0	-1.0	0.0
03:32:29	52.1	269.6	268.2	279.1	242.1	259.3	280.2	294.8	300.7	288.3	0.2	0.2	0.3	44.3	-0.5	0.3	0.2	300.7	242.1	4.9	4.2	275.8	271.4	322.5	322.6	321.7	338.2	94.6	52.1	23.7	0.0	327.2	314.0	44.0	73.2	0.0	40.6	0.0	46.5	.Autoclave.Outputs.PRESSIP\OutputValue	-6.0	58.5	21.8	-1.0	0.0	-1.0	-1.0	-1.0	0.0	0.0	0.0	-1.0	-1.0	0.0	0.0	0.0	-1.0	0.0
03:33:29	53.1	273.9	272.5	283.8	246.4	263.3	284.5	299.3	304.2	292.7	0.2	0.2	0.3	44.6	-0.4	0.3	0.2	304.2	246.4	4.7	0.9	280.1	275.3	327.4	327.4	326.6	341.1	94.7	53.1	24.7	0.0	331.2	318.5	44.0	74.9	0.2	38.0	0.0	49.9	.Autoclave.Outputs.PRESSIP\OutputValue	-6.0	57.7	23.2	-1.0	0.0	-1.0	-1.0	-1.0	0.0	0.0	0.0	-1.0	-1.0	0.0	0.0	0.0	-1.0	0.0
03:34:29	54.1	278.5	276.9	288.3	250.8	267.8	288.8	303.9	309.6	297.4	0.2	0.2	0.2	44.9	-0.4	0.2	0.2	309.6	250.8	7.7	4.4	284.7	280.2	331.9	331.9	331.0	347.7	94.7	54.1	25.7	0.0	335.9	323.0	44.0	76.0	0.2	34.6	0.0	52.0	.Autoclave.Outputs.PRESSIP\OutputValue	-6.0	58.7	22.3	-1.0	0.0	-1.0	-1.0	-1.0	0.0	0.0	0.0	-1.0	-1.0	0.0	0.0	0.0	-1.0	0.0
03:35:29	55.1	282.8	281.3	292.7	255.1	271.9	293.2	308.5	315.1	301.8	0.2	0.2	0.2	43.9	-0.4	0.2	0.2	315.1	255.1	4.6	4.1	289.2	285.1	336.2	336.2	335.4	350.9	94.7	55.1	26.7	0.0	340.6	327.5	44.0	77.4	0.4	45.4	0.0	54.8	.Autoclave.Outputs.PRESSIP\OutputValue	-5.7	59.9	21.1	-1.0	0.0	-1.0	-1.0	-1.0	0.0	0.0	0.0	-1.0	-1.0	0.0	0.0	0.0	-1.0	0.0
03:36:29	56.1	287.2	285.7	297.1	259.4	276.4	297.7	312.9	318.9	306.0	0.3	0.2	0.4	44.2	-0.4	0.4	0.2	318.9	259.4	4.9	4.0	293.5	289.2	340.9	340.9	340.2	355.5	94.9	56.1	27.7	0.0	345.0	332.0	44.0	76.2	0.3	42.6	0.0	52.5	.Autoclave.Outputs.PRESSIP\OutputValue	-5.7	59.4	22.0	-1.0	0.0	-1.0	-1.0	-1.0	0.0	0.0	0.0	-1.0	-1.0	0.0	0.0	0.0	-1.0	0.0
03:37:29	57.1	291.6	290.2	301.6	263.6	280.9	302.0	317.3	323.4	310.9	0.3	0.2	0.6	44.5	-0.4	0.6	0.2	323.4	263.6	4.9	4.0	298.0	293.5	345.0	345.1	344.2	359.7	95.0	57.1	28.7	0.0	349.3	336.4	44.0	76.0	0.4	39.5	0.0	52.1	.Autoclave.Outputs.PRESSIP\OutputValue	-6.0	59.7	21.6	-1.0	0.0	-1.0	-1.0	-1.0	0.0	0.0	0.0	-1.0	-1.0	0.0	0.0	0.0	-1.0	0.0
03:38:29	58.1	296.3	294.7	305.9	268.0	285.4	306.3	321.9	328.3	315.6	0.3	0.2	0.3	44.8	-0.4	0.3	0.2	328.3	268.0	4.8	4.0	302.5	298.2	349.6	349.6	348.8	365.3	95.0	58.1	29.7	0.0	354.2	341.0	44.0	78.4	0.0	36.3	0.0	56.7	.Autoclave.Outputs.PRESSIP\OutputValue	-6.0	60.2	21.3	-1.0	0.0	-1.0	-1.0	-1.0	0.0	0.0	0.0	-1.0	-1.0	0.0	0.0	0.0	-1.0	0.0
03:39:29	59.1	300.7	299.2	310.4	272.5	289.7	310.7	326.2	332.7	320.0	0.3	0.2	0.3	43.6	-0.4	0.3	0.2	332.7	272.5	4.9	4.3	306.9	302.6	353.5	353.5	352.7	367.7	95.1	59.1	30.7	0.0	358.4	345.5	44.0	80.2	0.3	43.2	0.0	60.5	.Autoclave.Outputs.PRESSIP\OutputValue	-6.0	60.1	20.8	-1.0	0.0	-1.0	-1.0	-1.0	0.0	0.0	0.0	-1.0	-1.0	-1.0	0.0	0.0	-1.0	0.0
03:40:29	60.1	304.9	303.5	315.1	277.1	293.9	315.0	330.5	336.8	324.7	0.3	0.3	0.1	44.0	-0.4	0.3	0.1	336.8	277.1	4.8	4.1	311.3	307.0	358.3	358.3	357.5	373.0	95.1	60.1	31.7	0.0	362.3	349.9	44.0	80.3	0.8	44.1	0.0	60.5	.Autoclave.Outputs.PRESSIP\OutputValue	-5.8	59.6	21.5	-1.0	0.0	-1.0	-1.0	-1.0	0.0	0.0	0.0	-1.0	-1.0	0.0	0.0	0.0	-1.0	0.0
03:41:29	61.1	309.4	308.2	319.0	281.6	298.3	319.3	335.0	341.5	329.1	0.3	0.3	0.3	44.3	-0.4	0.3	0.3	341.5	281.6	4.8	4.2	315.7	311.6	363.0	363.0	362.2	377.7	95.3	61.1	32.7	0.0	367.1	354.5	44.0	76.8	1.2	41.0	0.0	53.6	.Autoclave.Outputs.PRESSIP\OutputValue	-6.0	59.9	21.5	-1.0	0.0	-1.0	-1.0	-1.0	0.0	0.0	0.0	-1.0	-1.0	0.0	0.0	0.0	-1.0	0.0
03:42:29	62.1	313.3	312.2	322.9	285.6	302.3	323.3	338.8	345.9	332.6	0.3	0.3	0.2	44.2	-0.4	0.3	0.2	345.9	285.6	4.6	3.5	319.6	315.8	363.1	363.1	362.4	372.4	95.3	62.1	33.7	0.0	365.0	355.0	44.0	63.6	1.4	42.1	0.0	27.3	.Autoclave.Outputs.PRESSIP\OutputValue	-6.0	60.3	17.2	-1.0	0.0	-1.0	-1.0	-1.0	0.0	0.0	0.0	-1.0	-1.0	0.0	0.0	0.0	-1.0	0.0
03:43:29	63.1	316.5	315.9	325.6	289.5	305.6	325.9	341.5	347.3	335.5	0.4	0.3	0.3	44.1	-0.4	0.4	0.3	347.3	289.5	3.7	2.2	322.6	318.4	361.8	361.8	361.0	368.9	95.3	63.1	34.7	0.0	363.2	355.0	44.0	57.1	1.6	42.9	0.0	14.2	.Autoclave.Outputs.PRESSIP\OutputValue	-6.0	57.8	14.5	-1.0	0.0	-1.0	-1.0	-1.0	0.0	0.0	0.0	-1.0	-1.0	0.0	0.0	0.0	-1.0	0.0
03:44:29	64.1	319.5	319.7	327.5	293.3	308.4	328.2	343.7	348.8	338.6	0.4	0.3	0.5	44.1	-0.4	0.5	0.3	348.8	293.3	3.7	2.0	325.3	321.1	359.9	359.9	359.2	367.7	95.4	64.1	35.7	0.0	361.1	355.0	44.0	57.3	1.7	43.2	0.0	14.5	.Autoclave.Outputs.PRESSIP\OutputValue	-6.0	55.5	11.1	-1.0	0.0	-1.0	-1.0	-1.0	0.0	0.0	0.0	-1.0	-1.0	0.0	0.0	0.0	-1.0	0.0
03:45:29	65.1	322.0	322.0	329.6	296.5	311.2	330.4	345.5	350.9	340.8	0.4	0.3	0.3	44.0	-0.4	0.4	0.3	350.9	296.5	3.7	1.1	327.6	323.7	359.2	359.2	358.4	364.8	95.5	65.1	36.7	0.0	360.0	355.0	44.0	55.4	1.8	44.0	0.0	10.7	.Autoclave.Outputs.PRESSIP\OutputValue	-6.0	54.4	8.3	-1.0	0.0	-1.0	-1.0	-1.0	0.0	0.0	0.0	-1.0	-1.0	0.0	0.0	0.0	-1.0	0.0
03:46:29	66.1	324.6	324.8	331.3	299.6	313.6	332.3	347.1	350.7	342.6	0.4	0.2	0.3	44.0	-0.4	0.4	0.2	350.7	299.6	3.2	1.3	329.6	325.2	358.0	358.1	357.3	365.5	95.6	66.1	37.7	0.0	359.3	355.0	44.0	56.2	1.9	43.4	0.0	12.3	.Autoclave.Outputs.PRESSIP\OutputValue	-6.0	51.1	7.3	-1.0	0.0	-1.0	-1.0	-1.0	0.0	0.0	0.0	-1.0	-1.0	0.0	0.0	0.0	-1.0	0.0
03:47:29	67.1	326.9	327.5	333.0	302.8	315.8	334.1	348.2	351.7	344.1	0.4	0.3	0.3	44.0	-0.4	0.4	0.3	351.7	302.8	3.0	-0.3	331.6	327.3	357.4	357.4	356.6	364.2	95.6	67.1	38.7	0.0	358.3	355.0	44.0	56.9	2.0	43.8	0.0	13.9	.Autoclave.Outputs.PRESSIP\OutputValue	-6.0	48.9	5.7	-1.0	0.0	-1.0	-1.0	-1.0	0.0	0.0	0.0	-1.0	-1.0	0.0	0.0	0.0	-1.0	0.0
03:48:29	68.1	328.9	329.7	334.5	305.4	318.0	335.9	347.1	352.3	345.7	0.4	0.3	0.3	44.0	-0.4	0.4	0.3	352.3	305.4	2.9	0.9	333.0	328.9	356.9	356.8	356.2	363.6	95.8	68.1	39.7	0.0	357.3	355.0	44.0	59.0	2.1	44.0	0.0	18.1	.Autoclave.Outputs.PRESSIP\OutputValue	-6.0	46.9	4.6	-1.0	0.0	-1.0	-1.0	-1.0	0.0	0.0	0.0	-1.0	-1.0	0.0	0.0	0.0	-1.0	0.0
03:49:29	69.1	330.8	331.4	335.8	308.5	320.1	337.4	350.5	351.8	346.9	0.3	0.3	0.4	44.0	-0.4	0.4	0.3	351.8	308.5	2.9	0.8	334.8	330.2	356.4	356.5	355.7	362.8	95.9	69.1	40.7	0.0	357.7	355.0	44.0	55.1	2.2	44.0	0.0	10.3	.Autoclave.Outputs.PRESSIP\OutputValue	-6.0	43.3	4.6	-1.0	0.0	-1.0	-1.0	-1.0	0.0	0.0	0.0	-1.0	-1.0	0.0	0.0	0.0	-1.0	0.0
03:50:30	70.1	332.5	333.1	337.0	310.8	322.0	338.5	350.9	353.4	348.1	0.3	0.3	0.2	44.0	-0.4	0.3	0.2	353.4	310.8	2.5	0.2	336.2	332.1	356.2	356.2	355.5	362.4	95.9	70.1	41.7	0.0	356.9	355.0	44.0	57.9	2.3	43.8	0.0	15.8	.Autoclave.Outputs.PRESSIP\OutputValue	-6.0	42.6	2.8	-1.0	0.0	-1.0	-1.0	-1.0	0.0	0.0	0.0	-1.0	-1.0	0.0	0.0	0.0	-1.0	0.0
03:51:29	71.1	334.1	334.8	338.3	313.1	323.9	339.8	351.4	353.3	349.0	0.4	0.3	0.3	44.0	-0.4	0.4	0.3	353.3	313.1	2.3	0.3	337.5	333.2	355.8	355.8	355.2	362.3	95.9	71.1	42.7	0.0	356.0	355.0	44.0	52.0	2.4	43.8	0.0	4.0	.Autoclave.Outputs.PRESSIP\OutputValue	-6.0	40.2	2.5	-1.0	0.0	-1.0	-1.0	-1.0	0.0	0.0	0.0	-1.0	-1.0	0.0	0.0	0.0	-1.0	0.0
03:52:29	72.1	335.5	336.3	339.5	315.2	325.7	341.0	352.0	353.8	349.7	0.4	0.3	0.0	44.0	-0.4	0.4	0.0	353.8	315.2	2.1	0.3	338.7	334.5	355.5	355.5	355.0	361.9	96.0	72.1	43.7	0.0	356.4	355.0	44.0	56.7	2.5	43.6	0.0	13.5	.Autoclave.Outputs.PRESSIP\OutputValue	-6.0	38.6	1.7	-1.0	0.0	-1.0	-1.0	-1.0	0.0	0.0	0.0	-1.0	-1.0	0.0	0.0	0.0	-1.0	0.0
03:53:29	73.1	337.0	337.9	340.5	317.3	327.0	342.0	352.4	353.9	350.6	0.4	0.3	0.4	44.1	-0.4	0.4	0.3	353.9	317.3	2.3	0.0	339.8	335.6	355.3	355.4	354.8	361.5	96.0	73.1	44.7	0.0	356.0	355.0	44.0	52.8	2.6	43.4	0.0	5.7	.Autoclave.Outputs.PRESSIP\OutputValue	-6.0	36.6	1.4	-1.0	0.0	-1.0	-1.0	-1.0	0.0	0.0	0.0	-1.0	-1.0	0.0	0.0	0.0	-1.0	0.0
03:54:29	74.1	338.2	339.0	341.5	319.3	328.6	342.9	352.8	354.0	351.0	0.4	0.3	0.4	44.1	-0.4	0.4	0.3	354.0	319.3	2.1	0.3	340.8	336.7	355.4	355.4	354.7	361.7	96.1	74.1	45.7	0.0	355.9	355.0	44.0	54.9	2.7	43.1	0.0	9.8	.Autoclave.Outputs.PRESSIP\OutputValue	-6.0	34.7	1.4	-1.0	0.0	-1.0	-1.0	-1.0	0.0	0.0	0.0	-1.0	-1.0	0.0	0.0	0.0	-1.0	0.0
03:55:29	75.1	339.3	340.2	342.5	321.4	329.9	343.9	353.1	354.1	351.4	0.4	0.3	0.4	44.1	-0.4	0.4	0.3	354.1	321.4	2.0	0.0	341.7	337.8	354.5	355.1	354.5	361.4	96.1	75.1	46.7	0.0	355.9	355.0	44.0	59.4	2.7	43.4	0.0	18.8	.Autoclave.Outputs.PRESSIP\OutputValue	-6.0	32.7	0.4	-1.0	0.0	-1.0	-1.0	-1.0	0.0	0.0	0.0	-1.0	-1.0	0.0	0.0	0.0	-1.0	0.0
03:56:29	76.1	340.4	341.3	343.4	323.0	331.4	344.6	353.3	354.2	351.9	0.4	0.3	0.4	44.1	-0.6	0.4	0.3	354.2	323.0	1.7	0.0	342.6	338.6	355.0	355.0	354.4	361.1	96.0	76.1	47.7	0.0	355.7	355.0	44.0	55.1	2.8	43.1	0.0	10.1	.Autoclave.Outputs.PRESSIP\OutputValue	-6.0	31.2	0.8	-1.0	0.0	-1.0	-1.0	-1.0	0.0	0.0	0.0	-1.0	-1.0	0.0	0.0	0.0	-1.0	0.0
03:57:29	77.1	341.5	342.3	344.2	324.7	332.6	345.4	353.5	354.2	352.3	0.4	0.3	0.4	44.1	-0.4	0.4	0.3	354.2	324.7	1.7	0.2	343.4	339.5	354.9	355.0	354.5	361.1	96.1	77.1	48.7	0.0	355.8	355.0	44.0	60.3	2.9	42.9	0.0	20.6	.Autoclave.Outputs.PRESSIP\OutputValue	-6.0	29.5	0.7	-1.0	0.0	-1.0	-1.0	-1.0	0.0	0.0	0.0	-1.0	-1.0	0.0	0.0	0.0	-1.0	0.0
03:58:29	78.1	342.4	343.2	344.8	326.1	333.9	346.0	353.7	354.3	352.6	0.4	0.3	0.0	44.1	-0.4	0.4	0.0	354.3	326.1	1.5	0.0	344.1	340.2	354.7	354.7	354.3	360.5	96.2	78.1	49.7	0.0	355.9	355.0	44.0	58.5	3.0	43.1	0.0	17.1	.Autoclave.Outputs.PRESSIP\OutputValue	-6.0	28.2	0.4	-1.0	0.0	-1.0	-1.0	-1.0	0.0	0.0	0.0	-1.0	-1.0	0.0	0.0	0.0	-1.0	0.0
03:59:29	79.1	343.2	344.3	345.4	327.8	335.0	346.8	353.9	354.4	352.8	0.4	0.3	0.4	44.2	-0.4	0.4	0.3	354.4	327.8	1.6	0.1	344.8	341.1	354.9	354.9	354.3	361.2	96.3	79.1	50.7	0.0	355.9	355.0	44.0	59.3	3.0	42.5	0.0	18.6	.Autoclave.Outputs.PRESSIP\OutputValue	-6.0	26.6	0.5	-1.0	0.0	-1.0	-1.0	-1.0	0.0	0.0	0.0	-1.0	-1.0	0.0	0.0	0.0	-1.0	0.0
04:00:29	80.1	343.9	344.9	345.9	329.2	336.1	347.3	354.3	354.1	353.4	0.4	0.3	0.4	44.1	-0.4	0.4	0.3	354.3	329.2	1.6	-0.4	345.4	341.8	355.0	355.0	354.5	360.1	96.3	80.1	51.7	0.0	355.7	355.0	44.0	56.0	3.1	42.7	0.0	12.0	.Autoclave.Outputs.PRESSIP\OutputValue	-6.0	25.1	0.7	-1.0	0.0	-1.0	-1.0	-1.0	0.0	0.0	0.0	-1.0	-1.0	0.0	0.0	0.0	-1.0	0.0
04:01:29	81.1	344.6	345.3	346.4	330.6	337.1	347.8	354.0	354.0	353.2	0.4	0.3	0.3	44.2	-0.4	0.4	0.3	354.0	330.6	1.4	-0.1	345.9	342.3	355.1	355.0	354.5	360.6	96.3	81.1	52.7	0.0	356.0	355.0	44.0	50.7	3.1	42.5	0.0	1.4	.Autoclave.Outputs.PRESSIP\OutputValue	-6.0	23.4	1.1	-1.0	0.0	-1.0	-1.0	-1.0	0.0	0.0	0.0	-1.0	-1.0	0.0	0.0	0.0	-1.0	0.0
04:02:29	82.1	345.3	345.9	346.9	331.9	338.2	348.3	354.2	354.3	353.2	0.4	0.3	0.4	44.2	-0.4	0.4	0.3	354.3	331.9	1.4	0.0	346.5	343.1	354.7	354.7	354.1	360.6	96.5	82.1	53.7	0.0	355.8	355.0	44.0	56.1	3.2	42.3	0.0	12.2	.Autoclave.Outputs.PRESSIP\OutputValue	-6.0	22.4	0.4	-1.0	0.0	-1.0	-1.0	-1.0	0.0	0.0	0.0	-1.0	-1.0	0.0	0.0	0.0	-1.0	0.0
04:03:29	83.1	345.9	346.6	347.5	333.3	339.1	348.8	354.2	354.6	353.7	0.4	0.3	0.5	44.2	-0.4	0.5	0.3	354.6	333.3	1.3	0.0	347.1	344.0	355.0	355.0	354.5	360.1	96.5	83.1	54.7	0.0	355.5	355.0	44.0	56.7	3.3	42.5	0.0	13.4	.Autoclave.Outputs.PRESSIP\OutputValue	-6.0	21.3	0.4	-1.0	0.0	-1.0	-1.0	-1.0	0.0	0.0	0.0	-1.0	-1.0	0.0	0.0	0.0	-1.0	0.0
04:04:29	84.1	346.5	347.2	348.0	334.2	339.9	349.2	354.2	354.4	353.7	0.4	0.3	0.3	44.2	-0.4	0.4	0.3	354.4	334.2	1.1	-0.5	347.5	344.3	354.8	354.8	354.4	360.5	96.5	84.1	55.7	0.0	355.5	355.0	44.0	55.6	3.3	42.1	0.0	11.1	.Autoclave.Outputs.PRESSIP\OutputValue	-6.0	20.2	0.4	-1.0	0.0	-1.0	-1.0	-1.0	0.0	0.0	0.0	-1.0	-1.0	0.0	0.0	0.0	-1.0	0.0
04:05:29	85.1	346.9	347.5	348.4	335.4	340.7	349.5	354.4	354.5	353.9	0.4	0.3	0.2	44.2	-0.4	0.4	0.2	354.5	335.4	1.2	-0.2	347.9	345.0	354.9	354.9	354.3	360.8	96.7	85.1	56.7	0.0	355.6	355.0	44.0	58.1	3.4	41.7	0.0	16.2	.Autoclave.Outputs.PRESSIP\OutputValue	-6.0	19.1	0.4	-1.0	0.0	-1.0	-1.0	-1.0	0.0	0.0	0.0	-1.0	-1.0	0.0	0.0	0.0	-1.0	0.0
04:06:29	86.1	347.6	348.1	348.8	336.4	341.5	349.8	354.3	354.5	353.9	0.4	0.3	0.5	44.2	-0.4	0.5	0.3	354.5	336.4	1.0	-0.1	348.3	345.5	354.8	354.8	354.2	360.7	96.7	86.1	57.7	0.0	355.1	355.0	44.0	53.0	3.4	41.5	0.0	6.0	.Autoclave.Outputs.PRESSIP\OutputValue	-6.0	18.1	0.3	-1.0	0.0	-1.0	-1.0	-1.0	0.0	0.0	0.0	-1.0	-1.0	0.0	0.0	0.0	-1.0	0.0
04:07:29	87.1	348.0	348.6	349.2	337.3	342.2	350.2	354.4	354.7	354.2	0.4	0.3	0.0	44.2	-0.4	0.4	0.0	354.7	337.3	1.0	-0.4	348.7	346.0	355.1	355.0	354.4	360.7	96.6	87.1	58.7	0.0	355.7	355.0	44.0	54.4	3.5	41.5	0.0	8.8	.Autoclave.Outputs.PRESSIP\OutputValue	-6.0	17.4	0.4	-1.0	0.0	-1.0	-1.0	-1.0	0.0	0.0	0.0	-1.0	-1.0	0.0	0.0	0.0	-1.0	0.0
04:08:29	88.1	348.3	348.8	349.4	338.3	342.9	350.5	354.4	354.4	353.8	0.4	0.3	0.7	44.2	-0.4	0.7	0.3	354.4	338.3	0.9	-0.1	349.0	346.4	355.1	355.1	354.4	360.4	96.7	88.1	59.7	0.0	355.5	355.0	44.0	55.1	3.5	41.5	0.0	10.2	.Autoclave.Outputs.PRESSIP\OutputValue	-6.0	16.1	0.7	-1.0	0.0	-1.0	-1.0	-1.0	0.0	0.0	0.0	-1.0	-1.0	0.0	0.0	0.0	-1.0	0.0
04:09:29	89.1	348.8	349.2	349.7	339.3	343.6	350.8	353.8	354.6	353.9	0.4	0.3	0.4	44.2	-0.4	0.4	0.3	354.6	339.3	0.9	-0.4	349.3	347.0	355.2	355.2	354.4	360.5	97.0	89.1	60.7	0.0	355.5	355.0	44.0	53.6	3.6	41.5	0.0	7.3	.Autoclave.Outputs.PRESSIP\OutputValue	-6.0	15.3	0.6	-1.0	0.0	-1.0	-1.0	-1.0	0.0	0.0	0.0	-1.0	-1.0	0.0	0.0	0.0	-1.0	0.0
04:10:29	90.1	349.1	349.7	350.2	340.1	344.3	351.1	354.2	354.5	354.0	0.4	0.3	0.8	44.3	-0.4	0.8	0.3	354.5	340.1	0.9	-0.1	349.7	347.3	355.2	355.2	354.4	360.7	96.9	90.1	61.7	0.0	355.6	355.0	44.0	54.5	3.6	41.4	0.0	9.0	.Autoclave.Outputs.PRESSIP\OutputValue	-6.0	14.4	0.7	-1.0	0.0	-1.0	-1.0	-1.0	0.0	0.0	0.0	-1.0	-1.0	0.0	0.0	0.0	-1.0	0.0
04:11:29	91.1	349.3	349.7	350.3	340.8	344.9	351.3	354.1	354.3	353.8	0.4	0.3	0.4	44.3	-0.4	0.4	0.3	354.3	340.8	0.8	-0.3	349.8	347.6	355.2	355.2	354.4	360.8	97.1	91.1	62.7	0.0	355.4	355.0	44.0	54.6	3.7	41.2	0.0	9.1	.Autoclave.Outputs.PRESSIP\OutputValue	-6.0	13.5	0.9	-1.0	0.0	-1.0	-1.0	-1.0	0.0	0.0	0.0	-1.0	-1.0	0.0	0.0	0.0	-1.0	0.0
04:12:29	92.1	349.7	349.9	350.4	341.7	345.4	351.7	353.8	354.4	354.1	0.4	0.3	0.4	44.3	-0.4	0.4	0.3	354.4	341.7	0.9	-0.2	350.1	348.1	355.3	355.4	354.5	361.2	97.1	92.1	63.7	0.0	355.4	355.0	44.0	54.6	3.7	40.8	0.0	9.2	.Autoclave.Outputs.PRESSIP\OutputValue	-6.0	12.7	0.9	-1.0	0.0	-1.0	-1.0	-1.0	0.0	0.0	0.0	-1.0	-1.0	0.0	0.0	0.0	-1.0	0.0
04:13:29	93.1	350.0	350.3	350.9	342.4	345.9	351.9	354.1	354.4	354.2	0.4	0.3	0.4	44.3	-0.4	0.4	0.3	354.4	342.4	0.6	-0.4	350.4	348.4	355.4	355.4	354.5	360.5	97.0	93.1	64.7	0.0	355.5	355.0	44.0	53.3	3.7	41.4	0.0	6.6	.Autoclave.Outputs.PRESSIP\OutputValue	-6.0	12.0	1.0	-1.0	0.0	-1.0	-1.0	-1.0	0.0	0.0	0.0	-1.0	-1.0	0.0	0.0	0.0	-1.0	0.0
04:14:29	94.1	350.2	350.6	351.0	343.0	346.6	352.1	354.0	354.3	354.2	0.5	0.3	0.3	44.3	-0.4	0.5	0.3	354.3	343.0	0.7	-0.2	350.7	348.7	355.4	355.3	354.5	360.8	97.2	94.1	65.7	0.0	355.7	355.0	44.0	54.0	3.8	41.0	0.0	8.0	.Autoclave.Outputs.PRESSIP\OutputValue	-6.0	11.3	1.1	-1.0	0.0	-1.0	-1.0	-1.0	0.0	0.0	0.0	-1.0	-1.0	0.0	0.0	0.0	-1.0	0.0
04:15:29	95.1	350.5	350.6	351.2	343.7	346.9	352.2	353.9	354.3	354.1	0.4	0.2	0.4	44.3	-0.4	0.4	0.2	354.3	343.7	0.7	-0.1	350.8	349.0	355.1	355.1	354.4	360.8	97.3	95.1	66.7	0.0	355.7	355.0	44.0	55.4	3.8	40.8	0.0	10.8	.Autoclave.Outputs.PRESSIP\OutputValue	-6.0	10.6	0.8	-1.0	0.0	-1.0	-1.0	-1.0	0.0	0.0	0.0	-1.0	-1.0	0.0	0.0	0.0	-1.0	0.0
04:16:29	96.1	350.7	351.0	351.6	344.4	347.3	352.4	354.2	354.5	354.1	0.4	0.3	0.3	44.3	-0.4	0.4	0.3	354.5	344.4	0.7	-0.3	351.1	349.5	355.2	355.2	354.4	360.8	97.3	96.1	67.7	0.0	355.5	355.0	44.0	54.1	3.8	40.8	0.0	8.2	.Autoclave.Outputs.PRESSIP\OutputValue	-6.0	10.1	0.7	-1.0	0.0	-1.0	-1.0	-1.0	0.0	0.0	0.0	-1.0	-1.0	0.0	0.0	0.0	-1.0	0.0
04:17:29	97.1	351.0	351.5	351.6	344.8	347.7	352.6	354.0	354.9	354.2	0.4	0.3	0.4	44.3	-0.4	0.4	0.3	354.9	344.8	0.6	-0.1	351.4	349.9	355.2	355.3	354.5	360.9	97.3	97.1	68.7	0.0	355.8	355.0	44.0	55.4	3.9	40.6	0.0	10.9	.Autoclave.Outputs.PRESSIP\OutputValue	-6.0	10.1	0.3	-1.0	0.0	-1.0	-1.0	-1.0	0.0	0.0	0.0	-1.0	-1.0	0.0	0.0	0.0	-1.0	0.0
04:17:55	97.5	350.9	351.5	351.7	345.2	347.8	352.5	354.1	353.5	354.4	0.5	0.3	0.4	44.3	-0.4	0.5	0.3	354.4	345.2	0.5	-0.8	351.3	349.8	355.2	355.3	354.4	360.5	97.3	97.5	69.2	0.0	355.3	355.0	44.0	54.7	3.9	40.6	0.0	9.4	.Autoclave.Outputs.PRESSIP\OutputValue	-6.0	9.2	0.5	-1.0	0.0	-1.0	-1.0	-1.0	0.0	0.0	0.0	-1.0	-1.0	0.0	0.0	0.0	-1.0	0.0
04:18:29	98.1	351.1	351.5	351.7	345.3	348.1	352.6	354.4	354.3	354.4	0.5	0.3	0.4	44.4	-0.4	0.5	0.3	354.4	345.3	0.5	-0.4	351.5	349.9	355.3	355.2	354.4	360.9	97.4	98.1	0.6	89.4	355.5	355.0	44.0	54.0	3.9	40.6	0.0	8.0	.Autoclave.Outputs.PRESSIP\OutputValue	-6.0	9.1	0.9	-1.0	0.0	-1.0	-1.0	-1.0	0.0	0.0	0.0	-1.0	-1.0	0.0	0.0	0.0	-1.0	0.0
04:19:29	99.1	351.3	351.4	351.9	345.9	348.5	352.8	354.4	354.3	354.3	0.5	0.3	0.4	44.4	-0.4	0.5	0.3	354.4	345.9	0.6	0.0	351.6	350.2	355.2	355.2	354.4	360.6	97.5	99.1	1.6	88.4	355.5	355.0	44.0	52.2	3.9	40.8	0.0	4.3	.Autoclave.Outputs.PRESSIP\OutputValue	-6.0	8.5	0.8	-1.0	0.0	-1.0	-1.0	-1.0	0.0	0.0	0.0	-1.0	-1.0	0.0	0.0	0.0	-1.0	0.0
04:20:29	100.1	350.5	351.8	352.2	346.2	348.8	352.8	354.0	354.4	354.5	0.4	0.3	0.4	44.4	-0.4	0.4	0.3	354.5	346.2	0.4	-0.3	351.7	350.4	355.3	355.3	354.5	360.4	97.5	100.1	2.6	87.4	355.5	355.0	44.0	54.2	4.0	40.2	0.0	8.4	.Autoclave.Outputs.PRESSIP\OutputValue	-6.0	8.3	0.8	-1.0	0.0	-1.0	-1.0	-1.0	0.0	0.0	0.0	-1.0	-1.0	0.0	0.0	0.0	-1.0	0.0
04:21:29	101.1	351.2	351.6	352.2	346.8	349.1	353.0	353.9	354.3	354.4	0.5	0.3	0.4	44.4	-0.4	0.5	0.3	354.4	346.8	0.5	-0.3	351.8	350.6	355.3	355.2	354.4	360.8	97.5	101.1	3.6	86.4	355.8	355.0	44.0	52.8	4.0	40.2	0.0	5.6	.Autoclave.Outputs.PRESSIP\OutputValue	-6.0	7.6	0.9	-1.0	0.0	-1.0	-1.0	-1.0	0.0	0.0	0.0	-1.0	-1.0	0.0	0.0	0.0	-1.0	0.0
04:22:29	102.1	351.3	351.7	352.2	347.4	349.6	353.2	354.2	354.6	354.4	0.4	0.3	0.5	44.4	-0.4	0.5	0.3	354.6	347.4	0.8	0.0	352.1	351.0	355.2	355.2	354.3	360.4	97.7	102.1	4.6	85.4	355.5	355.0	44.0	52.9	4.0	40.4	0.0	5.9	.Autoclave.Outputs.PRESSIP\OutputValue	-6.0	7.2	0.6	-1.0	0.0	-1.0	-1.0	-1.0	0.0	0.0	0.0	-1.0	-1.0	0.0	0.0	0.0	-1.0	0.0
04:23:29	103.1	351.5	351.9	352.4	347.8	349.9	353.2	354.2	353.6	354.3	0.5	0.3	0.3	44.4	-0.4	0.5	0.3	354.3	347.8	0.4	-0.2	352.1	351.1	355.1	355.2	354.3	360.3	97.7	103.1	5.6	84.4	355.5	355.0	44.0	53.0	4.0	40.2	0.0	5.9	.Autoclave.Outputs.PRESSIP\OutputValue	-6.0	6.5	0.8	-1.0	0.0	-1.0	-1.0	-1.0	0.0	0.0	0.0	-1.0	-1.0	0.0	0.0	0.0	-1.0	0.0
04:24:29	104.1	351.7	352.2	352.4	348.2	350.2	353.3	354.3	354.5	354.4	0.5	0.3	0.4	44.4	-0.4	0.5	0.3	354.5	348.2	0.4	-0.2	352.3	351.4	355.1	355.2	354.4	360.5	97.8	104.1	6.6	83.4	355.3	355.0	44.0	54.2	4.1	40.2	0.0	8.5	.Autoclave.Outputs.PRESSIP\OutputValue	-6.0	6.3	0.6	-1.0	0.0	-1.0	-1.0	-1.0	0.0	0.0	0.0	-1.0	-1.0	0.0	0.0	0.0	-1.0	0.0
04:25:29	105.1	351.7	352.1	352.6	348.6	350.5	353.4	354.1	354.5	354.7	0.5	0.3	0.4	44.4	-0.4	0.5	0.3	354.7	348.6	0.3	-0.2	352.5	351.7	355.2	355.1	354.3	360.6	97.8	105.1	7.6	82.4	355.4	355.0	44.0	54.3	4.1	40.2	0.0	8.5	.Autoclave.Outputs.PRESSIP\OutputValue	-6.0	6.1	0.5	-1.0	0.0	-1.0	-1.0	-1.0	0.0	0.0	0.0	-1.0	-1.0	0.0	0.0	0.0	-1.0	0.0
04:26:29	106.1	351.8	352.4	352.7	349.1	350.7	353.5	354.2	354.5	354.5	0.5	0.3	0.1	44.4	-0.4	0.5	0.1	354.5	349.1	1.0	0.0	352.6	351.8	355.1	355.1	354.3	360.4	97.8	106.1	8.6	81.4	355.2	355.0	44.0	53.6	4.1	40.2	0.0	7.2	.Autoclave.Outputs.PRESSIP\OutputValue	-6.0	5.4	0.6	-1.0	0.0	-1.0	-1.0	-1.0	0.0	0.0	0.0	-1.0	-1.0	0.0	0.0	0.0	-1.0	0.0
04:27:29	107.1	351.9	352.4	352.8	349.3	350.8	353.4	354.2	354.3	354.2	0.5	0.3	0.6	44.4	-0.4	0.6	0.3	354.3	349.3	0.3	-0.9	352.6	351.8	355.2	355.2	354.3	360.1	97.8	107.1	9.6	80.4	355.5	355.0	44.0	55.0	4.1	40.2	0.0	10.0	.Autoclave.Outputs.PRESSIP\OutputValue	-6.0	5.0	0.9	-1.0	0.0	-1.0	-1.0	-1.0	0.0	0.0	0.0	-1.0	-1.0	0.0	0.0	0.0	-1.0	0.0
04:28:29	108.1	352.0	352.6	352.9	349.4	351.0	353.5	354.0	354.5	354.5	0.5	0.3	0.4	44.4	-0.4	0.5	0.3	354.5	349.4	0.4	-0.3	352.7	352.0	355.2	355.2	354.5	360.3	98.0	108.1	10.6	79.4	355.5	355.0	44.0	53.7	4.2	40.4	0.0	7.3	.Autoclave.Outputs.PRESSIP\OutputValue	-6.0	5.1	0.7	-1.0	0.0	-1.0	-1.0	-1.0	0.0	0.0	0.0	-1.0	-1.0	0.0	0.0	0.0	-1.0	0.0
04:29:29	109.1	352.1	352.4	352.9	349.9	351.2	353.6	354.1	353.6	354.4	0.5	0.3	0.4	44.4	-0.4	0.5	0.3	354.4	349.9	0.5	-0.7	352.7	352.2	355.3	355.3	354.5	360.4	98.0	109.1	11.6	78.4	355.4	355.0	44.0	51.0	4.2	40.0	0.0	2.1	.Autoclave.Outputs.PRESSIP\OutputValue	-6.0	4.5	0.9	-1.0	0.0	-1.0	-1.0	-1.0	0.0	0.0	0.0	-1.0	-1.0	0.0	0.0	0.0	-1.0	0.0
04:30:29	110.1	352.2	352.5	353.1	350.2	351.4	353.6	354.1	354.8	354.3	0.5	0.3	0.5	44.4	-0.4	0.5	0.3	354.8	350.2	0.6	-0.1	352.9	352.5	355.3	355.4	354.5	360.7	98.2	110.1	12.6	77.4	355.5	355.0	44.0	49.1	4.2	40.0	0.0	0.0	.Autoclave.Outputs.PRESSIP\OutputValue	-6.0	4.6	0.5	-1.0	0.0	-1.0	-1.0	-1.0	0.0	0.0	0.0	-1.0	-1.0	0.0	0.0	0.0	-1.0	0.0
04:31:29	111.1	352.3	352.9	352.9	350.4	351.6	353.6	354.1	354.5	354.5	0.4	0.3	0.3	44.4	-0.4	0.4	0.3	354.5	350.4	0.3	-0.2	353.0	352.5	355.2	355.1	354.5	360.5	98.1	111.1	13.6	76.4	355.5	355.0	44.0	54.4	4.2	39.8	0.0	8.8	.Autoclave.Outputs.PRESSIP\OutputValue	-6.0	4.1	0.7	-1.0	0.0	-1.0	-1.0	-1.0	0.0	0.0	0.0	-1.0	-1.0	0.0	0.0	0.0	-1.0	0.0
04:32:29	112.1	352.3	352.7	352.8	350.7	351.8	353.6	354.2	354.7	354.6	0.5	0.3	0.5	44.4	-0.4	0.5	0.3	354.7	350.7	0.3	-0.2	353.0	352.7	355.3	355.3	354.5	360.5	98.1	112.1	14.6	75.4	355.3	355.0	44.0	52.4	4.3	39.5	0.0	4.9	.Autoclave.Outputs.PRESSIP\OutputValue	-6.0	4.0	0.6	-1.0	0.0	-1.0	-1.0	-1.0	0.0	0.0	0.0	-1.0	-1.0	0.0	0.0	0.0	-1.0	0.0
04:33:29	113.1	352.3	352.7	353.1	351.0	351.9	353.6	354.4	354.5	354.5	0.5	0.3	0.4	44.4	-0.4	0.5	0.3	354.5	351.0	0.3	0.0	353.1	352.8	355.3	355.3	354.5	360.1	98.1	113.1	15.6	74.4	355.5	355.0	44.0	54.4	4.3	40.0	0.0	8.7	.Autoclave.Outputs.PRESSIP\OutputValue	-6.0	3.5	0.8	-1.0	0.0	-1.0	-1.0	-1.0	0.0	0.0	0.0	-1.0	-1.0	0.0	0.0	0.0	-1.0	0.0
04:34:29	114.1	352.3	352.7	353.1	351.2	352.1	353.6	354.1	354.3	354.6	0.5	0.3	0.4	44.4	-0.4	0.5	0.3	354.6	351.2	0.4	-0.4	353.1	352.9	355.2	355.2	354.4	360.5	98.2	114.1	16.6	73.4	355.6	355.0	44.0	55.1	4.3	39.7	0.0	10.3	.Autoclave.Outputs.PRESSIP\OutputValue	-6.0	3.4	0.6	-1.0	0.0	-1.0	-1.0	-1.0	0.0	0.0	0.0	-1.0	-1.0	0.0	0.0	0.0	-1.0	0.0
04:35:29	115.1	352.4	353.2	353.1	351.5	352.2	353.8	354.1	354.5	354.4	0.5	0.3	0.4	44.4	-0.4	0.5	0.3	354.5	351.5	0.3	-0.5	353.2	353.0	355.3	355.4	354.5	360.5	98.2	115.1	17.6	72.4	355.4	355.0	44.0	52.6	4.3	39.7	0.0	5.2	.Autoclave.Outputs.PRESSIP\OutputValue	-6.0	3.0	0.8	-1.0	0.0	-1.0	-1.0	-1.0	0.0	0.0	0.0	-1.0	-1.0	0.0	0.0	0.0	-1.0	0.0
04:36:29	116.1	352.5	352.6	353.3	351.6	352.4	353.7	354.2	354.2	354.7	0.5	0.3	0.3	44.5	-0.4	0.5	0.3	354.7	351.6	0.2	-0.2	353.2	353.2	355.3	355.3	354.5	360.5	98.3	116.1	18.6	71.4	355.4	355.0	44.0	54.5	4.4	39.5	0.0	9.1	.Autoclave.Outputs.PRESSIP\OutputValue	-6.0	3.1	0.6	-1.0	0.0	-1.0	-1.0	-1.0	0.0	0.0	0.0	-1.0	-1.0	0.0	0.0	0.0	-1.0	0.0
04:37:29	117.1	352.6	352.7	353.3	351.7	352.5	353.8	354.1	354.3	354.6	0.5	0.3	0.4	44.5	-0.4	0.5	0.3	354.6	351.7	0.4	0.0	353.3	353.2	355.2	355.2	354.5	360.7	98.4	117.1	19.6	70.4	355.2	355.0	44.0	52.6	4.4	39.1	0.0	5.3	.Autoclave.Outputs.PRESSIP\OutputValue	-6.0	2.9	0.6	-1.0	0.0	-1.0	-1.0	-1.0	0.0	0.0	0.0	-1.0	-1.0	0.0	0.0	0.0	-1.0	0.0
04:38:29	118.1	352.6	352.9	353.5	352.0	352.6	353.9	354.2	354.0	354.7	0.4	0.3	0.4	44.5	-0.4	0.4	0.3	354.7	352.0	0.2	-0.3	353.4	353.4	355.1	355.1	354.3	360.7	98.2	118.1	20.6	69.4	355.5	355.0	44.0	54.6	4.4	39.1	0.0	9.1	.Autoclave.Outputs.PRESSIP\OutputValue	-6.0	2.7	0.4	-1.0	0.0	-1.0	-1.0	-1.0	0.0	0.0	0.0	-1.0	-1.0	0.0	0.0	0.0	-1.0	0.0
04:39:29	119.1	352.7	353.0	353.4	352.1	352.7	353.8	354.1	354.3	354.8	0.5	0.3	0.4	44.5	-0.4	0.5	0.3	354.8	352.1	0.4	-0.1	353.4	353.5	355.2	355.2	354.4	360.6	98.2	119.1	21.6	68.4	355.6	355.0	44.0	55.9	4.4	39.1	0.0	11.8	.Autoclave.Outputs.PRESSIP\OutputValue	-6.0	2.7	0.4	-1.0	0.0	-1.0	-1.0	-1.0	0.0	0.0	0.0	-1.0	-1.0	0.0	0.0	0.0	-1.0	0.0
04:40:29	120.1	352.7	353.2	353.5	352.2	352.9	353.9	354.2	354.2	354.7	0.5	0.2	0.4	44.4	-0.4	0.5	0.2	354.7	352.2	0.2	-0.1	353.5	353.5	355.2	355.2	354.4	360.2	98.3	120.1	22.6	67.4	355.3	355.0	44.0	53.3	4.4	39.3	0.0	6.5	.Autoclave.Outputs.PRESSIP\OutputValue	-6.0	2.5	0.5	-1.0	0.0	-1.0	-1.0	-1.0	0.0	0.0	0.0	-1.0	-1.0	0.0	0.0	0.0	-1.0	0.0
04:41:29	121.1	352.7	353.1	353.5	352.4	352.9	354.0	354.0	354.5	354.7	0.5	0.3	0.4	44.5	-0.4	0.5	0.3	354.7	352.4	0.3	-0.2	353.5	353.6	355.2	355.2	354.4	360.4	98.3	121.1	23.6	66.4	355.3	355.0	44.0	54.0	4.5	38.9	0.0	7.9	.Autoclave.Outputs.PRESSIP\OutputValue	-6.0	2.3	0.5	-1.0	0.0	-1.0	-1.0	-1.0	0.0	0.0	0.0	-1.0	-1.0	0.0	0.0	0.0	-1.0	0.0
04:42:29	122.1	352.7	353.0	353.6	352.6	353.1	353.9	354.3	353.6	354.6	0.5	0.3	0.4	44.5	-0.4	0.5	0.3	354.6	352.6	0.2	-0.3	353.5	353.6	355.2	355.2	354.5	360.0	98.4	122.1	24.6	65.4	355.5	355.0	44.0	54.7	4.5	39.3	0.0	9.4	.Autoclave.Outputs.PRESSIP\OutputValue	-6.0	2.0	0.6	-1.0	0.0	-1.0	-1.0	-1.0	0.0	0.0	0.0	-1.0	-1.0	0.0	0.0	0.0	-1.0	0.0
04:43:29	123.1	352.8	353.2	353.8	352.8	353.1	353.9	354.5	354.4	354.7	0.5	0.4	0.4	44.5	-0.4	0.5	0.4	354.7	352.8	0.5	-0.6	353.7	353.7	355.1	355.1	354.5	360.7	98.4	123.1	25.6	64.4	355.3	355.0	44.0	54.6	4.5	38.9	0.0	9.2	.Autoclave.Outputs.PRESSIP\OutputValue	-6.0	1.9	0.4	-1.0	0.0	-1.0	-1.0	-1.0	0.0	0.0	0.0	-1.0	-1.0	0.0	0.0	0.0	-1.0	0.0
04:44:29	124.1	352.8	353.2	353.6	352.9	353.2	353.9	354.7	354.3	354.7	0.5	0.3	0.4	44.5	-0.4	0.5	0.3	354.7	352.8	0.9	-0.1	353.7	353.7	354.9	355.0	354.4	359.8	98.3	124.1	26.6	63.4	355.2	355.0	44.0	55.3	4.5	39.5	0.0	10.5	.Autoclave.Outputs.PRESSIP\OutputValue	-6.0	1.9	0.2	-1.0	0.0	-1.0	-1.0	-1.0	0.0	0.0	0.0	-1.0	-1.0	0.0	0.0	0.0	-1.0	0.0
04:45:29	125.1	353.0	353.6	353.5	353.1	353.2	353.9	354.7	354.5	354.6	0.4	0.3	0.4	44.5	-0.4	0.4	0.3	354.7	353.0	0.3	0.0	353.8	353.8	354.7	354.7	354.3	360.5	98.2	125.1	27.6	62.4	354.9	355.0	44.0	52.1	4.5	38.9	0.0	4.2	.Autoclave.Outputs.PRESSIP\OutputValue	-6.0	1.7	0.0	-1.0	0.0	-1.0	-1.0	-1.0	0.0	0.0	0.0	-1.0	-1.0	0.0	0.0	0.0	-1.0	0.0
04:46:29	126.1	352.9	353.2	353.6	353.1	353.3	353.9	354.7	354.6	354.6	0.5	0.3	0.3	44.5	-0.4	0.5	0.3	354.7	352.9	0.4	-0.2	353.8	353.8	354.9	355.1	354.4	359.8	98.3	126.1	28.6	61.4	355.1	355.0	44.0	55.3	4.6	39.5	0.0	10.6	.Autoclave.Outputs.PRESSIP\OutputValue	-6.0	1.8	0.2	-1.0	0.0	-1.0	-1.0	-1.0	0.0	0.0	0.0	-1.0	-1.0	0.0	0.0	0.0	-1.0	0.0
04:47:29	127.1	352.9	353.2	353.6	353.3	353.3	353.8	354.6	354.6	355.0	0.5	0.3	0.4	44.5	-0.4	0.5	0.3	355.0	352.9	0.2	-0.6	353.8	353.9	354.7	354.7	354.3	360.3	98.5	127.1	29.6	60.4	355.2	355.0	44.0	57.4	4.6	39.1	0.0	14.9	.Autoclave.Outputs.PRESSIP\OutputValue	-6.0	2.1	-0.3	-1.0	0.0	-1.0	-1.0	-1.0	0.0	0.0	0.0	-1.0	-1.0	0.0	0.0	0.0	-1.0	0.0
04:48:29	128.1	353.0	353.2	353.5	353.2	353.4	353.8	354.6	354.1	354.9	0.5	0.3	0.4	44.5	-0.4	0.5	0.3	354.9	353.0	0.2	-0.1	353.7	353.9	354.9	355.1	354.4	360.0	98.2	128.1	30.6	59.4	355.1	355.0	44.0	54.8	4.6	39.1	0.0	9.6	.Autoclave.Outputs.PRESSIP\OutputValue	-6.0	1.9	0.0	-1.0	0.0	-1.0	-1.0	-1.0	0.0	0.0	0.0	-1.0	-1.0	0.0	0.0	0.0	-1.0	0.0
04:49:29	129.1	352.9	353.3	353.7	353.4	353.4	353.9	354.7	354.8	354.9	0.5	0.3	0.4	44.5	-0.4	0.5	0.3	354.9	352.9	0.5	0.0	353.9	353.9	355.0	355.0	354.5	360.1	98.3	129.1	31.6	58.4	355.3	355.0	44.0	54.1	4.7	38.9	0.0	8.1	.Autoclave.Outputs.PRESSIP\OutputValue	-6.0	2.0	0.1	-1.0	0.0	-1.0	-1.0	-1.0	0.0	0.0	0.0	-1.0	-1.0	0.0	0.0	0.0	-1.0	0.0
04:50:29	130.1	353.0	353.1	353.7	353.5	353.4	353.9	354.7	355.0	354.8	0.5	0.3	0.3	44.5	-0.4	0.5	0.3	355.0	353.0	0.2	-0.5	353.9	354.0	355.2	355.1	354.6	360.1	98.6	130.1	32.6	57.4	355.3	355.0	44.0	52.8	4.7	38.9	0.0	5.7	.Autoclave.Outputs.PRESSIP\OutputValue	-6.0	2.0	0.2	-1.0	0.0	-1.0	-1.0	-1.0	0.0	0.0	0.0	-1.0	-1.0	0.0	0.0	0.0	-1.0	0.0
04:51:29	131.1	353.0	353.4	353.6	353.5	353.6	353.8	354.6	354.8	354.8	0.5	0.3	0.5	44.5	-0.4	0.5	0.3	354.8	353.0	0.6	-0.1	353.9	353.9	355.1	355.2	354.6	360.5	98.5	131.1	33.6	56.4	355.3	355.0	44.0	54.3	4.7	38.7	0.0	8.5	.Autoclave.Outputs.PRESSIP\OutputValue	-6.0	1.8	0.3	-1.0	0.0	-1.0	-1.0	-1.0	0.0	0.0	0.0	-1.0	-1.0	0.0	0.0	0.0	-1.0	0.0
04:52:29	132.1	353.0	353.2	353.6	353.7	353.6	353.8	354.6	354.8	354.9	0.5	0.3	0.4	44.5	-0.4	0.5	0.3	354.9	353.0	0.9	-0.3	353.9	353.9	355.1	355.1	354.5	359.7	98.5	132.1	34.6	55.4	355.2	355.0	44.0	56.3	4.7	38.7	0.0	12.6	.Autoclave.Outputs.PRESSIP\OutputValue	-6.0	1.9	0.2	-1.0	0.0	-1.0	-1.0	-1.0	0.0	0.0	0.0	-1.0	-1.0	0.0	0.0	0.0	-1.0	0.0
04:53:29	133.1	353.0	353.5	353.6	353.8	353.6	353.8	354.6	354.7	354.7	0.5	0.3	0.5	44.5	-0.4	0.5	0.3	354.7	353.0	0.5	-1.1	353.9	353.8	355.2	355.2	354.5	360.0	98.5	133.1	35.6	54.4	355.4	355.0	44.0	52.2	4.7	38.7	0.0	4.5	.Autoclave.Outputs.PRESSIP\OutputValue	-6.0	1.7	0.5	-1.0	0.0	-1.0	-1.0	-1.0	0.0	0.0	0.0	-1.0	-1.0	0.0	0.0	0.0	-1.0	0.0
04:54:29	134.1	353.1	353.2	353.7	354.0	353.8	353.9	354.6	354.3	354.8	0.5	0.3	0.4	44.5	-0.4	0.5	0.3	354.8	353.1	0.2	-0.3	353.9	353.9	354.7	354.8	354.4	360.1	98.6	134.1	36.6	53.4	355.1	355.0	44.0	56.2	4.7	38.5	0.0	12.5	.Autoclave.Outputs.PRESSIP\OutputValue	-6.0	1.7	-0.1	-1.0	0.0	-1.0	-1.0	-1.0	0.0	0.0	0.0	-1.0	-1.0	0.0	0.0	0.0	-1.0	0.0
04:55:29	135.1	353.1	353.6	353.6	354.0	353.8	353.9	354.6	354.6	354.7	0.5	0.3	0.9	44.5	-0.4	0.9	0.3	354.7	353.1	0.2	-0.1	354.0	353.9	355.1	355.1	354.4	360.0	98.4	135.1	37.6	52.4	355.2	355.0	44.0	56.3	4.8	38.7	0.0	12.5	.Autoclave.Outputs.PRESSIP\OutputValue	-6.0	1.6	0.4	-1.0	0.0	-1.0	-1.0	-1.0	0.0	0.0	0.0	-1.0	-1.0	0.0	0.0	0.0	-1.0	0.0
04:56:29	136.1	353.1	353.5	353.6	354.1	353.8	353.9	354.7	354.6	354.9	0.5	0.3	0.3	44.5	-0.4	0.5	0.3	354.9	353.1	0.2	-0.1	354.0	354.0	355.3	355.3	354.7	360.1	98.5	136.1	38.6	51.4	355.2	355.0	44.0	51.7	4.8	38.7	0.0	3.4	.Autoclave.Outputs.PRESSIP\OutputValue	-6.0	1.8	0.4	-1.0	0.0	-1.0	-1.0	-1.0	0.0	0.0	0.0	-1.0	-1.0	0.0	0.0	0.0	-1.0	0.0
04:57:29	137.1	353.0	353.4	353.7	354.1	353.8	353.9	354.6	354.8	354.8	0.5	0.3	0.6	44.6	-0.4	0.6	0.3	354.8	353.0	0.1	-0.3	354.0	353.9	355.3	355.1	354.7	360.4	98.8	137.1	39.6	50.4	355.2	355.0	44.0	51.6	4.8	38.3	0.0	3.2	.Autoclave.Outputs.PRESSIP\OutputValue	-6.0	1.8	0.5	-1.0	0.0	-1.0	-1.0	-1.0	0.0	0.0	0.0	-1.0	-1.0	0.0	0.0	0.0	-1.0	0.0
04:58:29	138.1	353.0	353.4	353.6	354.1	353.8	353.9	354.6	354.7	354.7	0.5	0.3	0.2	44.6	-0.4	0.5	0.2	354.7	353.0	0.1	-0.3	354.0	353.8	354.9	354.9	354.5	360.3	98.7	138.1	40.6	49.4	355.3	355.0	44.0	53.6	4.8	38.3	0.0	7.3	.Autoclave.Outputs.PRESSIP\OutputValue	-6.0	1.7	0.2	-1.0	0.0	-1.0	-1.0	-1.0	0.0	0.0	0.0	-1.0	-1.0	0.0	0.0	0.0	-1.0	0.0
04:59:29	139.1	352.9	353.1	353.6	354.3	353.8	353.8	354.5	354.6	354.6	0.5	0.3	0.4	44.6	-0.4	0.5	0.3	354.6	352.9	0.3	-0.2	353.9	353.7	354.9	354.9	354.5	360.3	98.7	139.1	41.6	48.4	355.1	355.0	44.0	52.4	4.8	38.2	0.0	4.8	.Autoclave.Outputs.PRESSIP\OutputValue	-6.0	1.7	0.3	-1.0	0.0	-1.0	-1.0	-1.0	0.0	0.0	0.0	-1.0	-1.0	0.0	0.0	0.0	-1.0	0.0
05:00:29	140.1	352.9	353.2	353.5	354.2	353.9	353.9	354.5	354.5	354.6	0.5	0.3	0.7	44.6	-0.4	0.7	0.3	354.6	352.9	0.2	-0.1	353.9	353.7	355.2	355.3	354.5	360.1	98.7	140.1	42.6	47.4	354.9	355.0	44.0	53.7	4.8	38.2	0.0	7.3	.Autoclave.Outputs.PRESSIP\OutputValue	-6.0	1.7	0.6	-1.0	0.0	-1.0	-1.0	-1.0	0.0	0.0	0.0	-1.0	-1.0	0.0	0.0	0.0	-1.0	0.0
05:01:29	141.1	352.8	353.1	353.5	354.3	353.9	353.9	354.6	354.5	354.5	0.5	0.3	0.1	44.6	-0.4	0.5	0.1	354.6	352.8	0.0	-1.2	353.9	353.7	355.2	355.2	354.7	360.1	98.7	141.1	43.6	46.4	355.5	355.0	44.0	53.6	4.8	38.0	0.0	7.2	.Autoclave.Outputs.PRESSIP\OutputValue	-6.0	1.8	0.6	-1.0	0.0	-1.0	-1.0	-1.0	0.0	0.0	0.0	-1.0	-1.0	0.0	0.0	0.0	-1.0	0.0
05:02:29	142.1	352.9	353.3	353.5	354.4	353.9	353.9	354.7	354.5	354.5	0.5	0.3	0.7	44.6	-0.4	0.7	0.3	354.7	352.9	0.1	-0.2	353.9	353.8	355.3	355.2	354.5	360.5	98.9	142.1	44.6	45.4	355.4	355.0	44.0	53.0	4.9	38.2	0.0	6.0	.Autoclave.Outputs.PRESSIP\OutputValue	-6.0	1.8	0.6	-1.0	0.0	-1.0	-1.0	-1.0	0.0	0.0	0.0	-1.0	-1.0	0.0	0.0	0.0	-1.0	0.0
05:03:29	143.1	352.9	353.2	353.5	354.4	354.2	354.1	354.5	354.3	354.7	0.5	0.3	0.5	44.6	-0.4	0.5	0.3	354.7	352.9	0.6	-0.2	354.0	353.8	355.3	355.3	354.6	360.3	98.8	143.1	45.6	44.4	355.1	355.0	44.0	51.8	4.9	38.0	0.0	3.6	.Autoclave.Outputs.PRESSIP\OutputValue	-6.0	1.8	0.6	-1.0	0.0	-1.0	-1.0	-1.0	0.0	0.0	0.0	-1.0	-1.0	0.0	0.0	0.0	-1.0	0.0
05:04:29	144.1	353.0	353.0	353.6	354.3	353.9	354.0	354.4	354.4	354.4	0.5	0.3	0.3	44.6	-0.4	0.5	0.3	354.4	353.0	0.2	-0.6	353.9	353.7	355.4	355.4	354.6	360.4	99.0	144.1	46.6	43.4	355.5	355.0	44.0	54.5	4.9	38.0	0.0	8.9	.Autoclave.Outputs.PRESSIP\OutputValue	-6.0	1.4	1.0	-1.0	0.0	-1.0	-1.0	-1.0	0.0	0.0	0.0	-1.0	-1.0	0.0	0.0	0.0	-1.0	0.0
05:05:29	145.1	352.8	353.0	353.5	354.3	354.1	353.9	354.5	354.4	354.4	0.5	0.3	0.3	44.6	-0.4	0.5	0.3	354.5	352.8	0.4	-0.3	353.9	353.6	355.3	355.4	354.6	360.2	99.1	145.1	47.6	42.4	355.3	355.0	44.0	54.3	4.9	38.2	0.0	8.6	.Autoclave.Outputs.PRESSIP\OutputValue	-6.0	1.7	0.8	-1.0	0.0	-1.0	-1.0	-1.0	0.0	0.0	0.0	-1.0	-1.0	0.0	0.0	0.0	-1.0	0.0
05:06:29	146.1	352.7	353.2	353.6	354.5	354.1	354.0	354.4	354.7	354.8	0.5	0.4	0.4	44.6	-0.4	0.5	0.4	354.8	352.7	0.2	-0.2	354.0	353.7	355.4	355.4	354.6	360.7	99.1	146.1	48.6	41.4	355.4	355.0	44.0	54.5	4.9	37.8	0.0	9.0	.Autoclave.Outputs.PRESSIP\OutputValue	-6.0	2.1	0.6	-1.0	0.0	-1.0	-1.0	-1.0	0.0	0.0	0.0	-1.0	-1.0	0.0	0.0	0.0	-1.0	0.0
05:07:29	147.1	352.8	353.1	353.5	354.4	354.2	354.0	354.4	354.9	354.6	0.5	0.4	0.7	44.6	-0.4	0.7	0.4	354.9	352.8	0.3	-0.1	354.0	353.8	355.4	355.4	354.6	360.5	99.2	147.1	49.6	40.4	355.5	355.0	44.0	54.3	4.9	38.0	0.0	8.7	.Autoclave.Outputs.PRESSIP\OutputValue	-6.0	2.1	0.5	-1.0	0.0	-1.0	-1.0	-1.0	0.0	0.0	0.0	-1.0	-1.0	0.0	0.0	0.0	-1.0	0.0
05:08:30	148.1	352.7	353.0	353.6	354.5	354.2	354.0	354.5	354.4	354.3	0.5	0.3	0.5	44.6	-0.4	0.5	0.3	354.5	352.7	0.1	-0.2	353.9	353.6	355.4	355.4	354.5	360.4	99.2	148.1	50.6	39.4	355.3	355.0	44.0	52.4	4.9	38.0	0.0	4.8	.Autoclave.Outputs.PRESSIP\OutputValue	-6.0	1.8	0.9	-1.0	0.0	-1.0	-1.0	-1.0	0.0	0.0	0.0	-1.0	-1.0	0.0	0.0	0.0	-1.0	0.0
05:09:30	149.1	352.9	353.0	353.6	354.4	354.1	354.0	354.4	354.3	354.5	0.5	0.3	0.4	44.6	-0.4	0.5	0.3	354.5	352.9	0.1	-0.3	353.9	353.7	355.4	355.4	354.6	360.4	99.3	149.1	51.6	38.4	355.5	355.0	44.0	53.7	4.9	37.8	0.0	7.4	.Autoclave.Outputs.PRESSIP\OutputValue	-6.0	1.6	0.9	-1.0	0.0	-1.0	-1.0	-1.0	0.0	0.0	0.0	-1.0	-1.0	0.0	0.0	0.0	-1.0	0.0
05:10:29	150.1	352.9	353.1	353.7	354.5	354.2	354.1	354.5	354.7	354.5	0.5	0.3	0.5	44.6	-0.4	0.5	0.3	354.7	352.9	0.4	-0.2	354.0	353.8	355.4	355.4	354.5	360.3	99.1	150.1	52.6	37.4	355.3	355.0	44.0	52.4	4.9	37.8	0.0	4.9	.Autoclave.Outputs.PRESSIP\OutputValue	-6.0	1.8	0.7	-1.0	0.0	-1.0	-1.0	-1.0	0.0	0.0	0.0	-1.0	-1.0	0.0	0.0	0.0	-1.0	0.0
05:11:29	151.1	352.7	353.1	353.7	354.5	354.3	354.1	354.5	354.4	354.6	0.5	0.3	0.4	44.6	-0.4	0.5	0.3	354.6	352.7	0.1	-0.2	354.0	353.6	355.4	355.4	354.6	360.3	99.2	151.1	53.6	36.4	355.0	355.0	44.0	50.5	5.0	37.8	0.0	1.1	.Autoclave.Outputs.PRESSIP\OutputValue	-6.0	1.9	0.8	-1.0	0.0	-1.0	-1.0	-1.0	0.0	0.0	0.0	-1.0	-1.0	0.0	0.0	0.0	-1.0	0.0
05:12:29	152.1	352.8	352.9	353.8	354.6	354.3	354.0	354.5	354.5	354.5	0.5	0.4	0.5	44.6	-0.4	0.5	0.4	354.6	352.8	0.3	-0.1	354.0	353.7	355.3	355.4	354.6	360.4	99.1	152.1	54.6	35.4	355.3	355.0	44.0	53.8	5.0	37.8	0.0	7.6	.Autoclave.Outputs.PRESSIP\OutputValue	-6.0	1.8	0.7	-1.0	0.0	-1.0	-1.0	-1.0	0.0	0.0	0.0	-1.0	-1.0	0.0	0.0	0.0	-1.0	0.0
05:13:29	153.1	352.8	353.2	353.7	354.5	354.3	354.1	354.5	354.3	354.3	0.5	0.2	0.2	44.6	-0.4	0.5	0.2	354.5	352.8	0.3	-0.1	354.0	353.6	355.2	355.3	354.5	360.1	99.3	153.1	55.6	34.4	355.3	355.0	44.0	54.4	5.0	38.0	0.0	8.8	.Autoclave.Outputs.PRESSIP\OutputValue	-6.0	1.7	0.7	-1.0	0.0	-1.0	-1.0	-1.0	0.0	0.0	0.0	-1.0	-1.0	0.0	0.0	0.0	-1.0	0.0
05:14:29	154.1	352.7	353.0	353.5	354.6	354.3	354.1	354.4	354.6	354.7	0.5	0.2	0.4	44.6	-0.4	0.5	0.2	354.7	352.7	0.1	-0.2	354.0	353.7	355.3	355.3	354.6	360.5	99.3	154.1	56.6	33.4	355.3	355.0	44.0	53.1	5.0	37.6	0.0	6.3	.Autoclave.Outputs.PRESSIP\OutputValue	-6.0	2.0	0.6	-1.0	0.0	-1.0	-1.0	-1.0	0.0	0.0	0.0	-1.0	-1.0	0.0	0.0	0.0	-1.0	0.0
05:15:29	155.1	352.8	353.1	353.7	354.5	354.3	354.1	354.4	354.3	354.6	0.5	0.3	0.4	44.6	-0.4	0.5	0.3	354.6	352.8	0.6	-0.1	354.0	353.7	355.3	355.3	354.5	360.1	99.4	155.1	57.6	32.4	355.3	355.0	44.0	53.8	5.0	37.8	0.0	7.6	.Autoclave.Outputs.PRESSIP\OutputValue	-6.0	1.8	0.7	-1.0	0.0	-1.0	-1.0	-1.0	0.0	0.0	0.0	-1.0	-1.0	0.0	0.0	0.0	-1.0	0.0
05:16:29	156.1	352.8	353.1	353.6	354.6	354.4	354.1	354.6	354.5	354.7	0.5	0.3	0.4	44.6	-0.4	0.5	0.3	354.7	352.8	0.1	-0.9	354.0	353.7	355.3	355.3	354.5	360.5	99.4	156.1	58.6	31.4	355.3	355.0	44.0	53.7	5.0	37.6	0.0	7.5	.Autoclave.Outputs.PRESSIP\OutputValue	-6.0	1.9	0.6	-1.0	0.0	-1.0	-1.0	-1.0	0.0	0.0	0.0	-1.0	-1.0	0.0	0.0	0.0	-1.0	0.0
05:17:29	157.1	352.6	353.0	353.6	354.6	354.4	354.1	354.6	353.9	354.6	0.5	0.4	0.2	44.6	-0.4	0.5	0.2	354.6	352.6	0.3	-0.1	353.9	353.6	355.2	355.2	354.4	360.0	99.5	157.1	59.6	30.4	355.3	355.0	44.0	53.8	5.0	37.6	0.0	7.7	.Autoclave.Outputs.PRESSIP\OutputValue	-6.0	2.0	0.6	-1.0	0.0	-1.0	-1.0	-1.0	0.0	0.0	0.0	-1.0	-1.0	0.0	0.0	0.0	-1.0	0.0
05:18:29	158.1	352.6	352.9	353.6	354.6	354.3	354.1	354.5	354.4	354.6	0.5	0.3	0.3	44.6	-0.4	0.5	0.3	354.6	352.6	0.1	-0.3	353.9	353.6	355.2	355.2	354.5	360.3	99.5	158.1	60.6	29.4	355.3	355.0	44.0	53.8	5.0	37.6	0.0	7.5	.Autoclave.Outputs.PRESSIP\OutputValue	-6.0	2.0	0.6	-1.0	0.0	-1.0	-1.0	-1.0	0.0	0.0	0.0	-1.0	-1.0	0.0	0.0	0.0	-1.0	0.0
05:19:29	159.1	352.6	352.8	353.7	354.7	354.4	354.1	354.4	354.4	354.5	0.5	0.3	0.4	44.6	-0.4	0.5	0.3	354.7	352.6	0.4	-0.2	353.9	353.6	355.2	355.2	354.4	360.0	99.5	159.1	61.6	28.4	355.4	355.0	44.0	54.4	5.0	37.8	0.0	8.9	.Autoclave.Outputs.PRESSIP\OutputValue	-6.0	2.1	0.5	-1.0	0.0	-1.0	-1.0	-1.0	0.0	0.0	0.0	-1.0	-1.0	0.0	0.0	0.0	-1.0	0.0
05:20:29	160.1	352.6	352.8	353.8	354.6	354.4	354.1	354.5	354.3	354.6	0.5	0.3	0.3	44.6	-0.4	0.5	0.3	354.6	352.6	0.1	-0.3	354.0	353.6	355.3	355.3	354.5	360.4	99.4	160.1	62.6	27.4	355.4	355.0	44.0	53.2	5.0	37.8	0.0	6.4	.Autoclave.Outputs.PRESSIP\OutputValue	-6.0	2.0	0.7	-1.0	0.0	-1.0	-1.0	-1.0	0.0	0.0	0.0	-1.0	-1.0	0.0	0.0	0.0	-1.0	0.0
05:21:29	161.1	352.6	353.1	353.3	354.6	354.4	354.1	354.4	354.7	354.7	0.5	0.3	0.2	44.6	-0.4	0.5	0.2	354.7	352.6	0.1	0.0	354.0	353.6	355.2	355.2	354.5	360.5	99.6	161.1	63.6	26.4	355.3	355.0	44.0	53.1	5.0	37.6	0.0	6.2	.Autoclave.Outputs.PRESSIP\OutputValue	-6.0	2.1	0.5	-1.0	0.0	-1.0	-1.0	-1.0	0.0	0.0	0.0	-1.0	-1.0	0.0	0.0	0.0	-1.0	0.0
05:22:29	162.1	352.6	353.2	353.6	354.7	354.4	354.0	354.4	354.0	354.7	0.5	0.3	0.9	44.6	-0.4	0.9	0.3	354.7	352.6	0.1	-0.1	353.9	353.6	355.2	355.2	354.5	360.3	99.6	162.1	64.6	25.4	355.3	355.0	44.0	53.8	5.0	37.6	0.0	7.6	.Autoclave.Outputs.PRESSIP\OutputValue	-6.0	2.1	0.5	-1.0	0.0	-1.0	-1.0	-1.0	0.0	0.0	0.0	-1.0	-1.0	0.0	0.0	0.0	-1.0	0.0
05:23:29	163.1	352.6	353.2	353.5	354.7	354.4	354.1	354.5	354.4	354.6	0.5	0.3	0.6	44.6	-0.4	0.6	0.3	354.7	352.6	0.3	-0.1	354.0	353.6	355.3	355.3	354.5	360.1	99.7	163.1	65.6	24.4	355.4	355.0	44.0	54.5	5.0	37.8	0.0	8.9	.Autoclave.Outputs.PRESSIP\OutputValue	-6.0	2.1	0.6	-1.0	0.0	-1.0	-1.0	-1.0	0.0	0.0	0.0	-1.0	-1.0	0.0	0.0	0.0	-1.0	0.0
05:24:29	164.1	352.6	352.9	353.6	354.8	354.3	354.1	354.5	354.1	354.7	0.5	0.3	0.4	44.6	-0.4	0.5	0.3	354.8	352.6	0.1	-0.2	353.9	353.7	355.3	355.3	354.5	360.2	99.7	164.1	66.6	23.4	355.3	355.0	44.0	53.1	5.1	37.6	0.0	6.3	.Autoclave.Outputs.PRESSIP\OutputValue	-6.0	2.2	0.5	-1.0	0.0	-1.0	-1.0	-1.0	0.0	0.0	0.0	-1.0	-1.0	0.0	0.0	0.0	-1.0	0.0
05:25:29	165.1	352.5	353.0	353.6	354.8	354.6	354.1	354.5	354.5	354.8	0.5	0.3	0.3	44.6	-0.4	0.5	0.3	354.8	352.5	0.2	-0.5	354.0	353.6	355.0	355.0	354.4	359.8	99.7	165.1	67.6	22.4	355.2	355.0	44.0	53.8	5.1	37.6	0.0	7.6	.Autoclave.Outputs.PRESSIP\OutputValue	-6.0	2.3	0.2	-1.0	0.0	-1.0	-1.0	-1.0	0.0	0.0	0.0	-1.0	-1.0	0.0	0.0	0.0	-1.0	0.0
05:26:29	166.1	352.6	352.9	353.6	354.8	354.4	354.1	354.6	354.6	354.6	0.5	0.3	0.8	44.6	-0.4	0.8	0.3	354.8	352.6	0.6	-0.2	354.0	353.7	355.1	355.1	354.3	359.9	99.7	166.1	68.6	21.4	355.3	355.0	44.0	54.5	5.1	37.8	0.0	9.0	.Autoclave.Outputs.PRESSIP\OutputValue	-6.0	2.2	0.3	-1.0	0.0	-1.0	-1.0	-1.0	0.0	0.0	0.0	-1.0	-1.0	0.0	0.0	0.0	-1.0	0.0
05:27:29	167.1	352.6	353.0	353.6	354.8	354.5	354.1	354.5	354.4	354.8	0.5	0.2	0.3	44.7	-0.4	0.5	0.2	354.8	352.6	0.3	-0.1	354.0	353.7	355.2	355.2	354.4	359.9	99.7	167.1	69.6	20.4	355.2	355.0	44.0	53.2	5.1	37.4	0.0	6.3	.Autoclave.Outputs.PRESSIP\OutputValue	-6.0	2.2	0.4	-1.0	0.0	-1.0	-1.0	-1.0	0.0	0.0	0.0	-1.0	-1.0	0.0	0.0	0.0	-1.0	0.0
05:28:29	168.1	352.5	353.0	353.8	354.8	354.5	354.2	354.6	354.5	354.7	0.5	0.3	0.2	44.7	-0.4	0.5	0.2	354.8	352.5	0.1	-0.3	354.1	353.6	355.1	355.2	354.3	360.1	99.7	168.1	70.6	19.4	355.2	355.0	44.0	53.3	5.1	37.0	0.0	6.7	.Autoclave.Outputs.PRESSIP\OutputValue	-6.0	2.3	0.3	-1.0	0.0	-1.0	-1.0	-1.0	0.0	0.0	0.0	-1.0	-1.0	0.0	0.0	0.0	-1.0	0.0
05:29:29	169.1	352.5	353.0	353.7	354.8	354.5	354.1	354.6	354.4	354.6	0.5	0.3	0.7	44.7	-0.4	0.7	0.3	354.8	352.5	0.3	-0.2	354.0	353.6	355.2	355.2	354.5	360.1	99.8	169.1	71.6	18.4	355.2	355.0	44.0	53.2	5.1	37.6	0.0	6.3	.Autoclave.Outputs.PRESSIP\OutputValue	-6.0	2.3	0.4	-1.0	0.0	-1.0	-1.0	-1.0	0.0	0.0	0.0	-1.0	-1.0	0.0	0.0	0.0	-1.0	0.0
05:30:29	170.1	352.2	352.7	353.4	354.7	354.4	354.1	354.5	354.3	354.6	0.5	0.3	0.3	44.7	-0.4	0.5	0.3	354.7	352.2	0.2	-0.4	353.9	353.4	355.2	355.2	354.5	360.7	99.7	170.1	72.6	17.4	355.4	355.0	44.0	54.5	5.1	37.4	0.0	9.0	.Autoclave.Outputs.PRESSIP\OutputValue	-6.0	2.5	0.5	-1.0	0.0	-1.0	-1.0	-1.0	0.0	0.0	0.0	-1.0	-1.0	0.0	0.0	0.0	-1.0	0.0
05:31:29	171.1	352.4	352.7	353.6	354.6	354.4	354.1	354.6	354.1	354.7	0.5	0.3	0.4	44.7	-0.4	0.5	0.3	354.7	352.4	0.3	-0.2	353.9	353.5	355.2	355.4	354.6	360.1	99.7	171.1	73.6	16.4	354.8	355.0	44.0	53.2	5.1	37.6	0.0	6.4	.Autoclave.Outputs.PRESSIP\OutputValue	-6.0	2.3	0.5	-1.0	0.0	-1.0	-1.0	-1.0	0.0	0.0	0.0	-1.0	-1.0	0.0	0.0	0.0	-1.0	0.0
05:32:29	172.1	352.5	352.9	353.6	354.6	354.4	354.1	354.6	354.5	354.6	0.5	0.3	0.8	44.6	-0.4	0.8	0.3	354.6	352.5	0.1	-0.1	354.0	353.5	355.2	355.2	354.4	360.2	99.7	172.1	74.6	15.4	355.3	355.0	44.0	53.9	5.1	37.4	0.0	7.7	.Autoclave.Outputs.PRESSIP\OutputValue	-6.0	2.1	0.6	-1.0	0.0	-1.0	-1.0	-1.0	0.0	0.0	0.0	-1.0	-1.0	0.0	0.0	0.0	-1.0	0.0
05:33:29	173.1	352.4	352.8	353.5	354.6	354.5	354.0	354.6	354.4	354.7	0.5	0.3	0.4	44.7	-0.4	0.5	0.3	354.7	352.4	0.2	-0.1	353.9	353.5	355.2	355.3	354.5	360.3	99.8	173.1	75.6	14.4	355.2	355.0	44.0	53.3	5.1	37.2	0.0	6.6	.Autoclave.Outputs.PRESSIP\OutputValue	-6.0	2.3	0.5	-1.0	0.0	-1.0	-1.0	-1.0	0.0	0.0	0.0	-1.0	-1.0	0.0	0.0	0.0	-1.0	0.0
05:34:29	174.1	352.5	353.1	353.6	354.6	354.4	354.1	354.6	354.5	354.9	0.5	0.3	0.4	44.7	-0.4	0.5	0.3	354.9	352.5	0.1	-0.3	354.0	353.7	355.1	355.2	354.4	360.2	99.7	174.1	76.6	13.4	355.3	355.0	44.0	53.9	5.1	37.0	0.0	7.7	.Autoclave.Outputs.PRESSIP\OutputValue	-6.0	2.4	0.2	-1.0	0.0	-1.0	-1.0	-1.0	0.0	0.0	0.0	-1.0	-1.0	0.0	0.0	0.0	-1.0	0.0
05:35:29	175.1	352.5	353.0	353.7	354.7	354.4	354.1	354.5	354.5	354.7	0.5	0.3	0.1	44.7	-0.4	0.5	0.1	354.7	352.5	0.3	-0.3	354.0	353.6	355.3	355.3	354.5	360.1	99.7	175.1	77.6	12.4	355.4	355.0	44.0	53.9	5.1	37.4	0.0	7.7	.Autoclave.Outputs.PRESSIP\OutputValue	-6.0	2.2	0.6	-1.0	0.0	-1.0	-1.0	-1.0	0.0	0.0	0.0	-1.0	-1.0	0.0	0.0	0.0	-1.0	0.0
05:36:29	176.1	352.4	352.9	353.6	354.7	354.5	354.1	354.5	354.4	354.6	0.5	0.3	0.4	44.6	-0.4	0.5	0.3	354.7	352.4	0.2	-0.2	354.0	353.5	355.2	355.1	354.5	360.1	99.7	176.1	78.6	11.4	355.2	355.0	44.0	52.7	5.1	37.2	0.0	5.4	.Autoclave.Outputs.PRESSIP\OutputValue	-6.0	2.3	0.5	-1.0	0.0	-1.0	-1.0	-1.0	0.0	0.0	0.0	-1.0	-1.0	0.0	0.0	0.0	-1.0	0.0
05:37:29	177.1	352.5	352.8	353.6	354.8	354.4	354.1	354.5	354.5	354.5	0.5	0.3	0.5	44.7	-0.4	0.5	0.3	354.8	352.5	0.2	-0.2	354.0	353.6	355.2	355.2	354.5	360.1	100.0	177.1	79.6	10.4	355.3	355.0	44.0	54.0	5.1	37.2	0.0	7.9	.Autoclave.Outputs.PRESSIP\OutputValue	-6.0	2.3	0.4	-1.0	0.0	-1.0	-1.0	-1.0	0.0	0.0	0.0	-1.0	-1.0	0.0	0.0	0.0	-1.0	0.0
05:38:29	178.1	352.5	352.9	353.6	354.7	354.4	354.0	354.5	354.5	354.5	0.5	0.3	0.2	44.7	-0.4	0.5	0.2	354.7	352.5	0.2	-0.1	353.9	353.6	355.2	355.2	354.4	360.3	99.9	178.1	80.6	9.4	355.2	355.0	44.0	53.2	5.1	36.8	0.0	6.4	.Autoclave.Outputs.PRESSIP\OutputValue	-6.0	2.2	0.5	-1.0	0.0	-1.0	-1.0	-1.0	0.0	0.0	0.0	-1.0	-1.0	0.0	0.0	0.0	-1.0	0.0
05:39:29	179.1	352.6	352.7	353.6	354.7	354.4	354.1	354.5	354.4	354.6	0.5	0.3	0.1	44.7	-0.4	0.5	0.1	354.7	352.6	0.3	-0.2	353.9	353.6	355.3	355.3	354.5	360.0	99.9	179.1	81.6	8.4	355.3	355.0	44.0	54.0	5.1	37.0	0.0	8.0	.Autoclave.Outputs.PRESSIP\OutputValue	-6.0	2.1	0.6	-1.0	0.0	-1.0	-1.0	-1.0	0.0	0.0	0.0	-1.0	-1.0	0.0	0.0	0.0	-1.0	0.0
05:40:29	180.1	352.3	352.7	353.7	354.8	354.4	354.0	354.6	353.8	354.6	0.5	0.3	-0.1	44.7	-0.4	0.5	-0.1	354.8	352.3	0.2	-0.1	353.9	353.5	355.2	355.2	354.6	360.3	100.0	180.1	82.6	7.4	355.2	355.0	44.0	53.9	5.2	36.8	0.0	7.8	.Autoclave.Outputs.PRESSIP\OutputValue	-6.0	2.5	0.4	-1.0	0.0	-1.0	-1.0	-1.0	0.0	0.0	0.0	-1.0	-1.0	0.0	0.0	0.0	-1.0	0.0
05:41:29	181.1	352.3	352.9	353.5	354.7	354.6	354.1	354.4	354.4	354.6	0.5	0.3	0.1	44.7	-0.4	0.5	0.1	354.7	352.3	0.1	-0.2	353.9	353.5	355.2	355.2	354.3	360.0	99.9	181.1	83.6	6.4	355.2	355.0	44.0	53.2	5.2	37.2	0.0	6.5	.Autoclave.Outputs.PRESSIP\OutputValue	-6.0	2.4	0.5	-1.0	0.0	-1.0	-1.0	-1.0	0.0	0.0	0.0	-1.0	-1.0	0.0	0.0	0.0	-1.0	0.0
05:42:29	182.1	352.3	352.7	353.6	354.8	354.4	354.1	354.7	354.6	354.6	0.5	0.3	0.7	44.7	-0.4	0.7	0.3	354.8	352.3	0.1	-0.2	354.0	353.5	355.2	355.2	354.4	360.2	99.9	182.1	84.6	5.4	355.2	355.0	44.0	53.9	5.2	37.0	0.0	7.8	.Autoclave.Outputs.PRESSIP\OutputValue	-6.0	2.5	0.4	-1.0	0.0	-1.0	-1.0	-1.0	0.0	0.0	0.0	-1.0	-1.0	0.0	0.0	0.0	-1.0	0.0
05:43:29	183.1	352.3	352.9	353.5	354.8	354.3	354.1	354.6	353.6	354.5	0.5	0.3	0.2	44.7	-0.4	0.5	0.2	354.8	352.3	0.2	-0.1	353.8	353.5	355.2	355.2	354.4	360.1	99.8	183.1	85.6	4.4	355.3	355.0	44.0	53.9	5.2	37.2	0.0	7.8	.Autoclave.Outputs.PRESSIP\OutputValue	-6.0	2.5	0.4	-1.0	0.0	-1.0	-1.0	-1.0	0.0	0.0	0.0	-1.0	-1.0	0.0	0.0	0.0	-1.0	0.0
05:44:29	184.1	352.1	352.7	353.5	354.8	354.5	354.0	354.6	353.9	354.4	0.5	0.3	0.1	44.7	-0.4	0.5	0.1	354.8	352.1	0.2	-0.3	353.8	353.4	355.2	355.2	354.5	360.1	99.9	184.1	86.6	3.4	355.2	355.0	44.0	53.3	5.2	37.2	0.0	6.5	.Autoclave.Outputs.PRESSIP\OutputValue	-6.0	2.7	0.4	-1.0	0.0	-1.0	-1.0	-1.0	0.0	0.0	0.0	-1.0	-1.0	0.0	0.0	0.0	-1.0	0.0
05:45:29	185.1	352.5	352.7	353.7	354.8	354.5	354.0	354.7	354.5	354.6	0.5	0.3	0.2	44.7	-0.4	0.5	0.2	354.8	352.5	0.3	-0.3	354.0	353.6	355.2	355.2	354.4	360.0	99.9	185.1	87.6	2.4	355.2	355.0	44.0	53.3	5.2	37.2	0.0	6.5	.Autoclave.Outputs.PRESSIP\OutputValue	-6.0	2.3	0.4	-1.0	0.0	-1.0	-1.0	-1.0	0.0	0.0	0.0	-1.0	-1.0	0.0	0.0	0.0	-1.0	0.0
05:46:29	186.1	352.4	352.8	353.7	354.8	354.4	354.0	354.7	354.4	354.6	0.5	0.3	0.2	44.7	-0.4	0.5	0.2	354.8	352.4	0.1	-0.1	354.0	353.6	355.1	355.1	354.5	360.1	99.9	186.1	88.6	1.4	355.2	355.0	44.0	53.3	5.2	37.0	0.0	6.5	.Autoclave.Outputs.PRESSIP\OutputValue	-6.0	2.4	0.3	-1.0	0.0	-1.0	-1.0	-1.0	0.0	0.0	0.0	-1.0	-1.0	0.0	0.0	0.0	-1.0	0.0
05:47:29	187.1	352.3	352.9	353.6	354.7	354.4	353.9	354.6	354.4	354.6	0.5	0.3	0.4	44.7	-0.4	0.5	0.3	354.7	352.3	0.1	-0.1	353.9	353.5	355.1	355.2	354.5	360.2	100.0	187.1	89.6	0.4	355.1	355.0	44.0	53.9	5.2	37.2	0.0	7.9	.Autoclave.Outputs.PRESSIP\OutputValue	-6.0	2.4	0.4	-1.0	0.0	-1.0	-1.0	-1.0	0.0	0.0	0.0	-1.0	-1.0	0.0	0.0	0.0	-1.0	0.0
05:47:55	187.5	352.5	353.0	353.5	354.7	354.4	354.0	354.6	354.4	354.6	0.5	0.3	0.4	44.7	-0.4	0.5	0.3	354.7	352.5	0.1	-0.1	354.0	353.6	355.3	355.3	354.5	360.3	100.1	187.5	90.0	0.0	355.2	355.0	44.0	53.3	5.2	36.8	0.0	6.5	.Autoclave.Outputs.PRESSIP\OutputValue	-6.0	2.2	0.5	-1.0	0.0	-1.0	-1.0	-1.0	0.0	0.0	0.0	-1.0	-1.0	0.0	0.0	0.0	-1.0	0.0
05:48:29	188.1	351.9	352.5	353.1	354.8	354.3	353.8	353.6	352.3	353.8	0.4	0.3	0.3	43.5	-0.4	0.4	0.3	354.8	351.9	0.2	-0.2	353.3	353.3	350.1	350.1	349.3	330.5	99.9	188.1	0.6	0.0	352.4	352.4	44.0	63.5	5.2	49.6	0.0	27.0	.Autoclave.Outputs.PRESSIP\OutputValue	-5.9	2.9	-4.7	-1.0	0.0	-1.0	-1.0	-1.0	0.0	0.0	0.0	-1.0	-1.0	0.0	0.0	0.0	-1.0	0.0
05:49:29	189.1	350.3	351.5	350.4	353.6	352.6	351.1	351.7	350.6	352.3	0.4	0.2	0.4	44.3	-0.4	0.4	0.2	353.6	350.3	-1.1	-3.7	351.6	351.9	345.5	345.5	344.7	352.7	100.1	189.1	1.6	0.0	348.0	347.9	44.0	70.4	5.6	41.6	0.0	40.7	.Autoclave.Outputs.PRESSIP\OutputValue	-5.8	3.3	-8.1	-1.0	0.0	-1.0	-1.0	-1.0	0.0	0.0	0.0	-1.0	-1.0	0.0	0.0	0.0	-1.0	0.0
05:50:29	190.1	349.0	350.7	349.0	353.3	352.1	350.2	349.4	347.8	350.6	0.4	0.2	0.2	43.9	-0.4	0.4	0.2	353.3	347.8	-0.3	-2.3	350.2	350.5	338.4	338.4	337.7	322.5	100.2	190.1	2.6	0.0	343.4	343.4	44.0	85.7	5.7	45.5	0.0	71.4	.Autoclave.Outputs.PRESSIP\OutputValue	-5.6	5.5	-14.9	-1.0	0.0	-1.0	-1.0	-1.0	0.0	0.0	0.0	-1.0	-1.0	0.0	0.0	0.0	-1.0	0.0
05:51:29	191.1	347.7	349.2	346.6	352.0	350.2	347.7	347.7	346.0	348.9	0.4	0.2	0.3	44.6	-0.4	0.4	0.2	352.0	346.0	-1.4	-3.1	348.4	349.0	337.7	337.7	337.1	343.3	100.2	191.1	3.6	0.0	339.0	338.9	44.0	62.9	6.1	38.3	0.0	25.7	.Autoclave.Outputs.PRESSIP\OutputValue	-6.0	6.0	-14.3	-1.0	0.0	-1.0	-1.0	-1.0	0.0	0.0	0.0	-1.0	-1.0	0.0	0.0	0.0	-1.0	0.0
05:52:29	192.1	345.7	348.1	344.2	351.1	349.1	345.9	344.1	341.8	345.9	0.4	0.2	0.4	43.5	-0.4	0.4	0.2	351.1	341.8	-0.6	-4.1	346.2	346.4	329.3	329.3	328.5	317.7	99.9	192.1	4.6	0.0	334.5	334.4	44.0	87.7	6.2	49.2	0.0	75.4	.Autoclave.Outputs.PRESSIP\OutputValue	-5.6	9.3	-21.9	-1.0	0.0	-1.0	-1.0	-1.0	0.0	0.0	0.0	-1.0	-1.0	0.0	0.0	0.0	-1.0	0.0
05:53:29	193.1	344.0	345.8	342.1	349.7	347.1	343.5	342.5	339.9	344.6	0.4	0.3	0.2	44.1	-0.4	0.4	0.2	349.7	339.9	-1.7	-2.8	344.3	344.8	329.8	329.8	329.0	334.2	100.1	193.1	5.6	0.0	330.0	329.9	44.0	56.7	6.6	43.8	0.0	13.5	.Autoclave.Outputs.PRESSIP\OutputValue	-5.4	9.8	-20.0	-1.0	0.0	-1.0	-1.0	-1.0	0.0	0.0	0.0	-1.0	-1.0	0.0	0.0	0.0	-1.0	0.0
05:54:29	194.1	341.5	344.0	338.8	348.2	345.6	340.8	338.3	335.4	340.8	0.3	0.2	0.3	44.2	-0.4	0.3	0.2	348.2	335.4	-1.3	-4.7	341.5	341.8	320.2	320.2	319.4	318.0	100.3	194.1	6.6	0.0	325.4	325.4	44.0	90.1	6.7	43.5	0.0	80.2	.Autoclave.Outputs.PRESSIP\OutputValue	-5.0	12.8	-28.1	-1.0	0.0	-1.0	-1.0	-1.0	0.0	0.0	0.0	-1.0	-1.0	0.0	0.0	0.0	-1.0	0.0
05:55:29	195.1	340.2	341.9	337.3	346.9	343.7	338.8	336.5	334.0	339.6	0.3	0.2	0.2	44.2	-0.4	0.3	0.2	346.9	334.0	-1.0	-2.1	339.9	340.4	321.9	322.0	321.2	324.1	100.2	195.1	7.6	0.0	320.9	320.9	44.0	49.0	6.9	42.0	0.0	0.0	.Autoclave.Outputs.PRESSIP\OutputValue	-5.5	12.9	-25.1	-1.0	0.0	-1.0	-1.0	-1.0	0.0	0.0	0.0	-1.0	-1.0	0.0	0.0	0.0	-1.0	0.0
05:56:01	195.6	338.3	340.6	335.4	345.9	342.8	337.2	333.6	330.1	337.0	0.3	0.2	0.3	43.3	-0.4	0.3	0.2	345.9	330.1	-1.5	-3.8	337.9	338.0	315.4	315.2	314.4	301.3	100.1	195.6	8.1	0.0	318.6	318.6	44.0	76.8	6.9	51.6	0.0	53.6	.Autoclave.Outputs.PRESSIP\OutputValue	-5.1	15.8	-30.8	-1.0	0.0	-1.0	-1.0	-1.0	0.0	0.0	0.0	-1.0	-1.0	0.0	0.0	0.0	-1.0	0.0
05:56:29	196.1	337.3	339.3	333.7	344.7	341.4	335.0	332.2	328.4	335.2	0.3	0.2	0.4	43.8	-0.4	0.4	0.2	344.7	328.4	-2.1	-5.3	336.3	336.5	312.9	312.9	312.2	314.1	100.2	196.1	0.5	0.0	316.4	316.4	44.0	79.3	7.1	47.5	0.0	58.6	.Autoclave.Outputs.PRESSIP\OutputValue	-4.7	16.3	-31.9	-1.0	0.0	-1.0	-1.0	-1.0	0.0	0.0	0.0	-1.0	-1.0	0.0	0.0	0.0	-1.0	0.0
05:57:29	197.1	335.6	337.1	331.8	343.3	339.5	333.2	329.9	326.2	333.3	0.3	0.2	0.0	43.1	-0.4	0.3	0.0	343.3	326.2	-1.7	-2.4	334.4	334.7	313.0	313.0	312.2	302.5	100.0	197.1	1.5	0.0	311.9	311.9	44.0	48.0	7.2	54.6	-1.0	0.0	.Autoclave.Outputs.PRESSIP\OutputValue	-4.3	17.1	-30.4	-1.0	0.0	-1.0	-1.0	-1.0	0.0	0.0	0.0	-1.0	-1.0	0.0	0.0	0.0	-1.0	0.0
05:58:29	198.1	332.3	334.4	328.1	341.0	336.8	329.5	325.6	321.6	329.4	0.3	0.1	0.1	44.3	-0.4	0.3	0.1	341.0	321.6	-2.0	-5.1	331.0	331.3	305.8	305.8	305.2	307.7	100.3	198.1	2.5	0.0	307.4	307.4	44.0	66.3	7.5	43.1	0.0	32.5	.Autoclave.Outputs.PRESSIP\OutputValue	-4.3	19.4	-35.2	-1.0	0.0	-1.0	-1.0	-1.0	0.0	0.0	0.0	-1.0	-1.0	0.0	0.0	0.0	-1.0	0.0
05:59:29	199.1	329.4	331.9	325.1	339.3	334.9	326.7	321.4	316.9	325.6	0.2	0.1	-0.1	43.4	-0.4	0.2	-0.1	339.3	316.9	-1.9	-3.8	327.9	328.1	299.3	299.2	298.5	286.4	100.1	199.1	3.5	0.0	302.9	302.9	44.0	79.7	7.5	52.5	0.0	59.4	.Autoclave.Outputs.PRESSIP\OutputValue	-4.1	22.4	-40.0	-1.0	0.0	-1.0	-1.0	-1.0	0.0	0.0	0.0	-1.0	-1.0	0.0	0.0	0.0	-1.0	0.0
06:00:29	200.1	327.0	328.9	322.3	337.0	332.1	323.1	318.5	314.4	323.0	0.2	0.2	0.5	43.7	-0.4	0.5	0.2	337.0	314.4	-2.5	-4.0	325.1	325.7	298.7	298.6	298.0	299.4	100.2	200.1	4.5	0.0	298.4	298.4	44.0	53.9	7.8	48.9	0.0	7.8	.Autoclave.Outputs.PRESSIP\OutputValue	-3.5	22.6	-38.3	-1.0	0.0	-1.0	-1.0	-1.0	0.0	0.0	0.0	-1.0	-1.0	0.0	0.0	0.0	-1.0	0.0
06:01:29	201.1	323.5	325.9	318.2	334.6	329.6	319.7	313.8	308.6	318.7	0.2	0.1	0.5	44.1	-0.4	0.5	0.1	334.6	308.6	-2.3	-5.2	321.4	321.6	290.5	290.6	289.9	287.8	100.2	201.1	5.5	0.0	294.0	293.9	44.0	78.8	7.8	46.1	0.0	57.5	.Autoclave.Outputs.PRESSIP\OutputValue	-2.9	26.0	-44.1	-1.0	0.0	-1.0	-1.0	-1.0	0.0	0.0	0.0	-1.0	-1.0	0.0	0.0	0.0	-1.0	0.0
06:02:29	202.1	321.1	323.1	315.8	332.2	327.0	316.9	310.9	306.4	316.1	0.2	0.1	-0.3	43.8	-0.4	0.2	-0.3	332.2	306.4	-2.2	-3.1	318.8	319.3	290.5	290.5	289.7	285.1	100.3	202.1	6.5	0.0	289.5	289.4	44.0	48.9	7.9	48.5	-1.0	0.0	.Autoclave.Outputs.PRESSIP\OutputValue	-3.2	25.8	-41.7	-1.0	0.0	-1.0	-1.0	-1.0	0.0	0.0	0.0	-1.0	-1.0	0.0	0.0	0.0	-1.0	0.0
06:03:29	203.1	317.5	319.2	311.8	329.4	324.0	312.5	306.3	301.6	311.5	0.2	0.1	0.3	43.8	-0.4	0.3	0.1	329.4	301.6	-2.8	-5.6	314.9	315.5	283.6	283.6	282.9	285.6	100.4	203.1	7.5	0.0	285.0	284.9	44.0	65.1	8.1	50.2	0.0	30.1	.Autoclave.Outputs.PRESSIP\OutputValue	-2.2	27.8	-45.8	-1.0	0.0	-1.0	-1.0	-1.0	0.0	0.0	0.0	-1.0	-1.0	0.0	0.0	0.0	-1.0	0.0
06:04:29	204.1	313.9	316.3	308.2	327.0	321.7	309.4	301.7	296.8	307.8	0.2	0.1	0.1	43.9	-0.4	0.2	0.1	327.0	296.8	-2.3	-4.5	311.4	311.9	277.1	277.0	276.3	269.2	100.5	204.1	8.5	0.0	280.4	280.4	44.0	78.4	8.1	49.3	0.0	56.8	.Autoclave.Outputs.PRESSIP\OutputValue	-1.5	30.2	-49.9	-1.0	0.0	-1.0	-1.0	-1.0	0.0	0.0	0.0	-1.0	-1.0	0.0	0.0	0.0	-1.0	0.0
06:05:29	205.1	311.1	312.6	305.3	324.2	318.9	305.8	298.6	293.8	304.7	0.1	0.1	0.1	44.1	-0.4	0.1	0.1	324.2	293.8	-2.8	-3.8	308.3	309.0	277.3	277.3	276.5	276.0	100.4	205.1	9.5	0.0	276.0	275.9	44.0	47.3	8.3	47.5	-1.0	0.0	.Autoclave.Outputs.PRESSIP\OutputValue	-1.8	30.4	-46.9	-1.0	0.0	-1.0	-1.0	-1.0	0.0	0.0	0.0	-1.0	-1.0	0.0	0.0	0.0	-1.0	0.0
06:06:29	206.1	307.4	309.2	301.2	321.2	315.2	301.3	294.0	288.9	300.0	0.1	0.1	0.2	43.8	-0.4	0.2	0.1	321.2	288.9	-3.2	-5.3	304.3	305.0	270.2	270.3	269.5	272.3	100.6	206.1	10.5	0.0	271.4	271.4	44.0	64.7	8.4	51.1	0.0	29.3	.Autoclave.Outputs.PRESSIP\OutputValue	-0.9	32.4	-51.0	-1.0	0.0	-1.0	-1.0	-1.0	0.0	0.0	0.0	-1.0	-1.0	0.0	0.0	0.0	-1.0	0.0
06:07:29	207.1	303.9	305.5	297.4	318.7	311.8	297.6	289.4	284.3	295.9	0.1	0.1	0.1	44.2	-0.4	0.1	0.1	318.7	284.3	-2.4	-5.7	300.5	301.5	264.4	264.5	263.8	262.4	100.8	207.1	11.5	0.0	267.0	266.9	44.0	73.5	8.5	47.5	0.0	47.1	.Autoclave.Outputs.PRESSIP\OutputValue	-0.4	34.5	-54.3	-1.0	0.0	-1.0	-1.0	-1.0	0.0	0.0	0.0	-1.0	-1.0	0.0	0.0	0.0	-1.0	0.0
06:08:29	208.1	300.5	302.1	294.1	315.8	309.0	294.2	285.6	278.9	292.1	0.1	0.1	-0.1	43.3	-0.4	0.1	-0.1	315.8	278.9	-2.9	-3.8	296.9	297.3	261.7	261.7	261.1	246.5	100.2	208.1	12.5	0.0	262.5	262.4	44.0	58.8	8.5	56.1	0.0	17.7	.Autoclave.Outputs.PRESSIP\OutputValue	-0.5	37.0	-54.1	-1.0	0.0	-1.0	-1.0	-1.0	0.0	0.0	0.0	-1.0	-1.0	0.0	0.0	0.0	-1.0	0.0
06:09:29	209.1	297.1	298.5	290.5	312.5	305.5	290.2	281.5	277.2	288.6	0.1	0.1	0.5	43.8	-0.4	0.5	0.1	312.5	277.2	-3.3	-4.4	293.5	294.8	259.1	259.1	258.4	259.1	100.4	209.1	13.5	0.0	258.0	257.9	44.0	49.0	8.6	52.1	-1.0	0.0	.Autoclave.Outputs.PRESSIP\OutputValue	0.0	35.4	-53.4	-1.0	0.0	-1.0	-1.0	-1.0	0.0	0.0	0.0	-1.0	-1.0	0.0	0.0	0.0	-1.0	0.0
06:10:29	210.1	293.0	294.5	286.4	309.3	302.4	285.7	276.8	271.5	283.8	0.1	0.1	0.2	44.3	-0.4	0.2	0.1	309.3	271.5	-2.9	-5.6	289.3	290.4	252.3	252.3	251.6	253.2	100.6	210.1	14.5	0.0	253.5	253.4	44.0	65.1	8.7	47.4	0.0	30.2	.Autoclave.Outputs.PRESSIP\OutputValue	0.4	37.9	-57.0	-1.0	0.0	-1.0	-1.0	-1.0	0.0	0.0	0.0	-1.0	-1.0	0.0	0.0	0.0	-1.0	0.0
06:11:29	211.1	289.1	290.6	282.7	305.8	299.1	281.6	271.9	266.6	279.5	0.1	0.1	0.5	43.6	-0.4	0.5	0.1	305.8	266.6	-3.2	-4.7	285.2	286.2	246.6	246.5	245.8	240.2	100.6	211.1	15.5	0.0	249.0	248.9	44.0	72.4	8.7	54.6	0.0	44.8	.Autoclave.Outputs.PRESSIP\OutputValue	0.7	39.3	-59.2	-1.0	0.0	-1.0	-1.0	-1.0	0.0	0.0	0.0	-1.0	-1.0	0.0	0.0	0.0	-1.0	0.0
06:12:29	212.1	285.8	286.7	279.1	302.9	295.7	277.9	268.5	263.3	275.9	0.1	0.1	0.1	43.1	-0.4	0.1	0.1	302.9	263.3	-3.4	-4.5	281.8	283.1	244.7	244.7	243.9	232.6	100.4	212.1	16.5	0.0	244.4	244.4	44.0	53.7	8.7	60.5	0.0	7.4	.Autoclave.Outputs.PRESSIP\OutputValue	1.3	39.7	-58.2	-1.0	0.0	-1.0	-1.0	-1.0	0.0	0.0	0.0	-1.0	-1.0	0.0	0.0	0.0	-1.0	0.0
06:13:29	213.1	282.0	282.8	275.0	299.7	292.2	274.0	264.3	258.8	271.8	0.0	0.1	0.0	44.0	-0.4	0.1	0.0	299.7	258.8	-2.5	-4.4	277.9	279.2	241.4	241.3	240.5	238.9	100.9	213.1	17.5	0.0	239.9	239.9	44.0	47.1	8.8	51.0	-1.0	0.0	.Autoclave.Outputs.PRESSIP\OutputValue	1.2	41.0	-58.3	-1.0	0.0	-1.0	-1.0	-1.0	0.0	0.0	0.0	-1.0	-1.0	0.0	0.0	0.0	-1.0	0.0
06:14:29	214.1	277.8	278.7	270.7	296.0	288.7	269.2	259.7	254.3	267.4	0.0	0.1	0.0	43.8	-0.4	0.1	0.0	296.0	254.3	-3.7	-4.9	273.6	275.1	235.6	235.6	234.9	236.7	100.8	214.1	18.5	0.0	235.5	235.4	44.0	55.4	8.8	54.1	0.0	10.7	.Autoclave.Outputs.PRESSIP\OutputValue	2.0	41.8	-60.4	-1.0	0.0	-1.0	-1.0	-1.0	0.0	0.0	0.0	-1.0	-1.0	0.0	0.0	0.0	-1.0	0.0
06:15:29	215.1	273.5	274.6	266.8	292.8	285.0	265.0	254.7	249.7	262.8	0.0	0.1	0.3	44.1	-0.4	0.3	0.0	292.8	249.7	-3.3	-5.0	269.4	271.2	229.2	229.3	228.6	228.9	100.9	215.1	19.5	0.0	231.0	230.9	44.0	68.7	8.8	51.7	0.0	37.5	.Autoclave.Outputs.PRESSIP\OutputValue	2.7	43.2	-63.6	-1.0	0.0	-1.0	-1.0	-1.0	0.0	0.0	0.0	-1.0	-1.0	0.0	0.0	0.0	-1.0	0.0
06:16:29	216.1	269.5	270.7	263.1	289.0	281.4	260.9	250.1	244.5	258.1	0.0	0.1	-0.1	43.5	-0.4	0.1	-0.1	289.0	244.5	-3.5	-4.8	265.3	266.7	224.9	224.9	224.2	217.4	100.9	216.1	20.5	0.0	226.4	226.4	44.0	66.5	8.8	58.6	0.0	33.1	.Autoclave.Outputs.PRESSIP\OutputValue	3.1	44.6	-64.1	-1.0	0.0	-1.0	-1.0	-1.0	0.0	0.0	0.0	-1.0	-1.0	0.0	0.0	0.0	-1.0	0.0
06:17:29	217.1	266.0	266.6	260.0	285.7	277.9	256.9	246.3	241.1	254.6	0.0	0.1	0.3	43.3	-0.4	0.3	0.0	285.7	241.1	-3.5	-4.2	261.7	263.4	222.5	222.5	221.9	210.0	100.8	217.1	21.5	0.0	222.0	221.9	44.0	52.0	8.8	60.6	-1.0	4.0	.Autoclave.Outputs.PRESSIP\OutputValue	4.0	44.7	-63.2	-1.0	0.0	-1.0	-1.0	-1.0	0.0	0.0	0.0	-1.0	-1.0	0.0	0.0	0.0	-1.0	0.0
06:18:29	218.1	262.0	262.8	255.5	282.2	273.9	252.4	242.2	237.2	250.4	0.0	0.1	0.2	43.8	-0.4	0.2	0.0	282.2	237.2	-3.4	-4.6	257.6	259.7	219.1	219.0	218.3	212.8	100.7	218.1	22.5	0.0	217.4	217.4	44.0	46.0	8.8	56.1	-1.0	0.0	.Autoclave.Outputs.PRESSIP\OutputValue	4.0	45.1	-63.1	-1.0	0.0	-1.0	-1.0	-1.0	0.0	0.0	0.0	-1.0	-1.0	0.0	0.0	0.0	-1.0	0.0
06:19:29	219.1	258.1	258.6	251.4	278.2	270.1	248.0	237.9	233.4	245.8	0.0	0.1	0.1	43.8	-0.4	0.1	0.0	278.2	233.4	-4.0	-5.1	253.5	255.8	214.1	214.1	213.4	214.7	101.0	219.1	23.5	0.0	213.0	212.9	44.0	49.4	8.9	57.0	-1.0	0.0	.Autoclave.Outputs.PRESSIP\OutputValue	4.8	44.9	-64.1	-1.0	0.0	-1.0	-1.0	-1.0	0.0	0.0	0.0	-1.0	-1.0	0.0	0.0	0.0	-1.0	0.0
06:20:29	220.1	254.0	254.3	246.9	274.6	266.4	243.7	233.2	228.1	241.3	0.0	0.1	0.5	44.2	-0.4	0.5	0.0	274.6	228.1	-3.7	-4.9	249.2	251.3	208.2	208.2	207.6	208.9	101.1	220.1	24.5	0.0	208.4	208.4	44.0	58.7	8.9	53.1	0.0	17.4	.Autoclave.Outputs.PRESSIP\OutputValue	5.4	46.6	-66.4	-1.0	0.0	-1.0	-1.0	-1.0	0.0	0.0	0.0	-1.0	-1.0	0.0	0.0	0.0	-1.0	0.0
06:21:29	221.1	249.5	250.0	243.1	270.9	262.9	239.2	228.2	222.8	236.6	0.0	0.1	0.1	43.6	-0.4	0.1	0.0	270.9	222.8	-3.6	-4.9	244.8	246.8	203.0	202.8	202.2	198.7	101.1	221.1	25.5	0.0	203.9	203.9	44.0	63.3	8.8	60.2	0.0	26.5	.Autoclave.Outputs.PRESSIP\OutputValue	5.8	48.2	-67.9	-1.0	0.0	-1.0	-1.0	-1.0	0.0	0.0	0.0	-1.0	-1.0	0.0	0.0	0.0	-1.0	0.0
06:22:29	222.1	246.8	246.8	239.1	267.0	258.9	235.1	224.0	218.4	232.6	-0.1	0.1	0.0	43.8	-0.4	0.1	-0.1	267.0	218.4	-3.1	-4.3	241.0	242.7	199.1	198.9	198.2	189.7	101.2	222.1	26.5	0.0	199.4	199.4	44.0	59.2	8.7	58.8	0.0	18.4	.Autoclave.Outputs.PRESSIP\OutputValue	6.8	48.7	-67.9	-1.0	0.0	-1.0	-1.0	-1.0	0.0	0.0	0.0	-1.0	-1.0	0.0	0.0	0.0	-1.0	0.0
06:23:29	223.1	241.8	242.2	235.1	263.4	255.1	230.9	220.0	215.5	228.3	-0.1	0.1	0.1	43.4	-0.4	0.1	-0.1	263.4	215.5	-3.6	-5.2	236.9	239.5	195.4	195.4	194.8	185.5	101.0	223.1	27.5	0.0	194.9	194.9	44.0	51.9	8.7	63.0	-1.0	3.8	.Autoclave.Outputs.PRESSIP\OutputValue	7.0	47.9	-68.0	-1.0	0.0	-1.0	-1.0	-1.0	0.0	0.0	0.0	-1.0	-1.0	0.0	0.0	0.0	-1.0	0.0
06:24:29	224.1	236.8	237.3	230.9	259.4	251.2	226.3	215.5	210.1	224.2	-0.1	0.1	0.1	43.1	-0.4	0.1	-0.1	259.4	210.1	-3.9	-4.8	232.4	234.8	191.4	191.4	190.7	181.3	101.2	224.1	28.5	0.0	190.4	190.4	44.0	50.5	8.6	67.4	-1.0	1.0	.Autoclave.Outputs.PRESSIP\OutputValue	8.0	49.3	-68.1	-1.0	0.0	-1.0	-1.0	-1.0	0.0	0.0	0.0	-1.0	-1.0	0.0	0.0	0.0	-1.0	0.0
06:25:29	225.1	232.7	233.2	226.7	255.6	247.1	221.9	211.1	206.2	219.9	-0.1	0.1	0.2	43.5	-0.4	0.2	-0.1	255.6	206.2	-3.8	-4.6	228.3	230.9	187.4	187.4	186.7	180.8	101.3	225.1	29.5	0.0	185.9	185.9	44.0	47.2	8.6	62.3	-1.0	0.0	.Autoclave.Outputs.PRESSIP\OutputValue	8.0	49.4	-68.3	-1.0	0.0	-1.0	-1.0	-1.0	0.0	0.0	0.0	-1.0	-1.0	0.0	0.0	0.0	-1.0	0.0
06:26:29	226.1	230.1	229.3	222.4	251.7	243.0	217.4	206.8	201.8	215.5	-0.1	0.1	0.2	43.3	-0.4	0.2	-0.1	251.7	201.8	-2.9	-4.8	224.2	226.8	182.9	182.9	182.2	178.7	101.3	226.1	30.5	0.0	181.4	181.4	44.0	47.2	8.6	64.6	-1.0	0.0	.Autoclave.Outputs.PRESSIP\OutputValue	8.0	49.9	-68.9	-1.0	0.0	-1.0	-1.0	-1.0	0.0	0.0	0.0	-1.0	-1.0	0.0	0.0	0.0	-1.0	0.0
06:27:29	227.1	225.9	225.4	218.4	248.0	239.5	213.1	202.2	197.4	211.0	-0.1	0.1	0.2	43.8	-0.4	0.2	-0.1	248.0	197.4	-3.6	-4.7	220.1	222.7	178.4	178.3	177.7	174.9	101.4	227.1	31.5	0.0	177.0	176.9	44.0	47.2	8.5	59.9	-1.0	0.0	.Autoclave.Outputs.PRESSIP\OutputValue	8.0	50.6	-69.7	-1.0	0.0	-1.0	-1.0	-1.0	0.0	0.0	0.0	-1.0	-1.0	0.0	0.0	0.0	-1.0	0.0
06:28:29	228.1	222.1	221.2	214.4	243.7	235.6	208.9	197.9	193.1	206.8	-0.1	0.1	0.2	43.3	-0.4	0.2	-0.1	243.7	193.1	-4.1	-4.5	216.0	218.4	174.1	174.1	173.4	169.2	101.4	228.1	32.5	0.0	172.5	172.4	44.0	44.4	8.4	64.6	-1.0	0.0	.Autoclave.Outputs.PRESSIP\OutputValue	8.0	50.6	-69.7	-1.0	0.0	-1.0	-1.0	-1.0	0.0	0.0	0.0	-1.0	-1.0	0.0	0.0	0.0	-1.0	0.0
06:29:29	229.1	217.8	217.0	209.7	239.8	231.5	204.2	193.5	189.2	202.4	-0.1	0.1	0.2	43.7	-0.4	0.2	-0.1	239.8	189.2	-3.9	-4.7	211.7	214.5	169.8	169.8	169.2	165.8	101.5	229.1	33.5	0.0	168.0	167.9	44.0	44.4	8.3	60.6	-1.0	0.0	.Autoclave.Outputs.PRESSIP\OutputValue	8.0	50.6	-70.1	-1.0	0.0	-1.0	-1.0	-1.0	0.0	0.0	0.0	-1.0	-1.0	0.0	0.0	0.0	-1.0	0.0
06:30:29	230.1	213.2	212.6	205.9	235.6	227.6	199.4	189.0	184.1	197.9	-0.1	0.1	0.2	43.5	-0.4	0.2	-0.1	235.6	184.1	-3.8	-4.9	207.3	209.9	165.0	165.0	164.3	163.5	101.4	230.1	34.5	0.0	163.5	163.4	44.0	45.6	8.3	63.3	-1.0	0.0	.Autoclave.Outputs.PRESSIP\OutputValue	8.0	51.5	-70.7	-1.0	0.0	-1.0	-1.0	-1.0	0.0	0.0	0.0	-1.0	-1.0	0.0	0.0	0.0	-1.0	0.0
06:31:29	231.1	208.8	208.2	201.5	231.5	223.2	195.0	184.4	179.3	193.2	-0.1	0.1	0.2	43.6	-0.4	0.2	-0.1	231.5	179.3	-4.0	-4.7	202.8	205.4	159.3	159.3	158.6	155.0	101.5	231.1	35.5	0.0	158.9	158.9	44.0	54.1	8.1	61.8	0.0	8.2	.Autoclave.Outputs.PRESSIP\OutputValue	8.0	52.2	-72.3	-1.0	0.0	-1.0	-1.0	-1.0	0.0	0.0	0.0	-1.0	-1.0	0.0	0.0	0.0	-1.0	0.0
06:32:29	232.1	204.6	204.2	197.7	227.3	219.4	190.7	180.0	175.2	189.0	-0.1	0.1	0.1	43.2	-0.4	0.1	-0.1	227.3	175.2	-3.8	-4.8	198.7	201.3	155.7	155.7	154.9	150.2	101.5	232.1	36.5	0.0	154.4	154.4	44.0	48.7	8.0	66.1	-1.0	0.0	.Autoclave.Outputs.PRESSIP\OutputValue	8.0	52.1	-71.7	-1.0	0.0	-1.0	-1.0	-1.0	0.0	0.0	0.0	-1.0	-1.0	0.0	0.0	0.0	-1.0	0.0
06:33:29	233.1	199.8	199.4	193.2	223.2	215.1	186.1	175.5	170.9	184.6	-0.1	0.1	0.2	43.5	-0.4	0.2	-0.1	223.2	170.9	-4.0	-4.8	194.2	197.1	150.6	150.6	150.0	146.8	101.6	233.1	37.5	0.0	150.0	149.9	44.0	50.6	7.9	62.5	0.0	1.3	.Autoclave.Outputs.PRESSIP\OutputValue	8.0	52.3	-72.7	-1.0	0.0	-1.0	-1.0	-1.0	0.0	0.0	0.0	-1.0	-1.0	0.0	0.0	0.0	-1.0	0.0
06:34:29	234.1	195.5	195.2	188.9	219.2	210.6	181.9	170.9	165.8	180.5	-0.1	0.1	0.2	43.2	-0.4	0.2	-0.1	219.2	165.8	-4.1	-5.1	189.8	192.5	147.5	147.5	146.8	143.0	101.6	234.1	38.5	0.0	145.5	145.4	44.0	41.9	7.7	65.9	-1.0	0.0	.Autoclave.Outputs.PRESSIP\OutputValue	8.0	53.4	-71.8	-1.0	0.0	-1.0	-1.0	-1.0	0.0	0.0	0.0	-1.0	-1.0	0.0	0.0	0.0	-1.0	0.0
06:35:29	235.1	191.8	190.9	184.8	215.2	206.6	177.5	166.9	162.5	176.6	-0.1	0.1	-0.4	43.5	-0.4	0.1	-0.4	215.2	162.5	-3.9	-4.5	185.9	188.8	144.0	144.0	143.1	139.6	101.7	235.1	39.5	0.0	141.0	140.9	44.0	37.0	7.5	62.5	-1.0	0.0	.Autoclave.Outputs.PRESSIP\OutputValue	8.0	52.6	-71.2	-1.0	0.0	-1.0	-1.0	-1.0	0.0	0.0	0.0	-1.0	-1.0	0.0	0.0	0.0	-1.0	0.0
06:36:29	236.1	187.5	186.6	181.1	211.0	203.0	173.2	162.7	158.2	172.1	-0.1	0.1	0.3	43.3	-0.4	0.3	-0.1	211.0	158.2	-3.6	-4.5	181.7	184.6	140.1	140.0	139.3	136.8	101.7	236.1	40.5	0.0	136.5	136.4	44.0	31.4	7.2	65.7	-1.0	0.0	.Autoclave.Outputs.PRESSIP\OutputValue	8.0	52.7	-70.9	-1.0	0.0	-1.0	-1.0	-1.0	0.0	0.0	0.0	-1.0	-1.0	0.0	0.0	0.0	-1.0	0.0
06:37:29	237.1	183.3	182.4	177.5	207.1	198.7	168.8	158.5	154.5	168.2	-0.1	0.2	0.3	43.0	-0.4	0.3	-0.1	207.1	154.5	-3.4	-4.5	177.7	180.8	137.6	137.6	136.8	134.3	101.7	237.1	41.5	0.0	132.0	131.9	44.0	17.6	6.7	67.8	-1.0	0.0	.Autoclave.Outputs.PRESSIP\OutputValue	8.0	52.5	-69.5	-1.0	0.0	-1.0	-1.0	-1.0	0.0	0.0	0.0	-1.0	-1.0	0.0	0.0	0.0	-1.0	0.0
06:38:29	238.1	179.4	178.4	174.2	203.1	195.1	165.4	155.3	150.9	164.1	-0.1	0.1	0.3	43.4	-0.4	0.3	-0.1	203.1	150.9	-3.4	-4.0	174.0	177.0	134.7	134.8	133.9	132.0	101.7	238.1	42.5	0.0	127.4	127.4	44.0	6.2	6.1	63.8	-1.0	0.0	.Autoclave.Outputs.PRESSIP\OutputValue	8.0	52.1	-68.4	-1.0	0.0	-1.0	-1.0	-1.0	0.0	0.0	0.0	-1.0	-1.0	0.0	0.0	0.0	-1.0	0.0
06:39:29	239.1	175.8	174.5	170.8	199.2	191.0	161.6	151.7	147.5	160.4	-0.1	0.2	0.3	43.2	-0.4	0.3	-0.1	199.2	147.5	-3.2	-4.1	170.3	173.3	132.3	132.3	131.7	130.2	101.8	239.1	43.5	0.0	122.9	122.9	44.0	0.0	0.0	65.9	-1.0	0.0	.Autoclave.Outputs.PRESSIP\OutputValue	8.0	51.6	-66.9	-1.0	0.0	-1.0	-1.0	-1.0	0.0	0.0	0.0	-1.0	-1.0	0.0	0.0	0.0	-1.0	0.0
06:40:29	240.1	171.8	170.7	167.3	195.7	187.4	158.1	148.5	144.5	157.0	-0.1	0.1	0.3	43.0	-0.4	0.3	-0.1	195.7	144.5	-3.3	-4.0	166.8	170.1	130.6	130.5	129.7	128.2	101.8	240.1	44.5	0.0	118.4	118.4	44.0	0.0	0.0	67.8	-1.0	0.0	.Autoclave.Outputs.PRESSIP\OutputValue	8.0	51.1	-65.1	-1.0	0.0	-1.0	-1.0	-1.0	0.0	0.0	0.0	-1.0	-1.0	0.0	0.0	0.0	-1.0	0.0
06:41:29	241.1	168.5	167.1	164.2	192.2	184.0	155.1	145.6	141.9	153.8	-0.1	0.1	0.3	43.4	-0.4	0.3	-0.1	192.2	141.9	-2.8	-3.6	163.6	167.0	128.3	128.2	127.5	126.5	102.0	241.1	45.5	0.0	113.9	113.9	44.0	0.0	0.0	64.2	-1.0	0.0	.Autoclave.Outputs.PRESSIP\OutputValue	8.0	50.2	-63.9	-1.0	0.0	-1.0	-1.0	-1.0	0.0	0.0	0.0	-1.0	-1.0	0.0	0.0	0.0	-1.0	0.0
06:42:29	242.1	165.1	163.6	161.0	188.7	180.4	151.9	142.6	138.8	150.7	-0.1	0.1	0.3	43.2	-0.4	0.3	-0.1	188.7	138.8	-2.6	-3.7	160.3	163.7	126.3	126.4	125.6	124.9	101.9	242.1	46.5	0.0	109.5	109.4	44.0	0.0	0.0	65.5	-1.0	0.0	.Autoclave.Outputs.PRESSIP\OutputValue	8.0	49.8	-62.4	-1.0	0.0	-1.0	-1.0	-1.0	0.0	0.0	0.0	-1.0	-1.0	0.0	0.0	0.0	-1.0	0.0
06:43:29	243.1	162.1	160.2	157.8	185.0	176.5	148.9	140.1	136.4	147.6	-0.1	0.1	0.2	43.1	-0.4	0.2	-0.1	185.0	136.4	-2.6	-4.1	157.2	160.7	124.5	124.5	123.8	123.3	101.9	243.1	47.5	0.0	105.0	104.9	44.0	0.0	0.0	67.0	-1.0	0.0	.Autoclave.Outputs.PRESSIP\OutputValue	8.0	48.5	-60.5	-1.0	0.0	-1.0	-1.0	-1.0	0.0	0.0	0.0	-1.0	-1.0	0.0	0.0	0.0	-1.0	0.0
06:44:29	244.1	158.8	157.1	154.8	181.8	173.8	146.3	137.7	134.4	144.7	-0.1	0.1	0.4	43.6	-0.4	0.4	-0.1	181.8	134.4	-2.5	-3.4	154.4	158.1	123.3	123.3	122.7	122.1	102.0	244.1	48.5	0.0	100.5	100.4	44.0	0.0	0.0	62.1	-1.0	0.0	.Autoclave.Outputs.PRESSIP\OutputValue	8.0	47.3	-58.4	-1.0	0.0	-1.0	-1.0	-1.0	0.0	0.0	0.0	-1.0	-1.0	0.0	0.0	0.0	-1.0	0.0
06:45:29	245.1	155.9	154.0	152.4	178.5	170.7	143.5	135.1	132.1	142.2	-0.1	0.1	0.3	43.5	-0.4	0.3	-0.1	178.5	132.1	-2.1	-3.4	151.6	155.3	121.3	121.3	120.7	120.8	101.9	245.1	49.5	0.0	96.0	95.9	44.0	0.0	0.0	63.6	-1.0	0.0	.Autoclave.Outputs.PRESSIP\OutputValue	8.0	46.3	-57.1	-1.0	0.0	-1.0	-1.0	-1.0	0.0	0.0	0.0	-1.0	-1.0	0.0	0.0	0.0	-1.0	0.0
06:46:29	246.1	153.0	151.2	150.1	175.3	167.7	141.1	133.0	130.2	139.6	-0.1	0.1	0.3	43.3	-0.4	0.3	-0.1	175.3	130.2	-2.0	-3.2	149.0	152.7	120.3	120.2	119.6	119.5	101.9	246.1	50.5	0.0	91.5	91.4	44.0	0.0	0.0	64.8	-1.0	0.0	.Autoclave.Outputs.PRESSIP\OutputValue	8.0	45.0	-54.9	-1.0	0.0	-1.0	-1.0	-1.0	0.0	0.0	0.0	-1.0	-1.0	0.0	0.0	0.0	-1.0	0.0
06:47:29	247.1	150.5	148.3	147.6	172.3	164.9	138.6	129.8	128.3	137.4	-0.1	0.2	0.4	43.2	-0.4	0.4	-0.1	172.3	128.3	-1.9	-3.1	146.4	150.3	118.5	118.7	117.9	118.4	101.9	247.1	51.5	0.0	87.0	86.9	44.0	0.0	0.0	65.9	-1.0	0.0	.Autoclave.Outputs.PRESSIP\OutputValue	8.0	43.9	-53.7	-1.0	0.0	-1.0	-1.0	-1.0	0.0	0.0	0.0	-1.0	-1.0	0.0	0.0	0.0	-1.0	0.0
06:48:29	248.1	147.9	145.9	145.2	169.5	161.9	136.3	129.0	126.6	135.2	-0.1	0.2	0.3	43.0	-0.4	0.3	-0.1	169.5	126.6	-1.9	-3.1	144.2	148.0	117.6	117.6	117.0	117.3	101.9	248.1	52.5	0.0	82.5	82.4	44.0	0.0	0.0	67.8	-1.0	0.0	.Autoclave.Outputs.PRESSIP\OutputValue	8.0	42.8	-51.8	-1.0	0.0	-1.0	-1.0	-1.0	0.0	0.0	0.0	-1.0	-1.0	0.0	0.0	0.0	-1.0	0.0
06:49:29	249.1	145.3	143.6	142.6	166.7	159.0	134.4	127.2	124.9	133.0	-0.1	0.1	0.4	43.6	-0.4	0.4	-0.1	166.7	124.9	-1.7	-2.8	141.8	145.8	116.6	116.6	116.0	116.4	102.0	249.1	53.5	0.0	80.0	80.0	44.0	0.0	0.0	62.1	-1.0	0.0	.Autoclave.Outputs.PRESSIP\OutputValue	8.0	41.7	-50.0	-1.0	0.0	-1.0	-1.0	-1.0	0.0	0.0	0.0	-1.0	-1.0	0.0	0.0	0.0	-1.0	0.0
06:50:29	250.1	142.9	140.8	140.7	164.0	156.4	132.3	125.5	123.3	130.9	0.0	0.1	0.3	43.5	-0.4	0.3	0.0	164.0	123.3	-1.7	-2.9	139.6	143.6	115.3	115.4	114.7	115.4	102.0	250.1	54.5	0.0	80.0	80.0	44.0	0.0	0.0	63.3	-1.0	0.0	.Autoclave.Outputs.PRESSIP\OutputValue	8.0	40.6	-48.6	-1.0	0.0	-1.0	-1.0	-1.0	0.0	0.0	0.0	-1.0	-1.0	0.0	0.0	0.0	-1.0	0.0
06:51:29	251.1	140.8	138.7	138.7	161.3	153.9	130.4	124.0	122.1	129.4	0.0	0.2	0.4	43.4	-0.4	0.4	0.0	161.3	122.1	-0.5	-2.8	137.7	141.7	114.3	114.2	113.6	114.3	101.9	251.1	55.5	0.0	80.0	80.0	44.0	0.0	0.0	64.6	-1.0	0.0	.Autoclave.Outputs.PRESSIP\OutputValue	8.0	39.1	-46.9	-1.0	0.0	-1.0	-1.0	-1.0	0.0	0.0	0.0	-1.0	-1.0	0.0	0.0	0.0	-1.0	0.0
06:52:29	252.1	138.6	136.4	136.8	158.6	151.6	128.6	122.3	120.5	127.5	0.0	0.2	0.4	43.3	-0.4	0.4	0.0	158.6	120.5	-1.4	-2.4	135.6	139.5	113.3	113.3	112.5	113.6	102.0	252.1	56.5	0.0	80.0	80.0	44.0	0.0	0.0	65.3	-1.0	0.0	.Autoclave.Outputs.PRESSIP\OutputValue	8.0	38.0	-45.2	-1.0	0.0	-1.0	-1.0	-1.0	0.0	0.0	0.0	-1.0	-1.0	0.0	0.0	0.0	-1.0	0.0
06:53:29	253.1	136.5	134.5	135.0	156.3	149.1	126.8	121.2	119.2	126.2	0.0	0.2	0.4	43.2	-0.4	0.4	0.0	156.3	119.2	-1.4	-2.6	133.9	137.7	112.4	112.4	111.8	112.8	101.9	253.1	57.5	0.0	80.0	80.0	44.0	0.0	0.0	66.3	-1.0	0.0	.Autoclave.Outputs.PRESSIP\OutputValue	8.0	37.0	-43.8	-1.0	0.0	-1.0	-1.0	-1.0	0.0	0.0	0.0	-1.0	-1.0	0.0	0.0	0.0	-1.0	0.0
06:54:29	254.1	134.4	132.6	133.0	153.9	146.7	125.3	119.8	117.7	124.2	0.0	0.2	0.4	43.1	-0.4	0.4	0.0	153.9	117.7	-1.3	-2.4	131.9	135.8	111.6	111.6	110.9	112.1	102.0	254.1	58.5	0.0	80.0	80.0	44.0	0.0	0.0	67.2	-1.0	0.0	.Autoclave.Outputs.PRESSIP\OutputValue	8.0	36.1	-42.2	-1.0	0.0	-1.0	-1.0	-1.0	0.0	0.0	0.0	-1.0	-1.0	0.0	0.0	0.0	-1.0	0.0
06:55:29	255.1	132.6	130.4	131.4	151.5	144.7	123.8	118.5	117.3	122.9	0.0	0.1	0.4	43.6	-0.4	0.4	0.0	151.5	117.3	-1.0	-2.3	130.3	134.4	110.9	110.9	110.2	111.5	102.1	255.1	59.5	0.0	80.0	80.0	44.0	0.0	0.0	62.3	-1.0	0.0	.Autoclave.Outputs.PRESSIP\OutputValue	8.0	34.1	-40.5	-1.0	0.0	-1.0	-1.0	-1.0	0.0	0.0	0.0	-1.0	-1.0	0.0	0.0	0.0	-1.0	0.0
06:56:29	256.1	130.7	128.7	129.9	149.4	142.5	122.3	117.4	115.8	121.5	0.0	0.2	0.4	43.5	-0.4	0.4	0.0	149.4	115.8	-1.1	-2.6	128.7	132.6	110.0	110.0	109.3	110.9	102.0	256.1	60.5	0.0	80.0	80.0	44.0	0.0	0.0	63.1	-1.0	0.0	.Autoclave.Outputs.PRESSIP\OutputValue	8.0	33.5	-39.3	-1.0	0.0	-1.0	-1.0	-1.0	0.0	0.0	0.0	-1.0	-1.0	0.0	0.0	0.0	-1.0	0.0
06:57:03	256.7	129.9	127.9	128.8	147.9	141.5	121.6	116.8	114.9	120.7	0.0	0.2	0.4	43.5	-0.4	0.4	0.0	147.9	114.9	-0.7	-2.5	127.8	131.4	109.6	109.6	108.8	110.4	102.0	256.7	61.0	0.0	80.0	80.0	44.0	0.0	0.0	63.8	-1.0	0.0	.Autoclave.Outputs.PRESSIP\OutputValue	8.0	32.9	-38.5	-1.0	0.0	-1.0	-1.0	-1.0	0.0	0.0	0.0	-1.0	-1.0	0.0	0.0	0.0	-1.0	0.0
06:57:29	257.1	128.9	126.9	128.1	147.2	140.5	120.9	116.1	115.1	119.8	0.0	0.2	0.4	40.6	-0.4	0.4	0.0	147.2	115.1	-1.3	-2.2	127.0	131.1	108.1	108.0	107.4	108.0	101.4	257.1	0.4	0.0	80.0	80.0	39.6	0.0	0.0	48.5	-1.0	0.0	.Autoclave.Outputs.PRESSIP\OutputValue	7.6	32.0	-39.0	-1.0	0.0	-1.0	-1.0	-1.0	0.0	0.0	0.0	-1.0	-1.0	0.0	0.0	0.0	-1.0	0.0
06:58:29	258.1	127.2	125.3	125.8	144.9	138.3	118.9	114.4	112.7	118.2	-0.1	0.1	0.2	30.3	-0.4	0.2	-0.1	144.9	112.7	-1.5	-2.3	125.1	128.8	103.9	104.0	103.4	104.5	100.7	258.1	1.4	0.0	80.0	80.0	29.6	0.0	0.0	46.3	-1.0	0.0	.Autoclave.Outputs.PRESSIP\OutputValue	6.3	32.1	-40.9	-1.0	0.0	-1.0	-1.0	-1.0	0.0	0.0	0.0	-1.0	-1.0	-1.0	0.0	0.0	-1.0	0.0
06:59:29	259.1	125.6	123.7	124.2	142.9	136.6	117.3	112.8	111.2	116.5	-0.2	0.1	0.2	20.2	-0.4	0.2	-0.2	142.9	111.2	-1.5	-1.9	123.4	127.0	100.9	100.9	100.0	101.1	99.9	259.1	2.4	0.0	80.0	80.0	19.6	0.0	0.0	49.6	-1.0	0.0	.Autoclave.Outputs.PRESSIP\OutputValue	5.0	31.6	-41.9	-1.0	0.0	-1.0	-1.0	-1.0	0.0	0.0	0.0	-1.0	-1.0	-1.0	0.0	0.0	-1.0	0.0
07:00:29	260.1	124.2	122.1	122.6	141.6	135.2	115.9	111.4	109.6	115.1	-0.2	0.1	0.1	10.2	-0.4	0.1	-0.2	141.6	109.6	-1.3	-1.6	122.0	125.6	97.9	97.9	97.2	98.0	99.2	260.1	3.4	0.0	80.0	80.0	9.6	0.0	0.0	46.3	-1.0	0.0	.Autoclave.Outputs.PRESSIP\OutputValue	3.5	31.9	-43.6	-1.0	0.0	-1.0	-1.0	-1.0	0.0	0.0	0.0	-1.0	-1.0	-1.0	0.0	0.0	-1.0	0.0
07:01:29	261.1	123.3	120.9	121.6	140.6	134.0	115.2	110.4	108.6	114.1	-0.5	0.0	-0.3	2.5	-0.6	0.0	-0.5	140.6	108.6	-0.8	-1.3	121.0	124.6	95.8	95.9	95.4	96.6	98.7	261.1	4.4	0.0	80.0	80.0	0.0	0.0	0.0	25.6	-1.0	0.0	.Autoclave.Outputs.PRESSIP\OutputValue	1.0	31.9	-44.7	-1.0	0.0	-1.0	-1.0	-1.0	0.0	0.0	0.0	-1.0	-1.0	-1.0	0.0	0.0	-1.0	0.0
07:01:54	261.5	122.9	120.6	121.5	140.3	133.8	115.0	110.2	108.3	113.6	-0.9	-0.1	-0.5	1.0	-0.4	-0.1	-0.9	140.3	108.3	-0.6	-1.1	120.7	124.3	95.9	95.8	95.1	97.0	98.8	261.5	4.8	0.0	80.0	80.0	0.0	0.0	0.0	39.3	-1.0	0.0	.Autoclave.Outputs.PRESSIP\OutputValue	-0.3	31.9	-44.3	-1.0	0.0	-1.0	-1.0	-1.0	0.0	0.0	0.0	-1.0	-1.0	-1.0	0.0	0.0	-1.0	0.0
