	

Time	Elapsed	PTC10	PTC11	PTC12	PTC14	PTC15	PTC16	VPRB2	PRESS	SVAC	HIPRB	LOPRB	HITC	LOTC	HIRATE	LORATE	AVGTC	MEAN	AIRTC	AIRTC1	AIRTC2	HILIMTC	CAPSTC	RUNTIME	SEGTIME	SEGTIMELEFT	TSET_AIR	TSET_PART	PSET	TEMPOUT	TEMPINT	PRESSOUT	COOLIP	SCROUT	PRESSIP	PRESSINT	SPREAD	AIRPARTDELTA	CAPSFLOW	SILENCE	BARLOCK	HIPSI	FANON	HYDON	FANSTARTSTOPPB	HYDPMPSTARTSTOPPB	COOLCNTRLONOFFSW	PRESSCNTRLONOFFSW	PRESSDUMPSW	PCMANUALSW	HILIMIT	BLWRMTRHILIMIT	MANINSIDE
HH:MM:SS	Mins	Deg.F	Deg.F	Deg.F	Deg.F	Deg.F	Deg.F	"Hg	Psig	"Hg			Deg.F	Deg.F	Deg.F	Deg.F	Deg.F	Deg.F	Deg.F	Deg.F	Deg.F	Deg.F	Deg.F	Mins	Mins	Mins	Deg.F	Deg.F	Psig				%	%	%	%	Deg.F	Deg.F															
01:33:24	0.0	84.4	84.5	83.7	84.0	84.4	77.1	-27.7	-0.5	-28.0	-27.7	-27.7	84.5	83.7	0.2	0.0	84.2	84.1	92.4	92.4	91.6	103.0	100.1	185.4	0.0	0.0	70.0	70.0	0.0	0.0	0.0	50.0	0.0	0.0	.Autoclave.Outputs.PRESSIP\OutputValue	8.0	0.8	7.9	-1.0	0.0	-1.0	-1.0	0.0	0.0	0.0	0.0	-1.0	-1.0	-1.0	0.0	0.0	-1.0	0.0
01:33:26	0.0	84.4	84.5	83.7	84.0	84.4	77.1	-27.7	-0.5	-28.0	-27.7	-27.7	84.5	83.7	0.2	0.0	84.2	84.1	92.4	92.4	91.6	103.0	100.1	185.4	0.0	0.0	70.0	70.0	0.0	0.0	0.0	50.0	0.0	0.0	.Autoclave.Outputs.PRESSIP\OutputValue	8.0	0.8	7.9	-1.0	0.0	-1.0	-1.0	0.0	0.0	0.0	0.0	-1.0	-1.0	-1.0	0.0	0.0	-1.0	0.0
01:33:26	0.0	84.4	84.5	83.7	84.0	84.4	77.1	-27.7	-0.5	-28.0	-27.7	-27.7	84.5	83.7	0.2	0.0	83.0	80.8	92.4	92.3	91.6	102.8	100.1	185.4	0.0	0.0	70.0	70.0	0.0	0.0	0.0	50.0	0.0	0.0	.Autoclave.Outputs.PRESSIP\OutputValue	8.0	7.4	7.9	-1.0	0.0	-1.0	-1.0	0.0	0.0	0.0	0.0	-1.0	-1.0	-1.0	0.0	0.0	-1.0	0.0
01:33:27	0.1	84.4	84.5	83.7	84.0	84.4	77.1	-27.7	-0.5	-28.0	-27.7	-27.7	84.5	83.7	0.2	0.0	83.0	80.8	92.4	92.3	91.6	102.8	100.1	185.4	0.0	0.0	70.0	70.0	0.0	0.0	0.0	50.0	0.0	0.0	.Autoclave.Outputs.PRESSIP\OutputValue	8.0	7.4	7.9	-1.0	0.0	-1.0	-1.0	0.0	0.0	0.0	0.0	-1.0	-1.0	-1.0	0.0	0.0	-1.0	0.0
01:34:27	1.1	86.9	86.4	84.6	85.1	85.3	75.1	-27.8	1.0	-28.0	-27.8	-27.8	86.9	75.1	5.0	0.5	83.9	81.0	96.3	96.3	95.6	100.0	97.7	1.0	1.0	0.0	91.2	89.0	1.5	13.2	-0.2	62.9	-1.0	0.0	.Autoclave.Outputs.PRESSIP\OutputValue	8.0	11.8	9.4	-1.0	0.0	-1.0	-1.0	-1.0	0.0	0.0	0.0	-1.0	-1.0	0.0	0.0	0.0	-1.0	0.0
01:35:27	2.0	87.7	87.1	85.2	86.0	86.1	75.7	-27.7	2.4	-28.0	-27.7	-27.7	87.7	75.7	1.3	-5.3	84.6	81.7	97.1	97.1	96.4	103.4	97.6	2.0	2.0	0.0	99.2	93.5	3.0	62.5	-0.4	63.5	0.0	24.9	.Autoclave.Outputs.PRESSIP\OutputValue	8.0	12.0	9.4	-1.0	0.0	-1.0	-1.0	-1.0	0.0	0.0	0.0	-1.0	-1.0	0.0	0.0	0.0	-1.0	0.0
01:36:27	3.1	90.5	89.3	86.0	87.3	86.4	74.7	-27.7	4.2	-28.0	-27.7	-27.7	90.5	86.0	2.6	1.1	87.9	88.3	103.6	103.7	103.0	115.5	97.8	3.0	3.0	0.0	105.5	98.0	4.5	59.7	-0.2	61.1	0.0	19.4	.Autoclave.Outputs.PRESSIP\OutputValue	8.0	4.5	13.1	-1.0	0.0	-1.0	-1.0	-1.0	0.0	0.0	0.0	-1.0	-1.0	0.0	0.0	0.0	-1.0	0.0
01:37:27	4.1	93.5	91.5	87.2	88.8	89.2	80.1	-27.7	5.0	-28.0	-27.7	-27.7	93.5	87.2	2.4	1.3	90.1	90.4	109.7	109.7	109.0	121.9	97.6	4.0	4.0	0.0	111.7	102.5	6.0	61.3	0.0	67.4	0.0	22.6	.Autoclave.Outputs.PRESSIP\OutputValue	8.0	6.3	16.2	-1.0	0.0	-1.0	-1.0	-1.0	0.0	0.0	0.0	-1.0	-1.0	0.0	0.0	0.0	-1.0	0.0
01:38:27	5.0	95.9	93.4	88.5	90.6	91.1	83.2	-27.7	6.6	-28.0	-27.7	-27.7	95.9	88.5	2.9	1.1	91.9	92.2	115.9	115.9	115.3	128.6	97.8	5.0	5.0	0.0	118.1	107.0	7.5	62.7	0.2	66.8	0.0	25.4	.Autoclave.Outputs.PRESSIP\OutputValue	8.0	7.4	20.0	-1.0	0.0	-1.0	-1.0	-1.0	0.0	0.0	0.0	-1.0	-1.0	0.0	0.0	0.0	-1.0	0.0
01:39:27	6.0	98.8	96.1	90.0	92.7	93.0	91.8	-27.6	8.3	-28.0	-27.6	-27.6	98.8	90.0	2.9	1.5	94.1	94.4	121.9	122.0	121.3	134.3	97.8	6.0	6.0	0.0	124.2	111.5	9.0	62.9	0.4	65.6	0.0	25.8	.Autoclave.Outputs.PRESSIP\OutputValue	8.0	8.8	23.1	-1.0	0.0	-1.0	-1.0	-1.0	0.0	0.0	0.0	-1.0	-1.0	0.0	0.0	0.0	-1.0	0.0
01:40:27	7.1	102.0	99.0	91.8	94.9	95.4	86.6	-27.6	9.9	-28.0	-27.6	-27.6	102.0	91.8	3.3	1.7	96.6	96.9	128.1	128.2	127.5	140.5	98.0	7.0	7.0	0.0	129.9	116.0	10.5	61.3	0.6	63.9	0.0	22.5	.Autoclave.Outputs.PRESSIP\OutputValue	8.0	10.2	26.0	-1.0	0.0	-1.0	-1.0	-1.0	0.0	0.0	0.0	-1.0	-1.0	0.0	0.0	0.0	-1.0	0.0
01:40:47	7.4	103.1	99.6	92.2	95.8	96.3	97.0	-27.6	10.1	-28.0	-27.6	-27.6	103.1	92.2	3.1	1.7	97.4	97.7	129.6	129.6	128.9	141.4	97.9	7.4	7.3	0.0	131.9	117.4	11.0	63.5	0.7	68.2	0.0	27.0	.Autoclave.Outputs.PRESSIP\OutputValue	8.0	10.9	26.6	-1.0	0.0	-1.0	-1.0	-1.0	0.0	0.0	0.0	-1.0	-1.0	0.0	0.0	0.0	-1.0	0.0
01:41:27	8.1	105.6	101.6	93.3	97.3	98.0	99.2	-27.6	11.7	-28.0	-27.6	-27.6	105.6	93.3	3.5	1.6	99.2	99.5	133.5	133.5	132.7	146.2	98.0	8.0	0.7	0.0	135.5	120.5	12.0	62.8	0.9	61.0	0.0	25.6	.Autoclave.Outputs.PRESSIP\OutputValue	8.0	12.3	27.8	-1.0	0.0	-1.0	-1.0	-1.0	0.0	0.0	0.0	-1.0	-1.0	0.0	0.0	0.0	-1.0	0.0
01:42:27	9.0	108.9	105.0	95.6	99.9	100.8	96.8	-24.9	12.6	-24.2	-24.9	-24.9	108.9	95.6	3.6	2.2	102.1	102.3	139.1	139.1	138.5	151.3	98.1	9.0	1.7	0.0	141.2	125.0	13.5	63.4	1.1	67.1	0.0	26.9	.Autoclave.Outputs.PRESSIP\OutputValue	8.0	13.3	30.1	-1.0	0.0	-1.0	-1.0	-1.0	0.0	0.0	0.0	-1.0	-1.0	0.0	0.0	0.0	-1.0	0.0
01:43:27	10.1	112.5	107.9	97.8	103.5	103.8	98.0	-19.2	14.3	-18.9	-19.2	-19.2	112.5	97.8	4.4	2.2	105.1	105.2	144.4	144.5	143.8	156.4	98.1	10.0	2.7	0.0	146.4	129.5	15.0	62.6	1.3	65.0	0.0	25.1	.Autoclave.Outputs.PRESSIP\OutputValue	8.0	14.7	31.8	-1.0	0.0	-1.0	-1.0	-1.0	0.0	0.0	0.0	-1.0	-1.0	0.0	0.0	0.0	-1.0	0.0
01:44:27	11.1	116.5	110.4	100.0	105.9	107.3	111.2	-13.9	16.2	-13.8	-13.9	-13.9	116.5	100.0	4.2	2.2	108.0	108.3	148.8	149.0	148.2	162.1	98.2	11.0	3.7	0.0	151.3	134.0	16.5	66.1	1.5	61.9	0.0	32.1	.Autoclave.Outputs.PRESSIP\OutputValue	8.0	16.5	32.2	-1.0	0.0	-1.0	-1.0	-1.0	0.0	0.0	0.0	-1.0	-1.0	0.0	0.0	0.0	-1.0	0.0
01:45:27	12.0	120.7	114.1	102.7	109.4	111.2	115.9	-8.9	17.2	-8.8	-8.9	-8.9	120.7	102.7	4.1	2.6	111.6	111.7	154.0	154.0	153.3	165.7	98.3	12.0	4.7	0.0	156.6	138.5	18.0	66.9	1.8	66.3	0.0	33.9	.Autoclave.Outputs.PRESSIP\OutputValue	8.0	18.0	33.2	-1.0	0.0	-1.0	-1.0	-1.0	0.0	0.0	0.0	-1.0	-1.0	0.0	0.0	0.0	-1.0	0.0
01:46:27	13.1	124.2	117.3	105.4	112.9	114.8	122.2	-4.5	18.9	-4.4	-4.5	-4.5	124.2	105.4	3.6	2.8	114.9	114.8	159.9	159.9	159.1	171.4	98.4	13.0	5.7	0.0	162.0	143.0	19.5	63.0	2.0	64.2	0.0	25.9	.Autoclave.Outputs.PRESSIP\OutputValue	8.0	18.8	35.6	-1.0	0.0	-1.0	-1.0	-1.0	0.0	0.0	0.0	-1.0	-1.0	0.0	0.0	0.0	-1.0	0.0
01:47:27	14.1	128.4	120.5	108.1	116.6	118.5	123.6	-1.9	20.5	-1.9	-1.9	-1.9	128.4	108.1	5.1	2.8	118.4	118.3	164.1	164.1	163.4	176.3	98.5	14.0	6.7	0.0	166.7	147.5	21.0	68.0	2.2	62.8	0.0	36.0	.Autoclave.Outputs.PRESSIP\OutputValue	8.0	20.3	35.6	-1.0	0.0	-1.0	-1.0	-1.0	0.0	0.0	0.0	-1.0	-1.0	0.0	0.0	0.0	-1.0	0.0
01:48:27	15.0	133.0	124.3	111.2	120.5	122.5	129.9	-0.9	22.2	-0.9	-0.9	-0.9	133.0	111.2	4.8	3.0	122.3	122.1	168.8	168.8	168.0	180.4	98.5	15.0	7.7	0.0	170.9	152.0	22.5	64.1	2.4	61.0	0.0	28.2	.Autoclave.Outputs.PRESSIP\OutputValue	8.0	21.8	35.7	-1.0	0.0	-1.0	-1.0	-1.0	0.0	0.0	0.0	-1.0	-1.0	0.0	0.0	0.0	-1.0	0.0
01:49:27	16.1	137.6	127.4	114.3	124.6	126.6	131.5	-0.4	23.1	-0.5	-0.4	-0.4	137.6	114.3	4.1	3.1	126.1	126.0	173.4	173.4	172.7	184.4	98.4	16.0	8.7	0.0	175.5	156.5	24.0	65.2	2.7	66.5	0.0	30.3	.Autoclave.Outputs.PRESSIP\OutputValue	8.0	23.3	35.7	-1.0	0.0	-1.0	-1.0	-1.0	0.0	0.0	0.0	-1.0	-1.0	0.0	0.0	0.0	-1.0	0.0
01:50:27	17.1	141.6	132.0	117.1	128.7	130.6	137.3	-0.2	24.9	-0.3	-0.2	-0.2	141.6	117.1	4.7	2.9	130.0	129.4	178.3	178.4	177.6	190.6	98.7	17.0	9.7	0.0	180.1	161.0	25.5	63.7	2.9	63.7	0.0	27.4	.Autoclave.Outputs.PRESSIP\OutputValue	8.0	24.5	36.6	-1.0	0.0	-1.0	-1.0	-1.0	0.0	0.0	0.0	-1.0	-1.0	0.0	0.0	0.0	-1.0	0.0
01:51:27	18.0	146.7	135.4	120.5	133.2	134.9	140.9	-0.1	26.2	-0.2	-0.1	-0.1	146.7	120.5	5.1	3.5	134.1	133.6	181.8	181.8	181.2	195.1	98.5	18.0	10.7	0.0	184.3	165.5	27.0	67.5	3.2	65.5	0.0	35.0	.Autoclave.Outputs.PRESSIP\OutputValue	8.0	26.2	35.1	-1.0	0.0	-1.0	-1.0	-1.0	0.0	0.0	0.0	-1.0	-1.0	0.0	0.0	0.0	-1.0	0.0
01:52:27	19.1	151.0	139.4	123.8	137.8	139.4	154.3	0.0	27.6	-0.1	0.0	0.0	151.0	123.8	4.7	3.3	138.3	137.4	186.8	186.8	186.3	198.0	98.6	19.0	11.7	0.0	189.0	170.0	28.5	65.6	3.4	66.6	0.0	31.1	.Autoclave.Outputs.PRESSIP\OutputValue	8.0	27.2	35.8	-1.0	0.0	-1.0	-1.0	-1.0	0.0	0.0	0.0	-1.0	-1.0	0.0	0.0	0.0	-1.0	0.0
01:53:27	20.1	155.3	143.3	127.4	142.8	143.9	162.6	0.0	29.5	-0.1	0.0	0.0	155.3	127.4	4.9	3.6	142.5	141.3	191.7	191.7	191.3	203.2	98.7	20.0	12.7	0.0	193.7	174.5	30.0	66.0	3.6	62.8	0.0	32.0	.Autoclave.Outputs.PRESSIP\OutputValue	8.0	28.0	36.4	-1.0	0.0	-1.0	-1.0	-1.0	0.0	0.0	0.0	-1.0	-1.0	0.0	0.0	0.0	-1.0	0.0
01:54:27	21.0	160.6	147.3	131.2	147.7	148.3	167.9	0.0	30.6	-0.1	0.0	0.0	160.6	131.2	5.6	3.8	147.0	145.9	195.1	195.2	194.7	206.7	98.7	21.0	13.7	0.0	197.4	179.0	31.5	66.7	3.8	67.2	0.0	33.4	.Autoclave.Outputs.PRESSIP\OutputValue	8.0	29.5	34.5	-1.0	0.0	-1.0	-1.0	-1.0	0.0	0.0	0.0	-1.0	-1.0	0.0	0.0	0.0	-1.0	0.0
01:55:27	22.0	165.3	151.3	134.8	152.7	153.1	140.9	0.0	32.4	-0.1	0.0	0.0	165.3	134.8	5.0	3.6	151.4	150.0	200.2	200.2	199.7	212.1	98.8	22.0	14.7	0.0	201.8	183.5	33.0	62.4	4.1	64.0	0.0	24.7	.Autoclave.Outputs.PRESSIP\OutputValue	8.0	30.6	34.9	-1.0	0.0	-1.0	-1.0	-1.0	0.0	0.0	0.0	-1.0	-1.0	0.0	0.0	0.0	-1.0	0.0
01:56:27	23.1	169.2	155.5	138.4	157.8	157.5	148.7	0.0	34.0	-0.1	0.0	0.0	169.2	138.4	5.1	3.9	155.7	153.8	204.5	204.4	204.0	215.6	98.9	23.0	15.7	0.0	206.8	188.0	34.5	67.8	4.3	62.7	0.0	35.5	.Autoclave.Outputs.PRESSIP\OutputValue	8.0	30.9	35.3	-1.0	0.0	-1.0	-1.0	-1.0	0.0	0.0	0.0	-1.0	-1.0	0.0	0.0	0.0	-1.0	0.0
01:57:27	24.1	174.5	159.4	142.4	163.1	162.2	184.9	0.0	35.4	-0.1	0.0	0.0	174.5	142.4	5.1	3.4	160.3	158.4	208.1	208.1	207.7	220.2	98.8	24.0	16.7	0.0	210.6	192.5	36.0	70.0	4.5	65.1	0.0	39.9	.Autoclave.Outputs.PRESSIP\OutputValue	8.0	32.2	33.6	-1.0	0.0	-1.0	-1.0	-1.0	0.0	0.0	0.0	-1.0	-1.0	0.0	0.0	0.0	-1.0	0.0
01:58:27	25.0	179.4	163.5	146.6	168.6	166.8	181.5	0.0	36.6	-0.1	0.0	0.0	179.4	146.6	5.9	4.2	165.0	163.0	212.7	212.7	212.2	223.1	98.9	25.0	17.7	0.0	214.8	197.0	37.5	67.7	4.7	66.8	0.0	35.3	.Autoclave.Outputs.PRESSIP\OutputValue	8.0	32.9	33.3	-1.0	0.0	-1.0	-1.0	-1.0	0.0	0.0	0.0	-1.0	-1.0	0.0	0.0	0.0	-1.0	0.0
01:59:27	26.1	183.8	167.5	150.4	173.8	171.4	182.7	0.0	38.4	-0.1	0.0	0.0	183.8	150.4	5.3	3.8	169.4	167.1	216.7	216.7	216.1	227.9	99.1	26.0	18.7	0.0	219.4	201.5	39.0	70.2	5.0	63.5	0.0	40.4	.Autoclave.Outputs.PRESSIP\OutputValue	8.0	33.5	32.9	-1.0	0.0	-1.0	-1.0	-1.0	0.0	0.0	0.0	-1.0	-1.0	0.0	0.0	0.0	-1.0	0.0
02:00:27	27.1	188.5	172.0	154.9	178.4	176.2	196.9	0.0	39.6	-0.1	0.0	0.0	188.5	154.9	5.3	4.6	174.0	171.7	220.8	220.9	220.2	232.6	98.9	27.0	19.7	0.0	223.6	206.0	40.5	72.6	5.2	67.4	0.0	45.3	.Autoclave.Outputs.PRESSIP\OutputValue	8.0	33.7	32.3	-1.0	0.0	-1.0	-1.0	-1.0	0.0	0.0	0.0	-1.0	-1.0	0.0	0.0	0.0	-1.0	0.0
02:01:27	28.0	193.1	176.9	159.0	184.8	180.7	195.3	0.0	41.3	-0.1	0.0	0.0	193.1	159.0	5.7	3.9	178.9	176.1	226.0	226.0	225.3	237.0	99.1	28.0	20.7	0.0	227.9	210.5	42.0	66.2	5.4	64.8	0.0	32.3	.Autoclave.Outputs.PRESSIP\OutputValue	8.0	34.2	32.9	-1.0	0.0	-1.0	-1.0	-1.0	0.0	0.0	0.0	-1.0	-1.0	0.0	0.0	0.0	-1.0	0.0
02:01:46	28.4	194.6	178.3	160.3	186.4	182.0	164.6	0.0	42.1	-0.1	0.0	0.0	194.6	160.3	8.2	4.2	180.3	177.5	226.9	226.9	226.4	238.2	99.2	28.3	21.0	0.0	229.1	211.9	42.5	67.0	5.5	62.6	0.0	33.9	.Autoclave.Outputs.PRESSIP\OutputValue	8.0	34.4	32.3	-1.0	0.0	-1.0	-1.0	-1.0	0.0	0.0	0.0	-1.0	-1.0	0.0	0.0	0.0	-1.0	0.0
02:02:27	29.1	197.9	181.2	163.2	190.4	185.4	215.8	0.0	43.2	-0.3	0.0	0.0	197.9	163.2	5.8	4.0	183.6	180.6	229.9	229.9	229.4	241.3	99.0	29.0	0.7	0.0	232.2	215.0	43.5	67.8	5.6	61.4	0.0	35.5	.Autoclave.Outputs.PRESSIP\OutputValue	8.0	34.8	32.0	-1.0	0.0	-1.0	-1.0	-1.0	0.0	0.0	0.0	-1.0	-1.0	0.0	0.0	0.0	-1.0	0.0
02:03:27	30.1	203.2	184.9	167.0	196.7	190.0	201.8	0.0	43.5	-0.1	0.0	0.0	203.2	167.0	5.5	4.2	188.4	185.1	233.5	233.7	233.1	245.4	99.0	30.0	1.7	0.0	235.8	219.5	44.0	68.7	5.9	63.5	0.0	37.3	.Autoclave.Outputs.PRESSIP\OutputValue	8.0	36.3	30.3	-1.0	0.0	-1.0	-1.0	-1.0	0.0	0.0	0.0	-1.0	-1.0	0.0	0.0	0.0	-1.0	0.0
02:04:27	31.0	207.2	188.9	171.6	209.6	194.0	209.7	0.0	43.6	-0.1	0.0	0.0	209.6	171.6	14.2	4.1	194.3	190.6	236.8	236.8	236.4	246.0	98.9	31.0	2.7	0.0	238.6	224.0	44.0	65.1	6.0	62.3	0.0	30.2	.Autoclave.Outputs.PRESSIP\OutputValue	8.0	38.0	27.2	-1.0	0.0	-1.0	-1.0	-1.0	0.0	0.0	0.0	-1.0	-1.0	0.0	0.0	0.0	-1.0	0.0
02:05:27	32.1	211.6	192.5	176.2	214.3	197.9	219.3	0.0	44.0	-0.1	0.0	0.0	214.3	176.2	5.0	3.6	198.5	195.2	240.5	240.5	239.9	251.9	98.8	32.0	3.7	0.0	242.9	228.5	44.0	71.3	6.2	58.2	0.0	42.6	.Autoclave.Outputs.PRESSIP\OutputValue	8.0	38.1	26.2	-1.0	0.0	-1.0	-1.0	-1.0	0.0	0.0	0.0	-1.0	-1.0	0.0	0.0	0.0	-1.0	0.0
02:06:27	33.1	216.2	196.5	180.6	219.0	202.2	216.4	0.0	44.3	-0.1	0.0	0.0	219.0	180.6	4.5	4.2	202.9	199.8	244.7	244.7	244.2	256.9	98.9	33.0	4.7	0.0	247.0	233.0	44.0	73.5	6.4	54.7	0.0	47.0	.Autoclave.Outputs.PRESSIP\OutputValue	7.8	38.4	25.7	-1.0	0.0	-1.0	-1.0	-1.0	0.0	0.0	0.0	-1.0	-1.0	0.0	0.0	0.0	-1.0	0.0
02:07:27	34.0	221.0	200.3	184.9	223.4	206.5	216.9	0.0	44.7	-0.1	0.0	0.0	223.4	184.9	5.2	4.0	207.2	204.1	249.4	249.5	248.9	261.9	98.9	34.0	5.7	0.0	251.6	237.5	44.0	70.2	6.7	50.4	0.0	40.3	.Autoclave.Outputs.PRESSIP\OutputValue	6.8	38.5	26.0	-1.0	0.0	-1.0	-1.0	-1.0	0.0	0.0	0.0	-1.0	-1.0	0.0	0.0	0.0	-1.0	0.0
02:08:27	35.1	225.5	205.1	188.5	227.8	210.9	233.8	0.0	44.9	-0.1	0.0	0.0	227.8	188.5	5.0	3.6	211.5	208.1	254.2	254.3	253.7	265.5	98.8	35.0	6.7	0.0	256.0	242.0	44.0	70.9	6.9	45.8	0.0	41.8	.Autoclave.Outputs.PRESSIP\OutputValue	5.2	39.3	26.4	-1.0	0.0	-1.0	-1.0	-1.0	0.0	0.0	0.0	-1.0	-1.0	0.0	0.0	0.0	-1.0	0.0
02:09:27	36.1	229.6	208.8	193.4	231.9	215.1	231.4	0.0	44.0	-0.1	0.0	0.0	231.9	193.4	4.7	2.7	215.7	212.6	259.3	259.3	258.5	270.2	98.9	36.0	7.7	0.0	261.0	246.5	44.0	66.7	7.1	55.0	0.0	33.3	.Autoclave.Outputs.PRESSIP\OutputValue	5.0	38.5	27.4	-1.0	0.0	-1.0	-1.0	-1.0	0.0	0.0	0.0	-1.0	-1.0	0.0	0.0	0.0	-1.0	0.0
02:10:27	37.1	235.2	213.0	196.5	236.3	219.3	243.4	0.0	44.5	-0.1	0.0	0.0	236.3	196.5	5.4	4.1	220.0	216.4	263.8	263.9	263.3	276.8	98.9	37.0	8.7	0.0	266.1	251.0	44.0	70.3	7.3	49.7	0.0	40.6	.Autoclave.Outputs.PRESSIP\OutputValue	4.5	39.8	27.5	-1.0	0.0	-1.0	-1.0	-1.0	0.0	0.0	0.0	-1.0	-1.0	0.0	0.0	0.0	-1.0	0.0
02:11:27	38.0	239.0	217.3	199.7	240.2	223.6	245.4	0.0	44.8	-0.1	0.0	0.0	240.2	199.7	4.7	3.9	223.9	219.9	268.7	268.8	268.1	281.5	98.9	38.0	9.7	0.0	270.8	255.5	44.0	69.6	7.5	45.4	0.0	39.3	.Autoclave.Outputs.PRESSIP\OutputValue	3.3	40.5	28.5	-1.0	0.0	-1.0	-1.0	-1.0	0.0	0.0	0.0	-1.0	-1.0	0.0	0.0	0.0	-1.0	0.0
02:12:27	39.1	244.0	221.1	205.4	244.2	227.8	251.7	0.0	44.2	-0.1	0.0	0.0	244.2	205.4	4.7	3.6	228.5	224.8	273.1	273.1	272.4	284.6	98.8	39.0	10.7	0.0	275.5	260.0	44.0	73.8	7.8	50.1	0.0	47.6	.Autoclave.Outputs.PRESSIP\OutputValue	1.6	38.8	28.9	-1.0	0.0	-1.0	-1.0	-1.0	0.0	0.0	0.0	-1.0	-1.0	0.0	0.0	0.0	-1.0	0.0
02:13:27	40.1	248.5	225.4	210.3	248.6	232.2	251.9	0.0	44.6	-0.1	0.0	0.0	248.6	210.3	4.5	4.1	233.0	229.4	278.2	278.3	277.5	290.9	98.8	40.0	11.7	0.0	280.5	264.5	44.0	71.5	8.0	45.3	0.0	42.9	.Autoclave.Outputs.PRESSIP\OutputValue	0.8	38.3	29.6	-1.0	0.0	-1.0	-1.0	-1.0	0.0	0.0	0.0	-1.0	-1.0	0.0	0.0	0.0	-1.0	0.0
02:14:27	41.0	253.0	229.8	214.4	252.8	236.7	0.0	0.0	44.9	-0.1	0.0	0.0	253.0	214.4	5.1	4.4	237.3	233.7	282.5	282.5	281.8	295.2	98.9	41.0	12.7	0.0	285.2	269.0	44.0	73.3	8.2	40.7	0.0	46.6	.Autoclave.Outputs.PRESSIP\OutputValue	-0.6	38.6	29.6	-1.0	0.0	-1.0	-1.0	-1.0	0.0	0.0	0.0	-1.0	-1.0	0.0	0.0	0.0	-1.0	0.0
02:15:27	42.1	257.8	233.4	219.6	257.4	240.5	0.0	0.0	44.0	-0.1	0.0	0.0	257.8	219.6	4.6	3.8	241.7	238.7	286.9	286.9	286.4	300.8	98.9	42.0	13.7	0.0	289.4	273.5	44.0	71.6	8.4	49.2	0.0	43.2	.Autoclave.Outputs.PRESSIP\OutputValue	-1.1	38.2	29.2	-1.0	0.0	-1.0	-1.0	-1.0	0.0	0.0	0.0	-1.0	-1.0	0.0	0.0	0.0	-1.0	0.0
02:16:27	43.1	262.4	237.4	224.1	261.9	244.0	0.0	0.0	44.2	-0.1	0.0	0.0	262.4	224.1	5.2	3.7	246.0	243.2	291.4	291.4	290.7	303.7	98.9	43.0	14.7	0.0	293.3	278.0	44.0	69.2	8.6	46.6	0.0	38.3	.Autoclave.Outputs.PRESSIP\OutputValue	-1.3	38.3	29.1	-1.0	0.0	-1.0	-1.0	-1.0	0.0	0.0	0.0	-1.0	-1.0	0.0	0.0	0.0	-1.0	0.0
02:17:27	44.0	266.5	241.9	228.1	266.3	246.9	0.0	0.0	44.5	-0.1	0.0	0.0	266.5	228.1	4.5	3.7	249.9	247.3	296.3	296.3	295.5	309.3	98.8	44.0	15.7	0.0	298.4	282.5	44.0	71.2	8.9	42.7	0.0	42.4	.Autoclave.Outputs.PRESSIP\OutputValue	-2.0	38.4	29.9	-1.0	0.0	-1.0	-1.0	-1.0	0.0	0.0	0.0	-1.0	-1.0	0.0	0.0	0.0	-1.0	0.0
02:18:27	45.1	271.5	246.7	233.3	270.4	252.6	274.2	0.0	44.9	-0.1	0.0	0.0	271.5	233.3	4.9	4.3	254.9	252.4	300.4	300.4	299.6	314.1	98.8	45.0	16.7	0.0	302.4	287.0	44.0	70.6	9.1	37.9	0.0	41.2	.Autoclave.Outputs.PRESSIP\OutputValue	-3.4	38.2	29.0	-1.0	0.0	-1.0	-1.0	-1.0	0.0	0.0	0.0	-1.0	-1.0	0.0	0.0	0.0	-1.0	0.0
02:19:27	46.1	275.8	250.7	237.6	274.9	255.5	0.0	0.0	43.9	-0.1	0.0	0.0	275.8	237.6	4.3	2.6	258.9	256.7	305.3	305.3	304.7	319.3	98.7	46.0	17.7	0.0	306.8	291.5	44.0	66.8	9.3	47.3	0.0	33.6	.Autoclave.Outputs.PRESSIP\OutputValue	-4.0	38.2	29.6	-1.0	0.0	-1.0	-1.0	-1.0	0.0	0.0	0.0	-1.0	-1.0	0.0	0.0	0.0	-1.0	0.0
02:20:27	47.0	279.9	254.8	242.0	279.5	261.8	0.0	0.0	44.1	-0.1	0.0	0.0	279.9	242.0	5.8	4.6	263.6	260.9	309.7	309.7	308.8	322.2	98.8	47.0	18.7	0.0	312.1	296.0	44.0	73.8	9.5	44.7	0.0	47.6	.Autoclave.Outputs.PRESSIP\OutputValue	-4.0	37.9	29.8	-1.0	0.0	-1.0	-1.0	-1.0	0.0	0.0	0.0	-1.0	-1.0	0.0	0.0	0.0	-1.0	0.0
02:21:27	48.1	284.8	259.0	243.7	284.2	266.5	0.0	0.1	44.5	-0.1	0.1	0.1	284.8	243.7	5.0	3.1	267.6	264.2	314.6	314.7	314.0	327.8	98.7	48.0	19.7	0.0	316.1	300.5	44.0	67.8	9.7	40.6	0.0	35.7	.Autoclave.Outputs.PRESSIP\OutputValue	-4.7	41.1	29.8	-1.0	0.0	-1.0	-1.0	-1.0	0.0	0.0	0.0	-1.0	-1.0	0.0	0.0	0.0	-1.0	0.0
02:22:27	49.1	289.1	263.6	250.9	288.7	271.1	0.0	0.1	44.7	-0.1	0.1	0.1	289.1	250.9	6.0	4.3	272.7	270.0	319.0	319.1	318.3	331.6	98.9	49.0	20.7	0.0	321.0	305.0	44.0	71.4	9.9	36.8	0.0	42.8	.Autoclave.Outputs.PRESSIP\OutputValue	-5.9	38.2	29.9	-1.0	0.0	-1.0	-1.0	-1.0	0.0	0.0	0.0	-1.0	-1.0	0.0	0.0	0.0	-1.0	0.0
02:23:27	50.0	293.5	267.7	255.4	293.2	275.7	0.0	0.1	44.2	-0.1	0.1	0.1	293.5	255.4	4.8	3.9	277.1	274.4	323.4	323.4	322.5	337.6	98.9	50.0	21.7	0.0	325.5	309.5	44.0	73.0	10.1	41.9	0.0	45.9	.Autoclave.Outputs.PRESSIP\OutputValue	-6.0	38.0	29.9	-1.0	0.0	-1.0	-1.0	-1.0	0.0	0.0	0.0	-1.0	-1.0	0.0	0.0	0.0	-1.0	0.0
02:24:27	51.0	298.2	272.2	259.4	297.7	280.2	0.0	0.1	44.5	-0.1	0.1	0.1	298.2	259.4	5.0	4.3	281.5	278.8	328.3	328.3	327.5	340.9	98.9	51.0	22.7	0.0	329.8	314.0	44.0	68.6	10.3	39.3	0.0	37.2	.Autoclave.Outputs.PRESSIP\OutputValue	-6.0	38.7	30.1	-1.0	0.0	-1.0	-1.0	-1.0	0.0	0.0	0.0	-1.0	-1.0	0.0	0.0	0.0	-1.0	0.0
02:25:27	52.1	302.8	277.1	264.8	301.8	284.9	0.0	0.1	44.8	-0.1	0.1	0.1	302.8	264.8	5.4	4.5	286.3	283.8	332.8	332.9	332.1	345.5	98.9	52.0	23.7	0.0	334.5	318.5	44.0	67.3	10.5	36.3	0.0	34.6	.Autoclave.Outputs.PRESSIP\OutputValue	-6.0	37.9	30.0	-1.0	0.0	-1.0	-1.0	-1.0	0.0	0.0	0.0	-1.0	-1.0	0.0	0.0	0.0	-1.0	0.0
02:26:27	53.1	306.9	281.3	269.5	306.5	289.6	0.0	0.1	43.9	-0.1	0.1	0.1	306.9	269.5	4.9	4.1	290.8	288.2	337.0	337.0	336.1	351.9	98.8	53.0	24.7	0.0	339.3	323.0	44.0	74.8	10.7	45.6	0.0	49.7	.Autoclave.Outputs.PRESSIP\OutputValue	-5.9	37.3	30.1	-1.0	0.0	-1.0	-1.0	-1.0	0.0	0.0	0.0	-1.0	-1.0	0.0	0.0	0.0	-1.0	0.0
02:27:27	54.0	311.6	285.7	274.1	311.0	294.2	0.0	0.1	44.1	-0.1	0.1	0.1	311.6	274.1	4.8	4.4	295.3	292.9	341.4	341.4	340.7	355.6	99.0	54.0	25.7	0.0	343.5	327.5	44.0	72.4	10.9	43.1	0.0	44.7	.Autoclave.Outputs.PRESSIP\OutputValue	-5.8	37.4	29.8	-1.0	0.0	-1.0	-1.0	-1.0	0.0	0.0	0.0	-1.0	-1.0	0.0	0.0	0.0	-1.0	0.0
02:28:27	55.1	316.2	290.2	278.5	315.4	298.8	0.0	0.1	44.4	-0.1	0.1	0.1	316.2	278.5	4.8	4.2	299.8	297.4	345.9	346.0	345.1	359.5	98.9	55.0	26.7	0.0	347.5	332.0	44.0	74.5	11.1	40.0	0.0	49.0	.Autoclave.Outputs.PRESSIP\OutputValue	-6.0	37.6	29.7	-1.0	0.0	-1.0	-1.0	-1.0	0.0	0.0	0.0	-1.0	-1.0	0.0	0.0	0.0	-1.0	0.0
02:29:27	56.1	320.3	294.2	283.1	320.1	303.6	0.0	0.1	44.7	-0.1	0.1	0.1	320.3	283.1	5.0	3.9	304.3	301.7	350.7	350.7	350.0	364.8	98.9	56.0	27.7	0.0	352.6	336.5	44.0	74.5	11.3	36.6	0.0	49.0	.Autoclave.Outputs.PRESSIP\OutputValue	-6.0	37.1	30.4	-1.0	0.0	-1.0	-1.0	-1.0	0.0	0.0	0.0	-1.0	-1.0	0.0	0.0	0.0	-1.0	0.0
02:30:27	57.0	325.2	298.8	287.7	324.7	308.2	0.0	0.1	45.0	-0.1	0.1	0.1	325.2	287.7	4.8	4.0	308.9	306.5	355.2	355.2	354.4	368.7	98.9	57.0	28.7	0.0	357.0	341.0	44.0	68.8	11.5	34.2	0.0	37.6	.Autoclave.Outputs.PRESSIP\OutputValue	-6.0	37.4	30.0	-1.0	0.0	-1.0	-1.0	-1.0	0.0	0.0	0.0	-1.0	-1.0	0.0	0.0	0.0	-1.0	0.0
02:31:27	58.1	329.5	302.8	292.4	329.2	311.5	0.0	0.1	43.9	-0.1	0.1	0.1	329.5	292.4	5.8	3.3	313.1	311.0	360.2	360.2	359.3	372.7	98.8	58.0	29.7	0.0	361.3	345.5	44.0	68.5	11.7	44.8	0.0	37.0	.Autoclave.Outputs.PRESSIP\OutputValue	-5.8	37.0	30.7	-1.0	0.0	-1.0	-1.0	-1.0	0.0	0.0	0.0	-1.0	-1.0	0.0	0.0	0.0	-1.0	0.0
02:32:27	59.1	333.9	308.0	296.4	333.5	317.5	0.0	0.1	44.3	-0.1	0.1	0.1	333.9	296.4	4.7	4.1	317.9	315.2	364.1	364.1	363.4	378.3	98.9	59.0	30.7	0.0	365.9	350.0	44.0	72.5	11.9	41.4	0.0	45.1	.Autoclave.Outputs.PRESSIP\OutputValue	-5.9	37.4	30.2	-1.0	0.0	-1.0	-1.0	-1.0	0.0	0.0	0.0	-1.0	-1.0	0.0	0.0	0.0	-1.0	0.0
02:33:27	60.0	338.6	312.2	301.3	338.2	322.2	349.5	0.1	44.5	-0.1	0.1	0.1	338.6	301.3	4.8	3.9	322.5	320.0	369.0	369.1	368.1	382.6	98.9	60.0	31.7	0.0	370.5	354.5	44.0	71.3	12.1	38.7	0.0	42.6	.Autoclave.Outputs.PRESSIP\OutputValue	-6.0	37.2	30.4	-1.0	0.0	-1.0	-1.0	-1.0	0.0	0.0	0.0	-1.0	-1.0	0.0	0.0	0.0	-1.0	0.0
02:34:27	61.1	341.0	316.6	304.9	340.8	326.4	352.1	0.1	44.4	-0.1	0.1	0.1	341.0	304.9	4.4	3.0	325.9	323.0	369.2	369.2	368.4	378.2	98.9	61.0	32.7	0.0	369.1	355.0	44.0	59.7	12.1	39.7	0.0	19.3	.Autoclave.Outputs.PRESSIP\OutputValue	-6.0	36.0	28.2	-1.0	0.0	-1.0	-1.0	-1.0	0.0	0.0	0.0	-1.0	-1.0	0.0	0.0	0.0	-1.0	0.0
02:35:27	62.1	342.3	319.5	308.8	342.6	330.0	353.0	0.1	44.4	-0.1	0.1	0.1	342.6	308.8	3.6	-0.3	328.6	325.7	367.5	367.5	366.9	375.4	98.9	62.0	33.7	0.0	367.4	355.0	44.0	58.2	12.1	40.0	0.0	16.4	.Autoclave.Outputs.PRESSIP\OutputValue	-6.0	33.8	24.9	-1.0	0.0	-1.0	-1.0	-1.0	0.0	0.0	0.0	-1.0	-1.0	0.0	0.0	0.0	-1.0	0.0
02:36:27	63.0	343.3	322.1	312.8	344.4	333.2	354.0	0.1	44.3	-0.1	0.1	0.1	344.4	312.8	7.3	1.5	331.1	328.6	366.4	366.3	365.5	373.2	98.9	63.0	34.7	0.0	365.7	355.0	44.0	55.5	12.0	40.8	0.0	10.9	.Autoclave.Outputs.PRESSIP\OutputValue	-6.0	31.6	22.0	-1.0	0.0	-1.0	-1.0	-1.0	0.0	0.0	0.0	-1.0	-1.0	0.0	0.0	0.0	-1.0	0.0
02:37:27	64.1	344.3	324.5	316.1	345.4	336.0	353.9	0.1	43.8	-0.1	0.1	0.1	345.4	316.1	3.4	0.6	333.2	330.7	364.6	364.4	363.6	360.6	98.8	64.0	35.7	0.0	364.6	355.0	44.0	59.4	11.9	45.9	0.0	18.8	.Autoclave.Outputs.PRESSIP\OutputValue	-6.0	29.3	19.2	-1.0	0.0	-1.0	-1.0	-1.0	0.0	0.0	0.0	-1.0	-1.0	0.0	0.0	0.0	-1.0	0.0
02:38:27	65.1	344.5	326.1	318.6	345.6	337.8	352.8	0.1	44.2	-0.1	0.1	0.1	345.6	318.6	2.5	-0.2	334.5	332.1	360.8	360.8	360.0	371.8	98.9	65.0	36.7	0.0	364.4	355.0	44.0	73.1	0.3	41.7	0.0	46.2	.Autoclave.Outputs.PRESSIP\OutputValue	-5.8	27.0	15.2	-1.0	0.0	-1.0	-1.0	-1.0	0.0	0.0	0.0	-1.0	-1.0	0.0	0.0	0.0	-1.0	0.0
02:39:27	66.0	345.5	328.5	321.4	347.2	338.1	353.8	0.1	44.2	-0.1	0.1	0.1	347.2	321.4	3.0	1.6	336.1	334.3	361.6	361.6	360.7	368.2	98.9	66.0	37.7	0.0	362.8	355.0	44.0	55.9	0.5	42.5	0.0	11.9	.Autoclave.Outputs.PRESSIP\OutputValue	-6.0	25.8	14.4	-1.0	0.0	-1.0	-1.0	-1.0	0.0	0.0	0.0	-1.0	-1.0	0.0	0.0	0.0	-1.0	0.0
02:40:27	67.0	346.2	330.7	323.8	348.3	340.9	354.2	0.1	44.1	-0.1	0.1	0.1	348.3	323.8	2.5	0.9	338.0	336.0	360.5	360.6	359.8	367.1	98.9	67.0	38.7	0.0	361.8	355.0	44.0	57.4	0.6	42.9	0.0	14.8	.Autoclave.Outputs.PRESSIP\OutputValue	-6.0	24.5	12.2	-1.0	0.0	-1.0	-1.0	-1.0	0.0	0.0	0.0	-1.0	-1.0	0.0	0.0	0.0	-1.0	0.0
02:41:27	68.1	346.6	332.2	326.1	349.0	343.8	354.2	0.1	44.1	-0.1	0.1	0.1	349.0	326.1	2.3	0.4	339.5	337.5	359.9	359.9	359.2	366.1	98.8	68.0	39.7	0.0	361.0	355.0	44.0	56.2	0.7	43.1	0.0	12.4	.Autoclave.Outputs.PRESSIP\OutputValue	-6.0	22.9	10.9	-1.0	0.0	-1.0	-1.0	-1.0	0.0	0.0	0.0	-1.0	-1.0	0.0	0.0	0.0	-1.0	0.0
02:42:27	69.1	347.5	333.0	328.2	349.7	345.2	354.5	0.1	44.1	-0.1	0.1	0.1	349.7	328.2	2.1	0.7	340.7	338.9	359.2	359.2	358.5	365.6	98.9	69.0	40.7	0.0	360.3	355.0	44.0	57.0	0.8	43.2	0.0	13.9	.Autoclave.Outputs.PRESSIP\OutputValue	-6.0	21.5	9.5	-1.0	0.0	-1.0	-1.0	-1.0	0.0	0.0	0.0	-1.0	-1.0	0.0	0.0	0.0	-1.0	0.0
02:43:27	70.0	347.9	335.4	329.6	350.2	346.4	354.6	0.1	44.1	-0.1	0.1	0.1	350.2	329.6	1.8	0.4	341.9	339.9	358.9	358.9	358.0	365.0	99.0	70.0	41.7	0.0	359.8	355.0	44.0	55.1	0.9	43.2	0.0	10.1	.Autoclave.Outputs.PRESSIP\OutputValue	-6.0	20.6	8.7	-1.0	0.0	-1.0	-1.0	-1.0	0.0	0.0	0.0	-1.0	-1.0	0.0	0.0	0.0	-1.0	0.0
02:44:27	71.1	348.5	336.9	331.6	350.8	347.4	354.5	0.1	44.1	-0.1	0.1	0.1	350.8	331.6	1.9	0.4	343.0	341.2	358.2	358.2	357.4	364.4	99.0	71.0	42.7	0.0	359.2	355.0	44.0	55.2	1.0	43.4	0.0	10.3	.Autoclave.Outputs.PRESSIP\OutputValue	-6.0	19.2	7.4	-1.0	0.0	-1.0	-1.0	-1.0	0.0	0.0	0.0	-1.0	-1.0	0.0	0.0	0.0	-1.0	0.0
02:45:27	72.1	349.0	337.9	332.3	351.3	348.4	354.7	0.1	44.0	-0.1	0.1	0.1	351.3	332.3	1.3	0.4	343.8	341.8	358.0	358.0	357.2	363.7	99.1	72.0	43.7	0.0	358.8	355.0	44.0	54.6	1.1	43.6	0.0	9.2	.Autoclave.Outputs.PRESSIP\OutputValue	-6.0	19.0	6.7	-1.0	0.0	-1.0	-1.0	-1.0	0.0	0.0	0.0	-1.0	-1.0	0.0	0.0	0.0	-1.0	0.0
02:46:27	73.0	349.3	339.0	334.8	351.7	349.1	354.5	0.1	44.0	-0.1	0.1	0.1	351.7	334.8	2.3	0.3	344.8	343.2	357.6	357.5	356.8	363.1	99.0	73.0	44.7	0.0	358.3	355.0	44.0	54.0	1.2	43.8	0.0	8.0	.Autoclave.Outputs.PRESSIP\OutputValue	-6.0	16.9	5.9	-1.0	0.0	-1.0	-1.0	-1.0	0.0	0.0	0.0	-1.0	-1.0	0.0	0.0	0.0	-1.0	0.0
02:47:27	74.1	349.6	340.0	335.8	352.1	349.9	354.7	0.1	44.1	-0.1	0.1	0.1	352.1	335.8	1.3	0.3	345.5	343.9	357.2	357.2	356.3	362.9	99.0	74.0	45.7	0.0	357.8	355.0	44.0	54.1	1.3	43.4	0.0	8.2	.Autoclave.Outputs.PRESSIP\OutputValue	-6.0	16.3	5.1	-1.0	0.0	-1.0	-1.0	-1.0	0.0	0.0	0.0	-1.0	-1.0	0.0	0.0	0.0	-1.0	0.0
02:48:27	75.1	350.0	340.9	337.6	352.4	350.5	354.7	0.1	44.0	-0.1	0.1	0.1	352.4	337.6	1.8	-0.2	346.3	345.0	356.9	356.9	356.1	362.5	99.0	75.0	46.7	0.0	357.6	355.0	44.0	54.2	1.3	43.6	0.0	8.3	.Autoclave.Outputs.PRESSIP\OutputValue	-6.0	14.8	4.5	-1.0	0.0	-1.0	-1.0	-1.0	0.0	0.0	0.0	-1.0	-1.0	0.0	0.0	0.0	-1.0	0.0
02:49:27	76.0	350.3	341.8	338.4	352.6	351.0	354.5	0.1	44.0	-0.1	0.1	0.1	352.6	338.4	1.4	0.3	346.8	345.5	356.6	356.6	355.7	362.4	99.1	76.0	47.7	0.0	357.4	355.0	44.0	56.2	1.4	43.8	0.0	12.5	.Autoclave.Outputs.PRESSIP\OutputValue	-6.0	14.2	4.0	-1.0	0.0	-1.0	-1.0	-1.0	0.0	0.0	0.0	-1.0	-1.0	0.0	0.0	0.0	-1.0	0.0
02:50:27	77.1	350.5	342.7	339.5	352.9	351.3	355.0	0.1	44.1	-0.1	0.1	0.1	352.9	339.5	0.9	0.2	347.4	346.2	356.4	356.4	355.7	362.2	99.0	77.0	48.7	0.0	357.1	355.0	44.0	53.7	1.5	43.4	0.0	7.3	.Autoclave.Outputs.PRESSIP\OutputValue	-6.0	13.4	3.5	-1.0	0.0	-1.0	-1.0	-1.0	0.0	0.0	0.0	-1.0	-1.0	0.0	0.0	0.0	-1.0	0.0
02:51:27	78.1	350.9	343.6	340.7	353.2	351.7	354.7	0.1	44.0	-0.1	0.1	0.1	353.2	340.7	1.3	0.2	348.0	346.9	356.2	356.1	355.4	361.8	99.1	78.0	49.7	0.0	356.9	355.0	44.0	53.7	1.6	43.6	0.0	7.5	.Autoclave.Outputs.PRESSIP\OutputValue	-6.0	12.5	3.0	-1.0	0.0	-1.0	-1.0	-1.0	0.0	0.0	0.0	-1.0	-1.0	0.0	0.0	0.0	-1.0	0.0
02:52:27	79.0	351.0	344.2	340.6	353.3	350.8	354.1	0.1	44.0	-0.1	0.1	0.1	353.3	340.6	0.6	-0.1	348.0	346.9	355.9	356.0	355.2	361.5	99.2	79.0	50.7	0.0	356.7	355.0	44.0	54.5	1.6	43.6	0.0	8.9	.Autoclave.Outputs.PRESSIP\OutputValue	-6.0	12.7	2.6	-1.0	0.0	-1.0	-1.0	-1.0	0.0	0.0	0.0	-1.0	-1.0	0.0	0.0	0.0	-1.0	0.0
02:53:27	80.1	351.3	344.9	341.7	353.5	352.5	354.7	0.1	44.1	-0.1	0.1	0.1	353.5	341.7	0.8	0.1	348.8	347.6	355.9	355.8	355.2	361.5	99.1	80.0	51.7	0.0	356.4	355.0	44.0	53.9	1.7	43.6	0.0	7.7	.Autoclave.Outputs.PRESSIP\OutputValue	-6.0	11.8	2.4	-1.0	0.0	-1.0	-1.0	-1.0	0.0	0.0	0.0	-1.0	-1.0	0.0	0.0	0.0	-1.0	0.0
02:54:27	81.1	351.3	345.5	342.6	353.6	352.8	355.0	0.1	44.0	-0.1	0.1	0.1	353.6	342.6	1.2	0.1	349.1	348.1	355.8	355.7	355.1	361.4	99.2	81.0	52.7	0.0	356.4	355.0	44.0	54.6	1.8	43.4	0.0	9.2	.Autoclave.Outputs.PRESSIP\OutputValue	-6.0	11.0	2.2	-1.0	0.0	-1.0	-1.0	-1.0	0.0	0.0	0.0	-1.0	-1.0	0.0	0.0	0.0	-1.0	0.0
02:55:27	82.1	351.7	346.2	343.8	353.6	352.9	354.3	0.1	44.0	-0.1	0.1	0.1	353.6	343.8	1.1	-0.7	349.6	348.7	355.5	355.6	354.9	361.1	99.1	82.0	53.7	0.0	356.2	355.0	44.0	55.3	1.8	43.6	0.0	10.7	.Autoclave.Outputs.PRESSIP\OutputValue	-6.0	9.8	1.9	-1.0	0.0	-1.0	-1.0	-1.0	0.0	0.0	0.0	-1.0	-1.0	0.0	0.0	0.0	-1.0	0.0
02:56:27	83.0	351.5	346.7	344.8	353.8	352.7	355.4	0.1	44.1	-0.1	0.1	0.1	353.8	344.8	1.1	0.0	349.9	349.3	355.4	355.4	354.9	361.5	99.2	83.0	54.7	0.0	356.2	355.0	44.0	54.1	1.9	43.2	0.0	8.2	.Autoclave.Outputs.PRESSIP\OutputValue	-6.0	9.0	1.6	-1.0	0.0	-1.0	-1.0	-1.0	0.0	0.0	0.0	-1.0	-1.0	0.0	0.0	0.0	-1.0	0.0
02:57:20	83.9	351.8	347.2	345.3	353.8	353.2	354.9	0.1	44.1	-0.1	0.1	0.1	353.8	345.3	0.7	0.0	350.2	349.5	355.5	355.6	355.0	360.9	99.1	83.9	55.6	0.0	356.1	355.0	44.0	54.8	2.0	43.2	0.0	9.6	.Autoclave.Outputs.PRESSIP\OutputValue	-6.0	8.5	1.6	-1.0	0.0	-1.0	-1.0	-1.0	0.0	0.0	0.0	-1.0	-1.0	0.0	0.0	0.0	-1.0	0.0
02:57:27	84.1	351.7	347.2	345.2	353.9	353.1	354.9	0.1	44.1	-0.1	0.1	0.1	353.9	345.2	0.9	0.0	350.2	349.5	355.6	355.4	354.9	361.0	99.2	84.0	0.1	89.9	356.2	355.0	44.0	54.1	2.0	43.6	0.0	8.3	.Autoclave.Outputs.PRESSIP\OutputValue	-6.0	8.7	1.7	-1.0	0.0	-1.0	-1.0	-1.0	0.0	0.0	0.0	-1.0	-1.0	0.0	0.0	0.0	-1.0	0.0
02:58:27	85.1	352.1	347.7	346.0	353.9	353.3	354.9	0.1	44.0	-0.1	0.1	0.1	353.9	346.0	0.6	0.1	350.6	349.9	355.4	355.5	354.9	360.9	99.2	85.0	1.1	88.9	356.1	355.0	44.0	53.5	2.0	43.4	0.0	7.1	.Autoclave.Outputs.PRESSIP\OutputValue	-6.0	7.9	1.5	-1.0	0.0	-1.0	-1.0	-1.0	0.0	0.0	0.0	-1.0	-1.0	0.0	0.0	0.0	-1.0	0.0
02:59:27	86.0	352.1	348.2	346.4	354.1	353.5	355.5	0.1	44.1	-0.1	0.1	0.1	354.1	346.4	0.7	0.1	350.8	350.2	355.3	355.3	354.7	361.3	99.0	86.0	2.1	87.9	356.0	355.0	44.0	54.3	2.1	43.1	0.0	8.5	.Autoclave.Outputs.PRESSIP\OutputValue	-6.0	7.7	1.2	-1.0	0.0	-1.0	-1.0	-1.0	0.0	0.0	0.0	-1.0	-1.0	0.0	0.0	0.0	-1.0	0.0
03:00:27	87.1	352.1	348.5	346.9	354.1	353.5	354.9	0.1	44.1	-0.1	0.1	0.1	354.1	346.9	0.4	-0.2	351.0	350.5	355.2	355.2	354.7	360.8	99.2	87.0	3.1	86.9	355.8	355.0	44.0	55.7	2.2	43.2	0.0	11.3	.Autoclave.Outputs.PRESSIP\OutputValue	-6.0	7.2	1.1	-1.0	0.0	-1.0	-1.0	-1.0	0.0	0.0	0.0	-1.0	-1.0	0.0	0.0	0.0	-1.0	0.0
03:01:27	88.1	352.3	348.9	347.5	354.2	353.6	354.5	0.1	44.1	-0.1	0.1	0.1	354.2	347.5	0.6	0.0	351.3	350.8	355.3	355.3	354.8	360.7	99.2	88.0	4.1	85.9	355.9	355.0	44.0	53.7	2.2	42.9	0.0	7.5	.Autoclave.Outputs.PRESSIP\OutputValue	-6.0	6.7	1.1	-1.0	0.0	-1.0	-1.0	-1.0	0.0	0.0	0.0	-1.0	-1.0	0.0	0.0	0.0	-1.0	0.0
03:02:27	89.0	352.8	349.3	347.6	354.3	353.6	354.9	0.1	44.1	-0.1	0.1	0.1	354.3	347.6	0.4	0.0	351.5	350.9	355.3	355.3	354.7	359.9	99.2	89.0	5.1	84.9	355.8	355.0	44.0	53.8	2.3	43.4	0.0	7.6	.Autoclave.Outputs.PRESSIP\OutputValue	-6.0	6.7	1.0	-1.0	0.0	-1.0	-1.0	-1.0	0.0	0.0	0.0	-1.0	-1.0	0.0	0.0	0.0	-1.0	0.0
03:03:27	90.1	352.8	349.6	348.3	354.3	353.7	354.8	0.1	44.1	-0.1	0.1	0.1	354.3	348.3	0.7	-0.2	351.7	351.3	355.1	355.1	354.6	360.9	99.4	90.0	6.1	83.9	355.7	355.0	44.0	53.8	2.4	42.7	0.0	7.7	.Autoclave.Outputs.PRESSIP\OutputValue	-6.0	6.0	0.8	-1.0	0.0	-1.0	-1.0	-1.0	0.0	0.0	0.0	-1.0	-1.0	0.0	0.0	0.0	-1.0	0.0
03:04:27	91.1	352.7	349.8	348.7	354.3	353.9	355.3	0.1	44.1	-0.1	0.1	0.1	354.3	348.7	0.5	0.1	351.9	351.5	355.2	355.2	354.5	360.5	99.4	91.0	7.1	82.9	355.7	355.0	44.0	53.9	2.4	42.9	0.0	7.8	.Autoclave.Outputs.PRESSIP\OutputValue	-6.0	5.6	0.9	-1.0	0.0	-1.0	-1.0	-1.0	0.0	0.0	0.0	-1.0	-1.0	0.0	0.0	0.0	-1.0	0.0
03:05:27	92.0	352.5	350.1	349.0	354.3	353.8	354.9	0.1	44.1	-0.1	0.1	0.1	354.3	349.0	0.4	-0.1	351.9	351.6	355.1	355.1	354.7	360.1	99.4	92.0	8.1	81.9	355.7	355.0	44.0	54.6	2.5	42.9	0.0	9.2	.Autoclave.Outputs.PRESSIP\OutputValue	-6.0	5.3	0.8	-1.0	0.0	-1.0	-1.0	-1.0	0.0	0.0	0.0	-1.0	-1.0	0.0	0.0	0.0	-1.0	0.0
03:06:27	93.1	352.9	350.5	348.4	354.3	353.8	354.6	0.1	44.1	-0.1	0.1	0.1	354.3	348.4	0.3	-0.8	352.0	351.3	355.2	355.1	354.7	360.7	99.4	93.0	9.1	80.9	355.7	355.0	44.0	53.3	2.5	42.7	0.0	6.7	.Autoclave.Outputs.PRESSIP\OutputValue	-6.0	5.9	0.9	-1.0	0.0	-1.0	-1.0	-1.0	0.0	0.0	0.0	-1.0	-1.0	0.0	0.0	0.0	-1.0	0.0
03:07:27	94.1	352.8	350.7	348.6	354.3	353.8	354.7	0.1	44.1	-0.1	0.1	0.1	354.3	348.6	0.6	0.0	352.0	351.4	355.2	355.3	354.8	360.6	99.6	94.0	10.1	79.9	355.7	355.0	44.0	54.1	2.6	42.7	0.0	8.1	.Autoclave.Outputs.PRESSIP\OutputValue	-6.0	5.7	0.9	-1.0	0.0	-1.0	-1.0	-1.0	0.0	0.0	0.0	-1.0	-1.0	0.0	0.0	0.0	-1.0	0.0
03:08:27	95.0	353.0	351.0	349.7	354.3	353.9	354.5	0.1	44.1	-0.1	0.1	0.1	354.3	349.7	1.0	-0.4	352.4	352.0	355.3	355.3	354.5	360.3	99.5	95.0	11.1	78.9	355.6	355.0	44.0	53.4	2.6	42.7	0.0	6.9	.Autoclave.Outputs.PRESSIP\OutputValue	-6.0	4.6	1.0	-1.0	0.0	-1.0	-1.0	-1.0	0.0	0.0	0.0	-1.0	-1.0	0.0	0.0	0.0	-1.0	0.0
03:09:27	96.0	352.7	350.6	349.9	354.4	353.9	354.9	0.1	44.1	-0.1	0.1	0.1	354.4	349.9	0.4	-0.3	352.3	352.1	355.2	355.2	354.5	360.2	99.5	96.0	12.1	77.9	355.6	355.0	44.0	54.2	2.7	42.9	0.0	8.3	.Autoclave.Outputs.PRESSIP\OutputValue	-6.0	4.5	0.8	-1.0	0.0	-1.0	-1.0	-1.0	0.0	0.0	0.0	-1.0	-1.0	0.0	0.0	0.0	-1.0	0.0
03:10:27	97.1	353.0	351.0	350.2	354.5	354.0	354.6	0.1	44.2	-0.1	0.1	0.1	354.5	350.2	0.3	-0.2	352.5	352.3	355.2	355.1	354.3	360.5	99.6	97.0	13.1	76.9	355.7	355.0	44.0	53.6	2.7	42.5	0.0	7.1	.Autoclave.Outputs.PRESSIP\OutputValue	-6.0	4.3	0.7	-1.0	0.0	-1.0	-1.0	-1.0	0.0	0.0	0.0	-1.0	-1.0	0.0	0.0	0.0	-1.0	0.0
03:11:27	98.1	352.9	351.2	350.4	354.4	354.0	354.5	0.1	44.2	-0.1	0.1	0.1	354.4	350.4	0.7	0.0	352.6	352.4	355.2	355.2	354.4	360.4	99.7	98.0	14.1	75.9	355.7	355.0	44.0	54.3	2.8	42.7	0.0	8.5	.Autoclave.Outputs.PRESSIP\OutputValue	-6.0	4.0	0.8	-1.0	0.0	-1.0	-1.0	-1.0	0.0	0.0	0.0	-1.0	-1.0	0.0	0.0	0.0	-1.0	0.0
03:12:27	99.0	352.9	351.2	350.7	354.4	354.1	354.7	0.1	44.1	-0.1	0.1	0.1	354.4	350.7	0.2	-0.4	352.6	352.5	355.2	355.1	354.4	360.4	99.7	99.0	15.1	74.9	355.6	355.0	44.0	53.6	2.8	42.7	0.0	7.3	.Autoclave.Outputs.PRESSIP\OutputValue	-6.0	3.7	0.8	-1.0	0.0	-1.0	-1.0	-1.0	0.0	0.0	0.0	-1.0	-1.0	0.0	0.0	0.0	-1.0	0.0
03:13:27	100.1	353.0	351.4	350.7	354.2	353.8	354.6	0.1	44.2	-0.1	0.1	0.1	354.2	350.7	0.4	-0.4	352.6	352.4	355.2	355.1	354.3	360.8	99.9	100.0	16.1	73.9	355.7	355.0	44.0	55.0	2.9	42.3	0.0	10.1	.Autoclave.Outputs.PRESSIP\OutputValue	-6.0	3.5	1.0	-1.0	0.0	-1.0	-1.0	-1.0	0.0	0.0	0.0	-1.0	-1.0	0.0	0.0	0.0	-1.0	0.0
03:14:27	101.1	353.1	351.6	350.7	354.3	353.9	354.4	0.1	44.2	-0.1	0.1	0.1	354.3	350.7	0.7	0.0	352.7	352.5	355.2	355.2	354.5	360.6	99.9	101.0	17.1	72.9	355.7	355.0	44.0	54.4	2.9	42.3	0.0	8.8	.Autoclave.Outputs.PRESSIP\OutputValue	-6.0	3.6	0.9	-1.0	0.0	-1.0	-1.0	-1.0	0.0	0.0	0.0	-1.0	-1.0	0.0	0.0	0.0	-1.0	0.0
03:15:27	102.0	352.8	351.7	350.9	354.3	354.0	354.6	0.1	44.2	-0.1	0.1	0.1	354.3	350.9	0.2	0.0	352.7	352.6	355.3	355.3	354.4	360.5	99.9	102.0	18.1	71.9	355.7	355.0	44.0	54.5	3.0	42.1	0.0	8.9	.Autoclave.Outputs.PRESSIP\OutputValue	-6.0	3.4	1.0	-1.0	0.0	-1.0	-1.0	-1.0	0.0	0.0	0.0	-1.0	-1.0	0.0	0.0	0.0	-1.0	0.0
03:16:27	103.1	352.8	351.8	350.5	354.4	354.0	354.2	0.1	44.2	-0.1	0.1	0.1	354.4	350.5	0.2	-0.5	352.7	352.4	355.3	355.3	354.5	360.5	100.0	103.0	19.1	70.9	355.7	355.0	44.0	53.8	3.0	42.5	0.0	7.7	.Autoclave.Outputs.PRESSIP\OutputValue	-6.0	3.9	0.9	-1.0	0.0	-1.0	-1.0	-1.0	0.0	0.0	0.0	-1.0	-1.0	0.0	0.0	0.0	-1.0	0.0
03:17:27	104.1	353.3	352.0	351.4	354.4	354.1	354.2	0.1	44.2	-0.1	0.1	0.1	354.4	351.4	0.9	-0.4	353.0	352.9	355.2	355.2	354.5	360.4	99.9	104.0	20.1	69.9	355.7	355.0	44.0	54.5	3.1	42.1	0.0	9.1	.Autoclave.Outputs.PRESSIP\OutputValue	-6.0	3.0	0.8	-1.0	0.0	-1.0	-1.0	-1.0	0.0	0.0	0.0	-1.0	-1.0	0.0	0.0	0.0	-1.0	0.0
03:18:27	105.0	353.2	352.1	350.7	354.4	354.2	354.5	0.1	44.2	-0.1	0.1	0.1	354.4	350.7	0.5	-0.6	352.9	352.5	355.2	355.2	354.4	360.7	100.2	105.0	21.1	68.9	355.7	355.0	44.0	54.6	3.1	41.9	0.0	9.2	.Autoclave.Outputs.PRESSIP\OutputValue	-6.0	3.7	0.8	-1.0	0.0	-1.0	-1.0	-1.0	0.0	0.0	0.0	-1.0	-1.0	0.0	0.0	0.0	-1.0	0.0
03:19:27	106.1	352.9	352.1	350.8	354.4	354.2	354.8	0.1	44.2	-0.1	0.1	0.1	354.4	350.8	0.3	-0.1	352.9	352.6	355.2	355.1	354.3	360.4	100.1	106.0	22.1	67.9	355.6	355.0	44.0	54.0	3.1	42.1	0.0	7.9	.Autoclave.Outputs.PRESSIP\OutputValue	-6.0	3.6	0.8	-1.0	0.0	-1.0	-1.0	-1.0	0.0	0.0	0.0	-1.0	-1.0	0.0	0.0	0.0	-1.0	0.0
03:20:27	107.1	353.1	352.2	351.6	354.5	354.1	354.6	0.1	44.2	-0.1	0.1	0.1	354.5	351.6	0.9	-0.2	353.1	353.0	355.2	355.2	354.4	360.7	100.2	107.0	23.1	66.9	355.6	355.0	44.0	54.0	3.2	41.9	0.0	8.0	.Autoclave.Outputs.PRESSIP\OutputValue	-6.0	2.9	0.7	-1.0	0.0	-1.0	-1.0	-1.0	0.0	0.0	0.0	-1.0	-1.0	0.0	0.0	0.0	-1.0	0.0
03:21:27	108.0	353.0	352.4	351.8	354.3	354.1	354.4	0.1	44.2	-0.1	0.1	0.1	354.3	351.8	0.2	-0.1	353.1	353.0	355.2	355.2	354.4	360.3	100.2	108.0	24.1	65.9	355.6	355.0	44.0	54.0	3.2	42.1	0.0	8.1	.Autoclave.Outputs.PRESSIP\OutputValue	-6.0	2.5	0.9	-1.0	0.0	-1.0	-1.0	-1.0	0.0	0.0	0.0	-1.0	-1.0	0.0	0.0	0.0	-1.0	0.0
03:22:27	109.1	352.9	352.3	351.3	354.5	354.1	354.3	0.1	44.2	-0.1	0.1	0.1	354.5	351.3	0.2	-0.4	353.0	352.9	355.3	355.3	354.4	360.6	100.2	109.0	25.1	64.9	355.4	355.0	44.0	52.1	3.3	41.7	0.0	4.2	.Autoclave.Outputs.PRESSIP\OutputValue	-6.0	3.2	0.8	-1.0	0.0	-1.0	-1.0	-1.0	0.0	0.0	0.0	-1.0	-1.0	0.0	0.0	0.0	-1.0	0.0
03:23:27	110.1	353.1	352.3	351.7	354.4	354.1	354.7	0.1	44.2	-0.1	0.1	0.1	354.4	351.7	0.1	0.0	353.1	353.0	355.2	355.1	354.4	360.4	100.4	110.0	26.1	63.9	355.6	355.0	44.0	53.5	3.3	41.9	0.0	6.9	.Autoclave.Outputs.PRESSIP\OutputValue	-6.0	2.7	0.8	-1.0	0.0	-1.0	-1.0	-1.0	0.0	0.0	0.0	-1.0	-1.0	0.0	0.0	0.0	-1.0	0.0
03:24:27	111.0	353.0	351.9	352.2	354.5	354.2	354.5	0.1	44.2	-0.1	0.1	0.1	354.5	351.9	0.9	-0.1	353.1	353.2	355.2	355.2	354.4	360.1	100.3	111.0	27.1	62.9	355.6	355.0	44.0	54.2	3.3	41.9	0.0	8.3	.Autoclave.Outputs.PRESSIP\OutputValue	-6.0	2.6	0.7	-1.0	0.0	-1.0	-1.0	-1.0	0.0	0.0	0.0	-1.0	-1.0	0.0	0.0	0.0	-1.0	0.0
03:25:27	112.0	352.8	352.5	351.9	354.6	354.3	354.6	0.1	44.2	-0.1	0.1	0.1	354.6	351.9	0.0	-1.4	353.2	353.2	355.2	355.2	354.4	360.4	100.5	112.0	28.1	61.9	355.4	355.0	44.0	53.5	3.4	41.9	0.0	7.1	.Autoclave.Outputs.PRESSIP\OutputValue	-6.0	2.7	0.6	-1.0	0.0	-1.0	-1.0	-1.0	0.0	0.0	0.0	-1.0	-1.0	0.0	0.0	0.0	-1.0	0.0
03:26:27	113.1	353.0	352.6	352.1	354.5	354.2	355.0	0.2	44.2	-0.1	0.2	0.2	354.5	352.1	1.4	-0.1	353.3	353.3	355.3	355.2	354.5	360.4	100.4	113.0	29.1	60.9	355.6	355.0	44.0	52.9	3.4	41.9	0.0	5.8	.Autoclave.Outputs.PRESSIP\OutputValue	-6.0	2.4	0.8	-1.0	0.0	-1.0	-1.0	-1.0	0.0	0.0	0.0	-1.0	-1.0	0.0	0.0	0.0	-1.0	0.0
03:27:27	114.1	353.2	352.2	352.4	354.4	354.2	354.2	0.1	44.2	-0.1	0.1	0.1	354.4	352.2	0.3	-0.1	353.3	353.3	355.2	355.3	354.5	360.8	100.6	114.0	30.1	59.9	355.5	355.0	44.0	54.3	3.4	41.7	0.0	8.5	.Autoclave.Outputs.PRESSIP\OutputValue	-6.0	2.2	0.8	-1.0	0.0	-1.0	-1.0	-1.0	0.0	0.0	0.0	-1.0	-1.0	0.0	0.0	0.0	-1.0	0.0
03:28:27	115.0	353.1	352.6	352.4	354.4	354.2	354.8	0.1	44.2	-0.1	0.1	0.1	354.4	352.4	0.3	0.0	353.3	353.4	355.2	355.2	354.5	360.5	100.5	115.0	31.1	58.9	355.6	355.0	44.0	54.3	3.5	41.7	0.0	8.6	.Autoclave.Outputs.PRESSIP\OutputValue	-6.0	2.0	0.8	-1.0	0.0	-1.0	-1.0	-1.0	0.0	0.0	0.0	-1.0	-1.0	0.0	0.0	0.0	-1.0	0.0
03:29:27	116.1	352.9	352.7	351.9	354.4	354.0	354.5	0.1	44.2	-0.1	0.1	0.1	354.4	351.9	0.0	-0.4	353.2	353.1	355.3	355.3	354.5	360.6	100.6	116.0	32.1	57.9	355.6	355.0	44.0	53.7	3.5	41.7	0.0	7.3	.Autoclave.Outputs.PRESSIP\OutputValue	-6.0	2.5	0.9	-1.0	0.0	-1.0	-1.0	-1.0	0.0	0.0	0.0	-1.0	-1.0	0.0	0.0	0.0	-1.0	0.0
03:30:27	117.1	353.2	352.7	352.2	354.4	354.1	354.5	0.1	44.2	-0.1	0.1	0.1	354.4	352.2	0.2	-0.2	353.3	353.3	355.4	355.4	354.6	360.3	100.6	117.0	33.1	56.9	355.6	355.0	44.0	52.4	3.5	41.7	0.0	4.7	.Autoclave.Outputs.PRESSIP\OutputValue	-6.0	2.2	1.0	-1.0	0.0	-1.0	-1.0	-1.0	0.0	0.0	0.0	-1.0	-1.0	0.0	0.0	0.0	-1.0	0.0
03:31:27	118.0	353.2	352.9	352.1	354.4	354.1	354.5	0.1	44.3	-0.1	0.1	0.1	354.4	352.1	0.4	-0.3	353.3	353.2	355.2	355.2	354.4	360.5	100.7	118.0	34.1	55.9	355.6	355.0	44.0	54.4	3.6	41.4	0.0	8.8	.Autoclave.Outputs.PRESSIP\OutputValue	-6.0	2.3	0.8	-1.0	0.0	-1.0	-1.0	-1.0	0.0	0.0	0.0	-1.0	-1.0	0.0	0.0	0.0	-1.0	0.0
03:32:27	119.1	353.0	353.0	352.3	354.5	354.1	354.4	0.1	44.2	-0.1	0.1	0.1	354.5	352.3	0.4	-0.4	353.4	353.4	355.3	355.3	354.5	360.5	100.6	119.0	35.1	54.9	355.6	355.0	44.0	53.1	3.6	41.7	0.0	6.2	.Autoclave.Outputs.PRESSIP\OutputValue	-6.0	2.2	0.8	-1.0	0.0	-1.0	-1.0	-1.0	0.0	0.0	0.0	-1.0	-1.0	0.0	0.0	0.0	-1.0	0.0
03:33:28	120.1	353.2	353.0	352.8	354.5	354.1	354.5	0.1	44.2	-0.1	0.1	0.1	354.5	352.8	0.3	-0.1	353.5	353.6	355.3	355.3	354.5	360.6	100.7	120.0	36.1	53.9	355.5	355.0	44.0	53.8	3.6	41.5	0.0	7.6	.Autoclave.Outputs.PRESSIP\OutputValue	-6.0	1.7	0.8	-1.0	0.0	-1.0	-1.0	-1.0	0.0	0.0	0.0	-1.0	-1.0	0.0	0.0	0.0	-1.0	0.0
03:34:27	121.0	353.5	352.9	352.9	354.5	354.2	354.6	0.1	44.2	-0.1	0.1	0.1	354.5	352.9	0.1	-0.4	353.6	353.7	355.2	355.2	354.5	360.1	100.7	121.0	37.1	52.9	355.6	355.0	44.0	53.8	3.7	41.7	0.0	7.6	.Autoclave.Outputs.PRESSIP\OutputValue	-6.0	1.6	0.7	-1.0	0.0	-1.0	-1.0	-1.0	0.0	0.0	0.0	-1.0	-1.0	0.0	0.0	0.0	-1.0	0.0
03:35:27	122.1	353.3	353.1	353.0	354.5	354.2	354.5	0.1	44.2	-0.1	0.1	0.1	354.5	353.0	0.1	-0.1	353.6	353.7	355.4	355.4	354.4	360.4	100.7	122.0	38.1	51.9	355.5	355.0	44.0	53.2	3.7	41.7	0.0	6.4	.Autoclave.Outputs.PRESSIP\OutputValue	-6.0	1.5	0.9	-1.0	0.0	-1.0	-1.0	-1.0	0.0	0.0	0.0	-1.0	-1.0	0.0	0.0	0.0	-1.0	0.0
03:36:27	123.1	353.0	351.4	352.9	354.6	354.2	354.6	0.1	44.3	-0.1	0.1	0.1	354.6	351.4	0.3	-1.9	353.2	353.0	355.3	355.3	354.5	360.5	100.8	123.0	39.1	50.9	355.5	355.0	44.0	53.2	3.7	41.5	0.0	6.4	.Autoclave.Outputs.PRESSIP\OutputValue	-6.0	3.2	0.7	-1.0	0.0	-1.0	-1.0	-1.0	0.0	0.0	0.0	-1.0	-1.0	0.0	0.0	0.0	-1.0	0.0
03:37:27	124.0	353.3	352.0	353.1	354.4	354.3	355.5	0.1	44.3	-0.1	0.1	0.1	354.4	352.0	0.9	-0.1	353.4	353.2	355.3	355.3	354.5	360.5	100.8	124.0	40.1	49.9	355.6	355.0	44.0	54.6	3.8	41.4	0.0	9.2	.Autoclave.Outputs.PRESSIP\OutputValue	-6.0	2.4	0.9	-1.0	0.0	-1.0	-1.0	-1.0	0.0	0.0	0.0	-1.0	-1.0	0.0	0.0	0.0	-1.0	0.0
03:38:27	125.1	353.2	352.3	353.1	354.4	354.3	354.5	0.1	44.2	-0.1	0.1	0.1	354.4	352.3	0.3	0.0	353.4	353.3	355.3	355.3	354.5	360.2	100.7	125.0	41.1	48.9	355.5	355.0	44.0	52.6	3.8	41.7	0.0	5.2	.Autoclave.Outputs.PRESSIP\OutputValue	-6.0	2.1	0.9	-1.0	0.0	-1.0	-1.0	-1.0	0.0	0.0	0.0	-1.0	-1.0	0.0	0.0	0.0	-1.0	0.0
03:39:27	126.1	352.9	351.6	353.1	354.5	354.2	354.6	0.1	44.3	-0.1	0.1	0.1	354.5	351.6	0.2	-0.2	353.2	353.0	355.4	355.4	354.5	360.4	100.8	126.0	42.1	47.9	355.5	355.0	44.0	54.0	3.8	41.4	0.0	7.9	.Autoclave.Outputs.PRESSIP\OutputValue	-6.0	2.9	0.9	-1.0	0.0	-1.0	-1.0	-1.0	0.0	0.0	0.0	-1.0	-1.0	0.0	0.0	0.0	-1.0	0.0
03:40:27	127.1	353.3	352.4	353.1	354.5	354.3	354.8	0.1	44.3	-0.1	0.1	0.1	354.5	352.4	0.9	-0.1	353.5	353.4	355.4	355.3	354.5	360.3	100.8	127.0	43.1	46.9	355.4	355.0	44.0	52.7	3.8	41.2	0.0	5.3	.Autoclave.Outputs.PRESSIP\OutputValue	-6.0	2.1	0.9	-1.0	0.0	-1.0	-1.0	-1.0	0.0	0.0	0.0	-1.0	-1.0	0.0	0.0	0.0	-1.0	0.0
03:41:27	128.0	352.9	352.9	352.6	354.6	354.1	354.5	0.1	44.2	-0.1	0.1	0.1	354.6	352.6	0.0	-0.5	353.4	353.6	355.2	355.2	354.4	360.3	100.9	128.0	44.1	45.9	355.4	355.0	44.0	53.4	3.9	41.5	0.0	6.7	.Autoclave.Outputs.PRESSIP\OutputValue	-6.0	2.0	0.6	-1.0	0.0	-1.0	-1.0	-1.0	0.0	0.0	0.0	-1.0	-1.0	0.0	0.0	0.0	-1.0	0.0
03:42:27	129.1	353.0	353.1	353.1	354.4	354.3	354.3	0.1	44.3	-0.1	0.1	0.1	354.4	353.0	0.5	0.0	353.6	353.7	355.3	355.2	354.3	360.7	100.8	129.0	45.1	44.9	355.5	355.0	44.0	52.7	3.9	41.2	0.0	5.4	.Autoclave.Outputs.PRESSIP\OutputValue	-6.0	1.4	0.9	-1.0	0.0	-1.0	-1.0	-1.0	0.0	0.0	0.0	-1.0	-1.0	0.0	0.0	0.0	-1.0	0.0
03:43:27	130.1	353.0	352.8	353.1	354.5	354.3	354.5	0.1	44.3	-0.1	0.1	0.1	354.5	352.8	0.3	0.0	353.5	353.6	355.2	355.2	354.5	360.5	100.8	130.0	46.1	43.9	355.4	355.0	44.0	53.4	3.9	41.2	0.0	6.8	.Autoclave.Outputs.PRESSIP\OutputValue	-6.0	1.7	0.7	-1.0	0.0	-1.0	-1.0	-1.0	0.0	0.0	0.0	-1.0	-1.0	0.0	0.0	0.0	-1.0	0.0
03:44:27	131.0	353.3	353.0	353.2	354.5	354.3	354.6	0.1	44.2	-0.1	0.1	0.1	354.5	353.0	0.1	-0.3	353.6	353.7	355.4	355.3	354.5	360.1	100.8	131.0	47.1	42.9	355.4	355.0	44.0	52.1	3.9	41.4	0.0	4.2	.Autoclave.Outputs.PRESSIP\OutputValue	-6.0	1.5	0.9	-1.0	0.0	-1.0	-1.0	-1.0	0.0	0.0	0.0	-1.0	-1.0	0.0	0.0	0.0	-1.0	0.0
03:45:27	132.1	353.2	352.8	353.3	354.5	354.3	354.7	0.1	44.2	-0.1	0.1	0.1	354.5	352.8	0.2	0.0	353.6	353.6	355.3	355.3	354.5	360.3	100.9	132.0	48.1	41.9	355.5	355.0	44.0	53.5	4.0	41.4	0.0	6.9	.Autoclave.Outputs.PRESSIP\OutputValue	-6.0	1.7	0.8	-1.0	0.0	-1.0	-1.0	-1.0	0.0	0.0	0.0	-1.0	-1.0	0.0	0.0	0.0	-1.0	0.0
03:46:27	133.1	353.0	352.0	353.3	354.5	354.2	354.6	0.1	44.3	-0.1	0.1	0.1	354.5	352.0	-0.1	-1.3	353.4	353.2	355.3	355.3	354.4	360.3	100.8	133.0	49.1	40.9	355.6	355.0	44.0	54.8	4.0	41.2	0.0	9.6	.Autoclave.Outputs.PRESSIP\OutputValue	-6.0	2.5	0.8	-1.0	0.0	-1.0	-1.0	-1.0	0.0	0.0	0.0	-1.0	-1.0	0.0	0.0	0.0	-1.0	0.0
03:47:27	134.0	353.0	352.8	353.1	354.5	354.3	354.7	0.1	44.3	-0.1	0.1	0.1	354.5	352.8	1.3	-0.1	353.5	353.6	355.2	355.2	354.4	360.6	100.8	134.0	50.1	39.9	355.5	355.0	44.0	54.8	4.0	41.0	0.0	9.7	.Autoclave.Outputs.PRESSIP\OutputValue	-6.0	1.7	0.7	-1.0	0.0	-1.0	-1.0	-1.0	0.0	0.0	0.0	-1.0	-1.0	0.0	0.0	0.0	-1.0	0.0
03:48:27	135.1	353.1	352.3	353.3	354.6	354.3	354.8	0.1	44.3	-0.1	0.1	0.1	354.6	352.3	0.2	-1.0	353.5	353.4	355.3	355.3	354.5	360.0	100.7	135.0	51.1	38.9	355.4	355.0	44.0	52.9	4.0	41.4	0.0	5.7	.Autoclave.Outputs.PRESSIP\OutputValue	-6.0	2.3	0.7	-1.0	0.0	-1.0	-1.0	-1.0	0.0	0.0	0.0	-1.0	-1.0	0.0	0.0	0.0	-1.0	0.0
03:49:27	136.1	353.3	352.3	353.3	354.5	354.3	355.0	0.1	44.3	-0.1	0.1	0.1	354.5	352.3	0.3	-0.1	353.5	353.4	355.2	355.2	354.4	360.6	100.8	136.0	52.1	37.9	355.4	355.0	44.0	54.2	4.1	41.2	0.0	8.4	.Autoclave.Outputs.PRESSIP\OutputValue	-6.0	2.2	0.7	-1.0	0.0	-1.0	-1.0	-1.0	0.0	0.0	0.0	-1.0	-1.0	0.0	0.0	0.0	-1.0	0.0
03:50:27	137.0	353.0	353.1	353.4	354.6	354.3	354.4	0.1	44.3	-0.1	0.1	0.1	354.6	353.0	0.6	0.0	353.7	353.8	355.1	355.2	354.4	360.5	100.8	137.0	53.1	36.9	355.4	355.0	44.0	54.9	4.1	41.0	0.0	9.8	.Autoclave.Outputs.PRESSIP\OutputValue	-6.0	1.6	0.5	-1.0	0.0	-1.0	-1.0	-1.0	0.0	0.0	0.0	-1.0	-1.0	0.0	0.0	0.0	-1.0	0.0
03:51:27	138.1	353.2	353.2	353.1	354.5	354.3	354.7	0.1	44.3	-0.1	0.1	0.1	354.5	353.1	0.1	-0.1	353.6	353.8	355.2	355.2	354.4	360.3	100.7	138.0	54.1	35.9	355.5	355.0	44.0	52.9	4.1	41.0	0.0	5.9	.Autoclave.Outputs.PRESSIP\OutputValue	-6.0	1.4	0.7	-1.0	0.0	-1.0	-1.0	-1.0	0.0	0.0	0.0	-1.0	-1.0	0.0	0.0	0.0	-1.0	0.0
03:52:27	139.1	353.2	353.2	352.8	354.5	354.3	354.5	0.1	44.3	-0.1	0.1	0.1	354.5	352.8	0.5	-0.5	353.6	353.6	355.2	355.2	354.4	360.5	100.9	139.0	55.1	34.9	355.5	355.0	44.0	53.6	4.1	41.4	0.0	7.2	.Autoclave.Outputs.PRESSIP\OutputValue	-6.0	1.7	0.7	-1.0	0.0	-1.0	-1.0	-1.0	0.0	0.0	0.0	-1.0	-1.0	0.0	0.0	0.0	-1.0	0.0
03:53:27	140.0	353.5	353.2	352.2	354.6	354.3	354.8	0.1	44.3	-0.1	0.1	0.1	354.6	352.2	0.1	-0.2	353.5	353.4	355.2	355.2	354.5	360.3	100.8	140.0	56.1	33.9	355.4	355.0	44.0	53.0	4.1	41.2	0.0	5.9	.Autoclave.Outputs.PRESSIP\OutputValue	-6.0	2.4	0.6	-1.0	0.0	-1.0	-1.0	-1.0	0.0	0.0	0.0	-1.0	-1.0	0.0	0.0	0.0	-1.0	0.0
03:54:27	141.0	353.2	353.3	352.3	354.6	354.3	354.7	0.1	44.3	-0.1	0.1	0.1	354.6	352.3	0.2	-0.2	353.5	353.4	355.3	355.3	354.5	360.5	100.8	141.0	57.1	32.9	355.4	355.0	44.0	53.7	4.2	41.2	0.0	7.3	.Autoclave.Outputs.PRESSIP\OutputValue	-6.0	2.3	0.7	-1.0	0.0	-1.0	-1.0	-1.0	0.0	0.0	0.0	-1.0	-1.0	0.0	0.0	0.0	-1.0	0.0
03:55:27	142.1	353.2	353.1	352.4	354.5	354.3	354.6	0.1	44.3	-0.1	0.1	0.1	354.5	352.4	0.1	-0.2	353.5	353.4	355.4	355.4	354.5	360.1	100.9	142.0	58.1	31.9	355.5	355.0	44.0	54.3	4.2	41.4	0.0	8.7	.Autoclave.Outputs.PRESSIP\OutputValue	-6.0	2.1	0.9	-1.0	0.0	-1.0	-1.0	-1.0	0.0	0.0	0.0	-1.0	-1.0	0.0	0.0	0.0	-1.0	0.0
03:56:27	143.1	353.3	353.4	352.6	354.5	354.3	354.5	0.1	44.3	-0.1	0.1	0.1	354.5	352.6	0.1	-0.1	353.6	353.5	355.3	355.3	354.5	360.3	100.8	143.0	59.1	30.9	355.6	355.0	44.0	54.4	4.2	41.4	0.0	8.7	.Autoclave.Outputs.PRESSIP\OutputValue	-6.0	1.9	0.8	-1.0	0.0	-1.0	-1.0	-1.0	0.0	0.0	0.0	-1.0	-1.0	0.0	0.0	0.0	-1.0	0.0
03:57:27	144.0	353.0	353.3	352.6	354.5	354.3	354.6	0.1	44.3	-0.1	0.1	0.1	354.5	352.6	0.2	-0.1	353.5	353.5	355.2	355.2	354.4	360.4	100.7	144.0	60.1	29.9	355.6	355.0	44.0	53.7	4.2	41.2	0.0	7.4	.Autoclave.Outputs.PRESSIP\OutputValue	-6.0	1.9	0.7	-1.0	0.0	-1.0	-1.0	-1.0	0.0	0.0	0.0	-1.0	-1.0	0.0	0.0	0.0	-1.0	0.0
03:58:27	145.1	353.0	353.4	352.9	354.5	354.3	354.7	0.1	44.3	-0.1	0.1	0.1	354.5	352.9	0.1	-0.2	353.6	353.7	355.2	355.2	354.4	360.3	100.7	145.0	61.1	28.9	355.4	355.0	44.0	53.7	4.2	41.2	0.0	7.5	.Autoclave.Outputs.PRESSIP\OutputValue	-6.0	1.6	0.7	-1.0	0.0	-1.0	-1.0	-1.0	0.0	0.0	0.0	-1.0	-1.0	0.0	0.0	0.0	-1.0	0.0
03:59:27	146.1	352.8	353.3	352.6	354.6	354.3	354.8	0.1	44.3	-0.1	0.1	0.1	354.6	352.6	0.2	-0.1	353.5	353.6	355.4	355.3	354.6	360.6	100.8	146.0	62.1	27.9	355.6	355.0	44.0	52.4	4.3	40.8	0.0	4.8	.Autoclave.Outputs.PRESSIP\OutputValue	-6.0	2.0	0.8	-1.0	0.0	-1.0	-1.0	-1.0	0.0	0.0	0.0	-1.0	-1.0	0.0	0.0	0.0	-1.0	0.0
04:00:27	147.0	353.2	353.3	352.4	354.6	354.2	354.6	0.1	44.3	-0.1	0.1	0.1	354.6	352.4	0.1	-0.2	353.5	353.5	355.4	355.4	354.5	360.4	100.7	147.0	63.1	26.9	355.5	355.0	44.0	53.1	4.3	41.0	0.0	6.2	.Autoclave.Outputs.PRESSIP\OutputValue	-6.0	2.2	0.8	-1.0	0.0	-1.0	-1.0	-1.0	0.0	0.0	0.0	-1.0	-1.0	0.0	0.0	0.0	-1.0	0.0
04:01:27	148.1	353.3	353.4	352.9	354.5	354.3	354.9	0.1	44.3	-0.1	0.1	0.1	354.5	352.9	0.5	-0.3	353.7	353.7	355.2	355.2	354.4	360.2	100.7	148.0	64.1	25.9	355.4	355.0	44.0	53.8	4.3	41.2	0.0	7.6	.Autoclave.Outputs.PRESSIP\OutputValue	-6.0	1.6	0.7	-1.0	0.0	-1.0	-1.0	-1.0	0.0	0.0	0.0	-1.0	-1.0	0.0	0.0	0.0	-1.0	0.0
04:02:27	149.1	353.2	353.2	353.1	354.6	354.2	355.2	0.1	44.3	-0.7	0.1	0.1	354.6	353.1	0.6	-0.2	353.6	353.8	355.2	355.4	354.5	360.4	100.7	149.0	65.1	24.9	355.5	355.0	44.0	53.8	4.3	41.0	0.0	7.6	.Autoclave.Outputs.PRESSIP\OutputValue	-6.0	1.5	0.6	-1.0	0.0	-1.0	-1.0	-1.0	0.0	0.0	0.0	-1.0	-1.0	0.0	0.0	0.0	-1.0	0.0
04:03:27	150.0	353.0	353.4	352.5	354.5	354.3	354.5	0.1	44.3	-0.1	0.1	0.1	354.5	352.5	0.3	-0.7	353.5	353.5	355.2	355.2	354.4	360.3	100.7	150.0	66.1	23.9	355.5	355.0	44.0	54.5	4.3	41.2	0.0	9.0	.Autoclave.Outputs.PRESSIP\OutputValue	-6.0	2.0	0.7	-1.0	0.0	-1.0	-1.0	-1.0	0.0	0.0	0.0	-1.0	-1.0	0.0	0.0	0.0	-1.0	0.0
04:04:27	151.1	353.1	353.4	352.9	354.5	354.3	354.7	0.1	44.3	-0.1	0.1	0.1	354.5	352.9	0.4	-0.2	353.6	353.7	355.2	355.3	354.5	360.3	100.6	151.0	67.1	22.9	355.5	355.0	44.0	53.8	4.4	41.0	0.0	7.7	.Autoclave.Outputs.PRESSIP\OutputValue	-6.0	1.6	0.7	-1.0	0.0	-1.0	-1.0	-1.0	0.0	0.0	0.0	-1.0	-1.0	0.0	0.0	0.0	-1.0	0.0
04:05:27	152.1	352.8	353.4	352.5	354.6	354.2	354.6	0.1	44.3	-0.1	0.1	0.1	354.6	352.5	0.2	0.0	353.5	353.5	355.4	355.4	354.6	360.5	100.7	152.0	68.1	21.9	355.5	355.0	44.0	53.2	4.4	40.8	0.0	6.4	.Autoclave.Outputs.PRESSIP\OutputValue	-6.0	2.1	0.8	-1.0	0.0	-1.0	-1.0	-1.0	0.0	0.0	0.0	-1.0	-1.0	0.0	0.0	0.0	-1.0	0.0
04:06:27	153.0	353.3	353.5	352.8	354.5	354.3	354.7	0.1	44.3	-0.1	0.1	0.1	354.5	352.8	0.1	-0.6	353.7	353.6	355.2	355.2	354.5	360.4	100.6	153.0	69.1	20.9	355.4	355.0	44.0	53.9	4.4	40.8	0.0	7.8	.Autoclave.Outputs.PRESSIP\OutputValue	-6.0	1.7	0.7	-1.0	0.0	-1.0	-1.0	-1.0	0.0	0.0	0.0	-1.0	-1.0	0.0	0.0	0.0	-1.0	0.0
04:07:27	154.1	353.3	353.4	352.6	354.6	354.3	354.7	0.1	44.3	-0.1	0.1	0.1	354.6	352.6	0.4	-0.1	353.6	353.6	355.2	355.3	354.4	360.6	100.5	154.0	70.1	19.9	355.4	355.0	44.0	54.6	4.4	41.0	0.0	9.1	.Autoclave.Outputs.PRESSIP\OutputValue	-6.0	2.0	0.6	-1.0	0.0	-1.0	-1.0	-1.0	0.0	0.0	0.0	-1.0	-1.0	0.0	0.0	0.0	-1.0	0.0
04:08:27	155.1	353.1	353.4	353.3	354.5	354.3	354.9	0.1	44.3	-0.1	0.1	0.1	354.5	353.1	1.0	0.0	353.7	353.8	355.2	355.2	354.5	360.3	100.5	155.0	71.1	18.9	355.4	355.0	44.0	53.9	4.4	40.8	0.0	7.8	.Autoclave.Outputs.PRESSIP\OutputValue	-6.0	1.4	0.7	-1.0	0.0	-1.0	-1.0	-1.0	0.0	0.0	0.0	-1.0	-1.0	0.0	0.0	0.0	-1.0	0.0
04:09:27	156.0	353.4	353.5	353.3	354.6	354.3	354.6	0.1	44.3	-0.1	0.1	0.1	354.6	353.3	0.1	-0.2	353.8	353.9	355.4	355.3	354.6	360.5	100.6	156.0	72.1	17.9	355.4	355.0	44.0	51.9	4.4	40.8	0.0	3.9	.Autoclave.Outputs.PRESSIP\OutputValue	-6.0	1.3	0.8	-1.0	0.0	-1.0	-1.0	-1.0	0.0	0.0	0.0	-1.0	-1.0	0.0	0.0	0.0	-1.0	0.0
04:10:27	157.0	353.3	353.4	353.4	354.6	354.3	354.8	0.1	44.3	-0.1	0.1	0.1	354.6	353.3	0.2	0.0	353.8	353.9	355.4	355.2	354.5	360.5	100.6	157.0	73.1	16.9	355.5	355.0	44.0	52.6	4.5	40.8	0.0	5.2	.Autoclave.Outputs.PRESSIP\OutputValue	-6.0	1.3	0.8	-1.0	0.0	-1.0	-1.0	-1.0	0.0	0.0	0.0	-1.0	-1.0	0.0	0.0	0.0	-1.0	0.0
04:11:27	158.1	353.4	353.5	353.4	354.5	354.3	354.4	0.1	44.3	-0.1	0.1	0.1	354.5	353.4	0.0	-0.3	353.8	353.9	355.3	355.3	354.6	360.3	100.6	158.0	74.1	15.9	355.4	355.0	44.0	52.6	4.5	40.8	0.0	5.3	.Autoclave.Outputs.PRESSIP\OutputValue	-6.0	1.1	0.8	-1.0	0.0	-1.0	-1.0	-1.0	0.0	0.0	0.0	-1.0	-1.0	0.0	0.0	0.0	-1.0	0.0
04:12:27	159.1	353.0	353.4	353.5	354.6	354.3	355.0	0.1	44.3	-0.1	0.1	0.1	354.6	353.0	0.1	-0.1	353.7	353.8	355.4	355.3	354.5	360.7	100.6	159.0	75.1	14.9	355.4	355.0	44.0	53.3	4.5	40.6	0.0	6.6	.Autoclave.Outputs.PRESSIP\OutputValue	-6.0	1.6	0.8	-1.0	0.0	-1.0	-1.0	-1.0	0.0	0.0	0.0	-1.0	-1.0	0.0	0.0	0.0	-1.0	0.0
04:13:27	160.0	353.3	353.4	353.5	354.6	354.3	354.9	0.1	44.3	-0.1	0.1	0.1	354.6	353.3	0.2	-0.2	353.8	353.9	355.4	355.4	354.7	360.3	100.4	160.0	76.1	13.9	355.4	355.0	44.0	52.7	4.5	40.8	0.0	5.3	.Autoclave.Outputs.PRESSIP\OutputValue	-6.0	1.3	0.8	-1.0	0.0	-1.0	-1.0	-1.0	0.0	0.0	0.0	-1.0	-1.0	0.0	0.0	0.0	-1.0	0.0
04:14:27	161.1	353.2	353.5	353.5	354.5	354.3	354.5	0.1	44.3	-0.1	0.1	0.1	354.5	353.2	0.3	-0.2	353.8	353.8	355.2	355.2	354.5	360.4	100.4	161.0	77.1	12.9	355.4	355.0	44.0	54.0	4.5	40.6	0.0	8.0	.Autoclave.Outputs.PRESSIP\OutputValue	-6.0	1.3	0.7	-1.0	0.0	-1.0	-1.0	-1.0	0.0	0.0	0.0	-1.0	-1.0	0.0	0.0	0.0	-1.0	0.0
04:15:27	162.1	353.3	353.5	353.6	354.5	354.3	354.7	0.1	44.3	-0.1	0.1	0.1	354.5	353.3	0.1	0.0	353.8	353.9	355.3	355.3	354.5	360.8	100.5	162.0	78.1	11.9	355.4	355.0	44.0	53.4	4.5	40.8	0.0	6.7	.Autoclave.Outputs.PRESSIP\OutputValue	-6.0	1.2	0.8	-1.0	0.0	-1.0	-1.0	-1.0	0.0	0.0	0.0	-1.0	-1.0	0.0	0.0	0.0	-1.0	0.0
04:16:27	163.0	353.3	353.4	353.5	354.6	354.3	354.8	0.1	44.4	-0.1	0.1	0.1	354.6	353.3	0.0	-0.3	353.8	353.9	355.3	355.4	354.6	360.7	100.5	163.0	79.1	10.9	355.5	355.0	44.0	54.7	4.5	40.2	0.0	9.4	.Autoclave.Outputs.PRESSIP\OutputValue	-6.0	1.3	0.7	-1.0	0.0	-1.0	-1.0	-1.0	0.0	0.0	0.0	-1.0	-1.0	0.0	0.0	0.0	-1.0	0.0
04:17:27	164.1	353.4	353.5	353.5	354.6	354.3	354.4	0.1	44.3	-0.1	0.1	0.1	354.6	353.4	0.1	0.0	353.8	354.0	355.3	355.3	354.5	360.4	100.4	164.0	80.1	9.9	355.5	355.0	44.0	54.1	4.6	40.6	0.0	8.1	.Autoclave.Outputs.PRESSIP\OutputValue	-6.0	1.2	0.7	-1.0	0.0	-1.0	-1.0	-1.0	0.0	0.0	0.0	-1.0	-1.0	0.0	0.0	0.0	-1.0	0.0
04:18:27	165.1	353.3	353.0	353.5	354.6	354.4	354.6	0.1	44.3	-0.1	0.1	0.1	354.6	353.0	0.3	-0.6	353.7	353.8	355.2	355.3	354.5	360.6	100.5	165.0	81.1	8.9	355.5	355.0	44.0	54.1	4.6	40.4	0.0	8.1	.Autoclave.Outputs.PRESSIP\OutputValue	-6.0	1.6	0.6	-1.0	0.0	-1.0	-1.0	-1.0	0.0	0.0	0.0	-1.0	-1.0	0.0	0.0	0.0	-1.0	0.0
04:19:27	166.0	353.3	353.6	353.6	354.6	354.3	354.7	0.1	44.3	-0.1	0.1	0.1	354.6	353.3	0.6	-0.1	353.9	353.9	355.4	355.4	354.6	360.3	100.6	166.0	82.1	7.9	355.4	355.0	44.0	53.4	4.6	40.8	0.0	6.8	.Autoclave.Outputs.PRESSIP\OutputValue	-6.0	1.3	0.8	-1.0	0.0	-1.0	-1.0	-1.0	0.0	0.0	0.0	-1.0	-1.0	0.0	0.0	0.0	-1.0	0.0
04:20:27	167.1	353.2	353.5	353.6	354.7	354.3	354.6	0.1	44.3	-0.1	0.1	0.1	354.7	353.2	0.1	-0.2	353.8	353.9	355.2	355.3	354.6	360.4	100.4	167.0	83.1	6.9	355.4	355.0	44.0	54.8	4.6	40.6	0.0	9.5	.Autoclave.Outputs.PRESSIP\OutputValue	-6.0	1.5	0.5	-1.0	0.0	-1.0	-1.0	-1.0	0.0	0.0	0.0	-1.0	-1.0	0.0	0.0	0.0	-1.0	0.0
04:21:27	168.1	353.5	353.6	353.5	354.6	354.3	355.0	0.1	44.3	-0.1	0.1	0.1	354.6	353.5	0.0	-0.1	353.9	354.0	355.1	355.1	354.4	360.4	100.4	168.0	84.1	5.9	355.4	355.0	44.0	54.8	4.6	40.8	0.0	9.5	.Autoclave.Outputs.PRESSIP\OutputValue	-6.0	1.1	0.5	-1.0	0.0	-1.0	-1.0	-1.0	0.0	0.0	0.0	-1.0	-1.0	0.0	0.0	0.0	-1.0	0.0
04:22:27	169.0	353.2	353.6	353.6	354.6	354.3	354.5	0.1	44.4	-0.1	0.1	0.1	354.6	353.2	0.4	0.0	353.8	353.9	355.3	355.3	354.5	360.3	100.5	169.0	85.1	4.9	355.4	355.0	44.0	53.5	4.6	40.4	0.0	6.9	.Autoclave.Outputs.PRESSIP\OutputValue	-6.0	1.4	0.7	-1.0	0.0	-1.0	-1.0	-1.0	0.0	0.0	0.0	-1.0	-1.0	0.0	0.0	0.0	-1.0	0.0
04:23:27	170.1	353.1	353.5	353.5	354.7	354.4	354.7	0.1	44.3	-0.1	0.1	0.1	354.7	353.1	0.0	-0.3	353.8	353.9	355.4	355.4	354.5	360.3	100.5	170.0	86.1	3.9	355.4	355.0	44.0	52.1	4.6	40.8	0.0	4.3	.Autoclave.Outputs.PRESSIP\OutputValue	-6.0	1.6	0.7	-1.0	0.0	-1.0	-1.0	-1.0	0.0	0.0	0.0	-1.0	-1.0	0.0	0.0	0.0	-1.0	0.0
04:24:27	171.1	353.4	353.5	353.5	354.6	354.3	354.6	0.1	44.3	-0.1	0.1	0.1	354.6	353.4	0.1	-0.5	353.8	354.0	355.3	355.3	354.4	360.2	100.4	171.0	87.1	2.9	355.3	355.0	44.0	53.5	4.6	40.6	0.0	7.0	.Autoclave.Outputs.PRESSIP\OutputValue	-6.0	1.2	0.7	-1.0	0.0	-1.0	-1.0	-1.0	0.0	0.0	0.0	-1.0	-1.0	0.0	0.0	0.0	-1.0	0.0
04:25:27	172.1	353.3	353.4	353.5	354.6	354.4	355.0	0.1	44.3	-0.1	0.1	0.1	354.6	353.3	0.4	0.0	353.8	353.9	355.4	355.4	354.6	360.3	100.4	172.0	88.1	1.9	355.4	355.0	44.0	53.5	4.7	40.6	0.0	7.0	.Autoclave.Outputs.PRESSIP\OutputValue	-6.0	1.3	0.8	-1.0	0.0	-1.0	-1.0	-1.0	0.0	0.0	0.0	-1.0	-1.0	0.0	0.0	0.0	-1.0	0.0
04:26:27	173.0	353.3	353.4	353.5	354.6	354.4	354.8	0.1	44.4	-0.1	0.1	0.1	354.6	353.3	0.1	-0.1	353.8	353.9	355.3	355.3	354.5	360.6	100.4	173.0	89.1	0.9	355.3	355.0	44.0	52.2	4.7	40.4	0.0	4.3	.Autoclave.Outputs.PRESSIP\OutputValue	-6.0	1.3	0.7	-1.0	0.0	-1.0	-1.0	-1.0	0.0	0.0	0.0	-1.0	-1.0	0.0	0.0	0.0	-1.0	0.0
04:27:20	173.9	353.3	353.4	353.5	354.6	354.3	354.6	0.1	44.3	-0.1	0.1	0.1	354.6	353.3	0.5	0.0	353.8	353.9	355.3	355.3	354.5	360.2	100.4	173.9	90.0	0.0	355.4	355.0	44.0	54.2	4.7	40.6	0.0	8.4	.Autoclave.Outputs.PRESSIP\OutputValue	-6.0	1.3	0.6	-1.0	0.0	-1.0	-1.0	-1.0	0.0	0.0	0.0	-1.0	-1.0	0.0	0.0	0.0	-1.0	0.0
04:27:27	174.1	353.2	353.6	353.5	354.6	354.3	355.5	0.1	44.3	-0.1	0.1	0.1	354.6	353.2	0.5	0.0	353.8	353.9	355.4	355.4	354.7	360.2	100.4	174.0	0.1	0.0	354.4	354.4	44.0	46.7	4.7	40.6	0.0	0.0	.Autoclave.Outputs.PRESSIP\OutputValue	-6.0	1.4	0.8	-1.0	0.0	-1.0	-1.0	-1.0	0.0	0.0	0.0	-1.0	-1.0	0.0	0.0	0.0	-1.0	0.0
04:28:27	175.1	348.2	350.9	352.4	350.0	352.8	349.1	0.1	43.8	-0.1	0.1	0.1	352.8	348.2	-0.9	-5.0	350.8	350.5	344.7	344.7	344.0	348.3	100.5	175.0	1.1	0.0	350.0	349.9	44.0	87.6	3.5	47.1	0.0	75.3	.Autoclave.Outputs.PRESSIP\OutputValue	-5.1	4.6	-8.1	-1.0	0.0	-1.0	-1.0	-1.0	0.0	0.0	0.0	-1.0	-1.0	0.0	0.0	0.0	-1.0	0.0
04:29:27	176.0	348.1	350.8	352.1	350.1	352.3	349.0	0.1	43.8	-0.1	0.1	0.1	352.3	348.1	0.5	-0.6	350.7	350.2	346.1	346.3	345.4	348.9	100.4	176.0	2.1	0.0	345.5	345.4	44.0	47.8	3.7	47.7	0.0	0.0	.Autoclave.Outputs.PRESSIP\OutputValue	-4.8	4.2	-6.2	-1.0	0.0	-1.0	-1.0	-1.0	0.0	0.0	0.0	-1.0	-1.0	0.0	0.0	0.0	-1.0	0.0
04:30:27	177.1	343.1	347.9	350.7	345.3	350.5	342.7	0.1	44.3	-0.1	0.1	0.1	350.7	343.1	-1.5	-5.9	347.5	346.9	335.4	335.4	334.6	338.3	100.5	177.0	3.1	0.0	340.9	340.9	44.0	90.1	4.0	42.4	0.0	80.1	.Autoclave.Outputs.PRESSIP\OutputValue	-4.3	7.6	-15.3	-1.0	0.0	-1.0	-1.0	-1.0	0.0	0.0	0.0	-1.0	-1.0	0.0	0.0	0.0	-1.0	0.0
04:31:27	178.1	342.3	347.5	350.0	345.2	349.5	342.7	0.1	44.3	-0.1	0.1	0.1	350.0	342.3	0.1	-1.2	346.9	346.1	337.2	337.2	336.5	339.6	100.3	178.0	4.1	0.0	336.5	336.4	44.0	47.6	4.2	41.9	0.0	0.0	.Autoclave.Outputs.PRESSIP\OutputValue	-5.1	7.7	-12.8	-1.0	0.0	-1.0	-1.0	-1.0	0.0	0.0	0.0	-1.0	-1.0	0.0	0.0	0.0	-1.0	0.0
04:32:27	179.0	336.9	344.3	348.1	340.1	347.2	336.2	0.1	43.8	-0.1	0.1	0.1	348.1	336.9	-1.6	-5.3	343.3	342.5	327.0	327.1	326.3	329.5	100.4	179.0	5.1	0.0	332.0	331.9	44.0	86.0	4.5	47.4	0.0	71.9	.Autoclave.Outputs.PRESSIP\OutputValue	-4.4	11.2	-21.1	-1.0	0.0	-1.0	-1.0	-1.0	0.0	0.0	0.0	-1.0	-1.0	0.0	0.0	0.0	-1.0	0.0
04:33:27	180.1	336.4	343.6	347.1	339.5	345.7	335.0	0.1	43.8	-0.1	0.1	0.1	347.1	336.4	-0.5	-1.6	342.4	341.7	328.5	328.5	327.7	330.9	100.3	180.0	6.1	0.0	327.5	327.4	44.0	46.1	4.6	47.7	-1.0	0.0	.Autoclave.Outputs.PRESSIP\OutputValue	-4.1	10.7	-18.6	-1.0	0.0	-1.0	-1.0	-1.0	0.0	0.0	0.0	-1.0	-1.0	0.0	0.0	0.0	-1.0	0.0
04:33:59	180.6	332.3	341.4	346.0	335.3	344.2	0.0	0.1	44.0	-0.1	0.1	0.1	346.0	332.3	-1.1	-4.6	339.8	339.1	320.1	319.9	319.2	309.6	100.5	180.6	6.7	0.0	325.1	325.1	44.0	86.4	4.7	46.7	0.0	72.8	.Autoclave.Outputs.PRESSIP\OutputValue	-3.7	13.7	-26.0	-1.0	0.0	-1.0	-1.0	-1.0	0.0	0.0	0.0	-1.0	-1.0	0.0	0.0	0.0	-1.0	0.0
04:34:27	181.1	331.4	340.1	344.4	334.5	342.9	67.0	0.1	44.4	-0.1	0.1	0.1	344.4	331.4	-2.5	-5.4	338.6	337.9	319.0	319.0	318.2	320.8	100.6	181.0	0.5	0.0	323.0	322.9	44.0	79.8	4.9	42.7	0.0	59.7	.Autoclave.Outputs.PRESSIP\OutputValue	-3.9	13.0	-25.4	-1.0	0.0	-1.0	-1.0	-1.0	0.0	0.0	0.0	-1.0	-1.0	0.0	0.0	0.0	-1.0	0.0
04:35:27	182.0	330.1	339.1	342.3	333.5	341.2	0.0	0.1	44.3	-0.1	0.1	0.1	342.3	330.1	-0.6	-2.8	337.2	336.2	319.9	319.9	319.1	321.2	100.3	182.0	1.5	0.0	318.5	318.4	44.0	44.6	5.0	42.7	-1.0	0.0	.Autoclave.Outputs.PRESSIP\OutputValue	-4.7	12.2	-22.4	-1.0	0.0	-1.0	-1.0	-1.0	0.0	0.0	0.0	-1.0	-1.0	0.0	0.0	0.0	-1.0	0.0
04:36:27	183.1	324.7	335.6	340.2	328.5	338.1	0.0	0.1	43.9	-0.1	0.1	0.1	340.2	324.7	-1.6	-5.5	333.4	332.4	310.9	311.0	310.2	313.2	100.4	183.0	2.5	0.0	313.9	313.9	44.0	74.2	5.3	47.8	0.0	48.3	.Autoclave.Outputs.PRESSIP\OutputValue	-3.9	15.5	-29.3	-1.0	0.0	-1.0	-1.0	-1.0	0.0	0.0	0.0	-1.0	-1.0	0.0	0.0	0.0	-1.0	0.0
04:37:27	184.1	322.3	333.8	337.8	326.4	335.7	0.0	0.0	43.0	-0.1	0.0	0.0	337.8	322.3	-1.3	-2.5	331.2	330.0	310.1	309.9	309.0	296.9	100.1	184.0	3.5	0.0	309.5	309.4	44.0	49.6	5.4	56.2	-1.0	0.0	.Autoclave.Outputs.PRESSIP\OutputValue	-3.4	15.5	-27.7	-1.0	0.0	-1.0	-1.0	-1.0	0.0	0.0	0.0	-1.0	-1.0	0.0	0.0	0.0	-1.0	0.0
04:38:27	185.0	318.3	330.5	336.1	322.3	332.5	0.0	0.1	44.2	-0.1	0.1	0.1	336.1	318.3	-2.2	-5.1	327.9	327.2	303.2	303.2	302.6	305.4	100.6	185.0	4.5	0.0	305.0	304.9	44.0	64.6	5.7	44.3	0.0	29.3	.Autoclave.Outputs.PRESSIP\OutputValue	-3.4	17.8	-32.8	-1.0	0.0	-1.0	-1.0	-1.0	0.0	0.0	0.0	-1.0	-1.0	0.0	0.0	0.0	-1.0	0.0
04:39:27	186.0	313.4	328.0	333.1	317.6	329.7	0.0	0.0	43.1	-0.1	0.0	0.0	333.1	313.4	-2.2	-4.0	324.3	323.2	297.9	297.9	297.1	281.1	100.2	186.0	5.5	0.0	300.5	300.4	44.0	67.9	5.7	55.5	0.0	35.9	.Autoclave.Outputs.PRESSIP\OutputValue	-3.3	19.7	-35.1	-1.0	0.0	-1.0	-1.0	-1.0	0.0	0.0	0.0	-1.0	-1.0	0.0	0.0	0.0	-1.0	0.0
04:40:27	187.1	311.3	325.3	330.7	315.4	326.4	0.0	0.0	43.6	-0.1	0.0	0.0	330.7	311.3	-2.1	-3.6	321.8	321.0	295.4	295.4	294.7	296.3	100.4	187.0	6.5	0.0	295.9	295.9	44.0	57.5	6.0	51.0	0.0	15.1	.Autoclave.Outputs.PRESSIP\OutputValue	-2.6	19.4	-35.2	-1.0	0.0	-1.0	-1.0	-1.0	0.0	0.0	0.0	-1.0	-1.0	0.0	0.0	0.0	-1.0	0.0
04:41:27	188.1	306.4	321.9	327.9	310.3	323.4	0.0	0.0	43.8	-0.1	0.0	0.0	327.9	306.4	-2.2	-4.6	318.0	317.1	287.8	287.6	287.0	277.3	100.4	188.0	7.5	0.0	291.5	291.4	44.0	78.3	6.0	50.8	0.0	56.6	.Autoclave.Outputs.PRESSIP\OutputValue	-1.7	21.5	-40.0	-1.0	0.0	-1.0	-1.0	-1.0	0.0	0.0	0.0	-1.0	-1.0	0.0	0.0	0.0	-1.0	0.0
04:42:27	189.0	304.3	319.0	325.5	308.2	320.0	0.0	0.0	44.1	-0.1	0.0	0.0	325.5	304.3	-1.9	-3.5	315.4	314.9	287.0	286.9	286.2	287.2	100.4	189.0	8.5	0.0	287.0	286.9	44.0	53.9	6.2	47.5	0.0	7.7	.Autoclave.Outputs.PRESSIP\OutputValue	-1.9	21.2	-38.4	-1.0	0.0	-1.0	-1.0	-1.0	0.0	0.0	0.0	-1.0	-1.0	0.0	0.0	0.0	-1.0	0.0
04:43:27	190.1	298.8	315.6	323.4	302.4	316.3	0.0	0.0	44.0	-0.1	0.0	0.0	323.4	298.8	-2.0	-5.7	311.3	311.1	278.0	278.0	277.3	272.9	100.5	190.0	9.5	0.0	282.5	282.4	44.0	83.9	6.3	48.5	0.0	67.8	.Autoclave.Outputs.PRESSIP\OutputValue	-1.5	24.6	-45.3	-1.0	0.0	-1.0	-1.0	-1.0	0.0	0.0	0.0	-1.0	-1.0	0.0	0.0	0.0	-1.0	0.0
04:44:27	191.1	296.4	313.0	320.5	300.6	313.0	0.0	0.0	44.1	-0.1	0.0	0.0	320.5	296.4	-2.5	-3.4	308.7	308.4	278.4	278.4	277.6	278.1	100.3	191.0	10.5	0.0	278.0	277.9	44.0	51.4	6.4	47.6	0.0	2.8	.Autoclave.Outputs.PRESSIP\OutputValue	-1.9	24.1	-42.0	-1.0	0.0	-1.0	-1.0	-1.0	0.0	0.0	0.0	-1.0	-1.0	0.0	0.0	0.0	-1.0	0.0
04:45:27	192.0	290.8	309.2	317.2	295.2	309.1	0.0	0.0	43.7	-0.1	0.0	0.0	317.2	290.8	-3.2	-5.8	304.3	304.0	270.0	270.1	269.3	269.5	100.2	192.0	11.5	0.0	273.5	273.4	44.0	77.5	6.5	52.2	0.0	55.0	.Autoclave.Outputs.PRESSIP\OutputValue	-1.2	26.4	-47.1	-1.0	0.0	-1.0	-1.0	-1.0	0.0	0.0	0.0	-1.0	-1.0	0.0	0.0	0.0	-1.0	0.0
04:46:27	193.1	288.7	306.6	313.4	292.9	305.8	0.0	0.0	43.2	-0.1	0.0	0.0	313.4	288.7	-1.8	-3.8	301.5	301.0	270.1	269.9	269.2	263.2	100.1	193.0	12.5	0.0	269.0	268.9	44.0	47.0	6.6	57.3	-1.0	0.0	.Autoclave.Outputs.PRESSIP\OutputValue	-0.5	24.7	-43.2	-1.0	0.0	-1.0	-1.0	-1.0	0.0	0.0	0.0	-1.0	-1.0	0.0	0.0	0.0	-1.0	0.0
04:47:27	194.1	284.4	302.8	310.3	288.7	301.7	0.0	0.0	44.1	-0.1	0.0	0.0	310.3	284.4	-3.7	-4.8	297.6	297.3	264.3	264.3	263.7	265.8	100.2	194.0	13.5	0.0	264.5	264.4	44.0	55.9	6.7	49.2	0.0	11.8	.Autoclave.Outputs.PRESSIP\OutputValue	0.0	25.9	-45.9	-1.0	0.0	-1.0	-1.0	-1.0	0.0	0.0	0.0	-1.0	-1.0	0.0	0.0	0.0	-1.0	0.0
04:48:27	195.0	278.5	298.9	308.0	282.9	297.7	0.0	0.0	43.4	-0.4	0.0	0.0	308.0	278.5	-1.8	-6.2	293.2	293.2	256.5	256.4	255.7	254.0	100.1	195.0	14.5	0.0	260.0	259.9	44.0	77.8	6.8	56.6	0.0	55.6	.Autoclave.Outputs.PRESSIP\OutputValue	0.8	29.5	-51.4	-1.0	0.0	-1.0	-1.0	-1.0	0.0	0.0	0.0	-1.0	-1.0	0.0	0.0	0.0	-1.0	0.0
04:49:27	196.1	276.0	296.3	304.9	280.2	294.1	0.0	0.0	43.5	-0.1	0.0	0.0	304.9	276.0	-2.1	-3.7	290.3	290.5	254.7	254.7	254.1	242.3	100.2	196.0	15.5	0.0	255.5	255.4	44.0	57.2	6.8	56.5	0.0	14.4	.Autoclave.Outputs.PRESSIP\OutputValue	1.8	29.0	-50.2	-1.0	0.0	-1.0	-1.0	-1.0	0.0	0.0	0.0	-1.0	-1.0	0.0	0.0	0.0	-1.0	0.0
04:50:27	197.1	272.7	292.5	301.4	276.5	290.2	0.0	0.0	43.9	-0.1	0.0	0.0	301.4	272.7	-3.6	-4.1	286.7	287.1	251.8	251.8	251.1	251.5	100.2	197.0	16.5	0.0	251.0	250.9	44.0	49.2	7.0	53.2	0.0	0.0	.Autoclave.Outputs.PRESSIP\OutputValue	2.1	28.8	-49.6	-1.0	0.0	-1.0	-1.0	-1.0	0.0	0.0	0.0	-1.0	-1.0	0.0	0.0	0.0	-1.0	0.0
04:51:27	198.0	267.7	288.5	297.9	271.6	286.1	0.0	0.0	43.6	-0.1	0.0	0.0	297.9	267.7	-3.7	-5.5	282.4	282.8	245.5	245.6	244.9	246.6	100.2	198.0	17.5	0.0	246.5	246.5	44.0	62.0	7.0	58.0	0.0	23.9	.Autoclave.Outputs.PRESSIP\OutputValue	3.3	30.3	-52.4	-1.0	0.0	-1.0	-1.0	-1.0	0.0	0.0	0.0	-1.0	-1.0	0.0	0.0	0.0	-1.0	0.0
04:52:27	199.1	262.6	284.4	294.3	266.6	281.9	0.0	0.0	44.0	-0.1	0.0	0.0	294.3	262.6	-3.5	-4.6	278.0	278.5	239.3	239.2	238.6	238.1	100.2	199.0	18.5	0.0	241.9	241.9	44.0	72.8	7.1	54.4	0.0	45.7	.Autoclave.Outputs.PRESSIP\OutputValue	4.2	31.8	-55.0	-1.0	0.0	-1.0	-1.0	-1.0	0.0	0.0	0.0	-1.0	-1.0	0.0	0.0	0.0	-1.0	0.0
04:53:27	200.1	258.4	281.3	291.0	262.9	278.1	0.0	0.0	43.2	-0.1	0.0	0.0	291.0	258.4	-3.0	-3.8	274.3	274.7	236.4	236.3	235.5	223.5	100.1	200.0	19.5	0.0	237.5	237.4	44.0	62.2	7.1	62.9	0.0	24.4	.Autoclave.Outputs.PRESSIP\OutputValue	4.4	32.7	-54.6	-1.0	0.0	-1.0	-1.0	-1.0	0.0	0.0	0.0	-1.0	-1.0	0.0	0.0	0.0	-1.0	0.0
04:54:27	201.0	256.1	277.7	287.6	260.1	274.1	0.0	0.0	43.3	-0.1	0.0	0.0	287.6	256.1	-3.5	-4.3	271.1	271.9	234.5	234.5	233.7	229.5	100.1	201.0	20.5	0.0	233.0	232.9	44.0	45.0	7.2	62.6	-1.0	0.0	.Autoclave.Outputs.PRESSIP\OutputValue	5.3	31.6	-53.1	-1.0	0.0	-1.0	-1.0	-1.0	0.0	0.0	0.0	-1.0	-1.0	0.0	0.0	0.0	-1.0	0.0
04:55:27	202.0	252.2	273.8	283.7	255.8	269.9	0.0	0.0	44.2	-0.1	0.0	0.0	283.7	252.2	-3.8	-4.7	267.1	267.9	229.4	229.4	228.6	230.2	100.2	202.0	21.5	0.0	228.5	228.4	44.0	49.1	7.3	53.9	0.0	0.0	.Autoclave.Outputs.PRESSIP\OutputValue	5.4	31.6	-54.3	-1.0	0.0	-1.0	-1.0	-1.0	0.0	0.0	0.0	-1.0	-1.0	0.0	0.0	0.0	-1.0	0.0
04:56:27	203.1	246.7	269.6	279.8	250.8	265.7	0.0	0.0	43.8	-0.1	0.0	0.0	279.8	246.7	-3.8	-5.3	262.5	263.2	223.6	223.6	222.9	225.0	100.1	203.0	22.5	0.0	224.0	223.9	44.0	57.9	7.4	57.7	0.0	15.7	.Autoclave.Outputs.PRESSIP\OutputValue	6.1	33.2	-56.2	-1.0	0.0	-1.0	-1.0	-1.0	0.0	0.0	0.0	-1.0	-1.0	0.0	0.0	0.0	-1.0	0.0
04:57:27	204.1	242.5	265.9	276.1	246.0	261.5	0.0	0.0	44.2	-0.1	0.0	0.0	276.1	242.5	-3.7	-4.9	258.4	259.3	217.9	217.9	217.2	219.1	100.2	204.0	23.5	0.0	219.5	219.4	44.0	66.0	7.4	54.4	0.0	32.0	.Autoclave.Outputs.PRESSIP\OutputValue	6.6	33.7	-58.2	-1.0	0.0	-1.0	-1.0	-1.0	0.0	0.0	0.0	-1.0	-1.0	0.0	0.0	0.0	-1.0	0.0
04:58:27	205.0	238.1	261.2	272.2	241.6	257.0	0.0	0.0	43.7	-0.1	0.0	0.0	272.2	238.1	-3.7	-4.4	254.0	255.1	212.9	212.9	212.2	211.5	100.0	205.0	24.5	0.0	215.0	214.9	44.0	69.2	7.4	59.5	0.0	38.5	.Autoclave.Outputs.PRESSIP\OutputValue	6.9	34.2	-59.3	-1.0	0.0	-1.0	-1.0	-1.0	0.0	0.0	0.0	-1.0	-1.0	0.0	0.0	0.0	-1.0	0.0
04:59:27	206.1	233.9	257.8	268.7	237.5	252.8	0.0	0.0	43.7	-0.1	0.0	0.0	268.7	233.9	-3.3	-4.3	250.1	251.3	208.7	208.7	207.9	201.6	100.1	206.0	25.5	0.0	210.5	210.4	44.0	67.4	7.4	60.1	0.0	34.8	.Autoclave.Outputs.PRESSIP\OutputValue	7.6	34.9	-60.0	-1.0	0.0	-1.0	-1.0	-1.0	0.0	0.0	0.0	-1.0	-1.0	0.0	0.0	0.0	-1.0	0.0
05:00:27	207.1	230.0	254.3	265.1	233.3	248.6	0.0	0.0	43.3	-0.1	0.0	0.0	265.1	230.0	-3.5	-4.2	246.3	247.5	206.2	206.2	205.6	196.3	100.0	207.0	26.5	0.0	206.0	205.9	44.0	52.6	7.4	64.8	0.0	5.3	.Autoclave.Outputs.PRESSIP\OutputValue	7.8	35.2	-58.9	-1.0	0.0	-1.0	-1.0	-1.0	0.0	0.0	0.0	-1.0	-1.0	0.0	0.0	0.0	-1.0	0.0
05:01:27	208.0	226.2	250.6	261.1	229.9	244.3	0.0	0.0	43.3	-0.1	0.0	0.0	261.1	226.2	-3.8	-4.4	242.4	243.6	203.1	203.1	202.4	198.7	100.0	208.0	27.5	0.0	201.5	201.4	44.0	44.1	7.4	65.0	-1.0	0.0	.Autoclave.Outputs.PRESSIP\OutputValue	8.0	35.0	-58.0	-1.0	0.0	-1.0	-1.0	-1.0	0.0	0.0	0.0	-1.0	-1.0	0.0	0.0	0.0	-1.0	0.0
05:02:27	209.1	222.2	246.5	257.4	225.6	240.0	0.0	0.0	44.0	-0.1	0.0	0.0	257.4	222.2	-3.8	-4.8	238.3	239.8	198.2	198.1	197.3	198.8	99.9	209.0	28.5	0.0	197.0	196.9	44.0	47.5	7.4	58.2	-1.0	0.0	.Autoclave.Outputs.PRESSIP\OutputValue	8.0	35.3	-59.2	-1.0	0.0	-1.0	-1.0	-1.0	0.0	0.0	0.0	-1.0	-1.0	0.0	0.0	0.0	-1.0	0.0
05:03:27	210.1	217.9	242.5	253.4	221.2	235.7	0.0	0.0	43.6	-0.1	0.0	0.0	253.4	217.9	-4.0	-4.6	234.1	235.6	193.3	193.3	192.6	193.4	99.9	210.0	29.5	0.0	192.5	192.4	44.0	50.1	7.4	62.3	0.0	0.3	.Autoclave.Outputs.PRESSIP\OutputValue	8.0	35.6	-60.1	-1.0	0.0	-1.0	-1.0	-1.0	0.0	0.0	0.0	-1.0	-1.0	0.0	0.0	0.0	-1.0	0.0
05:04:27	211.0	213.0	238.0	249.5	216.5	231.3	0.0	0.0	44.0	-0.1	0.0	0.0	249.5	213.0	-4.0	-4.6	229.7	231.3	188.2	188.3	187.6	189.0	100.0	211.0	30.5	0.0	188.0	187.9	44.0	54.2	7.4	58.2	0.0	8.3	.Autoclave.Outputs.PRESSIP\OutputValue	8.0	36.5	-61.3	-1.0	0.0	-1.0	-1.0	-1.0	0.0	0.0	0.0	-1.0	-1.0	0.0	0.0	0.0	-1.0	0.0
05:05:27	212.1	208.1	233.8	245.7	211.9	226.8	0.0	0.0	43.6	-0.1	0.0	0.0	245.7	208.1	-3.9	-4.8	225.3	226.9	183.0	183.1	182.3	184.4	100.0	212.0	31.5	0.0	183.5	183.4	44.0	58.8	7.4	61.6	0.0	17.6	.Autoclave.Outputs.PRESSIP\OutputValue	8.0	37.6	-62.7	-1.0	0.0	-1.0	-1.0	-1.0	0.0	0.0	0.0	-1.0	-1.0	0.0	0.0	0.0	-1.0	0.0
05:06:27	213.1	204.4	229.7	241.7	207.6	222.5	0.0	0.0	44.0	-0.1	0.0	0.0	241.7	204.4	-3.9	-4.4	221.2	223.1	178.8	178.8	178.1	179.9	100.1	213.0	32.5	0.0	179.0	178.9	44.0	56.1	7.4	58.2	0.0	12.2	.Autoclave.Outputs.PRESSIP\OutputValue	8.0	37.3	-62.9	-1.0	0.0	-1.0	-1.0	-1.0	0.0	0.0	0.0	-1.0	-1.0	0.0	0.0	0.0	-1.0	0.0
05:07:27	214.0	199.2	226.3	237.6	203.1	218.1	0.0	0.0	43.6	-0.1	0.0	0.0	237.6	199.2	-3.8	-4.8	216.9	218.4	174.7	174.7	174.1	174.4	100.0	214.0	33.5	0.0	174.5	174.4	44.0	54.7	7.3	62.3	0.0	9.5	.Autoclave.Outputs.PRESSIP\OutputValue	8.0	38.4	-62.9	-1.0	0.0	-1.0	-1.0	-1.0	0.0	0.0	0.0	-1.0	-1.0	0.0	0.0	0.0	-1.0	0.0
05:08:27	215.1	195.2	221.7	233.6	198.6	213.9	0.0	0.0	43.9	-0.1	0.0	0.0	233.6	195.2	-4.0	-4.5	212.6	214.4	169.6	169.6	168.9	169.6	100.0	215.0	34.5	0.0	170.0	169.9	44.0	58.1	7.3	59.1	0.0	16.2	.Autoclave.Outputs.PRESSIP\OutputValue	8.0	38.4	-64.0	-1.0	0.0	-1.0	-1.0	-1.0	0.0	0.0	0.0	-1.0	-1.0	0.0	0.0	0.0	-1.0	0.0
05:09:27	216.1	190.5	217.7	229.8	194.0	209.7	0.0	0.0	43.2	-0.1	0.0	0.0	229.8	190.5	-4.0	-4.6	208.4	210.2	165.2	165.2	164.5	159.6	99.8	216.0	35.5	0.0	165.5	165.4	44.0	55.9	7.2	66.1	0.0	11.9	.Autoclave.Outputs.PRESSIP\OutputValue	8.0	39.3	-64.6	-1.0	0.0	-1.0	-1.0	-1.0	0.0	0.0	0.0	-1.0	-1.0	0.0	0.0	0.0	-1.0	0.0
05:10:27	217.1	187.1	213.9	225.5	190.7	205.3	0.0	0.0	43.6	-0.1	0.0	0.0	225.5	187.1	-3.6	-4.4	204.5	206.3	162.0	162.0	161.2	156.4	99.9	217.0	36.5	0.0	161.0	160.9	44.0	49.1	7.1	61.9	-1.0	0.0	.Autoclave.Outputs.PRESSIP\OutputValue	8.0	38.4	-63.5	-1.0	0.0	-1.0	-1.0	-1.0	0.0	0.0	0.0	-1.0	-1.0	0.0	0.0	0.0	-1.0	0.0
05:11:27	218.0	182.6	210.0	221.9	186.2	200.9	0.0	0.0	43.3	-0.1	0.0	0.0	221.9	182.6	-3.9	-4.6	200.3	202.3	158.3	158.1	157.4	153.7	99.7	218.0	37.5	0.0	156.4	156.4	44.0	43.1	7.0	64.2	-1.0	0.0	.Autoclave.Outputs.PRESSIP\OutputValue	8.0	39.3	-63.6	-1.0	0.0	-1.0	-1.0	-1.0	0.0	0.0	0.0	-1.0	-1.0	0.0	0.0	0.0	-1.0	0.0
05:12:27	219.1	178.3	205.4	217.7	181.8	196.7	0.0	0.0	43.2	-0.1	0.0	0.0	217.7	178.3	-4.3	-4.8	196.0	198.0	153.6	153.6	152.9	152.6	99.8	219.0	38.5	0.0	152.0	151.9	44.0	44.5	6.9	66.1	-1.0	0.0	.Autoclave.Outputs.PRESSIP\OutputValue	8.0	39.4	-64.1	-1.0	0.0	-1.0	-1.0	-1.0	0.0	0.0	0.0	-1.0	-1.0	0.0	0.0	0.0	-1.0	0.0
05:13:27	220.1	173.5	200.6	213.4	176.6	191.9	0.0	0.0	43.5	-0.1	0.0	0.0	213.4	173.5	-4.2	-5.3	191.2	193.5	147.4	147.4	146.6	146.4	99.8	220.0	39.5	0.0	147.5	147.4	44.0	55.0	6.8	63.1	0.0	10.1	.Autoclave.Outputs.PRESSIP\OutputValue	8.0	39.9	-66.0	-1.0	0.0	-1.0	-1.0	-1.0	0.0	0.0	0.0	-1.0	-1.0	0.0	0.0	0.0	-1.0	0.0
05:14:27	221.0	169.6	197.0	209.6	172.9	187.7	0.0	0.0	43.7	-0.1	0.0	0.0	209.6	169.6	-3.6	-4.5	187.4	189.6	143.9	143.9	143.4	140.4	99.8	221.0	40.5	0.0	143.0	142.9	44.0	48.2	6.7	60.8	-1.0	0.0	.Autoclave.Outputs.PRESSIP\OutputValue	8.0	40.0	-65.7	-1.0	0.0	-1.0	-1.0	-1.0	0.0	0.0	0.0	-1.0	-1.0	0.0	0.0	0.0	-1.0	0.0
05:15:27	222.1	165.0	193.0	205.3	168.7	183.1	0.0	0.0	43.4	-0.1	0.0	0.0	205.3	165.0	-4.0	-4.6	183.0	185.2	140.7	140.7	139.9	138.2	99.8	222.0	41.5	0.0	138.5	138.4	44.0	40.1	6.6	64.2	-1.0	0.0	.Autoclave.Outputs.PRESSIP\OutputValue	8.0	40.3	-64.6	-1.0	0.0	-1.0	-1.0	-1.0	0.0	0.0	0.0	-1.0	-1.0	0.0	0.0	0.0	-1.0	0.0
05:16:27	223.1	161.0	188.7	200.9	163.0	178.9	0.0	0.0	43.6	-0.1	0.0	0.0	200.9	161.0	-4.4	-4.7	178.5	181.0	135.7	135.7	134.9	132.9	99.8	223.0	42.5	0.0	134.0	133.9	44.0	43.3	6.4	61.9	-1.0	0.0	.Autoclave.Outputs.PRESSIP\OutputValue	8.0	39.9	-65.2	-1.0	0.0	-1.0	-1.0	-1.0	0.0	0.0	0.0	-1.0	-1.0	0.0	0.0	0.0	-1.0	0.0
05:17:27	224.0	156.5	184.5	196.7	159.7	174.6	0.0	0.0	43.2	-0.1	0.0	0.0	196.7	156.5	-4.0	-4.6	174.4	176.6	131.4	131.4	130.6	129.1	99.6	224.0	43.5	0.0	129.5	129.4	44.0	41.1	6.3	65.7	-1.0	0.0	.Autoclave.Outputs.PRESSIP\OutputValue	8.0	40.2	-65.3	-1.0	0.0	-1.0	-1.0	-1.0	0.0	0.0	0.0	-1.0	-1.0	0.0	0.0	0.0	-1.0	0.0
05:18:27	225.1	153.4	180.6	192.7	154.2	170.3	0.0	0.0	43.6	-0.1	0.0	0.0	192.7	153.4	-3.6	-7.3	170.2	173.1	128.0	128.0	127.3	126.3	99.6	225.0	44.5	0.0	125.0	124.9	44.0	33.5	6.0	62.3	-1.0	0.0	.Autoclave.Outputs.PRESSIP\OutputValue	8.0	39.3	-64.7	-1.0	0.0	-1.0	-1.0	-1.0	0.0	0.0	0.0	-1.0	-1.0	0.0	0.0	0.0	-1.0	0.0
05:19:27	226.1	149.1	176.8	188.0	151.9	166.0	0.0	0.0	43.3	-0.1	0.0	0.0	188.0	149.1	-0.6	-4.6	166.4	168.6	124.8	124.8	124.0	123.5	99.5	226.0	45.5	0.0	120.5	120.4	44.0	25.3	5.7	65.1	-1.0	0.0	.Autoclave.Outputs.PRESSIP\OutputValue	8.0	38.9	-63.2	-1.0	0.0	-1.0	-1.0	-1.0	0.0	0.0	0.0	-1.0	-1.0	0.0	0.0	0.0	-1.0	0.0
05:20:27	227.0	145.9	173.1	184.9	147.4	161.9	0.0	0.0	43.0	-0.1	0.0	0.0	184.9	145.9	-3.4	-5.1	162.6	165.4	122.1	122.0	121.3	121.2	99.5	227.0	46.5	0.0	116.0	115.9	44.0	12.1	5.2	67.6	-1.0	0.0	.Autoclave.Outputs.PRESSIP\OutputValue	8.0	39.0	-62.7	-1.0	0.0	-1.0	-1.0	-1.0	0.0	0.0	0.0	-1.0	-1.0	0.0	0.0	0.0	-1.0	0.0
05:21:27	228.1	142.9	169.2	180.5	145.1	158.1	0.0	0.0	43.5	-0.1	0.0	0.0	180.5	142.9	-2.1	-4.4	159.2	161.7	119.9	119.9	119.2	119.2	99.7	228.0	47.5	0.0	111.5	111.4	44.0	0.0	0.0	63.5	-1.0	0.0	.Autoclave.Outputs.PRESSIP\OutputValue	8.0	37.6	-60.5	-1.0	0.0	-1.0	-1.0	-1.0	0.0	0.0	0.0	-1.0	-1.0	0.0	0.0	0.0	-1.0	0.0
05:22:27	229.1	139.3	165.9	176.8	140.5	154.2	0.0	0.0	43.2	-0.1	0.0	0.0	176.8	139.3	-3.2	-4.0	155.3	158.1	117.5	117.6	116.9	117.3	99.5	229.0	48.5	0.0	107.0	106.9	44.0	0.0	0.0	65.5	-1.0	0.0	.Autoclave.Outputs.PRESSIP\OutputValue	8.0	37.4	-59.2	-1.0	0.0	-1.0	-1.0	-1.0	0.0	0.0	0.0	-1.0	-1.0	0.0	0.0	0.0	-1.0	0.0
05:23:27	230.0	137.1	162.6	173.0	137.0	150.7	0.0	0.0	43.0	-0.1	0.0	0.0	173.0	137.0	-2.6	-5.4	152.1	155.0	115.8	115.7	115.0	115.7	99.5	230.0	49.5	0.0	102.5	102.4	44.0	0.0	0.0	67.4	-1.0	0.0	.Autoclave.Outputs.PRESSIP\OutputValue	8.0	36.0	-57.1	-1.0	0.0	-1.0	-1.0	-1.0	0.0	0.0	0.0	-1.0	-1.0	0.0	0.0	0.0	-1.0	0.0
05:24:27	231.0	134.0	159.3	169.2	135.6	147.3	0.0	0.0	43.5	-0.1	0.0	0.0	169.2	134.0	-2.0	-3.8	149.1	151.6	114.4	114.3	113.6	114.3	99.5	231.0	50.5	0.0	98.0	97.9	44.0	0.0	0.0	62.9	-1.0	0.0	.Autoclave.Outputs.PRESSIP\OutputValue	8.0	35.1	-54.7	-1.0	0.0	-1.0	-1.0	-1.0	0.0	0.0	0.0	-1.0	-1.0	0.0	0.0	0.0	-1.0	0.0
05:25:27	232.1	132.0	156.4	165.7	133.6	143.9	0.0	0.0	43.3	-0.1	0.0	0.0	165.7	132.0	-2.8	-4.3	146.3	148.8	112.7	112.7	111.9	112.8	99.5	232.0	51.5	0.0	93.5	93.4	44.0	0.0	0.0	64.6	-1.0	0.0	.Autoclave.Outputs.PRESSIP\OutputValue	8.0	33.6	-52.9	-1.0	0.0	-1.0	-1.0	-1.0	0.0	0.0	0.0	-1.0	-1.0	0.0	0.0	0.0	-1.0	0.0
05:26:27	233.1	129.2	153.0	162.3	128.0	141.1	0.0	0.0	43.2	-0.1	0.0	0.0	162.3	128.0	-2.3	-3.4	142.7	145.1	111.3	111.3	110.6	111.4	99.5	233.0	52.5	0.0	89.0	88.9	44.0	0.0	0.0	65.9	-1.0	0.0	.Autoclave.Outputs.PRESSIP\OutputValue	8.0	34.3	-50.9	-1.0	0.0	-1.0	-1.0	-1.0	0.0	0.0	0.0	-1.0	-1.0	0.0	0.0	0.0	-1.0	0.0
05:27:27	234.0	127.0	150.8	159.0	126.3	138.2	0.0	0.0	43.0	-0.1	0.0	0.0	159.0	126.3	-2.2	-3.3	140.3	142.6	109.9	109.7	109.1	110.3	99.4	234.0	53.5	0.0	84.5	84.4	44.0	0.0	0.0	67.6	-1.0	0.0	.Autoclave.Outputs.PRESSIP\OutputValue	8.0	32.7	-49.0	-1.0	0.0	-1.0	-1.0	-1.0	0.0	0.0	0.0	-1.0	-1.0	0.0	0.0	0.0	-1.0	0.0
05:28:27	235.1	124.9	147.5	156.5	124.8	135.4	0.0	0.0	43.5	-0.1	0.0	0.0	156.5	124.8	-1.8	-3.4	137.8	140.6	108.8	108.8	108.2	109.5	99.5	235.0	54.5	0.0	80.0	80.0	44.0	0.0	0.0	62.5	-1.0	0.0	.Autoclave.Outputs.PRESSIP\OutputValue	8.0	31.7	-47.6	-1.0	0.0	-1.0	-1.0	-1.0	0.0	0.0	0.0	-1.0	-1.0	0.0	0.0	0.0	-1.0	0.0
05:29:27	236.1	123.0	144.8	152.6	122.7	132.7	0.0	0.0	43.4	-0.1	0.0	0.0	152.6	122.7	-1.7	-3.8	135.2	137.6	107.9	107.9	107.3	108.4	99.4	236.0	55.5	0.0	80.0	80.0	44.0	0.0	0.0	64.4	-1.0	0.0	.Autoclave.Outputs.PRESSIP\OutputValue	8.0	29.9	-44.6	-1.0	0.0	-1.0	-1.0	-1.0	0.0	0.0	0.0	-1.0	-1.0	0.0	0.0	0.0	-1.0	0.0
05:30:27	237.0	121.3	142.4	149.9	120.0	130.4	0.0	0.0	43.3	-0.1	0.0	0.0	149.9	120.0	-1.9	-3.3	132.8	134.9	106.8	106.8	106.2	107.2	99.6	237.0	56.5	0.0	80.0	80.0	44.0	0.0	0.0	65.1	-1.0	0.0	.Autoclave.Outputs.PRESSIP\OutputValue	8.0	29.9	-43.0	-1.0	0.0	-1.0	-1.0	-1.0	0.0	0.0	0.0	-1.0	-1.0	0.0	0.0	0.0	-1.0	0.0
05:31:27	238.1	119.6	139.9	147.6	120.7	128.0	0.0	0.0	43.2	-0.1	0.0	0.0	147.6	119.6	0.6	-2.4	131.1	133.6	105.7	105.6	104.9	106.6	99.5	238.0	57.5	0.0	80.0	80.0	44.0	0.0	0.0	66.3	-1.0	0.0	.Autoclave.Outputs.PRESSIP\OutputValue	8.0	27.9	-42.3	-1.0	0.0	-1.0	-1.0	-1.0	0.0	0.0	0.0	-1.0	-1.0	0.0	0.0	0.0	-1.0	0.0
05:31:27	238.1	119.6	139.9	147.6	120.7	128.0	0.0	0.0	43.2	-0.1	0.0	0.0	147.6	119.6	0.6	-2.4	131.1	133.6	105.7	105.6	104.9	106.6	99.5	238.0	57.5	0.0	80.0	80.0	44.0	0.0	0.0	66.3	-1.0	0.0	.Autoclave.Outputs.PRESSIP\OutputValue	8.0	27.9	-41.8	-1.0	0.0	-1.0	-1.0	-1.0	0.0	0.0	0.0	-1.0	-1.0	0.0	0.0	0.0	-1.0	0.0
05:32:27	239.1	116.9	137.3	145.7	117.9	125.6	0.0	0.0	35.0	-0.1	0.0	0.0	145.7	116.9	0.4	-2.8	128.7	131.3	101.2	101.1	100.4	101.6	98.5	239.0	1.0	0.0	80.0	80.0	34.0	0.0	0.0	47.0	-1.0	0.0	.Autoclave.Outputs.PRESSIP\OutputValue	6.9	28.7	-44.4	-1.0	0.0	-1.0	-1.0	-1.0	0.0	0.0	0.0	-1.0	-1.0	0.0	0.0	0.0	-1.0	0.0
05:33:27	240.0	114.8	135.3	143.0	115.4	123.4	0.0	0.0	24.9	-0.1	0.0	0.0	143.0	114.8	-2.1	-2.5	126.4	128.9	97.2	97.2	96.7	98.3	97.8	240.0	2.0	0.0	80.0	80.0	23.9	0.0	0.0	46.1	-1.0	0.0	.Autoclave.Outputs.PRESSIP\OutputValue	5.6	28.1	-45.7	-1.0	0.0	-1.0	-1.0	-1.0	0.0	0.0	0.0	-1.0	-1.0	-1.0	0.0	0.0	-1.0	0.0
05:34:27	241.1	113.1	133.3	141.0	111.0	121.4	0.0	-0.1	14.7	-0.1	-0.1	-0.1	141.0	111.0	-1.8	-5.0	123.9	126.0	94.2	94.1	93.4	95.0	97.0	241.0	3.0	0.0	80.0	80.0	14.0	0.0	0.0	45.7	-1.0	0.0	.Autoclave.Outputs.PRESSIP\OutputValue	4.2	30.0	-46.7	-1.0	0.0	-1.0	-1.0	-1.0	0.0	0.0	0.0	-1.0	-1.0	-1.0	0.0	0.0	-1.0	0.0
05:35:27	242.1	112.1	132.0	139.3	110.1	119.7	0.0	-0.1	5.3	-0.1	-0.1	-0.1	139.3	110.1	-1.0	-1.9	122.6	124.7	91.0	91.0	90.2	91.9	96.1	242.0	4.0	0.0	80.0	80.0	4.0	0.0	0.0	39.7	-1.0	0.0	.Autoclave.Outputs.PRESSIP\OutputValue	2.5	29.2	-48.2	-1.0	0.0	-1.0	-1.0	-1.0	0.0	0.0	0.0	-1.0	-1.0	-1.0	0.0	0.0	-1.0	0.0
05:36:19	242.9	112.0	131.5	137.9	109.2	118.7	0.0	-0.2	1.0	-0.1	-0.2	-0.2	137.9	109.2	-0.1	-1.8	121.8	123.5	90.6	90.6	89.9	92.2	96.1	242.9	4.9	0.0	80.0	80.0	0.0	0.0	0.0	39.0	-1.0	0.0	.Autoclave.Outputs.PRESSIP\OutputValue	-0.8	28.7	-47.1	-1.0	0.0	-1.0	-1.0	-1.0	0.0	0.0	0.0	-1.0	-1.0	-1.0	0.0	0.0	-1.0	0.0
