	

Time	Elapsed	PTC10	PTC11	PTC12	PTC13	PTC14	PTC15	VPRB2	PRESS	SVAC	HIPRB	LOPRB	HITC	LOTC	HIRATE	LORATE	AVGTC	MEAN	AIRTC	AIRTC1	AIRTC2	HILIMTC	CAPSTC	RUNTIME	SEGTIME	SEGTIMELEFT	TSET_AIR	TSET_PART	PSET	TEMPOUT	TEMPINT	PRESSOUT	COOLIP	SCROUT	PRESSIP	PRESSINT	SPREAD	AIRPARTDELTA	CAPSFLOW	SILENCE	BARLOCK	HIPSI	FANON	HYDON	FANSTARTSTOPPB	HYDPMPSTARTSTOPPB	COOLCNTRLONOFFSW	PRESSCNTRLONOFFSW	PRESSDUMPSW	PCMANUALSW	HILIMIT	BLWRMTRHILIMIT	MANINSIDE
HH:MM:SS	Mins	Deg.F	Deg.F	Deg.F	Deg.F	Deg.F	Deg.F	"Hg	Psig	"Hg			Deg.F	Deg.F	Deg.F	Deg.F	Deg.F	Deg.F	Deg.F	Deg.F	Deg.F	Deg.F	Deg.F	Mins	Mins	Mins	Deg.F	Deg.F	Psig				%	%	%	%	Deg.F	Deg.F															
00:05:11	0.0	78.2	78.3	77.7	79.5	81.0	79.9	-27.0	-0.4	-27.9	-27.0	-27.0	81.0	77.7	0.2	-0.1	79.1	79.4	94.6	94.6	94.2	110.8	103.3	295.0	0.0	0.0	70.0	70.0	0.0	0.0	0.0	50.0	0.0	0.0	.Autoclave.Outputs.PRESSIP\OutputValue	8.0	3.3	13.6	-1.0	0.0	-1.0	-1.0	0.0	0.0	0.0	0.0	-1.0	-1.0	-1.0	0.0	0.0	-1.0	0.0
00:05:13	0.0	78.2	78.3	77.7	79.5	81.0	79.9	-27.0	-0.4	-27.9	-27.0	-27.0	81.0	77.7	0.2	-0.1	79.1	79.4	94.6	94.6	94.2	110.8	103.3	295.0	0.0	0.0	70.0	70.0	0.0	0.0	0.0	50.0	0.0	0.0	.Autoclave.Outputs.PRESSIP\OutputValue	8.0	3.3	13.6	-1.0	0.0	-1.0	-1.0	0.0	0.0	0.0	0.0	-1.0	-1.0	-1.0	0.0	0.0	-1.0	0.0
00:05:13	0.0	78.2	78.3	77.7	79.5	81.0	79.9	-27.0	-0.4	-27.9	-27.0	-27.0	81.0	77.7	0.2	-0.1	79.1	79.4	94.6	94.8	94.1	110.7	103.3	295.0	0.0	0.0	70.0	70.0	0.0	0.0	0.0	50.0	0.0	0.0	.Autoclave.Outputs.PRESSIP\OutputValue	8.0	3.3	13.6	-1.0	0.0	-1.0	-1.0	0.0	0.0	0.0	0.0	-1.0	-1.0	-1.0	0.0	0.0	-1.0	0.0
00:05:14	0.1	78.2	78.3	77.7	79.5	81.0	79.9	-27.0	-0.4	-27.9	-27.0	-27.0	81.0	77.7	0.2	-0.1	79.1	79.4	94.6	94.8	94.1	110.7	103.3	295.0	0.0	0.0	70.0	70.0	0.0	0.0	0.0	50.0	0.0	0.0	.Autoclave.Outputs.PRESSIP\OutputValue	8.0	3.3	13.6	-1.0	0.0	-1.0	-1.0	0.0	0.0	0.0	0.0	-1.0	-1.0	-1.0	0.0	0.0	-1.0	0.0
00:06:14	1.1	79.0	78.8	78.2	80.8	84.1	83.0	-27.0	0.9	-27.9	-27.0	-27.0	84.1	78.2	2.9	0.4	80.7	81.2	95.6	95.6	94.8	99.3	100.4	1.0	1.0	0.0	86.9	85.5	1.5	0.0	0.0	63.9	-1.0	0.0	.Autoclave.Outputs.PRESSIP\OutputValue	8.0	5.9	11.5	-1.0	0.0	-1.0	-1.0	-1.0	0.0	0.0	0.0	-1.0	-1.0	0.0	0.0	0.0	-1.0	0.0
00:07:14	2.1	79.4	79.3	78.6	81.4	85.0	83.8	-27.1	2.4	-27.9	-27.1	-27.1	85.0	78.6	1.1	0.5	81.3	81.8	95.4	95.4	94.8	98.1	100.2	2.0	2.0	0.0	94.9	90.0	3.0	44.1	-0.3	63.6	0.0	0.0	.Autoclave.Outputs.PRESSIP\OutputValue	8.0	6.4	10.4	-1.0	0.0	-1.0	-1.0	-1.0	0.0	0.0	0.0	-1.0	-1.0	0.0	0.0	0.0	-1.0	0.0
00:08:14	3.1	80.6	80.1	79.2	82.5	87.5	86.3	-27.0	4.4	-27.9	-27.0	-27.0	87.5	79.2	2.3	0.6	82.7	83.4	100.0	100.2	99.5	111.7	100.4	3.0	3.0	0.0	101.6	94.5	4.5	57.7	-0.1	59.1	0.0	15.4	.Autoclave.Outputs.PRESSIP\OutputValue	8.0	8.3	12.5	-1.0	0.0	-1.0	-1.0	-1.0	0.0	0.0	0.0	-1.0	-1.0	0.0	0.0	0.0	-1.0	0.0
00:09:14	4.1	81.5	81.0	79.9	83.9	90.3	88.9	-27.1	5.2	-27.9	-27.1	-27.1	90.3	79.9	3.0	0.7	84.3	85.1	105.8	105.9	105.1	116.9	100.3	4.0	4.0	0.0	107.7	99.0	6.0	58.7	0.0	66.0	0.0	17.3	.Autoclave.Outputs.PRESSIP\OutputValue	8.0	10.4	15.5	-1.0	0.0	-1.0	-1.0	-1.0	0.0	0.0	0.0	-1.0	-1.0	0.0	0.0	0.0	-1.0	0.0
00:10:15	5.1	83.4	82.5	81.0	85.6	93.4	92.0	-27.1	6.9	-27.9	-27.1	-27.1	93.4	81.0	3.1	0.9	86.3	87.2	111.9	111.9	111.2	123.1	100.4	5.0	5.0	0.0	113.7	103.5	7.5	60.8	0.2	64.4	0.0	21.5	.Autoclave.Outputs.PRESSIP\OutputValue	8.0	12.4	18.5	-1.0	0.0	-1.0	-1.0	-1.0	0.0	0.0	0.0	-1.0	-1.0	0.0	0.0	0.0	-1.0	0.0
00:11:14	6.0	84.7	84.0	82.2	87.5	96.8	94.9	-27.1	8.4	-28.0	-27.1	-27.1	96.8	82.2	3.5	-0.5	88.4	89.5	117.5	117.5	116.9	129.6	100.6	6.0	6.0	0.0	119.3	108.0	9.0	60.7	0.4	63.9	0.0	21.4	.Autoclave.Outputs.PRESSIP\OutputValue	8.0	14.6	20.7	-1.0	0.0	-1.0	-1.0	-1.0	0.0	0.0	0.0	-1.0	-1.0	0.0	0.0	0.0	-1.0	0.0
00:12:14	7.1	86.7	85.9	83.7	89.5	100.2	98.3	-27.1	10.1	-28.0	-27.1	-27.1	100.2	83.7	3.5	1.8	90.7	92.0	122.2	122.5	121.8	136.4	100.6	7.0	7.0	0.0	124.9	112.5	10.5	66.6	0.7	63.2	0.0	33.2	.Autoclave.Outputs.PRESSIP\OutputValue	8.0	16.5	22.2	-1.0	0.0	-1.0	-1.0	-1.0	0.0	0.0	0.0	-1.0	-1.0	0.0	0.0	0.0	-1.0	0.0
00:12:14	7.1	86.7	85.9	83.7	89.5	100.2	98.3	-27.1	10.1	-28.0	-27.1	-27.1	100.2	83.7	3.5	1.8	90.7	92.0	122.2	122.5	121.8	136.4	100.6	7.0	7.0	0.0	124.9	112.5	10.5	66.6	0.7	63.2	0.0	33.2	.Autoclave.Outputs.PRESSIP\OutputValue	8.0	16.5	22.0	-1.0	0.0	-1.0	-1.0	-1.0	0.0	0.0	0.0	-1.0	-1.0	0.0	0.0	0.0	-1.0	0.0
00:13:14	8.1	88.6	87.8	85.2	91.7	103.8	102.3	-27.0	11.3	-27.3	-27.0	-27.0	103.8	85.2	4.1	1.5	93.2	94.5	128.1	128.1	127.5	139.4	100.7	8.0	1.0	0.0	130.3	117.0	12.0	64.4	0.9	64.9	0.0	28.8	.Autoclave.Outputs.PRESSIP\OutputValue	8.0	18.6	24.3	-1.0	0.0	-1.0	-1.0	-1.0	0.0	0.0	0.0	-1.0	-1.0	0.0	0.0	0.0	-1.0	0.0
00:14:14	9.0	90.7	90.0	86.8	94.5	107.5	105.5	-25.8	13.0	-22.6	-25.8	-25.8	107.5	86.8	3.6	1.8	95.8	97.2	133.4	133.5	132.7	145.6	100.8	9.0	2.0	0.0	135.4	121.5	13.5	62.8	1.1	63.2	0.0	25.6	.Autoclave.Outputs.PRESSIP\OutputValue	8.0	20.7	25.9	-1.0	0.0	-1.0	-1.0	-1.0	0.0	0.0	0.0	-1.0	-1.0	0.0	0.0	0.0	-1.0	0.0
00:15:14	10.1	93.0	92.1	88.7	96.6	111.5	109.4	-24.2	14.7	-17.5	-24.2	-24.2	111.5	88.7	4.1	1.8	98.6	100.1	138.1	138.1	137.5	150.5	100.7	10.0	3.0	0.0	140.2	126.0	15.0	64.2	1.3	61.4	0.0	28.4	.Autoclave.Outputs.PRESSIP\OutputValue	8.0	22.8	26.6	-1.0	0.0	-1.0	-1.0	-1.0	0.0	0.0	0.0	-1.0	-1.0	0.0	0.0	0.0	-1.0	0.0
00:16:14	11.1	95.7	94.6	90.6	99.6	115.6	113.5	-22.5	15.6	-12.6	-22.5	-22.5	115.6	90.6	4.3	1.9	101.6	103.1	142.8	142.8	142.0	154.3	100.8	11.0	4.0	0.0	145.4	130.5	16.5	67.8	1.5	67.0	0.0	35.7	.Autoclave.Outputs.PRESSIP\OutputValue	8.0	25.0	27.2	-1.0	0.0	-1.0	-1.0	-1.0	0.0	0.0	0.0	-1.0	-1.0	0.0	0.0	0.0	-1.0	0.0
00:17:14	12.1	98.1	97.2	92.7	102.6	120.0	118.1	-20.7	17.2	-7.8	-20.7	-20.7	120.0	92.7	4.5	2.0	104.8	106.4	148.0	148.0	147.3	159.4	100.9	12.0	5.0	0.0	150.2	135.0	18.0	64.1	1.7	66.4	0.0	28.2	.Autoclave.Outputs.PRESSIP\OutputValue	8.0	27.3	28.0	-1.0	0.0	-1.0	-1.0	-1.0	0.0	0.0	0.0	-1.0	-1.0	0.0	0.0	0.0	-1.0	0.0
00:18:14	13.1	100.5	99.9	94.9	105.7	124.2	122.2	-18.8	18.9	-4.7	-18.8	-18.8	124.2	94.9	4.5	2.3	107.9	109.6	152.8	152.9	152.2	164.2	101.2	13.0	6.0	0.0	154.8	139.5	19.5	63.5	2.0	63.6	0.0	26.9	.Autoclave.Outputs.PRESSIP\OutputValue	8.0	29.3	28.6	-1.0	0.0	-1.0	-1.0	-1.0	0.0	0.0	0.0	-1.0	-1.0	0.0	0.0	0.0	-1.0	0.0
00:19:14	14.1	103.5	102.9	97.1	109.0	128.6	126.5	-17.0	20.0	-3.8	-17.0	-17.0	128.6	97.1	4.5	2.4	111.3	112.9	156.7	156.7	156.0	170.8	100.9	14.0	7.0	0.0	159.4	144.0	21.0	67.9	2.2	67.7	0.0	35.9	.Autoclave.Outputs.PRESSIP\OutputValue	8.0	31.5	28.1	-1.0	0.0	-1.0	-1.0	-1.0	0.0	0.0	0.0	-1.0	-1.0	0.0	0.0	0.0	-1.0	0.0
00:20:14	15.1	106.2	105.8	99.5	112.5	133.1	131.0	-15.3	21.7	-3.5	-15.3	-15.3	133.1	99.5	4.8	2.3	114.7	116.3	161.5	161.5	160.8	172.2	101.0	15.0	8.0	0.0	163.9	148.5	22.5	66.6	2.4	66.1	0.0	33.2	.Autoclave.Outputs.PRESSIP\OutputValue	8.0	33.6	28.4	-1.0	0.0	-1.0	-1.0	-1.0	0.0	0.0	0.0	-1.0	-1.0	0.0	0.0	0.0	-1.0	0.0
00:21:14	16.1	109.1	109.0	102.0	115.8	137.5	135.6	-13.6	23.3	-3.3	-13.6	-13.6	137.5	102.0	4.5	2.5	118.2	119.8	166.2	166.2	165.3	177.5	101.1	16.0	9.0	0.0	168.4	153.0	24.0	66.7	2.7	65.1	0.0	33.3	.Autoclave.Outputs.PRESSIP\OutputValue	8.0	35.5	28.7	-1.0	0.0	-1.0	-1.0	-1.0	0.0	0.0	0.0	-1.0	-1.0	0.0	0.0	0.0	-1.0	0.0
00:22:14	17.1	112.2	112.2	104.5	119.5	142.2	140.3	-11.9	25.0	-3.1	-11.9	-11.9	142.2	104.5	4.7	2.5	121.8	123.4	170.7	170.7	170.1	181.5	101.1	17.0	10.0	0.0	173.0	157.5	25.5	65.0	2.9	63.5	0.0	30.1	.Autoclave.Outputs.PRESSIP\OutputValue	8.0	37.7	28.5	-1.0	0.0	-1.0	-1.0	-1.0	0.0	0.0	0.0	-1.0	-1.0	0.0	0.0	0.0	-1.0	0.0
00:23:14	18.1	115.0	115.6	107.1	123.2	146.9	144.7	-10.4	26.4	-2.9	-10.4	-10.4	146.9	107.1	4.5	2.6	125.4	127.0	174.5	174.6	173.9	187.2	101.1	18.0	11.0	0.0	177.4	162.0	27.0	69.8	3.1	65.3	0.0	39.5	.Autoclave.Outputs.PRESSIP\OutputValue	8.0	39.8	27.6	-1.0	0.0	-1.0	-1.0	-1.0	0.0	0.0	0.0	-1.0	-1.0	0.0	0.0	0.0	-1.0	0.0
00:24:14	19.1	118.2	118.8	109.7	127.3	151.3	149.4	-9.0	27.7	-2.6	-9.0	-9.0	151.3	109.7	4.9	2.8	129.1	130.5	178.9	178.9	178.2	190.6	101.1	19.0	12.0	0.0	181.5	166.5	28.5	68.9	3.4	66.2	0.0	37.8	.Autoclave.Outputs.PRESSIP\OutputValue	8.0	41.6	27.6	-1.0	0.0	-1.0	-1.0	-1.0	0.0	0.0	0.0	-1.0	-1.0	0.0	0.0	0.0	-1.0	0.0
00:25:14	20.1	121.8	122.5	112.4	131.2	155.9	154.4	-7.7	29.3	-2.4	-7.7	-7.7	155.9	112.4	5.2	2.7	133.0	134.2	183.2	183.2	182.5	194.6	101.1	20.0	13.0	0.0	186.1	171.0	30.0	70.2	3.6	64.8	0.0	40.3	.Autoclave.Outputs.PRESSIP\OutputValue	8.0	43.5	27.3	-1.0	0.0	-1.0	-1.0	-1.0	0.0	0.0	0.0	-1.0	-1.0	0.0	0.0	0.0	-1.0	0.0
00:26:14	21.1	125.1	126.1	115.2	135.6	160.8	159.6	-6.6	30.9	-2.2	-6.6	-6.6	160.8	115.2	4.9	2.8	137.1	138.0	187.8	187.8	187.1	198.7	101.4	21.0	14.0	0.0	190.2	175.5	31.5	67.7	3.8	63.6	0.0	35.4	.Autoclave.Outputs.PRESSIP\OutputValue	8.0	45.6	27.0	-1.0	0.0	-1.0	-1.0	-1.0	0.0	0.0	0.0	-1.0	-1.0	0.0	0.0	0.0	-1.0	0.0
00:27:14	22.0	128.5	129.7	118.2	139.7	165.3	164.1	-5.6	32.6	-2.0	-5.6	-5.6	165.3	118.2	4.9	2.9	140.9	141.8	192.5	192.5	191.8	204.1	101.4	22.0	15.0	0.0	194.3	180.0	33.0	65.5	4.1	61.7	0.0	31.0	.Autoclave.Outputs.PRESSIP\OutputValue	8.0	47.1	27.2	-1.0	0.0	-1.0	-1.0	-1.0	0.0	0.0	0.0	-1.0	-1.0	0.0	0.0	0.0	-1.0	0.0
00:28:14	23.1	132.1	133.6	121.2	144.0	170.2	169.3	-4.7	33.5	-1.8	-4.7	-4.7	170.2	121.2	5.0	3.0	145.1	145.7	196.5	196.6	195.8	206.5	101.4	23.0	16.0	0.0	198.9	184.5	34.5	68.5	4.3	67.3	0.0	37.1	.Autoclave.Outputs.PRESSIP\OutputValue	8.0	49.0	26.3	-1.0	0.0	-1.0	-1.0	-1.0	0.0	0.0	0.0	-1.0	-1.0	0.0	0.0	0.0	-1.0	0.0
00:29:14	24.1	135.9	137.4	124.5	148.3	174.3	174.1	-4.0	35.3	-1.5	-4.0	-4.0	174.3	124.5	5.2	3.2	149.1	149.4	201.0	201.0	200.2	211.4	101.4	24.0	17.0	0.0	203.3	189.0	36.0	68.1	4.6	65.3	0.0	36.2	.Autoclave.Outputs.PRESSIP\OutputValue	8.0	49.8	26.7	-1.0	0.0	-1.0	-1.0	-1.0	0.0	0.0	0.0	-1.0	-1.0	0.0	0.0	0.0	-1.0	0.0
00:30:14	25.0	139.4	141.5	127.8	152.7	179.1	178.8	-3.3	37.1	-1.3	-3.3	-3.3	179.1	127.8	5.0	3.3	153.2	153.4	205.6	205.6	204.8	216.4	101.6	25.0	18.0	0.0	207.8	193.5	37.5	67.5	4.8	62.4	0.0	34.9	.Autoclave.Outputs.PRESSIP\OutputValue	8.0	51.3	26.5	-1.0	0.0	-1.0	-1.0	-1.0	0.0	0.0	0.0	-1.0	-1.0	0.0	0.0	0.0	-1.0	0.0
00:31:14	26.1	143.0	145.7	131.2	157.5	184.2	183.9	-2.7	38.1	-1.1	-2.7	-2.7	184.2	131.2	5.1	3.5	157.6	157.7	209.5	209.5	208.8	221.5	101.4	26.0	19.0	0.0	211.9	198.0	39.0	69.1	5.0	66.3	0.0	38.2	.Autoclave.Outputs.PRESSIP\OutputValue	8.0	53.0	25.3	-1.0	0.0	-1.0	-1.0	-1.0	0.0	0.0	0.0	-1.0	-1.0	0.0	0.0	0.0	-1.0	0.0
00:32:14	27.1	146.9	149.5	134.8	162.1	188.1	188.5	-2.2	39.8	-0.9	-2.2	-2.2	188.5	134.8	4.9	3.8	161.6	161.6	213.9	213.9	213.3	224.0	101.5	27.0	20.0	0.0	216.4	202.5	40.5	68.1	5.3	64.9	0.0	36.3	.Autoclave.Outputs.PRESSIP\OutputValue	8.0	53.7	25.4	-1.0	0.0	-1.0	-1.0	-1.0	0.0	0.0	0.0	-1.0	-1.0	0.0	0.0	0.0	-1.0	0.0
00:33:14	28.1	150.9	152.9	138.6	166.6	193.3	193.4	-1.8	41.0	-0.7	-1.8	-1.8	193.4	138.6	4.9	3.8	165.9	166.0	217.8	217.8	216.9	230.1	101.5	28.0	21.0	0.0	220.6	207.0	42.0	72.8	5.5	67.6	0.0	45.6	.Autoclave.Outputs.PRESSIP\OutputValue	8.0	54.8	24.4	-1.0	0.0	-1.0	-1.0	-1.0	0.0	0.0	0.0	-1.0	-1.0	0.0	0.0	0.0	-1.0	0.0
00:33:51	28.7	153.1	156.2	141.0	169.6	196.1	196.4	-1.5	42.3	-0.6	-1.5	-1.5	196.4	141.0	5.1	3.9	168.7	168.7	220.4	220.6	219.9	232.6	101.7	28.6	21.6	0.0	222.9	209.7	42.9	71.1	5.7	66.9	0.0	42.3	.Autoclave.Outputs.PRESSIP\OutputValue	8.0	55.4	24.0	-1.0	0.0	-1.0	-1.0	-1.0	0.0	0.0	0.0	-1.0	-1.0	0.0	0.0	0.0	-1.0	0.0
00:34:14	29.1	154.7	157.8	142.4	171.1	198.3	198.3	-1.4	42.9	-0.6	-1.4	-1.4	198.3	142.4	5.0	3.8	170.4	170.3	222.2	222.4	221.5	233.7	101.7	29.0	0.4	0.0	224.8	211.5	43.5	71.0	5.8	64.2	0.0	42.0	.Autoclave.Outputs.PRESSIP\OutputValue	8.0	55.9	23.9	-1.0	0.0	-1.0	-1.0	-1.0	0.0	0.0	0.0	-1.0	-1.0	0.0	0.0	0.0	-1.0	0.0
00:35:14	30.1	158.7	162.0	146.2	176.2	202.6	202.8	-1.1	43.9	-0.4	-1.1	-1.1	202.8	146.2	5.0	3.8	174.7	174.5	226.3	226.4	225.6	238.3	101.6	30.0	1.4	0.0	229.0	216.0	44.0	71.9	6.0	58.6	0.0	43.8	.Autoclave.Outputs.PRESSIP\OutputValue	8.0	56.6	23.5	-1.0	0.0	-1.0	-1.0	-1.0	0.0	0.0	0.0	-1.0	-1.0	0.0	0.0	0.0	-1.0	0.0
00:36:14	31.1	162.9	166.4	149.6	181.1	207.2	207.6	-0.8	44.3	-0.3	-0.8	-0.8	207.6	149.6	4.9	3.6	179.1	178.6	231.1	231.1	230.3	243.0	101.6	31.0	2.4	0.0	232.8	220.5	44.0	66.2	6.3	55.1	0.0	32.3	.Autoclave.Outputs.PRESSIP\OutputValue	7.8	58.0	23.5	-1.0	0.0	-1.0	-1.0	-1.0	0.0	0.0	0.0	-1.0	-1.0	0.0	0.0	0.0	-1.0	0.0
00:37:14	32.1	166.9	171.4	153.7	185.9	211.7	212.5	-0.6	44.6	-0.2	-0.6	-0.6	212.5	153.7	5.1	4.0	183.7	183.1	235.1	235.2	234.4	246.7	101.5	32.0	3.4	0.0	237.5	225.0	44.0	70.5	6.5	51.3	0.0	41.1	.Autoclave.Outputs.PRESSIP\OutputValue	6.9	58.8	22.6	-1.0	0.0	-1.0	-1.0	-1.0	0.0	0.0	0.0	-1.0	-1.0	0.0	0.0	0.0	-1.0	0.0
00:38:14	33.1	171.3	174.8	157.7	190.8	215.8	217.7	-0.3	44.9	-0.2	-0.3	-0.3	217.7	157.7	5.3	4.2	188.0	187.7	239.4	239.4	238.6	251.1	101.4	33.0	4.4	0.0	241.3	229.5	44.0	68.0	6.7	46.8	0.0	35.9	.Autoclave.Outputs.PRESSIP\OutputValue	5.5	60.0	21.7	-1.0	0.0	-1.0	-1.0	-1.0	0.0	0.0	0.0	-1.0	-1.0	0.0	0.0	0.0	-1.0	0.0
00:39:14	34.1	175.1	179.6	162.0	194.8	219.9	222.3	-0.2	44.0	-0.1	-0.2	-0.2	222.3	162.0	4.9	4.1	192.3	192.1	243.3	243.3	242.5	255.8	101.3	34.0	5.4	0.0	245.7	234.0	44.0	70.3	7.0	54.9	0.0	40.7	.Autoclave.Outputs.PRESSIP\OutputValue	4.7	60.3	21.0	-1.0	0.0	-1.0	-1.0	-1.0	0.0	0.0	0.0	-1.0	-1.0	0.0	0.0	0.0	-1.0	0.0
00:40:14	35.1	178.8	183.0	165.8	199.5	224.4	227.1	0.0	44.2	0.0	0.0	0.0	227.1	165.8	4.6	4.0	196.4	196.4	247.5	247.5	246.8	258.9	101.4	35.0	6.4	0.0	249.7	238.5	44.0	69.6	7.2	52.7	0.0	39.2	.Autoclave.Outputs.PRESSIP\OutputValue	4.6	61.3	20.4	-1.0	0.0	-1.0	-1.0	-1.0	0.0	0.0	0.0	-1.0	-1.0	0.0	0.0	0.0	-1.0	0.0
00:41:14	36.1	183.0	188.1	170.0	203.7	228.6	232.0	0.1	44.5	0.0	0.1	0.1	232.0	170.0	5.1	4.0	200.9	201.0	251.8	251.9	251.2	263.5	101.3	36.0	7.4	0.0	254.2	243.0	44.0	70.8	7.4	48.3	0.0	41.5	.Autoclave.Outputs.PRESSIP\OutputValue	3.8	62.0	19.8	-1.0	0.0	-1.0	-1.0	-1.0	0.0	0.0	0.0	-1.0	-1.0	0.0	0.0	0.0	-1.0	0.0
00:42:14	37.1	186.8	192.3	174.1	208.8	232.7	236.7	0.1	44.8	0.0	0.1	0.1	236.7	174.1	4.8	3.9	205.2	205.4	255.9	255.9	255.1	268.1	101.4	37.0	8.4	0.0	258.1	247.5	44.0	71.3	7.6	43.8	0.0	42.6	.Autoclave.Outputs.PRESSIP\OutputValue	2.4	62.6	19.2	-1.0	0.0	-1.0	-1.0	-1.0	0.0	0.0	0.0	-1.0	-1.0	0.0	0.0	0.0	-1.0	0.0
00:43:14	38.0	190.4	196.8	178.1	213.9	236.7	241.3	0.2	44.0	0.0	0.2	0.2	241.3	178.1	5.2	0.6	209.5	209.7	260.2	260.2	259.5	274.0	101.3	38.0	9.4	0.0	263.0	252.0	44.0	74.3	7.9	51.1	0.0	48.6	.Autoclave.Outputs.PRESSIP\OutputValue	1.4	63.2	18.9	-1.0	0.0	-1.0	-1.0	-1.0	0.0	0.0	0.0	-1.0	-1.0	0.0	0.0	0.0	-1.0	0.0
00:44:14	39.1	194.6	201.3	182.4	217.8	240.7	245.9	0.3	44.3	0.0	0.3	0.3	245.9	182.4	8.2	4.1	213.8	214.1	264.5	264.7	264.0	277.6	101.4	39.0	10.4	0.0	267.1	256.5	44.0	72.7	8.1	48.2	0.0	45.4	.Autoclave.Outputs.PRESSIP\OutputValue	1.2	63.5	18.6	-1.0	0.0	-1.0	-1.0	-1.0	0.0	0.0	0.0	-1.0	-1.0	0.0	0.0	0.0	-1.0	0.0
00:45:14	40.1	197.6	202.6	187.1	222.2	245.3	250.2	0.3	44.6	0.0	0.3	0.3	250.2	187.1	4.6	3.6	217.5	218.6	269.3	269.3	268.6	281.3	101.3	40.0	11.4	0.0	271.6	261.0	44.0	71.5	8.3	44.5	0.0	43.0	.Autoclave.Outputs.PRESSIP\OutputValue	0.3	63.1	19.1	-1.0	0.0	-1.0	-1.0	-1.0	0.0	0.0	0.0	-1.0	-1.0	0.0	0.0	0.0	-1.0	0.0
00:46:14	41.0	202.1	209.3	191.4	226.8	249.5	255.0	0.4	44.9	0.0	0.4	0.4	255.0	191.4	5.1	4.1	222.4	223.2	273.7	273.7	272.9	286.3	101.3	41.0	12.4	0.0	276.0	265.5	44.0	72.4	8.6	39.6	0.0	44.7	.Autoclave.Outputs.PRESSIP\OutputValue	-1.2	63.6	18.7	-1.0	0.0	-1.0	-1.0	-1.0	0.0	0.0	0.0	-1.0	-1.0	0.0	0.0	0.0	-1.0	0.0
00:47:14	42.1	206.2	213.5	196.2	231.3	253.6	259.5	0.4	44.0	0.1	0.4	0.4	259.5	196.2	4.9	4.0	226.7	227.8	278.1	278.1	277.4	291.3	101.3	42.0	13.4	0.0	280.6	270.0	44.0	73.9	8.8	48.5	0.0	47.8	.Autoclave.Outputs.PRESSIP\OutputValue	-1.7	63.3	18.6	-1.0	0.0	-1.0	-1.0	-1.0	0.0	0.0	0.0	-1.0	-1.0	0.0	0.0	0.0	-1.0	0.0
00:48:14	43.1	209.9	217.8	200.4	236.1	257.7	264.2	0.4	44.3	0.1	0.4	0.4	264.2	200.4	5.2	3.8	231.0	232.3	282.2	282.4	281.7	296.8	101.3	43.0	14.4	0.0	284.8	274.5	44.0	75.2	9.1	44.9	0.0	50.3	.Autoclave.Outputs.PRESSIP\OutputValue	-1.9	63.8	18.0	-1.0	0.0	-1.0	-1.0	-1.0	0.0	0.0	0.0	-1.0	-1.0	0.0	0.0	0.0	-1.0	0.0
00:49:14	44.1	213.9	222.0	205.1	240.7	261.8	268.6	0.5	44.6	0.1	0.5	0.5	268.6	205.1	4.5	3.7	235.4	236.8	287.1	287.1	286.4	300.2	101.2	44.0	15.4	0.0	289.6	279.0	44.0	73.8	9.3	41.4	0.0	47.7	.Autoclave.Outputs.PRESSIP\OutputValue	-2.7	63.5	18.5	-1.0	0.0	-1.0	-1.0	-1.0	0.0	0.0	0.0	-1.0	-1.0	0.0	0.0	0.0	-1.0	0.0
00:50:14	45.1	218.2	226.6	209.2	245.2	265.9	273.2	0.5	44.9	0.1	0.5	0.5	273.2	209.2	5.0	4.2	239.7	241.2	291.5	291.5	290.8	304.8	101.3	45.0	16.4	0.0	294.0	283.5	44.0	74.1	9.6	36.9	0.0	48.2	.Autoclave.Outputs.PRESSIP\OutputValue	-4.2	64.0	18.3	-1.0	0.0	-1.0	-1.0	-1.0	0.0	0.0	0.0	-1.0	-1.0	0.0	0.0	0.0	-1.0	0.0
00:51:14	46.1	221.8	230.9	213.7	250.0	270.3	277.5	0.5	44.0	0.1	0.5	0.5	277.5	213.7	4.6	3.8	244.0	245.6	296.1	296.2	295.6	310.0	101.2	46.0	17.4	0.0	298.4	288.0	44.0	72.9	9.8	45.7	0.0	45.7	.Autoclave.Outputs.PRESSIP\OutputValue	-4.6	63.8	18.6	-1.0	0.0	-1.0	-1.0	-1.0	0.0	0.0	0.0	-1.0	-1.0	0.0	0.0	0.0	-1.0	0.0
00:52:14	47.1	226.1	235.3	218.0	254.1	274.4	281.9	0.6	44.2	0.1	0.6	0.6	281.9	218.0	4.6	4.1	248.3	250.0	300.4	300.6	299.9	314.1	101.3	47.0	18.4	0.0	303.1	292.5	44.0	76.3	10.1	42.7	0.0	52.6	.Autoclave.Outputs.PRESSIP\OutputValue	-4.8	63.9	18.5	-1.0	0.0	-1.0	-1.0	-1.0	0.0	0.0	0.0	-1.0	-1.0	0.0	0.0	0.0	-1.0	0.0
00:53:14	48.1	229.9	239.3	221.9	258.8	278.9	286.5	0.6	44.5	0.1	0.6	0.6	286.5	221.9	5.4	3.9	252.6	254.2	304.7	304.7	304.0	319.2	101.2	48.0	19.4	0.0	307.7	297.0	44.0	78.1	10.3	38.9	0.0	56.2	.Autoclave.Outputs.PRESSIP\OutputValue	-5.6	64.6	18.2	-1.0	0.0	-1.0	-1.0	-1.0	0.0	0.0	0.0	-1.0	-1.0	0.0	0.0	0.0	-1.0	0.0
00:54:14	49.1	234.1	243.5	226.5	263.4	282.8	290.8	0.7	44.9	0.1	0.7	0.7	290.8	226.5	4.8	4.2	256.9	258.7	309.7	309.7	308.9	323.4	101.1	49.0	20.4	0.0	312.0	301.5	44.0	75.4	10.6	35.3	0.0	50.7	.Autoclave.Outputs.PRESSIP\OutputValue	-6.0	64.3	18.9	-1.0	0.0	-1.0	-1.0	-1.0	0.0	0.0	0.0	-1.0	-1.0	0.0	0.0	0.0	-1.0	0.0
00:55:14	50.1	237.9	248.3	230.8	267.9	287.9	295.8	0.7	43.9	0.1	0.7	0.7	295.8	230.8	4.7	3.8	261.4	263.3	314.3	314.5	313.7	328.6	101.2	50.0	21.4	0.0	316.5	306.0	44.0	73.7	10.8	45.3	0.0	47.4	.Autoclave.Outputs.PRESSIP\OutputValue	-5.8	65.0	18.5	-1.0	0.0	-1.0	-1.0	-1.0	0.0	0.0	0.0	-1.0	-1.0	0.0	0.0	0.0	-1.0	0.0
00:56:14	51.0	241.7	252.8	234.5	272.5	291.6	299.9	0.7	44.2	0.1	0.7	0.7	299.9	234.5	4.7	3.9	265.5	267.2	318.7	318.8	318.0	332.3	101.2	51.0	22.4	0.0	321.1	310.5	44.0	73.2	11.1	42.9	0.0	46.3	.Autoclave.Outputs.PRESSIP\OutputValue	-5.8	65.4	18.8	-1.0	0.0	-1.0	-1.0	-1.0	0.0	0.0	0.0	-1.0	-1.0	0.0	0.0	0.0	-1.0	0.0
00:57:14	52.1	245.9	257.1	238.7	276.3	296.3	304.3	0.8	44.4	0.1	0.8	0.8	304.3	238.7	4.5	4.1	269.8	271.5	323.2	323.2	322.5	336.9	101.1	52.0	23.4	0.0	325.7	315.0	44.0	76.3	11.3	39.7	0.0	52.5	.Autoclave.Outputs.PRESSIP\OutputValue	-6.0	65.6	18.9	-1.0	0.0	-1.0	-1.0	-1.0	0.0	0.0	0.0	-1.0	-1.0	0.0	0.0	0.0	-1.0	0.0
00:58:14	53.1	249.6	261.0	242.8	281.3	300.8	308.7	0.8	44.7	0.1	0.8	0.8	308.7	242.8	5.0	4.0	274.0	275.8	328.0	328.1	327.4	341.5	101.3	53.0	24.4	0.0	330.2	319.5	44.0	74.3	11.5	36.5	0.0	48.6	.Autoclave.Outputs.PRESSIP\OutputValue	-6.0	65.9	19.3	-1.0	0.0	-1.0	-1.0	-1.0	0.0	0.0	0.0	-1.0	-1.0	0.0	0.0	0.0	-1.0	0.0
00:59:14	54.0	253.7	266.4	247.4	285.2	305.0	313.2	0.8	43.7	0.1	0.8	0.8	313.2	247.4	4.8	3.8	278.5	280.3	332.1	332.1	331.3	346.6	101.1	54.0	25.4	0.0	334.9	324.0	44.0	80.0	11.8	46.8	0.0	60.1	.Autoclave.Outputs.PRESSIP\OutputValue	-5.9	65.8	18.9	-1.0	0.0	-1.0	-1.0	-1.0	0.0	0.0	0.0	-1.0	-1.0	0.0	0.0	0.0	-1.0	0.0
01:00:14	55.1	257.8	270.4	251.5	289.7	309.8	317.8	0.9	44.1	0.1	0.9	0.9	317.8	251.5	5.4	4.1	282.8	284.7	336.8	336.9	336.0	351.8	101.1	55.0	26.4	0.0	339.3	328.5	44.0	76.4	12.1	43.6	0.0	52.7	.Autoclave.Outputs.PRESSIP\OutputValue	-5.6	66.3	19.0	-1.0	0.0	-1.0	-1.0	-1.0	0.0	0.0	0.0	-1.0	-1.0	0.0	0.0	0.0	-1.0	0.0
01:01:14	56.1	262.2	274.7	255.5	294.5	314.0	322.3	0.9	44.4	0.1	0.9	0.9	322.3	255.5	4.6	4.0	287.2	288.9	341.3	341.3	340.5	356.1	101.3	56.0	27.4	0.0	343.7	333.0	44.0	76.5	12.3	40.8	0.0	52.9	.Autoclave.Outputs.PRESSIP\OutputValue	-6.0	66.8	19.0	-1.0	0.0	-1.0	-1.0	-1.0	0.0	0.0	0.0	-1.0	-1.0	0.0	0.0	0.0	-1.0	0.0
01:02:14	57.1	266.0	278.9	259.5	298.6	318.3	326.7	0.9	44.6	0.1	0.9	0.9	326.7	259.5	4.6	3.7	291.3	293.1	346.0	346.0	345.2	360.3	101.2	57.0	28.4	0.0	348.3	337.5	44.0	76.7	12.5	37.8	0.0	53.4	.Autoclave.Outputs.PRESSIP\OutputValue	-6.0	67.2	19.3	-1.0	0.0	-1.0	-1.0	-1.0	0.0	0.0	0.0	-1.0	-1.0	0.0	0.0	0.0	-1.0	0.0
01:03:14	58.1	270.5	283.7	264.1	303.4	322.4	331.2	1.0	44.9	0.1	1.0	1.0	331.2	264.1	5.1	4.3	295.9	297.7	350.6	350.6	349.8	364.8	101.1	58.0	29.4	0.0	352.8	342.0	44.0	76.2	12.8	34.8	0.0	52.4	.Autoclave.Outputs.PRESSIP\OutputValue	-6.0	67.1	19.4	-1.0	0.0	-1.0	-1.0	-1.0	0.0	0.0	0.0	-1.0	-1.0	0.0	0.0	0.0	-1.0	0.0
01:04:14	59.1	274.7	288.1	268.1	307.7	327.0	335.8	1.0	43.9	-0.4	1.0	1.0	335.8	268.1	4.7	3.9	300.2	302.0	354.7	354.7	354.1	369.9	101.1	59.0	30.4	0.0	357.2	346.5	44.0	78.5	13.0	44.8	0.0	57.0	.Autoclave.Outputs.PRESSIP\OutputValue	-5.8	67.7	18.9	-1.0	0.0	-1.0	-1.0	-1.0	0.0	0.0	0.0	-1.0	-1.0	0.0	0.0	0.0	-1.0	0.0
01:05:14	60.1	279.1	292.5	272.1	312.8	331.4	340.2	1.0	44.2	0.1	1.0	1.0	340.2	272.1	4.5	3.8	304.7	306.2	359.4	359.4	358.7	374.6	101.1	60.0	31.4	0.0	361.9	351.0	44.0	77.3	13.3	42.0	0.0	54.6	.Autoclave.Outputs.PRESSIP\OutputValue	-5.9	68.1	19.2	-1.0	0.0	-1.0	-1.0	-1.0	0.0	0.0	0.0	-1.0	-1.0	0.0	0.0	0.0	-1.0	0.0
01:06:14	61.1	283.2	297.0	276.7	317.1	336.1	344.7	1.1	44.5	0.1	1.1	1.1	344.7	276.7	4.9	4.4	309.1	310.7	363.7	363.8	363.1	379.3	101.2	61.0	32.4	0.0	365.4	355.0	44.0	73.6	13.5	38.9	0.0	47.3	.Autoclave.Outputs.PRESSIP\OutputValue	-6.0	68.0	19.0	-1.0	0.0	-1.0	-1.0	-1.0	0.0	0.0	0.0	-1.0	-1.0	0.0	0.0	0.0	-1.0	0.0
01:07:14	62.1	286.9	301.1	280.2	320.4	339.2	346.5	1.1	44.3	0.1	1.1	1.1	346.5	280.2	4.5	2.2	312.4	313.4	363.6	363.6	362.9	372.7	101.1	62.0	33.4	0.0	363.6	355.0	44.0	61.0	13.5	40.8	0.0	22.0	.Autoclave.Outputs.PRESSIP\OutputValue	-6.0	66.3	17.1	-1.0	0.0	-1.0	-1.0	-1.0	0.0	0.0	0.0	-1.0	-1.0	0.0	0.0	0.0	-1.0	0.0
01:08:14	63.1	289.7	304.7	283.2	323.0	342.1	347.8	1.2	44.3	0.1	1.2	1.2	347.8	283.2	3.6	1.5	315.1	315.5	362.3	362.4	361.5	370.4	101.1	63.0	34.4	0.0	362.3	355.0	44.0	61.6	13.5	41.0	0.0	23.3	.Autoclave.Outputs.PRESSIP\OutputValue	-6.0	64.6	14.5	-1.0	0.0	-1.0	-1.0	-1.0	0.0	0.0	0.0	-1.0	-1.0	0.0	0.0	0.0	-1.0	0.0
01:09:14	64.1	292.7	307.6	285.9	325.9	344.3	349.1	1.2	44.3	0.1	1.2	1.2	349.1	285.9	3.0	1.1	317.6	317.5	361.2	361.2	360.3	369.2	101.2	64.0	35.4	0.0	361.0	355.0	44.0	61.0	13.5	41.2	0.0	21.9	.Autoclave.Outputs.PRESSIP\OutputValue	-6.0	63.2	12.1	-1.0	0.0	-1.0	-1.0	-1.0	0.0	0.0	0.0	-1.0	-1.0	0.0	0.0	0.0	-1.0	0.0
01:10:14	65.1	295.0	310.2	287.9	328.2	346.3	350.0	1.2	44.2	0.1	1.2	1.2	350.0	287.9	2.6	1.2	319.6	319.0	360.5	360.5	359.7	367.3	101.1	65.0	36.4	0.0	360.0	355.0	44.0	58.9	13.5	41.5	0.0	17.9	.Autoclave.Outputs.PRESSIP\OutputValue	-6.0	62.1	10.5	-1.0	0.0	-1.0	-1.0	-1.0	0.0	0.0	0.0	-1.0	-1.0	0.0	0.0	0.0	-1.0	0.0
01:11:14	66.1	297.2	312.5	290.1	330.2	348.0	350.9	1.2	44.2	0.1	1.2	1.2	350.9	290.1	2.6	0.6	321.5	320.5	359.7	359.7	358.9	366.9	101.1	66.0	37.4	0.0	359.3	355.0	44.0	59.6	13.4	41.5	0.0	19.1	.Autoclave.Outputs.PRESSIP\OutputValue	-6.0	60.8	8.8	-1.0	0.0	-1.0	-1.0	-1.0	0.0	0.0	0.0	-1.0	-1.0	0.0	0.0	0.0	-1.0	0.0
01:12:14	67.0	299.4	314.8	292.1	332.4	349.4	351.6	1.3	44.2	0.1	1.3	1.3	351.6	292.1	2.2	0.9	323.3	321.9	358.9	358.9	358.1	366.1	101.2	67.0	38.4	0.0	358.5	355.0	44.0	58.2	13.4	41.7	0.0	16.4	.Autoclave.Outputs.PRESSIP\OutputValue	-6.0	59.5	7.3	-1.0	0.0	-1.0	-1.0	-1.0	0.0	0.0	0.0	-1.0	-1.0	0.0	0.0	0.0	-1.0	0.0
01:13:14	68.1	301.6	316.8	293.9	334.0	350.3	352.2	1.3	44.2	0.1	1.3	1.3	352.2	293.9	2.1	0.4	324.8	323.1	358.3	358.3	357.6	365.5	101.3	68.0	39.4	0.0	357.9	355.0	44.0	58.8	13.3	41.9	0.0	17.6	.Autoclave.Outputs.PRESSIP\OutputValue	-6.0	58.3	6.1	-1.0	0.0	-1.0	-1.0	-1.0	0.0	0.0	0.0	-1.0	-1.0	0.0	0.0	0.0	-1.0	0.0
01:14:14	69.1	303.4	318.7	295.6	335.5	351.3	352.4	1.3	44.2	0.1	1.3	1.3	352.4	295.6	1.9	0.6	326.1	324.0	358.0	358.0	357.3	364.9	101.3	69.0	40.4	0.0	357.4	355.0	44.0	57.4	13.3	41.7	0.0	14.8	.Autoclave.Outputs.PRESSIP\OutputValue	-6.0	56.8	5.6	-1.0	0.0	-1.0	-1.0	-1.0	0.0	0.0	0.0	-1.0	-1.0	0.0	0.0	0.0	-1.0	0.0
01:15:14	70.0	305.0	320.5	297.7	337.2	352.0	352.9	1.3	44.2	0.1	1.3	1.3	352.9	297.7	2.1	0.1	327.5	325.3	357.8	357.7	357.0	363.9	101.2	70.0	41.4	0.0	357.2	355.0	44.0	56.0	13.2	41.5	0.0	12.1	.Autoclave.Outputs.PRESSIP\OutputValue	-6.0	55.2	4.9	-1.0	0.0	-1.0	-1.0	-1.0	0.0	0.0	0.0	-1.0	-1.0	0.0	0.0	0.0	-1.0	0.0
01:16:14	71.1	306.8	322.0	299.4	338.7	352.7	353.2	1.3	44.2	0.1	1.3	1.3	353.2	299.4	1.9	0.5	328.8	326.3	357.4	357.4	356.7	363.5	101.2	71.0	42.4	0.0	356.8	355.0	44.0	56.6	13.1	41.9	0.0	13.3	.Autoclave.Outputs.PRESSIP\OutputValue	-6.0	53.8	4.2	-1.0	0.0	-1.0	-1.0	-1.0	0.0	0.0	0.0	-1.0	-1.0	0.0	0.0	0.0	-1.0	0.0
01:17:14	72.1	308.5	323.4	300.9	339.9	353.3	353.5	1.3	44.2	0.1	1.3	1.3	353.5	300.9	1.5	0.3	329.9	327.2	357.1	357.1	356.4	363.5	101.3	72.0	43.4	0.0	356.5	355.0	44.0	57.2	13.1	41.5	0.0	14.5	.Autoclave.Outputs.PRESSIP\OutputValue	-6.0	52.6	3.6	-1.0	0.0	-1.0	-1.0	-1.0	0.0	0.0	0.0	-1.0	-1.0	0.0	0.0	0.0	-1.0	0.0
01:18:14	73.1	309.9	324.7	302.6	341.2	353.4	354.0	1.4	44.2	0.0	1.4	1.4	354.0	302.6	2.0	0.2	331.0	328.3	356.9	356.9	356.2	363.3	101.3	73.0	44.4	0.0	356.2	355.0	44.0	56.5	13.0	41.7	0.0	13.0	.Autoclave.Outputs.PRESSIP\OutputValue	-6.0	51.4	2.9	-1.0	0.0	-1.0	-1.0	-1.0	0.0	0.0	0.0	-1.0	-1.0	0.0	0.0	0.0	-1.0	0.0
01:19:14	74.1	311.2	325.9	303.9	342.2	353.9	354.0	1.4	44.2	0.1	1.4	1.4	354.0	303.9	1.6	0.2	331.8	329.0	356.8	356.7	355.9	363.1	101.4	74.0	45.4	0.0	355.9	355.0	44.0	55.8	13.0	41.7	0.0	11.6	.Autoclave.Outputs.PRESSIP\OutputValue	-6.0	50.1	2.8	-1.0	0.0	-1.0	-1.0	-1.0	0.0	0.0	0.0	-1.0	-1.0	0.0	0.0	0.0	-1.0	0.0
01:20:14	75.1	312.7	327.2	305.6	343.2	354.2	354.0	1.4	44.2	0.1	1.4	1.4	354.2	305.6	2.5	0.2	332.8	329.9	356.4	356.4	355.6	362.8	101.2	75.0	46.4	0.0	355.8	355.0	44.0	56.4	12.9	41.5	0.0	12.8	.Autoclave.Outputs.PRESSIP\OutputValue	-6.0	48.6	2.2	-1.0	0.0	-1.0	-1.0	-1.0	0.0	0.0	0.0	-1.0	-1.0	0.0	0.0	0.0	-1.0	0.0
01:21:14	76.1	314.0	328.0	307.1	344.0	354.5	354.3	1.4	44.2	0.1	1.4	1.4	354.5	307.1	1.6	0.0	333.7	330.8	356.2	356.2	355.5	362.7	101.1	76.0	47.4	0.0	355.7	355.0	44.0	57.0	12.8	41.5	0.0	14.0	.Autoclave.Outputs.PRESSIP\OutputValue	-6.0	47.4	1.7	-1.0	0.0	-1.0	-1.0	-1.0	0.0	0.0	0.0	-1.0	-1.0	0.0	0.0	0.0	-1.0	0.0
01:22:14	77.1	315.3	329.3	308.6	344.8	354.6	354.4	1.4	44.2	0.0	1.4	1.4	354.6	308.6	1.3	0.1	334.5	331.6	356.1	356.0	355.2	362.4	101.3	77.0	48.4	0.0	355.3	355.0	44.0	54.9	12.8	41.5	0.0	9.8	.Autoclave.Outputs.PRESSIP\OutputValue	-6.0	46.0	1.5	-1.0	0.0	-1.0	-1.0	-1.0	0.0	0.0	0.0	-1.0	-1.0	0.0	0.0	0.0	-1.0	0.0
01:23:14	78.1	316.5	329.9	309.8	345.0	354.0	351.2	1.4	43.5	0.1	1.4	1.4	354.0	309.8	1.3	-2.7	334.4	331.9	350.7	350.7	349.9	342.0	101.1	78.0	49.4	0.0	355.9	355.0	44.0	94.9	12.8	49.6	0.0	89.9	.Autoclave.Outputs.PRESSIP\OutputValue	-5.7	44.2	-3.3	-1.0	0.0	-1.0	-1.0	-1.0	0.0	0.0	0.0	-1.0	-1.0	0.0	0.0	0.0	-1.0	0.0
01:24:14	79.1	316.4	330.3	309.9	345.2	353.6	352.8	1.4	44.3	0.1	1.4	1.4	353.6	309.9	1.2	-0.6	334.7	331.7	353.1	353.1	352.4	364.0	101.3	79.0	50.4	0.0	356.3	355.0	44.0	69.8	0.3	41.5	0.0	39.6	.Autoclave.Outputs.PRESSIP\OutputValue	-5.7	43.7	-0.5	-1.0	0.0	-1.0	-1.0	-1.0	0.0	0.0	0.0	-1.0	-1.0	0.0	0.0	0.0	-1.0	0.0
01:25:14	80.1	318.1	331.2	311.4	346.7	353.9	353.2	1.4	44.2	0.0	1.4	1.4	353.9	311.4	1.7	-0.1	335.7	332.6	354.6	354.6	353.7	361.2	101.1	80.0	51.4	0.0	355.9	355.0	44.0	58.7	0.5	41.9	0.0	17.3	.Autoclave.Outputs.PRESSIP\OutputValue	-6.0	42.5	0.7	-1.0	0.0	-1.0	-1.0	-1.0	0.0	0.0	0.0	-1.0	-1.0	0.0	0.0	0.0	-1.0	0.0
01:26:14	81.1	319.3	332.3	313.1	346.9	354.0	353.4	1.4	44.2	0.0	1.4	1.4	354.0	313.1	2.2	0.0	336.5	333.5	354.9	354.7	354.0	361.0	101.2	81.0	52.4	0.0	356.0	355.0	44.0	56.1	0.6	41.9	0.0	12.3	.Autoclave.Outputs.PRESSIP\OutputValue	-6.0	40.9	0.9	-1.0	0.0	-1.0	-1.0	-1.0	0.0	0.0	0.0	-1.0	-1.0	0.0	0.0	0.0	-1.0	0.0
01:27:14	82.1	320.4	333.1	314.2	347.6	354.1	353.5	1.4	44.2	0.0	1.4	1.4	354.1	314.2	1.4	-0.2	337.1	334.1	354.8	354.8	354.1	361.0	101.3	82.0	53.4	0.0	356.1	355.0	44.0	57.6	0.8	41.9	0.0	15.2	.Autoclave.Outputs.PRESSIP\OutputValue	-6.0	39.9	0.7	-1.0	0.0	-1.0	-1.0	-1.0	0.0	0.0	0.0	-1.0	-1.0	0.0	0.0	0.0	-1.0	0.0
01:28:14	83.0	321.2	334.0	315.4	347.8	353.8	353.4	1.4	44.2	0.0	1.4	1.4	353.8	315.4	1.1	0.0	337.6	334.6	354.9	354.9	354.2	361.0	101.4	83.0	54.4	0.0	356.1	355.0	44.0	57.1	0.9	41.7	0.0	14.1	.Autoclave.Outputs.PRESSIP\OutputValue	-6.0	38.4	1.1	-1.0	0.0	-1.0	-1.0	-1.0	0.0	0.0	0.0	-1.0	-1.0	0.0	0.0	0.0	-1.0	0.0
01:29:14	84.1	321.7	331.0	316.6	348.4	353.9	353.5	1.4	44.2	0.0	1.4	1.4	353.9	316.6	1.3	-0.2	337.5	335.2	354.9	354.9	354.2	361.1	101.3	84.0	55.4	0.0	356.1	355.0	44.0	55.9	1.0	39.8	0.0	11.7	.Autoclave.Outputs.PRESSIP\OutputValue	-6.0	37.3	1.0	-1.0	0.0	-1.0	-1.0	-1.0	0.0	0.0	0.0	-1.0	-1.0	0.0	0.0	0.0	-1.0	0.0
01:30:14	85.1	323.3	335.7	317.5	348.7	353.9	353.6	1.4	44.2	0.0	1.4	1.4	353.9	317.5	1.0	0.2	338.8	335.7	354.9	354.9	354.0	360.8	101.4	85.0	56.4	0.0	356.0	355.0	44.0	56.6	1.1	41.5	0.0	13.3	.Autoclave.Outputs.PRESSIP\OutputValue	-6.0	36.4	1.0	-1.0	0.0	-1.0	-1.0	-1.0	0.0	0.0	0.0	-1.0	-1.0	0.0	0.0	0.0	-1.0	0.0
01:31:14	86.0	324.0	336.2	318.8	349.1	354.1	353.6	1.4	44.3	0.0	1.4	1.4	354.1	318.8	1.3	-0.2	339.3	336.4	354.9	354.9	354.0	360.7	101.4	86.0	57.4	0.0	356.0	355.0	44.0	56.7	1.2	41.4	0.0	13.5	.Autoclave.Outputs.PRESSIP\OutputValue	-6.0	35.3	0.8	-1.0	0.0	-1.0	-1.0	-1.0	0.0	0.0	0.0	-1.0	-1.0	0.0	0.0	0.0	-1.0	0.0
01:32:14	87.1	325.1	335.0	319.8	349.7	354.1	353.6	1.4	44.3	0.0	1.4	1.4	354.1	319.8	1.6	-0.1	339.5	336.9	355.0	355.0	354.3	360.9	101.5	87.0	58.4	0.0	355.9	355.0	44.0	54.9	1.4	41.2	0.0	9.7	.Autoclave.Outputs.PRESSIP\OutputValue	-6.0	34.3	0.9	-1.0	0.0	-1.0	-1.0	-1.0	0.0	0.0	0.0	-1.0	-1.0	0.0	0.0	0.0	-1.0	0.0
01:33:14	88.1	325.8	337.6	321.0	350.0	354.1	353.7	1.4	44.3	0.0	1.4	1.4	354.1	321.0	1.4	-0.1	340.4	337.5	355.1	355.0	354.3	361.0	101.4	88.0	59.4	0.0	355.9	355.0	44.0	55.0	1.5	41.0	0.0	9.9	.Autoclave.Outputs.PRESSIP\OutputValue	-6.0	33.1	1.0	-1.0	0.0	-1.0	-1.0	-1.0	0.0	0.0	0.0	-1.0	-1.0	0.0	0.0	0.0	-1.0	0.0
01:34:14	89.1	326.8	338.3	321.9	350.4	354.1	353.8	1.4	44.3	0.0	1.4	1.4	354.1	321.9	1.2	-0.2	340.9	338.0	354.9	355.0	354.1	360.9	101.6	89.0	60.4	0.0	355.6	355.0	44.0	56.4	1.6	41.0	0.0	12.8	.Autoclave.Outputs.PRESSIP\OutputValue	-6.0	32.2	0.8	-1.0	0.0	-1.0	-1.0	-1.0	0.0	0.0	0.0	-1.0	-1.0	0.0	0.0	0.0	-1.0	0.0
01:35:14	90.1	327.4	334.8	322.9	350.4	354.3	353.8	1.4	44.3	0.0	1.4	1.4	354.3	322.9	1.1	-0.2	340.6	338.6	354.9	355.0	354.3	360.6	101.6	90.0	61.4	0.0	355.9	355.0	44.0	55.1	1.6	41.0	0.0	10.3	.Autoclave.Outputs.PRESSIP\OutputValue	-6.0	31.4	0.6	-1.0	0.0	-1.0	-1.0	-1.0	0.0	0.0	0.0	-1.0	-1.0	0.0	0.0	0.0	-1.0	0.0
01:36:14	91.1	328.4	339.1	323.7	350.8	354.2	353.7	1.4	44.3	0.0	1.4	1.4	354.2	323.7	0.9	-2.4	341.6	338.9	355.0	355.0	354.2	360.8	101.7	91.0	62.4	0.0	355.8	355.0	44.0	55.9	1.7	40.6	0.0	11.8	.Autoclave.Outputs.PRESSIP\OutputValue	-6.0	30.5	0.8	-1.0	0.0	-1.0	-1.0	-1.0	0.0	0.0	0.0	-1.0	-1.0	0.0	0.0	0.0	-1.0	0.0
01:37:14	92.1	329.2	340.0	325.0	350.8	354.2	353.8	1.4	44.3	0.0	1.4	1.4	354.2	325.0	1.2	-0.2	342.2	339.6	355.1	355.1	354.3	360.7	101.5	92.0	63.4	0.0	355.7	355.0	44.0	54.6	1.8	40.8	0.0	9.3	.Autoclave.Outputs.PRESSIP\OutputValue	-6.0	29.2	0.9	-1.0	0.0	-1.0	-1.0	-1.0	0.0	0.0	0.0	-1.0	-1.0	0.0	0.0	0.0	-1.0	0.0
01:38:14	93.1	330.0	340.5	325.8	351.2	354.2	353.7	1.4	44.4	0.0	1.4	1.4	354.2	325.8	3.5	-0.1	342.6	340.0	355.0	355.0	354.2	361.1	101.7	93.0	64.4	0.0	355.9	355.0	44.0	56.7	1.9	40.4	0.0	13.5	.Autoclave.Outputs.PRESSIP\OutputValue	-6.0	28.4	0.8	-1.0	0.0	-1.0	-1.0	-1.0	0.0	0.0	0.0	-1.0	-1.0	0.0	0.0	0.0	-1.0	0.0
01:39:14	94.1	330.6	341.0	326.4	351.2	354.2	353.6	1.4	44.4	0.0	1.4	1.4	354.2	326.4	0.7	0.0	342.8	340.3	354.9	354.9	354.2	360.8	101.6	94.0	65.4	0.0	355.9	355.0	44.0	56.8	2.0	40.4	0.0	13.6	.Autoclave.Outputs.PRESSIP\OutputValue	-6.0	27.8	0.7	-1.0	0.0	-1.0	-1.0	-1.0	0.0	0.0	0.0	-1.0	-1.0	0.0	0.0	0.0	-1.0	0.0
01:40:14	95.1	331.3	341.4	327.2	351.9	354.5	353.5	1.4	44.3	0.0	1.4	1.4	354.5	327.2	0.9	-0.1	343.3	340.8	355.1	355.1	354.2	360.6	101.7	95.0	66.4	0.0	355.7	355.0	44.0	55.6	2.1	40.6	0.0	11.1	.Autoclave.Outputs.PRESSIP\OutputValue	-6.0	27.3	0.6	-1.0	0.0	-1.0	-1.0	-1.0	0.0	0.0	0.0	-1.0	-1.0	0.0	0.0	0.0	-1.0	0.0
01:41:14	96.0	331.8	341.9	328.0	351.9	354.2	353.6	1.4	44.3	0.0	1.4	1.4	354.2	328.0	0.8	-0.2	343.6	341.1	355.0	355.0	354.2	360.7	101.8	96.0	67.4	0.0	355.7	355.0	44.0	55.6	2.1	40.6	0.0	11.3	.Autoclave.Outputs.PRESSIP\OutputValue	-6.0	26.2	0.8	-1.0	0.0	-1.0	-1.0	-1.0	0.0	0.0	0.0	-1.0	-1.0	0.0	0.0	0.0	-1.0	0.0
01:42:14	97.1	332.3	342.2	328.7	352.4	354.3	353.8	1.4	44.4	0.0	1.4	1.4	354.3	328.7	0.8	0.0	343.9	341.5	354.9	354.9	354.2	360.9	101.7	97.0	68.4	0.0	355.5	355.0	44.0	54.4	2.2	40.4	0.0	8.8	.Autoclave.Outputs.PRESSIP\OutputValue	-6.0	25.6	0.6	-1.0	0.0	-1.0	-1.0	-1.0	0.0	0.0	0.0	-1.0	-1.0	0.0	0.0	0.0	-1.0	0.0
01:43:14	98.1	333.1	342.6	329.3	352.4	354.3	353.8	1.3	44.4	0.0	1.3	1.3	354.3	329.3	0.9	-0.2	344.2	341.8	354.9	355.0	354.2	360.9	101.9	98.0	69.4	0.0	355.7	355.0	44.0	55.8	2.3	40.2	0.0	11.6	.Autoclave.Outputs.PRESSIP\OutputValue	-6.0	25.0	0.6	-1.0	0.0	-1.0	-1.0	-1.0	0.0	0.0	0.0	-1.0	-1.0	0.0	0.0	0.0	-1.0	0.0
01:44:14	99.0	333.7	342.7	330.0	352.6	354.3	353.7	1.4	44.4	0.0	1.4	1.4	354.3	330.0	0.7	0.1	344.5	342.1	355.0	355.0	354.3	360.5	101.8	99.0	70.4	0.0	355.6	355.0	44.0	55.2	2.4	40.2	0.0	10.4	.Autoclave.Outputs.PRESSIP\OutputValue	-6.0	24.3	0.7	-1.0	0.0	-1.0	-1.0	-1.0	0.0	0.0	0.0	-1.0	-1.0	0.0	0.0	0.0	-1.0	0.0
01:45:14	100.1	334.1	343.1	330.8	352.8	354.3	353.8	1.3	44.4	0.0	1.3	1.3	354.3	330.8	0.8	-0.1	344.8	342.5	354.9	355.0	354.3	360.7	101.9	100.0	71.4	0.0	355.7	355.0	44.0	55.9	2.4	40.0	0.0	11.8	.Autoclave.Outputs.PRESSIP\OutputValue	-6.0	23.5	0.6	-1.0	0.0	-1.0	-1.0	-1.0	0.0	0.0	0.0	-1.0	-1.0	0.0	0.0	0.0	-1.0	0.0
01:46:14	101.1	334.7	343.8	331.6	352.6	354.4	353.9	1.3	44.4	0.0	1.3	1.3	354.4	331.6	0.9	-0.2	345.2	343.0	354.9	355.0	354.1	360.3	101.9	101.0	72.4	0.0	355.7	355.0	44.0	56.0	2.5	40.2	0.0	12.0	.Autoclave.Outputs.PRESSIP\OutputValue	-6.0	22.8	0.5	-1.0	0.0	-1.0	-1.0	-1.0	0.0	0.0	0.0	-1.0	-1.0	0.0	0.0	0.0	-1.0	0.0
01:47:14	102.1	335.6	344.2	332.3	352.9	354.3	353.8	1.3	44.4	0.0	1.3	1.3	354.3	332.3	0.8	0.0	345.5	343.3	355.1	355.1	354.3	360.3	101.9	102.0	73.4	0.0	355.7	355.0	44.0	54.7	2.6	40.2	0.0	9.4	.Autoclave.Outputs.PRESSIP\OutputValue	-6.0	22.0	0.8	-1.0	0.0	-1.0	-1.0	-1.0	0.0	0.0	0.0	-1.0	-1.0	0.0	0.0	0.0	-1.0	0.0
01:48:14	103.1	335.8	344.5	332.8	352.6	354.3	353.6	1.3	44.4	0.0	1.3	1.3	354.3	332.8	0.6	0.0	345.6	343.5	354.9	354.9	354.2	360.3	101.8	103.0	74.4	0.0	355.6	355.0	44.0	54.8	2.6	40.2	0.0	9.6	.Autoclave.Outputs.PRESSIP\OutputValue	-6.0	21.5	0.6	-1.0	0.0	-1.0	-1.0	-1.0	0.0	0.0	0.0	-1.0	-1.0	0.0	0.0	0.0	-1.0	0.0
01:49:14	104.1	336.4	344.3	333.5	353.1	354.4	353.6	1.3	44.4	0.0	1.3	1.3	354.4	333.5	0.7	-0.4	345.9	343.9	355.1	355.1	354.3	360.6	102.0	104.0	75.4	0.0	355.6	355.0	44.0	54.2	2.7	39.5	0.0	8.3	.Autoclave.Outputs.PRESSIP\OutputValue	-6.0	20.9	0.7	-1.0	0.0	-1.0	-1.0	-1.0	0.0	0.0	0.0	-1.0	-1.0	0.0	0.0	0.0	-1.0	0.0
01:50:14	105.1	337.0	345.3	334.3	353.0	354.4	353.6	1.3	44.4	0.0	1.3	1.3	354.4	334.3	1.4	-0.1	346.3	344.3	354.9	354.9	354.2	360.4	101.9	105.0	76.4	0.0	355.7	355.0	44.0	56.2	2.7	40.0	0.0	12.5	.Autoclave.Outputs.PRESSIP\OutputValue	-6.0	20.1	0.5	-1.0	0.0	-1.0	-1.0	-1.0	0.0	0.0	0.0	-1.0	-1.0	0.0	0.0	0.0	-1.0	0.0
01:51:14	106.1	337.5	345.5	334.9	353.6	354.4	353.7	1.3	44.4	0.0	1.3	1.3	354.4	334.9	0.8	-0.4	346.6	344.6	355.0	355.0	354.2	361.0	102.0	106.0	77.4	0.0	355.4	355.0	44.0	53.0	2.8	39.8	0.0	5.9	.Autoclave.Outputs.PRESSIP\OutputValue	-6.0	19.5	0.6	-1.0	0.0	-1.0	-1.0	-1.0	0.0	0.0	0.0	-1.0	-1.0	0.0	0.0	0.0	-1.0	0.0
01:52:14	107.1	337.9	345.5	335.3	353.3	354.3	353.7	1.3	44.4	0.0	1.3	1.3	354.3	335.3	0.5	-0.4	346.7	344.8	354.9	355.0	354.2	360.6	102.0	107.0	78.4	0.0	355.7	355.0	44.0	56.3	2.9	39.7	0.0	12.7	.Autoclave.Outputs.PRESSIP\OutputValue	-6.0	19.0	0.6	-1.0	0.0	-1.0	-1.0	-1.0	0.0	0.0	0.0	-1.0	-1.0	0.0	0.0	0.0	-1.0	0.0
01:53:14	108.1	338.2	346.0	335.9	354.0	354.3	353.6	1.2	44.4	0.0	1.2	1.2	354.3	335.9	0.7	-0.1	347.0	345.1	355.1	355.2	354.4	360.6	102.0	108.0	79.4	0.0	355.5	355.0	44.0	55.1	2.9	39.5	0.0	10.1	.Autoclave.Outputs.PRESSIP\OutputValue	-6.0	18.4	0.8	-1.0	0.0	-1.0	-1.0	-1.0	0.0	0.0	0.0	-1.0	-1.0	0.0	0.0	0.0	-1.0	0.0
01:54:14	109.1	338.9	346.5	336.6	353.7	354.6	353.9	1.3	44.4	0.0	1.3	1.3	354.6	336.6	0.8	-0.1	347.4	345.6	355.1	355.1	354.4	360.8	102.0	109.0	80.4	0.0	355.6	355.0	44.0	54.5	3.0	39.8	0.0	8.9	.Autoclave.Outputs.PRESSIP\OutputValue	-6.0	18.0	0.5	-1.0	0.0	-1.0	-1.0	-1.0	0.0	0.0	0.0	-1.0	-1.0	0.0	0.0	0.0	-1.0	0.0
01:55:14	110.1	339.4	346.7	337.1	353.8	354.4	353.6	1.2	44.4	0.0	1.2	1.2	354.4	337.1	0.6	-0.1	347.5	345.7	355.2	355.1	354.4	360.3	102.1	110.0	81.4	0.0	355.6	355.0	44.0	52.5	3.0	39.7	0.0	5.0	.Autoclave.Outputs.PRESSIP\OutputValue	-6.0	17.3	0.8	-1.0	0.0	-1.0	-1.0	-1.0	0.0	0.0	0.0	-1.0	-1.0	0.0	0.0	0.0	-1.0	0.0
01:56:14	111.1	339.6	346.9	337.5	353.6	354.4	353.8	1.2	44.4	0.0	1.2	1.2	354.4	337.5	0.5	-0.1	347.6	345.9	355.1	355.1	354.3	360.3	102.1	111.0	82.4	0.0	355.7	355.0	44.0	55.2	3.1	39.8	0.0	10.5	.Autoclave.Outputs.PRESSIP\OutputValue	-6.0	16.9	0.7	-1.0	0.0	-1.0	-1.0	-1.0	0.0	0.0	0.0	-1.0	-1.0	0.0	0.0	0.0	-1.0	0.0
01:57:14	112.0	340.2	347.2	338.1	353.5	354.3	353.7	1.2	44.5	0.0	1.2	1.2	354.3	338.1	0.8	-0.2	347.8	346.2	355.2	355.2	354.4	360.7	102.1	112.0	83.4	0.0	355.6	355.0	44.0	53.9	3.1	39.5	0.0	7.9	.Autoclave.Outputs.PRESSIP\OutputValue	-6.0	16.2	0.9	-1.0	0.0	-1.0	-1.0	-1.0	0.0	0.0	0.0	-1.0	-1.0	0.0	0.0	0.0	-1.0	0.0
01:58:14	113.1	340.4	347.4	338.5	354.1	354.3	353.6	1.2	44.4	0.0	1.2	1.2	354.3	338.5	0.5	-0.1	348.0	346.4	355.1	355.1	354.3	360.5	102.3	113.0	84.4	0.0	355.7	355.0	44.0	54.7	3.2	39.7	0.0	9.3	.Autoclave.Outputs.PRESSIP\OutputValue	-6.0	15.8	0.8	-1.0	0.0	-1.0	-1.0	-1.0	0.0	0.0	0.0	-1.0	-1.0	0.0	0.0	0.0	-1.0	0.0
01:59:14	114.1	341.0	347.6	339.0	353.8	354.4	353.7	1.2	44.5	0.0	1.2	1.2	354.4	339.0	0.4	0.0	348.2	346.7	355.0	355.0	354.4	360.6	102.2	114.0	85.4	0.0	355.6	355.0	44.0	54.7	3.2	39.5	0.0	9.4	.Autoclave.Outputs.PRESSIP\OutputValue	-6.0	15.4	0.6	-1.0	0.0	-1.0	-1.0	-1.0	0.0	0.0	0.0	-1.0	-1.0	0.0	0.0	0.0	-1.0	0.0
02:00:14	115.0	341.1	345.4	339.5	353.7	354.4	353.8	1.2	44.5	0.0	1.2	1.2	354.4	339.5	0.6	-2.3	348.0	346.9	355.1	355.1	354.3	360.4	102.4	115.0	86.4	0.0	355.5	355.0	44.0	54.8	3.3	39.3	0.0	9.5	.Autoclave.Outputs.PRESSIP\OutputValue	-6.0	14.9	0.7	-1.0	0.0	-1.0	-1.0	-1.0	0.0	0.0	0.0	-1.0	-1.0	0.0	0.0	0.0	-1.0	0.0
02:01:14	116.1	341.5	348.1	340.0	353.9	354.4	353.7	1.2	44.4	0.0	1.2	1.2	354.4	340.0	0.4	-1.1	348.6	347.2	355.1	355.1	354.3	360.5	102.2	116.0	87.4	0.0	355.6	355.0	44.0	54.1	3.3	39.7	0.0	8.3	.Autoclave.Outputs.PRESSIP\OutputValue	-6.0	14.4	0.7	-1.0	0.0	-1.0	-1.0	-1.0	0.0	0.0	0.0	-1.0	-1.0	0.0	0.0	0.0	-1.0	0.0
02:02:14	117.1	341.8	347.4	340.3	353.9	354.4	353.6	1.1	44.5	0.0	1.1	1.1	354.4	340.3	1.4	-0.2	348.6	347.3	355.1	355.1	354.2	360.3	102.3	117.0	88.4	0.0	355.4	355.0	44.0	54.8	3.4	39.5	0.0	9.7	.Autoclave.Outputs.PRESSIP\OutputValue	-6.0	14.1	0.7	-1.0	0.0	-1.0	-1.0	-1.0	0.0	0.0	0.0	-1.0	-1.0	0.0	0.0	0.0	-1.0	0.0
02:03:14	118.1	342.1	348.5	340.8	353.8	354.4	353.6	1.1	44.5	0.0	1.1	1.1	354.4	340.8	0.6	-0.2	348.9	347.6	355.0	355.1	354.3	360.4	102.3	118.0	89.4	0.0	355.6	355.0	44.0	54.2	3.4	39.7	0.0	8.4	.Autoclave.Outputs.PRESSIP\OutputValue	-6.0	13.6	0.6	-1.0	0.0	-1.0	-1.0	-1.0	0.0	0.0	0.0	-1.0	-1.0	0.0	0.0	0.0	-1.0	0.0
02:04:14	119.1	342.5	348.6	341.5	354.1	354.4	353.5	1.1	44.5	0.0	1.1	1.1	354.4	341.5	0.5	-0.1	349.1	347.9	355.1	355.2	354.5	360.5	102.3	119.0	90.4	0.0	355.6	355.0	44.0	54.9	3.4	39.3	0.0	9.9	.Autoclave.Outputs.PRESSIP\OutputValue	-6.0	12.9	0.7	-1.0	0.0	-1.0	-1.0	-1.0	0.0	0.0	0.0	-1.0	-1.0	0.0	0.0	0.0	-1.0	0.0
02:05:14	120.1	342.7	348.8	341.4	354.3	354.4	353.5	1.1	44.5	0.0	1.1	1.1	354.4	341.4	0.2	0.0	349.2	347.9	355.1	355.1	354.4	360.5	102.3	120.0	91.4	0.0	355.4	355.0	44.0	53.0	3.5	39.5	0.0	5.9	.Autoclave.Outputs.PRESSIP\OutputValue	-6.0	13.0	0.7	-1.0	0.0	-1.0	-1.0	-1.0	0.0	0.0	0.0	-1.0	-1.0	0.0	0.0	0.0	-1.0	0.0
02:06:14	121.1	342.7	349.0	341.9	354.1	354.5	353.5	1.1	44.5	0.0	1.1	1.1	354.5	341.9	0.5	-0.2	349.3	348.2	355.2	355.1	354.5	360.7	102.3	121.0	92.4	0.0	355.4	355.0	44.0	54.4	3.5	39.1	0.0	8.7	.Autoclave.Outputs.PRESSIP\OutputValue	-6.0	12.6	0.7	-1.0	0.0	-1.0	-1.0	-1.0	0.0	0.0	0.0	-1.0	-1.0	0.0	0.0	0.0	-1.0	0.0
02:07:14	122.1	343.2	349.1	342.3	354.0	354.5	353.6	1.1	44.5	0.0	1.1	1.1	354.5	342.3	0.4	-0.1	349.4	348.4	355.1	355.1	354.3	360.4	102.4	122.0	93.4	0.0	355.7	355.0	44.0	55.1	3.6	39.1	0.0	10.1	.Autoclave.Outputs.PRESSIP\OutputValue	-6.0	12.2	0.6	-1.0	0.0	-1.0	-1.0	-1.0	0.0	0.0	0.0	-1.0	-1.0	0.0	0.0	0.0	-1.0	0.0
02:08:14	123.1	343.8	349.3	342.7	354.6	354.4	353.5	1.1	44.5	0.0	1.1	1.1	354.6	342.7	0.5	-0.3	349.7	348.6	355.2	355.2	354.4	360.5	102.5	123.0	94.4	0.0	355.4	355.0	44.0	54.4	3.6	39.3	0.0	8.9	.Autoclave.Outputs.PRESSIP\OutputValue	-6.0	11.9	0.6	-1.0	0.0	-1.0	-1.0	-1.0	0.0	0.0	0.0	-1.0	-1.0	0.0	0.0	0.0	-1.0	0.0
02:09:14	124.1	343.5	349.4	343.0	354.1	354.5	353.8	1.1	44.5	0.0	1.1	1.1	354.5	343.0	0.2	-0.4	349.7	348.7	355.1	355.1	354.4	360.5	102.3	124.0	95.4	0.0	355.5	355.0	44.0	53.7	3.6	39.3	0.0	7.4	.Autoclave.Outputs.PRESSIP\OutputValue	-6.0	11.5	0.6	-1.0	0.0	-1.0	-1.0	-1.0	0.0	0.0	0.0	-1.0	-1.0	0.0	0.0	0.0	-1.0	0.0
02:10:14	125.1	344.2	349.6	343.3	354.3	354.5	353.5	1.1	44.5	0.0	1.1	1.1	354.5	343.3	0.6	-0.1	349.9	348.9	355.1	355.1	354.4	360.4	102.5	125.0	96.4	0.0	355.5	355.0	44.0	54.4	3.7	39.1	0.0	8.8	.Autoclave.Outputs.PRESSIP\OutputValue	-6.0	11.2	0.6	-1.0	0.0	-1.0	-1.0	-1.0	0.0	0.0	0.0	-1.0	-1.0	0.0	0.0	0.0	-1.0	0.0
02:11:14	126.1	344.4	349.8	343.7	354.5	354.6	353.5	1.1	44.5	0.0	1.1	1.1	354.6	343.7	0.4	0.0	350.1	349.1	355.1	355.1	354.4	360.2	102.5	126.0	97.4	0.0	355.5	355.0	44.0	53.8	3.7	39.3	0.0	7.6	.Autoclave.Outputs.PRESSIP\OutputValue	-6.0	10.9	0.5	-1.0	0.0	-1.0	-1.0	-1.0	0.0	0.0	0.0	-1.0	-1.0	0.0	0.0	0.0	-1.0	0.0
02:12:14	127.1	344.7	349.9	344.0	354.3	354.6	353.5	1.0	44.5	0.0	1.0	1.0	354.6	344.0	0.4	-0.4	350.2	349.3	355.2	355.2	354.5	360.4	102.4	127.0	98.4	0.0	355.4	355.0	44.0	53.2	3.7	39.1	0.0	6.3	.Autoclave.Outputs.PRESSIP\OutputValue	-6.0	10.6	0.6	-1.0	0.0	-1.0	-1.0	-1.0	0.0	0.0	0.0	-1.0	-1.0	0.0	0.0	0.0	-1.0	0.0
02:13:14	128.0	344.9	350.0	344.2	354.5	354.4	353.6	1.1	44.5	0.0	1.1	1.1	354.5	344.2	0.4	0.0	350.3	349.3	355.0	355.1	354.3	360.8	102.2	128.0	99.4	0.0	355.4	355.0	44.0	53.9	3.8	39.1	0.0	7.9	.Autoclave.Outputs.PRESSIP\OutputValue	-6.0	10.3	0.5	-1.0	0.0	-1.0	-1.0	-1.0	0.0	0.0	0.0	-1.0	-1.0	0.0	0.0	0.0	-1.0	0.0
02:14:14	129.1	345.1	350.1	344.6	354.2	354.6	353.6	1.0	44.5	0.0	1.0	1.0	354.6	344.6	0.4	-0.1	350.4	349.6	355.1	355.0	354.3	360.9	102.3	129.0	100.4	0.0	355.4	355.0	44.0	54.0	3.8	38.7	0.0	7.9	.Autoclave.Outputs.PRESSIP\OutputValue	-6.0	10.0	0.5	-1.0	0.0	-1.0	-1.0	-1.0	0.0	0.0	0.0	-1.0	-1.0	0.0	0.0	0.0	-1.0	0.0
02:15:14	130.1	345.4	350.2	345.0	354.5	354.5	353.7	1.0	44.5	0.0	1.0	1.0	354.5	345.0	0.3	-0.3	350.5	349.7	355.0	355.0	354.3	360.6	102.3	130.0	101.4	0.0	355.4	355.0	44.0	54.0	3.8	38.9	0.0	8.0	.Autoclave.Outputs.PRESSIP\OutputValue	-6.0	9.5	0.5	-1.0	0.0	-1.0	-1.0	-1.0	0.0	0.0	0.0	-1.0	-1.0	0.0	0.0	0.0	-1.0	0.0
02:16:14	131.0	345.7	350.4	345.2	354.3	354.4	353.5	1.0	44.5	0.0	1.0	1.0	354.4	345.2	0.2	-0.2	350.6	349.8	355.1	355.1	354.5	360.3	102.3	131.0	102.4	0.0	355.6	355.0	44.0	53.9	3.9	38.7	0.0	7.9	.Autoclave.Outputs.PRESSIP\OutputValue	-6.0	9.2	0.7	-1.0	0.0	-1.0	-1.0	-1.0	0.0	0.0	0.0	-1.0	-1.0	0.0	0.0	0.0	-1.0	0.0
02:16:27	131.3	345.8	350.3	345.3	353.9	354.5	353.5	1.0	44.5	0.0	1.0	1.0	354.5	345.3	1.3	-0.3	350.5	349.9	355.2	355.2	354.5	360.9	102.5	131.2	102.6	0.0	355.4	355.0	44.0	54.0	3.9	38.5	0.0	8.1	.Autoclave.Outputs.PRESSIP\OutputValue	-6.0	9.2	0.6	-1.0	0.0	-1.0	-1.0	-1.0	0.0	0.0	0.0	-1.0	-1.0	0.0	0.0	0.0	-1.0	0.0
02:17:14	132.1	345.6	350.4	345.4	354.3	354.6	353.6	1.0	44.5	0.0	1.0	1.0	354.6	345.4	0.4	-0.2	350.6	350.0	355.2	355.2	354.4	360.3	102.4	132.0	0.8	89.2	355.4	355.0	44.0	54.1	3.9	38.7	0.0	8.1	.Autoclave.Outputs.PRESSIP\OutputValue	-6.0	9.2	0.6	-1.0	0.0	-1.0	-1.0	-1.0	0.0	0.0	0.0	-1.0	-1.0	0.0	0.0	0.0	-1.0	0.0
02:18:14	133.1	346.0	350.5	345.6	354.5	354.5	353.6	1.0	44.5	0.0	1.0	1.0	354.5	345.6	0.3	-0.2	350.8	350.0	355.1	355.1	354.3	360.7	102.5	133.0	1.8	88.2	355.5	355.0	44.0	54.8	3.9	38.5	0.0	9.5	.Autoclave.Outputs.PRESSIP\OutputValue	-6.0	8.9	0.6	-1.0	0.0	-1.0	-1.0	-1.0	0.0	0.0	0.0	-1.0	-1.0	0.0	0.0	0.0	-1.0	0.0
02:19:14	134.1	346.1	350.6	345.9	354.4	354.6	353.6	1.0	44.5	0.0	1.0	1.0	354.6	345.9	0.2	0.0	350.9	350.2	355.2	355.1	354.3	360.4	102.5	134.0	2.8	87.2	355.6	355.0	44.0	52.8	4.0	38.7	0.0	5.6	.Autoclave.Outputs.PRESSIP\OutputValue	-6.0	8.7	0.6	-1.0	0.0	-1.0	-1.0	-1.0	0.0	0.0	0.0	-1.0	-1.0	0.0	0.0	0.0	-1.0	0.0
02:20:14	135.1	346.2	350.7	346.2	354.4	354.5	353.5	1.0	44.5	0.0	1.0	1.0	354.5	346.2	0.3	-0.1	350.9	350.3	355.1	355.1	354.4	360.3	102.4	135.0	3.8	86.2	355.5	355.0	44.0	54.1	4.0	38.9	0.0	8.3	.Autoclave.Outputs.PRESSIP\OutputValue	-6.0	8.3	0.6	-1.0	0.0	-1.0	-1.0	-1.0	0.0	0.0	0.0	-1.0	-1.0	0.0	0.0	0.0	-1.0	0.0
02:21:14	136.1	346.7	350.8	346.4	354.5	354.5	353.6	1.0	44.5	0.0	1.0	1.0	354.5	346.4	0.3	-0.1	351.1	350.4	355.1	355.1	354.3	360.1	102.5	136.0	4.8	85.2	355.4	355.0	44.0	54.8	4.0	38.9	0.0	9.7	.Autoclave.Outputs.PRESSIP\OutputValue	-6.0	8.1	0.6	-1.0	0.0	-1.0	-1.0	-1.0	0.0	0.0	0.0	-1.0	-1.0	0.0	0.0	0.0	-1.0	0.0
02:22:14	137.1	346.9	351.0	346.6	354.7	354.5	353.8	0.9	44.5	0.0	0.9	0.9	354.7	346.6	0.4	-0.1	351.2	350.6	355.1	355.1	354.5	360.4	102.5	137.0	5.8	84.2	355.4	355.0	44.0	53.5	4.0	38.7	0.0	7.1	.Autoclave.Outputs.PRESSIP\OutputValue	-6.0	8.1	0.4	-1.0	0.0	-1.0	-1.0	-1.0	0.0	0.0	0.0	-1.0	-1.0	0.0	0.0	0.0	-1.0	0.0
02:23:14	138.1	346.6	351.0	346.9	354.1	354.6	353.6	0.9	44.5	0.0	0.9	0.9	354.6	346.6	0.3	-0.1	351.1	350.6	355.1	355.1	354.3	360.2	102.6	138.0	6.8	83.2	355.4	355.0	44.0	54.9	4.1	38.9	0.0	9.8	.Autoclave.Outputs.PRESSIP\OutputValue	-6.0	8.0	0.5	-1.0	0.0	-1.0	-1.0	-1.0	0.0	0.0	0.0	-1.0	-1.0	0.0	0.0	0.0	-1.0	0.0
02:24:14	139.1	346.9	351.1	346.8	354.5	354.4	353.5	0.9	44.5	0.0	0.9	0.9	354.5	346.8	0.3	-0.1	351.2	350.6	355.1	355.1	354.3	360.4	102.6	139.0	7.8	82.2	355.4	355.0	44.0	54.2	4.1	38.5	0.0	8.5	.Autoclave.Outputs.PRESSIP\OutputValue	-6.0	7.7	0.6	-1.0	0.0	-1.0	-1.0	-1.0	0.0	0.0	0.0	-1.0	-1.0	0.0	0.0	0.0	-1.0	0.0
02:25:14	140.1	347.3	351.1	347.2	354.5	354.6	353.6	0.9	44.5	-0.3	0.9	0.9	354.6	347.2	0.4	-0.2	351.4	350.9	355.0	355.0	354.3	360.7	102.6	140.0	8.8	81.2	355.4	355.0	44.0	55.5	4.1	38.5	0.0	11.0	.Autoclave.Outputs.PRESSIP\OutputValue	-6.0	7.4	0.4	-1.0	0.0	-1.0	-1.0	-1.0	0.0	0.0	0.0	-1.0	-1.0	0.0	0.0	0.0	-1.0	0.0
02:26:14	141.0	347.6	351.3	347.5	354.5	354.6	353.6	0.9	44.5	0.0	0.9	0.9	354.6	347.5	0.3	0.0	351.5	351.0	355.2	355.2	354.5	360.7	102.6	141.0	9.8	80.2	355.4	355.0	44.0	53.5	4.1	38.5	0.0	7.1	.Autoclave.Outputs.PRESSIP\OutputValue	-6.0	7.1	0.6	-1.0	0.0	-1.0	-1.0	-1.0	0.0	0.0	0.0	-1.0	-1.0	0.0	0.0	0.0	-1.0	0.0
02:27:14	142.1	347.4	351.4	347.6	354.5	354.5	353.5	0.9	44.5	0.0	0.9	0.9	354.5	347.4	0.3	-0.5	351.5	350.9	355.1	355.1	354.4	360.1	102.8	142.0	10.8	79.2	355.3	355.0	44.0	53.6	4.2	38.7	0.0	7.1	.Autoclave.Outputs.PRESSIP\OutputValue	-6.0	7.1	0.6	-1.0	0.0	-1.0	-1.0	-1.0	0.0	0.0	0.0	-1.0	-1.0	0.0	0.0	0.0	-1.0	0.0
02:28:14	143.1	347.9	351.5	347.8	354.3	354.6	353.6	0.9	44.5	0.0	0.9	0.9	354.6	347.8	0.7	-0.2	351.6	351.2	355.2	355.2	354.5	360.1	102.7	143.0	11.8	78.2	355.2	355.0	44.0	52.3	4.2	38.9	0.0	4.5	.Autoclave.Outputs.PRESSIP\OutputValue	-6.0	6.8	0.6	-1.0	0.0	-1.0	-1.0	-1.0	0.0	0.0	0.0	-1.0	-1.0	0.0	0.0	0.0	-1.0	0.0
02:29:14	144.0	347.6	351.5	348.1	354.4	354.4	353.4	0.9	44.5	0.0	0.9	0.9	354.4	347.6	0.2	-0.3	351.6	351.0	355.3	355.2	354.5	360.1	102.6	144.0	12.8	77.2	355.4	355.0	44.0	52.3	4.2	38.7	0.0	4.5	.Autoclave.Outputs.PRESSIP\OutputValue	-6.0	6.8	0.9	-1.0	0.0	-1.0	-1.0	-1.0	0.0	0.0	0.0	-1.0	-1.0	0.0	0.0	0.0	-1.0	0.0
02:30:14	145.1	348.0	351.6	348.2	354.5	354.7	353.5	0.9	44.5	0.0	0.9	0.9	354.7	348.0	0.4	0.1	351.7	351.3	355.1	355.1	354.4	360.5	102.6	145.0	13.8	76.2	355.5	355.0	44.0	53.6	4.2	38.7	0.0	7.3	.Autoclave.Outputs.PRESSIP\OutputValue	-6.0	6.7	0.4	-1.0	0.0	-1.0	-1.0	-1.0	0.0	0.0	0.0	-1.0	-1.0	0.0	0.0	0.0	-1.0	0.0
02:31:14	146.1	348.1	351.5	348.3	354.5	354.7	353.5	0.9	44.5	0.0	0.9	0.9	354.7	348.1	0.0	-0.2	351.8	351.4	355.1	355.1	354.3	360.1	102.6	146.0	14.8	75.2	355.2	355.0	44.0	53.1	4.2	38.9	0.0	6.1	.Autoclave.Outputs.PRESSIP\OutputValue	-6.0	6.6	0.4	-1.0	0.0	-1.0	-1.0	-1.0	0.0	0.0	0.0	-1.0	-1.0	0.0	0.0	0.0	-1.0	0.0
02:32:14	147.1	348.1	351.5	348.5	354.3	354.5	353.6	0.8	44.5	0.0	0.8	0.8	354.5	348.1	0.3	-0.1	351.7	351.3	355.2	355.1	354.4	360.3	102.7	147.0	15.8	74.2	355.2	355.0	44.0	53.8	4.3	38.3	0.0	7.5	.Autoclave.Outputs.PRESSIP\OutputValue	-6.0	6.4	0.7	-1.0	0.0	-1.0	-1.0	-1.0	0.0	0.0	0.0	-1.0	-1.0	0.0	0.0	0.0	-1.0	0.0
02:33:14	148.1	347.9	351.8	348.6	354.5	354.6	353.6	0.8	44.5	0.0	0.8	0.8	354.6	347.9	0.1	-0.1	351.8	351.2	355.1	355.1	354.4	360.3	102.6	148.0	16.8	73.2	355.3	355.0	44.0	52.4	4.3	38.7	0.0	4.9	.Autoclave.Outputs.PRESSIP\OutputValue	-6.0	6.7	0.5	-1.0	0.0	-1.0	-1.0	-1.0	0.0	0.0	0.0	-1.0	-1.0	0.0	0.0	0.0	-1.0	0.0
02:34:14	149.1	348.4	349.3	348.8	354.2	354.7	353.4	0.8	44.5	0.0	0.8	0.8	354.7	348.4	0.3	-0.1	351.5	351.5	355.1	355.1	354.3	360.2	102.6	149.0	17.8	72.2	355.3	355.0	44.0	53.7	4.3	38.5	0.0	7.4	.Autoclave.Outputs.PRESSIP\OutputValue	-6.0	6.3	0.4	-1.0	0.0	-1.0	-1.0	-1.0	0.0	0.0	0.0	-1.0	-1.0	0.0	0.0	0.0	-1.0	0.0
02:35:14	150.1	348.6	351.8	349.0	354.5	354.5	353.4	0.8	44.5	0.0	0.8	0.8	354.5	348.6	0.2	-0.3	352.0	351.5	355.1	355.1	354.4	360.2	102.5	150.0	18.8	71.2	354.9	355.0	44.0	53.8	4.3	38.9	0.0	7.6	.Autoclave.Outputs.PRESSIP\OutputValue	-6.0	5.9	0.6	-1.0	0.0	-1.0	-1.0	-1.0	0.0	0.0	0.0	-1.0	-1.0	0.0	0.0	0.0	-1.0	0.0
02:36:14	151.1	348.8	352.0	349.3	354.6	354.6	353.6	0.8	44.5	0.0	0.8	0.8	354.6	348.8	0.4	0.0	352.1	351.7	355.2	355.2	354.3	359.8	102.6	151.0	19.8	70.2	355.4	355.0	44.0	53.8	4.3	38.9	0.0	7.7	.Autoclave.Outputs.PRESSIP\OutputValue	-6.0	5.8	0.6	-1.0	0.0	-1.0	-1.0	-1.0	0.0	0.0	0.0	-1.0	-1.0	0.0	0.0	0.0	-1.0	0.0
02:37:14	152.1	349.0	352.0	349.3	354.8	354.5	353.6	0.8	44.5	0.0	0.8	0.8	354.8	349.0	0.2	-0.3	352.2	351.9	355.2	355.2	354.4	360.2	102.6	152.0	20.8	69.2	355.2	355.0	44.0	52.4	4.4	38.7	0.0	4.9	.Autoclave.Outputs.PRESSIP\OutputValue	-6.0	5.8	0.4	-1.0	0.0	-1.0	-1.0	-1.0	0.0	0.0	0.0	-1.0	-1.0	0.0	0.0	0.0	-1.0	0.0
02:38:14	153.1	348.8	352.0	349.5	354.5	354.6	353.6	0.8	44.5	0.0	0.8	0.8	354.6	348.8	0.3	0.0	352.2	351.7	355.1	355.1	354.3	360.3	102.6	153.0	21.8	68.2	355.6	355.0	44.0	55.2	4.4	38.5	0.0	10.4	.Autoclave.Outputs.PRESSIP\OutputValue	-6.0	5.8	0.5	-1.0	0.0	-1.0	-1.0	-1.0	0.0	0.0	0.0	-1.0	-1.0	0.0	0.0	0.0	-1.0	0.0
02:39:14	154.1	349.0	348.0	349.6	354.8	354.6	353.5	0.8	44.5	0.0	0.8	0.8	354.8	348.0	0.3	-0.1	351.6	351.4	355.2	355.2	354.5	360.0	102.7	154.0	22.8	67.2	354.9	355.0	44.0	50.5	4.4	38.9	0.0	0.9	.Autoclave.Outputs.PRESSIP\OutputValue	-6.0	6.8	0.4	-1.0	0.0	-1.0	-1.0	-1.0	0.0	0.0	0.0	-1.0	-1.0	0.0	0.0	0.0	-1.0	0.0
02:40:14	155.1	349.0	352.1	349.7	354.7	354.6	353.4	0.8	44.5	0.0	0.8	0.8	354.7	349.0	0.1	-0.1	352.2	351.8	355.2	355.1	354.4	359.6	102.9	155.0	23.8	66.2	355.0	355.0	44.0	53.1	4.4	38.9	0.0	6.3	.Autoclave.Outputs.PRESSIP\OutputValue	-6.0	5.7	0.5	-1.0	0.0	-1.0	-1.0	-1.0	0.0	0.0	0.0	-1.0	-1.0	0.0	0.0	0.0	-1.0	0.0
02:41:14	156.1	349.2	350.2	349.9	354.6	354.8	353.4	0.8	44.5	0.0	0.8	0.8	354.8	349.2	0.8	-0.4	352.0	352.0	355.2	355.2	354.4	359.8	102.8	156.0	24.8	65.2	355.0	355.0	44.0	50.5	4.4	38.7	0.0	1.0	.Autoclave.Outputs.PRESSIP\OutputValue	-6.0	5.6	0.4	-1.0	0.0	-1.0	-1.0	-1.0	0.0	0.0	0.0	-1.0	-1.0	0.0	0.0	0.0	-1.0	0.0
02:42:14	157.0	349.3	352.6	349.9	354.8	354.7	353.3	0.8	44.5	0.0	0.8	0.8	354.8	349.3	0.3	-2.8	352.4	352.0	355.1	355.1	354.3	360.1	102.8	157.0	25.8	64.2	355.5	355.0	44.0	55.9	4.4	38.7	0.0	11.9	.Autoclave.Outputs.PRESSIP\OutputValue	-6.0	5.5	0.3	-1.0	0.0	-1.0	-1.0	-1.0	0.0	0.0	0.0	-1.0	-1.0	0.0	0.0	0.0	-1.0	0.0
02:43:14	158.1	349.5	352.2	350.0	354.7	354.6	353.3	0.8	44.5	0.0	0.8	0.8	354.7	349.5	2.8	-0.2	352.4	352.1	355.3	355.3	354.5	360.2	102.8	158.0	26.8	63.2	355.4	355.0	44.0	54.0	4.5	38.5	0.0	7.9	.Autoclave.Outputs.PRESSIP\OutputValue	-6.0	5.2	0.6	-1.0	0.0	-1.0	-1.0	-1.0	0.0	0.0	0.0	-1.0	-1.0	0.0	0.0	0.0	-1.0	0.0
02:44:14	159.1	349.3	352.2	350.1	354.7	354.6	353.3	0.7	44.5	0.0	0.7	0.7	354.7	349.3	0.1	-0.3	352.4	352.0	355.2	355.2	354.4	360.3	102.9	159.0	27.8	62.2	355.5	355.0	44.0	54.6	4.5	38.3	0.0	9.1	.Autoclave.Outputs.PRESSIP\OutputValue	-6.0	5.4	0.5	-1.0	0.0	-1.0	-1.0	-1.0	0.0	0.0	0.0	-1.0	-1.0	0.0	0.0	0.0	-1.0	0.0
02:45:14	160.0	349.6	352.2	350.3	354.4	354.5	353.5	0.7	44.6	0.0	0.7	0.7	354.5	349.6	0.3	-0.1	352.4	352.0	355.2	355.2	354.5	360.3	102.8	160.0	28.8	61.2	355.4	355.0	44.0	54.0	4.5	38.3	0.0	8.0	.Autoclave.Outputs.PRESSIP\OutputValue	-6.0	4.9	0.7	-1.0	0.0	-1.0	-1.0	-1.0	0.0	0.0	0.0	-1.0	-1.0	0.0	0.0	0.0	-1.0	0.0
02:46:14	161.1	349.3	351.5	350.2	354.8	354.6	353.6	0.7	44.6	0.0	0.7	0.7	354.8	349.3	0.0	-0.3	352.3	352.0	355.2	355.2	354.5	360.3	102.8	161.0	29.8	60.2	355.4	355.0	44.0	53.9	4.5	38.5	0.0	7.8	.Autoclave.Outputs.PRESSIP\OutputValue	-6.0	5.5	0.4	-1.0	0.0	-1.0	-1.0	-1.0	0.0	0.0	0.0	-1.0	-1.0	0.0	0.0	0.0	-1.0	0.0
02:47:14	162.1	349.5	352.3	350.5	354.6	354.6	353.5	0.7	44.5	0.0	0.7	0.7	354.6	349.5	0.3	-0.8	352.5	352.0	355.2	355.1	354.4	360.1	102.8	162.0	30.8	59.2	355.3	355.0	44.0	53.3	4.5	38.3	0.0	6.5	.Autoclave.Outputs.PRESSIP\OutputValue	-6.0	5.1	0.6	-1.0	0.0	-1.0	-1.0	-1.0	0.0	0.0	0.0	-1.0	-1.0	0.0	0.0	0.0	-1.0	0.0
02:48:14	163.1	349.8	352.4	350.6	354.5	354.6	353.6	0.7	44.5	0.0	0.7	0.7	354.6	349.8	0.4	-2.8	352.6	352.2	355.1	355.2	354.3	360.0	102.8	163.0	31.8	58.2	355.0	355.0	44.0	54.0	4.5	38.7	0.0	8.1	.Autoclave.Outputs.PRESSIP\OutputValue	-6.0	4.8	0.5	-1.0	0.0	-1.0	-1.0	-1.0	0.0	0.0	0.0	-1.0	-1.0	0.0	0.0	0.0	-1.0	0.0
02:49:14	164.1	349.9	352.1	350.6	354.6	354.5	353.6	0.7	44.6	0.0	0.7	0.7	354.6	349.9	3.9	-0.2	352.5	352.2	355.1	355.1	354.4	360.5	102.8	164.0	32.8	57.2	355.3	355.0	44.0	53.3	4.5	38.3	0.0	6.6	.Autoclave.Outputs.PRESSIP\OutputValue	-6.0	4.7	0.5	-1.0	0.0	-1.0	-1.0	-1.0	0.0	0.0	0.0	-1.0	-1.0	0.0	0.0	0.0	-1.0	0.0
02:50:14	165.1	350.0	352.0	350.8	354.4	354.7	353.6	0.7	44.6	0.0	0.7	0.7	354.7	350.0	0.3	-1.2	352.6	352.3	355.1	355.1	354.3	360.1	102.9	165.0	33.8	56.2	355.4	355.0	44.0	54.6	4.6	38.5	0.0	9.3	.Autoclave.Outputs.PRESSIP\OutputValue	-6.0	4.7	0.4	-1.0	0.0	-1.0	-1.0	-1.0	0.0	0.0	0.0	-1.0	-1.0	0.0	0.0	0.0	-1.0	0.0
02:51:14	166.1	349.9	352.6	350.9	354.5	354.5	353.6	0.7	44.6	0.0	0.7	0.7	354.5	349.9	1.5	-0.4	352.7	352.2	355.2	355.2	354.5	360.5	102.9	166.0	34.8	55.2	355.4	355.0	44.0	53.3	4.6	38.2	0.0	6.6	.Autoclave.Outputs.PRESSIP\OutputValue	-6.0	4.6	0.7	-1.0	0.0	-1.0	-1.0	-1.0	0.0	0.0	0.0	-1.0	-1.0	0.0	0.0	0.0	-1.0	0.0
02:52:14	167.1	350.2	352.3	350.9	354.8	354.8	353.5	0.7	44.6	0.0	0.7	0.7	354.8	350.2	0.4	-0.2	352.7	352.5	355.2	355.2	354.5	360.2	103.0	167.0	35.8	54.2	355.4	355.0	44.0	53.3	4.6	38.5	0.0	6.7	.Autoclave.Outputs.PRESSIP\OutputValue	-6.0	4.6	0.4	-1.0	0.0	-1.0	-1.0	-1.0	0.0	0.0	0.0	-1.0	-1.0	0.0	0.0	0.0	-1.0	0.0
02:53:14	168.1	350.1	352.6	351.1	354.5	354.7	353.6	0.7	44.6	0.0	0.7	0.7	354.7	350.1	0.2	-0.2	352.8	352.4	355.1	355.1	354.2	360.4	103.0	168.0	36.8	53.2	355.2	355.0	44.0	53.3	4.6	38.2	0.0	6.7	.Autoclave.Outputs.PRESSIP\OutputValue	-6.0	4.6	0.4	-1.0	0.0	-1.0	-1.0	-1.0	0.0	0.0	0.0	-1.0	-1.0	0.0	0.0	0.0	-1.0	0.0
02:54:14	169.1	349.9	351.8	351.2	354.8	354.6	353.5	0.7	44.6	0.0	0.7	0.7	354.8	349.9	0.5	-4.7	352.6	352.3	355.1	355.1	354.3	360.9	103.0	169.0	37.8	52.2	355.4	355.0	44.0	51.4	4.6	38.2	0.0	2.7	.Autoclave.Outputs.PRESSIP\OutputValue	-6.0	4.9	0.3	-1.0	0.0	-1.0	-1.0	-1.0	0.0	0.0	0.0	-1.0	-1.0	0.0	0.0	0.0	-1.0	0.0
02:55:14	170.1	350.2	352.7	351.2	354.5	354.6	353.5	0.7	44.6	0.0	0.7	0.7	354.6	350.2	4.6	-0.4	352.8	352.4	355.1	355.1	354.4	360.3	102.8	170.0	38.8	51.2	355.4	355.0	44.0	54.0	4.6	38.2	0.0	8.1	.Autoclave.Outputs.PRESSIP\OutputValue	-6.0	4.4	0.5	-1.0	0.0	-1.0	-1.0	-1.0	0.0	0.0	0.0	-1.0	-1.0	0.0	0.0	0.0	-1.0	0.0
02:56:14	171.1	350.2	352.8	351.3	354.7	354.6	353.4	0.7	44.5	0.0	0.7	0.7	354.7	350.2	0.4	-0.1	352.8	352.4	355.1	355.1	354.3	360.3	102.8	171.0	39.8	50.2	355.2	355.0	44.0	53.5	4.6	38.5	0.0	6.9	.Autoclave.Outputs.PRESSIP\OutputValue	-6.0	4.5	0.4	-1.0	0.0	-1.0	-1.0	-1.0	0.0	0.0	0.0	-1.0	-1.0	0.0	0.0	0.0	-1.0	0.0
02:57:14	172.1	350.3	351.8	351.2	354.7	354.6	353.4	0.7	44.6	0.0	0.7	0.7	354.7	350.3	0.2	-0.5	352.7	352.5	355.1	355.1	354.4	360.2	102.9	172.0	40.8	49.2	355.4	355.0	44.0	54.1	4.7	38.3	0.0	8.3	.Autoclave.Outputs.PRESSIP\OutputValue	-6.0	4.4	0.4	-1.0	0.0	-1.0	-1.0	-1.0	0.0	0.0	0.0	-1.0	-1.0	0.0	0.0	0.0	-1.0	0.0
02:58:14	173.0	350.3	352.0	351.2	354.7	354.6	353.4	0.7	44.5	0.0	0.7	0.7	354.7	350.3	0.2	-0.3	352.7	352.5	355.1	355.1	354.3	359.8	102.8	173.0	41.8	48.2	355.4	355.0	44.0	54.1	4.7	38.7	0.0	8.2	.Autoclave.Outputs.PRESSIP\OutputValue	-6.0	4.4	0.4	-1.0	0.0	-1.0	-1.0	-1.0	0.0	0.0	0.0	-1.0	-1.0	0.0	0.0	0.0	-1.0	0.0
02:59:14	174.1	350.5	352.1	351.4	354.4	354.6	353.5	0.7	44.5	0.0	0.7	0.7	354.6	350.5	0.1	-0.4	352.7	352.5	355.2	355.2	354.6	360.3	102.9	174.0	42.8	47.2	355.3	355.0	44.0	52.1	4.7	38.5	0.0	4.2	.Autoclave.Outputs.PRESSIP\OutputValue	-6.0	4.1	0.6	-1.0	0.0	-1.0	-1.0	-1.0	0.0	0.0	0.0	-1.0	-1.0	0.0	0.0	0.0	-1.0	0.0
03:00:14	175.1	350.5	346.6	351.5	354.7	354.6	353.6	0.6	44.5	0.0	0.6	0.6	354.7	346.6	0.3	-0.1	351.9	350.6	355.2	355.2	354.3	360.0	102.9	175.0	43.8	46.2	355.3	355.0	44.0	54.1	4.7	38.5	0.0	8.2	.Autoclave.Outputs.PRESSIP\OutputValue	-6.0	8.1	0.5	-1.0	0.0	-1.0	-1.0	-1.0	0.0	0.0	0.0	-1.0	-1.0	0.0	0.0	0.0	-1.0	0.0
03:01:14	176.0	350.4	352.7	351.5	354.9	354.7	353.5	0.6	44.6	0.0	0.6	0.6	354.9	350.4	0.3	-0.1	352.9	352.6	355.1	355.2	354.4	360.2	102.9	176.0	44.8	45.2	355.2	355.0	44.0	53.4	4.7	38.5	0.0	6.9	.Autoclave.Outputs.PRESSIP\OutputValue	-6.0	4.5	0.2	-1.0	0.0	-1.0	-1.0	-1.0	0.0	0.0	0.0	-1.0	-1.0	0.0	0.0	0.0	-1.0	0.0
03:02:14	177.1	350.5	352.2	351.6	354.6	354.6	353.4	0.6	44.6	0.0	0.6	0.6	354.6	350.5	0.0	-0.4	352.8	352.5	355.1	355.1	354.3	360.1	103.0	177.0	45.8	44.2	355.4	355.0	44.0	54.8	4.7	38.3	0.0	9.6	.Autoclave.Outputs.PRESSIP\OutputValue	-6.0	4.1	0.5	-1.0	0.0	-1.0	-1.0	-1.0	0.0	0.0	0.0	-1.0	-1.0	0.0	0.0	0.0	-1.0	0.0
03:03:14	178.1	350.7	351.8	351.7	354.7	354.6	353.5	0.6	44.6	0.0	0.6	0.6	354.7	350.7	0.6	-0.4	352.8	352.7	355.2	355.2	354.4	360.0	102.9	178.0	46.8	43.2	355.2	355.0	44.0	52.8	4.7	38.3	0.0	5.6	.Autoclave.Outputs.PRESSIP\OutputValue	-6.0	4.0	0.5	-1.0	0.0	-1.0	-1.0	-1.0	0.0	0.0	0.0	-1.0	-1.0	0.0	0.0	0.0	-1.0	0.0
03:04:14	179.1	350.4	352.9	351.8	354.5	354.6	353.5	0.6	44.6	0.0	0.6	0.6	354.6	350.4	0.4	-0.3	352.9	352.5	355.1	355.2	354.3	360.0	102.8	179.0	47.8	42.2	355.0	355.0	44.0	55.5	4.7	38.3	0.0	11.0	.Autoclave.Outputs.PRESSIP\OutputValue	-6.0	4.2	0.5	-1.0	0.0	-1.0	-1.0	-1.0	0.0	0.0	0.0	-1.0	-1.0	0.0	0.0	0.0	-1.0	0.0
03:05:14	180.1	350.9	352.4	351.8	354.4	354.6	353.5	0.6	44.6	0.0	0.6	0.6	354.6	350.9	0.4	-4.1	352.9	352.7	355.2	355.2	354.5	360.5	102.9	180.0	48.8	41.2	355.2	355.0	44.0	52.2	4.7	38.2	0.0	4.3	.Autoclave.Outputs.PRESSIP\OutputValue	-6.0	3.7	0.6	-1.0	0.0	-1.0	-1.0	-1.0	0.0	0.0	0.0	-1.0	-1.0	0.0	0.0	0.0	-1.0	0.0
03:06:14	181.1	350.5	352.3	351.7	354.7	354.5	353.5	0.6	44.6	0.0	0.6	0.6	354.7	350.5	4.3	-0.5	352.9	352.6	355.2	355.2	354.4	360.4	102.8	181.0	49.8	40.2	355.4	355.0	44.0	54.2	4.8	38.3	0.0	8.5	.Autoclave.Outputs.PRESSIP\OutputValue	-6.0	4.2	0.5	-1.0	0.0	-1.0	-1.0	-1.0	0.0	0.0	0.0	-1.0	-1.0	0.0	0.0	0.0	-1.0	0.0
03:07:14	182.1	350.9	352.5	352.0	354.6	354.6	353.4	0.6	44.6	0.0	0.6	0.6	354.6	350.9	0.3	-0.8	353.0	352.7	355.1	355.1	354.5	360.3	102.9	182.0	50.8	39.2	355.5	355.0	44.0	54.9	4.8	38.2	0.0	9.9	.Autoclave.Outputs.PRESSIP\OutputValue	-6.0	3.7	0.5	-1.0	0.0	-1.0	-1.0	-1.0	0.0	0.0	0.0	-1.0	-1.0	0.0	0.0	0.0	-1.0	0.0
03:08:14	183.1	350.9	353.1	351.9	354.9	354.8	353.4	0.6	44.6	0.0	0.6	0.6	354.9	350.9	1.0	-0.2	353.2	352.9	355.1	355.2	354.5	360.5	103.0	183.0	51.8	38.2	355.5	355.0	44.0	54.9	4.8	38.3	0.0	9.7	.Autoclave.Outputs.PRESSIP\OutputValue	-6.0	4.0	0.2	-1.0	0.0	-1.0	-1.0	-1.0	0.0	0.0	0.0	-1.0	-1.0	0.0	0.0	0.0	-1.0	0.0
03:09:14	184.1	350.9	352.2	351.9	354.7	354.6	353.4	0.6	44.6	0.0	0.6	0.6	354.7	350.9	0.1	-2.8	352.9	352.8	355.2	355.1	354.4	360.0	102.9	184.0	52.8	37.2	355.3	355.0	44.0	53.6	4.8	38.2	0.0	7.2	.Autoclave.Outputs.PRESSIP\OutputValue	-6.0	3.8	0.5	-1.0	0.0	-1.0	-1.0	-1.0	0.0	0.0	0.0	-1.0	-1.0	0.0	0.0	0.0	-1.0	0.0
03:10:14	185.1	350.9	352.9	352.1	354.6	354.7	353.5	0.6	44.6	0.0	0.6	0.6	354.7	350.9	2.8	-0.1	353.1	352.8	355.4	355.4	354.4	360.6	103.0	185.0	53.8	36.2	355.4	355.0	44.0	54.9	4.8	38.3	0.0	9.7	.Autoclave.Outputs.PRESSIP\OutputValue	-6.0	3.8	0.7	-1.0	0.0	-1.0	-1.0	-1.0	0.0	0.0	0.0	-1.0	-1.0	0.0	0.0	0.0	-1.0	0.0
03:11:14	186.0	351.1	352.5	352.1	354.7	354.6	353.5	0.6	44.6	0.0	0.6	0.6	354.7	351.1	0.3	-0.5	353.1	352.9	355.1	355.2	354.5	360.4	103.0	186.0	54.8	35.2	355.4	355.0	44.0	54.3	4.8	38.2	0.0	8.6	.Autoclave.Outputs.PRESSIP\OutputValue	-6.0	3.6	0.4	-1.0	0.0	-1.0	-1.0	-1.0	0.0	0.0	0.0	-1.0	-1.0	0.0	0.0	0.0	-1.0	0.0
03:12:14	187.1	351.1	352.5	352.1	354.5	354.6	353.4	0.6	44.6	0.0	0.6	0.6	354.6	351.1	0.0	-0.5	353.0	352.8	355.2	355.2	354.5	360.1	103.0	187.0	55.8	34.2	355.2	355.0	44.0	52.2	4.8	38.2	0.0	4.4	.Autoclave.Outputs.PRESSIP\OutputValue	-6.0	3.5	0.6	-1.0	0.0	-1.0	-1.0	-1.0	0.0	0.0	0.0	-1.0	-1.0	0.0	0.0	0.0	-1.0	0.0
03:13:14	188.1	351.1	352.5	352.1	354.7	354.8	353.4	0.6	44.6	0.0	0.6	0.6	354.8	351.1	0.3	-0.3	353.1	352.9	355.2	355.2	354.4	360.8	103.0	188.0	56.8	33.2	355.0	355.0	44.0	51.6	4.8	38.2	0.0	3.1	.Autoclave.Outputs.PRESSIP\OutputValue	-6.0	3.7	0.4	-1.0	0.0	-1.0	-1.0	-1.0	0.0	0.0	0.0	-1.0	-1.0	0.0	0.0	0.0	-1.0	0.0
03:14:14	189.0	351.0	352.6	352.2	354.5	354.7	353.5	0.6	44.6	0.0	0.6	0.6	354.7	351.0	0.1	-1.3	353.1	352.8	355.3	355.3	354.6	360.5	103.0	189.0	57.8	32.2	355.5	355.0	44.0	54.9	4.8	38.2	0.0	9.8	.Autoclave.Outputs.PRESSIP\OutputValue	-6.0	3.7	0.6	-1.0	0.0	-1.0	-1.0	-1.0	0.0	0.0	0.0	-1.0	-1.0	0.0	0.0	0.0	-1.0	0.0
03:15:14	190.1	351.1	353.1	352.3	354.8	354.6	353.5	0.6	44.6	0.0	0.6	0.6	354.8	351.1	1.8	-0.1	353.2	352.9	355.3	355.2	354.5	360.4	103.1	190.0	58.8	31.2	355.3	355.0	44.0	53.6	4.8	38.2	0.0	7.2	.Autoclave.Outputs.PRESSIP\OutputValue	-6.0	3.7	0.5	-1.0	0.0	-1.0	-1.0	-1.0	0.0	0.0	0.0	-1.0	-1.0	0.0	0.0	0.0	-1.0	0.0
03:16:14	191.1	351.2	350.6	352.3	354.6	354.6	353.4	0.5	44.6	0.0	0.5	0.5	354.6	350.6	0.1	-0.1	352.8	352.6	355.2	355.2	354.5	360.3	103.0	191.0	59.8	30.2	355.0	355.0	44.0	53.6	4.8	38.2	0.0	7.2	.Autoclave.Outputs.PRESSIP\OutputValue	-6.0	4.0	0.6	-1.0	0.0	-1.0	-1.0	-1.0	0.0	0.0	0.0	-1.0	-1.0	0.0	0.0	0.0	-1.0	0.0
03:17:14	192.1	351.3	352.6	352.4	354.8	354.5	353.4	0.6	44.6	0.0	0.6	0.6	354.8	351.3	0.2	0.0	353.2	353.0	355.3	355.3	354.5	360.1	103.0	192.0	60.8	29.2	355.4	355.0	44.0	54.3	4.8	38.3	0.0	8.5	.Autoclave.Outputs.PRESSIP\OutputValue	-6.0	3.5	0.5	-1.0	0.0	-1.0	-1.0	-1.0	0.0	0.0	0.0	-1.0	-1.0	0.0	0.0	0.0	-1.0	0.0
03:18:14	193.1	351.4	352.8	352.4	354.6	354.5	353.2	0.5	44.6	0.0	0.5	0.5	354.6	351.4	0.1	-0.9	353.1	353.0	355.3	355.3	354.6	360.2	103.1	193.0	61.8	28.2	355.1	355.0	44.0	51.6	4.9	38.3	0.0	3.2	.Autoclave.Outputs.PRESSIP\OutputValue	-6.0	3.2	0.7	-1.0	0.0	-1.0	-1.0	-1.0	0.0	0.0	0.0	-1.0	-1.0	0.0	0.0	0.0	-1.0	0.0
03:19:14	194.1	351.3	352.8	352.4	354.5	354.5	353.3	0.5	44.6	0.0	0.5	0.5	354.5	351.3	0.5	-0.1	353.1	352.9	355.2	355.2	354.4	360.3	103.1	194.0	62.8	27.2	355.4	355.0	44.0	54.3	4.9	38.3	0.0	8.6	.Autoclave.Outputs.PRESSIP\OutputValue	-6.0	3.2	0.7	-1.0	0.0	-1.0	-1.0	-1.0	0.0	0.0	0.0	-1.0	-1.0	0.0	0.0	0.0	-1.0	0.0
03:20:14	195.1	351.2	353.2	352.6	354.6	354.5	353.2	0.5	44.6	0.0	0.5	0.5	354.6	351.2	0.5	-0.2	353.2	352.9	355.3	355.3	354.5	360.6	103.1	195.0	63.8	26.2	355.2	355.0	44.0	51.0	4.9	38.0	0.0	1.9	.Autoclave.Outputs.PRESSIP\OutputValue	-6.0	3.4	0.7	-1.0	0.0	-1.0	-1.0	-1.0	0.0	0.0	0.0	-1.0	-1.0	0.0	0.0	0.0	-1.0	0.0
03:21:14	196.1	351.2	352.6	352.5	355.0	354.5	353.3	0.5	44.6	0.0	0.5	0.5	355.0	351.2	2.6	-0.1	353.2	353.1	355.2	355.2	354.4	359.8	103.0	196.0	64.8	25.2	355.5	355.0	44.0	54.3	4.9	38.3	0.0	8.6	.Autoclave.Outputs.PRESSIP\OutputValue	-6.0	3.8	0.2	-1.0	0.0	-1.0	-1.0	-1.0	0.0	0.0	0.0	-1.0	-1.0	0.0	0.0	0.0	-1.0	0.0
03:22:14	197.1	351.3	352.7	352.6	354.5	354.5	353.4	0.5	44.6	0.0	0.5	0.5	354.5	351.3	0.4	-0.5	353.2	352.9	355.4	355.3	354.5	360.1	102.9	197.0	65.8	24.2	355.2	355.0	44.0	51.6	4.9	38.3	0.0	3.3	.Autoclave.Outputs.PRESSIP\OutputValue	-6.0	3.2	0.9	-1.0	0.0	-1.0	-1.0	-1.0	0.0	0.0	0.0	-1.0	-1.0	0.0	0.0	0.0	-1.0	0.0
03:23:14	198.1	351.2	351.8	352.6	354.9	354.3	353.5	0.5	44.6	0.0	0.5	0.5	354.9	351.2	0.3	-0.4	353.0	353.0	355.2	355.2	354.3	360.3	102.9	198.0	66.8	23.2	355.3	355.0	44.0	54.3	4.9	38.2	0.0	8.6	.Autoclave.Outputs.PRESSIP\OutputValue	-6.0	3.7	0.3	-1.0	0.0	-1.0	-1.0	-1.0	0.0	0.0	0.0	-1.0	-1.0	0.0	0.0	0.0	-1.0	0.0
03:24:14	199.1	351.3	351.7	352.6	354.4	354.5	353.5	0.5	44.6	0.0	0.5	0.5	354.5	351.3	0.2	-0.2	353.0	352.9	355.2	355.2	354.3	360.2	102.8	199.0	67.8	22.2	355.4	355.0	44.0	54.4	4.9	38.2	0.0	8.8	.Autoclave.Outputs.PRESSIP\OutputValue	-6.0	3.2	0.7	-1.0	0.0	-1.0	-1.0	-1.0	0.0	0.0	0.0	-1.0	-1.0	0.0	0.0	0.0	-1.0	0.0
03:25:14	200.1	351.5	353.6	352.8	354.5	354.6	353.4	0.5	44.6	0.0	0.5	0.5	354.6	351.5	0.2	-1.0	353.4	353.0	355.3	355.3	354.5	360.5	102.9	200.0	68.8	21.2	355.3	355.0	44.0	54.3	4.9	38.0	0.0	8.7	.Autoclave.Outputs.PRESSIP\OutputValue	-6.0	3.1	0.7	-1.0	0.0	-1.0	-1.0	-1.0	0.0	0.0	0.0	-1.0	-1.0	0.0	0.0	0.0	-1.0	0.0
03:26:14	201.1	351.7	352.7	352.8	355.0	354.6	353.4	0.5	44.6	0.0	0.5	0.5	355.0	351.7	1.2	0.0	353.4	353.3	355.3	355.3	354.5	360.2	103.0	201.0	69.8	20.2	355.4	355.0	44.0	53.7	4.9	38.0	0.0	7.3	.Autoclave.Outputs.PRESSIP\OutputValue	-6.0	3.3	0.3	-1.0	0.0	-1.0	-1.0	-1.0	0.0	0.0	0.0	-1.0	-1.0	0.0	0.0	0.0	-1.0	0.0
03:27:14	202.0	351.6	352.6	352.7	354.5	354.6	353.5	0.5	44.6	0.0	0.5	0.5	354.6	351.6	0.2	-0.2	353.2	353.1	355.3	355.3	354.5	360.3	103.0	202.0	70.8	19.2	355.4	355.0	44.0	53.7	4.9	38.3	0.0	7.4	.Autoclave.Outputs.PRESSIP\OutputValue	-6.0	3.0	0.7	-1.0	0.0	-1.0	-1.0	-1.0	0.0	0.0	0.0	-1.0	-1.0	0.0	0.0	0.0	-1.0	0.0
03:28:15	203.1	351.2	352.2	352.6	355.0	354.7	353.3	0.5	44.6	0.0	0.5	0.5	355.0	351.2	0.3	-0.4	353.2	353.1	355.2	355.2	354.5	360.6	102.9	203.0	71.8	18.2	355.1	355.0	44.0	52.4	4.9	38.3	0.0	4.7	.Autoclave.Outputs.PRESSIP\OutputValue	-6.0	3.8	0.2	-1.0	0.0	-1.0	-1.0	-1.0	0.0	0.0	0.0	-1.0	-1.0	0.0	0.0	0.0	-1.0	0.0
03:29:14	204.1	351.4	353.7	352.6	354.6	354.4	353.3	0.5	44.6	0.0	0.5	0.5	354.6	351.4	0.3	-0.1	353.3	353.0	355.1	355.1	354.3	360.4	102.9	204.0	72.8	17.2	354.9	355.0	44.0	54.4	4.9	38.2	0.0	8.7	.Autoclave.Outputs.PRESSIP\OutputValue	-6.0	3.2	0.5	-1.0	0.0	-1.0	-1.0	-1.0	0.0	0.0	0.0	-1.0	-1.0	0.0	0.0	0.0	-1.0	0.0
03:30:14	205.0	351.5	352.6	352.7	354.5	354.6	353.4	0.5	44.6	0.0	0.5	0.5	354.6	351.5	0.7	-0.5	353.2	353.0	355.2	355.2	354.5	360.4	102.8	205.0	73.8	16.2	355.4	355.0	44.0	54.4	5.0	38.2	0.0	8.7	.Autoclave.Outputs.PRESSIP\OutputValue	-6.0	3.1	0.6	-1.0	0.0	-1.0	-1.0	-1.0	0.0	0.0	0.0	-1.0	-1.0	0.0	0.0	0.0	-1.0	0.0
03:31:14	206.1	351.6	352.7	352.6	354.5	354.7	353.3	0.5	44.6	-0.1	0.5	0.5	354.7	351.6	0.4	-0.8	353.2	353.1	355.1	355.2	354.5	360.3	103.0	206.0	74.8	15.2	355.4	355.0	44.0	54.4	5.0	38.2	0.0	8.7	.Autoclave.Outputs.PRESSIP\OutputValue	-6.0	3.1	0.4	-1.0	0.0	-1.0	-1.0	-1.0	0.0	0.0	0.0	-1.0	-1.0	0.0	0.0	0.0	-1.0	0.0
03:32:14	207.1	351.5	352.7	352.7	354.8	354.6	353.3	0.5	44.6	0.0	0.5	0.5	354.8	351.5	0.1	0.0	353.3	353.1	355.2	355.2	354.5	360.4	103.0	207.0	75.8	14.2	355.4	355.0	44.0	53.7	5.0	38.0	0.0	7.4	.Autoclave.Outputs.PRESSIP\OutputValue	-6.0	3.3	0.4	-1.0	0.0	-1.0	-1.0	-1.0	0.0	0.0	0.0	-1.0	-1.0	0.0	0.0	0.0	-1.0	0.0
03:33:14	208.1	351.5	353.0	352.8	354.5	354.6	353.2	0.5	44.6	0.0	0.5	0.5	354.6	351.5	3.7	-0.4	353.3	353.0	355.2	355.2	354.6	360.1	102.8	208.0	76.8	13.2	355.1	355.0	44.0	52.4	5.0	38.2	0.0	4.8	.Autoclave.Outputs.PRESSIP\OutputValue	-6.0	3.1	0.6	-1.0	0.0	-1.0	-1.0	-1.0	0.0	0.0	0.0	-1.0	-1.0	0.0	0.0	0.0	-1.0	0.0
03:34:14	209.1	351.5	352.7	352.8	354.4	354.7	353.4	0.5	44.6	0.0	0.5	0.5	354.7	351.5	0.3	-0.2	353.2	353.1	355.2	355.3	354.5	360.5	102.8	209.0	77.8	12.2	355.2	355.0	44.0	53.1	5.0	38.0	0.0	6.1	.Autoclave.Outputs.PRESSIP\OutputValue	-6.0	3.2	0.5	-1.0	0.0	-1.0	-1.0	-1.0	0.0	0.0	0.0	-1.0	-1.0	0.0	0.0	0.0	-1.0	0.0
03:35:14	210.1	351.7	352.6	352.9	354.6	354.5	353.3	0.5	44.6	0.0	0.5	0.5	354.6	351.7	0.3	-0.1	353.3	353.1	355.3	355.3	354.5	360.6	102.8	210.0	78.8	11.2	355.0	355.0	44.0	51.1	5.0	38.2	0.0	2.1	.Autoclave.Outputs.PRESSIP\OutputValue	-6.0	2.9	0.7	-1.0	0.0	-1.0	-1.0	-1.0	0.0	0.0	0.0	-1.0	-1.0	0.0	0.0	0.0	-1.0	0.0
03:36:14	211.1	351.5	352.7	352.9	354.7	354.6	353.3	0.5	44.6	0.0	0.5	0.5	354.7	351.5	0.4	-0.2	353.3	353.1	355.2	355.3	354.4	360.2	102.8	211.0	79.8	10.2	355.4	355.0	44.0	51.7	5.0	38.2	0.0	3.5	.Autoclave.Outputs.PRESSIP\OutputValue	-6.0	3.2	0.5	-1.0	0.0	-1.0	-1.0	-1.0	0.0	0.0	0.0	-1.0	-1.0	0.0	0.0	0.0	-1.0	0.0
03:37:14	212.1	351.4	352.7	352.8	354.7	354.5	353.4	0.5	44.6	0.0	0.5	0.5	354.7	351.4	0.7	-0.5	353.2	353.0	355.3	355.3	354.7	360.7	102.8	212.0	80.8	9.2	355.4	355.0	44.0	53.8	5.0	38.0	0.0	7.7	.Autoclave.Outputs.PRESSIP\OutputValue	-6.0	3.3	0.6	-1.0	0.0	-1.0	-1.0	-1.0	0.0	0.0	0.0	-1.0	-1.0	0.0	0.0	0.0	-1.0	0.0
03:38:14	213.1	351.6	352.8	352.9	354.6	354.4	353.4	0.5	44.6	0.0	0.5	0.5	354.6	351.6	0.3	-6.9	353.3	353.1	355.4	355.4	354.6	360.7	102.7	213.0	81.8	8.2	355.2	355.0	44.0	53.1	5.0	38.2	0.0	6.2	.Autoclave.Outputs.PRESSIP\OutputValue	-6.0	3.0	0.8	-1.0	0.0	-1.0	-1.0	-1.0	0.0	0.0	0.0	-1.0	-1.0	0.0	0.0	0.0	-1.0	0.0
03:39:14	214.1	351.9	352.8	352.9	354.6	354.5	353.5	0.5	44.6	0.0	0.5	0.5	354.6	351.9	5.9	0.0	353.4	353.2	355.2	355.2	354.4	360.4	102.7	214.0	82.8	7.2	355.3	355.0	44.0	54.5	5.0	38.3	0.0	9.0	.Autoclave.Outputs.PRESSIP\OutputValue	-6.0	2.7	0.6	-1.0	0.0	-1.0	-1.0	-1.0	0.0	0.0	0.0	-1.0	-1.0	0.0	0.0	0.0	-1.0	0.0
03:40:14	215.1	351.8	353.0	353.0	354.8	354.4	353.3	0.5	44.6	0.0	0.5	0.5	354.8	351.8	0.2	0.0	353.4	353.3	355.2	355.2	354.6	360.0	102.7	215.0	83.8	6.2	354.9	355.0	44.0	53.2	5.0	38.3	0.0	6.3	.Autoclave.Outputs.PRESSIP\OutputValue	-6.0	3.0	0.4	-1.0	0.0	-1.0	-1.0	-1.0	0.0	0.0	0.0	-1.0	-1.0	0.0	0.0	0.0	-1.0	0.0
03:41:14	216.1	351.6	352.8	353.1	354.6	354.7	353.2	0.5	44.6	0.0	0.5	0.5	354.7	351.6	0.4	0.0	353.3	353.1	355.3	355.3	354.5	360.2	102.7	216.0	84.8	5.2	355.4	355.0	44.0	52.4	5.0	38.2	0.0	4.9	.Autoclave.Outputs.PRESSIP\OutputValue	-6.0	3.1	0.6	-1.0	0.0	-1.0	-1.0	-1.0	0.0	0.0	0.0	-1.0	-1.0	0.0	0.0	0.0	-1.0	0.0
03:42:14	217.1	351.6	352.8	353.0	354.9	354.8	353.4	0.5	44.6	0.0	0.5	0.5	354.9	351.6	0.1	-0.2	353.4	353.2	355.2	355.2	354.3	360.1	102.6	217.0	85.8	4.2	355.0	355.0	44.0	51.8	5.0	38.3	0.0	3.5	.Autoclave.Outputs.PRESSIP\OutputValue	-6.0	3.3	0.3	-1.0	0.0	-1.0	-1.0	-1.0	0.0	0.0	0.0	-1.0	-1.0	0.0	0.0	0.0	-1.0	0.0
03:43:14	218.0	351.5	352.9	353.0	354.6	354.6	353.4	0.4	44.6	0.0	0.4	0.4	354.6	351.5	0.3	-0.2	353.3	353.0	355.1	355.2	354.3	360.1	102.6	218.0	86.8	3.2	355.2	355.0	44.0	53.8	5.0	38.3	0.0	7.5	.Autoclave.Outputs.PRESSIP\OutputValue	-6.0	3.1	0.5	-1.0	0.0	-1.0	-1.0	-1.0	0.0	0.0	0.0	-1.0	-1.0	0.0	0.0	0.0	-1.0	0.0
03:44:14	219.1	352.1	352.8	353.1	355.1	354.6	353.5	0.5	44.6	0.0	0.5	0.5	355.1	352.1	0.2	-0.5	353.5	353.6	355.2	355.2	354.4	360.2	102.7	219.0	87.8	2.2	355.1	355.0	44.0	53.8	5.0	38.2	0.0	7.6	.Autoclave.Outputs.PRESSIP\OutputValue	-6.0	3.0	0.1	-1.0	0.0	-1.0	-1.0	-1.0	0.0	0.0	0.0	-1.0	-1.0	0.0	0.0	0.0	-1.0	0.0
03:45:14	220.1	351.8	353.0	353.0	354.7	354.5	353.3	0.5	44.6	0.0	0.5	0.5	354.7	351.8	0.3	-0.2	353.4	353.2	355.1	355.1	354.3	360.3	102.6	220.0	88.8	1.2	355.1	355.0	44.0	50.5	5.0	38.3	0.0	0.9	.Autoclave.Outputs.PRESSIP\OutputValue	-6.0	2.9	0.4	-1.0	0.0	-1.0	-1.0	-1.0	0.0	0.0	0.0	-1.0	-1.0	0.0	0.0	0.0	-1.0	0.0
03:46:14	221.0	351.7	346.2	353.1	354.8	354.4	353.4	0.5	44.6	0.0	0.5	0.5	354.8	346.2	0.1	-0.2	352.3	350.5	355.2	355.2	354.5	360.1	102.6	221.0	89.8	0.2	355.2	355.0	44.0	55.1	5.0	38.2	0.0	10.2	.Autoclave.Outputs.PRESSIP\OutputValue	-6.0	8.6	0.4	-1.0	0.0	-1.0	-1.0	-1.0	0.0	0.0	0.0	-1.0	-1.0	0.0	0.0	0.0	-1.0	0.0
03:46:27	221.3	351.7	352.5	353.1	354.4	354.6	353.3	0.5	44.6	0.0	0.5	0.5	354.6	351.7	0.1	-0.8	353.3	353.1	355.2	355.2	354.5	360.6	102.7	221.2	90.0	0.0	355.2	355.0	44.0	52.5	5.0	38.0	0.0	4.9	.Autoclave.Outputs.PRESSIP\OutputValue	-6.0	2.9	0.4	-1.0	0.0	-1.0	-1.0	-1.0	0.0	0.0	0.0	-1.0	-1.0	0.0	0.0	0.0	-1.0	0.0
03:47:14	222.1	350.8	352.2	352.0	352.6	352.3	347.6	0.4	43.8	0.0	0.4	0.4	352.6	347.6	-0.5	-5.3	351.2	350.1	344.3	344.3	343.4	340.1	102.5	222.0	0.8	0.0	351.5	351.4	44.0	99.7	3.6	47.1	0.0	99.4	.Autoclave.Outputs.PRESSIP\OutputValue	-5.6	5.0	-8.3	-1.0	0.0	-1.0	-1.0	-1.0	0.0	0.0	0.0	-1.0	-1.0	0.0	0.0	0.0	-1.0	0.0
03:48:14	223.1	349.6	350.8	350.6	351.8	351.7	348.5	0.4	44.1	0.0	0.4	0.4	351.8	348.5	0.6	-2.0	350.5	350.2	346.7	346.7	345.9	351.2	102.6	223.0	1.8	0.0	347.0	347.0	44.0	53.9	3.7	43.6	0.0	7.8	.Autoclave.Outputs.PRESSIP\OutputValue	-5.6	3.3	-5.1	-1.0	0.0	-1.0	-1.0	-1.0	0.0	0.0	0.0	-1.0	-1.0	0.0	0.0	0.0	-1.0	0.0
03:49:14	224.1	348.6	350.0	349.7	349.6	349.4	342.6	0.4	44.0	0.0	0.4	0.4	350.0	342.6	-0.5	-4.0	348.3	346.3	336.9	336.9	336.1	324.4	102.6	224.0	2.8	0.0	342.5	342.4	44.0	87.9	3.7	45.1	0.0	75.7	.Autoclave.Outputs.PRESSIP\OutputValue	-5.3	7.4	-13.1	-1.0	0.0	-1.0	-1.0	-1.0	0.0	0.0	0.0	-1.0	-1.0	0.0	0.0	0.0	-1.0	0.0
03:50:14	225.1	346.3	348.7	347.5	348.1	347.4	342.4	0.4	44.5	0.0	0.4	0.4	348.7	342.4	-1.5	-2.8	346.7	345.5	337.0	337.0	336.2	342.5	102.6	225.0	3.8	0.0	338.0	337.9	44.0	59.1	4.2	38.5	0.0	18.2	.Autoclave.Outputs.PRESSIP\OutputValue	-6.0	6.3	-11.7	-1.0	0.0	-1.0	-1.0	-1.0	0.0	0.0	0.0	-1.0	-1.0	0.0	0.0	0.0	-1.0	0.0
03:51:15	226.1	345.0	346.0	345.9	345.9	344.3	336.7	0.4	43.7	0.0	0.4	0.4	346.0	336.7	-1.5	-5.2	344.0	341.3	327.5	327.4	326.7	321.5	102.5	226.0	4.8	0.0	333.5	333.4	44.0	92.5	4.3	47.4	0.0	85.1	.Autoclave.Outputs.PRESSIP\OutputValue	-5.6	9.3	-18.7	-1.0	0.0	-1.0	-1.0	-1.0	0.0	0.0	0.0	-1.0	-1.0	0.0	0.0	0.0	-1.0	0.0
03:51:15	226.1	345.0	346.0	345.9	345.9	344.3	336.7	0.4	43.7	0.0	0.4	0.4	346.0	336.7	-1.5	-5.2	344.0	341.3	327.5	327.4	326.7	321.5	102.5	226.0	4.8	0.0	333.5	333.4	44.0	92.5	4.3	47.4	0.0	85.1	.Autoclave.Outputs.PRESSIP\OutputValue	-5.6	9.3	-18.5	-1.0	0.0	-1.0	-1.0	-1.0	0.0	0.0	0.0	-1.0	-1.0	0.0	0.0	0.0	-1.0	0.0
03:52:14	227.1	342.9	344.2	343.9	344.0	342.2	336.4	0.4	44.0	0.0	0.4	0.4	344.2	336.4	-0.8	-2.5	342.3	340.3	329.0	329.0	328.1	332.7	102.5	227.0	1.0	0.0	329.0	328.9	44.0	53.5	4.6	44.6	0.0	7.0	.Autoclave.Outputs.PRESSIP\OutputValue	-5.4	7.8	-15.2	-1.0	0.0	-1.0	-1.0	-1.0	0.0	0.0	0.0	-1.0	-1.0	0.0	0.0	0.0	-1.0	0.0
03:53:14	228.1	340.5	342.4	341.8	341.0	338.3	330.3	0.4	44.3	0.0	0.4	0.4	342.4	330.3	-2.0	-5.8	339.0	336.3	319.3	319.3	318.4	318.5	102.6	228.0	2.0	0.0	324.5	324.4	44.0	87.7	4.8	41.9	0.0	75.4	.Autoclave.Outputs.PRESSIP\OutputValue	-5.1	12.1	-23.1	-1.0	0.0	-1.0	-1.0	-1.0	0.0	0.0	0.0	-1.0	-1.0	0.0	0.0	0.0	-1.0	0.0
03:54:14	229.1	338.9	338.3	340.1	339.5	336.1	329.5	0.4	44.4	0.0	0.4	0.4	340.1	329.5	-0.9	-2.5	337.1	334.8	320.7	320.8	319.9	322.9	102.5	229.0	3.0	0.0	320.0	320.0	44.0	48.6	5.0	40.3	0.0	0.0	.Autoclave.Outputs.PRESSIP\OutputValue	-5.9	10.6	-19.4	-1.0	0.0	-1.0	-1.0	-1.0	0.0	0.0	0.0	-1.0	-1.0	0.0	0.0	0.0	-1.0	0.0
03:55:14	230.1	336.0	337.4	337.2	335.5	331.7	323.5	0.4	43.9	0.0	0.4	0.4	337.4	323.5	-2.6	-6.3	333.5	330.4	311.3	311.4	310.5	312.9	102.5	230.0	4.0	0.0	315.5	315.4	44.0	81.5	5.2	45.7	0.0	63.0	.Autoclave.Outputs.PRESSIP\OutputValue	-5.4	13.9	-26.1	-1.0	0.0	-1.0	-1.0	-1.0	0.0	0.0	0.0	-1.0	-1.0	0.0	0.0	0.0	-1.0	0.0
03:56:14	231.0	334.1	335.2	335.6	334.4	329.6	322.2	0.3	43.5	0.0	0.3	0.3	335.6	322.2	-1.1	-2.5	331.8	328.9	312.5	312.5	311.7	308.2	102.5	231.0	5.0	0.0	311.0	310.9	44.0	43.0	5.3	49.5	-1.0	0.0	.Autoclave.Outputs.PRESSIP\OutputValue	-5.2	13.4	-23.1	-1.0	0.0	-1.0	-1.0	-1.0	0.0	0.0	0.0	-1.0	-1.0	0.0	0.0	0.0	-1.0	0.0
03:57:14	232.1	331.3	332.3	332.5	330.7	325.1	316.6	0.3	44.4	0.0	0.3	0.3	332.5	316.6	-2.5	-5.6	328.1	324.5	304.3	304.3	303.6	306.4	102.5	232.0	6.0	0.0	306.5	306.4	44.0	67.9	5.6	40.8	0.0	35.8	.Autoclave.Outputs.PRESSIP\OutputValue	-5.2	15.9	-28.1	-1.0	0.0	-1.0	-1.0	-1.0	0.0	0.0	0.0	-1.0	-1.0	0.0	0.0	0.0	-1.0	0.0
03:58:14	233.1	329.2	329.7	330.8	328.2	321.8	312.0	0.3	43.2	0.0	0.3	0.3	330.8	312.0	-1.7	-4.3	325.3	321.4	300.5	300.2	299.3	283.2	102.1	233.0	7.0	0.0	302.0	302.0	44.0	63.4	5.6	52.0	0.0	26.7	.Autoclave.Outputs.PRESSIP\OutputValue	-5.5	18.8	-30.2	-1.0	0.0	-1.0	-1.0	-1.0	0.0	0.0	0.0	-1.0	-1.0	0.0	0.0	0.0	-1.0	0.0
03:59:14	234.0	326.7	326.7	327.7	324.9	318.1	309.2	0.3	43.8	0.0	0.3	0.3	327.7	309.2	-3.1	-5.1	322.2	318.4	297.0	297.0	296.3	297.7	102.2	234.0	8.0	0.0	297.5	297.5	44.0	57.0	5.9	47.1	0.0	14.0	.Autoclave.Outputs.PRESSIP\OutputValue	-5.0	18.5	-30.6	-1.0	0.0	-1.0	-1.0	-1.0	0.0	0.0	0.0	-1.0	-1.0	0.0	0.0	0.0	-1.0	0.0
04:00:14	235.1	324.1	323.9	325.5	321.3	314.0	302.9	0.2	43.9	0.0	0.2	0.2	325.5	302.9	-2.0	-5.5	318.6	314.2	289.2	289.2	288.4	280.3	102.3	235.0	9.0	0.0	293.0	293.0	44.0	78.4	5.9	46.4	0.0	56.7	.Autoclave.Outputs.PRESSIP\OutputValue	-4.3	22.6	-36.2	-1.0	0.0	-1.0	-1.0	-1.0	0.0	0.0	0.0	-1.0	-1.0	0.0	0.0	0.0	-1.0	0.0
04:01:14	236.1	321.3	321.0	323.0	318.8	310.3	301.0	0.2	44.2	0.0	0.2	0.2	323.0	301.0	-2.6	-4.1	315.9	312.0	288.7	288.7	288.0	289.4	102.3	236.0	10.0	0.0	288.5	288.4	44.0	52.5	6.1	43.8	0.0	5.0	.Autoclave.Outputs.PRESSIP\OutputValue	-4.7	22.0	-34.2	-1.0	0.0	-1.0	-1.0	-1.0	0.0	0.0	0.0	-1.0	-1.0	0.0	0.0	0.0	-1.0	0.0
04:02:14	237.1	318.5	318.0	320.0	314.7	305.5	295.2	0.2	43.7	0.0	0.2	0.2	320.0	295.2	-2.8	-5.9	312.0	307.6	280.9	281.0	280.3	281.1	102.5	237.0	11.0	0.0	284.0	284.0	44.0	74.7	6.3	48.3	0.0	49.4	.Autoclave.Outputs.PRESSIP\OutputValue	-4.1	24.8	-39.0	-1.0	0.0	-1.0	-1.0	-1.0	0.0	0.0	0.0	-1.0	-1.0	0.0	0.0	0.0	-1.0	0.0
04:03:14	238.1	316.0	314.9	317.9	312.0	302.5	292.9	0.1	43.3	0.0	0.1	0.1	317.9	292.9	-1.9	-3.2	309.4	305.4	280.5	280.5	279.7	275.1	102.3	238.0	12.0	0.0	279.5	279.4	44.0	45.9	6.3	53.6	-1.0	0.0	.Autoclave.Outputs.PRESSIP\OutputValue	-3.5	25.0	-37.3	-1.0	0.0	-1.0	-1.0	-1.0	0.0	0.0	0.0	-1.0	-1.0	0.0	0.0	0.0	-1.0	0.0
04:04:14	239.1	313.1	311.5	314.8	307.7	297.5	288.0	0.1	44.2	0.0	0.1	0.1	314.8	288.0	-2.8	-5.2	305.4	301.4	274.5	274.5	273.8	275.7	102.4	239.0	13.0	0.0	275.0	274.9	44.0	57.5	6.5	44.8	0.0	15.0	.Autoclave.Outputs.PRESSIP\OutputValue	-3.3	26.8	-40.2	-1.0	0.0	-1.0	-1.0	-1.0	0.0	0.0	0.0	-1.0	-1.0	0.0	0.0	0.0	-1.0	0.0
04:05:14	240.1	310.5	308.3	312.0	304.0	292.7	282.1	0.1	43.5	0.0	0.1	0.1	312.0	282.1	-2.8	-6.3	301.6	297.0	267.0	267.0	266.3	261.9	102.1	240.0	14.0	0.0	270.5	270.5	44.0	77.7	6.5	52.1	0.0	55.3	.Autoclave.Outputs.PRESSIP\OutputValue	-2.8	29.9	-44.9	-1.0	0.0	-1.0	-1.0	-1.0	0.0	0.0	0.0	-1.0	-1.0	0.0	0.0	0.0	-1.0	0.0
04:06:14	241.1	307.6	305.0	309.4	300.9	289.9	279.5	0.0	43.1	0.0	0.0	0.0	309.4	279.5	-2.4	-3.5	298.7	294.4	266.7	266.7	265.9	257.1	102.1	241.0	15.0	0.0	266.0	265.9	44.0	48.9	6.6	57.2	-1.0	0.0	.Autoclave.Outputs.PRESSIP\OutputValue	-2.0	29.9	-42.6	-1.0	0.0	-1.0	-1.0	-1.0	0.0	0.0	0.0	-1.0	-1.0	0.0	0.0	0.0	-1.0	0.0
04:07:14	242.1	304.3	301.6	306.1	296.9	285.2	275.5	0.0	44.2	0.0	0.0	0.0	306.1	275.5	-3.1	-5.0	294.9	290.8	261.9	261.9	261.3	262.5	102.3	242.0	16.0	0.0	261.5	261.4	44.0	51.8	6.7	45.8	0.0	3.6	.Autoclave.Outputs.PRESSIP\OutputValue	-2.1	30.6	-44.2	-1.0	0.0	-1.0	-1.0	-1.0	0.0	0.0	0.0	-1.0	-1.0	0.0	0.0	0.0	-1.0	0.0
04:08:14	243.1	301.1	298.0	302.9	293.1	280.2	270.1	-0.1	43.9	0.0	-0.1	-0.1	302.9	270.1	-3.1	-5.5	290.9	286.5	255.2	255.2	254.4	256.4	102.3	243.0	17.0	0.0	257.0	257.0	44.0	67.5	6.8	49.7	0.0	35.0	.Autoclave.Outputs.PRESSIP\OutputValue	-1.6	32.8	-47.7	-1.0	0.0	-1.0	-1.0	-1.0	0.0	0.0	0.0	-1.0	-1.0	0.0	0.0	0.0	-1.0	0.0
04:09:14	244.1	298.3	294.5	300.1	289.6	276.1	265.2	-0.1	44.0	0.0	-0.1	-0.1	300.1	265.2	-2.8	-4.4	287.3	282.7	249.6	249.6	248.9	246.2	102.4	244.0	18.0	0.0	252.5	252.5	44.0	74.1	6.9	49.0	0.0	48.1	.Autoclave.Outputs.PRESSIP\OutputValue	-1.0	34.9	-50.5	-1.0	0.0	-1.0	-1.0	-1.0	0.0	0.0	0.0	-1.0	-1.0	0.0	0.0	0.0	-1.0	0.0
04:10:14	245.1	295.1	291.2	297.3	286.1	272.4	261.9	-0.2	43.3	0.0	-0.2	-0.2	297.3	261.9	-2.4	-4.0	284.0	279.6	248.1	248.0	247.2	235.4	102.1	245.0	19.0	0.0	248.0	248.0	44.0	54.1	6.9	55.6	0.0	8.2	.Autoclave.Outputs.PRESSIP\OutputValue	-1.0	35.4	-49.2	-1.0	0.0	-1.0	-1.0	-1.0	0.0	0.0	0.0	-1.0	-1.0	0.0	0.0	0.0	-1.0	0.0
04:11:14	246.1	291.8	287.3	293.9	282.3	268.1	259.1	-0.2	43.6	0.0	-0.2	-0.2	293.9	259.1	-3.2	-4.8	280.4	276.5	244.8	244.8	244.0	244.7	102.1	246.0	20.0	0.0	243.5	243.4	44.0	45.5	7.0	53.3	-1.0	0.0	.Autoclave.Outputs.PRESSIP\OutputValue	-0.2	34.8	-49.1	-1.0	0.0	-1.0	-1.0	-1.0	0.0	0.0	0.0	-1.0	-1.0	0.0	0.0	0.0	-1.0	0.0
04:12:14	247.0	288.7	283.6	290.5	277.6	263.4	254.2	-0.3	44.2	0.0	-0.3	-0.3	290.5	254.2	-3.2	-4.8	276.3	272.4	239.1	239.1	238.2	240.5	102.2	247.0	21.0	0.0	239.0	239.0	44.0	55.0	7.1	48.0	0.0	10.0	.Autoclave.Outputs.PRESSIP\OutputValue	0.1	36.3	-51.4	-1.0	0.0	-1.0	-1.0	-1.0	0.0	0.0	0.0	-1.0	-1.0	0.0	0.0	0.0	-1.0	0.0
04:13:14	248.1	285.2	279.9	287.4	273.4	258.6	249.3	-0.4	43.8	0.0	-0.4	-0.4	287.4	249.3	-2.9	-5.0	272.3	268.4	233.3	233.3	232.5	233.7	102.2	248.0	22.0	0.0	234.5	234.5	44.0	63.0	7.1	52.9	0.0	26.1	.Autoclave.Outputs.PRESSIP\OutputValue	0.7	38.1	-54.1	-1.0	0.0	-1.0	-1.0	-1.0	0.0	0.0	0.0	-1.0	-1.0	0.0	0.0	0.0	-1.0	0.0
04:14:14	249.1	281.9	276.5	284.5	269.4	254.1	243.8	-0.5	44.0	0.0	-0.5	-0.5	284.5	243.8	-3.1	-5.5	268.4	264.2	227.9	227.7	227.0	223.8	102.4	249.0	23.0	0.0	230.0	229.9	44.0	69.1	7.1	51.2	0.0	38.1	.Autoclave.Outputs.PRESSIP\OutputValue	1.4	40.7	-56.6	-1.0	0.0	-1.0	-1.0	-1.0	0.0	0.0	0.0	-1.0	-1.0	0.0	0.0	0.0	-1.0	0.0
04:15:14	250.0	278.8	273.0	281.7	265.8	250.3	240.0	-0.5	43.3	0.0	-0.5	-0.5	281.7	240.0	-3.4	-4.1	264.9	260.9	224.9	224.9	224.1	213.4	102.1	250.0	24.0	0.0	225.5	225.4	44.0	57.7	7.1	57.9	0.0	15.3	.Autoclave.Outputs.PRESSIP\OutputValue	1.3	41.7	-56.8	-1.0	0.0	-1.0	-1.0	-1.0	0.0	0.0	0.0	-1.0	-1.0	0.0	0.0	0.0	-1.0	0.0
04:16:14	251.1	275.5	269.2	278.5	262.0	246.2	236.8	-0.6	43.4	-0.1	-0.6	-0.6	278.5	236.8	-3.2	-5.1	261.4	257.7	222.7	222.7	222.0	217.1	102.1	251.0	25.0	0.0	221.0	220.9	44.0	42.4	7.1	58.3	-1.0	0.0	.Autoclave.Outputs.PRESSIP\OutputValue	1.9	41.7	-55.8	-1.0	0.0	-1.0	-1.0	-1.0	0.0	0.0	0.0	-1.0	-1.0	0.0	0.0	0.0	-1.0	0.0
04:17:14	252.1	272.2	265.4	274.8	258.0	241.6	232.6	-0.7	44.1	-0.1	-0.7	-0.7	274.8	232.6	-3.4	-4.9	257.4	253.7	217.7	217.7	216.9	218.6	102.2	252.0	26.0	0.0	216.5	216.5	44.0	47.2	7.2	51.4	-1.0	0.0	.Autoclave.Outputs.PRESSIP\OutputValue	2.3	42.2	-57.1	-1.0	0.0	-1.0	-1.0	-1.0	0.0	0.0	0.0	-1.0	-1.0	0.0	0.0	0.0	-1.0	0.0
04:18:14	253.1	268.8	261.4	271.7	253.2	236.9	227.9	-0.7	43.7	-0.1	-0.7	-0.7	271.7	227.9	-3.3	-4.7	253.3	249.8	212.5	212.5	211.9	213.4	102.2	253.0	27.0	0.0	212.0	211.9	44.0	51.9	7.2	55.7	0.0	3.7	.Autoclave.Outputs.PRESSIP\OutputValue	3.1	43.8	-59.2	-1.0	0.0	-1.0	-1.0	-1.0	0.0	0.0	0.0	-1.0	-1.0	0.0	0.0	0.0	-1.0	0.0
04:19:14	254.1	265.2	257.6	268.1	249.3	232.3	222.9	-0.8	44.1	-0.1	-0.8	-0.8	268.1	222.9	-3.6	-4.9	249.2	245.5	207.2	207.2	206.5	208.0	102.3	254.0	28.0	0.0	207.5	207.4	44.0	57.9	7.2	53.2	0.0	15.7	.Autoclave.Outputs.PRESSIP\OutputValue	3.8	45.2	-60.9	-1.0	0.0	-1.0	-1.0	-1.0	0.0	0.0	0.0	-1.0	-1.0	0.0	0.0	0.0	-1.0	0.0
04:20:14	255.1	261.6	253.7	265.1	245.0	227.7	218.5	-0.9	43.7	-0.1	-0.9	-0.9	265.1	218.5	-3.1	-4.7	245.3	241.8	202.7	202.7	201.9	202.4	102.1	255.0	29.0	0.0	203.0	202.9	44.0	57.8	7.2	57.8	0.0	15.7	.Autoclave.Outputs.PRESSIP\OutputValue	4.4	46.6	-62.4	-1.0	0.0	-1.0	-1.0	-1.0	0.0	0.0	0.0	-1.0	-1.0	0.0	0.0	0.0	-1.0	0.0
04:21:14	256.1	258.2	250.1	261.5	240.8	223.3	213.6	-1.0	44.0	-0.1	-1.0	-1.0	261.5	213.6	-3.4	-4.6	241.3	237.6	198.0	198.0	197.3	196.5	102.2	256.0	30.0	0.0	198.5	198.4	44.0	59.2	7.1	55.5	0.0	18.3	.Autoclave.Outputs.PRESSIP\OutputValue	5.3	47.9	-63.5	-1.0	0.0	-1.0	-1.0	-1.0	0.0	0.0	0.0	-1.0	-1.0	0.0	0.0	0.0	-1.0	0.0
04:22:14	257.1	254.7	246.2	258.6	236.8	218.9	208.9	-1.0	43.4	-0.1	-1.0	-1.0	258.6	208.9	-3.2	-4.8	237.4	233.8	193.2	193.1	192.3	186.8	102.1	257.0	31.0	0.0	194.0	193.9	44.0	60.5	7.1	62.2	0.0	20.9	.Autoclave.Outputs.PRESSIP\OutputValue	5.8	49.7	-65.4	-1.0	0.0	-1.0	-1.0	-1.0	0.0	0.0	0.0	-1.0	-1.0	0.0	0.0	0.0	-1.0	0.0
04:23:14	258.1	250.7	242.1	255.0	232.5	214.5	205.0	-1.1	43.8	-0.1	-1.1	-1.1	255.0	205.0	-3.3	-4.5	233.3	230.0	189.1	189.1	188.3	184.2	102.2	258.0	32.0	0.0	189.5	189.4	44.0	57.7	7.1	58.7	0.0	15.5	.Autoclave.Outputs.PRESSIP\OutputValue	6.9	50.0	-65.9	-1.0	0.0	-1.0	-1.0	-1.0	0.0	0.0	0.0	-1.0	-1.0	0.0	0.0	0.0	-1.0	0.0
04:24:14	259.1	247.3	238.1	251.3	228.5	210.2	200.4	-1.2	43.3	-0.1	-1.2	-1.2	251.3	200.4	-3.3	-4.5	229.3	225.9	184.5	184.4	183.6	177.2	102.0	259.0	33.0	0.0	185.0	184.9	44.0	58.4	7.0	64.5	0.0	16.8	.Autoclave.Outputs.PRESSIP\OutputValue	7.4	50.9	-66.8	-1.0	0.0	-1.0	-1.0	-1.0	0.0	0.0	0.0	-1.0	-1.0	0.0	0.0	0.0	-1.0	0.0
04:25:14	260.1	243.9	234.3	247.9	223.9	205.7	196.2	-1.2	43.8	-0.1	-1.2	-1.2	247.9	196.2	-3.6	-4.5	225.3	222.1	180.4	180.4	179.6	173.6	102.0	260.0	34.0	0.0	180.5	180.4	44.0	55.7	7.0	60.3	0.0	11.4	.Autoclave.Outputs.PRESSIP\OutputValue	8.0	51.7	-67.5	-1.0	0.0	-1.0	-1.0	-1.0	0.0	0.0	0.0	-1.0	-1.0	0.0	0.0	0.0	-1.0	0.0
04:26:14	261.1	240.3	230.4	244.3	220.6	201.4	191.7	-1.3	43.3	-0.1	-1.3	-1.3	244.3	191.7	-3.5	-4.7	221.5	218.0	176.1	176.1	175.4	169.7	101.9	261.0	35.0	0.0	176.0	175.9	44.0	53.0	6.9	64.8	0.0	6.0	.Autoclave.Outputs.PRESSIP\OutputValue	8.0	52.6	-68.2	-1.0	0.0	-1.0	-1.0	-1.0	0.0	0.0	0.0	-1.0	-1.0	0.0	0.0	0.0	-1.0	0.0
04:27:14	262.1	236.5	226.3	241.1	215.9	196.9	187.6	-1.4	43.0	-0.1	-1.4	-1.4	241.1	187.6	-3.2	-4.7	217.4	214.4	172.0	172.0	171.2	165.8	101.8	262.0	36.0	0.0	171.5	171.4	44.0	51.6	6.8	68.0	-1.0	3.2	.Autoclave.Outputs.PRESSIP\OutputValue	8.0	53.5	-69.1	-1.0	0.0	-1.0	-1.0	-1.0	0.0	0.0	0.0	-1.0	-1.0	0.0	0.0	0.0	-1.0	0.0
04:28:14	263.0	232.8	222.4	237.2	212.0	192.4	182.6	-1.5	43.4	-0.1	-1.5	-1.5	237.2	182.6	-3.7	-5.1	213.2	209.9	167.8	167.7	167.0	162.3	102.0	263.0	37.0	0.0	167.0	167.0	44.0	49.6	6.8	64.2	-1.0	0.0	.Autoclave.Outputs.PRESSIP\OutputValue	8.0	54.6	-69.4	-1.0	0.0	-1.0	-1.0	-1.0	0.0	0.0	0.0	-1.0	-1.0	0.0	0.0	0.0	-1.0	0.0
04:29:14	264.1	229.2	218.3	233.6	207.7	188.1	178.5	-1.5	43.0	-0.1	-1.5	-1.5	233.6	178.5	-3.6	-4.4	209.2	206.1	163.7	163.6	162.7	158.9	101.8	264.0	38.0	0.0	162.5	162.5	44.0	46.9	6.7	67.4	-1.0	0.0	.Autoclave.Outputs.PRESSIP\OutputValue	8.0	55.1	-69.9	-1.0	0.0	-1.0	-1.0	-1.0	0.0	0.0	0.0	-1.0	-1.0	0.0	0.0	0.0	-1.0	0.0
04:30:14	265.1	225.2	214.2	230.0	203.0	183.5	174.3	-1.6	43.6	-0.1	-1.6	-1.6	230.0	174.3	-3.8	-4.7	205.0	202.2	159.7	159.7	159.0	159.5	101.8	265.0	39.0	0.0	158.0	158.0	44.0	43.5	6.6	61.9	-1.0	0.0	.Autoclave.Outputs.PRESSIP\OutputValue	8.0	55.7	-70.3	-1.0	0.0	-1.0	-1.0	-1.0	0.0	0.0	0.0	-1.0	-1.0	0.0	0.0	0.0	-1.0	0.0
04:31:14	266.0	221.6	210.1	226.7	198.9	179.1	169.5	-1.7	43.7	-0.1	-1.7	-1.7	226.7	169.5	-3.3	-5.0	201.0	198.1	154.0	154.0	153.3	151.9	101.9	266.0	40.0	0.0	153.5	153.4	44.0	50.6	6.5	60.8	0.0	1.2	.Autoclave.Outputs.PRESSIP\OutputValue	8.0	57.2	-72.7	-1.0	0.0	-1.0	-1.0	-1.0	0.0	0.0	0.0	-1.0	-1.0	0.0	0.0	0.0	-1.0	0.0
04:32:14	267.1	218.0	206.1	223.1	194.8	174.5	165.6	-1.7	43.3	-0.1	-1.7	-1.7	223.1	165.6	-3.6	-4.1	197.0	194.4	150.2	150.2	149.5	146.7	101.7	267.0	41.0	0.0	149.0	148.9	44.0	46.5	6.3	65.0	-1.0	0.0	.Autoclave.Outputs.PRESSIP\OutputValue	8.0	57.5	-72.9	-1.0	0.0	-1.0	-1.0	-1.0	0.0	0.0	0.0	-1.0	-1.0	0.0	0.0	0.0	-1.0	0.0
04:33:14	268.1	213.9	202.1	219.4	190.3	170.1	160.9	-1.8	43.6	-0.1	-1.8	-1.8	219.4	160.9	-3.8	-4.9	192.8	190.2	145.5	145.5	144.7	142.6	101.8	268.0	42.0	0.0	144.5	144.4	44.0	47.7	6.2	62.1	-1.0	0.0	.Autoclave.Outputs.PRESSIP\OutputValue	8.0	58.5	-73.9	-1.0	0.0	-1.0	-1.0	-1.0	0.0	0.0	0.0	-1.0	-1.0	0.0	0.0	0.0	-1.0	0.0
04:34:14	269.1	210.0	197.8	215.8	185.7	165.7	156.5	-1.8	43.3	-0.1	-1.8	-1.8	215.8	156.5	-4.0	-4.5	188.6	186.2	141.3	141.3	140.5	138.9	101.7	269.0	43.0	0.0	140.0	140.0	44.0	45.7	6.1	65.3	-1.0	0.0	.Autoclave.Outputs.PRESSIP\OutputValue	8.0	59.3	-74.5	-1.0	0.0	-1.0	-1.0	-1.0	0.0	0.0	0.0	-1.0	-1.0	0.0	0.0	0.0	-1.0	0.0
04:35:14	270.1	206.2	193.7	212.6	181.4	161.7	152.8	-1.9	43.7	-0.1	-1.9	-1.9	212.6	152.8	-3.4	-4.3	184.7	182.7	138.3	138.3	137.6	136.5	101.9	270.0	44.0	0.0	135.5	135.4	44.0	34.8	5.9	60.8	-1.0	0.0	.Autoclave.Outputs.PRESSIP\OutputValue	8.0	59.8	-74.3	-1.0	0.0	-1.0	-1.0	-1.0	0.0	0.0	0.0	-1.0	-1.0	0.0	0.0	0.0	-1.0	0.0
04:36:14	271.1	202.9	189.9	208.9	177.5	157.5	149.3	-2.0	43.4	-0.1	-2.0	-2.0	208.9	149.3	-3.3	-4.3	181.0	179.1	135.1	135.0	134.4	133.5	101.7	271.0	45.0	0.0	131.0	130.9	44.0	26.4	5.5	64.0	-1.0	0.0	.Autoclave.Outputs.PRESSIP\OutputValue	8.0	59.6	-73.8	-1.0	0.0	-1.0	-1.0	-1.0	0.0	0.0	0.0	-1.0	-1.0	0.0	0.0	0.0	-1.0	0.0
04:37:14	272.1	199.4	186.2	205.7	174.2	153.8	145.9	-2.0	43.2	-0.1	-2.0	-2.0	205.7	145.9	-3.3	-3.7	177.5	175.8	132.7	132.7	131.9	131.3	101.6	272.0	46.0	0.0	126.5	126.4	44.0	12.6	5.0	66.5	-1.0	0.0	.Autoclave.Outputs.PRESSIP\OutputValue	8.0	59.8	-73.0	-1.0	0.0	-1.0	-1.0	-1.0	0.0	0.0	0.0	-1.0	-1.0	0.0	0.0	0.0	-1.0	0.0
04:38:14	273.1	196.3	182.7	202.3	170.4	150.2	143.2	-2.1	43.5	-0.1	-2.1	-2.1	202.3	143.2	-3.0	-4.0	174.2	172.7	130.7	130.7	130.0	129.3	101.7	273.0	47.0	0.0	122.0	122.0	44.0	0.0	0.0	62.7	-1.0	0.0	.Autoclave.Outputs.PRESSIP\OutputValue	8.0	59.1	-71.6	-1.0	0.0	-1.0	-1.0	-1.0	0.0	0.0	0.0	-1.0	-1.0	0.0	0.0	0.0	-1.0	0.0
04:39:14	274.1	192.8	179.0	199.2	166.9	146.9	140.2	-2.1	43.3	-0.1	-2.1	-2.1	199.2	140.2	-3.0	-3.6	170.8	169.7	128.2	128.2	127.5	127.3	101.7	274.0	48.0	0.0	117.5	117.4	44.0	0.0	0.0	64.6	-1.0	0.0	.Autoclave.Outputs.PRESSIP\OutputValue	8.0	59.0	-71.0	-1.0	0.0	-1.0	-1.0	-1.0	0.0	0.0	0.0	-1.0	-1.0	0.0	0.0	0.0	-1.0	0.0
04:40:14	275.1	189.9	175.8	196.0	163.9	143.8	137.2	-2.2	43.2	-0.1	-2.2	-2.2	196.0	137.2	-3.0	-3.5	167.8	166.6	126.3	126.3	125.5	125.7	101.6	275.0	49.0	0.0	113.0	112.9	44.0	0.0	0.0	66.5	-1.0	0.0	.Autoclave.Outputs.PRESSIP\OutputValue	8.0	58.8	-69.7	-1.0	0.0	-1.0	-1.0	-1.0	0.0	0.0	0.0	-1.0	-1.0	0.0	0.0	0.0	-1.0	0.0
04:41:14	276.0	186.7	170.5	193.6	160.7	141.0	135.0	-2.2	43.6	-0.1	-2.2	-2.2	193.6	135.0	-2.3	-3.2	164.6	164.3	125.1	125.1	124.3	124.4	101.8	276.0	50.0	0.0	108.5	108.5	44.0	0.0	0.0	61.9	-1.0	0.0	.Autoclave.Outputs.PRESSIP\OutputValue	8.0	58.6	-68.5	-1.0	0.0	-1.0	-1.0	-1.0	0.0	0.0	0.0	-1.0	-1.0	0.0	0.0	0.0	-1.0	0.0
04:42:14	277.1	183.6	169.2	191.2	157.5	138.3	132.7	-2.3	43.4	-0.1	-2.3	-2.3	191.2	132.7	-2.6	-3.4	162.1	161.9	123.1	123.1	122.4	122.7	101.7	277.0	51.0	0.0	104.0	103.9	44.0	0.0	0.0	63.5	-1.0	0.0	.Autoclave.Outputs.PRESSIP\OutputValue	8.0	58.5	-68.0	-1.0	0.0	-1.0	-1.0	-1.0	0.0	0.0	0.0	-1.0	-1.0	0.0	0.0	0.0	-1.0	0.0
04:43:14	278.1	180.9	166.5	189.0	154.7	136.1	130.5	-2.3	43.3	-0.1	-2.3	-2.3	189.0	130.5	-2.4	-2.9	159.6	159.7	121.5	121.5	120.8	121.3	101.6	278.0	52.0	0.0	99.5	99.4	44.0	0.0	0.0	65.0	-1.0	0.0	.Autoclave.Outputs.PRESSIP\OutputValue	8.0	58.5	-67.4	-1.0	0.0	-1.0	-1.0	-1.0	0.0	0.0	0.0	-1.0	-1.0	0.0	0.0	0.0	-1.0	0.0
04:44:14	279.0	178.2	162.6	186.0	152.0	133.6	128.4	-2.4	43.2	-0.1	-2.4	-2.4	186.0	128.4	-1.9	-3.1	156.8	157.2	120.2	120.2	119.6	120.0	101.6	279.0	53.0	0.0	95.0	94.9	44.0	0.0	0.0	66.5	-1.0	0.0	.Autoclave.Outputs.PRESSIP\OutputValue	8.0	57.6	-65.7	-1.0	0.0	-1.0	-1.0	-1.0	0.0	0.0	0.0	-1.0	-1.0	0.0	0.0	0.0	-1.0	0.0
04:45:14	280.1	175.6	160.9	183.5	149.4	131.3	126.8	-2.4	43.1	-0.1	-2.4	-2.4	183.5	126.8	-1.9	-2.9	154.6	155.1	118.7	118.7	118.1	118.9	101.6	280.0	54.0	0.0	90.5	90.4	44.0	0.0	0.0	66.7	-1.0	0.0	.Autoclave.Outputs.PRESSIP\OutputValue	8.0	56.7	-64.7	-1.0	0.0	-1.0	-1.0	-1.0	0.0	0.0	0.0	-1.0	-1.0	0.0	0.0	0.0	-1.0	0.0
04:46:14	281.1	173.0	158.5	180.6	146.9	129.6	125.0	-2.4	43.5	-0.1	-2.4	-2.4	180.6	125.0	-1.7	-2.8	152.3	152.8	117.6	117.7	117.0	117.9	101.5	281.0	55.0	0.0	86.0	86.0	44.0	0.0	0.0	62.7	-1.0	0.0	.Autoclave.Outputs.PRESSIP\OutputValue	8.0	55.6	-62.9	-1.0	0.0	-1.0	-1.0	-1.0	0.0	0.0	0.0	-1.0	-1.0	0.0	0.0	0.0	-1.0	0.0
04:47:15	282.1	170.9	156.2	178.5	144.4	127.7	123.5	-2.5	43.4	-0.1	-2.5	-2.5	178.5	123.5	-1.7	-2.6	150.2	151.0	116.4	116.4	115.7	116.9	101.5	282.0	56.0	0.0	81.5	81.4	44.0	0.0	0.0	64.0	-1.0	0.0	.Autoclave.Outputs.PRESSIP\OutputValue	8.0	55.0	-62.0	-1.0	0.0	-1.0	-1.0	-1.0	0.0	0.0	0.0	-1.0	-1.0	0.0	0.0	0.0	-1.0	0.0
04:48:14	283.1	168.5	153.7	176.0	141.9	125.9	121.9	-2.5	43.3	-0.1	-2.5	-2.5	176.0	121.9	-1.5	-2.6	148.0	148.9	115.2	115.2	114.6	115.8	101.5	283.0	57.0	0.0	80.0	80.0	44.0	0.0	0.0	65.3	-1.0	0.0	.Autoclave.Outputs.PRESSIP\OutputValue	8.0	54.1	-60.7	-1.0	0.0	-1.0	-1.0	-1.0	0.0	0.0	0.0	-1.0	-1.0	0.0	0.0	0.0	-1.0	0.0
04:49:14	284.1	166.0	151.5	173.9	139.4	124.3	120.4	-2.5	43.2	-0.1	-2.5	-2.5	173.9	120.4	-1.4	-2.6	145.9	147.1	114.1	114.1	113.6	114.8	101.5	284.0	58.0	0.0	80.0	80.0	44.0	0.0	0.0	66.1	-1.0	0.0	.Autoclave.Outputs.PRESSIP\OutputValue	8.0	53.5	-59.7	-1.0	0.0	-1.0	-1.0	-1.0	0.0	0.0	0.0	-1.0	-1.0	0.0	0.0	0.0	-1.0	0.0
04:50:14	285.1	163.9	149.0	171.6	137.5	122.7	119.1	-2.5	43.1	-0.1	-2.5	-2.5	171.6	119.1	-1.4	-2.5	144.0	145.3	113.3	113.3	112.7	113.9	101.4	285.0	59.0	0.0	80.0	80.0	44.0	0.0	0.0	67.2	-1.0	0.0	.Autoclave.Outputs.PRESSIP\OutputValue	8.0	52.5	-58.2	-1.0	0.0	-1.0	-1.0	-1.0	0.0	0.0	0.0	-1.0	-1.0	0.0	0.0	0.0	-1.0	0.0
04:51:14	286.1	161.6	147.1	169.3	135.7	121.3	118.1	-2.6	43.7	-0.1	-2.6	-2.6	169.3	118.1	-1.2	-2.3	142.2	143.7	112.7	112.5	111.9	113.3	101.3	286.0	60.0	0.0	80.0	80.0	44.0	0.0	0.0	61.9	-1.0	0.0	.Autoclave.Outputs.PRESSIP\OutputValue	8.0	51.2	-56.5	-1.0	0.0	-1.0	-1.0	-1.0	0.0	0.0	0.0	-1.0	-1.0	0.0	0.0	0.0	-1.0	0.0
04:52:14	287.1	159.5	145.4	167.5	133.8	120.1	116.8	-2.6	43.5	-0.1	-2.6	-2.6	167.5	116.8	-1.2	-2.1	140.5	142.1	111.7	111.8	110.9	112.6	101.3	287.0	61.0	0.0	80.0	80.0	44.0	0.0	0.0	62.9	-1.0	0.0	.Autoclave.Outputs.PRESSIP\OutputValue	8.0	50.7	-55.7	-1.0	0.0	-1.0	-1.0	-1.0	0.0	0.0	0.0	-1.0	-1.0	0.0	0.0	0.0	-1.0	0.0
04:53:14	288.1	157.5	143.2	165.3	131.9	118.8	115.7	-2.6	43.4	-0.1	-2.6	-2.6	165.3	115.7	-1.1	-2.1	138.7	140.5	110.6	110.6	109.8	111.6	101.3	288.0	62.0	0.0	80.0	80.0	44.0	0.0	0.0	63.6	-1.0	0.0	.Autoclave.Outputs.PRESSIP\OutputValue	8.0	49.6	-54.6	-1.0	0.0	-1.0	-1.0	-1.0	0.0	0.0	0.0	-1.0	-1.0	0.0	0.0	0.0	-1.0	0.0
04:54:14	289.1	155.7	141.1	163.4	130.1	117.2	114.5	-2.6	43.3	-0.1	-2.6	-2.6	163.4	114.5	-1.4	-1.9	137.0	138.9	109.9	109.9	109.2	111.0	101.2	289.0	63.0	0.0	80.0	80.0	44.0	0.0	0.0	64.4	-1.0	0.0	.Autoclave.Outputs.PRESSIP\OutputValue	8.0	48.9	-53.4	-1.0	0.0	-1.0	-1.0	-1.0	0.0	0.0	0.0	-1.0	-1.0	0.0	0.0	0.0	-1.0	0.0
04:55:14	290.1	153.6	139.6	161.6	128.4	116.4	113.4	-2.6	43.2	-0.1	-2.6	-2.6	161.6	113.4	-1.0	-2.0	135.5	137.5	109.1	109.1	108.3	110.4	101.2	290.0	64.0	0.0	80.0	80.0	44.0	0.0	0.0	65.5	-1.0	0.0	.Autoclave.Outputs.PRESSIP\OutputValue	8.0	48.2	-52.4	-1.0	0.0	-1.0	-1.0	-1.0	0.0	0.0	0.0	-1.0	-1.0	0.0	0.0	0.0	-1.0	0.0
04:56:14	291.1	151.8	137.9	160.3	126.9	115.2	112.3	-2.6	43.2	-0.2	-2.6	-2.6	160.3	112.3	-0.8	-1.9	134.1	136.3	108.5	108.4	107.7	109.7	101.0	291.0	65.0	0.0	80.0	80.0	44.0	0.0	0.0	66.1	-1.0	0.0	.Autoclave.Outputs.PRESSIP\OutputValue	8.0	48.0	-51.7	-1.0	0.0	-1.0	-1.0	-1.0	0.0	0.0	0.0	-1.0	-1.0	0.0	0.0	0.0	-1.0	0.0
04:57:14	292.0	150.2	136.5	158.2	125.3	114.1	111.3	-2.7	43.1	-0.1	-2.7	-2.7	158.2	111.3	-1.2	-1.9	132.6	134.7	107.8	107.8	107.0	109.0	101.2	292.0	66.0	0.0	80.0	80.0	44.0	0.0	0.0	67.0	-1.0	0.0	.Autoclave.Outputs.PRESSIP\OutputValue	8.0	46.9	-50.3	-1.0	0.0	-1.0	-1.0	-1.0	0.0	0.0	0.0	-1.0	-1.0	0.0	0.0	0.0	-1.0	0.0
04:58:14	293.1	148.6	134.7	156.3	123.9	113.3	110.5	-2.7	43.0	-0.2	-2.7	-2.7	156.3	110.5	-0.7	-2.2	131.2	133.4	107.3	107.3	106.6	108.4	101.1	293.0	67.0	0.0	80.0	80.0	44.0	0.0	0.0	67.6	-1.0	0.0	.Autoclave.Outputs.PRESSIP\OutputValue	8.0	45.8	-48.9	-1.0	0.0	-1.0	-1.0	-1.0	0.0	0.0	0.0	-1.0	-1.0	0.0	0.0	0.0	-1.0	0.0
04:59:14	294.1	146.8	133.3	154.4	122.7	112.6	110.3	-2.7	43.6	-0.2	-2.7	-2.7	154.4	110.3	-0.3	-1.7	130.0	132.3	106.8	106.7	106.0	108.1	101.1	294.0	68.0	0.0	80.0	80.0	44.0	0.0	0.0	62.1	-1.0	0.0	.Autoclave.Outputs.PRESSIP\OutputValue	8.0	44.1	-47.5	-1.0	0.0	-1.0	-1.0	-1.0	0.0	0.0	0.0	-1.0	-1.0	0.0	0.0	0.0	-1.0	0.0
05:00:14	295.0	145.3	132.0	152.9	121.4	111.6	109.2	-2.7	43.5	-0.1	-2.7	-2.7	152.9	109.2	-0.9	-1.6	128.7	131.0	106.0	106.1	105.4	107.4	101.0	295.0	69.0	0.0	80.0	80.0	44.0	0.0	0.0	63.1	-1.0	0.0	.Autoclave.Outputs.PRESSIP\OutputValue	8.0	43.7	-46.8	-1.0	0.0	-1.0	-1.0	-1.0	0.0	0.0	0.0	-1.0	-1.0	0.0	0.0	0.0	-1.0	0.0
05:01:14	296.1	143.5	130.5	151.1	120.2	110.9	108.6	-2.7	43.4	-0.2	-2.7	-2.7	151.1	108.6	-0.6	-1.9	127.5	129.8	105.6	105.6	105.0	107.0	101.1	296.0	70.0	0.0	80.0	80.0	44.0	0.0	0.0	63.8	-1.0	0.0	.Autoclave.Outputs.PRESSIP\OutputValue	8.0	42.5	-45.4	-1.0	0.0	-1.0	-1.0	-1.0	0.0	0.0	0.0	-1.0	-1.0	0.0	0.0	0.0	-1.0	0.0
05:02:14	297.1	142.0	129.4	150.0	118.9	110.0	107.9	-2.7	43.3	-0.2	-2.7	-2.7	150.0	107.9	-0.4	-1.7	126.4	128.9	105.2	105.2	104.5	106.6	101.0	297.0	71.0	0.0	80.0	80.0	44.0	0.0	0.0	64.4	-1.0	0.0	.Autoclave.Outputs.PRESSIP\OutputValue	8.0	42.1	-44.7	-1.0	0.0	-1.0	-1.0	-1.0	0.0	0.0	0.0	-1.0	-1.0	0.0	0.0	0.0	-1.0	0.0
05:03:14	298.1	140.5	128.0	148.3	117.7	109.2	107.1	-2.7	43.3	-0.2	-2.7	-2.7	148.3	107.1	-0.7	-1.6	125.1	127.7	104.6	104.6	104.0	105.9	100.9	298.0	72.0	0.0	80.0	80.0	44.0	0.0	0.0	64.8	-1.0	0.0	.Autoclave.Outputs.PRESSIP\OutputValue	8.0	41.2	-43.6	-1.0	0.0	-1.0	-1.0	-1.0	0.0	0.0	0.0	-1.0	-1.0	0.0	0.0	0.0	-1.0	0.0
05:03:32	298.4	140.1	127.7	148.0	117.3	109.1	106.9	-2.7	43.3	-0.2	-2.7	-2.7	148.0	106.9	-0.6	-1.7	124.8	127.4	104.6	104.4	103.8	105.9	100.9	298.3	72.3	0.0	80.0	80.0	44.0	0.0	0.0	65.1	-1.0	0.0	.Autoclave.Outputs.PRESSIP\OutputValue	8.0	41.1	-43.4	-1.0	0.0	-1.0	-1.0	-1.0	0.0	0.0	0.0	-1.0	-1.0	0.0	0.0	0.0	-1.0	0.0
05:04:14	299.1	138.9	126.6	146.6	116.3	108.3	105.7	-2.7	37.7	-0.2	-2.7	-2.7	146.6	105.7	-0.8	-1.9	123.7	126.1	101.5	101.5	100.9	102.4	100.2	299.0	0.7	0.0	80.0	80.0	36.9	0.0	0.0	50.4	-1.0	0.0	.Autoclave.Outputs.PRESSIP\OutputValue	7.3	40.9	-45.0	-1.0	0.0	-1.0	-1.0	-1.0	0.0	0.0	0.0	-1.0	-1.0	0.0	0.0	0.0	-1.0	0.0
05:05:14	300.1	137.6	125.2	145.0	114.7	106.7	104.0	-2.7	27.9	-0.2	-2.7	-2.7	145.0	104.0	-1.3	-1.9	122.2	124.5	97.8	97.9	97.3	99.4	99.4	300.0	1.7	0.0	80.0	80.0	26.9	0.0	0.0	46.7	-1.0	0.0	.Autoclave.Outputs.PRESSIP\OutputValue	6.1	41.0	-47.1	-1.0	0.0	-1.0	-1.0	-1.0	0.0	0.0	0.0	-1.0	-1.0	0.0	0.0	0.0	-1.0	0.0
05:06:14	301.1	136.3	124.1	144.0	113.4	105.7	102.4	-2.7	17.4	-0.2	-2.7	-2.7	144.0	102.4	-1.0	-1.4	121.0	123.2	95.0	95.0	94.2	96.2	98.6	301.0	2.7	0.0	80.0	80.0	16.9	0.0	0.0	50.4	-1.0	0.0	.Autoclave.Outputs.PRESSIP\OutputValue	4.7	41.6	-48.9	-1.0	0.0	-1.0	-1.0	-1.0	0.0	0.0	0.0	-1.0	-1.0	0.0	0.0	0.0	-1.0	0.0
05:07:14	302.1	135.5	122.9	143.6	112.6	104.5	101.2	-2.7	7.8	-0.2	-2.7	-2.7	143.6	101.2	-0.5	-1.2	120.1	122.4	91.7	91.7	91.1	93.4	97.7	302.0	3.7	0.0	80.0	80.0	6.9	0.0	0.0	44.4	-1.0	0.0	.Autoclave.Outputs.PRESSIP\OutputValue	3.1	42.4	-51.8	-1.0	0.0	-1.0	-1.0	-1.0	0.0	0.0	0.0	-1.0	-1.0	-1.0	0.0	0.0	-1.0	0.0
05:08:14	303.1	135.3	122.5	143.5	111.9	103.5	100.9	-2.8	1.5	-0.2	-2.8	-2.8	143.5	100.9	-0.1	-0.9	119.6	122.2	90.8	90.7	90.1	93.2	97.4	303.0	4.7	0.0	80.0	80.0	0.0	0.0	0.0	34.3	-1.0	0.0	.Autoclave.Outputs.PRESSIP\OutputValue	-0.5	42.6	-52.6	-1.0	0.0	-1.0	-1.0	-1.0	0.0	0.0	0.0	-1.0	-1.0	-1.0	0.0	0.0	-1.0	0.0
05:08:24	303.2	135.4	122.3	143.6	112.0	103.5	100.8	-2.8	1.0	-0.2	-2.8	-2.8	143.6	100.8	-0.1	-1.0	119.6	122.2	90.8	91.0	90.3	93.3	97.7	303.2	4.9	0.0	80.0	80.0	0.0	0.0	0.0	39.0	-1.0	0.0	.Autoclave.Outputs.PRESSIP\OutputValue	-0.8	42.8	-52.7	-1.0	0.0	-1.0	-1.0	-1.0	0.0	0.0	0.0	-1.0	-1.0	-1.0	0.0	0.0	-1.0	0.0
