

PART INFORMATION

PART INDEX #1
Part Number:	412-030-810-105
Serial Number:	22540069
Part Name:	
Part TCs:	PTC8	PTC9	PTC10	PTC11	PTC12	
Part Probes:	VPRB3	
Other Sensors:	

PART INDEX #2
Part Number:	VAC TEST
Serial Number:	VAC TEST
Part Name:	
Part TCs:	
Part Probes:	VPRB4	
Other Sensors:	

PART INDEX #3
Part Number:	TEST
Serial Number:	TEST
Part Name:	
Part TCs:	
Part Probes:	VPRB5	
Other Sensors:	

Time	Elapsed	PTC8	PTC9	PTC10	PTC11	PTC12	VPRB3	VPRB4	VPRB5	PRESS	SVAC	HIPRB	LOPRB	HITC	LOTC	HIRATE	LORATE	AVGTC	MEAN	AIRTC	AIRTC1	AIRTC2	HILIMTC	CAPSTC	RUNTIME	SEGTIME	SEGTIMELEFT	TSET_AIR	TSET_PART	PSET	TEMPOUT	TEMPINT	PRESSOUT	COOLIP	SCROUT	PRESSIP	PRESSINT	SPREAD	AIRPARTDELTA	CAPSFLOW	SILENCE	BARLOCK	HIPSI	FANON	HYDON	FANSTARTSTOPPB	HYDPMPSTARTSTOPPB	COOLCNTRLONOFFSW	PRESSCNTRLONOFFSW	PRESSDUMPSW	PCMANUALSW	HILIMIT	BLWRMTRHILIMIT	MANINSIDE
HH:MM:SS	Mins	Deg.F	Deg.F	Deg.F	Deg.F	Deg.F	"Hg	"Hg	"Hg	Psig	"Hg			Deg.F	Deg.F	Deg.F	Deg.F	Deg.F	Deg.F	Deg.F	Deg.F	Deg.F	Deg.F	Deg.F	Mins	Mins	Mins	Deg.F	Deg.F	Psig				%	%	%	%	Deg.F	Deg.F															
17:49:20	0.0	72.6	73.9	72.2	71.9	71.8	-28.1	-28.0	-27.2	0.0	-28.0	-27.2	-28.1	73.9	71.8	0.2	0.0	72.5	72.9	82.3	82.3	82.0	92.5	94.6	306.1	0.0	0.0	70.0	70.0	0.0	0.0	0.0	50.0	0.0	0.0	.Autoclave.Outputs.PRESSIP\OutputValue	8.0	2.1	8.4	-1.0	0.0	-1.0	-1.0	0.0	0.0	0.0	0.0	-1.0	-1.0	-1.0	0.0	0.0	-1.0	0.0
17:49:22	0.0	72.6	73.9	72.2	71.9	71.8	-28.1	-28.0	-27.2	0.0	-28.0	-27.2	-28.1	73.9	71.8	0.2	0.0	72.5	72.9	82.3	82.3	82.0	92.5	94.6	306.1	0.0	0.0	70.0	70.0	0.0	0.0	0.0	50.0	0.0	0.0	.Autoclave.Outputs.PRESSIP\OutputValue	8.0	2.1	8.4	-1.0	0.0	-1.0	-1.0	0.0	0.0	0.0	0.0	-1.0	-1.0	-1.0	0.0	0.0	-1.0	0.0
17:49:22	0.0	72.6	74.0	72.2	71.8	71.9	-28.1	-28.0	-27.3	0.0	-28.0	-27.3	-28.1	74.0	71.8	0.2	0.0	72.5	72.9	82.3	82.3	82.0	92.6	94.6	306.1	0.0	0.0	70.0	70.0	0.0	0.0	0.0	50.0	0.0	0.0	.Autoclave.Outputs.PRESSIP\OutputValue	8.0	2.2	8.4	-1.0	0.0	-1.0	-1.0	0.0	0.0	0.0	0.0	-1.0	-1.0	-1.0	0.0	0.0	-1.0	0.0
17:49:22	0.0	72.6	74.0	72.2	71.8	71.9	-28.1	-28.0	-27.3	0.0	-28.0	-27.3	-28.1	74.0	71.8	0.2	0.0	72.5	72.9	82.3	82.3	82.0	92.6	94.6	306.1	0.0	0.0	70.0	70.0	0.0	0.0	0.0	50.0	0.0	0.0	.Autoclave.Outputs.PRESSIP\OutputValue	8.0	2.2	8.3	-1.0	0.0	-1.0	-1.0	0.0	0.0	0.0	0.0	-1.0	-1.0	-1.0	0.0	0.0	-1.0	0.0
17:50:23	1.1	74.6	74.7	73.1	72.5	72.4	-28.2	-28.1	-27.5	1.3	-28.0	-27.5	-28.2	74.7	72.4	1.9	0.5	73.5	73.6	83.9	83.9	83.6	88.9	92.6	1.0	1.0	0.0	82.1	78.5	1.5	36.1	-0.4	60.1	-1.0	0.0	.Autoclave.Outputs.PRESSIP\OutputValue	8.0	2.3	9.2	-1.0	0.0	-1.0	-1.0	-1.0	0.0	0.0	0.0	-1.0	-1.0	0.0	0.0	0.0	-1.0	0.0
17:51:23	2.0	76.6	75.9	74.0	73.3	73.2	-28.1	-28.1	-27.6	2.9	-28.1	-27.6	-28.1	76.6	73.2	1.9	0.5	74.6	74.9	87.9	87.9	87.7	102.5	92.4	2.0	2.0	0.0	89.4	83.0	3.0	56.9	-0.3	59.7	0.0	13.9	.Autoclave.Outputs.PRESSIP\OutputValue	8.0	3.4	11.3	-1.0	0.0	-1.0	-1.0	-1.0	0.0	0.0	0.0	-1.0	-1.0	0.0	0.0	0.0	-1.0	0.0
17:52:22	3.0	79.4	77.6	75.2	74.3	74.1	-28.1	-28.0	-27.6	3.9	-28.1	-27.6	-28.1	79.4	74.1	2.8	1.0	76.1	76.8	93.8	93.8	93.5	106.8	92.3	3.0	3.0	0.0	95.6	87.5	4.5	59.5	-0.1	63.7	0.0	19.1	.Autoclave.Outputs.PRESSIP\OutputValue	8.0	5.3	14.4	-1.0	0.0	-1.0	-1.0	-1.0	0.0	0.0	0.0	-1.0	-1.0	0.0	0.0	0.0	-1.0	0.0
17:53:22	4.0	82.3	80.1	76.5	75.6	75.2	-28.1	-28.0	-27.6	5.0	-28.1	-27.6	-28.1	82.3	75.2	3.0	1.0	77.9	78.8	99.7	99.7	99.5	112.5	92.5	4.0	4.0	0.0	101.7	92.0	6.0	60.2	0.0	62.5	0.0	20.5	.Autoclave.Outputs.PRESSIP\OutputValue	8.0	7.1	17.5	-1.0	0.0	-1.0	-1.0	-1.0	0.0	0.0	0.0	-1.0	-1.0	0.0	0.0	0.0	-1.0	0.0
17:54:23	5.0	85.5	82.8	78.1	77.2	76.3	-28.2	-28.0	-27.4	7.0	-28.0	-27.4	-28.2	85.5	76.3	3.3	1.5	80.0	80.9	105.9	105.9	105.3	118.0	92.6	5.0	5.0	0.0	107.5	96.5	7.5	59.3	0.2	62.5	0.0	18.6	.Autoclave.Outputs.PRESSIP\OutputValue	8.0	9.2	20.5	-1.0	0.0	-1.0	-1.0	-1.0	0.0	0.0	0.0	-1.0	-1.0	0.0	0.0	0.0	-1.0	0.0
17:55:22	6.0	88.9	85.7	79.7	78.9	78.4	-28.1	-28.0	-27.4	8.1	-28.1	-27.4	-28.1	88.9	78.4	3.4	1.6	82.3	83.7	111.5	111.5	111.2	124.8	92.7	6.0	6.0	0.0	113.0	101.0	9.0	59.3	0.4	66.5	0.0	18.7	.Autoclave.Outputs.PRESSIP\OutputValue	8.0	10.5	22.7	-1.0	0.0	-1.0	-1.0	-1.0	0.0	0.0	0.0	-1.0	-1.0	0.0	0.0	0.0	-1.0	0.0
17:56:07	6.8	91.5	87.8	81.1	80.4	79.7	-28.2	-28.1	-27.3	10.0	-28.1	-27.3	-28.2	91.5	79.7	3.5	1.8	84.1	85.6	115.3	115.4	115.0	129.3	92.7	6.8	6.7	0.0	117.0	104.2	10.1	58.6	0.5	59.8	0.0	17.2	.Autoclave.Outputs.PRESSIP\OutputValue	8.0	11.8	24.0	-1.0	0.0	-1.0	-1.0	-1.0	0.0	0.0	0.0	-1.0	-1.0	0.0	0.0	0.0	-1.0	0.0
17:56:23	7.1	92.5	88.8	81.6	80.9	80.1	-28.1	-28.0	-27.3	10.0	-28.1	-27.3	-28.1	92.5	80.1	3.6	1.9	84.8	86.3	116.7	116.7	116.4	129.5	92.8	7.0	0.3	0.0	118.6	105.5	10.5	60.4	0.5	62.9	0.0	20.7	.Autoclave.Outputs.PRESSIP\OutputValue	8.0	12.4	24.3	-1.0	0.0	-1.0	-1.0	-1.0	0.0	0.0	0.0	-1.0	-1.0	0.0	0.0	0.0	-1.0	0.0
17:57:23	8.0	96.2	92.0	83.7	83.1	82.3	-27.0	-26.7	-27.0	11.8	-26.3	-26.7	-27.0	96.2	82.3	3.8	2.1	87.5	89.3	122.1	122.1	121.7	137.2	93.0	8.0	1.3	0.0	123.7	110.0	12.0	59.7	0.0	59.4	0.0	19.4	.Autoclave.Outputs.PRESSIP\OutputValue	8.0	13.9	26.0	-1.0	0.0	-1.0	-1.0	-1.0	0.0	0.0	0.0	-1.0	-1.0	0.0	0.0	0.0	-1.0	0.0
17:58:22	9.0	101.5	95.9	86.8	86.1	84.9	-21.8	-21.5	-23.4	12.9	-21.3	-21.5	-23.4	95.9	84.9	3.8	2.4	88.4	90.4	131.2	131.2	130.7	141.1	93.1	9.0	2.3	0.0	133.0	114.5	13.5	61.0	0.3	63.8	0.0	22.1	.Autoclave.Outputs.PRESSIP\OutputValue	8.0	11.0	35.3	-1.0	0.0	-1.0	-1.0	-1.0	0.0	0.0	0.0	-1.0	-1.0	0.0	0.0	0.0	-1.0	0.0
17:59:23	10.1	105.3	99.8	89.2	89.0	87.8	-16.4	-16.3	-17.2	15.0	-16.0	-16.3	-17.2	99.8	87.8	4.1	2.7	91.5	93.8	136.6	136.6	136.3	149.0	93.2	10.0	3.3	0.0	138.2	119.0	15.0	59.4	0.5	58.4	0.0	18.9	.Autoclave.Outputs.PRESSIP\OutputValue	8.0	12.0	36.8	-1.0	0.0	-1.0	-1.0	-1.0	0.0	0.0	0.0	-1.0	-1.0	0.0	0.0	0.0	-1.0	0.0
18:00:23	11.0	108.5	103.7	92.1	92.1	90.7	-11.3	-11.1	-11.7	15.8	-10.9	-11.1	-11.7	103.7	90.7	3.9	2.7	94.7	97.2	140.5	140.7	140.3	155.2	93.1	11.0	4.3	0.0	143.3	123.5	16.5	67.3	0.7	66.9	0.0	34.5	.Autoclave.Outputs.PRESSIP\OutputValue	8.0	12.9	36.8	-1.0	0.0	-1.0	-1.0	-1.0	0.0	0.0	0.0	-1.0	-1.0	0.0	0.0	0.0	-1.0	0.0
18:01:22	12.0	0.0	107.6	94.9	95.2	93.7	-6.6	-6.5	-6.9	17.4	-6.4	-6.5	-6.9	107.6	93.7	4.3	3.0	97.9	100.7	146.0	146.0	145.7	158.8	93.4	12.0	5.3	0.0	148.2	127.9	18.0	62.8	0.9	63.3	0.0	25.6	.Autoclave.Outputs.PRESSIP\OutputValue	8.0	13.8	38.4	-1.0	0.0	-1.0	-1.0	-1.0	0.0	0.0	0.0	-1.0	-1.0	0.0	0.0	0.0	-1.0	0.0
18:02:23	13.1	118.3	111.9	98.3	98.8	97.3	-3.3	-3.2	-3.3	19.0	-3.0	-3.2	-3.3	111.9	97.3	4.0	3.2	101.6	104.6	151.3	151.4	151.0	164.8	93.5	13.0	6.3	0.0	153.0	132.5	19.5	61.2	1.1	61.3	0.0	22.4	.Autoclave.Outputs.PRESSIP\OutputValue	8.0	14.5	39.4	-1.0	0.0	-1.0	-1.0	-1.0	0.0	0.0	0.0	-1.0	-1.0	0.0	0.0	0.0	-1.0	0.0
18:03:23	14.1	122.7	115.8	101.4	102.2	100.7	-1.7	-1.6	-1.6	20.3	-1.5	-1.6	-1.7	115.8	100.7	4.1	3.3	105.0	108.3	156.2	156.2	155.8	169.9	93.5	14.0	7.3	0.0	158.1	137.0	21.0	62.2	1.3	65.2	0.0	24.3	.Autoclave.Outputs.PRESSIP\OutputValue	8.0	15.0	40.4	-1.0	0.0	-1.0	-1.0	-1.0	0.0	0.0	0.0	-1.0	-1.0	0.0	0.0	0.0	-1.0	0.0
18:04:22	15.0	127.4	120.0	105.0	106.0	103.8	-0.9	-0.8	-0.7	22.1	-0.7	-0.7	-0.9	120.0	103.8	4.2	3.5	108.7	111.9	161.2	161.2	160.8	174.8	93.7	15.0	8.3	0.0	162.8	141.5	22.5	60.9	1.5	61.9	0.0	21.8	.Autoclave.Outputs.PRESSIP\OutputValue	8.0	16.1	41.2	-1.0	0.0	-1.0	-1.0	-1.0	0.0	0.0	0.0	-1.0	-1.0	0.0	0.0	0.0	-1.0	0.0
18:05:22	16.0	131.9	124.2	108.6	109.9	107.9	-0.4	-0.3	-0.3	23.2	-0.2	-0.3	-0.4	124.2	107.9	4.3	3.7	112.7	116.1	165.2	165.2	164.8	179.8	93.7	16.0	9.3	0.0	167.8	146.0	24.0	66.4	1.7	65.8	0.0	32.8	.Autoclave.Outputs.PRESSIP\OutputValue	8.0	16.2	41.0	-1.0	0.0	-1.0	-1.0	-1.0	0.0	0.0	0.0	-1.0	-1.0	0.0	0.0	0.0	-1.0	0.0
18:06:22	17.0	136.6	128.5	112.2	113.8	112.2	-0.2	-0.1	0.0	24.6	0.0	0.0	-0.2	128.5	112.2	4.2	3.8	116.7	120.3	170.4	170.6	170.2	185.4	93.8	17.0	10.3	0.0	172.5	150.5	25.5	64.6	1.9	67.1	0.0	29.2	.Autoclave.Outputs.PRESSIP\OutputValue	8.0	16.3	41.9	-1.0	0.0	-1.0	-1.0	-1.0	0.0	0.0	0.0	-1.0	-1.0	0.0	0.0	0.0	-1.0	0.0
18:07:22	18.0	141.4	132.8	116.4	117.9	116.2	0.0	0.0	0.1	26.7	0.1	0.1	0.0	132.8	116.2	4.4	4.0	120.8	124.5	175.1	175.2	174.9	188.7	94.0	18.0	11.3	0.0	177.2	155.0	27.0	64.1	2.1	60.4	0.0	28.3	.Autoclave.Outputs.PRESSIP\OutputValue	8.0	16.5	42.3	-1.0	0.0	-1.0	-1.0	-1.0	0.0	0.0	0.0	-1.0	-1.0	0.0	0.0	0.0	-1.0	0.0
18:08:23	19.1	146.1	137.3	120.5	122.3	120.5	0.1	0.1	0.1	27.8	0.1	0.1	0.1	137.3	120.5	4.6	4.1	125.2	128.9	179.9	179.9	179.4	191.6	94.1	19.0	12.3	0.0	181.7	159.5	28.5	62.5	2.2	64.5	0.0	25.0	.Autoclave.Outputs.PRESSIP\OutputValue	8.0	16.7	42.6	-1.0	0.0	-1.0	-1.0	-1.0	0.0	0.0	0.0	-1.0	-1.0	0.0	0.0	0.0	-1.0	0.0
18:09:23	20.1	150.9	141.7	125.0	126.8	125.1	0.1	0.1	0.2	29.3	0.1	0.2	0.1	141.7	125.0	4.9	4.1	129.6	133.3	184.1	184.1	183.8	199.2	94.2	20.0	13.3	0.0	186.3	164.0	30.0	65.8	2.5	64.6	0.0	31.7	.Autoclave.Outputs.PRESSIP\OutputValue	8.0	16.6	42.4	-1.0	0.0	-1.0	-1.0	-1.0	0.0	0.0	0.0	-1.0	-1.0	0.0	0.0	0.0	-1.0	0.0
18:10:23	21.0	155.6	146.0	129.5	131.4	129.8	0.1	0.1	0.2	30.7	0.1	0.2	0.1	146.0	129.5	5.1	4.5	134.2	137.7	189.0	189.0	188.6	202.8	94.2	21.0	14.3	0.0	190.9	168.5	31.5	63.4	2.6	65.7	0.0	26.9	.Autoclave.Outputs.PRESSIP\OutputValue	8.0	16.4	43.0	-1.0	0.0	-1.0	-1.0	-1.0	0.0	0.0	0.0	-1.0	-1.0	0.0	0.0	0.0	-1.0	0.0
18:11:22	22.0	160.3	150.4	134.3	136.0	134.4	0.1	0.1	0.2	32.7	0.1	0.2	0.1	150.4	134.3	4.9	4.6	138.8	142.3	193.8	193.8	193.5	207.1	94.2	22.0	15.3	0.0	195.4	173.0	33.0	62.8	2.8	61.6	0.0	25.7	.Autoclave.Outputs.PRESSIP\OutputValue	8.0	16.0	43.4	-1.0	0.0	-1.0	-1.0	-1.0	0.0	0.0	0.0	-1.0	-1.0	0.0	0.0	0.0	-1.0	0.0
18:12:23	23.1	164.6	154.8	139.2	140.6	138.9	0.0	0.0	0.2	33.9	0.1	0.2	0.0	154.8	138.9	5.3	4.5	143.4	146.8	197.8	197.8	197.5	212.4	94.4	23.0	16.3	0.0	200.2	177.5	34.5	66.6	3.0	64.3	0.0	33.1	.Autoclave.Outputs.PRESSIP\OutputValue	8.0	15.9	43.0	-1.0	0.0	-1.0	-1.0	-1.0	0.0	0.0	0.0	-1.0	-1.0	0.0	0.0	0.0	-1.0	0.0
18:13:23	24.0	169.2	159.2	144.3	145.2	144.1	0.1	0.1	0.1	35.4	0.1	0.1	0.1	159.2	144.1	5.3	4.5	148.2	151.6	202.7	202.7	202.4	215.8	94.4	24.0	17.3	0.0	204.8	182.0	36.0	65.4	3.2	63.6	0.0	30.7	.Autoclave.Outputs.PRESSIP\OutputValue	8.0	15.1	43.5	-1.0	0.0	-1.0	-1.0	-1.0	0.0	0.0	0.0	-1.0	-1.0	0.0	0.0	0.0	-1.0	0.0
18:14:22	25.0	173.9	163.9	149.9	150.2	149.3	0.0	0.1	0.2	36.6	0.1	0.2	0.0	163.9	149.3	6.0	4.6	153.3	156.6	206.9	207.1	206.7	221.1	94.6	25.0	18.3	0.0	209.0	186.5	37.5	66.7	3.4	66.9	0.0	33.5	.Autoclave.Outputs.PRESSIP\OutputValue	8.0	14.6	43.0	-1.0	0.0	-1.0	-1.0	-1.0	0.0	0.0	0.0	-1.0	-1.0	0.0	0.0	0.0	-1.0	0.0
18:15:23	26.1	178.6	168.5	155.3	155.3	154.5	0.1	0.1	0.2	38.5	0.1	0.2	0.1	168.5	154.5	5.8	4.5	158.4	161.5	212.4	212.2	212.0	223.9	94.8	26.0	19.3	0.0	213.4	191.0	39.0	59.8	3.6	64.1	0.0	19.7	.Autoclave.Outputs.PRESSIP\OutputValue	8.0	14.0	43.9	-1.0	0.0	-1.0	-1.0	-1.0	0.0	0.0	0.0	-1.0	-1.0	0.0	0.0	0.0	-1.0	0.0
18:16:23	27.0	182.9	173.2	160.8	160.0	159.8	0.1	0.0	0.2	40.2	0.1	0.2	0.0	173.2	159.8	5.8	4.7	163.4	166.5	215.8	215.8	215.4	228.8	94.8	27.0	20.3	0.0	218.1	195.5	40.5	67.3	3.8	61.0	0.0	34.6	.Autoclave.Outputs.PRESSIP\OutputValue	8.0	13.4	42.6	-1.0	0.0	-1.0	-1.0	-1.0	0.0	0.0	0.0	-1.0	-1.0	0.0	0.0	0.0	-1.0	0.0
18:17:22	28.0	187.0	177.6	166.5	165.2	165.1	0.1	0.1	0.2	41.9	0.1	0.2	0.1	177.6	165.1	6.1	4.7	168.6	171.3	221.0	221.0	220.7	233.7	95.1	28.0	21.3	0.0	222.4	200.0	42.0	61.2	4.0	58.6	0.0	22.4	.Autoclave.Outputs.PRESSIP\OutputValue	8.0	12.5	43.4	-1.0	0.0	-1.0	-1.0	-1.0	0.0	0.0	0.0	-1.0	-1.0	0.0	0.0	0.0	-1.0	0.0
18:17:40	28.3	188.1	178.9	168.2	166.3	166.7	0.1	0.0	0.2	42.1	0.1	0.2	0.0	178.9	166.3	6.0	4.6	170.0	172.6	221.4	221.4	221.0	234.6	94.9	28.3	21.6	0.0	223.6	201.2	42.4	67.6	4.0	65.7	0.0	35.2	.Autoclave.Outputs.PRESSIP\OutputValue	8.0	12.6	42.5	-1.0	0.0	-1.0	-1.0	-1.0	0.0	0.0	0.0	-1.0	-1.0	0.0	0.0	0.0	-1.0	0.0
18:18:22	29.0	191.3	182.3	172.5	170.5	170.7	0.0	0.1	0.2	42.8	0.1	0.2	0.0	182.3	170.5	5.9	4.6	174.0	176.4	225.2	225.2	224.8	237.3	94.9	29.0	0.7	0.0	226.8	204.5	43.5	63.4	4.2	65.3	0.0	26.9	.Autoclave.Outputs.PRESSIP\OutputValue	8.0	11.8	42.9	-1.0	0.0	-1.0	-1.0	-1.0	0.0	0.0	0.0	-1.0	-1.0	0.0	0.0	0.0	-1.0	0.0
18:19:23	30.1	195.8	186.8	178.3	175.7	177.2	0.1	0.0	0.2	43.3	0.1	0.2	0.0	186.8	175.7	6.0	4.6	179.5	181.2	229.6	229.5	229.1	241.8	94.9	30.0	1.7	0.0	231.2	209.0	44.0	63.7	4.4	65.0	0.0	27.5	.Autoclave.Outputs.PRESSIP\OutputValue	8.0	11.1	42.8	-1.0	0.0	-1.0	-1.0	-1.0	0.0	0.0	0.0	-1.0	-1.0	0.0	0.0	0.0	-1.0	0.0
18:20:22	31.0	200.6	191.2	184.0	180.1	182.3	0.1	0.1	0.2	43.8	0.1	0.2	0.1	191.2	180.1	6.2	5.0	184.4	185.6	234.3	234.5	234.0	246.6	95.1	31.0	2.7	0.0	235.8	213.5	44.0	62.4	4.6	58.7	0.0	24.9	.Autoclave.Outputs.PRESSIP\OutputValue	8.0	11.1	43.2	-1.0	0.0	-1.0	-1.0	-1.0	0.0	0.0	0.0	-1.0	-1.0	0.0	0.0	0.0	-1.0	0.0
18:21:23	32.1	205.4	195.8	189.1	185.8	187.6	0.1	0.1	0.2	44.1	0.1	0.2	0.1	195.8	185.8	5.5	4.2	189.6	190.8	238.3	238.3	237.9	251.6	95.1	32.0	3.7	0.0	240.0	218.0	44.0	63.6	4.8	57.2	0.0	27.2	.Autoclave.Outputs.PRESSIP\OutputValue	7.8	10.0	42.6	-1.0	0.0	-1.0	-1.0	-1.0	0.0	0.0	0.0	-1.0	-1.0	0.0	0.0	0.0	-1.0	0.0
18:22:22	33.0	210.3	200.6	194.3	191.1	192.9	0.1	0.1	0.2	44.9	0.1	0.2	0.1	200.6	191.1	5.8	4.7	194.7	195.8	242.9	242.9	242.4	256.2	95.2	33.0	4.7	0.0	244.5	222.5	44.0	64.2	4.9	48.3	0.0	28.4	.Autoclave.Outputs.PRESSIP\OutputValue	7.0	9.5	42.4	-1.0	0.0	-1.0	-1.0	-1.0	0.0	0.0	0.0	-1.0	-1.0	0.0	0.0	0.0	-1.0	0.0
18:23:22	34.0	215.2	204.6	199.3	196.3	198.0	0.1	0.1	0.2	43.8	0.1	0.2	0.1	204.6	196.3	4.9	4.3	199.5	200.4	247.7	247.7	247.3	262.0	95.0	34.0	5.7	0.0	249.2	227.0	44.0	64.4	5.1	57.9	0.0	28.8	.Autoclave.Outputs.PRESSIP\OutputValue	6.6	8.3	43.2	-1.0	0.0	-1.0	-1.0	-1.0	0.0	0.0	0.0	-1.0	-1.0	0.0	0.0	0.0	-1.0	0.0
18:24:22	35.0	220.0	209.1	203.9	200.7	203.2	0.1	0.1	0.2	44.0	0.1	0.2	0.1	209.1	200.7	5.6	4.7	204.2	204.9	251.9	252.1	251.7	265.4	95.1	35.0	6.7	0.0	253.9	231.5	44.0	65.8	5.3	56.4	0.0	31.5	.Autoclave.Outputs.PRESSIP\OutputValue	6.6	8.4	42.9	-1.0	0.0	-1.0	-1.0	-1.0	0.0	0.0	0.0	-1.0	-1.0	0.0	0.0	0.0	-1.0	0.0
18:25:22	36.0	224.8	213.4	209.1	205.6	208.3	0.1	0.1	0.2	44.6	0.1	0.2	0.1	213.4	205.6	5.5	4.0	209.1	209.5	256.7	256.7	256.3	269.9	94.9	36.0	7.7	0.0	258.8	236.0	44.0	66.7	5.5	49.7	0.0	33.4	.Autoclave.Outputs.PRESSIP\OutputValue	5.9	7.8	43.4	-1.0	0.0	-1.0	-1.0	-1.0	0.0	0.0	0.0	-1.0	-1.0	0.0	0.0	0.0	-1.0	0.0
18:26:23	37.0	229.8	217.6	213.9	210.7	213.6	0.1	0.1	0.2	44.0	0.1	0.2	0.1	217.6	210.7	5.4	4.3	214.0	214.2	261.0	261.2	260.7	277.4	94.8	37.0	8.7	0.0	263.4	240.5	44.0	70.4	5.7	55.1	0.0	40.8	.Autoclave.Outputs.PRESSIP\OutputValue	5.3	7.0	43.4	-1.0	0.0	-1.0	-1.0	-1.0	0.0	0.0	0.0	-1.0	-1.0	0.0	0.0	0.0	-1.0	0.0
18:27:23	38.0	234.7	221.9	219.5	215.7	218.4	0.1	0.1	0.2	44.1	0.1	0.2	0.1	221.9	215.7	6.3	4.7	218.9	218.8	265.8	265.8	265.5	279.5	94.9	38.0	9.7	0.0	267.8	245.0	44.0	65.8	5.9	58.2	0.0	31.6	.Autoclave.Outputs.PRESSIP\OutputValue	5.8	6.2	43.9	-1.0	0.0	-1.0	-1.0	-1.0	0.0	0.0	0.0	-1.0	-1.0	0.0	0.0	0.0	-1.0	0.0
18:28:23	39.1	239.7	226.7	224.2	220.7	223.3	0.0	0.1	0.2	44.4	0.1	0.2	0.0	226.7	220.7	5.2	3.5	223.7	223.7	270.4	270.4	270.1	283.6	94.9	39.0	10.7	0.0	272.4	249.5	44.0	66.0	6.1	51.4	0.0	32.1	.Autoclave.Outputs.PRESSIP\OutputValue	5.5	6.0	43.7	-1.0	0.0	-1.0	-1.0	-1.0	0.0	0.0	0.0	-1.0	-1.0	0.0	0.0	0.0	-1.0	0.0
18:29:23	40.0	244.9	231.0	228.7	226.0	227.8	0.1	0.1	0.2	44.2	0.1	0.2	0.1	231.0	226.0	6.0	4.3	228.4	228.5	275.4	275.4	275.1	288.0	94.9	40.0	11.7	0.0	276.9	254.0	44.0	63.5	6.2	52.2	0.0	26.9	.Autoclave.Outputs.PRESSIP\OutputValue	4.7	5.0	44.4	-1.0	0.0	-1.0	-1.0	-1.0	0.0	0.0	0.0	-1.0	-1.0	0.0	0.0	0.0	-1.0	0.0
18:30:23	41.0	249.6	235.6	233.3	229.8	233.0	0.1	0.1	0.3	44.5	0.1	0.3	0.1	235.6	229.8	5.1	4.6	232.9	232.7	279.5	279.5	279.1	294.7	94.9	41.0	12.7	0.0	281.5	258.5	44.0	67.8	6.4	48.8	0.0	35.6	.Autoclave.Outputs.PRESSIP\OutputValue	3.7	5.8	43.9	-1.0	0.0	-1.0	-1.0	-1.0	0.0	0.0	0.0	-1.0	-1.0	0.0	0.0	0.0	-1.0	0.0
18:31:23	42.1	251.6	238.9	231.7	233.2	234.7	0.1	0.1	0.2	44.6	0.1	0.2	0.1	251.6	231.7	3.3	-1.2	238.0	241.6	263.8	263.8	263.3	268.3	95.1	42.0	13.7	0.0	274.8	263.0	44.0	100.0	0.0	48.0	0.0	100.0	.Autoclave.Outputs.PRESSIP\OutputValue	3.8	20.0	12.2	-1.0	0.0	-1.0	-1.0	-1.0	0.0	0.0	0.0	-1.0	-1.0	0.0	0.0	0.0	-1.0	0.0
18:32:23	43.0	252.7	240.9	238.5	236.9	238.3	0.1	0.1	0.3	44.7	0.1	0.3	0.1	252.7	236.9	6.3	0.9	241.5	244.8	278.5	278.5	278.3	297.4	95.0	43.0	14.7	0.0	282.2	267.5	44.0	72.9	0.2	46.3	0.0	45.9	.Autoclave.Outputs.PRESSIP\OutputValue	3.1	15.8	25.8	-1.0	0.0	-1.0	-1.0	-1.0	0.0	0.0	0.0	-1.0	-1.0	0.0	0.0	0.0	-1.0	0.0
18:33:22	44.0	257.9	245.1	243.3	241.5	242.9	0.1	0.1	0.3	44.9	0.1	0.3	0.1	257.9	241.5	5.5	3.5	246.2	249.7	282.9	282.9	282.5	296.2	94.9	44.0	15.7	0.0	286.0	272.0	44.0	67.6	0.4	42.3	0.0	35.3	.Autoclave.Outputs.PRESSIP\OutputValue	1.7	16.4	25.0	-1.0	0.0	-1.0	-1.0	-1.0	0.0	0.0	0.0	-1.0	-1.0	0.0	0.0	0.0	-1.0	0.0
18:34:23	45.1	262.3	248.9	247.9	245.9	247.1	0.1	0.1	0.3	43.8	0.1	0.3	0.1	262.3	245.9	4.7	3.9	250.4	254.1	288.1	288.1	287.7	300.4	94.8	45.0	16.7	0.0	290.3	276.5	44.0	64.8	0.7	53.5	0.0	29.7	.Autoclave.Outputs.PRESSIP\OutputValue	1.8	16.4	25.8	-1.0	0.0	-1.0	-1.0	-1.0	0.0	0.0	0.0	-1.0	-1.0	0.0	0.0	0.0	-1.0	0.0
18:35:23	46.1	267.0	252.8	251.8	249.3	251.5	0.1	0.1	0.3	44.2	0.1	0.3	0.1	267.0	249.3	4.6	4.0	254.5	258.2	292.2	292.3	292.0	305.9	94.9	46.0	17.7	0.0	295.1	281.0	44.0	69.1	1.0	48.9	0.0	38.2	.Autoclave.Outputs.PRESSIP\OutputValue	1.8	17.7	25.2	-1.0	0.0	-1.0	-1.0	-1.0	0.0	0.0	0.0	-1.0	-1.0	0.0	0.0	0.0	-1.0	0.0
18:36:23	47.0	270.9	257.0	256.9	254.0	256.6	0.1	0.1	0.3	44.3	0.1	0.3	0.1	270.9	254.0	4.9	3.6	259.1	262.5	297.2	297.2	296.9	311.2	95.0	47.0	18.7	0.0	300.1	285.5	44.0	68.6	1.2	48.4	0.0	37.3	.Autoclave.Outputs.PRESSIP\OutputValue	1.1	16.9	26.3	-1.0	0.0	-1.0	-1.0	-1.0	0.0	0.0	0.0	-1.0	-1.0	0.0	0.0	0.0	-1.0	0.0
18:37:23	48.1	275.7	261.2	260.7	258.9	260.4	0.1	0.1	0.3	44.2	0.1	0.3	0.1	275.7	258.9	4.4	3.9	263.4	267.3	301.4	301.4	301.1	316.4	94.9	48.0	19.7	0.0	304.4	290.0	44.0	70.2	1.5	47.9	0.0	40.3	.Autoclave.Outputs.PRESSIP\OutputValue	-0.2	16.8	25.7	-1.0	0.0	-1.0	-1.0	-1.0	0.0	0.0	0.0	-1.0	-1.0	0.0	0.0	0.0	-1.0	0.0
18:38:23	49.1	279.6	265.8	265.2	263.3	264.7	0.1	0.1	0.3	45.1	0.1	0.3	0.1	279.6	263.3	4.7	4.3	267.7	271.5	306.5	306.5	306.1	320.8	95.1	49.0	20.7	0.0	309.4	294.5	44.0	67.8	1.8	43.5	0.0	35.6	.Autoclave.Outputs.PRESSIP\OutputValue	-1.4	16.3	26.9	-1.0	0.0	-1.0	-1.0	-1.0	0.0	0.0	0.0	-1.0	-1.0	0.0	0.0	0.0	-1.0	0.0
18:39:23	50.0	283.8	270.2	269.7	267.4	268.8	0.1	0.1	0.3	43.6	0.1	0.3	0.1	283.8	267.4	5.5	4.3	272.0	275.6	311.1	311.3	310.7	325.5	95.0	50.0	21.7	0.0	313.8	299.0	44.0	66.6	2.0	53.6	0.0	33.2	.Autoclave.Outputs.PRESSIP\OutputValue	-0.8	16.4	27.2	-1.0	0.0	-1.0	-1.0	-1.0	0.0	0.0	0.0	-1.0	-1.0	0.0	0.0	0.0	-1.0	0.0
18:40:23	51.0	288.2	274.6	274.1	271.9	272.9	0.0	0.1	0.3	44.0	0.1	0.3	0.0	288.2	271.9	4.6	3.9	276.4	280.1	315.7	315.7	315.2	330.1	95.1	51.0	22.7	0.0	318.2	303.5	44.0	67.5	2.3	49.4	0.0	35.1	.Autoclave.Outputs.PRESSIP\OutputValue	-0.7	16.3	27.4	-1.0	0.0	-1.0	-1.0	-1.0	0.0	0.0	0.0	-1.0	-1.0	0.0	0.0	0.0	-1.0	0.0
18:41:23	52.1	292.9	279.0	279.2	275.8	277.4	0.1	0.2	0.4	44.5	0.1	0.4	0.1	292.9	275.8	5.3	4.5	280.9	284.4	320.6	320.7	320.2	335.2	95.1	52.0	23.7	0.0	322.9	308.0	44.0	68.5	2.5	43.9	0.0	37.0	.Autoclave.Outputs.PRESSIP\OutputValue	-1.4	17.1	27.6	-1.0	0.0	-1.0	-1.0	-1.0	0.0	0.0	0.0	-1.0	-1.0	0.0	0.0	0.0	-1.0	0.0
18:42:23	53.0	297.5	283.6	283.4	281.0	282.1	0.1	0.1	0.4	44.6	0.1	0.4	0.1	297.5	281.0	4.6	4.1	285.5	289.3	325.1	325.2	324.8	339.0	95.0	53.0	24.7	0.0	327.8	312.5	44.0	66.0	2.8	41.1	0.0	31.9	.Autoclave.Outputs.PRESSIP\OutputValue	-2.7	16.5	27.5	-1.0	0.0	-1.0	-1.0	-1.0	0.0	0.0	0.0	-1.0	-1.0	0.0	0.0	0.0	-1.0	0.0
18:43:23	54.0	301.9	288.0	288.0	285.3	286.3	0.1	0.1	0.4	44.5	0.1	0.4	0.1	301.9	285.3	5.1	4.6	289.9	293.6	329.8	329.8	329.4	343.5	95.0	54.0	25.7	0.0	332.1	317.0	44.0	66.9	3.0	41.2	0.0	33.9	.Autoclave.Outputs.PRESSIP\OutputValue	-3.6	16.6	27.8	-1.0	0.0	-1.0	-1.0	-1.0	0.0	0.0	0.0	-1.0	-1.0	0.0	0.0	0.0	-1.0	0.0
18:44:22	55.0	306.2	292.5	292.5	289.9	290.6	0.1	0.1	0.4	43.9	0.1	0.4	0.1	306.2	289.9	4.7	4.3	294.4	298.1	334.8	335.0	334.4	349.1	95.0	55.0	26.7	0.0	336.7	321.5	44.0	64.4	3.3	47.2	0.0	28.7	.Autoclave.Outputs.PRESSIP\OutputValue	-4.1	16.3	28.5	-1.0	0.0	-1.0	-1.0	-1.0	0.0	0.0	0.0	-1.0	-1.0	0.0	0.0	0.0	-1.0	0.0
18:45:23	56.0	310.7	297.0	297.1	294.4	295.3	0.1	0.1	0.5	44.2	0.1	0.5	0.1	310.7	294.4	5.3	4.3	298.9	302.6	338.9	338.9	338.5	354.1	95.1	56.0	27.7	0.0	341.3	326.0	44.0	68.2	3.5	43.7	0.0	36.4	.Autoclave.Outputs.PRESSIP\OutputValue	-4.4	16.3	28.1	-1.0	0.0	-1.0	-1.0	-1.0	0.0	0.0	0.0	-1.0	-1.0	0.0	0.0	0.0	-1.0	0.0
18:46:22	57.0	315.0	301.8	301.7	298.9	299.8	0.1	0.1	0.5	44.4	0.1	0.5	0.1	315.0	298.9	4.8	3.9	303.5	307.0	343.8	343.9	343.5	359.5	95.0	57.0	28.7	0.0	346.0	330.5	44.0	65.6	3.8	40.1	0.0	31.1	.Autoclave.Outputs.PRESSIP\OutputValue	-5.4	16.1	28.7	-1.0	0.0	-1.0	-1.0	-1.0	0.0	0.0	0.0	-1.0	-1.0	0.0	0.0	0.0	-1.0	0.0
18:47:23	58.1	319.8	306.1	306.1	303.7	304.3	0.0	0.1	0.5	43.8	0.1	0.5	0.0	319.8	303.7	4.8	4.7	308.0	311.8	347.7	347.7	347.2	363.1	94.8	58.0	29.7	0.0	350.3	335.0	44.0	70.7	4.0	46.1	0.0	41.3	.Autoclave.Outputs.PRESSIP\OutputValue	-6.0	16.1	27.8	-1.0	0.0	-1.0	-1.0	-1.0	0.0	0.0	0.0	-1.0	-1.0	0.0	0.0	0.0	-1.0	0.0
18:48:22	59.0	324.3	310.7	310.5	308.3	308.9	0.1	0.1	0.6	44.4	0.1	0.6	0.1	324.3	308.3	4.7	4.3	312.5	316.3	352.7	352.7	352.2	367.2	95.2	59.0	30.7	0.0	355.1	339.5	44.0	66.6	4.2	40.0	0.0	33.2	.Autoclave.Outputs.PRESSIP\OutputValue	-6.0	16.1	28.4	-1.0	0.0	-1.0	-1.0	-1.0	0.0	0.0	0.0	-1.0	-1.0	0.0	0.0	0.0	-1.0	0.0
18:49:22	60.0	328.6	315.3	315.7	312.7	313.3	0.1	0.1	0.7	44.8	0.1	0.7	0.1	328.6	312.7	5.1	4.3	317.1	320.6	356.6	356.6	356.2	373.3	95.2	60.0	31.7	0.0	359.1	344.0	44.0	70.8	4.5	36.5	0.0	41.6	.Autoclave.Outputs.PRESSIP\OutputValue	-6.0	16.0	28.0	-1.0	0.0	-1.0	-1.0	-1.0	0.0	0.0	0.0	-1.0	-1.0	0.0	0.0	0.0	-1.0	0.0
18:50:23	61.1	332.9	319.7	319.9	317.7	317.6	0.1	0.1	0.7	44.1	0.1	0.7	0.1	332.9	317.6	4.6	3.9	321.5	325.2	361.7	361.7	361.2	378.2	95.1	61.0	32.7	0.0	364.0	348.5	44.0	69.4	4.7	43.5	0.0	38.7	.Autoclave.Outputs.PRESSIP\OutputValue	-5.9	15.4	28.8	-1.0	0.0	-1.0	-1.0	-1.0	0.0	0.0	0.0	-1.0	-1.0	0.0	0.0	0.0	-1.0	0.0
18:51:23	62.1	337.3	324.6	324.4	322.0	322.2	0.1	0.1	0.8	44.1	0.1	0.8	0.1	337.3	322.0	4.8	4.4	326.1	329.6	366.2	366.3	365.9	382.4	95.0	62.0	33.7	0.0	368.7	353.0	44.0	67.5	4.9	43.2	0.0	35.0	.Autoclave.Outputs.PRESSIP\OutputValue	-6.0	15.4	28.9	-1.0	0.0	-1.0	-1.0	-1.0	0.0	0.0	0.0	-1.0	-1.0	0.0	0.0	0.0	-1.0	0.0
18:52:23	63.0	341.7	329.1	328.4	326.5	326.7	0.1	0.1	0.9	43.9	0.1	0.9	0.1	341.7	326.5	5.2	4.3	330.5	334.1	368.3	368.3	367.9	375.9	95.1	63.0	34.7	0.0	368.3	355.0	44.0	53.7	5.1	44.7	0.0	7.5	.Autoclave.Outputs.PRESSIP\OutputValue	-6.0	15.3	26.6	-1.0	0.0	-1.0	-1.0	-1.0	0.0	0.0	0.0	-1.0	-1.0	0.0	0.0	0.0	-1.0	0.0
18:53:23	64.1	344.1	333.1	330.2	329.4	329.5	0.1	0.1	0.9	44.3	0.1	0.9	0.1	344.1	329.4	4.3	1.7	333.2	336.7	365.5	365.4	365.0	374.3	95.3	64.0	35.7	0.0	366.1	355.0	44.0	55.8	5.1	41.9	0.0	11.6	.Autoclave.Outputs.PRESSIP\OutputValue	-6.0	14.8	21.4	-1.0	0.0	-1.0	-1.0	-1.0	0.0	0.0	0.0	-1.0	-1.0	0.0	0.0	0.0	-1.0	0.0
18:54:23	65.1	345.4	336.2	332.0	332.6	332.1	0.1	0.2	0.9	44.0	0.1	0.9	0.1	345.4	332.0	3.1	1.5	335.6	338.7	364.3	364.2	363.8	372.7	95.3	65.0	36.7	0.0	364.6	355.0	44.0	55.2	5.1	44.0	0.0	10.3	.Autoclave.Outputs.PRESSIP\OutputValue	-6.0	13.4	18.9	-1.0	0.0	-1.0	-1.0	-1.0	0.0	0.0	0.0	-1.0	-1.0	0.0	0.0	0.0	-1.0	0.0
18:55:23	66.0	346.6	338.6	334.2	335.3	334.9	0.1	0.1	0.9	44.2	0.1	0.9	0.1	346.6	334.2	2.6	1.2	337.9	340.4	363.5	363.5	363.0	371.1	95.2	66.0	37.7	0.0	363.4	355.0	44.0	51.2	5.2	41.2	0.0	2.4	.Autoclave.Outputs.PRESSIP\OutputValue	-6.0	12.4	16.9	-1.0	0.0	-1.0	-1.0	-1.0	0.0	0.0	0.0	-1.0	-1.0	0.0	0.0	0.0	-1.0	0.0
18:56:23	67.0	347.5	340.5	335.7	337.4	336.7	0.2	0.1	0.9	43.8	0.1	0.9	0.1	347.5	335.7	2.2	0.8	339.5	341.6	362.2	362.2	361.7	370.0	95.2	67.0	38.7	0.0	362.5	355.0	44.0	55.2	5.2	45.7	0.0	10.5	.Autoclave.Outputs.PRESSIP\OutputValue	-6.0	11.8	14.7	-1.0	0.0	-1.0	-1.0	-1.0	0.0	0.0	0.0	-1.0	-1.0	0.0	0.0	0.0	-1.0	0.0
18:57:23	68.1	348.2	342.1	337.4	339.8	338.5	0.1	0.1	0.9	44.2	0.1	0.9	0.1	348.2	337.4	2.3	1.0	341.2	342.8	361.5	361.4	360.9	368.6	95.3	68.0	39.7	0.0	361.6	355.0	44.0	53.9	5.2	41.7	0.0	7.9	.Autoclave.Outputs.PRESSIP\OutputValue	-6.0	10.8	13.3	-1.0	0.0	-1.0	-1.0	-1.0	0.0	0.0	0.0	-1.0	-1.0	0.0	0.0	0.0	-1.0	0.0
18:58:22	69.0	349.2	343.6	338.9	341.0	340.3	0.1	0.1	0.9	43.8	0.1	0.9	0.1	349.2	338.9	1.9	0.8	342.6	344.0	360.7	360.7	360.2	367.5	95.4	69.0	40.7	0.0	360.9	355.0	44.0	54.6	5.2	46.5	0.0	9.2	.Autoclave.Outputs.PRESSIP\OutputValue	-6.0	10.3	11.5	-1.0	0.0	-1.0	-1.0	-1.0	0.0	0.0	0.0	-1.0	-1.0	0.0	0.0	0.0	-1.0	0.0
18:59:23	70.0	349.7	344.7	340.3	342.5	341.9	0.1	0.1	0.9	43.8	0.1	0.9	0.1	349.7	340.3	1.5	0.7	343.8	345.0	360.1	360.0	359.6	367.3	95.4	70.0	41.7	0.0	360.3	355.0	44.0	54.6	5.3	40.6	0.0	9.3	.Autoclave.Outputs.PRESSIP\OutputValue	-6.0	9.4	10.4	-1.0	0.0	-1.0	-1.0	-1.0	0.0	0.0	0.0	-1.0	-1.0	0.0	0.0	0.0	-1.0	0.0
19:00:22	71.0	350.3	345.8	341.6	344.0	343.2	0.1	0.1	0.9	43.9	0.1	0.9	0.1	350.3	341.6	1.5	0.6	345.0	345.9	359.7	359.7	359.1	366.8	95.5	71.0	42.7	0.0	359.9	355.0	44.0	55.3	5.3	45.3	0.0	10.7	.Autoclave.Outputs.PRESSIP\OutputValue	-6.0	8.7	9.4	-1.0	0.0	-1.0	-1.0	-1.0	0.0	0.0	0.0	-1.0	-1.0	0.0	0.0	0.0	-1.0	0.0
19:01:23	72.0	350.6	346.8	342.6	345.2	344.7	0.1	0.1	0.9	44.0	0.1	0.9	0.1	350.6	342.6	1.4	0.4	346.0	346.6	359.2	359.0	358.7	365.3	95.5	72.0	43.7	0.0	359.1	355.0	44.0	53.3	5.3	43.5	0.0	6.7	.Autoclave.Outputs.PRESSIP\OutputValue	-6.0	8.0	8.6	-1.0	0.0	-1.0	-1.0	-1.0	0.0	0.0	0.0	-1.0	-1.0	0.0	0.0	0.0	-1.0	0.0
19:02:23	73.0	351.2	347.5	343.8	346.1	345.6	0.1	0.1	0.9	44.0	0.1	0.9	0.1	351.2	343.8	1.1	0.6	346.8	347.5	358.9	358.9	358.4	364.4	95.5	73.0	44.7	0.0	359.1	355.0	44.0	54.7	5.3	43.1	0.0	9.4	.Autoclave.Outputs.PRESSIP\OutputValue	-6.0	7.4	7.7	-1.0	0.0	-1.0	-1.0	-1.0	0.0	0.0	0.0	-1.0	-1.0	0.0	0.0	0.0	-1.0	0.0
19:03:23	74.1	351.4	348.2	344.6	347.0	346.6	0.1	0.1	0.9	43.8	0.1	0.9	0.1	351.4	344.6	1.5	0.2	347.6	348.0	358.4	358.4	357.9	364.5	95.5	74.0	45.7	0.0	358.6	355.0	44.0	54.0	5.3	45.6	0.0	8.1	.Autoclave.Outputs.PRESSIP\OutputValue	-5.9	6.8	7.0	-1.0	0.0	-1.0	-1.0	-1.0	0.0	0.0	0.0	-1.0	-1.0	0.0	0.0	0.0	-1.0	0.0
19:03:56	74.6	351.8	348.7	345.3	347.5	347.1	0.2	0.1	0.9	44.3	0.1	0.9	0.1	351.8	345.3	1.1	0.2	348.1	348.5	358.2	358.2	357.7	364.4	95.5	74.6	46.3	0.0	358.2	355.0	44.0	54.0	5.3	46.7	0.0	8.1	.Autoclave.Outputs.PRESSIP\OutputValue	-5.9	6.5	6.4	-1.0	0.0	-1.0	-1.0	-1.0	0.0	0.0	0.0	-1.0	-1.0	0.0	0.0	0.0	-1.0	0.0
19:04:23	75.1	351.8	349.0	345.5	347.9	347.6	0.1	0.1	0.9	44.3	0.1	0.9	0.1	351.8	345.5	1.0	0.4	348.4	348.6	357.9	357.8	357.4	364.4	95.6	75.0	0.5	89.5	358.0	355.0	44.0	54.1	5.3	41.3	0.0	8.3	.Autoclave.Outputs.PRESSIP\OutputValue	-5.9	6.3	6.1	-1.0	0.0	-1.0	-1.0	-1.0	0.0	0.0	0.0	-1.0	-1.0	0.0	0.0	0.0	-1.0	0.0
19:05:23	76.0	352.2	349.3	346.5	348.5	348.4	0.1	0.1	0.9	43.8	0.1	0.9	0.1	352.2	346.5	1.1	0.2	349.0	349.3	357.8	357.7	357.3	363.7	95.7	76.0	1.4	88.6	357.9	355.0	44.0	54.1	5.3	45.9	0.0	8.1	.Autoclave.Outputs.PRESSIP\OutputValue	-6.0	5.7	5.6	-1.0	0.0	-1.0	-1.0	-1.0	0.0	0.0	0.0	-1.0	-1.0	0.0	0.0	0.0	-1.0	0.0
19:06:22	77.0	352.5	350.0	347.1	349.2	349.1	0.2	0.1	0.9	43.8	0.1	0.9	0.1	352.5	347.1	0.8	0.3	349.6	349.8	357.4	357.4	357.1	363.6	95.7	77.0	2.4	87.6	357.6	355.0	44.0	53.4	5.3	46.3	0.0	6.8	.Autoclave.Outputs.PRESSIP\OutputValue	-6.0	5.4	4.9	-1.0	0.0	-1.0	-1.0	-1.0	0.0	0.0	0.0	-1.0	-1.0	0.0	0.0	0.0	-1.0	0.0
19:07:23	78.1	352.1	350.4	347.9	349.8	349.8	0.2	0.1	0.9	43.7	0.1	0.9	0.1	352.1	347.9	1.2	0.2	350.0	350.0	357.4	357.3	356.9	363.6	95.7	78.0	3.5	86.5	357.4	355.0	44.0	52.1	5.4	47.2	0.0	4.2	.Autoclave.Outputs.PRESSIP\OutputValue	-5.9	4.2	5.3	-1.0	0.0	-1.0	-1.0	-1.0	0.0	0.0	0.0	-1.0	-1.0	0.0	0.0	0.0	-1.0	0.0
19:08:23	79.0	352.6	350.8	348.6	350.3	350.4	0.2	0.2	0.9	44.3	0.1	0.9	0.2	352.6	348.6	0.7	0.2	350.5	350.6	357.1	357.1	356.6	363.4	95.8	79.0	4.4	85.6	357.2	355.0	44.0	54.1	5.4	41.4	0.0	8.2	.Autoclave.Outputs.PRESSIP\OutputValue	-5.8	4.0	4.5	-1.0	0.0	-1.0	-1.0	-1.0	0.0	0.0	0.0	-1.0	-1.0	0.0	0.0	0.0	-1.0	0.0
19:09:23	80.1	353.0	351.3	349.2	350.9	350.7	0.2	0.1	0.9	44.0	0.1	0.9	0.1	353.0	349.2	0.8	0.1	351.0	351.1	357.0	356.9	356.6	363.2	95.8	80.0	5.5	84.5	357.0	355.0	44.0	54.1	5.4	44.1	0.0	8.2	.Autoclave.Outputs.PRESSIP\OutputValue	-5.7	3.8	4.0	-1.0	0.0	-1.0	-1.0	-1.0	0.0	0.0	0.0	-1.0	-1.0	0.0	0.0	0.0	-1.0	0.0
19:10:22	81.0	353.4	351.6	349.9	351.3	351.2	0.2	0.1	0.9	44.1	0.1	0.9	0.1	353.4	349.9	0.9	0.1	351.5	351.6	356.8	356.8	356.3	362.2	95.8	81.0	6.4	83.6	356.7	355.0	44.0	52.8	5.4	43.1	0.0	5.6	.Autoclave.Outputs.PRESSIP\OutputValue	-5.7	3.5	3.4	-1.0	0.0	-1.0	-1.0	-1.0	0.0	0.0	0.0	-1.0	-1.0	0.0	0.0	0.0	-1.0	0.0
19:11:23	82.0	353.4	351.7	350.2	351.6	351.9	0.1	0.1	0.9	43.7	0.1	0.9	0.1	353.4	350.2	0.7	-0.3	351.8	351.8	356.8	356.8	356.2	362.7	95.8	82.0	7.4	82.6	356.8	355.0	44.0	54.8	5.4	46.9	0.0	9.6	.Autoclave.Outputs.PRESSIP\OutputValue	-5.7	3.2	3.4	-1.0	0.0	-1.0	-1.0	-1.0	0.0	0.0	0.0	-1.0	-1.0	0.0	0.0	0.0	-1.0	0.0
19:12:23	83.0	353.4	352.1	350.6	351.7	352.2	0.2	0.1	0.9	43.7	0.1	0.9	0.1	353.4	350.6	0.5	0.2	352.0	352.0	356.6	356.6	356.1	362.5	95.8	83.0	8.5	81.5	356.5	355.0	44.0	52.8	5.4	47.1	0.0	5.6	.Autoclave.Outputs.PRESSIP\OutputValue	-5.7	2.8	3.2	-1.0	0.0	-1.0	-1.0	-1.0	0.0	0.0	0.0	-1.0	-1.0	0.0	0.0	0.0	-1.0	0.0
19:13:23	84.1	353.7	352.3	350.9	352.3	352.1	0.2	0.1	0.9	43.7	0.1	0.9	0.1	353.7	350.9	0.6	0.1	352.3	352.3	356.4	356.4	356.0	362.5	95.8	84.0	9.4	80.6	356.4	355.0	44.0	54.1	5.4	47.0	0.0	8.3	.Autoclave.Outputs.PRESSIP\OutputValue	-5.6	2.8	2.7	-1.0	0.0	-1.0	-1.0	-1.0	0.0	0.0	0.0	-1.0	-1.0	0.0	0.0	0.0	-1.0	0.0
19:14:23	85.0	353.7	352.4	351.3	352.4	352.4	0.2	0.1	0.9	43.8	0.1	0.9	0.1	353.7	351.3	0.4	0.0	352.4	352.5	356.4	356.5	356.0	362.2	95.9	85.0	10.4	79.6	356.5	355.0	44.0	54.2	5.4	46.1	0.0	8.3	.Autoclave.Outputs.PRESSIP\OutputValue	-5.6	2.4	2.7	-1.0	0.0	-1.0	-1.0	-1.0	0.0	0.0	0.0	-1.0	-1.0	0.0	0.0	0.0	-1.0	0.0
19:15:22	86.0	353.6	352.6	351.6	353.3	353.1	0.2	0.1	0.9	43.8	0.1	0.9	0.1	353.6	351.6	0.3	-0.1	352.8	352.6	356.3	356.3	355.8	362.5	95.9	86.0	11.4	78.6	356.3	355.0	44.0	54.2	5.4	43.1	0.0	8.3	.Autoclave.Outputs.PRESSIP\OutputValue	-5.8	2.0	2.7	-1.0	0.0	-1.0	-1.0	-1.0	0.0	0.0	0.0	-1.0	-1.0	0.0	0.0	0.0	-1.0	0.0
19:16:23	87.1	353.8	353.0	352.0	352.6	353.1	0.2	0.1	1.0	44.2	0.1	1.0	0.1	353.8	352.0	0.4	0.0	352.9	352.9	356.1	356.1	355.7	362.4	96.0	87.0	12.5	77.5	356.1	355.0	44.0	53.5	5.4	42.4	0.0	7.0	.Autoclave.Outputs.PRESSIP\OutputValue	-5.9	1.8	2.3	-1.0	0.0	-1.0	-1.0	-1.0	0.0	0.0	0.0	-1.0	-1.0	0.0	0.0	0.0	-1.0	0.0
19:17:23	88.0	353.8	353.1	352.3	353.1	353.5	0.2	0.1	1.0	44.0	0.1	1.0	0.1	353.8	352.3	0.4	0.2	353.2	353.0	356.1	356.1	355.7	362.3	96.1	88.0	13.5	76.6	356.0	355.0	44.0	53.5	5.4	43.8	0.0	7.0	.Autoclave.Outputs.PRESSIP\OutputValue	-6.0	1.5	2.3	-1.0	0.0	-1.0	-1.0	-1.0	0.0	0.0	0.0	-1.0	-1.0	0.0	0.0	0.0	-1.0	0.0
19:18:23	89.0	353.8	353.1	352.5	353.4	353.6	0.2	0.1	0.9	44.3	0.1	0.9	0.1	353.8	352.5	0.2	0.0	353.3	353.1	356.2	356.2	355.6	361.9	96.2	89.0	14.5	75.5	355.6	355.0	44.0	50.2	5.4	40.6	0.0	0.4	.Autoclave.Outputs.PRESSIP\OutputValue	-6.0	1.3	2.4	-1.0	0.0	-1.0	-1.0	-1.0	0.0	0.0	0.0	-1.0	-1.0	0.0	0.0	0.0	-1.0	0.0
19:19:23	90.1	354.0	353.4	352.9	353.6	353.6	0.1	0.1	0.9	43.8	0.1	0.9	0.1	354.0	352.9	0.6	0.1	353.5	353.4	355.9	356.0	355.5	361.5	96.2	90.0	15.4	74.6	355.8	355.0	44.0	53.5	5.4	46.5	0.0	7.0	.Autoclave.Outputs.PRESSIP\OutputValue	-6.0	1.1	1.9	-1.0	0.0	-1.0	-1.0	-1.0	0.0	0.0	0.0	-1.0	-1.0	0.0	0.0	0.0	-1.0	0.0
19:20:22	91.0	354.0	353.4	352.8	353.5	354.1	0.2	0.2	0.9	44.3	0.1	0.9	0.2	354.1	352.8	0.4	-0.1	353.6	353.4	355.8	355.8	355.4	361.4	96.3	91.0	16.4	73.6	355.9	355.0	44.0	54.2	5.4	41.0	0.0	8.4	.Autoclave.Outputs.PRESSIP\OutputValue	-6.0	1.3	1.7	-1.0	0.0	-1.0	-1.0	-1.0	0.0	0.0	0.0	-1.0	-1.0	0.0	0.0	0.0	-1.0	0.0
19:21:22	92.0	354.0	353.6	353.2	353.7	354.0	0.2	0.1	0.9	43.8	0.1	0.9	0.1	354.0	353.2	0.3	-0.4	353.7	353.6	355.8	355.8	355.2	361.8	96.2	92.0	17.4	72.6	355.9	355.0	44.0	54.2	5.5	46.3	0.0	8.4	.Autoclave.Outputs.PRESSIP\OutputValue	-6.0	0.8	1.8	-1.0	0.0	-1.0	-1.0	-1.0	0.0	0.0	0.0	-1.0	-1.0	0.0	0.0	0.0	-1.0	0.0
19:22:22	93.0	354.0	353.6	353.2	354.0	354.3	0.1	0.1	0.9	44.3	0.1	0.9	0.1	354.3	353.2	0.2	-0.1	353.8	353.7	355.5	355.4	355.0	361.5	96.3	93.0	18.4	71.6	355.8	355.0	44.0	55.5	5.5	41.0	0.0	11.1	.Autoclave.Outputs.PRESSIP\OutputValue	-6.0	1.1	1.2	-1.0	0.0	-1.0	-1.0	-1.0	0.0	0.0	0.0	-1.0	-1.0	0.0	0.0	0.0	-1.0	0.0
19:23:23	94.1	354.0	353.7	353.4	354.0	354.1	0.1	0.2	0.9	43.9	0.1	0.9	0.1	354.1	353.4	0.8	0.0	353.8	353.7	355.6	355.6	355.1	362.0	96.3	94.0	19.4	70.6	355.8	355.0	44.0	52.5	5.5	45.5	0.0	4.9	.Autoclave.Outputs.PRESSIP\OutputValue	-6.0	0.7	1.5	-1.0	0.0	-1.0	-1.0	-1.0	0.0	0.0	0.0	-1.0	-1.0	0.0	0.0	0.0	-1.0	0.0
19:24:23	95.0	354.0	353.8	353.4	354.2	354.4	0.1	0.2	0.9	44.2	0.1	0.9	0.1	354.4	353.4	0.2	-0.3	354.0	353.9	355.6	355.6	355.0	361.5	96.3	95.0	20.5	69.5	355.7	355.0	44.0	54.5	5.5	42.7	0.0	9.0	.Autoclave.Outputs.PRESSIP\OutputValue	-6.0	1.0	1.2	-1.0	0.0	-1.0	-1.0	-1.0	0.0	0.0	0.0	-1.0	-1.0	0.0	0.0	0.0	-1.0	0.0
19:25:22	96.0	353.9	353.9	353.5	354.4	355.9	0.2	0.3	0.9	43.8	0.1	0.9	0.2	355.9	353.5	0.2	-0.1	354.3	354.7	355.5	355.6	355.0	361.9	96.5	96.0	21.4	68.6	355.6	355.0	44.0	52.5	5.5	46.1	0.0	5.0	.Autoclave.Outputs.PRESSIP\OutputValue	-6.0	2.4	-0.4	-1.0	0.0	-1.0	-1.0	-1.0	0.0	0.0	0.0	-1.0	-1.0	0.0	0.0	0.0	-1.0	0.0
19:26:23	97.1	353.7	354.0	353.8	354.3	354.6	0.2	0.1	0.9	43.8	0.1	0.9	0.1	354.6	353.7	0.3	0.0	354.1	354.1	355.4	355.3	355.0	361.7	96.5	97.0	22.5	67.5	355.7	355.0	44.0	54.5	5.5	46.5	0.0	9.0	.Autoclave.Outputs.PRESSIP\OutputValue	-5.9	0.9	0.8	-1.0	0.0	-1.0	-1.0	-1.0	0.0	0.0	0.0	-1.0	-1.0	0.0	0.0	0.0	-1.0	0.0
19:27:22	98.0	354.1	353.9	353.9	354.4	354.5	0.1	0.1	0.9	44.1	0.1	0.9	0.1	354.5	353.9	0.3	-0.3	354.2	354.2	355.4	355.4	354.9	361.4	96.5	98.0	23.4	66.6	355.6	355.0	44.0	55.2	5.5	43.2	0.0	10.4	.Autoclave.Outputs.PRESSIP\OutputValue	-6.0	0.6	0.9	-1.0	0.0	-1.0	-1.0	-1.0	0.0	0.0	0.0	-1.0	-1.0	0.0	0.0	0.0	-1.0	0.0
19:28:23	99.0	354.0	353.9	353.9	354.1	354.6	0.2	0.1	0.9	43.8	0.1	0.9	0.1	354.6	353.9	0.0	-0.3	354.1	354.2	355.4	355.4	354.8	361.5	96.4	99.0	24.5	65.5	355.3	355.0	44.0	53.9	5.5	45.9	0.0	7.7	.Autoclave.Outputs.PRESSIP\OutputValue	-6.0	0.7	0.8	-1.0	0.0	-1.0	-1.0	-1.0	0.0	0.0	0.0	-1.0	-1.0	0.0	0.0	0.0	-1.0	0.0
19:29:23	100.1	354.2	354.2	354.0	354.3	354.8	0.1	0.1	0.9	44.1	0.1	0.9	0.1	354.8	354.0	0.3	-0.3	354.3	354.4	355.4	355.4	354.8	361.6	96.5	100.0	25.4	64.6	355.4	355.0	44.0	54.5	5.5	42.7	0.0	9.1	.Autoclave.Outputs.PRESSIP\OutputValue	-6.0	0.8	0.6	-1.0	0.0	-1.0	-1.0	-1.0	0.0	0.0	0.0	-1.0	-1.0	0.0	0.0	0.0	-1.0	0.0
19:30:22	101.0	354.2	354.1	354.2	354.6	354.6	0.1	0.1	0.9	44.4	0.1	0.9	0.1	354.6	354.1	0.5	0.0	354.3	354.3	355.3	355.2	354.7	361.3	96.5	101.0	26.4	63.6	355.2	355.0	44.0	53.2	5.6	40.4	0.0	6.4	.Autoclave.Outputs.PRESSIP\OutputValue	-6.0	0.5	0.7	-1.0	0.0	-1.0	-1.0	-1.0	0.0	0.0	0.0	-1.0	-1.0	0.0	0.0	0.0	-1.0	0.0
19:31:23	102.0	354.2	354.1	354.3	353.9	354.7	0.2	0.1	1.0	44.2	0.1	1.0	0.1	354.7	353.9	0.3	-0.2	354.2	354.3	355.4	355.4	354.9	360.8	96.5	102.0	27.4	62.6	355.4	355.0	44.0	53.9	5.6	42.3	0.0	7.8	.Autoclave.Outputs.PRESSIP\OutputValue	-6.0	0.8	0.7	-1.0	0.0	-1.0	-1.0	-1.0	0.0	0.0	0.0	-1.0	-1.0	0.0	0.0	0.0	-1.0	0.0
19:32:23	103.1	354.2	354.1	354.2	354.4	354.7	0.2	0.1	0.9	43.8	0.1	0.9	0.1	354.7	354.1	0.3	-0.1	354.3	354.4	355.2	355.2	354.7	361.6	96.6	103.0	28.4	61.6	355.2	355.0	44.0	53.9	5.6	45.9	0.0	7.8	.Autoclave.Outputs.PRESSIP\OutputValue	-6.0	0.6	0.5	-1.0	0.0	-1.0	-1.0	-1.0	0.0	0.0	0.0	-1.0	-1.0	0.0	0.0	0.0	-1.0	0.0
19:33:23	104.1	354.3	354.0	354.3	354.7	354.5	0.2	0.2	0.9	44.2	0.1	0.9	0.2	354.7	354.0	0.3	-0.5	354.4	354.3	355.2	355.2	354.7	360.8	96.6	104.0	29.4	60.6	355.3	355.0	44.0	54.6	5.6	41.8	0.0	9.1	.Autoclave.Outputs.PRESSIP\OutputValue	-6.0	0.7	0.5	-1.0	0.0	-1.0	-1.0	-1.0	0.0	0.0	0.0	-1.0	-1.0	0.0	0.0	0.0	-1.0	0.0
19:34:22	105.0	354.2	354.1	354.3	354.6	354.8	0.2	0.2	0.9	44.2	0.1	0.9	0.2	354.8	354.1	0.2	-0.3	354.4	354.4	355.2	355.2	354.8	361.5	96.5	105.0	30.4	59.6	355.3	355.0	44.0	54.6	5.6	42.3	0.0	9.1	.Autoclave.Outputs.PRESSIP\OutputValue	-6.0	0.7	0.4	-1.0	0.0	-1.0	-1.0	-1.0	0.0	0.0	0.0	-1.0	-1.0	0.0	0.0	0.0	-1.0	0.0
19:35:22	106.0	354.1	354.1	354.3	354.5	354.7	0.2	0.1	0.9	43.8	0.1	0.9	0.1	354.7	354.1	0.2	-0.2	354.3	354.4	355.4	355.4	354.9	361.7	96.7	106.0	31.4	58.6	355.3	355.0	44.0	53.2	5.6	46.1	0.0	6.5	.Autoclave.Outputs.PRESSIP\OutputValue	-6.0	0.6	0.7	-1.0	0.0	-1.0	-1.0	-1.0	0.0	0.0	0.0	-1.0	-1.0	0.0	0.0	0.0	-1.0	0.0
19:36:22	107.0	354.0	354.2	354.3	354.8	354.5	0.2	0.2	0.9	43.9	0.1	0.9	0.2	354.8	354.0	0.2	-0.2	354.4	354.4	355.1	355.2	354.7	361.1	96.8	107.0	32.4	57.6	355.4	355.0	44.0	55.2	5.6	44.9	0.0	10.5	.Autoclave.Outputs.PRESSIP\OutputValue	-6.0	0.8	0.3	-1.0	0.0	-1.0	-1.0	-1.0	0.0	0.0	0.0	-1.0	-1.0	0.0	0.0	0.0	-1.0	0.0
19:37:23	108.0	354.3	354.3	354.4	354.6	354.6	0.2	0.1	0.9	43.9	0.1	0.9	0.1	354.6	354.3	0.3	-0.1	354.4	354.4	355.4	355.2	354.9	360.9	96.8	108.0	33.4	56.6	355.2	355.0	44.0	53.2	5.6	45.5	0.0	6.5	.Autoclave.Outputs.PRESSIP\OutputValue	-6.0	0.3	0.8	-1.0	0.0	-1.0	-1.0	-1.0	0.0	0.0	0.0	-1.0	-1.0	0.0	0.0	0.0	-1.0	0.0
19:38:23	109.1	354.1	354.2	354.4	354.5	354.8	0.1	0.2	0.9	43.9	0.1	0.9	0.1	354.8	354.1	0.2	-0.2	354.4	354.4	355.2	355.3	354.8	361.2	96.7	109.0	34.5	55.5	355.3	355.0	44.0	53.9	5.6	44.9	0.0	7.8	.Autoclave.Outputs.PRESSIP\OutputValue	-6.0	0.7	0.4	-1.0	0.0	-1.0	-1.0	-1.0	0.0	0.0	0.0	-1.0	-1.0	0.0	0.0	0.0	-1.0	0.0
19:39:22	110.0	354.2	354.3	354.4	354.5	354.7	0.2	0.2	0.9	44.0	0.1	0.9	0.2	354.7	354.2	0.1	-0.2	354.4	354.4	355.2	355.2	354.8	361.2	96.8	110.0	35.4	54.6	355.3	355.0	44.0	54.6	5.6	44.0	0.0	9.2	.Autoclave.Outputs.PRESSIP\OutputValue	-6.0	0.5	0.5	-1.0	0.0	-1.0	-1.0	-1.0	0.0	0.0	0.0	-1.0	-1.0	0.0	0.0	0.0	-1.0	0.0
19:40:22	111.0	354.2	354.2	354.4	354.6	355.0	0.1	0.1	0.9	43.9	0.1	0.9	0.1	355.0	354.2	0.1	-0.1	354.5	354.6	355.3	355.3	354.8	360.6	96.8	111.0	36.4	53.6	355.1	355.0	44.0	53.9	5.6	40.4	0.0	7.8	.Autoclave.Outputs.PRESSIP\OutputValue	-6.0	0.8	0.3	-1.0	0.0	-1.0	-1.0	-1.0	0.0	0.0	0.0	-1.0	-1.0	0.0	0.0	0.0	-1.0	0.0
19:41:23	112.0	354.1	354.2	354.5	354.3	354.7	0.2	0.2	0.9	44.2	0.1	0.9	0.2	354.7	354.1	0.3	-0.1	354.4	354.4	355.4	355.3	354.8	360.8	96.9	112.0	37.4	52.6	355.2	355.0	44.0	53.9	5.6	41.7	0.0	7.8	.Autoclave.Outputs.PRESSIP\OutputValue	-6.0	0.6	0.7	-1.0	0.0	-1.0	-1.0	-1.0	0.0	0.0	0.0	-1.0	-1.0	0.0	0.0	0.0	-1.0	0.0
19:42:22	113.0	354.2	354.2	354.5	354.8	354.8	0.2	0.1	0.9	44.1	0.1	0.9	0.1	354.8	354.2	0.2	-0.1	354.5	354.5	355.2	355.2	354.7	360.7	96.8	113.0	38.4	51.6	355.1	355.0	44.0	53.9	5.6	42.5	0.0	7.8	.Autoclave.Outputs.PRESSIP\OutputValue	-6.0	0.6	0.4	-1.0	0.0	-1.0	-1.0	-1.0	0.0	0.0	0.0	-1.0	-1.0	0.0	0.0	0.0	-1.0	0.0
19:43:22	114.0	354.2	354.3	354.4	354.6	354.8	0.2	0.1	0.9	44.4	0.2	0.9	0.1	354.8	354.2	0.1	-0.2	354.5	354.5	355.2	355.2	354.7	361.0	97.0	114.0	39.4	50.6	355.3	355.0	44.0	53.9	5.6	40.2	0.0	7.8	.Autoclave.Outputs.PRESSIP\OutputValue	-6.0	0.6	0.4	-1.0	0.0	-1.0	-1.0	-1.0	0.0	0.0	0.0	-1.0	-1.0	0.0	0.0	0.0	-1.0	0.0
19:44:23	115.0	354.3	354.2	354.4	354.4	354.8	0.2	0.1	0.9	44.4	0.2	0.9	0.1	354.8	354.2	0.2	-0.2	354.4	354.5	355.1	355.2	354.8	360.9	97.0	115.0	40.4	49.6	355.3	355.0	44.0	53.9	5.6	40.0	0.0	7.8	.Autoclave.Outputs.PRESSIP\OutputValue	-6.0	0.6	0.3	-1.0	0.0	-1.0	-1.0	-1.0	0.0	0.0	0.0	-1.0	-1.0	0.0	0.0	0.0	-1.0	0.0
19:45:23	116.1	354.3	354.3	354.5	355.0	354.9	0.1	0.2	0.9	44.0	0.1	0.9	0.1	355.0	354.3	0.2	-0.6	354.6	354.6	355.1	355.1	354.7	360.8	97.1	116.0	41.5	48.5	354.8	355.0	44.0	51.9	5.6	43.6	0.0	3.8	.Autoclave.Outputs.PRESSIP\OutputValue	-6.0	0.7	0.1	-1.0	0.0	-1.0	-1.0	-1.0	0.0	0.0	0.0	-1.0	-1.0	0.0	0.0	0.0	-1.0	0.0
19:46:23	117.0	354.3	354.4	354.6	354.8	354.8	0.2	0.2	0.9	44.4	0.2	0.9	0.2	354.8	354.3	0.4	-0.1	354.6	354.5	355.2	355.2	354.8	360.7	97.0	117.0	42.5	47.5	355.2	355.0	44.0	53.2	5.6	39.8	0.0	6.5	.Autoclave.Outputs.PRESSIP\OutputValue	-6.0	0.5	0.4	-1.0	0.0	-1.0	-1.0	-1.0	0.0	0.0	0.0	-1.0	-1.0	0.0	0.0	0.0	-1.0	0.0
19:47:22	118.0	354.4	354.3	354.6	354.6	355.0	0.1	0.1	0.9	44.3	0.2	0.9	0.1	355.0	354.3	0.4	-0.1	354.6	354.6	355.2	355.2	354.8	360.9	97.1	118.0	43.4	46.6	355.3	355.0	44.0	54.6	5.6	41.2	0.0	9.1	.Autoclave.Outputs.PRESSIP\OutputValue	-6.0	0.7	0.2	-1.0	0.0	-1.0	-1.0	-1.0	0.0	0.0	0.0	-1.0	-1.0	0.0	0.0	0.0	-1.0	0.0
19:48:23	119.1	354.4	354.3	354.6	354.8	354.7	0.2	0.2	0.9	44.4	0.2	0.9	0.2	354.8	354.3	0.0	-0.5	354.6	354.5	355.1	355.1	354.7	360.7	97.1	119.0	44.4	45.6	355.3	355.0	44.0	53.9	5.6	40.8	0.0	7.8	.Autoclave.Outputs.PRESSIP\OutputValue	-6.0	0.5	0.3	-1.0	0.0	-1.0	-1.0	-1.0	0.0	0.0	0.0	-1.0	-1.0	0.0	0.0	0.0	-1.0	0.0
19:49:22	120.0	354.2	354.2	354.6	354.7	354.9	0.2	0.1	0.9	44.3	0.1	0.9	0.1	354.9	354.2	0.2	0.0	354.5	354.5	355.2	355.1	354.7	360.5	97.0	120.0	45.4	44.6	355.2	355.0	44.0	51.2	5.6	40.8	0.0	2.4	.Autoclave.Outputs.PRESSIP\OutputValue	-6.0	0.7	0.3	-1.0	0.0	-1.0	-1.0	-1.0	0.0	0.0	0.0	-1.0	-1.0	0.0	0.0	0.0	-1.0	0.0
19:50:23	121.0	354.3	354.4	354.7	354.9	354.8	0.2	0.1	1.0	44.4	0.2	1.0	0.1	354.9	354.3	0.1	-0.1	354.6	354.6	355.2	355.2	354.7	360.7	97.1	121.0	46.4	43.6	354.4	355.0	44.0	49.2	5.6	40.4	0.0	0.0	.Autoclave.Outputs.PRESSIP\OutputValue	-6.0	0.6	0.3	-1.0	0.0	-1.0	-1.0	-1.0	0.0	0.0	0.0	-1.0	-1.0	0.0	0.0	0.0	-1.0	0.0
19:51:22	122.0	354.3	354.3	354.6	354.8	354.7	0.2	0.1	0.9	44.4	0.1	0.9	0.1	354.8	354.3	0.1	-0.2	354.5	354.5	355.1	355.1	354.7	360.6	97.2	122.0	47.4	42.6	355.2	355.0	44.0	54.6	5.6	40.0	0.0	9.1	.Autoclave.Outputs.PRESSIP\OutputValue	-6.0	0.5	0.3	-1.0	0.0	-1.0	-1.0	-1.0	0.0	0.0	0.0	-1.0	-1.0	0.0	0.0	0.0	-1.0	0.0
19:52:23	123.1	353.7	354.3	354.5	355.1	354.7	0.1	0.2	0.9	44.5	0.2	0.9	0.1	355.1	353.7	0.2	0.0	354.5	354.4	355.1	355.1	354.6	361.2	97.1	123.0	48.5	41.5	355.4	355.0	44.0	54.6	5.6	39.5	0.0	9.1	.Autoclave.Outputs.PRESSIP\OutputValue	-6.0	1.4	0.0	-1.0	0.0	-1.0	-1.0	-1.0	0.0	0.0	0.0	-1.0	-1.0	0.0	0.0	0.0	-1.0	0.0
19:53:22	124.0	354.2	354.3	354.6	354.6	354.8	0.1	0.1	0.9	44.2	0.1	0.9	0.1	354.8	354.2	0.0	-0.2	354.5	354.5	355.2	355.1	354.6	360.5	97.2	124.0	49.4	40.6	355.2	355.0	44.0	52.5	5.6	41.4	0.0	5.1	.Autoclave.Outputs.PRESSIP\OutputValue	-6.0	0.6	0.4	-1.0	0.0	-1.0	-1.0	-1.0	0.0	0.0	0.0	-1.0	-1.0	0.0	0.0	0.0	-1.0	0.0
19:54:23	125.1	354.2	354.3	354.7	354.6	354.8	0.2	0.2	0.9	44.4	0.1	0.9	0.2	354.8	354.2	0.1	-0.1	354.5	354.5	355.1	355.1	354.7	360.6	97.3	125.0	50.4	39.6	354.7	355.0	44.0	55.1	5.6	43.8	0.0	10.3	.Autoclave.Outputs.PRESSIP\OutputValue	-6.0	0.6	0.3	-1.0	0.0	-1.0	-1.0	-1.0	0.0	0.0	0.0	-1.0	-1.0	0.0	0.0	0.0	-1.0	0.0
19:55:23	126.1	354.2	354.3	354.5	354.6	355.0	0.2	0.1	0.9	43.9	0.1	0.9	0.1	355.0	354.2	0.1	-0.1	354.5	354.6	355.1	355.2	354.7	360.6	97.2	126.0	51.5	38.5	355.1	355.0	44.0	53.2	5.6	45.1	0.0	6.4	.Autoclave.Outputs.PRESSIP\OutputValue	-6.0	0.8	0.1	-1.0	0.0	-1.0	-1.0	-1.0	0.0	0.0	0.0	-1.0	-1.0	0.0	0.0	0.0	-1.0	0.0
19:56:23	127.0	354.2	354.4	354.7	354.9	355.2	0.2	0.2	0.9	44.4	0.2	0.9	0.2	355.2	354.2	0.2	-0.2	354.7	354.7	355.1	355.0	354.5	360.4	97.1	127.0	52.5	37.5	355.2	355.0	44.0	55.2	5.6	39.7	0.0	10.4	.Autoclave.Outputs.PRESSIP\OutputValue	-6.0	1.0	-0.1	-1.0	0.0	-1.0	-1.0	-1.0	0.0	0.0	0.0	-1.0	-1.0	0.0	0.0	0.0	-1.0	0.0
19:57:22	128.0	354.3	354.3	354.6	354.6	354.8	0.1	0.2	1.0	44.0	0.1	1.0	0.1	354.8	354.3	0.3	-0.1	354.5	354.5	355.2	355.2	354.7	361.2	97.2	128.0	53.4	36.6	354.5	355.0	44.0	49.9	5.6	43.6	0.0	0.0	.Autoclave.Outputs.PRESSIP\OutputValue	-6.0	0.5	0.4	-1.0	0.0	-1.0	-1.0	-1.0	0.0	0.0	0.0	-1.0	-1.0	0.0	0.0	0.0	-1.0	0.0
19:58:23	129.1	354.2	354.3	354.6	354.9	354.7	0.1	0.2	0.9	43.9	0.1	0.9	0.1	354.9	354.2	0.2	-0.2	354.5	354.5	355.2	355.2	354.7	360.8	97.0	129.0	54.5	35.5	355.2	355.0	44.0	53.9	5.5	44.7	0.0	7.7	.Autoclave.Outputs.PRESSIP\OutputValue	-6.0	0.7	0.3	-1.0	0.0	-1.0	-1.0	-1.0	0.0	0.0	0.0	-1.0	-1.0	0.0	0.0	0.0	-1.0	0.0
19:59:23	130.0	354.2	354.3	354.7	354.8	354.7	0.2	0.1	1.0	44.0	0.1	1.0	0.1	354.8	354.2	0.2	-0.2	354.5	354.5	355.1	355.2	354.7	361.0	97.0	130.0	55.5	34.5	354.9	355.0	44.0	53.2	5.5	44.2	0.0	6.4	.Autoclave.Outputs.PRESSIP\OutputValue	-6.0	0.6	0.3	-1.0	0.0	-1.0	-1.0	-1.0	0.0	0.0	0.0	-1.0	-1.0	0.0	0.0	0.0	-1.0	0.0
20:00:23	131.0	354.3	354.2	354.6	354.8	354.8	0.2	0.1	0.9	44.0	0.1	0.9	0.1	354.8	354.2	0.2	-0.1	354.5	354.5	355.2	355.2	354.7	360.7	97.0	131.0	56.5	33.6	355.2	355.0	44.0	53.9	5.5	44.0	0.0	7.7	.Autoclave.Outputs.PRESSIP\OutputValue	-6.0	0.6	0.4	-1.0	0.0	-1.0	-1.0	-1.0	0.0	0.0	0.0	-1.0	-1.0	0.0	0.0	0.0	-1.0	0.0
20:01:23	132.1	354.1	354.3	354.7	354.3	354.5	0.1	0.2	0.9	43.9	0.1	0.9	0.1	354.7	354.1	0.7	-0.2	354.4	354.4	355.1	355.1	354.7	361.0	96.9	132.0	57.5	32.5	354.9	355.0	44.0	51.9	5.5	44.6	0.0	3.7	.Autoclave.Outputs.PRESSIP\OutputValue	-6.0	0.6	0.4	-1.0	0.0	-1.0	-1.0	-1.0	0.0	0.0	0.0	-1.0	-1.0	0.0	0.0	0.0	-1.0	0.0
20:02:22	133.0	354.1	354.2	354.6	355.4	354.8	0.1	0.2	0.9	43.9	0.1	0.9	0.1	355.4	354.1	0.3	-0.6	354.6	354.7	355.2	355.2	354.8	361.3	96.8	133.0	58.4	31.6	355.0	355.0	44.0	52.5	5.5	44.6	0.0	5.1	.Autoclave.Outputs.PRESSIP\OutputValue	-6.0	1.3	-0.2	-1.0	0.0	-1.0	-1.0	-1.0	0.0	0.0	0.0	-1.0	-1.0	0.0	0.0	0.0	-1.0	0.0
20:03:23	134.0	354.2	354.3	354.7	354.6	354.5	0.2	0.1	0.9	44.0	0.1	0.9	0.1	354.7	354.2	0.2	-0.2	354.5	354.5	355.2	355.2	354.7	361.3	96.8	134.0	59.4	30.6	355.1	355.0	44.0	53.9	5.5	44.0	0.0	7.7	.Autoclave.Outputs.PRESSIP\OutputValue	-6.0	0.5	0.5	-1.0	0.0	-1.0	-1.0	-1.0	0.0	0.0	0.0	-1.0	-1.0	0.0	0.0	0.0	-1.0	0.0
20:04:23	135.1	354.1	354.3	354.7	354.8	355.0	0.2	0.1	0.9	43.9	0.1	0.9	0.1	355.0	354.1	0.0	-0.2	354.6	354.5	355.1	355.1	354.7	360.7	96.7	135.0	60.5	29.5	355.2	355.0	44.0	54.5	5.5	44.7	0.0	9.0	.Autoclave.Outputs.PRESSIP\OutputValue	-6.0	0.9	0.1	-1.0	0.0	-1.0	-1.0	-1.0	0.0	0.0	0.0	-1.0	-1.0	0.0	0.0	0.0	-1.0	0.0
20:05:23	136.1	354.2	354.2	354.5	354.3	354.6	0.2	0.1	0.9	43.9	0.1	0.9	0.1	354.6	354.2	0.2	-0.3	354.4	354.4	355.1	355.1	354.7	360.8	96.5	136.0	61.5	28.5	355.1	355.0	44.0	53.2	5.5	44.6	0.0	6.4	.Autoclave.Outputs.PRESSIP\OutputValue	-6.0	0.4	0.5	-1.0	0.0	-1.0	-1.0	-1.0	0.0	0.0	0.0	-1.0	-1.0	0.0	0.0	0.0	-1.0	0.0
20:06:23	137.0	354.2	354.4	354.7	354.7	354.8	0.1	0.2	1.0	44.0	0.1	1.0	0.1	354.8	354.2	0.1	-0.2	354.6	354.5	355.3	355.4	355.0	361.1	96.5	137.0	62.5	27.5	355.1	355.0	44.0	51.2	5.5	44.0	0.0	2.4	.Autoclave.Outputs.PRESSIP\OutputValue	-6.0	0.6	0.5	-1.0	0.0	-1.0	-1.0	-1.0	0.0	0.0	0.0	-1.0	-1.0	0.0	0.0	0.0	-1.0	0.0
20:07:23	138.1	354.2	354.2	354.6	354.9	354.6	0.2	0.1	1.0	43.9	0.1	1.0	0.1	354.9	354.2	0.4	-0.1	354.5	354.5	355.1	355.1	354.6	360.5	96.5	138.0	63.5	26.5	355.3	355.0	44.0	55.2	5.5	44.7	0.0	10.4	.Autoclave.Outputs.PRESSIP\OutputValue	-6.0	0.7	0.2	-1.0	0.0	-1.0	-1.0	-1.0	0.0	0.0	0.0	-1.0	-1.0	0.0	0.0	0.0	-1.0	0.0
20:08:23	139.1	354.3	354.4	354.5	355.2	354.8	0.2	0.2	0.9	43.9	0.1	0.9	0.2	355.2	354.3	0.1	-0.2	354.6	354.7	355.1	355.1	354.7	361.0	96.5	139.0	64.4	25.6	355.3	355.0	44.0	55.2	5.5	44.9	0.0	10.4	.Autoclave.Outputs.PRESSIP\OutputValue	-6.0	0.9	-0.1	-1.0	0.0	-1.0	-1.0	-1.0	0.0	0.0	0.0	-1.0	-1.0	0.0	0.0	0.0	-1.0	0.0
20:09:23	140.0	354.1	354.2	354.5	355.2	354.7	0.2	0.2	0.9	44.2	0.1	0.9	0.2	355.2	354.1	0.0	-0.1	354.5	354.6	354.9	354.9	354.5	360.8	96.3	140.0	65.4	24.6	355.1	355.0	44.0	56.5	5.5	41.5	0.0	13.0	.Autoclave.Outputs.PRESSIP\OutputValue	-6.0	1.1	-0.3	-1.0	0.0	-1.0	-1.0	-1.0	0.0	0.0	0.0	-1.0	-1.0	0.0	0.0	0.0	-1.0	0.0
20:10:22	141.0	354.1	354.2	354.5	354.9	354.6	0.2	0.1	0.9	44.5	0.1	0.9	0.1	354.9	354.1	0.1	-0.2	354.5	354.5	355.3	355.3	354.8	361.3	96.4	141.0	66.4	23.6	355.4	355.0	44.0	54.5	5.5	38.9	0.0	9.1	.Autoclave.Outputs.PRESSIP\OutputValue	-6.0	0.8	0.4	-1.0	0.0	-1.0	-1.0	-1.0	0.0	0.0	0.0	-1.0	-1.0	0.0	0.0	0.0	-1.0	0.0
20:11:23	142.1	354.0	354.2	354.5	354.6	354.9	0.2	0.1	0.9	43.9	0.1	0.9	0.1	354.9	354.0	0.1	-0.2	354.4	354.4	355.2	355.2	354.8	360.7	96.3	142.0	67.5	22.5	355.3	355.0	44.0	54.5	5.6	44.9	0.0	9.1	.Autoclave.Outputs.PRESSIP\OutputValue	-6.0	0.9	0.3	-1.0	0.0	-1.0	-1.0	-1.0	0.0	0.0	0.0	-1.0	-1.0	0.0	0.0	0.0	-1.0	0.0
20:12:23	143.0	354.1	354.3	354.4	354.4	354.7	0.2	0.1	0.9	44.2	0.1	0.9	0.1	354.7	354.1	0.4	-0.2	354.4	354.4	354.9	354.9	354.5	360.7	96.1	143.0	68.5	21.6	355.3	355.0	44.0	56.6	5.6	41.7	0.0	13.1	.Autoclave.Outputs.PRESSIP\OutputValue	-6.0	0.6	0.2	-1.0	0.0	-1.0	-1.0	-1.0	0.0	0.0	0.0	-1.0	-1.0	0.0	0.0	0.0	-1.0	0.0
20:13:23	144.0	354.1	354.2	354.5	354.6	354.7	0.2	0.1	0.9	43.9	0.1	0.9	0.1	354.7	354.1	0.2	-0.1	354.4	354.4	355.2	355.2	354.7	361.0	96.2	144.0	69.5	20.6	355.2	355.0	44.0	54.6	5.6	39.1	0.0	9.1	.Autoclave.Outputs.PRESSIP\OutputValue	-6.0	0.6	0.5	-1.0	0.0	-1.0	-1.0	-1.0	0.0	0.0	0.0	-1.0	-1.0	0.0	0.0	0.0	-1.0	0.0
20:14:23	145.1	354.0	354.2	354.6	354.9	354.8	0.2	0.2	0.9	44.5	0.1	0.9	0.2	354.9	354.0	0.1	-0.1	354.5	354.4	355.2	355.2	354.7	360.9	96.1	145.0	70.5	19.5	355.3	355.0	44.0	55.2	5.6	39.3	0.0	10.5	.Autoclave.Outputs.PRESSIP\OutputValue	-6.0	0.9	0.3	-1.0	0.0	-1.0	-1.0	-1.0	0.0	0.0	0.0	-1.0	-1.0	0.0	0.0	0.0	-1.0	0.0
20:15:22	146.0	354.0	354.1	354.6	354.6	354.6	0.2	0.1	0.9	44.5	0.1	0.9	0.1	354.6	354.0	0.1	-0.1	354.4	354.3	355.2	355.2	354.8	361.0	95.9	146.0	71.4	18.6	355.3	355.0	44.0	53.9	5.6	44.9	0.0	7.8	.Autoclave.Outputs.PRESSIP\OutputValue	-6.0	0.6	0.6	-1.0	0.0	-1.0	-1.0	-1.0	0.0	0.0	0.0	-1.0	-1.0	0.0	0.0	0.0	-1.0	0.0
20:16:23	147.0	354.1	354.2	354.5	354.6	354.6	0.1	0.1	1.0	44.3	0.1	1.0	0.1	354.6	354.1	0.2	0.0	354.4	354.3	355.1	355.0	354.7	360.8	95.9	147.0	72.5	17.5	355.1	355.0	44.0	54.6	5.6	40.8	0.0	9.2	.Autoclave.Outputs.PRESSIP\OutputValue	-6.0	0.5	0.5	-1.0	0.0	-1.0	-1.0	-1.0	0.0	0.0	0.0	-1.0	-1.0	0.0	0.0	0.0	-1.0	0.0
20:17:23	148.1	354.0	354.2	354.4	354.8	354.9	0.2	0.1	0.9	44.4	0.1	0.9	0.1	354.9	354.0	0.1	-0.2	354.5	354.4	355.2	355.2	354.8	361.4	95.9	148.0	73.5	16.6	355.3	355.0	44.0	53.3	5.6	44.7	0.0	6.5	.Autoclave.Outputs.PRESSIP\OutputValue	-6.0	0.9	0.3	-1.0	0.0	-1.0	-1.0	-1.0	0.0	0.0	0.0	-1.0	-1.0	0.0	0.0	0.0	-1.0	0.0
20:18:22	149.0	353.9	354.2	354.6	354.5	354.9	0.1	0.2	0.9	44.2	0.1	0.9	0.1	354.9	353.9	0.5	-0.1	354.4	354.4	355.3	355.2	354.8	360.8	95.8	149.0	74.4	15.6	355.1	355.0	44.0	53.9	5.6	40.2	0.0	7.8	.Autoclave.Outputs.PRESSIP\OutputValue	-6.0	1.0	0.4	-1.0	0.0	-1.0	-1.0	-1.0	0.0	0.0	0.0	-1.0	-1.0	0.0	0.0	0.0	-1.0	0.0
20:19:22	150.0	354.1	354.2	354.5	354.6	354.5	0.2	0.2	1.0	44.5	0.1	1.0	0.2	354.6	354.1	0.1	-0.7	354.4	354.3	355.1	355.1	354.6	361.5	95.8	150.0	75.4	14.6	355.3	355.0	44.0	55.9	5.6	43.8	0.0	11.9	.Autoclave.Outputs.PRESSIP\OutputValue	-6.0	0.5	0.5	-1.0	0.0	-1.0	-1.0	-1.0	0.0	0.0	0.0	-1.0	-1.0	0.0	0.0	0.0	-1.0	0.0
20:20:22	151.0	354.2	354.1	354.5	354.4	354.7	0.1	0.1	0.9	44.3	0.1	0.9	0.1	354.7	354.1	0.8	-0.2	354.4	354.4	355.3	355.3	354.9	361.3	95.6	151.0	76.4	13.6	355.1	355.0	44.0	53.3	5.6	41.2	0.0	6.5	.Autoclave.Outputs.PRESSIP\OutputValue	-6.0	0.6	0.6	-1.0	0.0	-1.0	-1.0	-1.0	0.0	0.0	0.0	-1.0	-1.0	0.0	0.0	0.0	-1.0	0.0
20:21:22	152.0	354.2	354.2	354.5	354.4	354.8	0.2	0.2	1.0	44.4	0.1	1.0	0.2	354.8	354.2	0.2	-0.3	354.4	354.5	355.2	355.2	354.9	361.3	95.6	152.0	77.4	12.6	355.3	355.0	44.0	53.9	5.6	40.2	0.0	7.9	.Autoclave.Outputs.PRESSIP\OutputValue	-6.0	0.6	0.4	-1.0	0.0	-1.0	-1.0	-1.0	0.0	0.0	0.0	-1.0	-1.0	0.0	0.0	0.0	-1.0	0.0
20:22:23	153.0	354.1	354.2	354.5	355.0	354.7	0.1	0.1	1.0	44.0	0.1	1.0	0.1	355.0	354.1	0.1	-0.1	354.5	354.5	355.1	355.1	354.7	361.0	95.4	153.0	78.4	11.6	355.2	355.0	44.0	55.2	5.6	44.6	0.0	10.4	.Autoclave.Outputs.PRESSIP\OutputValue	-6.0	0.9	0.1	-1.0	0.0	-1.0	-1.0	-1.0	0.0	0.0	0.0	-1.0	-1.0	0.0	0.0	0.0	-1.0	0.0
20:23:23	154.1	354.0	354.2	354.5	354.7	354.6	0.1	0.1	0.9	44.0	0.1	0.9	0.1	354.7	354.0	0.1	-0.2	354.4	354.3	355.2	355.1	354.7	360.9	95.5	154.0	79.5	10.5	355.4	355.0	44.0	53.9	5.6	44.6	0.0	7.9	.Autoclave.Outputs.PRESSIP\OutputValue	-6.0	0.7	0.5	-1.0	0.0	-1.0	-1.0	-1.0	0.0	0.0	0.0	-1.0	-1.0	0.0	0.0	0.0	-1.0	0.0
20:24:23	155.1	354.2	354.2	354.6	354.8	354.7	0.2	0.1	0.9	44.4	0.1	0.9	0.1	354.8	354.2	0.3	-0.2	354.5	354.5	355.4	355.4	355.0	361.2	95.5	155.0	80.5	9.5	355.3	355.0	44.0	53.2	5.6	40.4	0.0	6.4	.Autoclave.Outputs.PRESSIP\OutputValue	-6.0	0.6	0.6	-1.0	0.0	-1.0	-1.0	-1.0	0.0	0.0	0.0	-1.0	-1.0	0.0	0.0	0.0	-1.0	0.0
20:25:22	156.0	354.2	354.2	354.6	354.7	354.8	0.1	0.2	1.0	44.6	0.1	1.0	0.1	354.8	354.2	0.2	-0.3	354.5	354.5	355.2	355.2	354.8	361.7	95.3	156.0	81.4	8.6	355.3	355.0	44.0	54.5	5.6	38.3	0.0	9.1	.Autoclave.Outputs.PRESSIP\OutputValue	-6.0	0.6	0.4	-1.0	0.0	-1.0	-1.0	-1.0	0.0	0.0	0.0	-1.0	-1.0	0.0	0.0	0.0	-1.0	0.0
20:26:22	157.0	354.0	354.2	354.6	354.9	354.6	0.2	0.1	1.0	44.2	0.1	1.0	0.1	354.9	354.0	0.2	0.0	354.5	354.4	355.1	355.1	354.7	360.6	95.4	157.0	82.4	7.6	355.0	355.0	44.0	52.6	5.6	42.3	0.0	5.2	.Autoclave.Outputs.PRESSIP\OutputValue	-6.0	0.9	0.2	-1.0	0.0	-1.0	-1.0	-1.0	0.0	0.0	0.0	-1.0	-1.0	0.0	0.0	0.0	-1.0	0.0
20:27:23	158.1	354.1	354.2	354.6	354.9	354.8	0.2	0.1	1.0	44.0	0.1	1.0	0.1	354.9	354.1	0.2	0.0	354.5	354.5	355.4	355.4	354.9	360.7	95.4	158.0	83.4	6.6	355.3	355.0	44.0	53.2	5.6	43.8	0.0	6.4	.Autoclave.Outputs.PRESSIP\OutputValue	-6.0	0.8	0.5	-1.0	0.0	-1.0	-1.0	-1.0	0.0	0.0	0.0	-1.0	-1.0	0.0	0.0	0.0	-1.0	0.0
20:28:23	159.0	354.2	354.3	354.7	353.9	354.7	0.2	0.1	0.9	43.9	0.1	0.9	0.1	354.7	353.9	0.1	-0.1	354.4	354.3	355.1	355.1	354.7	360.8	95.4	159.0	84.5	5.5	355.2	355.0	44.0	53.9	5.6	44.8	0.0	7.9	.Autoclave.Outputs.PRESSIP\OutputValue	-6.0	0.8	0.4	-1.0	0.0	-1.0	-1.0	-1.0	0.0	0.0	0.0	-1.0	-1.0	0.0	0.0	0.0	-1.0	0.0
20:29:22	160.0	354.1	354.2	354.7	354.6	354.9	0.2	0.2	1.0	44.1	0.1	1.0	0.2	354.9	354.1	0.1	-0.1	354.5	354.5	355.1	355.1	354.7	360.9	95.4	160.0	85.4	4.6	355.3	355.0	44.0	55.3	5.6	42.7	0.0	10.5	.Autoclave.Outputs.PRESSIP\OutputValue	-6.0	0.8	0.2	-1.0	0.0	-1.0	-1.0	-1.0	0.0	0.0	0.0	-1.0	-1.0	0.0	0.0	0.0	-1.0	0.0
20:30:22	161.0	354.3	354.2	354.7	354.8	355.0	0.2	0.1	0.9	44.0	0.1	0.9	0.1	355.0	354.2	0.2	-0.7	354.6	354.6	355.2	355.2	354.8	361.0	95.5	161.0	86.4	3.6	355.1	355.0	44.0	53.9	5.6	44.4	0.0	7.9	.Autoclave.Outputs.PRESSIP\OutputValue	-6.0	0.8	0.2	-1.0	0.0	-1.0	-1.0	-1.0	0.0	0.0	0.0	-1.0	-1.0	0.0	0.0	0.0	-1.0	0.0
20:31:23	162.0	354.1	354.4	354.7	354.8	355.1	0.1	0.1	0.9	44.5	0.1	0.9	0.1	355.1	354.1	0.6	-0.2	354.6	354.6	355.2	355.3	354.8	360.9	95.4	162.0	87.5	2.5	355.2	355.0	44.0	52.6	5.6	43.6	0.0	5.2	.Autoclave.Outputs.PRESSIP\OutputValue	-6.0	1.0	0.1	-1.0	0.0	-1.0	-1.0	-1.0	0.0	0.0	0.0	-1.0	-1.0	0.0	0.0	0.0	-1.0	0.0
20:32:23	163.0	354.2	354.3	354.6	354.7	354.7	0.2	0.2	0.9	44.1	0.1	0.9	0.2	354.7	354.2	0.4	-0.1	354.5	354.4	355.4	355.4	354.9	361.0	95.6	163.0	88.5	1.5	355.1	355.0	44.0	52.6	5.6	42.7	0.0	5.2	.Autoclave.Outputs.PRESSIP\OutputValue	-6.0	0.5	0.7	-1.0	0.0	-1.0	-1.0	-1.0	0.0	0.0	0.0	-1.0	-1.0	0.0	0.0	0.0	-1.0	0.0
20:33:22	164.0	354.2	354.3	354.7	354.9	355.1	0.1	0.2	1.0	44.3	0.1	1.0	0.1	355.1	354.2	0.1	-0.7	354.6	354.6	355.2	355.2	354.7	360.8	95.7	164.0	89.4	0.6	355.1	355.0	44.0	53.3	5.6	41.4	0.0	6.5	.Autoclave.Outputs.PRESSIP\OutputValue	-6.0	0.9	0.1	-1.0	0.0	-1.0	-1.0	-1.0	0.0	0.0	0.0	-1.0	-1.0	0.0	0.0	0.0	-1.0	0.0
20:33:56	164.6	354.2	354.3	354.7	354.9	354.5	0.2	0.2	0.9	44.4	0.1	0.9	0.2	354.9	354.2	0.1	-0.3	354.5	354.5	355.4	355.4	354.9	361.1	95.7	164.6	90.0	0.0	355.2	355.0	44.0	53.3	5.6	41.4	0.0	6.5	.Autoclave.Outputs.PRESSIP\OutputValue	-6.0	0.7	0.6	-1.0	0.0	-1.0	-1.0	-1.0	0.0	0.0	0.0	-1.0	-1.0	0.0	0.0	0.0	-1.0	0.0
20:34:23	165.1	354.1	354.3	353.6	354.7	354.6	0.1	0.1	0.9	43.3	0.1	0.9	0.1	354.7	353.6	0.1	-0.2	354.3	354.1	351.8	351.4	350.8	333.5	95.4	165.0	0.4	0.0	353.0	353.0	44.0	62.0	5.6	50.8	0.0	24.0	.Autoclave.Outputs.PRESSIP\OutputValue	-5.8	1.1	-2.9	-1.0	0.0	-1.0	-1.0	-1.0	0.0	0.0	0.0	-1.0	-1.0	0.0	0.0	0.0	-1.0	0.0
20:35:23	166.0	351.1	353.3	351.6	353.5	352.8	0.1	0.1	0.9	44.5	0.1	0.9	0.1	353.5	351.1	-0.8	-3.3	352.5	352.3	347.5	347.5	347.0	353.5	95.9	166.0	1.4	0.0	348.5	348.5	44.0	62.4	6.0	38.5	0.0	24.8	.Autoclave.Outputs.PRESSIP\OutputValue	-6.0	2.4	-6.0	-1.0	0.0	-1.0	-1.0	-1.0	0.0	0.0	0.0	-1.0	-1.0	0.0	0.0	0.0	-1.0	0.0
20:36:23	167.1	349.7	352.3	349.3	352.2	351.8	0.2	0.1	0.9	43.1	0.1	0.9	0.1	352.3	349.3	-0.7	-1.3	351.1	350.8	340.7	340.7	340.1	323.4	95.5	167.0	2.4	0.0	344.0	344.0	44.0	73.7	5.9	52.8	0.0	47.5	.Autoclave.Outputs.PRESSIP\OutputValue	-5.8	3.0	-11.6	-1.0	0.0	-1.0	-1.0	-1.0	0.0	0.0	0.0	-1.0	-1.0	0.0	0.0	0.0	-1.0	0.0
20:37:22	168.0	346.0	350.4	347.6	350.1	349.2	0.2	0.1	0.8	44.1	0.1	0.8	0.1	350.4	346.0	-2.0	-3.8	348.7	348.2	338.9	338.9	338.4	343.5	95.8	168.0	3.4	0.0	339.5	339.5	44.0	59.6	6.3	43.0	0.0	19.1	.Autoclave.Outputs.PRESSIP\OutputValue	-5.8	4.4	-11.5	-1.0	0.0	-1.0	-1.0	-1.0	0.0	0.0	0.0	-1.0	-1.0	0.0	0.0	0.0	-1.0	0.0
20:38:22	169.0	343.8	348.6	344.4	348.4	347.2	0.1	0.2	0.8	43.4	0.1	0.8	0.1	348.6	343.8	-1.1	-2.5	346.5	346.2	329.9	329.9	329.6	321.3	95.8	169.0	4.4	0.0	335.0	335.0	44.0	86.9	6.3	50.6	0.0	73.8	.Autoclave.Outputs.PRESSIP\OutputValue	-5.4	4.8	-18.8	-1.0	0.0	-1.0	-1.0	-1.0	0.0	0.0	0.0	-1.0	-1.0	0.0	0.0	0.0	-1.0	0.0
20:39:23	170.1	340.3	346.3	343.2	346.3	344.4	0.1	0.2	0.8	44.3	0.1	0.8	0.1	346.3	340.3	-2.2	-4.0	344.1	343.3	330.6	330.6	330.3	333.9	95.8	170.0	5.4	0.0	330.5	330.5	44.0	53.8	6.6	42.0	0.0	7.6	.Autoclave.Outputs.PRESSIP\OutputValue	-5.4	6.0	-15.8	-1.0	0.0	-1.0	-1.0	-1.0	0.0	0.0	0.0	-1.0	-1.0	0.0	0.0	0.0	-1.0	0.0
20:39:28	170.1	340.2	345.9	343.0	346.0	344.5	0.1	0.1	0.8	43.7	0.1	0.8	0.1	346.0	340.2	-2.2	-3.5	343.9	343.1	330.5	330.5	330.0	333.3	95.8	170.1	5.5	0.0	330.2	330.2	44.0	52.9	6.6	46.7	0.0	5.8	.Autoclave.Outputs.PRESSIP\OutputValue	-5.4	5.8	-15.8	-1.0	0.0	-1.0	-1.0	-1.0	0.0	0.0	0.0	-1.0	-1.0	0.0	0.0	0.0	-1.0	0.0
20:40:23	171.1	336.8	343.7	339.5	343.3	342.2	0.1	0.1	0.7	44.5	0.1	0.7	0.1	343.7	336.8	-2.2	-3.4	341.1	340.3	322.1	322.1	321.7	324.7	96.1	171.0	0.9	0.0	326.0	326.0	44.0	81.3	6.8	40.1	0.0	62.5	.Autoclave.Outputs.PRESSIP\OutputValue	-5.2	6.9	-21.7	-1.0	0.0	-1.0	-1.0	-1.0	0.0	0.0	0.0	-1.0	-1.0	0.0	0.0	0.0	-1.0	0.0
20:41:23	172.0	333.9	341.0	338.1	342.4	340.2	0.1	0.1	0.7	43.5	0.1	0.7	0.1	342.4	333.9	-1.5	-3.3	339.1	338.1	322.7	322.7	322.1	321.0	96.0	172.0	1.9	0.0	321.5	321.5	44.0	46.7	6.9	50.1	-1.0	0.0	.Autoclave.Outputs.PRESSIP\OutputValue	-4.8	8.5	-19.7	-1.0	0.0	-1.0	-1.0	-1.0	0.0	0.0	0.0	-1.0	-1.0	0.0	0.0	0.0	-1.0	0.0
20:42:23	173.0	329.5	338.1	334.5	338.3	336.8	0.1	0.1	0.6	43.8	0.1	0.6	0.1	338.3	329.5	-2.9	-4.2	335.4	333.9	315.9	315.9	315.3	317.6	96.2	173.0	2.9	0.0	317.1	317.1	44.0	63.4	7.1	43.4	0.0	26.9	.Autoclave.Outputs.PRESSIP\OutputValue	-4.5	8.7	-22.4	-1.0	0.0	-1.0	-1.0	-1.0	0.0	0.0	0.0	-1.0	-1.0	0.0	0.0	0.0	-1.0	0.0
20:43:23	174.1	326.7	335.2	331.0	335.7	334.1	0.1	0.1	0.6	44.2	0.1	0.6	0.1	335.7	326.7	-1.8	-3.0	332.5	331.2	308.7	308.5	307.9	299.2	96.3	174.0	3.9	0.0	312.6	312.5	44.0	81.5	7.1	43.2	0.0	63.0	.Autoclave.Outputs.PRESSIP\OutputValue	-4.3	8.9	-27.0	-1.0	0.0	-1.0	-1.0	-1.0	0.0	0.0	0.0	-1.0	-1.0	0.0	0.0	0.0	-1.0	0.0
20:44:23	175.0	322.5	331.6	328.8	332.3	330.6	0.1	0.1	0.6	44.7	0.1	0.6	0.1	332.3	322.5	-2.9	-4.3	329.1	327.4	308.3	308.3	307.9	310.1	96.3	175.0	4.9	0.0	308.0	308.0	44.0	53.9	7.3	43.1	0.0	7.8	.Autoclave.Outputs.PRESSIP\OutputValue	-5.2	9.7	-24.0	-1.0	0.0	-1.0	-1.0	-1.0	0.0	0.0	0.0	-1.0	-1.0	0.0	0.0	0.0	-1.0	0.0
20:45:22	176.0	318.6	328.8	325.2	329.7	327.5	0.1	0.1	0.5	44.4	0.1	0.5	0.1	329.7	318.6	-2.8	-4.1	325.9	324.1	301.4	301.4	300.9	303.7	96.3	176.0	5.9	0.0	303.5	303.5	44.0	69.5	7.5	40.8	0.0	39.0	.Autoclave.Outputs.PRESSIP\OutputValue	-5.3	11.0	-28.2	-1.0	0.0	-1.0	-1.0	-1.0	0.0	0.0	0.0	-1.0	-1.0	0.0	0.0	0.0	-1.0	0.0
20:46:23	177.1	315.6	325.3	323.1	326.4	324.7	0.1	0.1	0.5	43.4	0.1	0.5	0.1	326.4	315.6	-2.1	-3.3	323.0	321.0	300.1	300.1	299.6	298.4	96.1	177.0	6.9	0.0	299.0	299.0	44.0	48.1	7.5	50.5	-1.0	0.0	.Autoclave.Outputs.PRESSIP\OutputValue	-5.1	10.7	-26.2	-1.0	0.0	-1.0	-1.0	-1.0	0.0	0.0	0.0	-1.0	-1.0	0.0	0.0	0.0	-1.0	0.0
20:47:23	178.0	311.1	321.9	319.1	323.2	320.9	0.0	0.1	0.5	43.9	0.1	0.5	0.0	323.2	311.1	-3.4	-4.4	319.2	317.1	294.4	294.4	294.0	294.2	96.2	178.0	7.9	0.0	294.5	294.5	44.0	57.0	7.6	46.9	0.0	13.9	.Autoclave.Outputs.PRESSIP\OutputValue	-4.6	12.0	-28.7	-1.0	0.0	-1.0	-1.0	-1.0	0.0	0.0	0.0	-1.0	-1.0	0.0	0.0	0.0	-1.0	0.0
20:48:22	179.0	308.0	318.7	316.0	320.4	317.7	0.1	0.1	0.5	43.8	0.1	0.5	0.1	320.4	308.0	-2.7	-3.6	316.1	314.2	288.5	288.5	288.0	273.1	96.3	179.0	8.9	0.0	290.0	290.0	44.0	63.7	7.6	47.6	0.0	27.4	.Autoclave.Outputs.PRESSIP\OutputValue	-4.1	12.3	-31.8	-1.0	0.0	-1.0	-1.0	-1.0	0.0	0.0	0.0	-1.0	-1.0	0.0	0.0	0.0	-1.0	0.0
20:49:22	180.0	303.6	315.0	312.7	316.0	314.0	0.1	0.1	0.4	44.2	0.1	0.4	0.1	316.0	303.6	-3.4	-4.8	312.2	309.8	285.8	285.8	285.3	284.7	96.3	180.0	9.9	0.0	285.5	285.5	44.0	53.9	7.8	45.8	0.0	7.8	.Autoclave.Outputs.PRESSIP\OutputValue	-4.2	12.3	-30.1	-1.0	0.0	-1.0	-1.0	-1.0	0.0	0.0	0.0	-1.0	-1.0	0.0	0.0	0.0	-1.0	0.0
20:50:22	181.0	299.7	311.3	308.2	312.2	310.2	0.1	0.0	0.4	44.1	0.1	0.4	0.0	312.2	299.7	-3.6	-4.5	308.3	305.9	277.6	277.5	277.0	274.7	96.4	181.0	10.9	0.0	281.0	281.0	44.0	78.6	7.8	41.5	0.0	57.3	.Autoclave.Outputs.PRESSIP\OutputValue	-3.9	12.4	-34.5	-1.0	0.0	-1.0	-1.0	-1.0	0.0	0.0	0.0	-1.0	-1.0	0.0	0.0	0.0	-1.0	0.0
20:51:23	182.0	295.4	307.6	305.8	308.1	306.5	0.0	0.1	0.4	44.1	0.1	0.4	0.0	308.1	295.4	-3.2	-4.4	304.7	301.7	277.0	277.0	276.7	276.1	96.2	182.0	11.9	0.0	276.5	276.5	44.0	51.2	7.8	45.1	0.0	2.4	.Autoclave.Outputs.PRESSIP\OutputValue	-4.4	12.6	-31.0	-1.0	0.0	-1.0	-1.0	-1.0	0.0	0.0	0.0	-1.0	-1.0	0.0	0.0	0.0	-1.0	0.0
20:52:23	183.1	291.2	303.7	301.5	304.5	302.0	0.1	0.1	0.4	43.6	0.1	0.4	0.1	304.5	291.2	-3.3	-4.6	300.6	297.9	270.5	270.5	270.1	272.0	96.0	183.0	12.9	0.0	272.0	272.0	44.0	66.0	7.9	49.9	0.0	32.1	.Autoclave.Outputs.PRESSIP\OutputValue	-3.9	13.3	-34.0	-1.0	0.0	-1.0	-1.0	-1.0	0.0	0.0	0.0	-1.0	-1.0	0.0	0.0	0.0	-1.0	0.0
20:53:23	184.1	287.3	300.0	298.2	301.2	299.1	0.1	0.1	0.4	43.7	0.1	0.4	0.1	301.2	287.3	-2.5	-3.6	297.2	294.3	267.2	267.2	266.9	254.5	96.0	184.0	13.9	0.0	267.5	267.5	44.0	56.0	7.9	49.4	0.0	12.1	.Autoclave.Outputs.PRESSIP\OutputValue	-3.2	13.9	-34.0	-1.0	0.0	-1.0	-1.0	-1.0	0.0	0.0	0.0	-1.0	-1.0	0.0	0.0	0.0	-1.0	0.0
20:54:23	185.0	283.0	296.3	295.0	297.5	295.1	0.0	0.1	0.4	44.2	0.1	0.4	0.0	297.5	283.0	-4.0	-4.6	293.4	290.3	263.9	263.9	263.5	262.6	96.1	185.0	14.9	0.0	263.0	263.0	44.0	49.5	8.0	44.8	-1.0	0.0	.Autoclave.Outputs.PRESSIP\OutputValue	-3.3	14.5	-33.6	-1.0	0.0	-1.0	-1.0	-1.0	0.0	0.0	0.0	-1.0	-1.0	0.0	0.0	0.0	-1.0	0.0
20:55:22	186.0	278.7	292.2	290.9	293.3	290.7	0.1	0.0	0.4	44.1	0.1	0.4	0.0	293.3	278.7	-3.8	-4.1	289.2	286.0	259.3	259.1	258.8	258.1	96.1	186.0	15.9	0.0	258.5	258.5	44.0	51.0	8.1	46.1	0.0	1.9	.Autoclave.Outputs.PRESSIP\OutputValue	-2.9	14.6	-34.0	-1.0	0.0	-1.0	-1.0	-1.0	0.0	0.0	0.0	-1.0	-1.0	0.0	0.0	0.0	-1.0	0.0
20:56:23	187.1	274.6	288.5	286.7	289.6	286.9	0.1	0.0	0.3	44.2	0.1	0.3	0.0	289.6	274.6	-3.8	-4.5	285.3	282.1	251.5	251.5	251.0	251.7	96.2	187.0	16.9	0.0	254.0	254.0	44.0	73.6	8.1	45.2	0.0	47.3	.Autoclave.Outputs.PRESSIP\OutputValue	-2.5	15.0	-38.1	-1.0	0.0	-1.0	-1.0	-1.0	0.0	0.0	0.0	-1.0	-1.0	0.0	0.0	0.0	-1.0	0.0
20:57:23	188.0	270.2	284.4	282.6	285.2	282.4	0.0	0.0	0.3	43.7	0.1	0.3	0.0	285.2	270.2	-4.0	-4.4	281.0	277.7	246.7	246.7	246.2	244.2	96.1	188.0	17.9	0.0	249.5	249.5	44.0	75.0	8.2	45.8	0.0	50.0	.Autoclave.Outputs.PRESSIP\OutputValue	-2.5	15.0	-38.5	-1.0	0.0	-1.0	-1.0	-1.0	0.0	0.0	0.0	-1.0	-1.0	0.0	0.0	0.0	-1.0	0.0
20:58:23	189.0	266.2	280.4	278.9	281.3	278.8	0.0	0.0	0.3	43.8	0.1	0.3	0.0	281.3	266.2	-3.5	-4.5	277.1	273.8	243.7	243.5	243.0	232.9	95.9	189.0	18.9	0.0	245.0	245.0	44.0	65.0	8.2	53.9	0.0	30.0	.Autoclave.Outputs.PRESSIP\OutputValue	-2.3	15.1	-37.6	-1.0	0.0	-1.0	-1.0	-1.0	0.0	0.0	0.0	-1.0	-1.0	0.0	0.0	0.0	-1.0	0.0
20:59:22	190.0	261.8	276.3	275.0	277.7	274.5	0.0	0.1	0.3	43.0	0.1	0.3	0.0	277.7	261.8	-4.1	-4.5	273.1	269.8	240.7	240.7	240.1	228.6	95.9	190.0	19.9	0.0	240.5	240.5	44.0	54.5	8.2	57.9	0.0	9.1	.Autoclave.Outputs.PRESSIP\OutputValue	-2.1	15.9	-37.0	-1.0	0.0	-1.0	-1.0	-1.0	0.0	0.0	0.0	-1.0	-1.0	0.0	0.0	0.0	-1.0	0.0
21:00:22	191.0	257.3	272.1	271.3	274.2	270.9	0.1	0.1	0.3	43.6	0.1	0.3	0.1	274.2	257.3	-3.1	-4.7	269.2	265.8	237.3	237.2	236.8	231.8	95.9	191.0	20.9	0.0	236.0	236.0	44.0	47.9	8.3	51.5	-1.0	0.0	.Autoclave.Outputs.PRESSIP\OutputValue	-2.3	16.9	-36.9	-1.0	0.0	-1.0	-1.0	-1.0	0.0	0.0	0.0	-1.0	-1.0	0.0	0.0	0.0	-1.0	0.0
21:01:22	192.0	253.2	267.9	267.7	269.0	266.2	0.0	0.1	0.4	43.6	0.1	0.4	0.0	269.0	253.2	-3.6	-4.6	264.8	261.1	232.7	232.7	232.2	232.5	95.9	192.0	21.9	0.0	231.5	231.5	44.0	48.6	8.3	52.2	-1.0	0.0	.Autoclave.Outputs.PRESSIP\OutputValue	-1.8	15.8	-36.3	-1.0	0.0	-1.0	-1.0	-1.0	0.0	0.0	0.0	-1.0	-1.0	0.0	0.0	0.0	-1.0	0.0
21:02:23	193.1	248.5	263.9	263.3	265.3	261.4	0.1	0.1	0.4	43.5	0.1	0.4	0.1	265.3	248.5	-4.2	-4.7	260.5	256.9	228.3	228.1	227.7	227.2	95.9	193.0	22.9	0.0	227.0	227.0	44.0	47.9	8.4	49.1	-1.0	0.0	.Autoclave.Outputs.PRESSIP\OutputValue	-1.1	16.8	-37.0	-1.0	0.0	-1.0	-1.0	-1.0	0.0	0.0	0.0	-1.0	-1.0	0.0	0.0	0.0	-1.0	0.0
21:03:22	194.0	244.0	259.7	259.4	261.5	257.7	0.0	0.1	0.4	43.8	0.1	0.4	0.0	261.5	244.0	-3.8	-4.5	256.5	252.8	223.6	223.6	223.1	223.5	95.9	194.0	23.9	0.0	222.5	222.5	44.0	49.4	8.4	51.4	-1.0	0.0	.Autoclave.Outputs.PRESSIP\OutputValue	-0.4	17.5	-37.9	-1.0	0.0	-1.0	-1.0	-1.0	0.0	0.0	0.0	-1.0	-1.0	0.0	0.0	0.0	-1.0	0.0
21:04:22	195.0	239.8	255.6	255.4	256.9	253.5	0.1	0.1	0.4	43.9	0.1	0.4	0.1	256.9	239.8	-4.0	-4.6	252.3	248.4	218.9	218.9	218.5	220.1	95.8	195.0	24.9	0.0	218.0	218.0	44.0	51.5	8.5	50.6	0.0	3.0	.Autoclave.Outputs.PRESSIP\OutputValue	0.0	17.1	-38.0	-1.0	0.0	-1.0	-1.0	-1.0	0.0	0.0	0.0	-1.0	-1.0	0.0	0.0	0.0	-1.0	0.0
21:05:23	196.1	235.4	251.6	251.2	252.6	249.2	0.0	0.1	0.4	43.5	0.1	0.4	0.0	252.6	235.4	-3.9	-4.7	248.0	244.0	214.3	214.3	214.0	214.3	95.9	196.0	25.9	0.0	213.5	213.5	44.0	51.4	8.5	53.6	0.0	2.8	.Autoclave.Outputs.PRESSIP\OutputValue	0.8	17.2	-38.3	-1.0	0.0	-1.0	-1.0	-1.0	0.0	0.0	0.0	-1.0	-1.0	0.0	0.0	0.0	-1.0	0.0
21:06:22	197.0	231.2	247.3	246.8	248.3	244.7	0.0	0.1	0.4	44.1	0.1	0.4	0.0	248.3	231.2	-3.9	-4.7	243.7	239.8	209.5	209.4	209.1	209.8	95.9	197.0	26.9	0.0	209.0	209.0	44.0	53.5	8.5	50.3	0.0	7.1	.Autoclave.Outputs.PRESSIP\OutputValue	1.5	17.1	-38.8	-1.0	0.0	-1.0	-1.0	-1.0	0.0	0.0	0.0	-1.0	-1.0	0.0	0.0	0.0	-1.0	0.0
21:07:23	198.0	226.6	243.0	242.6	244.3	240.5	0.1	0.1	0.5	44.2	0.1	0.5	0.1	244.3	226.6	-4.2	-4.7	239.4	235.5	205.1	205.1	204.8	205.9	96.0	198.0	27.9	0.0	204.5	204.5	44.0	52.8	8.5	47.4	0.0	5.6	.Autoclave.Outputs.PRESSIP\OutputValue	1.6	17.7	-39.2	-1.0	0.0	-1.0	-1.0	-1.0	0.0	0.0	0.0	-1.0	-1.0	0.0	0.0	0.0	-1.0	0.0
21:08:22	199.0	222.2	238.8	238.6	239.7	236.1	0.0	0.0	0.5	43.8	0.1	0.5	0.0	239.7	222.2	-3.9	-4.6	235.1	231.0	201.1	201.0	200.6	200.8	95.7	199.0	28.9	0.0	200.0	200.0	44.0	49.5	8.5	50.7	-1.0	0.0	.Autoclave.Outputs.PRESSIP\OutputValue	1.7	17.5	-38.6	-1.0	0.0	-1.0	-1.0	-1.0	0.0	0.0	0.0	-1.0	-1.0	0.0	0.0	0.0	-1.0	0.0
21:09:23	200.1	217.8	234.4	234.6	235.6	231.7	0.1	0.0	0.6	44.1	0.1	0.6	0.0	235.6	217.8	-4.2	-4.5	230.8	226.7	196.8	196.8	196.5	197.5	95.6	200.0	29.9	0.0	195.5	195.5	44.0	48.2	8.5	50.9	-1.0	0.0	.Autoclave.Outputs.PRESSIP\OutputValue	1.8	17.8	-38.8	-1.0	0.0	-1.0	-1.0	-1.0	0.0	0.0	0.0	-1.0	-1.0	0.0	0.0	0.0	-1.0	0.0
21:10:22	201.0	213.5	230.1	230.6	231.6	227.3	0.0	0.0	0.6	43.9	0.1	0.6	0.0	231.6	213.5	-4.2	-4.5	226.6	222.5	192.2	192.1	191.8	191.8	95.6	201.0	30.9	0.0	191.0	191.0	44.0	48.9	8.4	52.8	-1.0	0.0	.Autoclave.Outputs.PRESSIP\OutputValue	2.2	18.2	-39.4	-1.0	0.0	-1.0	-1.0	-1.0	0.0	0.0	0.0	-1.0	-1.0	0.0	0.0	0.0	-1.0	0.0
21:11:22	202.0	209.2	225.9	225.9	226.9	223.2	0.0	0.0	0.7	43.6	0.1	0.7	0.0	226.9	209.2	-4.1	-4.4	222.2	218.0	188.2	188.2	187.8	186.3	95.5	202.0	31.9	0.0	186.5	186.5	44.0	46.2	8.4	56.2	-1.0	0.0	.Autoclave.Outputs.PRESSIP\OutputValue	2.7	17.8	-38.7	-1.0	0.0	-1.0	-1.0	-1.0	0.0	0.0	0.0	-1.0	-1.0	0.0	0.0	0.0	-1.0	0.0
21:12:22	203.0	205.0	221.6	221.6	222.8	218.8	0.0	0.0	0.7	43.5	0.1	0.7	0.0	222.8	205.0	-4.2	-4.8	218.0	213.9	183.4	183.4	182.9	178.9	95.5	203.0	32.9	0.0	182.0	182.0	44.0	47.6	8.4	58.2	-1.0	0.0	.Autoclave.Outputs.PRESSIP\OutputValue	3.3	17.9	-39.4	-1.0	0.0	-1.0	-1.0	-1.0	0.0	0.0	0.0	-1.0	-1.0	0.0	0.0	0.0	-1.0	0.0
21:13:23	204.0	200.6	217.2	217.5	218.7	214.5	0.0	0.1	0.8	44.0	0.1	0.8	0.0	218.7	200.6	-3.9	-4.4	213.7	209.6	178.9	178.9	178.5	172.3	95.4	204.0	33.9	0.0	177.5	177.5	44.0	47.4	8.3	53.3	-1.0	0.0	.Autoclave.Outputs.PRESSIP\OutputValue	3.5	18.1	-39.8	-1.0	0.0	-1.0	-1.0	-1.0	0.0	0.0	0.0	-1.0	-1.0	0.0	0.0	0.0	-1.0	0.0
21:14:22	205.0	196.6	212.9	213.2	214.3	210.2	0.0	0.0	0.8	43.5	0.1	0.8	0.0	214.3	196.6	-4.2	-4.5	209.4	205.4	174.3	174.2	173.8	167.9	95.3	205.0	34.9	0.0	173.0	173.0	44.0	48.2	8.3	62.7	-1.0	0.0	.Autoclave.Outputs.PRESSIP\OutputValue	4.0	17.7	-40.0	-1.0	0.0	-1.0	-1.0	-1.0	0.0	0.0	0.0	-1.0	-1.0	0.0	0.0	0.0	-1.0	0.0
21:15:22	206.0	191.8	208.7	208.3	209.9	205.6	0.0	0.1	0.8	43.3	0.1	0.8	0.0	209.9	191.8	-4.2	-4.9	204.8	200.8	169.0	169.0	168.5	162.5	95.2	206.0	35.9	0.0	168.5	168.5	44.0	53.4	8.2	61.7	0.0	6.9	.Autoclave.Outputs.PRESSIP\OutputValue	4.9	18.1	-40.9	-1.0	0.0	-1.0	-1.0	-1.0	0.0	0.0	0.0	-1.0	-1.0	0.0	0.0	0.0	-1.0	0.0
21:16:23	207.0	187.5	204.4	204.0	205.7	201.4	0.0	0.1	0.9	43.6	0.1	0.9	0.0	205.7	187.5	-4.3	-4.7	200.6	196.6	164.0	163.9	163.5	158.1	95.3	207.0	36.9	0.0	164.0	164.0	44.0	56.7	8.1	60.3	0.0	13.3	.Autoclave.Outputs.PRESSIP\OutputValue	5.8	18.2	-41.7	-1.0	0.0	-1.0	-1.0	-1.0	0.0	0.0	0.0	-1.0	-1.0	0.0	0.0	0.0	-1.0	0.0
21:17:23	208.0	183.2	200.2	199.8	201.3	196.9	0.0	0.1	0.9	43.7	0.1	0.9	0.0	201.3	183.2	-3.7	-4.5	196.3	192.2	160.5	160.4	160.0	153.7	95.3	208.0	37.9	0.0	159.5	159.5	44.0	49.9	8.1	61.1	-1.0	0.0	.Autoclave.Outputs.PRESSIP\OutputValue	6.6	18.1	-40.8	-1.0	0.0	-1.0	-1.0	-1.0	0.0	0.0	0.0	-1.0	-1.0	0.0	0.0	0.0	-1.0	0.0
21:18:22	209.0	178.5	195.7	195.8	197.0	192.6	0.0	0.1	1.0	43.7	0.1	1.0	0.0	197.0	178.5	-4.4	-4.7	191.9	187.7	156.1	156.1	155.6	150.9	95.0	209.0	38.9	0.0	155.0	155.0	44.0	47.9	8.0	60.6	-1.0	0.0	.Autoclave.Outputs.PRESSIP\OutputValue	7.2	18.5	-40.9	-1.0	0.0	-1.0	-1.0	-1.0	0.0	0.0	0.0	-1.0	-1.0	0.0	0.0	0.0	-1.0	0.0
21:19:23	210.1	173.9	191.2	191.6	192.7	188.2	0.0	0.1	1.1	44.0	0.1	1.1	0.0	192.7	173.9	-4.2	-4.7	187.5	183.3	152.0	152.0	151.6	147.3	95.0	210.0	39.9	0.0	150.5	150.5	44.0	46.5	7.9	65.1	-1.0	0.0	.Autoclave.Outputs.PRESSIP\OutputValue	8.0	18.8	-40.7	-1.0	0.0	-1.0	-1.0	-1.0	0.0	0.0	0.0	-1.0	-1.0	0.0	0.0	0.0	-1.0	0.0
21:20:23	211.0	169.5	187.0	187.4	188.2	183.8	0.0	0.1	1.1	43.8	0.1	1.1	0.0	188.2	169.5	-4.2	-4.6	183.2	178.8	147.9	147.9	147.6	145.6	94.9	211.0	40.9	0.0	146.0	146.0	44.0	43.7	7.8	59.7	-1.0	0.0	.Autoclave.Outputs.PRESSIP\OutputValue	8.0	18.7	-40.3	-1.0	0.0	-1.0	-1.0	-1.0	0.0	0.0	0.0	-1.0	-1.0	0.0	0.0	0.0	-1.0	0.0
21:21:23	212.1	164.9	182.7	182.4	183.8	179.3	0.0	0.0	1.1	43.8	0.1	1.1	0.0	183.8	164.9	-4.3	-4.8	178.6	174.3	141.8	141.8	141.4	140.7	94.9	212.0	41.9	0.0	141.5	141.5	44.0	54.9	7.7	59.7	0.0	9.8	.Autoclave.Outputs.PRESSIP\OutputValue	8.0	18.9	-42.0	-1.0	0.0	-1.0	-1.0	-1.0	0.0	0.0	0.0	-1.0	-1.0	0.0	0.0	0.0	-1.0	0.0
21:22:23	213.1	160.8	178.2	178.3	179.6	174.8	0.1	0.0	1.2	43.2	0.1	1.2	0.0	179.6	160.8	-4.2	-4.5	174.3	170.2	137.8	137.6	137.2	134.1	94.9	213.0	42.9	0.0	137.1	137.1	44.0	49.9	7.6	63.8	-1.0	0.0	.Autoclave.Outputs.PRESSIP\OutputValue	8.0	18.8	-41.8	-1.0	0.0	-1.0	-1.0	-1.0	0.0	0.0	0.0	-1.0	-1.0	0.0	0.0	0.0	-1.0	0.0
21:23:23	214.0	156.6	173.9	174.7	175.3	170.9	0.0	0.1	1.3	43.6	0.1	1.3	0.0	175.3	156.6	-3.7	-4.6	170.3	165.9	134.6	134.4	134.0	131.4	94.7	214.0	43.9	0.0	132.6	132.5	44.0	42.3	7.4	62.9	-1.0	0.0	.Autoclave.Outputs.PRESSIP\OutputValue	8.0	18.7	-40.7	-1.0	0.0	-1.0	-1.0	-1.0	0.0	0.0	0.0	-1.0	-1.0	0.0	0.0	0.0	-1.0	0.0
21:24:22	215.0	152.1	169.7	170.0	170.9	166.3	0.0	0.1	1.3	43.7	0.1	1.3	0.0	170.9	152.1	-4.2	-4.4	165.8	161.5	129.8	129.8	129.3	127.0	94.7	215.0	44.9	0.0	128.0	128.0	44.0	43.9	7.3	60.6	-1.0	0.0	.Autoclave.Outputs.PRESSIP\OutputValue	8.0	18.8	-41.1	-1.0	0.0	-1.0	-1.0	-1.0	0.0	0.0	0.0	-1.0	-1.0	0.0	0.0	0.0	-1.0	0.0
21:25:23	216.1	147.9	165.3	165.8	166.6	162.1	0.0	0.1	1.4	43.6	0.1	1.4	0.0	166.6	147.9	-4.3	-4.6	161.5	157.2	125.3	125.3	124.9	123.4	94.6	216.0	45.9	0.0	123.5	123.5	44.0	43.0	7.1	61.6	-1.0	0.0	.Autoclave.Outputs.PRESSIP\OutputValue	8.0	18.7	-41.3	-1.0	0.0	-1.0	-1.0	-1.0	0.0	0.0	0.0	-1.0	-1.0	0.0	0.0	0.0	-1.0	0.0
21:26:22	217.0	143.9	160.9	161.8	162.4	158.0	0.0	0.1	1.5	43.5	0.1	1.5	0.0	162.4	143.9	-4.0	-4.6	157.4	153.1	122.8	122.8	122.3	120.9	94.7	217.0	46.9	0.0	119.0	119.0	44.0	29.6	6.9	62.9	-1.0	0.0	.Autoclave.Outputs.PRESSIP\OutputValue	8.0	18.5	-39.5	-1.0	0.0	-1.0	-1.0	-1.0	0.0	0.0	0.0	-1.0	-1.0	0.0	0.0	0.0	-1.0	0.0
21:27:23	218.0	140.1	156.9	157.7	158.4	153.9	0.0	0.1	1.5	43.4	0.1	1.5	0.0	158.4	140.1	-3.8	-4.2	153.4	149.2	119.1	119.1	118.8	118.1	94.6	218.0	47.9	0.0	114.5	114.5	44.0	23.1	6.5	64.2	-1.0	0.0	.Autoclave.Outputs.PRESSIP\OutputValue	8.0	18.3	-39.2	-1.0	0.0	-1.0	-1.0	-1.0	0.0	0.0	0.0	-1.0	-1.0	0.0	0.0	0.0	-1.0	0.0
21:28:23	219.1	136.6	153.1	154.4	154.5	150.0	0.0	0.1	1.6	43.6	0.1	1.6	0.0	154.5	136.6	-3.5	-4.1	149.7	145.5	116.5	116.5	116.2	116.1	94.5	219.0	48.9	0.0	110.0	110.0	44.0	9.9	5.9	61.8	-1.0	0.0	.Autoclave.Outputs.PRESSIP\OutputValue	8.0	17.9	-37.9	-1.0	0.0	-1.0	-1.0	-1.0	0.0	0.0	0.0	-1.0	-1.0	0.0	0.0	0.0	-1.0	0.0
21:29:22	220.0	133.6	149.4	150.8	150.9	146.4	0.0	0.1	1.6	43.7	0.1	1.6	0.0	150.9	133.6	-3.0	-3.7	146.2	142.2	114.5	114.4	114.2	113.7	94.3	220.0	49.9	0.0	105.5	105.5	44.0	0.0	0.0	60.3	-1.0	0.0	.Autoclave.Outputs.PRESSIP\OutputValue	8.0	17.3	-36.3	-1.0	0.0	-1.0	-1.0	-1.0	0.0	0.0	0.0	-1.0	-1.0	0.0	0.0	0.0	-1.0	0.0
21:30:22	221.0	130.5	145.8	147.9	147.3	143.2	0.0	0.1	1.7	43.6	0.2	1.7	0.0	147.9	130.5	-3.2	-3.8	142.9	139.2	112.6	112.6	112.2	112.0	94.3	221.0	50.9	0.0	101.2	101.1	44.0	0.0	0.0	62.3	-1.0	0.0	.Autoclave.Outputs.PRESSIP\OutputValue	8.0	17.5	-35.4	-1.0	0.0	-1.0	-1.0	-1.0	0.0	0.0	0.0	-1.0	-1.0	0.0	0.0	0.0	-1.0	0.0
21:30:23	221.0	130.5	145.8	147.9	147.3	143.1	0.0	0.1	1.7	43.5	0.1	1.7	0.0	147.9	130.5	-3.2	-3.8	142.9	139.2	112.5	112.5	112.2	111.9	94.3	221.0	0.0	0.0	101.1	101.0	43.7	0.0	0.0	62.5	-1.0	0.0	.Autoclave.Outputs.PRESSIP\OutputValue	8.0	17.5	-35.4	-1.0	0.0	-1.0	-1.0	-1.0	0.0	0.0	0.0	-1.0	-1.0	0.0	0.0	0.0	-1.0	0.0
21:31:23	222.1	127.2	142.2	144.4	143.7	139.6	0.0	0.0	1.5	34.5	0.1	1.5	0.0	144.4	127.2	-3.4	-3.6	139.4	135.8	106.7	106.7	106.2	105.9	93.0	222.0	1.0	0.0	96.5	96.5	33.8	0.0	0.0	50.8	-1.0	0.0	.Autoclave.Outputs.PRESSIP\OutputValue	7.0	17.3	-37.7	-1.0	0.0	-1.0	-1.0	-1.0	0.0	0.0	0.0	-1.0	-1.0	0.0	0.0	0.0	-1.0	0.0
21:32:23	223.0	124.1	138.8	141.2	140.5	136.5	0.0	0.1	1.1	25.0	0.1	1.1	0.0	141.2	124.1	-3.1	-3.6	136.2	132.7	102.5	102.5	102.1	101.8	92.5	223.0	2.0	0.0	92.0	92.0	23.7	0.0	0.0	48.9	-1.0	0.0	.Autoclave.Outputs.PRESSIP\OutputValue	5.8	17.2	-38.7	-1.0	0.0	-1.0	-1.0	-1.0	0.0	0.0	0.0	-1.0	-1.0	0.0	0.0	0.0	-1.0	0.0
21:33:23	224.0	121.4	135.7	139.1	137.7	133.8	0.0	0.1	0.7	14.7	0.1	0.7	0.0	139.1	121.4	-2.2	-3.1	133.5	130.3	98.6	98.5	98.0	97.7	91.7	224.0	3.0	0.0	87.5	87.5	13.7	0.0	0.0	47.0	-1.0	0.0	.Autoclave.Outputs.PRESSIP\OutputValue	4.4	17.8	-40.5	-1.0	0.0	-1.0	-1.0	-1.0	0.0	0.0	0.0	-1.0	-1.0	-1.0	0.0	0.0	-1.0	0.0
21:34:23	225.1	119.5	133.2	137.7	135.6	132.2	0.0	0.0	0.2	5.0	0.1	0.2	0.0	137.7	119.5	-1.6	-2.6	131.6	128.6	94.5	94.5	94.2	94.1	90.7	225.0	4.0	0.0	83.0	83.0	3.7	0.0	0.0	39.9	-1.0	0.0	.Autoclave.Outputs.PRESSIP\OutputValue	2.6	18.3	-43.2	-1.0	0.0	-1.0	-1.0	-1.0	0.0	0.0	0.0	-1.0	-1.0	-1.0	0.0	0.0	-1.0	0.0
21:35:09	225.8	118.6	131.6	137.5	134.6	131.2	-0.1	0.0	-0.2	1.0	0.1	0.0	-0.2	137.5	118.6	-0.4	-2.2	130.7	128.1	93.8	93.8	93.5	93.8	90.6	225.8	4.8	0.0	80.0	80.0	0.0	0.0	0.0	39.0	-1.0	0.0	.Autoclave.Outputs.PRESSIP\OutputValue	-0.5	19.0	-43.7	-1.0	0.0	-1.0	-1.0	-1.0	0.0	0.0	0.0	-1.0	-1.0	-1.0	0.0	0.0	-1.0	0.0
