

Time	Elapsed	PTC10	PTC11	PTC12	PTC13	PTC14	PTC15	VPRB3	VPRB4	PRESS	SVAC	HIPRB	LOPRB	HITC	LOTC	HIRATE	LORATE	AVGTC	MEAN	AIRTC	AIRTC1	AIRTC2	HILIMTC	CAPSTC	RUNTIME	SEGTIME	SEGTIMELEFT	TSET_AIR	TSET_PART	PSET	TEMPOUT	TEMPINT	PRESSOUT	COOLIP	SCROUT	PRESSIP	PRESSINT	SPREAD	AIRPARTDELTA	CAPSFLOW	SILENCE	BARLOCK	HIPSI	FANON	HYDON	FANSTARTSTOPPB	HYDPMPSTARTSTOPPB	COOLCNTRLONOFFSW	PRESSCNTRLONOFFSW	PRESSDUMPSW	PCMANUALSW	HILIMIT	BLWRMTRHILIMIT	MANINSIDE
HH:MM:SS	Mins	Deg.F	Deg.F	Deg.F	Deg.F	Deg.F	Deg.F	"Hg	"Hg	Psig	"Hg			Deg.F	Deg.F	Deg.F	Deg.F	Deg.F	Deg.F	Deg.F	Deg.F	Deg.F	Deg.F	Deg.F	Mins	Mins	Mins	Deg.F	Deg.F	Psig				%	%	%	%	Deg.F	Deg.F															
19:35:05	0.0	77.4	77.1	78.5	64.2	79.6	77.3	-28.0	-27.7	-0.4	-28.0	-27.7	-28.0	79.6	64.2	0.3	0.1	75.7	71.9	95.1	95.1	94.4	114.1	102.2	209.2	0.0	0.0	70.0	70.0	0.0	0.0	0.0	50.0	0.0	0.0	.Autoclave.Outputs.PRESSIP\OutputValue	8.0	15.4	15.5	-1.0	0.0	-1.0	-1.0	0.0	0.0	0.0	0.0	-1.0	-1.0	-1.0	0.0	0.0	-1.0	0.0
19:35:07	0.0	77.4	77.1	78.5	64.2	79.6	77.3	-28.0	-27.7	-0.4	-28.0	-27.7	-28.0	79.6	64.2	0.3	0.1	75.7	71.9	95.1	95.1	94.4	114.1	102.2	209.2	0.0	0.0	70.0	70.0	0.0	0.0	0.0	50.0	0.0	0.0	.Autoclave.Outputs.PRESSIP\OutputValue	8.0	15.4	15.5	-1.0	0.0	-1.0	-1.0	0.0	0.0	0.0	0.0	-1.0	-1.0	-1.0	0.0	0.0	-1.0	0.0
19:35:07	0.0	77.4	77.1	78.5	64.2	79.6	77.3	-28.0	-27.7	-0.4	-28.0	-27.7	-28.0	79.6	64.2	0.3	0.1	75.7	71.9	95.1	95.1	94.4	114.1	102.2	209.2	0.0	0.0	70.0	70.0	0.0	0.0	0.0	50.0	0.0	0.0	.Autoclave.Outputs.PRESSIP\OutputValue	8.0	15.4	15.5	-1.0	0.0	-1.0	-1.0	0.0	0.0	0.0	0.0	-1.0	-1.0	-1.0	0.0	0.0	-1.0	0.0
19:35:07	0.0	77.4	77.1	78.5	64.2	79.6	77.3	-28.0	-27.7	-0.4	-28.0	-27.7	-28.0	79.6	64.2	0.3	0.1	75.7	71.9	95.1	95.1	94.4	114.1	102.2	209.2	0.0	0.0	70.0	70.0	0.0	0.0	0.0	50.0	0.0	0.0	.Autoclave.Outputs.PRESSIP\OutputValue	8.0	15.4	15.5	-1.0	0.0	-1.0	-1.0	0.0	0.0	0.0	0.0	-1.0	-1.0	-1.0	0.0	0.0	-1.0	0.0
19:36:08	1.0	78.7	77.7	79.6	64.5	80.8	78.0	-28.1	-27.7	1.1	-28.0	-27.7	-28.1	80.8	64.5	1.4	0.1	76.6	72.6	96.6	96.6	95.8	100.4	99.2	1.0	1.0	0.0	87.3	84.1	1.5	0.0	0.0	61.4	-1.0	0.0	.Autoclave.Outputs.PRESSIP\OutputValue	8.0	16.3	15.8	-1.0	0.0	-1.0	-1.0	-1.0	0.0	0.0	0.0	-1.0	-1.0	0.0	0.0	0.0	-1.0	0.0
19:37:08	2.0	80.1	78.9	80.8	66.7	81.8	78.9	-27.9	-27.6	2.7	-28.0	-27.6	-27.9	81.8	66.7	2.0	1.0	77.9	74.2	96.4	96.4	95.7	98.7	98.9	2.0	2.0	0.0	95.3	88.6	3.0	40.0	-0.3	61.3	-1.0	0.0	.Autoclave.Outputs.PRESSIP\OutputValue	8.0	15.1	14.6	-1.0	0.0	-1.0	-1.0	-1.0	0.0	0.0	0.0	-1.0	-1.0	0.0	0.0	0.0	-1.0	0.0
19:38:08	3.1	81.6	80.1	81.7	65.3	83.0	79.8	-28.0	-27.6	3.6	-28.0	-27.6	-28.0	83.0	65.3	1.3	-0.5	78.6	74.1	100.6	100.6	100.0	115.2	98.7	3.0	3.0	0.0	103.2	93.1	4.5	64.2	-0.1	67.3	0.0	28.3	.Autoclave.Outputs.PRESSIP\OutputValue	8.0	17.7	17.6	-1.0	0.0	-1.0	-1.0	-1.0	0.0	0.0	0.0	-1.0	-1.0	0.0	0.0	0.0	-1.0	0.0
19:39:08	4.0	83.5	81.5	83.6	68.5	84.8	80.9	-28.0	-27.7	5.1	-28.0	-27.7	-28.0	84.8	68.5	5.2	1.2	80.5	76.6	107.9	108.0	107.3	120.8	98.9	4.0	4.0	0.0	110.5	97.6	6.0	64.6	0.1	67.3	0.0	29.2	.Autoclave.Outputs.PRESSIP\OutputValue	8.0	16.3	23.1	-1.0	0.0	-1.0	-1.0	-1.0	0.0	0.0	0.0	-1.0	-1.0	0.0	0.0	0.0	-1.0	0.0
19:40:08	5.0	85.6	83.4	85.6	70.1	86.7	82.4	-28.0	-27.6	6.9	-28.1	-27.6	-28.0	86.7	70.1	2.2	-1.2	82.3	78.4	115.1	115.1	114.5	128.1	99.1	5.0	5.0	0.0	117.4	102.1	7.5	63.3	0.3	64.4	0.0	26.7	.Autoclave.Outputs.PRESSIP\OutputValue	8.0	16.6	28.4	-1.0	0.0	-1.0	-1.0	-1.0	0.0	0.0	0.0	-1.0	-1.0	0.0	0.0	0.0	-1.0	0.0
19:41:08	6.0	88.5	85.7	88.0	72.6	88.6	84.5	-28.0	-27.6	8.4	-28.1	-27.6	-28.0	88.6	72.6	2.8	1.9	84.7	80.6	122.0	122.1	121.4	135.4	99.2	6.0	6.0	0.0	124.6	106.6	9.0	64.7	0.6	63.9	0.0	29.5	.Autoclave.Outputs.PRESSIP\OutputValue	8.0	16.0	33.4	-1.0	0.0	-1.0	-1.0	-1.0	0.0	0.0	0.0	-1.0	-1.0	0.0	0.0	0.0	-1.0	0.0
19:42:07	7.0	91.1	88.1	90.3	77.1	91.0	86.5	-27.9	-27.5	10.0	-28.1	-27.5	-27.9	91.1	77.1	2.8	1.4	87.4	84.1	128.5	128.6	127.8	142.9	99.2	7.0	7.0	0.0	130.9	111.1	10.5	64.8	0.8	64.4	0.0	29.6	.Autoclave.Outputs.PRESSIP\OutputValue	8.0	14.0	37.3	-1.0	0.0	-1.0	-1.0	-1.0	0.0	0.0	0.0	-1.0	-1.0	0.0	0.0	0.0	-1.0	0.0
19:42:09	7.1	91.3	88.1	90.3	74.5	91.1	86.6	-27.9	-27.5	10.1	-28.0	-27.5	-27.9	91.3	74.5	2.8	1.4	87.0	82.9	128.6	128.7	127.9	142.9	99.2	7.0	7.0	0.0	131.1	111.1	10.5	64.9	0.8	63.2	0.0	29.7	.Autoclave.Outputs.PRESSIP\OutputValue	8.0	16.8	37.4	-1.0	0.0	-1.0	-1.0	-1.0	0.0	0.0	0.0	-1.0	-1.0	0.0	0.0	0.0	-1.0	0.0
19:43:08	8.0	94.1	90.8	92.8	77.7	93.5	88.7	-27.8	-27.4	11.4	-27.5	-27.4	-27.8	94.1	77.7	3.9	2.2	89.6	85.9	134.6	134.6	133.9	147.3	99.2	8.0	1.0	0.0	137.1	115.6	12.0	65.9	1.1	64.2	0.0	31.9	.Autoclave.Outputs.PRESSIP\OutputValue	8.0	16.4	40.4	-1.0	0.0	-1.0	-1.0	-1.0	0.0	0.0	0.0	-1.0	-1.0	0.0	0.0	0.0	-1.0	0.0
19:44:08	9.0	97.8	94.0	95.8	79.9	95.9	91.2	-23.0	-24.7	13.1	-22.7	-23.0	-24.7	97.8	79.9	3.6	2.6	92.4	88.9	140.0	140.0	139.3	152.1	99.5	9.0	2.0	0.0	142.3	120.1	13.5	64.8	1.3	61.6	0.0	29.6	.Autoclave.Outputs.PRESSIP\OutputValue	8.0	17.9	42.1	-1.0	0.0	-1.0	-1.0	-1.0	0.0	0.0	0.0	-1.0	-1.0	0.0	0.0	0.0	-1.0	0.0
19:45:08	10.0	101.7	97.3	99.0	83.5	98.6	93.5	-17.7	-18.3	14.1	-17.5	-17.7	-18.3	101.7	83.5	4.0	2.3	95.6	92.6	145.1	145.1	144.4	157.0	99.3	10.0	3.0	0.0	147.4	124.6	15.0	65.1	1.6	66.7	0.0	30.2	.Autoclave.Outputs.PRESSIP\OutputValue	8.0	18.2	43.3	-1.0	0.0	-1.0	-1.0	-1.0	0.0	0.0	0.0	-1.0	-1.0	0.0	0.0	0.0	-1.0	0.0
19:46:08	11.0	105.3	100.8	102.3	90.9	101.4	96.3	-12.5	-12.8	15.8	-12.3	-12.5	-12.8	105.3	90.9	4.0	2.8	99.5	98.1	149.9	150.1	149.3	162.4	99.4	11.0	4.0	0.0	152.9	129.1	16.5	70.5	1.8	65.1	0.0	41.0	.Autoclave.Outputs.PRESSIP\OutputValue	8.0	14.4	44.5	-1.0	0.0	-1.0	-1.0	-1.0	0.0	0.0	0.0	-1.0	-1.0	0.0	0.0	0.0	-1.0	0.0
19:47:08	12.0	109.2	104.6	105.7	90.8	104.3	99.2	-7.6	-7.8	17.4	-7.4	-7.6	-7.8	109.2	90.8	3.7	1.3	102.3	100.0	155.7	155.7	155.0	167.2	99.6	12.0	5.0	0.0	157.9	133.6	18.0	64.9	2.1	64.3	0.0	29.8	.Autoclave.Outputs.PRESSIP\OutputValue	8.0	18.4	46.4	-1.0	0.0	-1.0	-1.0	-1.0	0.0	0.0	0.0	-1.0	-1.0	0.0	0.0	0.0	-1.0	0.0
19:48:08	13.0	112.9	108.3	109.1	93.3	107.1	102.3	-3.4	-3.4	19.1	-3.3	-3.4	-3.4	112.9	93.3	3.8	3.1	105.5	103.1	160.7	160.7	160.0	173.6	99.6	13.0	6.0	0.0	163.3	138.1	19.5	67.7	2.3	62.3	0.0	35.3	.Autoclave.Outputs.PRESSIP\OutputValue	8.0	19.6	47.7	-1.0	0.0	-1.0	-1.0	-1.0	0.0	0.0	0.0	-1.0	-1.0	0.0	0.0	0.0	-1.0	0.0
19:49:08	14.0	117.2	112.6	112.7	95.6	110.0	105.4	-1.4	-1.4	20.1	-1.3	-1.4	-1.4	117.2	95.6	4.3	2.9	108.9	106.4	165.4	165.5	164.7	176.9	99.4	14.0	7.0	0.0	168.0	142.6	21.0	68.7	2.6	67.3	0.0	37.3	.Autoclave.Outputs.PRESSIP\OutputValue	8.0	21.6	48.1	-1.0	0.0	-1.0	-1.0	-1.0	0.0	0.0	0.0	-1.0	-1.0	0.0	0.0	0.0	-1.0	0.0
19:50:08	15.0	121.3	116.8	116.5	100.3	113.3	108.5	-0.6	-0.5	21.6	-0.5	-0.5	-0.6	121.3	100.3	4.4	2.6	112.8	110.8	170.5	170.5	169.9	181.6	99.8	15.0	8.0	0.0	172.8	147.1	22.5	66.1	2.8	66.5	0.0	32.2	.Autoclave.Outputs.PRESSIP\OutputValue	8.0	21.0	49.2	-1.0	0.0	-1.0	-1.0	-1.0	0.0	0.0	0.0	-1.0	-1.0	0.0	0.0	0.0	-1.0	0.0
19:51:08	16.0	125.8	121.1	120.4	102.9	116.9	112.1	-0.2	0.0	23.3	-0.6	0.0	-0.2	125.8	102.9	4.5	3.6	116.6	114.4	175.0	175.1	174.4	186.6	99.7	16.0	9.0	0.0	177.4	151.6	24.0	67.7	3.1	64.9	0.0	35.5	.Autoclave.Outputs.PRESSIP\OutputValue	8.0	22.9	49.2	-1.0	0.0	-1.0	-1.0	-1.0	0.0	0.0	0.0	-1.0	-1.0	0.0	0.0	0.0	-1.0	0.0
19:52:08	17.0	129.7	125.5	124.5	106.3	120.3	115.7	-0.1	-0.1	25.0	-0.1	-0.1	-0.1	129.7	106.3	4.3	3.4	120.3	118.0	180.1	180.0	179.4	190.8	99.8	17.0	10.0	0.0	182.4	156.1	25.5	67.5	3.3	62.9	0.0	35.0	.Autoclave.Outputs.PRESSIP\OutputValue	8.0	23.4	50.4	-1.0	0.0	-1.0	-1.0	-1.0	0.0	0.0	0.0	-1.0	-1.0	0.0	0.0	0.0	-1.0	0.0
19:53:08	18.0	134.2	130.0	128.4	109.9	124.2	119.6	0.0	0.2	26.1	0.0	0.2	0.0	134.2	109.9	4.6	3.3	124.4	122.1	184.3	184.3	183.7	195.9	99.8	18.0	11.0	0.0	186.9	160.6	27.0	69.5	3.6	67.2	0.0	38.9	.Autoclave.Outputs.PRESSIP\OutputValue	8.0	24.3	50.1	-1.0	0.0	-1.0	-1.0	-1.0	0.0	0.0	0.0	-1.0	-1.0	0.0	0.0	0.0	-1.0	0.0
19:54:08	19.1	139.0	134.5	132.8	113.4	127.7	123.6	0.0	0.1	27.7	0.0	0.1	0.0	139.0	113.4	4.8	3.5	128.5	126.2	188.5	188.6	187.8	199.3	100.1	19.0	12.0	0.0	191.1	165.1	28.5	69.1	3.8	65.7	0.0	38.1	.Autoclave.Outputs.PRESSIP\OutputValue	8.0	25.7	49.5	-1.0	0.0	-1.0	-1.0	-1.0	0.0	0.0	0.0	-1.0	-1.0	0.0	0.0	0.0	-1.0	0.0
19:55:08	20.0	143.6	139.6	137.3	117.0	131.2	127.4	0.0	0.2	29.4	0.0	0.2	0.0	143.6	117.0	4.8	3.7	132.7	130.3	193.3	193.3	192.6	204.4	100.1	20.0	13.0	0.0	195.5	169.6	30.0	66.6	4.1	63.5	0.0	33.2	.Autoclave.Outputs.PRESSIP\OutputValue	8.0	26.7	49.7	-1.0	0.0	-1.0	-1.0	-1.0	0.0	0.0	0.0	-1.0	-1.0	0.0	0.0	0.0	-1.0	0.0
19:56:08	21.0	148.2	144.2	142.1	120.8	134.7	131.5	0.1	0.1	31.2	0.0	0.1	0.1	148.2	120.8	5.0	3.6	136.9	134.5	197.6	197.6	197.1	209.5	100.0	21.0	14.0	0.0	199.9	174.1	31.5	68.0	4.3	62.8	0.0	36.0	.Autoclave.Outputs.PRESSIP\OutputValue	8.0	27.5	49.4	-1.0	0.0	-1.0	-1.0	-1.0	0.0	0.0	0.0	-1.0	-1.0	0.0	0.0	0.0	-1.0	0.0
19:57:08	22.0	152.9	149.2	146.5	124.9	138.7	135.8	0.0	0.1	32.1	0.0	0.1	0.0	152.9	124.9	5.1	3.4	141.3	138.9	201.7	201.7	201.0	213.0	100.1	22.0	15.0	0.0	204.3	178.6	33.0	69.8	4.5	67.2	0.0	39.7	.Autoclave.Outputs.PRESSIP\OutputValue	8.0	28.1	48.8	-1.0	0.0	-1.0	-1.0	-1.0	0.0	0.0	0.0	-1.0	-1.0	0.0	0.0	0.0	-1.0	0.0
19:58:08	23.0	157.8	154.2	151.5	128.5	142.8	140.1	0.0	0.1	33.8	0.0	0.1	0.0	157.8	128.5	5.0	4.0	145.8	143.2	206.0	206.0	205.3	216.2	100.1	23.0	16.0	0.0	208.3	183.1	34.5	67.3	4.8	64.4	0.0	34.5	.Autoclave.Outputs.PRESSIP\OutputValue	8.0	29.4	48.2	-1.0	0.0	-1.0	-1.0	-1.0	0.0	0.0	0.0	-1.0	-1.0	0.0	0.0	0.0	-1.0	0.0
19:59:08	24.0	162.7	159.2	156.1	132.8	146.8	144.4	0.0	0.1	35.7	0.0	0.1	0.0	162.7	132.8	5.1	4.1	150.3	147.8	210.5	210.5	209.8	222.2	100.3	24.0	17.0	0.0	212.5	187.6	36.0	66.6	5.0	61.1	0.0	33.3	.Autoclave.Outputs.PRESSIP\OutputValue	8.0	30.0	47.8	-1.0	0.0	-1.0	-1.0	-1.0	0.0	0.0	0.0	-1.0	-1.0	0.0	0.0	0.0	-1.0	0.0
20:00:08	25.0	167.4	164.3	160.8	137.1	150.8	148.7	0.0	0.1	36.7	0.0	0.1	0.0	167.4	137.1	5.1	4.0	154.8	152.3	214.3	214.3	213.7	224.8	100.1	25.0	18.0	0.0	216.7	192.1	37.5	68.3	5.3	66.4	0.0	36.6	.Autoclave.Outputs.PRESSIP\OutputValue	8.0	30.4	46.9	-1.0	0.0	-1.0	-1.0	-1.0	0.0	0.0	0.0	-1.0	-1.0	0.0	0.0	0.0	-1.0	0.0
20:01:08	26.0	172.0	169.0	165.6	141.4	154.9	153.6	0.0	0.1	38.4	0.0	0.1	0.0	172.0	141.4	5.2	4.4	159.4	156.7	218.9	218.9	218.1	229.9	100.2	26.0	19.0	0.0	221.3	196.6	39.0	70.6	5.5	63.9	0.0	41.2	.Autoclave.Outputs.PRESSIP\OutputValue	8.0	30.7	46.9	-1.0	0.0	-1.0	-1.0	-1.0	0.0	0.0	0.0	-1.0	-1.0	0.0	0.0	0.0	-1.0	0.0
20:02:08	27.0	177.1	174.2	170.4	145.1	159.0	157.7	0.0	0.1	40.2	0.0	0.1	0.0	177.1	145.1	5.3	3.7	163.9	161.1	222.9	222.9	222.3	234.3	100.3	27.0	20.0	0.0	225.2	201.1	40.5	67.5	5.7	60.6	0.0	35.0	.Autoclave.Outputs.PRESSIP\OutputValue	8.0	32.1	45.8	-1.0	0.0	-1.0	-1.0	-1.0	0.0	0.0	0.0	-1.0	-1.0	0.0	0.0	0.0	-1.0	0.0
20:03:08	28.0	181.8	179.4	175.4	149.7	163.2	162.4	0.1	0.0	41.3	0.0	0.1	0.0	181.8	149.7	5.6	4.1	168.6	165.8	226.7	226.7	226.1	237.1	100.4	28.0	21.0	0.0	229.3	205.6	42.0	71.0	5.9	64.8	0.0	42.0	.Autoclave.Outputs.PRESSIP\OutputValue	8.0	32.2	44.9	-1.0	0.0	-1.0	-1.0	-1.0	0.0	0.0	0.0	-1.0	-1.0	0.0	0.0	0.0	-1.0	0.0
20:03:28	28.4	183.9	181.2	177.1	151.2	164.5	164.0	-0.1	0.1	42.0	0.0	0.1	-0.1	183.9	151.2	5.6	4.2	170.3	167.6	227.9	228.2	227.5	239.5	100.4	28.4	21.3	0.0	230.3	207.1	42.5	69.5	6.0	64.2	0.0	39.1	.Autoclave.Outputs.PRESSIP\OutputValue	8.0	32.8	44.1	-1.0	0.0	-1.0	-1.0	-1.0	0.0	0.0	0.0	-1.0	-1.0	0.0	0.0	0.0	-1.0	0.0
20:04:08	29.0	187.2	184.4	180.4	154.3	167.0	167.1	0.1	0.1	42.5	0.0	0.1	0.1	187.2	154.3	5.0	4.2	173.4	170.8	230.6	230.8	230.2	242.2	100.2	29.0	0.7	0.0	232.9	210.1	43.5	69.7	6.2	67.6	0.0	39.5	.Autoclave.Outputs.PRESSIP\OutputValue	8.0	33.0	43.4	-1.0	0.0	-1.0	-1.0	-1.0	0.0	0.0	0.0	-1.0	-1.0	0.0	0.0	0.0	-1.0	0.0
20:05:08	30.0	191.7	189.4	185.5	158.4	171.2	171.7	0.0	0.1	43.5	0.0	0.1	0.0	191.7	158.4	5.5	4.0	178.0	175.1	235.2	235.2	234.6	246.1	100.3	30.0	1.7	0.0	237.4	214.6	44.0	68.6	6.4	62.5	0.0	37.3	.Autoclave.Outputs.PRESSIP\OutputValue	8.0	33.4	43.5	-1.0	0.0	-1.0	-1.0	-1.0	0.0	0.0	0.0	-1.0	-1.0	0.0	0.0	0.0	-1.0	0.0
20:06:08	31.0	197.0	194.3	190.5	162.8	175.8	176.3	0.0	0.1	43.9	0.0	0.1	0.0	197.0	162.8	5.4	4.4	182.8	179.9	238.9	238.9	238.3	249.8	100.3	31.0	2.7	0.0	241.2	219.1	44.0	69.6	6.6	59.3	0.0	39.2	.Autoclave.Outputs.PRESSIP\OutputValue	8.0	34.3	41.9	-1.0	0.0	-1.0	-1.0	-1.0	0.0	0.0	0.0	-1.0	-1.0	0.0	0.0	0.0	-1.0	0.0
20:07:08	32.1	202.2	199.2	195.5	167.3	180.3	180.9	0.0	0.1	44.1	0.0	0.1	0.0	202.2	167.3	5.0	4.7	187.6	184.8	243.0	243.0	242.5	253.0	100.1	32.0	3.7	0.0	245.0	223.6	44.0	67.9	6.8	57.0	0.0	35.7	.Autoclave.Outputs.PRESSIP\OutputValue	7.9	35.0	40.8	-1.0	0.0	-1.0	-1.0	-1.0	0.0	0.0	0.0	-1.0	-1.0	0.0	0.0	0.0	-1.0	0.0
20:08:08	33.0	206.8	203.7	200.1	172.1	184.4	185.5	0.0	0.1	44.4	0.0	0.1	0.0	206.8	172.1	5.0	4.1	192.1	189.5	247.1	247.1	246.6	257.3	100.1	33.0	4.7	0.0	249.3	228.1	44.0	70.0	7.1	53.2	0.0	40.0	.Autoclave.Outputs.PRESSIP\OutputValue	7.4	34.8	40.3	-1.0	0.0	-1.0	-1.0	-1.0	0.0	0.0	0.0	-1.0	-1.0	0.0	0.0	0.0	-1.0	0.0
20:09:08	34.0	211.5	208.8	204.9	176.4	188.6	190.4	0.0	0.1	44.7	0.0	0.1	0.0	211.5	176.4	4.9	4.0	196.8	194.0	251.6	251.6	250.9	262.0	100.1	34.0	5.7	0.0	253.6	232.6	44.0	68.9	7.3	49.1	0.0	37.7	.Autoclave.Outputs.PRESSIP\OutputValue	6.2	35.2	40.1	-1.0	0.0	-1.0	-1.0	-1.0	0.0	0.0	0.0	-1.0	-1.0	0.0	0.0	0.0	-1.0	0.0
20:10:08	35.1	216.3	213.4	209.4	180.7	192.9	195.3	0.0	0.1	43.9	0.0	0.1	0.0	216.3	180.7	5.2	4.5	201.3	198.5	254.7	254.7	254.3	267.0	99.7	35.0	6.7	0.0	258.0	237.1	44.0	77.1	7.5	56.4	0.0	54.2	.Autoclave.Outputs.PRESSIP\OutputValue	4.9	35.6	38.5	-1.0	0.0	-1.0	-1.0	-1.0	0.0	0.0	0.0	-1.0	-1.0	0.0	0.0	0.0	-1.0	0.0
20:11:08	36.0	220.9	217.6	213.8	184.9	196.9	199.0	0.0	0.1	44.2	0.0	0.1	0.0	220.9	184.9	4.6	3.9	205.5	202.9	260.0	260.0	259.5	272.0	99.9	36.0	7.7	0.0	262.3	241.6	44.0	71.3	7.8	53.0	0.0	42.6	.Autoclave.Outputs.PRESSIP\OutputValue	4.9	36.0	39.2	-1.0	0.0	-1.0	-1.0	-1.0	0.0	0.0	0.0	-1.0	-1.0	0.0	0.0	0.0	-1.0	0.0
20:12:08	37.0	225.8	222.6	219.0	189.3	201.2	204.5	0.1	0.2	44.5	0.0	0.2	0.1	225.8	189.3	5.4	4.4	210.4	207.5	264.4	264.4	263.8	275.6	99.9	37.0	8.7	0.0	266.4	246.1	44.0	69.6	8.0	49.8	0.0	39.1	.Autoclave.Outputs.PRESSIP\OutputValue	4.3	36.5	38.7	-1.0	0.0	-1.0	-1.0	-1.0	0.0	0.0	0.0	-1.0	-1.0	0.0	0.0	0.0	-1.0	0.0
20:13:08	38.0	230.8	227.5	223.4	193.9	205.5	208.6	0.1	0.1	44.8	0.0	0.1	0.1	230.8	193.9	5.2	4.2	214.9	212.3	268.1	268.2	267.8	280.2	99.8	38.0	9.7	0.0	270.4	250.6	44.0	70.8	8.2	45.4	0.0	41.6	.Autoclave.Outputs.PRESSIP\OutputValue	3.1	36.9	37.4	-1.0	0.0	-1.0	-1.0	-1.0	0.0	0.0	0.0	-1.0	-1.0	0.0	0.0	0.0	-1.0	0.0
20:14:08	39.0	235.2	232.0	227.8	198.1	209.3	213.1	0.0	0.2	43.9	0.0	0.2	0.0	235.2	198.1	4.7	4.1	219.2	216.6	272.2	272.2	271.6	285.1	99.7	39.0	10.7	0.0	275.1	255.1	44.0	75.1	8.4	53.4	0.0	50.3	.Autoclave.Outputs.PRESSIP\OutputValue	1.9	37.1	37.1	-1.0	0.0	-1.0	-1.0	-1.0	0.0	0.0	0.0	-1.0	-1.0	0.0	0.0	0.0	-1.0	0.0
20:15:07	40.0	240.0	236.6	232.5	202.5	213.8	217.7	0.0	0.2	44.1	0.0	0.2	0.0	240.0	202.5	5.2	4.7	223.8	221.2	277.2	277.2	276.6	288.8	99.7	40.0	11.7	0.0	279.3	259.6	44.0	71.2	8.7	50.6	0.0	42.4	.Autoclave.Outputs.PRESSIP\OutputValue	1.9	37.5	37.3	-1.0	0.0	-1.0	-1.0	-1.0	0.0	0.0	0.0	-1.0	-1.0	0.0	0.0	0.0	-1.0	0.0
20:16:08	41.0	244.7	241.0	236.9	206.8	218.2	223.1	0.0	0.2	44.4	0.0	0.2	0.0	244.7	206.8	5.1	4.3	228.4	225.7	281.3	281.3	280.6	293.4	99.8	41.0	12.7	0.0	283.5	264.1	44.0	71.6	8.9	47.0	0.0	43.2	.Autoclave.Outputs.PRESSIP\OutputValue	1.3	37.9	36.7	-1.0	0.0	-1.0	-1.0	-1.0	0.0	0.0	0.0	-1.0	-1.0	0.0	0.0	0.0	-1.0	0.0
20:17:08	42.0	249.3	245.0	241.2	211.4	222.3	227.4	0.0	0.2	44.8	0.0	0.2	0.0	249.3	211.4	4.7	4.0	232.8	230.3	286.0	286.0	285.4	297.7	99.7	42.0	13.7	0.0	288.0	268.6	44.0	69.9	9.1	42.6	0.0	39.8	.Autoclave.Outputs.PRESSIP\OutputValue	0.1	37.9	36.8	-1.0	0.0	-1.0	-1.0	-1.0	0.0	0.0	0.0	-1.0	-1.0	0.0	0.0	0.0	-1.0	0.0
20:18:08	43.0	254.1	249.8	245.7	215.9	226.6	232.5	0.0	0.2	44.1	0.0	0.2	0.0	254.1	215.9	5.3	4.3	237.4	235.0	289.7	289.7	289.1	300.5	99.6	43.0	14.7	0.0	292.3	273.1	44.0	73.8	9.3	47.1	0.0	47.5	.Autoclave.Outputs.PRESSIP\OutputValue	-1.5	38.2	35.7	-1.0	0.0	-1.0	-1.0	-1.0	0.0	0.0	0.0	-1.0	-1.0	0.0	0.0	0.0	-1.0	0.0
20:19:08	44.0	258.4	254.2	250.3	220.1	230.7	237.3	0.0	0.2	44.5	0.0	0.2	0.0	258.4	220.1	4.9	4.1	241.8	239.3	294.5	294.6	294.0	306.5	99.7	44.0	15.7	0.0	296.9	277.6	44.0	72.7	9.5	42.6	0.0	45.3	.Autoclave.Outputs.PRESSIP\OutputValue	-2.3	38.2	36.2	-1.0	0.0	-1.0	-1.0	-1.0	0.0	0.0	0.0	-1.0	-1.0	0.0	0.0	0.0	-1.0	0.0
20:20:08	45.0	262.9	258.6	255.4	224.5	234.9	242.1	0.0	0.2	44.8	0.0	0.2	0.0	262.9	224.5	4.8	4.3	246.4	243.7	299.0	299.0	298.3	311.0	100.0	45.0	16.7	0.0	301.4	282.1	44.0	73.6	9.8	38.1	0.0	47.1	.Autoclave.Outputs.PRESSIP\OutputValue	-3.6	38.3	36.2	-1.0	0.0	-1.0	-1.0	-1.0	0.0	0.0	0.0	-1.0	-1.0	0.0	0.0	0.0	-1.0	0.0
20:21:08	46.0	267.3	263.5	259.7	228.7	239.5	246.5	0.0	0.2	44.4	0.0	0.2	0.0	267.3	228.7	4.9	4.3	250.9	248.0	303.3	303.3	302.6	316.6	99.9	46.0	17.7	0.0	306.0	286.6	44.0	75.4	10.0	41.6	0.0	50.8	.Autoclave.Outputs.PRESSIP\OutputValue	-4.8	38.5	36.1	-1.0	0.0	-1.0	-1.0	-1.0	0.0	0.0	0.0	-1.0	-1.0	0.0	0.0	0.0	-1.0	0.0
20:22:08	47.0	272.2	268.1	264.5	232.8	243.6	251.3	0.0	0.2	44.6	0.0	0.2	0.0	272.2	232.8	5.4	4.3	255.4	252.5	308.0	308.0	307.3	319.9	99.9	47.0	18.7	0.0	310.1	291.1	44.0	71.4	10.2	38.4	0.0	42.7	.Autoclave.Outputs.PRESSIP\OutputValue	-5.8	39.3	35.8	-1.0	0.0	-1.0	-1.0	-1.0	0.0	0.0	0.0	-1.0	-1.0	0.0	0.0	0.0	-1.0	0.0
20:23:08	48.1	276.5	272.4	269.0	237.2	248.1	256.3	0.1	0.3	44.9	0.0	0.3	0.1	276.5	237.2	4.8	4.2	259.9	256.9	312.2	312.2	311.4	324.4	99.9	48.0	19.7	0.0	314.6	295.6	44.0	75.6	10.4	35.0	0.0	51.3	.Autoclave.Outputs.PRESSIP\OutputValue	-6.0	39.2	35.7	-1.0	0.0	-1.0	-1.0	-1.0	0.0	0.0	0.0	-1.0	-1.0	0.0	0.0	0.0	-1.0	0.0
20:24:08	49.0	281.1	276.9	273.2	241.7	252.4	261.0	0.1	0.3	43.9	0.0	0.3	0.1	281.1	241.7	4.8	4.4	264.4	261.4	316.8	316.8	316.1	329.7	99.7	49.0	20.7	0.0	319.1	300.1	44.0	73.2	10.7	44.8	0.0	46.4	.Autoclave.Outputs.PRESSIP\OutputValue	-5.8	39.3	35.7	-1.0	0.0	-1.0	-1.0	-1.0	0.0	0.0	0.0	-1.0	-1.0	0.0	0.0	0.0	-1.0	0.0
20:25:08	50.0	285.8	281.2	277.5	246.0	256.5	265.6	0.1	0.3	44.3	0.0	0.3	0.1	285.8	246.0	4.8	4.1	268.8	265.9	321.2	321.2	320.4	334.3	99.8	50.0	21.7	0.0	323.5	304.6	44.0	73.4	10.9	41.6	0.0	46.9	.Autoclave.Outputs.PRESSIP\OutputValue	-6.0	39.7	35.4	-1.0	0.0	-1.0	-1.0	-1.0	0.0	0.0	0.0	-1.0	-1.0	0.0	0.0	0.0	-1.0	0.0
20:26:08	51.0	290.3	286.0	282.4	250.4	260.8	270.2	0.1	0.3	44.5	0.0	0.3	0.1	290.3	250.4	4.9	4.4	273.4	270.4	325.9	325.9	325.1	338.2	99.8	51.0	22.7	0.0	328.0	309.1	44.0	73.7	11.1	38.5	0.0	47.3	.Autoclave.Outputs.PRESSIP\OutputValue	-6.0	39.8	35.6	-1.0	0.0	-1.0	-1.0	-1.0	0.0	0.0	0.0	-1.0	-1.0	0.0	0.0	0.0	-1.0	0.0
20:27:08	52.0	295.0	290.9	286.7	254.7	265.0	274.5	0.1	0.3	44.8	0.0	0.3	0.1	295.0	254.7	4.9	4.3	277.8	274.9	329.7	329.7	328.8	342.7	99.9	52.0	23.7	0.0	332.2	313.6	44.0	76.5	11.4	35.9	0.0	53.0	.Autoclave.Outputs.PRESSIP\OutputValue	-6.0	40.2	34.7	-1.0	0.0	-1.0	-1.0	-1.0	0.0	0.0	0.0	-1.0	-1.0	0.0	0.0	0.0	-1.0	0.0
20:28:08	53.0	299.6	295.2	291.1	259.2	269.8	278.9	0.1	0.3	43.9	0.0	0.3	0.1	299.6	259.2	4.8	4.4	282.3	279.4	334.5	334.5	333.7	348.0	99.8	53.0	24.7	0.0	336.7	318.1	44.0	73.9	11.6	45.6	0.0	47.8	.Autoclave.Outputs.PRESSIP\OutputValue	-5.7	40.3	34.9	-1.0	0.0	-1.0	-1.0	-1.0	0.0	0.0	0.0	-1.0	-1.0	0.0	0.0	0.0	-1.0	0.0
20:29:08	54.0	304.4	299.7	296.0	263.7	274.2	282.8	0.1	0.4	44.1	0.0	0.4	0.1	304.4	263.7	4.9	3.9	286.8	284.1	338.7	338.8	338.0	352.2	99.9	54.0	25.7	0.0	340.8	322.6	44.0	73.4	11.8	43.0	0.0	46.8	.Autoclave.Outputs.PRESSIP\OutputValue	-5.7	40.6	34.3	-1.0	0.0	-1.0	-1.0	-1.0	0.0	0.0	0.0	-1.0	-1.0	0.0	0.0	0.0	-1.0	0.0
20:30:08	55.0	309.0	304.5	301.0	268.0	278.3	286.8	0.1	0.4	44.4	0.0	0.4	0.1	309.0	268.0	5.2	3.6	291.3	288.5	343.4	343.4	342.6	355.9	99.8	55.0	26.7	0.0	345.3	327.1	44.0	73.0	12.0	39.8	0.0	46.1	.Autoclave.Outputs.PRESSIP\OutputValue	-6.0	40.9	34.4	-1.0	0.0	-1.0	-1.0	-1.0	0.0	0.0	0.0	-1.0	-1.0	0.0	0.0	0.0	-1.0	0.0
20:31:08	56.0	313.2	308.9	305.0	272.6	282.7	292.0	0.1	0.4	44.7	0.0	0.4	0.1	313.2	272.6	5.4	4.2	295.7	292.9	347.7	347.7	346.9	360.8	99.8	56.0	27.7	0.0	350.0	331.6	44.0	75.7	12.3	36.8	0.0	51.4	.Autoclave.Outputs.PRESSIP\OutputValue	-6.0	40.5	34.5	-1.0	0.0	-1.0	-1.0	-1.0	0.0	0.0	0.0	-1.0	-1.0	0.0	0.0	0.0	-1.0	0.0
20:32:08	57.0	318.0	313.5	309.6	277.2	287.1	296.6	0.1	0.4	45.0	0.0	0.4	0.1	318.0	277.2	4.9	4.4	300.3	297.6	351.8	351.8	350.9	364.8	99.9	57.0	28.7	0.0	354.1	336.1	44.0	75.9	12.5	34.2	0.0	51.7	.Autoclave.Outputs.PRESSIP\OutputValue	-6.0	40.7	33.8	-1.0	0.0	-1.0	-1.0	-1.0	0.0	0.0	0.0	-1.0	-1.0	0.0	0.0	0.0	-1.0	0.0
20:33:09	58.1	322.7	318.1	314.1	281.4	291.7	300.3	0.1	0.5	43.9	0.0	0.5	0.1	322.7	281.4	4.6	3.9	304.7	302.1	356.6	356.6	355.8	370.3	99.7	58.0	29.7	0.0	358.5	340.6	44.0	73.0	12.7	45.1	0.0	46.1	.Autoclave.Outputs.PRESSIP\OutputValue	-5.6	41.2	33.9	-1.0	0.0	-1.0	-1.0	-1.0	0.0	0.0	0.0	-1.0	-1.0	0.0	0.0	0.0	-1.0	0.0
20:34:08	59.0	327.2	322.6	318.6	286.0	296.2	305.0	0.1	0.5	44.2	0.0	0.5	0.1	327.2	286.0	4.9	4.4	309.3	306.6	361.0	361.0	360.3	374.4	99.8	59.0	30.7	0.0	363.0	345.1	44.0	73.8	12.9	43.0	0.0	47.6	.Autoclave.Outputs.PRESSIP\OutputValue	-5.7	41.1	33.8	-1.0	0.0	-1.0	-1.0	-1.0	0.0	0.0	0.0	-1.0	-1.0	0.0	0.0	0.0	-1.0	0.0
20:35:08	60.0	331.7	327.0	322.8	290.6	300.5	309.9	0.2	0.5	44.4	0.0	0.5	0.2	331.7	290.6	5.3	4.4	313.7	311.2	365.0	365.0	364.1	378.8	99.9	60.0	31.7	0.0	367.5	349.6	44.0	78.5	13.1	39.7	0.0	57.1	.Autoclave.Outputs.PRESSIP\OutputValue	-6.0	41.1	33.3	-1.0	0.0	-1.0	-1.0	-1.0	0.0	0.0	0.0	-1.0	-1.0	0.0	0.0	0.0	-1.0	0.0
20:36:08	61.0	336.2	331.6	327.6	295.0	304.9	315.4	0.2	0.6	44.7	0.0	0.6	0.2	336.2	295.0	5.6	4.5	318.4	315.6	369.6	369.6	368.8	383.7	99.9	61.0	32.7	0.0	371.8	354.1	44.0	76.3	13.3	36.6	0.0	52.5	.Autoclave.Outputs.PRESSIP\OutputValue	-6.0	41.2	33.4	-1.0	0.0	-1.0	-1.0	-1.0	0.0	0.0	0.0	-1.0	-1.0	0.0	0.0	0.0	-1.0	0.0
20:37:08	62.0	339.7	335.7	330.9	299.7	309.3	319.4	0.1	0.5	43.6	0.0	0.5	0.1	339.7	299.7	4.6	3.1	322.4	319.7	367.0	366.7	366.0	352.2	99.6	62.0	33.7	0.0	370.2	355.0	44.0	83.0	13.4	48.4	0.0	66.0	.Autoclave.Outputs.PRESSIP\OutputValue	-5.9	40.0	27.3	-1.0	0.0	-1.0	-1.0	-1.0	0.0	0.0	0.0	-1.0	-1.0	0.0	0.0	0.0	-1.0	0.0
20:38:08	63.0	339.4	336.2	331.3	303.2	311.2	321.8	0.2	0.6	44.5	0.0	0.6	0.2	339.4	303.2	3.5	-0.8	323.8	321.3	361.8	361.8	361.1	376.6	99.9	63.0	34.7	0.0	370.6	355.0	44.0	100.0	0.0	39.0	0.0	100.0	.Autoclave.Outputs.PRESSIP\OutputValue	-5.9	36.2	22.4	-1.0	0.0	-1.0	-1.0	-1.0	0.0	0.0	0.0	-1.0	-1.0	0.0	0.0	0.0	-1.0	0.0
20:39:08	64.1	342.6	339.3	335.1	306.6	314.7	324.7	0.1	0.6	44.3	0.0	0.6	0.1	342.6	306.6	3.9	2.7	327.2	324.6	365.7	365.7	365.0	371.3	99.7	64.0	35.7	0.0	367.4	355.0	44.0	59.8	0.3	40.6	0.0	19.7	.Autoclave.Outputs.PRESSIP\OutputValue	-6.0	36.0	23.1	-1.0	0.0	-1.0	-1.0	-1.0	0.0	0.0	0.0	-1.0	-1.0	0.0	0.0	0.0	-1.0	0.0
20:40:08	65.0	344.3	341.1	336.9	310.3	317.5	327.1	0.2	0.6	44.3	0.0	0.6	0.2	344.3	310.3	3.1	1.8	329.5	327.3	363.9	363.9	363.2	370.8	99.7	65.0	36.7	0.0	365.7	355.0	44.0	60.7	0.4	40.6	0.0	21.3	.Autoclave.Outputs.PRESSIP\OutputValue	-6.0	34.0	19.6	-1.0	0.0	-1.0	-1.0	-1.0	0.0	0.0	0.0	-1.0	-1.0	0.0	0.0	0.0	-1.0	0.0
20:41:08	66.0	345.6	342.7	338.7	313.1	320.2	329.4	0.1	0.6	44.3	-0.5	0.6	0.1	345.6	313.1	3.5	1.1	331.6	329.4	362.9	362.8	362.1	368.9	99.8	66.0	37.7	0.0	364.5	355.0	44.0	59.5	0.6	41.0	0.0	18.9	.Autoclave.Outputs.PRESSIP\OutputValue	-6.0	32.5	17.3	-1.0	0.0	-1.0	-1.0	-1.0	0.0	0.0	0.0	-1.0	-1.0	0.0	0.0	0.0	-1.0	0.0
20:42:08	67.0	346.8	344.1	340.0	316.5	322.6	332.1	0.1	0.6	44.3	0.0	0.6	0.1	346.8	316.5	3.1	1.3	333.7	331.7	362.1	362.1	361.3	368.2	99.8	67.0	38.7	0.0	363.2	355.0	44.0	55.6	0.7	40.8	0.0	11.2	.Autoclave.Outputs.PRESSIP\OutputValue	-6.0	30.3	15.3	-1.0	0.0	-1.0	-1.0	-1.0	0.0	0.0	0.0	-1.0	-1.0	0.0	0.0	0.0	-1.0	0.0
20:43:08	68.0	347.8	345.4	341.5	318.8	324.8	334.3	0.2	0.6	44.3	0.0	0.6	0.2	347.8	318.8	2.5	1.1	335.4	333.3	361.2	361.1	360.4	367.0	99.8	68.0	39.7	0.0	362.1	355.0	44.0	55.7	0.8	41.5	0.0	11.4	.Autoclave.Outputs.PRESSIP\OutputValue	-6.0	29.0	13.4	-1.0	0.0	-1.0	-1.0	-1.0	0.0	0.0	0.0	-1.0	-1.0	0.0	0.0	0.0	-1.0	0.0
20:44:08	69.0	348.5	346.2	342.7	321.1	326.8	336.0	0.2	0.6	44.3	0.0	0.6	0.2	348.5	321.1	2.9	0.7	336.9	334.8	360.2	360.2	359.3	366.4	99.8	69.0	40.7	0.0	361.6	355.0	44.0	59.2	0.9	41.5	0.0	18.3	.Autoclave.Outputs.PRESSIP\OutputValue	-6.0	27.4	11.7	-1.0	0.0	-1.0	-1.0	-1.0	0.0	0.0	0.0	-1.0	-1.0	0.0	0.0	0.0	-1.0	0.0
20:45:08	70.0	349.1	347.2	343.9	323.2	328.6	337.6	0.2	0.6	44.2	0.0	0.6	0.2	349.1	323.2	2.0	0.8	338.3	336.2	359.8	359.9	359.0	365.3	99.9	70.0	41.7	0.0	360.7	355.0	44.0	55.9	1.0	41.9	0.0	11.9	.Autoclave.Outputs.PRESSIP\OutputValue	-6.0	25.9	10.7	-1.0	0.0	-1.0	-1.0	-1.0	0.0	0.0	0.0	-1.0	-1.0	0.0	0.0	0.0	-1.0	0.0
20:46:08	71.0	350.0	347.9	344.9	325.2	330.2	339.2	0.2	0.6	44.2	0.0	0.6	0.2	350.0	325.2	2.0	0.6	339.6	337.6	359.2	359.0	358.4	364.8	99.9	71.0	42.7	0.0	360.0	355.0	44.0	54.0	1.1	41.9	0.0	8.1	.Autoclave.Outputs.PRESSIP\OutputValue	-6.0	24.8	9.2	-1.0	0.0	-1.0	-1.0	-1.0	0.0	0.0	0.0	-1.0	-1.0	0.0	0.0	0.0	-1.0	0.0
20:47:07	72.0	350.5	348.6	346.0	327.0	331.8	340.3	0.2	0.6	44.2	0.0	0.6	0.2	350.5	327.0	1.8	0.6	340.7	338.8	358.6	358.6	357.9	364.1	99.8	72.0	43.7	0.0	359.5	355.0	44.0	55.5	1.2	42.1	0.0	10.9	.Autoclave.Outputs.PRESSIP\OutputValue	-6.0	23.5	8.1	-1.0	0.0	-1.0	-1.0	-1.0	0.0	0.0	0.0	-1.0	-1.0	0.0	0.0	0.0	-1.0	0.0
20:48:08	73.0	351.1	349.2	346.9	329.0	333.2	341.6	0.1	0.6	44.2	0.0	0.6	0.1	351.1	329.0	1.8	0.5	341.8	340.1	358.1	358.2	357.5	363.7	99.8	73.0	44.7	0.0	358.9	355.0	44.0	56.2	1.3	41.9	0.0	12.4	.Autoclave.Outputs.PRESSIP\OutputValue	-6.0	22.1	7.0	-1.0	0.0	-1.0	-1.0	-1.0	0.0	0.0	0.0	-1.0	-1.0	0.0	0.0	0.0	-1.0	0.0
20:49:08	74.0	351.5	349.9	347.6	330.4	334.6	342.5	0.2	0.6	44.2	0.0	0.6	0.2	351.5	330.4	2.1	0.6	342.7	341.0	357.8	357.8	357.1	362.6	99.7	74.0	45.7	0.0	358.4	355.0	44.0	53.6	1.4	42.3	0.0	7.3	.Autoclave.Outputs.PRESSIP\OutputValue	-6.0	21.1	6.3	-1.0	0.0	-1.0	-1.0	-1.0	0.0	0.0	0.0	-1.0	-1.0	0.0	0.0	0.0	-1.0	0.0
20:50:08	75.0	351.9	350.1	348.3	332.1	335.9	343.6	0.2	0.7	44.2	0.0	0.7	0.2	351.9	332.1	1.3	0.3	343.6	342.0	357.5	357.5	356.9	362.3	99.8	75.0	46.7	0.0	358.0	355.0	44.0	53.0	1.5	42.5	0.0	6.1	.Autoclave.Outputs.PRESSIP\OutputValue	-6.0	19.8	5.6	-1.0	0.0	-1.0	-1.0	-1.0	0.0	0.0	0.0	-1.0	-1.0	0.0	0.0	0.0	-1.0	0.0
20:51:08	76.0	352.1	350.6	348.9	333.7	337.1	344.5	0.2	0.7	44.2	0.0	0.7	0.2	352.1	333.7	1.9	0.2	344.5	342.9	357.3	357.3	356.7	362.6	99.7	76.0	47.7	0.0	357.9	355.0	44.0	53.8	1.6	41.9	0.0	7.6	.Autoclave.Outputs.PRESSIP\OutputValue	-6.0	18.4	5.2	-1.0	0.0	-1.0	-1.0	-1.0	0.0	0.0	0.0	-1.0	-1.0	0.0	0.0	0.0	-1.0	0.0
20:52:08	77.1	352.5	351.0	349.3	335.0	338.3	345.1	0.2	0.7	44.2	0.0	0.7	0.2	352.5	335.0	1.2	0.4	345.2	343.8	357.0	357.0	356.3	362.2	99.5	77.0	48.7	0.0	357.5	355.0	44.0	52.5	1.6	42.3	0.0	5.1	.Autoclave.Outputs.PRESSIP\OutputValue	-6.0	17.5	4.5	-1.0	0.0	-1.0	-1.0	-1.0	0.0	0.0	0.0	-1.0	-1.0	0.0	0.0	0.0	-1.0	0.0
20:53:08	78.0	352.6	351.2	349.9	336.2	339.3	345.9	0.2	0.7	44.2	0.0	0.7	0.2	352.6	336.2	1.4	0.0	345.8	344.4	356.8	356.8	356.2	362.3	99.6	78.0	49.7	0.0	357.5	355.0	44.0	54.6	1.7	41.7	0.0	9.2	.Autoclave.Outputs.PRESSIP\OutputValue	-6.0	16.4	4.2	-1.0	0.0	-1.0	-1.0	-1.0	0.0	0.0	0.0	-1.0	-1.0	0.0	0.0	0.0	-1.0	0.0
20:54:08	79.0	352.8	351.4	350.4	336.9	340.2	346.4	0.2	0.7	44.2	0.0	0.7	0.2	352.8	336.9	1.2	0.3	346.3	344.9	356.8	356.7	356.0	361.9	99.5	79.0	50.7	0.0	357.2	355.0	44.0	53.4	1.8	41.9	0.0	6.7	.Autoclave.Outputs.PRESSIP\OutputValue	-6.0	15.9	4.0	-1.0	0.0	-1.0	-1.0	-1.0	0.0	0.0	0.0	-1.0	-1.0	0.0	0.0	0.0	-1.0	0.0
20:55:08	80.1	353.1	351.8	350.8	338.3	341.2	347.1	0.2	0.7	44.2	0.0	0.7	0.2	353.1	338.3	1.0	0.0	347.0	345.7	356.3	356.3	355.8	361.9	99.6	80.0	51.7	0.0	356.9	355.0	44.0	53.4	1.9	41.7	0.0	6.9	.Autoclave.Outputs.PRESSIP\OutputValue	-6.0	14.8	3.2	-1.0	0.0	-1.0	-1.0	-1.0	0.0	0.0	0.0	-1.0	-1.0	0.0	0.0	0.0	-1.0	0.0
20:56:08	81.0	353.0	351.8	351.1	339.3	342.0	347.5	0.2	0.7	44.2	0.0	0.7	0.2	353.0	339.3	0.8	0.1	347.4	346.2	356.1	356.1	355.6	361.5	99.5	81.0	52.7	0.0	357.0	355.0	44.0	55.5	1.9	42.1	0.0	11.0	.Autoclave.Outputs.PRESSIP\OutputValue	-6.0	13.7	3.1	-1.0	0.0	-1.0	-1.0	-1.0	0.0	0.0	0.0	-1.0	-1.0	0.0	0.0	0.0	-1.0	0.0
20:57:08	82.0	353.3	352.1	351.5	340.0	342.8	348.4	0.2	0.7	44.2	0.0	0.7	0.2	353.3	340.0	1.2	0.1	348.0	346.7	356.2	356.2	355.5	360.6	99.7	82.0	53.7	0.0	356.6	355.0	44.0	53.6	2.0	42.5	0.0	7.1	.Autoclave.Outputs.PRESSIP\OutputValue	-6.0	13.3	2.9	-1.0	0.0	-1.0	-1.0	-1.0	0.0	0.0	0.0	-1.0	-1.0	0.0	0.0	0.0	-1.0	0.0
20:58:08	83.0	353.2	352.2	351.6	341.2	343.6	348.4	0.2	0.7	44.2	0.0	0.7	0.2	353.2	341.2	0.9	0.0	348.4	347.2	356.1	356.0	355.5	361.5	99.7	83.0	54.7	0.0	356.7	355.0	44.0	55.0	2.1	41.7	0.0	9.9	.Autoclave.Outputs.PRESSIP\OutputValue	-6.0	12.0	2.9	-1.0	0.0	-1.0	-1.0	-1.0	0.0	0.0	0.0	-1.0	-1.0	0.0	0.0	0.0	-1.0	0.0
20:59:08	84.0	353.2	352.3	351.9	342.1	344.1	348.9	0.2	0.7	44.2	0.0	0.7	0.2	353.2	342.1	0.7	-0.2	348.7	347.7	355.9	355.9	355.4	361.5	99.8	84.0	55.7	0.0	356.7	355.0	44.0	55.0	2.1	41.7	0.0	10.1	.Autoclave.Outputs.PRESSIP\OutputValue	-6.0	11.1	2.7	-1.0	0.0	-1.0	-1.0	-1.0	0.0	0.0	0.0	-1.0	-1.0	0.0	0.0	0.0	-1.0	0.0
21:00:08	85.0	353.4	352.4	352.3	342.7	344.9	349.2	0.2	0.7	44.2	0.0	0.7	0.2	353.4	342.7	1.3	0.2	349.1	348.1	356.0	356.0	355.3	361.0	99.8	85.0	56.7	0.0	356.6	355.0	44.0	53.8	2.2	41.5	0.0	7.5	.Autoclave.Outputs.PRESSIP\OutputValue	-6.0	10.7	2.6	-1.0	0.0	-1.0	-1.0	-1.0	0.0	0.0	0.0	-1.0	-1.0	0.0	0.0	0.0	-1.0	0.0
21:01:08	86.0	353.3	352.4	352.4	343.5	345.4	349.5	0.2	0.7	44.3	0.0	0.7	0.2	353.3	343.5	0.6	-0.1	349.4	348.4	355.8	355.8	355.2	361.2	99.5	86.0	57.7	0.0	356.7	355.0	44.0	55.8	2.3	41.7	0.0	11.7	.Autoclave.Outputs.PRESSIP\OutputValue	-6.0	9.8	2.5	-1.0	0.0	-1.0	-1.0	-1.0	0.0	0.0	0.0	-1.0	-1.0	0.0	0.0	0.0	-1.0	0.0
21:02:08	87.0	353.5	352.5	352.5	344.2	346.1	349.9	0.2	0.7	44.3	0.0	0.7	0.2	353.5	344.2	1.1	0.1	349.8	348.9	355.9	356.0	355.3	361.2	99.6	87.0	58.7	0.0	356.4	355.0	44.0	54.6	2.3	41.5	0.0	9.1	.Autoclave.Outputs.PRESSIP\OutputValue	-6.0	9.3	2.4	-1.0	0.0	-1.0	-1.0	-1.0	0.0	0.0	0.0	-1.0	-1.0	0.0	0.0	0.0	-1.0	0.0
21:02:26	87.3	353.8	352.7	352.5	345.3	346.2	350.1	0.1	0.7	44.3	0.0	0.7	0.1	353.8	345.3	0.7	-0.3	350.1	349.6	355.9	356.0	355.2	361.2	99.7	87.3	59.0	0.0	356.2	355.0	44.0	52.6	2.3	41.4	0.0	5.1	.Autoclave.Outputs.PRESSIP\OutputValue	-6.0	8.5	2.1	-1.0	0.0	-1.0	-1.0	-1.0	0.0	0.0	0.0	-1.0	-1.0	0.0	0.0	0.0	-1.0	0.0
21:03:08	88.0	353.6	352.7	352.6	344.6	346.6	350.3	0.2	0.7	44.2	0.0	0.7	0.2	353.6	344.6	0.8	0.1	350.1	349.1	355.9	355.9	355.1	361.0	99.5	88.0	0.7	89.3	356.4	355.0	44.0	54.6	2.4	41.5	0.0	9.2	.Autoclave.Outputs.PRESSIP\OutputValue	-6.0	9.0	2.3	-1.0	0.0	-1.0	-1.0	-1.0	0.0	0.0	0.0	-1.0	-1.0	0.0	0.0	0.0	-1.0	0.0
21:04:08	89.0	353.6	352.8	352.8	345.3	347.1	350.7	0.2	0.7	44.3	0.0	0.7	0.2	353.6	345.3	0.5	0.0	350.4	349.5	355.7	355.7	355.1	361.3	99.8	89.0	1.7	88.3	356.3	355.0	44.0	54.7	2.4	41.4	0.0	9.3	.Autoclave.Outputs.PRESSIP\OutputValue	-6.0	8.3	2.1	-1.0	0.0	-1.0	-1.0	-1.0	0.0	0.0	0.0	-1.0	-1.0	0.0	0.0	0.0	-1.0	0.0
21:05:08	90.0	353.6	352.8	353.1	346.0	347.6	350.9	0.2	0.7	44.2	0.0	0.7	0.2	353.6	346.0	0.7	0.0	350.7	349.8	355.9	355.9	355.1	360.3	99.7	90.0	2.7	87.3	356.3	355.0	44.0	54.1	2.5	41.7	0.0	8.1	.Autoclave.Outputs.PRESSIP\OutputValue	-6.0	7.6	2.3	-1.0	0.0	-1.0	-1.0	-1.0	0.0	0.0	0.0	-1.0	-1.0	0.0	0.0	0.0	-1.0	0.0
21:06:08	91.0	353.5	352.7	353.1	346.4	348.1	351.3	0.2	0.7	44.3	0.0	0.7	0.2	353.5	346.4	0.6	-0.1	350.8	350.0	355.8	355.9	355.0	361.0	99.8	91.0	3.7	86.3	356.5	355.0	44.0	56.1	2.5	41.4	0.0	12.2	.Autoclave.Outputs.PRESSIP\OutputValue	-6.0	7.1	2.3	-1.0	0.0	-1.0	-1.0	-1.0	0.0	0.0	0.0	-1.0	-1.0	0.0	0.0	0.0	-1.0	0.0
21:07:08	92.0	353.6	352.8	353.1	347.2	348.6	351.6	0.2	0.7	44.3	0.0	0.7	0.2	353.6	347.2	0.5	-0.2	351.1	350.4	355.9	355.9	355.2	360.9	99.8	92.0	4.7	85.3	356.4	355.0	44.0	54.2	2.6	41.4	0.0	8.3	.Autoclave.Outputs.PRESSIP\OutputValue	-6.0	6.4	2.3	-1.0	0.0	-1.0	-1.0	-1.0	0.0	0.0	0.0	-1.0	-1.0	0.0	0.0	0.0	-1.0	0.0
21:08:08	93.1	353.6	352.8	353.2	347.1	348.9	352.1	0.2	0.7	44.3	0.0	0.7	0.2	353.6	347.1	0.6	-0.1	351.3	350.4	356.0	356.0	355.2	361.1	99.9	93.0	5.7	84.3	356.4	355.0	44.0	54.2	2.6	41.2	0.0	8.4	.Autoclave.Outputs.PRESSIP\OutputValue	-6.0	6.5	2.4	-1.0	0.0	-1.0	-1.0	-1.0	0.0	0.0	0.0	-1.0	-1.0	0.0	0.0	0.0	-1.0	0.0
21:09:08	94.0	353.6	352.8	353.3	348.1	349.3	351.9	0.2	0.7	44.3	0.0	0.7	0.2	353.6	348.1	0.5	-0.1	351.5	350.9	355.9	355.9	355.1	361.0	100.0	94.0	6.7	83.3	356.5	355.0	44.0	54.3	2.7	41.2	0.0	8.6	.Autoclave.Outputs.PRESSIP\OutputValue	-6.0	5.5	2.3	-1.0	0.0	-1.0	-1.0	-1.0	0.0	0.0	0.0	-1.0	-1.0	0.0	0.0	0.0	-1.0	0.0
21:10:08	95.0	353.5	352.9	353.4	348.4	349.7	352.2	0.2	0.7	44.3	0.0	0.7	0.2	353.5	348.4	0.3	0.0	351.7	351.0	356.1	356.0	355.2	361.1	100.0	95.0	7.7	82.3	356.4	355.0	44.0	53.0	2.7	41.0	0.0	6.0	.Autoclave.Outputs.PRESSIP\OutputValue	-6.0	5.1	2.6	-1.0	0.0	-1.0	-1.0	-1.0	0.0	0.0	0.0	-1.0	-1.0	0.0	0.0	0.0	-1.0	0.0
21:11:08	96.0	353.5	352.9	353.5	348.7	350.1	352.3	0.2	0.7	44.3	0.0	0.7	0.2	353.5	348.7	1.0	0.0	351.8	351.1	355.8	355.8	355.0	361.2	100.1	96.0	8.7	81.3	356.6	355.0	44.0	56.4	2.8	41.2	0.0	12.8	.Autoclave.Outputs.PRESSIP\OutputValue	-6.0	4.8	2.3	-1.0	0.0	-1.0	-1.0	-1.0	0.0	0.0	0.0	-1.0	-1.0	0.0	0.0	0.0	-1.0	0.0
21:12:08	97.0	353.7	353.1	353.4	349.1	350.4	352.6	0.2	0.7	44.3	0.0	0.7	0.2	353.7	349.1	0.3	0.0	352.0	351.4	355.9	355.9	355.1	361.3	100.0	97.0	9.7	80.3	356.3	355.0	44.0	53.2	2.8	41.0	0.0	6.3	.Autoclave.Outputs.PRESSIP\OutputValue	-6.0	4.6	2.2	-1.0	0.0	-1.0	-1.0	-1.0	0.0	0.0	0.0	-1.0	-1.0	0.0	0.0	0.0	-1.0	0.0
21:13:08	98.0	353.7	353.1	353.8	349.5	350.8	353.0	0.2	0.7	44.3	0.0	0.7	0.2	353.8	349.5	0.5	0.1	352.3	351.6	355.8	355.8	355.0	361.0	100.0	98.0	10.7	79.3	356.4	355.0	44.0	55.8	2.9	41.0	0.0	11.6	.Autoclave.Outputs.PRESSIP\OutputValue	-6.0	4.3	2.0	-1.0	0.0	-1.0	-1.0	-1.0	0.0	0.0	0.0	-1.0	-1.0	0.0	0.0	0.0	-1.0	0.0
21:14:08	99.0	353.5	353.1	353.6	349.9	351.0	352.9	0.2	0.7	44.3	0.0	0.7	0.2	353.6	349.9	0.3	-0.3	352.3	351.7	356.0	356.0	355.1	361.1	100.1	99.0	11.7	78.3	356.3	355.0	44.0	53.9	2.9	40.8	0.0	7.9	.Autoclave.Outputs.PRESSIP\OutputValue	-6.0	3.7	2.4	-1.0	0.0	-1.0	-1.0	-1.0	0.0	0.0	0.0	-1.0	-1.0	0.0	0.0	0.0	-1.0	0.0
21:15:08	100.0	353.6	353.2	353.8	350.5	351.3	353.0	0.2	0.7	44.3	0.0	0.7	0.2	353.8	350.5	1.0	0.1	352.6	352.1	355.8	355.8	355.0	361.0	100.1	100.0	12.7	77.3	356.3	355.0	44.0	54.6	3.0	40.8	0.0	9.3	.Autoclave.Outputs.PRESSIP\OutputValue	-6.0	3.3	2.0	-1.0	0.0	-1.0	-1.0	-1.0	0.0	0.0	0.0	-1.0	-1.0	0.0	0.0	0.0	-1.0	0.0
21:16:08	101.0	353.5	353.1	353.7	350.3	351.4	353.0	0.2	0.7	44.3	0.0	0.7	0.2	353.7	350.3	0.2	-0.3	352.5	352.0	355.9	355.8	355.0	361.1	100.1	101.0	13.7	76.3	356.2	355.0	44.0	53.4	3.0	41.0	0.0	6.7	.Autoclave.Outputs.PRESSIP\OutputValue	-6.0	3.4	2.2	-1.0	0.0	-1.0	-1.0	-1.0	0.0	0.0	0.0	-1.0	-1.0	0.0	0.0	0.0	-1.0	0.0
21:17:08	102.0	353.7	353.2	353.9	350.6	351.5	353.2	0.2	0.7	44.3	-0.4	0.7	0.2	353.9	350.6	0.2	-0.1	352.7	352.2	355.7	355.8	354.9	360.8	100.3	102.0	14.7	75.3	356.2	355.0	44.0	54.1	3.1	41.2	0.0	8.1	.Autoclave.Outputs.PRESSIP\OutputValue	-6.0	3.3	1.8	-1.0	0.0	-1.0	-1.0	-1.0	0.0	0.0	0.0	-1.0	-1.0	0.0	0.0	0.0	-1.0	0.0
21:18:08	103.0	353.7	353.2	353.9	350.8	351.7	353.2	0.2	0.7	44.3	0.0	0.7	0.2	353.9	350.8	0.2	0.0	352.7	352.3	355.8	355.7	354.9	360.5	100.2	103.0	15.7	74.3	356.0	355.0	44.0	53.4	3.1	41.0	0.0	6.9	.Autoclave.Outputs.PRESSIP\OutputValue	-6.0	3.1	1.9	-1.0	0.0	-1.0	-1.0	-1.0	0.0	0.0	0.0	-1.0	-1.0	0.0	0.0	0.0	-1.0	0.0
21:19:08	104.0	353.5	353.2	353.8	351.0	352.0	353.2	0.2	0.7	44.3	0.0	0.7	0.2	353.8	351.0	0.3	0.0	352.8	352.4	355.6	355.6	354.9	360.7	100.2	104.0	16.7	73.3	356.2	355.0	44.0	55.5	3.2	41.0	0.0	11.0	.Autoclave.Outputs.PRESSIP\OutputValue	-6.0	2.8	1.8	-1.0	0.0	-1.0	-1.0	-1.0	0.0	0.0	0.0	-1.0	-1.0	0.0	0.0	0.0	-1.0	0.0
21:20:08	105.0	353.7	353.2	353.9	351.3	352.2	353.3	0.2	0.7	44.3	0.0	0.7	0.2	353.9	351.3	0.3	-0.2	352.9	352.6	355.7	355.7	354.9	360.9	100.3	105.0	17.7	72.3	356.1	355.0	44.0	54.2	3.2	40.8	0.0	8.4	.Autoclave.Outputs.PRESSIP\OutputValue	-6.0	2.6	1.8	-1.0	0.0	-1.0	-1.0	-1.0	0.0	0.0	0.0	-1.0	-1.0	0.0	0.0	0.0	-1.0	0.0
21:21:08	106.0	353.5	353.2	354.0	351.4	352.4	353.5	0.2	0.7	44.3	0.0	0.7	0.2	354.0	351.4	0.4	-0.2	353.0	352.7	355.8	355.8	354.9	360.7	100.2	106.0	18.7	71.3	356.2	355.0	44.0	54.2	3.2	40.6	0.0	8.5	.Autoclave.Outputs.PRESSIP\OutputValue	-6.0	2.6	1.8	-1.0	0.0	-1.0	-1.0	-1.0	0.0	0.0	0.0	-1.0	-1.0	0.0	0.0	0.0	-1.0	0.0
21:22:08	107.0	353.6	353.1	353.8	351.7	352.6	353.5	0.2	0.7	44.4	0.0	0.7	0.2	353.8	351.7	0.2	-0.3	353.0	352.7	355.7	355.8	354.9	361.7	100.3	107.0	19.7	70.3	356.2	355.0	44.0	54.9	3.3	40.2	0.0	9.9	.Autoclave.Outputs.PRESSIP\OutputValue	-6.0	2.1	1.9	-1.0	0.0	-1.0	-1.0	-1.0	0.0	0.0	0.0	-1.0	-1.0	0.0	0.0	0.0	-1.0	0.0
21:23:08	108.0	353.5	353.1	354.0	352.0	352.7	353.4	0.2	0.7	44.3	0.0	0.7	0.2	354.0	352.0	0.7	-0.2	353.1	353.0	355.7	355.7	354.8	360.7	100.3	108.0	20.7	69.3	356.1	355.0	44.0	55.0	3.3	40.6	0.0	9.9	.Autoclave.Outputs.PRESSIP\OutputValue	-6.0	2.0	1.7	-1.0	0.0	-1.0	-1.0	-1.0	0.0	0.0	0.0	-1.0	-1.0	0.0	0.0	0.0	-1.0	0.0
21:24:08	109.1	353.6	353.1	353.9	351.9	352.8	353.8	0.2	0.7	44.4	0.0	0.7	0.2	353.9	351.9	0.2	-0.1	353.2	352.9	355.8	355.9	355.1	360.9	100.2	109.0	21.7	68.3	356.2	355.0	44.0	53.0	3.4	40.6	0.0	6.0	.Autoclave.Outputs.PRESSIP\OutputValue	-6.0	2.0	1.9	-1.0	0.0	-1.0	-1.0	-1.0	0.0	0.0	0.0	-1.0	-1.0	0.0	0.0	0.0	-1.0	0.0
21:25:08	110.0	353.6	353.1	353.9	352.1	352.9	353.8	0.2	0.8	44.4	0.0	0.8	0.2	353.9	352.1	0.3	-0.1	353.2	353.0	355.8	355.8	355.0	360.6	100.3	110.0	22.7	67.3	356.1	355.0	44.0	53.7	3.4	40.4	0.0	7.4	.Autoclave.Outputs.PRESSIP\OutputValue	-6.0	1.8	1.9	-1.0	0.0	-1.0	-1.0	-1.0	0.0	0.0	0.0	-1.0	-1.0	0.0	0.0	0.0	-1.0	0.0
21:26:08	111.0	353.5	353.1	354.0	352.4	353.1	353.9	0.2	0.7	44.4	0.0	0.7	0.2	354.0	352.4	0.2	-0.2	353.3	353.2	355.8	355.8	355.0	360.7	100.4	111.0	23.7	66.3	356.2	355.0	44.0	53.1	3.4	40.4	0.0	6.2	.Autoclave.Outputs.PRESSIP\OutputValue	-6.0	1.6	1.8	-1.0	0.0	-1.0	-1.0	-1.0	0.0	0.0	0.0	-1.0	-1.0	0.0	0.0	0.0	-1.0	0.0
21:27:07	112.0	353.6	353.2	354.1	352.5	353.2	353.8	0.2	0.7	44.4	0.0	0.7	0.2	354.1	352.5	0.4	0.1	353.4	353.3	355.8	355.8	354.9	360.8	100.3	112.0	24.7	65.3	356.1	355.0	44.0	53.6	3.5	40.2	0.0	7.2	.Autoclave.Outputs.PRESSIP\OutputValue	-6.0	1.6	1.7	-1.0	0.0	-1.0	-1.0	-1.0	0.0	0.0	0.0	-1.0	-1.0	0.0	0.0	0.0	-1.0	0.0
21:28:08	113.0	353.6	353.2	354.1	352.4	353.4	354.0	0.2	0.7	44.4	0.0	0.7	0.2	354.1	352.4	0.2	0.1	353.4	353.2	355.7	355.7	354.9	360.8	100.3	113.0	25.7	64.3	355.9	355.0	44.0	53.1	3.5	40.4	0.0	6.3	.Autoclave.Outputs.PRESSIP\OutputValue	-6.0	1.7	1.6	-1.0	0.0	-1.0	-1.0	-1.0	0.0	0.0	0.0	-1.0	-1.0	0.0	0.0	0.0	-1.0	0.0
21:29:08	114.0	353.7	353.2	354.1	352.9	353.5	353.9	0.2	0.7	44.4	0.0	0.7	0.2	354.1	352.9	0.2	0.0	353.5	353.5	355.7	355.7	354.9	360.5	100.4	114.0	26.7	63.3	355.8	355.0	44.0	52.5	3.5	40.4	0.0	5.0	.Autoclave.Outputs.PRESSIP\OutputValue	-6.0	1.2	1.6	-1.0	0.0	-1.0	-1.0	-1.0	0.0	0.0	0.0	-1.0	-1.0	0.0	0.0	0.0	-1.0	0.0
21:30:08	115.0	353.6	353.2	354.0	352.9	353.6	353.9	0.2	0.7	44.4	0.0	0.7	0.2	354.0	352.9	0.1	-0.1	353.5	353.4	355.6	355.6	354.8	361.0	100.4	115.0	27.7	62.3	355.9	355.0	44.0	53.9	3.5	40.4	0.0	7.7	.Autoclave.Outputs.PRESSIP\OutputValue	-6.0	1.1	1.6	-1.0	0.0	-1.0	-1.0	-1.0	0.0	0.0	0.0	-1.0	-1.0	0.0	0.0	0.0	-1.0	0.0
21:31:08	116.0	353.5	353.2	354.0	353.0	353.6	353.9	0.2	0.7	44.4	0.0	0.7	0.2	354.0	353.0	0.2	0.0	353.5	353.5	355.6	355.6	354.9	360.6	100.5	116.0	28.7	61.3	355.9	355.0	44.0	53.9	3.6	40.2	0.0	7.8	.Autoclave.Outputs.PRESSIP\OutputValue	-6.0	1.0	1.6	-1.0	0.0	-1.0	-1.0	-1.0	0.0	0.0	0.0	-1.0	-1.0	0.0	0.0	0.0	-1.0	0.0
21:32:08	117.0	353.5	353.2	354.1	353.2	353.7	353.9	0.2	0.7	44.4	0.0	0.7	0.2	354.1	353.2	0.1	-0.2	353.6	353.6	355.6	355.6	354.8	360.7	100.5	117.0	29.7	60.3	355.9	355.0	44.0	53.9	3.6	40.2	0.0	7.9	.Autoclave.Outputs.PRESSIP\OutputValue	-6.0	0.9	1.5	-1.0	0.0	-1.0	-1.0	-1.0	0.0	0.0	0.0	-1.0	-1.0	0.0	0.0	0.0	-1.0	0.0
21:33:08	118.0	353.8	353.3	354.1	353.3	353.7	354.0	0.2	0.8	44.4	0.0	0.8	0.2	354.1	353.3	0.2	0.0	353.7	353.7	355.7	355.6	354.8	360.6	100.6	118.0	30.7	59.3	356.0	355.0	44.0	53.3	3.6	40.4	0.0	6.6	.Autoclave.Outputs.PRESSIP\OutputValue	-6.0	0.8	1.6	-1.0	0.0	-1.0	-1.0	-1.0	0.0	0.0	0.0	-1.0	-1.0	0.0	0.0	0.0	-1.0	0.0
21:34:08	119.0	353.6	353.2	354.2	353.3	353.9	354.3	0.2	0.7	44.4	0.0	0.7	0.2	354.3	353.2	0.1	-0.1	353.7	353.7	355.6	355.6	354.8	360.6	100.6	119.0	31.7	58.3	355.8	355.0	44.0	51.8	3.7	40.4	0.0	3.6	.Autoclave.Outputs.PRESSIP\OutputValue	-6.0	1.1	1.3	-1.0	0.0	-1.0	-1.0	-1.0	0.0	0.0	0.0	-1.0	-1.0	0.0	0.0	0.0	-1.0	0.0
21:35:08	120.0	353.7	353.3	353.9	353.4	354.1	354.2	0.2	0.8	44.4	0.0	0.8	0.2	354.2	353.3	0.1	-0.1	353.8	353.7	355.7	355.6	354.7	360.5	100.6	120.0	32.7	57.3	355.8	355.0	44.0	52.5	3.7	40.4	0.0	5.0	.Autoclave.Outputs.PRESSIP\OutputValue	-6.0	0.9	1.5	-1.0	0.0	-1.0	-1.0	-1.0	0.0	0.0	0.0	-1.0	-1.0	0.0	0.0	0.0	-1.0	0.0
21:36:08	121.0	353.6	353.2	354.0	353.4	354.0	354.1	0.2	0.7	44.4	0.0	0.7	0.2	354.1	353.2	0.2	-0.1	353.7	353.6	355.6	355.6	354.8	360.4	100.7	121.0	33.7	56.3	355.9	355.0	44.0	53.9	3.7	40.2	0.0	7.7	.Autoclave.Outputs.PRESSIP\OutputValue	-6.0	0.9	1.5	-1.0	0.0	-1.0	-1.0	-1.0	0.0	0.0	0.0	-1.0	-1.0	0.0	0.0	0.0	-1.0	0.0
21:37:08	122.1	353.6	353.2	353.9	353.7	354.1	354.2	0.2	0.7	44.4	0.0	0.7	0.2	354.2	353.2	0.2	0.0	353.8	353.7	355.6	355.6	354.9	360.3	100.6	122.0	34.7	55.3	355.9	355.0	44.0	53.2	3.7	40.4	0.0	6.5	.Autoclave.Outputs.PRESSIP\OutputValue	-6.0	1.0	1.4	-1.0	0.0	-1.0	-1.0	-1.0	0.0	0.0	0.0	-1.0	-1.0	0.0	0.0	0.0	-1.0	0.0
21:38:08	123.0	353.6	353.1	353.9	353.5	354.2	354.3	0.2	0.7	44.4	0.0	0.7	0.2	354.3	353.1	0.2	-0.2	353.8	353.7	355.6	355.6	354.8	360.5	100.6	123.0	35.7	54.3	355.7	355.0	44.0	51.9	3.8	40.4	0.0	3.9	.Autoclave.Outputs.PRESSIP\OutputValue	-6.0	1.2	1.3	-1.0	0.0	-1.0	-1.0	-1.0	0.0	0.0	0.0	-1.0	-1.0	0.0	0.0	0.0	-1.0	0.0
21:39:08	124.0	353.5	353.1	353.9	353.7	354.2	354.4	0.2	0.7	44.4	0.0	0.7	0.2	354.4	353.1	0.1	-0.2	353.8	353.7	355.5	355.5	354.7	360.5	100.5	124.0	36.7	53.3	355.7	355.0	44.0	53.3	3.8	40.0	0.0	6.6	.Autoclave.Outputs.PRESSIP\OutputValue	-6.0	1.3	1.1	-1.0	0.0	-1.0	-1.0	-1.0	0.0	0.0	0.0	-1.0	-1.0	0.0	0.0	0.0	-1.0	0.0
21:40:08	125.1	353.5	353.2	353.9	353.8	354.1	354.2	0.2	0.7	44.4	-0.5	0.7	0.2	354.2	353.2	0.2	-0.2	353.8	353.7	355.6	355.6	354.8	360.5	100.8	125.0	37.7	52.3	355.7	355.0	44.0	52.6	3.8	40.2	0.0	5.3	.Autoclave.Outputs.PRESSIP\OutputValue	-6.0	1.0	1.4	-1.0	0.0	-1.0	-1.0	-1.0	0.0	0.0	0.0	-1.0	-1.0	0.0	0.0	0.0	-1.0	0.0
21:41:08	126.0	353.6	353.2	354.0	353.8	354.2	354.2	0.2	0.7	44.4	0.0	0.7	0.2	354.2	353.2	0.3	-0.1	353.8	353.7	355.5	355.5	354.7	360.1	100.7	126.0	38.7	51.3	355.7	355.0	44.0	54.0	3.8	40.4	0.0	8.0	.Autoclave.Outputs.PRESSIP\OutputValue	-6.0	1.0	1.3	-1.0	0.0	-1.0	-1.0	-1.0	0.0	0.0	0.0	-1.0	-1.0	0.0	0.0	0.0	-1.0	0.0
21:42:08	127.0	353.7	353.2	353.9	353.6	354.3	354.3	0.2	0.7	44.4	0.0	0.7	0.2	354.3	353.2	0.1	-0.4	353.8	353.7	355.3	355.3	354.5	360.4	100.7	127.0	39.7	50.3	355.6	355.0	44.0	53.4	3.9	40.0	0.0	6.7	.Autoclave.Outputs.PRESSIP\OutputValue	-6.0	1.1	1.0	-1.0	0.0	-1.0	-1.0	-1.0	0.0	0.0	0.0	-1.0	-1.0	0.0	0.0	0.0	-1.0	0.0
21:43:08	128.0	353.6	353.2	354.0	354.0	354.3	354.3	0.2	0.7	44.4	0.0	0.7	0.2	354.3	353.2	0.3	-0.1	353.9	353.7	355.5	355.5	354.7	360.2	100.9	128.0	40.7	49.3	355.7	355.0	44.0	53.4	3.9	40.0	0.0	6.8	.Autoclave.Outputs.PRESSIP\OutputValue	-6.0	1.1	1.2	-1.0	0.0	-1.0	-1.0	-1.0	0.0	0.0	0.0	-1.0	-1.0	0.0	0.0	0.0	-1.0	0.0
21:44:08	129.0	353.5	353.1	354.0	354.1	354.4	354.3	0.2	0.7	44.4	0.0	0.7	0.2	354.4	353.1	0.1	-0.2	353.9	353.7	355.4	355.4	354.7	360.3	100.8	129.0	41.7	48.3	355.6	355.0	44.0	53.4	3.9	40.2	0.0	6.8	.Autoclave.Outputs.PRESSIP\OutputValue	-6.0	1.3	1.0	-1.0	0.0	-1.0	-1.0	-1.0	0.0	0.0	0.0	-1.0	-1.0	0.0	0.0	0.0	-1.0	0.0
21:45:08	130.0	353.5	353.1	354.0	353.9	354.4	354.3	0.2	0.7	44.4	0.0	0.7	0.2	354.4	353.1	0.2	-0.2	353.9	353.7	355.3	355.3	354.6	360.5	100.9	130.0	42.7	47.3	355.6	355.0	44.0	53.4	3.9	40.2	0.0	6.9	.Autoclave.Outputs.PRESSIP\OutputValue	-6.0	1.3	0.9	-1.0	0.0	-1.0	-1.0	-1.0	0.0	0.0	0.0	-1.0	-1.0	0.0	0.0	0.0	-1.0	0.0
21:46:08	131.0	353.4	353.0	354.0	354.1	354.4	354.3	0.2	0.7	44.4	0.0	0.7	0.2	354.4	353.0	0.3	-0.1	353.9	353.7	355.2	355.4	354.5	360.2	100.9	131.0	43.7	46.3	355.6	355.0	44.0	54.8	4.0	40.4	0.0	9.6	.Autoclave.Outputs.PRESSIP\OutputValue	-6.0	1.4	0.8	-1.0	0.0	-1.0	-1.0	-1.0	0.0	0.0	0.0	-1.0	-1.0	0.0	0.0	0.0	-1.0	0.0
21:47:08	132.0	353.5	353.0	353.9	354.2	354.4	354.3	0.2	0.7	44.4	0.0	0.7	0.2	354.4	353.0	0.1	-0.1	353.9	353.7	355.3	355.2	354.5	360.3	101.0	132.0	44.7	45.3	355.4	355.0	44.0	53.5	4.0	40.2	0.0	7.0	.Autoclave.Outputs.PRESSIP\OutputValue	-6.0	1.4	0.9	-1.0	0.0	-1.0	-1.0	-1.0	0.0	0.0	0.0	-1.0	-1.0	0.0	0.0	0.0	-1.0	0.0
21:48:08	133.0	353.5	353.1	353.7	354.1	354.4	354.4	0.2	0.7	44.4	0.0	0.7	0.2	354.4	353.1	0.2	-0.2	353.9	353.7	355.3	355.3	354.6	360.3	101.0	133.0	45.7	44.3	355.5	355.0	44.0	54.2	4.0	40.2	0.0	8.3	.Autoclave.Outputs.PRESSIP\OutputValue	-6.0	1.3	0.9	-1.0	0.0	-1.0	-1.0	-1.0	0.0	0.0	0.0	-1.0	-1.0	0.0	0.0	0.0	-1.0	0.0
21:49:08	134.0	353.5	353.1	353.8	354.4	354.5	354.3	0.2	0.7	44.4	0.0	0.7	0.2	354.5	353.1	0.1	-0.1	353.9	353.8	355.3	355.3	354.7	360.1	101.1	134.0	46.7	43.3	355.5	355.0	44.0	53.5	4.0	40.2	0.0	7.0	.Autoclave.Outputs.PRESSIP\OutputValue	-6.0	1.4	0.8	-1.0	0.0	-1.0	-1.0	-1.0	0.0	0.0	0.0	-1.0	-1.0	0.0	0.0	0.0	-1.0	0.0
21:50:08	135.0	353.5	353.2	353.9	354.3	354.5	354.2	0.2	0.7	44.4	0.0	0.7	0.2	354.5	353.2	0.2	-0.2	353.9	353.8	355.3	355.4	354.7	360.5	100.9	135.0	47.7	42.3	355.5	355.0	44.0	53.5	4.0	40.2	0.0	7.1	.Autoclave.Outputs.PRESSIP\OutputValue	-6.0	1.3	0.8	-1.0	0.0	-1.0	-1.0	-1.0	0.0	0.0	0.0	-1.0	-1.0	0.0	0.0	0.0	-1.0	0.0
21:51:08	136.0	353.4	353.1	354.0	354.3	354.5	354.2	0.2	0.7	44.4	0.0	0.7	0.2	354.5	353.1	0.1	-0.2	353.9	353.8	355.2	355.2	354.7	360.4	101.1	136.0	48.7	41.3	355.6	355.0	44.0	54.2	4.1	40.2	0.0	8.5	.Autoclave.Outputs.PRESSIP\OutputValue	-6.0	1.4	0.7	-1.0	0.0	-1.0	-1.0	-1.0	0.0	0.0	0.0	-1.0	-1.0	0.0	0.0	0.0	-1.0	0.0
21:52:08	137.0	353.5	353.1	353.9	354.2	354.5	354.3	0.2	0.7	44.4	0.0	0.7	0.2	354.5	353.1	0.2	-0.1	353.9	353.8	355.3	355.3	354.6	360.8	100.9	137.0	49.7	40.3	355.5	355.0	44.0	54.3	4.1	40.2	0.0	8.5	.Autoclave.Outputs.PRESSIP\OutputValue	-6.0	1.4	0.8	-1.0	0.0	-1.0	-1.0	-1.0	0.0	0.0	0.0	-1.0	-1.0	0.0	0.0	0.0	-1.0	0.0
21:53:08	138.1	353.3	353.0	353.9	354.1	354.6	354.1	0.2	0.7	44.4	0.0	0.7	0.2	354.6	353.0	0.1	-0.2	353.8	353.8	355.1	355.1	354.5	359.7	100.9	138.0	50.7	39.3	355.6	355.0	44.0	54.9	4.1	40.6	0.0	9.9	.Autoclave.Outputs.PRESSIP\OutputValue	-6.0	1.6	0.5	-1.0	0.0	-1.0	-1.0	-1.0	0.0	0.0	0.0	-1.0	-1.0	0.0	0.0	0.0	-1.0	0.0
21:54:08	139.0	353.5	353.1	353.8	354.2	354.5	354.1	0.2	0.7	44.4	0.0	0.7	0.2	354.5	353.1	0.0	-0.1	353.9	353.8	355.3	355.2	354.7	360.4	100.9	139.0	51.7	38.3	355.5	355.0	44.0	53.6	4.1	39.7	0.0	7.2	.Autoclave.Outputs.PRESSIP\OutputValue	-6.0	1.4	0.8	-1.0	0.0	-1.0	-1.0	-1.0	0.0	0.0	0.0	-1.0	-1.0	0.0	0.0	0.0	-1.0	0.0
21:55:08	140.0	353.5	353.0	353.9	353.9	354.4	354.0	0.2	0.7	44.4	0.0	0.7	0.2	354.4	353.0	0.1	-0.1	353.8	353.7	355.3	355.3	354.7	360.2	101.0	140.0	52.7	37.3	355.5	355.0	44.0	54.2	4.1	40.0	0.0	8.5	.Autoclave.Outputs.PRESSIP\OutputValue	-6.0	1.4	0.9	-1.0	0.0	-1.0	-1.0	-1.0	0.0	0.0	0.0	-1.0	-1.0	0.0	0.0	0.0	-1.0	0.0
21:56:08	141.0	353.3	353.2	353.9	354.5	354.5	354.1	0.2	0.7	44.4	0.0	0.7	0.2	354.5	353.2	0.2	-0.2	353.9	353.8	355.2	355.2	354.6	360.3	100.9	141.0	53.7	36.3	355.5	355.0	44.0	54.9	4.2	39.8	0.0	9.8	.Autoclave.Outputs.PRESSIP\OutputValue	-6.0	1.3	0.7	-1.0	0.0	-1.0	-1.0	-1.0	0.0	0.0	0.0	-1.0	-1.0	0.0	0.0	0.0	-1.0	0.0
21:57:07	142.0	353.6	353.2	353.9	354.3	354.4	354.2	0.2	0.8	44.4	0.0	0.8	0.2	354.4	353.2	0.3	-0.2	353.9	353.8	355.3	355.4	354.7	360.7	101.1	142.0	54.7	35.3	355.5	355.0	44.0	53.0	4.2	39.7	0.0	6.0	.Autoclave.Outputs.PRESSIP\OutputValue	-6.0	1.2	0.9	-1.0	0.0	-1.0	-1.0	-1.0	0.0	0.0	0.0	-1.0	-1.0	0.0	0.0	0.0	-1.0	0.0
21:58:08	143.0	353.6	353.1	353.7	354.4	354.5	354.0	0.2	0.7	44.4	0.0	0.7	0.2	354.5	353.1	0.1	-0.3	353.9	353.8	355.1	355.1	354.7	360.3	100.8	143.0	55.7	34.3	355.5	355.0	44.0	54.4	4.2	39.8	0.0	8.7	.Autoclave.Outputs.PRESSIP\OutputValue	-6.0	1.4	0.6	-1.0	0.0	-1.0	-1.0	-1.0	0.0	0.0	0.0	-1.0	-1.0	0.0	0.0	0.0	-1.0	0.0
21:59:08	144.0	353.3	353.2	353.8	354.4	354.5	354.1	0.2	0.7	44.4	0.0	0.7	0.2	354.5	353.2	0.2	-0.1	353.9	353.8	355.3	355.3	354.7	360.4	100.9	144.0	56.7	33.3	355.5	355.0	44.0	54.4	4.2	39.8	0.0	8.8	.Autoclave.Outputs.PRESSIP\OutputValue	-6.0	1.3	0.8	-1.0	0.0	-1.0	-1.0	-1.0	0.0	0.0	0.0	-1.0	-1.0	0.0	0.0	0.0	-1.0	0.0
22:00:08	145.0	353.5	353.1	353.8	354.5	354.6	354.1	0.2	0.8	44.4	0.0	0.8	0.2	354.6	353.1	0.2	-0.3	353.9	353.8	355.4	355.2	354.8	360.3	101.0	145.0	57.7	32.3	355.5	355.0	44.0	49.7	4.2	40.0	0.0	0.0	.Autoclave.Outputs.PRESSIP\OutputValue	-6.0	1.5	0.8	-1.0	0.0	-1.0	-1.0	-1.0	0.0	0.0	0.0	-1.0	-1.0	0.0	0.0	0.0	-1.0	0.0
22:01:08	146.0	353.5	353.0	353.6	354.5	354.5	354.1	0.2	0.7	44.4	0.0	0.7	0.2	354.5	353.0	0.2	0.0	353.9	353.7	355.2	355.2	354.7	360.0	100.8	146.0	58.7	31.3	355.4	355.0	44.0	53.7	4.3	40.2	0.0	7.3	.Autoclave.Outputs.PRESSIP\OutputValue	-6.0	1.5	0.7	-1.0	0.0	-1.0	-1.0	-1.0	0.0	0.0	0.0	-1.0	-1.0	0.0	0.0	0.0	-1.0	0.0
22:02:08	147.0	353.5	353.1	353.8	354.7	354.6	354.0	0.2	0.7	44.4	0.0	0.7	0.2	354.7	353.1	0.8	-0.1	353.9	353.9	355.2	355.2	354.7	360.5	100.9	147.0	59.7	30.3	355.4	355.0	44.0	53.7	4.3	39.8	0.0	7.4	.Autoclave.Outputs.PRESSIP\OutputValue	-6.0	1.6	0.5	-1.0	0.0	-1.0	-1.0	-1.0	0.0	0.0	0.0	-1.0	-1.0	0.0	0.0	0.0	-1.0	0.0
22:03:08	148.0	353.5	353.2	353.7	354.5	354.5	354.0	0.2	0.7	44.4	0.0	0.7	0.2	354.5	353.2	0.1	-0.6	353.9	353.8	355.2	355.2	354.5	359.9	100.9	148.0	60.7	29.3	355.4	355.0	44.0	53.8	4.3	39.8	0.0	7.6	.Autoclave.Outputs.PRESSIP\OutputValue	-6.0	1.3	0.7	-1.0	0.0	-1.0	-1.0	-1.0	0.0	0.0	0.0	-1.0	-1.0	0.0	0.0	0.0	-1.0	0.0
22:04:08	149.0	353.6	353.1	353.8	354.6	354.6	354.0	0.2	0.7	44.4	0.0	0.7	0.2	354.6	353.1	0.2	-0.2	353.9	353.8	355.3	355.2	354.7	359.9	100.8	149.0	61.7	28.3	355.4	355.0	44.0	53.1	4.3	39.7	0.0	6.1	.Autoclave.Outputs.PRESSIP\OutputValue	-6.0	1.5	0.7	-1.0	0.0	-1.0	-1.0	-1.0	0.0	0.0	0.0	-1.0	-1.0	0.0	0.0	0.0	-1.0	0.0
22:05:08	150.0	353.4	353.1	353.8	354.6	354.5	353.9	0.2	0.7	44.5	0.0	0.7	0.2	354.6	353.1	0.1	-0.3	353.9	353.8	355.3	355.2	354.7	360.3	100.7	150.0	62.7	27.3	355.4	355.0	44.0	53.1	4.3	39.8	0.0	6.1	.Autoclave.Outputs.PRESSIP\OutputValue	-6.0	1.5	0.7	-1.0	0.0	-1.0	-1.0	-1.0	0.0	0.0	0.0	-1.0	-1.0	0.0	0.0	0.0	-1.0	0.0
22:06:08	151.0	353.4	353.1	353.7	354.5	354.5	353.9	0.2	0.7	44.5	0.0	0.7	0.2	354.5	353.1	0.2	-0.1	353.8	353.8	355.1	355.1	354.4	360.1	100.7	151.0	63.7	26.3	355.5	355.0	44.0	55.1	4.3	40.0	0.0	10.2	.Autoclave.Outputs.PRESSIP\OutputValue	-6.0	1.4	0.6	-1.0	0.0	-1.0	-1.0	-1.0	0.0	0.0	0.0	-1.0	-1.0	0.0	0.0	0.0	-1.0	0.0
22:07:08	152.0	353.5	353.1	353.7	354.5	354.5	354.0	0.2	0.7	44.4	0.0	0.7	0.2	354.5	353.1	0.2	-0.1	353.9	353.8	355.3	355.3	354.5	360.5	100.9	152.0	64.7	25.3	355.4	355.0	44.0	53.8	4.4	39.7	0.0	7.5	.Autoclave.Outputs.PRESSIP\OutputValue	-6.0	1.4	0.8	-1.0	0.0	-1.0	-1.0	-1.0	0.0	0.0	0.0	-1.0	-1.0	0.0	0.0	0.0	-1.0	0.0
22:08:08	153.0	353.4	353.1	353.7	354.6	354.5	354.0	0.2	0.7	44.4	0.0	0.7	0.2	354.6	353.1	0.2	-0.1	353.9	353.8	355.2	355.2	354.5	360.3	100.7	153.0	65.7	24.3	355.4	355.0	44.0	53.2	4.4	39.7	0.0	6.4	.Autoclave.Outputs.PRESSIP\OutputValue	-6.0	1.5	0.6	-1.0	0.0	-1.0	-1.0	-1.0	0.0	0.0	0.0	-1.0	-1.0	0.0	0.0	0.0	-1.0	0.0
22:09:08	154.1	353.4	353.1	353.7	354.5	354.6	353.9	0.2	0.7	44.5	0.0	0.7	0.2	354.6	353.1	0.1	-0.2	353.9	353.8	355.3	355.3	354.6	360.5	101.0	154.0	66.7	23.3	355.4	355.0	44.0	53.2	4.4	39.5	0.0	6.4	.Autoclave.Outputs.PRESSIP\OutputValue	-6.0	1.5	0.7	-1.0	0.0	-1.0	-1.0	-1.0	0.0	0.0	0.0	-1.0	-1.0	0.0	0.0	0.0	-1.0	0.0
22:10:08	155.0	353.6	353.0	353.6	354.6	354.6	353.9	0.2	0.7	44.4	0.0	0.7	0.2	354.6	353.0	0.1	-0.1	353.9	353.8	355.2	355.2	354.3	359.9	100.8	155.0	67.7	22.3	355.2	355.0	44.0	52.5	4.4	39.7	0.0	5.0	.Autoclave.Outputs.PRESSIP\OutputValue	-6.0	1.6	0.6	-1.0	0.0	-1.0	-1.0	-1.0	0.0	0.0	0.0	-1.0	-1.0	0.0	0.0	0.0	-1.0	0.0
22:11:08	156.0	353.4	353.1	353.7	354.6	354.6	353.9	0.2	0.7	44.4	0.0	0.7	0.2	354.6	353.1	0.1	-0.1	353.9	353.8	355.3	355.2	354.4	360.1	101.0	156.0	68.7	21.3	355.4	355.0	44.0	52.5	4.4	39.8	0.0	5.0	.Autoclave.Outputs.PRESSIP\OutputValue	-6.0	1.5	0.7	-1.0	0.0	-1.0	-1.0	-1.0	0.0	0.0	0.0	-1.0	-1.0	0.0	0.0	0.0	-1.0	0.0
22:12:08	157.0	353.6	353.1	353.6	354.6	354.6	354.0	0.2	0.7	44.4	0.0	0.7	0.2	354.6	353.1	0.2	0.0	353.9	353.8	355.3	355.2	354.5	360.4	101.1	157.0	69.7	20.3	355.4	355.0	44.0	53.2	4.4	39.5	0.0	6.4	.Autoclave.Outputs.PRESSIP\OutputValue	-6.0	1.5	0.7	-1.0	0.0	-1.0	-1.0	-1.0	0.0	0.0	0.0	-1.0	-1.0	0.0	0.0	0.0	-1.0	0.0
22:13:08	158.0	353.6	352.9	353.7	354.5	354.6	354.0	0.2	0.7	44.4	0.0	0.7	0.2	354.6	352.9	0.1	-0.3	353.9	353.7	355.2	355.3	354.4	360.1	101.1	158.0	70.7	19.3	355.5	355.0	44.0	53.9	4.4	39.7	0.0	7.7	.Autoclave.Outputs.PRESSIP\OutputValue	-6.0	1.7	0.6	-1.0	0.0	-1.0	-1.0	-1.0	0.0	0.0	0.0	-1.0	-1.0	0.0	0.0	0.0	-1.0	0.0
22:14:08	159.0	353.4	352.9	353.8	354.6	354.6	353.9	0.2	0.7	44.5	0.0	0.7	0.2	354.6	352.9	0.2	-0.1	353.9	353.7	355.2	355.2	354.5	360.5	101.0	159.0	71.7	18.3	355.4	355.0	44.0	53.9	4.5	39.5	0.0	7.8	.Autoclave.Outputs.PRESSIP\OutputValue	-6.0	1.7	0.6	-1.0	0.0	-1.0	-1.0	-1.0	0.0	0.0	0.0	-1.0	-1.0	0.0	0.0	0.0	-1.0	0.0
22:15:08	160.0	353.3	353.0	353.6	354.9	354.5	353.9	0.2	0.7	44.4	0.0	0.7	0.2	354.9	353.0	0.0	-0.2	353.9	353.9	355.3	355.3	354.5	360.1	101.1	160.0	72.7	17.3	355.4	355.0	44.0	54.0	4.5	39.7	0.0	7.9	.Autoclave.Outputs.PRESSIP\OutputValue	-6.0	1.9	0.4	-1.0	0.0	-1.0	-1.0	-1.0	0.0	0.0	0.0	-1.0	-1.0	0.0	0.0	0.0	-1.0	0.0
22:16:08	161.0	353.0	352.7	353.6	354.5	354.6	353.9	0.2	0.7	44.4	0.0	0.7	0.2	354.6	352.7	0.1	-0.2	353.7	353.6	355.2	355.4	354.6	360.1	101.2	161.0	73.7	16.3	355.4	355.0	44.0	53.3	4.5	39.8	0.0	6.6	.Autoclave.Outputs.PRESSIP\OutputValue	-6.0	1.9	0.6	-1.0	0.0	-1.0	-1.0	-1.0	0.0	0.0	0.0	-1.0	-1.0	0.0	0.0	0.0	-1.0	0.0
22:17:08	162.0	353.3	352.9	353.7	354.5	354.6	354.0	0.2	0.7	44.4	0.0	0.7	0.2	354.6	352.9	0.3	0.0	353.8	353.7	355.4	355.3	354.6	360.2	101.2	162.0	74.7	15.3	355.4	355.0	44.0	51.9	4.5	39.8	0.0	3.8	.Autoclave.Outputs.PRESSIP\OutputValue	-6.0	1.7	0.8	-1.0	0.0	-1.0	-1.0	-1.0	0.0	0.0	0.0	-1.0	-1.0	0.0	0.0	0.0	-1.0	0.0
22:18:08	163.0	353.4	352.9	353.7	354.5	354.6	354.0	0.2	0.7	44.4	0.0	0.7	0.2	354.6	352.9	0.2	-0.4	353.8	353.7	355.2	355.2	354.5	360.4	101.0	163.0	75.7	14.3	355.5	355.0	44.0	54.7	4.5	39.7	0.0	9.4	.Autoclave.Outputs.PRESSIP\OutputValue	-6.0	1.7	0.6	-1.0	0.0	-1.0	-1.0	-1.0	0.0	0.0	0.0	-1.0	-1.0	0.0	0.0	0.0	-1.0	0.0
22:19:08	164.0	353.2	353.0	353.7	354.5	354.6	353.9	0.2	0.7	44.4	0.0	0.7	0.2	354.6	353.0	0.0	-0.3	353.8	353.8	355.2	355.3	354.6	360.3	101.1	164.0	76.7	13.3	355.4	355.0	44.0	53.9	4.5	39.8	0.0	7.9	.Autoclave.Outputs.PRESSIP\OutputValue	-6.0	1.6	0.6	-1.0	0.0	-1.0	-1.0	-1.0	0.0	0.0	0.0	-1.0	-1.0	0.0	0.0	0.0	-1.0	0.0
22:20:08	165.0	353.3	352.9	353.7	354.5	354.6	354.0	0.2	0.7	44.4	0.0	0.7	0.2	354.6	352.9	0.3	0.0	353.8	353.7	355.3	355.3	354.5	360.0	101.0	165.0	77.7	12.3	355.4	355.0	44.0	53.3	4.5	39.8	0.0	6.6	.Autoclave.Outputs.PRESSIP\OutputValue	-6.0	1.7	0.7	-1.0	0.0	-1.0	-1.0	-1.0	0.0	0.0	0.0	-1.0	-1.0	0.0	0.0	0.0	-1.0	0.0
22:21:08	166.0	353.4	352.9	353.6	354.2	354.6	354.0	0.2	0.7	44.4	0.0	0.7	0.2	354.6	352.9	0.1	-0.2	353.8	353.7	355.2	355.2	354.4	360.3	101.0	166.0	78.7	11.3	355.0	355.0	44.0	51.3	4.6	39.7	0.0	2.6	.Autoclave.Outputs.PRESSIP\OutputValue	-6.0	1.7	0.6	-1.0	0.0	-1.0	-1.0	-1.0	0.0	0.0	0.0	-1.0	-1.0	0.0	0.0	0.0	-1.0	0.0
22:22:08	167.1	353.3	352.9	353.8	354.4	354.6	354.1	0.2	0.7	44.5	0.0	0.7	0.2	354.6	352.9	0.1	-0.1	353.8	353.7	355.2	355.2	354.4	360.3	101.0	167.0	79.7	10.3	355.4	355.0	44.0	53.4	4.6	39.7	0.0	6.8	.Autoclave.Outputs.PRESSIP\OutputValue	-6.0	1.7	0.6	-1.0	0.0	-1.0	-1.0	-1.0	0.0	0.0	0.0	-1.0	-1.0	0.0	0.0	0.0	-1.0	0.0
22:23:08	168.0	353.3	352.9	353.7	354.5	354.5	354.0	0.2	0.7	44.4	0.0	0.7	0.2	354.5	352.9	0.1	-0.1	353.8	353.7	355.4	355.4	354.6	360.0	101.1	168.0	80.7	9.3	355.4	355.0	44.0	52.7	4.6	39.8	0.0	5.5	.Autoclave.Outputs.PRESSIP\OutputValue	-6.0	1.6	0.9	-1.0	0.0	-1.0	-1.0	-1.0	0.0	0.0	0.0	-1.0	-1.0	0.0	0.0	0.0	-1.0	0.0
22:24:08	169.0	353.5	353.1	353.8	354.5	354.7	354.0	0.2	0.7	44.4	0.0	0.7	0.2	354.7	353.1	0.2	-0.2	353.9	353.9	355.3	355.3	354.4	360.3	101.0	169.0	81.7	8.3	355.3	355.0	44.0	52.8	4.6	39.7	0.0	5.5	.Autoclave.Outputs.PRESSIP\OutputValue	-6.0	1.6	0.6	-1.0	0.0	-1.0	-1.0	-1.0	0.0	0.0	0.0	-1.0	-1.0	0.0	0.0	0.0	-1.0	0.0
22:25:08	170.1	353.0	352.9	353.7	354.3	354.6	354.0	0.2	0.7	44.4	0.0	0.7	0.2	354.6	352.9	0.1	-0.3	353.7	353.7	355.5	355.5	354.7	360.3	101.1	170.0	82.7	7.3	355.2	355.0	44.0	50.7	4.6	39.8	0.0	1.4	.Autoclave.Outputs.PRESSIP\OutputValue	-6.0	1.7	0.9	-1.0	0.0	-1.0	-1.0	-1.0	0.0	0.0	0.0	-1.0	-1.0	0.0	0.0	0.0	-1.0	0.0
22:26:08	171.0	353.1	352.8	353.7	354.6	354.6	353.9	0.2	0.8	44.4	0.0	0.8	0.2	354.6	352.8	0.2	0.0	353.8	353.7	355.4	355.4	354.6	360.5	101.1	171.0	83.7	6.3	355.3	355.0	44.0	52.8	4.6	39.7	0.0	5.6	.Autoclave.Outputs.PRESSIP\OutputValue	-6.0	1.8	0.8	-1.0	0.0	-1.0	-1.0	-1.0	0.0	0.0	0.0	-1.0	-1.0	0.0	0.0	0.0	-1.0	0.0
22:27:08	172.0	353.3	353.0	353.7	354.3	354.6	354.1	0.2	0.7	44.4	0.0	0.7	0.2	354.6	353.0	0.2	0.0	353.8	353.8	355.3	355.3	354.5	360.5	101.2	172.0	84.7	5.3	355.4	355.0	44.0	53.5	4.6	39.7	0.0	6.9	.Autoclave.Outputs.PRESSIP\OutputValue	-6.0	1.6	0.7	-1.0	0.0	-1.0	-1.0	-1.0	0.0	0.0	0.0	-1.0	-1.0	0.0	0.0	0.0	-1.0	0.0
22:28:08	173.0	353.3	353.0	353.7	354.5	354.6	353.9	0.2	0.7	44.4	0.0	0.7	0.2	354.6	353.0	0.1	-0.2	353.8	353.8	355.3	355.3	354.5	360.4	101.2	173.0	85.7	4.3	355.4	355.0	44.0	54.1	4.6	39.7	0.0	8.3	.Autoclave.Outputs.PRESSIP\OutputValue	-6.0	1.6	0.7	-1.0	0.0	-1.0	-1.0	-1.0	0.0	0.0	0.0	-1.0	-1.0	0.0	0.0	0.0	-1.0	0.0
22:29:08	174.0	353.1	352.9	353.8	354.5	354.6	354.0	0.2	0.7	44.4	0.0	0.7	0.2	354.6	352.9	0.2	-0.4	353.8	353.7	355.3	355.5	354.7	360.6	101.1	174.0	86.7	3.3	355.5	355.0	44.0	54.1	4.7	39.7	0.0	8.3	.Autoclave.Outputs.PRESSIP\OutputValue	-6.0	1.7	0.7	-1.0	0.0	-1.0	-1.0	-1.0	0.0	0.0	0.0	-1.0	-1.0	0.0	0.0	0.0	-1.0	0.0
22:30:08	175.0	353.3	353.0	353.8	354.4	354.5	354.0	0.2	0.7	44.4	0.0	0.7	0.2	354.5	353.0	0.1	-0.2	353.8	353.7	355.2	355.2	354.6	360.4	101.1	175.0	87.7	2.3	355.4	355.0	44.0	52.8	4.7	40.0	0.0	5.6	.Autoclave.Outputs.PRESSIP\OutputValue	-6.0	1.5	0.7	-1.0	0.0	-1.0	-1.0	-1.0	0.0	0.0	0.0	-1.0	-1.0	0.0	0.0	0.0	-1.0	0.0
22:31:08	176.0	353.1	352.9	353.6	354.6	354.6	353.9	0.2	0.7	44.4	0.0	0.7	0.2	354.6	352.9	0.0	-0.2	353.8	353.7	355.4	355.4	354.6	360.4	101.1	176.0	88.7	1.3	355.4	355.0	44.0	53.5	4.7	39.8	0.0	7.0	.Autoclave.Outputs.PRESSIP\OutputValue	-6.0	1.7	0.8	-1.0	0.0	-1.0	-1.0	-1.0	0.0	0.0	0.0	-1.0	-1.0	0.0	0.0	0.0	-1.0	0.0
22:32:08	177.0	353.2	352.9	353.8	354.5	354.6	354.0	0.2	0.7	44.4	0.0	0.7	0.2	354.6	352.9	0.2	-0.2	353.8	353.7	355.2	355.3	354.5	360.4	101.0	177.0	89.7	0.3	355.3	355.0	44.0	54.2	4.7	39.3	0.0	8.4	.Autoclave.Outputs.PRESSIP\OutputValue	-6.0	1.7	0.6	-1.0	0.0	-1.0	-1.0	-1.0	0.0	0.0	0.0	-1.0	-1.0	0.0	0.0	0.0	-1.0	0.0
22:32:26	177.3	353.4	353.1	353.8	354.4	354.6	354.1	0.2	0.7	44.4	0.0	0.7	0.2	354.6	353.1	0.1	-0.1	353.9	353.8	355.3	355.3	354.5	360.1	101.1	177.3	90.0	0.0	355.4	355.0	44.0	53.5	4.7	39.7	0.0	7.0	.Autoclave.Outputs.PRESSIP\OutputValue	-6.0	1.5	0.7	-1.0	0.0	-1.0	-1.0	-1.0	0.0	0.0	0.0	-1.0	-1.0	0.0	0.0	0.0	-1.0	0.0
22:33:08	178.0	351.0	351.6	352.1	354.5	354.4	354.0	0.1	0.6	43.4	0.0	0.6	0.1	354.5	351.0	0.1	-1.5	352.9	352.7	346.2	346.0	345.2	333.3	100.8	178.0	0.7	0.0	351.9	351.8	44.0	90.8	4.7	51.3	0.0	81.7	.Autoclave.Outputs.PRESSIP\OutputValue	-5.5	3.5	-8.3	-1.0	0.0	-1.0	-1.0	-1.0	0.0	0.0	0.0	-1.0	-1.0	0.0	0.0	0.0	-1.0	0.0
22:34:08	179.0	349.7	350.1	350.5	353.8	352.7	352.0	0.2	0.7	44.0	0.0	0.7	0.2	353.8	349.7	-0.8	-2.2	351.5	351.7	346.3	346.3	345.5	352.6	101.0	179.0	1.7	0.0	347.4	347.3	44.0	61.4	5.2	44.8	0.0	22.7	.Autoclave.Outputs.PRESSIP\OutputValue	-5.2	4.1	-7.5	-1.0	0.0	-1.0	-1.0	-1.0	0.0	0.0	0.0	-1.0	-1.0	0.0	0.0	0.0	-1.0	0.0
22:35:09	180.1	346.8	348.2	348.5	353.2	352.1	350.3	0.2	0.6	43.9	0.0	0.6	0.2	353.2	346.8	-0.5	-2.3	349.8	350.0	337.7	337.6	336.7	325.5	101.0	180.0	2.7	0.0	342.8	342.8	44.0	87.9	5.2	46.3	0.0	75.8	.Autoclave.Outputs.PRESSIP\OutputValue	-4.6	6.4	-15.5	-1.0	0.0	-1.0	-1.0	-1.0	0.0	0.0	0.0	-1.0	-1.0	0.0	0.0	0.0	-1.0	0.0
22:36:08	181.0	345.1	346.2	346.3	351.8	350.0	349.3	0.2	0.6	44.5	0.0	0.6	0.2	351.8	345.1	-0.8	-2.5	348.1	348.4	337.4	337.4	336.6	343.3	101.0	181.0	3.7	0.0	338.4	338.3	44.0	60.5	5.7	39.6	0.0	20.9	.Autoclave.Outputs.PRESSIP\OutputValue	-5.3	6.7	-14.4	-1.0	0.0	-1.0	-1.0	-1.0	0.0	0.0	0.0	-1.0	-1.0	0.0	0.0	0.0	-1.0	0.0
22:37:08	182.0	341.5	343.6	343.6	351.0	348.9	348.0	0.2	0.6	43.6	0.0	0.6	0.2	351.0	341.5	-0.7	-3.3	346.1	346.2	327.9	327.8	327.1	322.7	101.1	182.0	4.7	0.0	333.9	333.8	44.0	94.0	5.8	48.8	0.0	88.0	.Autoclave.Outputs.PRESSIP\OutputValue	-5.1	9.5	-23.2	-1.0	0.0	-1.0	-1.0	-1.0	0.0	0.0	0.0	-1.0	-1.0	0.0	0.0	0.0	-1.0	0.0
22:38:08	183.1	339.6	341.4	341.8	349.3	347.0	345.7	0.2	0.6	43.9	0.0	0.6	0.2	349.3	339.6	-1.7	-2.5	344.1	344.4	329.5	329.4	328.7	333.7	101.1	183.0	5.7	0.0	329.4	329.3	44.0	53.7	6.1	45.5	0.0	7.3	.Autoclave.Outputs.PRESSIP\OutputValue	-4.9	9.7	-19.9	-1.0	0.0	-1.0	-1.0	-1.0	0.0	0.0	0.0	-1.0	-1.0	0.0	0.0	0.0	-1.0	0.0
22:39:08	184.0	335.6	338.3	338.3	348.1	345.3	344.0	0.2	0.5	44.2	0.0	0.5	0.2	348.1	335.6	-1.4	-4.0	341.6	341.8	319.1	319.1	318.4	317.9	101.3	184.0	6.7	0.0	324.9	324.8	44.0	92.4	6.3	43.3	0.0	84.9	.Autoclave.Outputs.PRESSIP\OutputValue	-4.4	12.5	-29.1	-1.0	0.0	-1.0	-1.0	-1.0	0.0	0.0	0.0	-1.0	-1.0	0.0	0.0	0.0	-1.0	0.0
22:40:08	185.0	333.9	336.1	336.6	346.2	343.2	341.8	0.1	0.5	44.3	0.0	0.5	0.1	346.2	333.9	-1.7	-2.4	339.6	340.0	321.2	321.2	320.3	323.9	101.2	185.0	7.7	0.0	320.4	320.3	44.0	49.4	6.5	41.3	0.0	0.0	.Autoclave.Outputs.PRESSIP\OutputValue	-5.1	12.3	-25.1	-1.0	0.0	-1.0	-1.0	-1.0	0.0	0.0	0.0	-1.0	-1.0	0.0	0.0	0.0	-1.0	0.0
22:40:12	185.1	333.8	336.0	336.4	345.9	343.1	341.5	0.2	0.5	44.3	0.0	0.5	0.2	345.9	333.8	-1.7	-2.4	339.4	339.8	321.1	321.1	320.4	323.6	101.1	185.1	7.8	0.0	320.1	320.1	44.0	48.3	6.5	41.2	0.0	0.0	.Autoclave.Outputs.PRESSIP\OutputValue	-5.2	12.1	-25.2	-1.0	0.0	-1.0	-1.0	-1.0	0.0	0.0	0.0	-1.0	-1.0	0.0	0.0	0.0	-1.0	0.0
22:41:08	186.0	329.6	332.6	333.1	344.6	341.1	339.7	0.1	0.5	43.9	0.0	0.5	0.1	344.6	329.6	-1.5	-3.8	336.8	337.1	311.7	311.7	310.8	313.7	101.0	186.0	0.9	0.0	315.9	315.8	44.0	83.6	6.7	46.5	0.0	67.2	.Autoclave.Outputs.PRESSIP\OutputValue	-4.6	15.0	-33.0	-1.0	0.0	-1.0	-1.0	-1.0	0.0	0.0	0.0	-1.0	-1.0	0.0	0.0	0.0	-1.0	0.0
22:42:08	187.0	327.8	330.4	331.3	342.5	339.1	337.3	0.1	0.4	43.5	0.0	0.4	0.1	342.5	327.8	-2.0	-2.5	334.7	335.1	312.7	312.7	312.0	309.5	100.9	187.0	1.9	0.0	311.4	311.3	44.0	45.8	6.8	50.6	-1.0	0.0	.Autoclave.Outputs.PRESSIP\OutputValue	-4.3	14.7	-29.9	-1.0	0.0	-1.0	-1.0	-1.0	0.0	0.0	0.0	-1.0	-1.0	0.0	0.0	0.0	-1.0	0.0
22:43:08	188.0	323.6	326.6	327.1	340.5	336.5	334.7	0.2	0.4	44.2	0.0	0.4	0.2	340.5	323.6	-1.9	-4.2	331.5	332.0	304.6	304.6	303.9	307.1	101.1	188.0	2.9	0.0	306.8	306.8	44.0	70.0	7.1	43.9	0.0	39.9	.Autoclave.Outputs.PRESSIP\OutputValue	-4.0	16.9	-35.9	-1.0	0.0	-1.0	-1.0	-1.0	0.0	0.0	0.0	-1.0	-1.0	0.0	0.0	0.0	-1.0	0.0
22:44:08	189.0	320.5	323.9	324.9	338.8	334.7	332.1	0.1	0.4	43.0	0.0	0.4	0.1	338.8	320.5	-2.0	-2.8	329.1	329.6	300.7	300.3	299.6	282.2	100.8	189.0	3.9	0.0	302.4	302.3	44.0	66.1	7.1	55.4	0.0	32.2	.Autoclave.Outputs.PRESSIP\OutputValue	-4.0	18.3	-38.1	-1.0	0.0	-1.0	-1.0	-1.0	0.0	0.0	0.0	-1.0	-1.0	0.0	0.0	0.0	-1.0	0.0
22:45:08	190.0	317.0	320.3	321.2	336.2	331.8	329.2	0.2	0.4	43.7	0.0	0.4	0.2	336.2	317.0	-2.2	-4.0	325.9	326.6	297.2	297.3	296.6	298.9	101.0	190.0	4.9	0.0	297.8	297.8	44.0	59.6	7.5	50.3	0.0	19.2	.Autoclave.Outputs.PRESSIP\OutputValue	-3.1	19.2	-39.0	-1.0	0.0	-1.0	-1.0	-1.0	0.0	0.0	0.0	-1.0	-1.0	0.0	0.0	0.0	-1.0	0.0
22:46:08	191.0	312.9	316.8	317.5	333.9	329.7	326.7	0.1	0.3	43.8	0.0	0.3	0.1	333.9	312.9	-2.2	-3.6	322.9	323.4	289.2	289.2	288.5	281.8	101.1	191.0	5.9	0.0	293.4	293.3	44.0	82.4	7.5	49.8	0.0	64.8	.Autoclave.Outputs.PRESSIP\OutputValue	-2.2	21.0	-44.7	-1.0	0.0	-1.0	-1.0	-1.0	0.0	0.0	0.0	-1.0	-1.0	0.0	0.0	0.0	-1.0	0.0
22:47:08	192.0	310.1	313.5	314.7	331.6	327.0	322.7	0.1	0.3	44.0	0.0	0.3	0.1	331.6	310.1	-2.3	-3.7	319.9	320.8	289.2	289.2	288.6	290.0	100.9	192.0	6.9	0.0	288.8	288.8	44.0	53.3	7.7	47.5	0.0	6.5	.Autoclave.Outputs.PRESSIP\OutputValue	-2.3	21.5	-42.4	-1.0	0.0	-1.0	-1.0	-1.0	0.0	0.0	0.0	-1.0	-1.0	0.0	0.0	0.0	-1.0	0.0
22:48:08	193.0	305.6	309.2	310.8	329.1	324.2	319.7	0.1	0.3	44.3	0.0	0.3	0.1	329.1	305.6	-2.5	-4.5	316.4	317.3	280.6	280.6	279.8	279.0	101.2	193.0	7.9	0.0	284.3	284.3	44.0	80.7	7.8	45.4	0.0	61.3	.Autoclave.Outputs.PRESSIP\OutputValue	-2.0	23.5	-48.5	-1.0	0.0	-1.0	-1.0	-1.0	0.0	0.0	0.0	-1.0	-1.0	0.0	0.0	0.0	-1.0	0.0
22:49:08	194.0	302.8	306.2	307.9	326.6	321.3	317.6	0.1	0.3	44.3	0.0	0.3	0.1	326.6	302.8	-2.5	-3.2	313.7	314.7	280.8	280.8	280.2	281.6	101.0	194.0	8.9	0.0	279.9	279.8	44.0	48.9	7.9	44.7	-1.0	0.0	.Autoclave.Outputs.PRESSIP\OutputValue	-2.6	23.8	-45.8	-1.0	0.0	-1.0	-1.0	-1.0	0.0	0.0	0.0	-1.0	-1.0	0.0	0.0	0.0	-1.0	0.0
22:50:08	195.0	297.8	301.8	303.4	323.9	318.2	314.5	0.1	0.3	43.9	0.0	0.3	0.1	323.9	297.8	-2.9	-5.0	309.9	310.8	273.6	273.6	272.8	275.8	101.0	195.0	9.9	0.0	275.4	275.3	44.0	67.7	8.0	49.2	0.0	35.4	.Autoclave.Outputs.PRESSIP\OutputValue	-2.1	26.1	-50.3	-1.0	0.0	-1.0	-1.0	-1.0	0.0	0.0	0.0	-1.0	-1.0	0.0	0.0	0.0	-1.0	0.0
22:51:08	196.0	294.7	298.4	300.4	320.7	315.5	311.0	0.1	0.2	43.7	0.0	0.2	0.1	320.7	294.7	-2.8	-3.6	306.8	307.7	269.3	269.3	268.5	256.0	101.0	196.0	10.9	0.0	270.9	270.8	44.0	65.7	8.0	51.8	0.0	31.4	.Autoclave.Outputs.PRESSIP\OutputValue	-1.4	26.1	-51.4	-1.0	0.0	-1.0	-1.0	-1.0	0.0	0.0	0.0	-1.0	-1.0	0.0	0.0	0.0	-1.0	0.0
22:52:08	197.0	290.9	294.5	296.7	317.8	312.2	306.2	0.1	0.3	44.1	0.0	0.3	0.1	317.8	290.9	-2.8	-4.6	303.1	304.3	267.4	267.4	266.7	267.5	101.0	197.0	11.9	0.0	266.4	266.3	44.0	48.5	8.1	47.7	-1.0	0.0	.Autoclave.Outputs.PRESSIP\OutputValue	-1.5	27.0	-50.4	-1.0	0.0	-1.0	-1.0	-1.0	0.0	0.0	0.0	-1.0	-1.0	0.0	0.0	0.0	-1.0	0.0
22:53:08	198.0	286.2	290.3	292.4	314.8	308.7	302.7	0.1	0.2	43.8	0.0	0.2	0.1	314.8	286.2	-2.6	-4.9	299.2	300.5	260.9	260.9	260.0	262.7	101.0	198.0	12.9	0.0	261.9	261.8	44.0	63.3	8.3	51.8	0.0	26.6	.Autoclave.Outputs.PRESSIP\OutputValue	-0.6	28.7	-53.9	-1.0	0.0	-1.0	-1.0	-1.0	0.0	0.0	0.0	-1.0	-1.0	0.0	0.0	0.0	-1.0	0.0
22:54:08	199.1	282.2	286.4	288.8	311.9	305.8	300.3	0.1	0.2	43.9	0.0	0.2	0.1	311.9	282.2	-2.8	-3.8	295.9	297.0	254.7	254.7	253.9	248.7	100.9	199.0	13.9	0.0	257.4	257.3	44.0	73.4	8.3	51.3	0.0	46.8	.Autoclave.Outputs.PRESSIP\OutputValue	0.2	29.8	-57.2	-1.0	0.0	-1.0	-1.0	-1.0	0.0	0.0	0.0	-1.0	-1.0	0.0	0.0	0.0	-1.0	0.0
22:55:08	200.0	278.8	282.7	285.3	308.4	302.6	296.0	0.1	0.2	43.4	0.0	0.2	0.1	308.4	278.8	-3.3	-4.3	292.3	293.6	253.5	253.3	252.4	242.1	100.8	200.0	14.9	0.0	252.9	252.8	44.0	52.1	8.4	55.7	-1.0	4.2	.Autoclave.Outputs.PRESSIP\OutputValue	0.1	29.7	-54.9	-1.0	0.0	-1.0	-1.0	-1.0	0.0	0.0	0.0	-1.0	-1.0	0.0	0.0	0.0	-1.0	0.0
22:56:08	201.0	274.8	278.7	281.2	305.3	299.2	292.6	0.1	0.2	43.7	0.0	0.2	0.1	305.3	274.8	-3.1	-4.5	288.6	290.0	249.3	249.3	248.5	250.3	100.9	201.0	15.9	0.0	248.4	248.3	44.0	50.3	8.5	53.9	0.0	0.6	.Autoclave.Outputs.PRESSIP\OutputValue	0.9	30.6	-56.0	-1.0	0.0	-1.0	-1.0	-1.0	0.0	0.0	0.0	-1.0	-1.0	0.0	0.0	0.0	-1.0	0.0
22:57:08	202.0	270.4	274.5	277.4	302.2	295.7	288.6	0.1	0.2	44.1	0.0	0.2	0.1	302.2	270.4	-3.3	-4.5	284.8	286.3	243.0	243.0	242.2	245.0	101.0	202.0	16.9	0.0	243.8	243.8	44.0	62.3	8.6	50.0	0.0	24.5	.Autoclave.Outputs.PRESSIP\OutputValue	1.4	31.9	-59.2	-1.0	0.0	-1.0	-1.0	-1.0	0.0	0.0	0.0	-1.0	-1.0	0.0	0.0	0.0	-1.0	0.0
22:58:08	203.0	265.9	270.3	272.9	299.0	292.5	285.0	0.1	0.2	43.6	0.0	0.2	0.1	299.0	265.9	-3.3	-4.6	280.9	282.4	236.6	236.6	236.0	235.3	100.8	203.0	17.9	0.0	239.4	239.3	44.0	74.4	8.6	56.2	0.0	48.8	.Autoclave.Outputs.PRESSIP\OutputValue	2.0	33.2	-62.4	-1.0	0.0	-1.0	-1.0	-1.0	0.0	0.0	0.0	-1.0	-1.0	0.0	0.0	0.0	-1.0	0.0
22:59:08	204.0	262.4	266.7	269.3	295.6	289.2	281.5	0.1	0.1	43.7	0.0	0.1	0.1	295.6	262.4	-3.4	-3.8	277.5	279.0	233.7	233.5	233.0	222.7	100.9	204.0	18.9	0.0	234.8	234.8	44.0	64.3	8.6	55.9	0.0	28.7	.Autoclave.Outputs.PRESSIP\OutputValue	2.9	33.3	-61.9	-1.0	0.0	-1.0	-1.0	-1.0	0.0	0.0	0.0	-1.0	-1.0	0.0	0.0	0.0	-1.0	0.0
23:00:08	205.0	258.6	262.7	265.6	292.4	285.7	278.2	0.1	0.1	43.6	0.0	0.1	0.1	292.4	258.6	-3.4	-4.0	273.9	275.5	231.8	231.7	230.9	224.4	100.9	205.0	19.9	0.0	230.4	230.3	44.0	47.2	8.7	56.4	-1.0	0.0	.Autoclave.Outputs.PRESSIP\OutputValue	2.8	33.9	-60.6	-1.0	0.0	-1.0	-1.0	-1.0	0.0	0.0	0.0	-1.0	-1.0	0.0	0.0	0.0	-1.0	0.0
23:01:08	206.0	254.0	258.5	261.6	288.9	281.9	274.6	0.1	0.1	43.7	0.0	0.1	0.1	288.9	254.0	-3.2	-4.6	269.9	271.4	226.8	226.8	226.2	228.0	100.9	206.0	20.9	0.0	225.9	225.8	44.0	50.6	8.7	56.6	0.0	1.2	.Autoclave.Outputs.PRESSIP\OutputValue	3.6	35.0	-62.1	-1.0	0.0	-1.0	-1.0	-1.0	0.0	0.0	0.0	-1.0	-1.0	0.0	0.0	0.0	-1.0	0.0
23:02:08	207.0	249.8	254.3	257.0	285.2	278.2	270.3	0.1	0.1	44.1	0.0	0.1	0.1	285.2	249.8	-3.5	-4.6	265.8	267.5	220.8	220.9	220.2	222.7	100.7	207.0	21.9	0.0	221.3	221.3	44.0	60.6	8.8	53.1	0.0	21.2	.Autoclave.Outputs.PRESSIP\OutputValue	4.2	35.5	-64.4	-1.0	0.0	-1.0	-1.0	-1.0	0.0	0.0	0.0	-1.0	-1.0	0.0	0.0	0.0	-1.0	0.0
23:03:08	208.0	245.6	250.2	253.2	281.9	274.7	268.0	0.1	0.1	43.7	0.0	0.1	0.1	281.9	245.6	-2.1	-4.6	262.3	263.7	215.1	215.1	214.6	215.7	100.8	208.0	22.9	0.0	216.9	216.8	44.0	68.6	8.8	58.1	0.0	37.2	.Autoclave.Outputs.PRESSIP\OutputValue	4.9	36.4	-66.8	-1.0	0.0	-1.0	-1.0	-1.0	0.0	0.0	0.0	-1.0	-1.0	0.0	0.0	0.0	-1.0	0.0
23:04:08	209.0	241.2	245.9	249.0	278.5	271.3	263.9	0.1	0.1	44.0	0.0	0.1	0.1	278.5	241.2	-3.6	-4.3	258.3	259.8	210.7	210.7	210.2	208.4	100.7	209.0	23.9	0.0	212.4	212.3	44.0	68.1	8.8	55.8	0.0	36.1	.Autoclave.Outputs.PRESSIP\OutputValue	5.6	37.4	-67.8	-1.0	0.0	-1.0	-1.0	-1.0	0.0	0.0	0.0	-1.0	-1.0	0.0	0.0	0.0	-1.0	0.0
23:05:08	210.0	237.5	242.0	245.1	274.8	267.6	259.9	0.1	0.1	43.3	0.0	0.1	0.1	274.8	237.5	-3.6	-3.9	254.5	256.1	207.6	207.6	207.0	197.4	100.6	210.0	24.9	0.0	207.8	207.8	44.0	58.6	8.8	62.8	0.0	17.2	.Autoclave.Outputs.PRESSIP\OutputValue	5.9	37.4	-67.2	-1.0	0.0	-1.0	-1.0	-1.0	0.0	0.0	0.0	-1.0	-1.0	0.0	0.0	0.0	-1.0	0.0
23:06:08	211.0	233.5	238.3	241.0	271.4	263.9	256.4	0.1	0.1	43.0	0.0	0.1	0.1	271.4	233.5	-3.5	-4.3	250.8	252.4	204.1	204.0	203.4	194.7	100.5	211.0	25.9	0.0	203.4	203.3	44.0	52.1	8.8	66.4	-1.0	4.2	.Autoclave.Outputs.PRESSIP\OutputValue	6.8	38.0	-67.3	-1.0	0.0	-1.0	-1.0	-1.0	0.0	0.0	0.0	-1.0	-1.0	0.0	0.0	0.0	-1.0	0.0
23:07:08	212.1	229.2	234.1	237.2	268.1	260.2	253.0	0.1	0.1	43.5	0.0	0.1	0.1	268.1	229.2	-3.4	-4.3	247.0	248.6	200.9	200.8	200.3	193.9	100.5	212.0	26.9	0.0	198.9	198.8	44.0	43.4	8.8	61.6	-1.0	0.0	.Autoclave.Outputs.PRESSIP\OutputValue	7.1	39.0	-67.2	-1.0	0.0	-1.0	-1.0	-1.0	0.0	0.0	0.0	-1.0	-1.0	0.0	0.0	0.0	-1.0	0.0
23:08:08	213.0	224.9	230.1	232.9	264.2	256.4	248.8	0.1	0.1	43.5	0.0	0.1	0.1	264.2	224.9	-3.8	-4.6	242.9	244.5	196.2	196.2	195.7	194.3	100.5	213.0	27.9	0.0	194.3	194.3	44.0	44.7	8.8	63.5	-1.0	0.0	.Autoclave.Outputs.PRESSIP\OutputValue	8.0	39.4	-68.0	-1.0	0.0	-1.0	-1.0	-1.0	0.0	0.0	0.0	-1.0	-1.0	0.0	0.0	0.0	-1.0	0.0
23:09:08	214.0	220.9	225.7	228.3	260.7	252.9	245.3	0.1	0.1	43.9	0.0	0.1	0.1	260.7	220.9	-3.6	-4.7	239.0	240.8	190.9	190.9	190.4	191.8	100.6	214.0	28.9	0.0	189.9	189.8	44.0	50.1	8.8	58.7	-1.0	0.3	.Autoclave.Outputs.PRESSIP\OutputValue	8.0	39.9	-69.9	-1.0	0.0	-1.0	-1.0	-1.0	0.0	0.0	0.0	-1.0	-1.0	0.0	0.0	0.0	-1.0	0.0
23:10:08	215.1	216.4	221.4	224.0	257.0	249.0	240.9	0.1	0.0	43.6	0.0	0.1	0.0	257.0	216.4	-3.8	-4.7	234.8	236.7	186.3	186.3	185.8	186.8	100.5	215.0	29.9	0.0	185.4	185.3	44.0	50.7	8.7	62.1	0.0	1.4	.Autoclave.Outputs.PRESSIP\OutputValue	8.0	40.7	-70.8	-1.0	0.0	-1.0	-1.0	-1.0	0.0	0.0	0.0	-1.0	-1.0	0.0	0.0	0.0	-1.0	0.0
23:11:08	216.0	211.8	217.2	220.0	253.1	245.1	236.2	0.1	0.1	43.9	0.0	0.1	0.1	253.1	211.8	-3.8	-4.5	230.6	232.5	181.8	181.7	181.2	181.7	100.6	216.0	30.9	0.0	180.9	180.8	44.0	50.7	8.7	59.3	0.0	1.3	.Autoclave.Outputs.PRESSIP\OutputValue	8.0	41.3	-71.4	-1.0	0.0	-1.0	-1.0	-1.0	0.0	0.0	0.0	-1.0	-1.0	0.0	0.0	0.0	-1.0	0.0
23:12:08	217.0	207.7	213.0	215.8	249.3	241.0	232.2	0.1	0.1	43.5	0.0	0.1	0.1	249.3	207.7	-3.8	-4.9	226.5	228.5	177.6	177.5	177.0	177.5	100.4	217.0	31.9	0.0	176.4	176.3	44.0	48.7	8.6	62.9	-1.0	0.0	.Autoclave.Outputs.PRESSIP\OutputValue	8.0	41.6	-71.8	-1.0	0.0	-1.0	-1.0	-1.0	0.0	0.0	0.0	-1.0	-1.0	0.0	0.0	0.0	-1.0	0.0
23:13:08	218.0	203.6	208.7	211.4	245.6	237.3	227.8	0.1	0.1	43.9	0.0	0.1	0.1	245.6	203.6	-3.8	-4.4	222.4	224.6	172.8	172.8	172.2	173.8	100.6	218.0	32.9	0.0	171.9	171.8	44.0	51.3	8.6	59.3	0.0	2.7	.Autoclave.Outputs.PRESSIP\OutputValue	8.0	42.0	-72.9	-1.0	0.0	-1.0	-1.0	-1.0	0.0	0.0	0.0	-1.0	-1.0	0.0	0.0	0.0	-1.0	0.0
23:14:08	219.0	199.2	204.3	207.1	241.6	233.6	223.8	0.1	0.0	43.5	0.0	0.1	0.0	241.6	199.2	-3.8	-4.5	218.3	220.4	168.1	168.1	167.4	169.2	100.5	219.0	33.9	0.0	167.4	167.3	44.0	53.3	8.5	63.1	0.0	6.6	.Autoclave.Outputs.PRESSIP\OutputValue	8.0	42.4	-73.6	-1.0	0.0	-1.0	-1.0	-1.0	0.0	0.0	0.0	-1.0	-1.0	0.0	0.0	0.0	-1.0	0.0
23:15:08	220.0	194.7	200.1	203.0	237.9	229.6	219.1	0.0	0.0	43.7	0.0	0.0	0.0	237.9	194.7	-3.7	-4.8	214.1	216.3	162.8	162.8	162.1	162.7	100.4	220.0	34.9	0.0	162.9	162.9	44.0	57.4	8.4	61.2	0.0	14.7	.Autoclave.Outputs.PRESSIP\OutputValue	8.0	43.2	-75.2	-1.0	0.0	-1.0	-1.0	-1.0	0.0	0.0	0.0	-1.0	-1.0	0.0	0.0	0.0	-1.0	0.0
23:16:09	221.1	190.2	195.6	198.4	234.1	225.9	215.3	0.1	0.0	43.3	0.0	0.1	0.0	234.1	190.2	-3.7	-4.5	209.9	212.2	158.1	158.1	157.5	156.8	100.5	221.0	35.9	0.0	158.3	158.3	44.0	57.7	8.4	65.3	0.0	15.4	.Autoclave.Outputs.PRESSIP\OutputValue	8.0	43.9	-76.1	-1.0	0.0	-1.0	-1.0	-1.0	0.0	0.0	0.0	-1.0	-1.0	0.0	0.0	0.0	-1.0	0.0
23:17:08	222.0	186.1	191.3	194.4	230.1	222.2	211.9	0.1	0.0	43.4	0.0	0.1	0.0	230.1	186.1	-3.7	-4.3	206.0	208.1	154.1	154.1	153.3	150.1	100.4	222.0	36.9	0.0	153.9	153.8	44.0	55.1	8.3	63.8	0.0	10.2	.Autoclave.Outputs.PRESSIP\OutputValue	8.0	44.0	-76.1	-1.0	0.0	-1.0	-1.0	-1.0	0.0	0.0	0.0	-1.0	-1.0	0.0	0.0	0.0	-1.0	0.0
23:18:08	223.0	181.8	187.2	190.2	226.1	218.0	208.1	0.1	0.0	43.0	0.0	0.1	0.0	226.1	181.8	-3.9	-4.5	201.9	204.0	150.0	150.0	149.2	145.8	100.5	223.0	37.9	0.0	149.4	149.3	44.0	51.6	8.1	67.6	-1.0	3.2	.Autoclave.Outputs.PRESSIP\OutputValue	8.0	44.3	-76.2	-1.0	0.0	-1.0	-1.0	-1.0	0.0	0.0	0.0	-1.0	-1.0	0.0	0.0	0.0	-1.0	0.0
23:19:08	224.0	177.9	183.1	185.9	221.8	214.0	204.0	0.1	0.0	43.4	0.0	0.1	0.0	221.8	177.9	-3.8	-4.4	197.8	199.9	146.3	146.2	145.4	142.7	100.6	224.0	38.9	0.0	144.9	144.8	44.0	46.9	8.0	64.4	-1.0	0.0	.Autoclave.Outputs.PRESSIP\OutputValue	8.0	43.9	-75.6	-1.0	0.0	-1.0	-1.0	-1.0	0.0	0.0	0.0	-1.0	-1.0	0.0	0.0	0.0	-1.0	0.0
23:20:08	225.0	173.4	178.7	181.3	217.1	209.6	199.2	0.0	0.0	43.1	0.0	0.0	0.0	217.1	173.4	-4.3	-4.9	193.2	195.3	142.2	142.2	141.4	140.8	100.5	225.0	39.9	0.0	140.4	140.3	44.0	44.0	7.9	66.7	-1.0	0.0	.Autoclave.Outputs.PRESSIP\OutputValue	8.0	43.7	-75.0	-1.0	0.0	-1.0	-1.0	-1.0	0.0	0.0	0.0	-1.0	-1.0	0.0	0.0	0.0	-1.0	0.0
23:21:08	226.0	169.2	174.1	177.5	213.1	205.9	195.2	0.1	0.1	43.3	0.0	0.1	0.1	213.1	169.2	-3.9	-4.6	189.2	191.1	137.8	137.8	137.0	135.1	100.4	226.0	40.9	0.0	135.9	135.8	44.0	43.2	7.7	65.0	-1.0	0.0	.Autoclave.Outputs.PRESSIP\OutputValue	8.0	43.8	-75.3	-1.0	0.0	-1.0	-1.0	-1.0	0.0	0.0	0.0	-1.0	-1.0	0.0	0.0	0.0	-1.0	0.0
23:22:08	227.0	164.9	169.9	173.3	208.7	202.2	190.9	0.1	0.0	43.5	0.0	0.1	0.0	208.7	164.9	-2.1	-4.5	185.0	186.8	133.9	133.9	133.1	131.9	100.5	227.0	41.9	0.0	131.3	131.3	44.0	38.9	7.5	62.9	-1.0	0.0	.Autoclave.Outputs.PRESSIP\OutputValue	8.0	43.7	-74.8	-1.0	0.0	-1.0	-1.0	-1.0	0.0	0.0	0.0	-1.0	-1.0	0.0	0.0	0.0	-1.0	0.0
23:23:08	228.1	160.8	165.9	169.0	204.4	198.3	186.8	0.1	0.1	43.3	0.0	0.1	0.1	204.4	160.8	-4.0	-6.5	180.9	182.6	130.5	130.5	129.7	128.9	100.6	228.0	42.9	0.0	126.8	126.8	44.0	31.3	7.2	65.1	-1.0	0.0	.Autoclave.Outputs.PRESSIP\OutputValue	8.0	43.5	-73.9	-1.0	0.0	-1.0	-1.0	-1.0	0.0	0.0	0.0	-1.0	-1.0	0.0	0.0	0.0	-1.0	0.0
23:24:08	229.0	157.1	162.2	165.7	200.8	194.7	183.0	0.1	0.1	43.1	0.0	0.1	0.1	200.8	157.1	-3.3	-4.4	177.2	178.9	127.7	127.7	126.8	126.5	100.5	229.0	43.9	0.0	122.3	122.3	44.0	19.6	6.8	67.4	-1.0	0.0	.Autoclave.Outputs.PRESSIP\OutputValue	8.0	43.6	-73.1	-1.0	0.0	-1.0	-1.0	-1.0	0.0	0.0	0.0	-1.0	-1.0	0.0	0.0	0.0	-1.0	0.0
23:25:08	230.0	153.7	158.5	161.7	196.8	191.1	179.4	0.0	0.0	43.5	0.0	0.0	0.0	196.8	153.7	-3.4	-3.8	173.5	175.2	125.5	125.5	124.7	124.2	100.6	230.0	44.9	0.0	117.8	117.8	44.0	3.6	6.1	63.1	-1.0	0.0	.Autoclave.Outputs.PRESSIP\OutputValue	8.0	43.0	-71.3	-1.0	0.0	-1.0	-1.0	-1.0	0.0	0.0	0.0	-1.0	-1.0	0.0	0.0	0.0	-1.0	0.0
23:26:08	231.0	150.2	154.8	158.4	192.9	187.1	175.9	0.1	0.1	43.3	-0.5	0.1	0.1	192.9	150.2	-3.6	-4.2	169.9	171.5	123.3	123.4	122.6	122.3	100.4	231.0	45.9	0.0	113.4	113.3	44.0	0.0	0.0	65.5	-1.0	0.0	.Autoclave.Outputs.PRESSIP\OutputValue	8.0	42.6	-69.5	-1.0	0.0	-1.0	-1.0	-1.0	0.0	0.0	0.0	-1.0	-1.0	0.0	0.0	0.0	-1.0	0.0
23:27:08	232.0	147.2	151.8	155.2	189.1	183.9	172.8	0.1	0.1	43.1	0.0	0.1	0.1	189.1	147.2	-3.1	-3.7	166.7	168.1	120.9	120.9	120.3	120.5	100.5	232.0	46.9	0.0	108.9	108.8	44.0	0.0	0.0	67.4	-1.0	0.0	.Autoclave.Outputs.PRESSIP\OutputValue	8.0	41.8	-68.1	-1.0	0.0	-1.0	-1.0	-1.0	0.0	0.0	0.0	-1.0	-1.0	0.0	0.0	0.0	-1.0	0.0
23:28:08	233.0	144.1	148.4	152.0	185.0	180.4	169.5	0.1	0.1	43.5	0.0	0.1	0.1	185.0	144.1	-3.0	-4.0	163.2	164.5	119.1	119.1	118.4	118.9	100.6	233.0	47.9	0.0	104.4	104.3	44.0	0.0	0.0	62.7	-1.0	0.0	.Autoclave.Outputs.PRESSIP\OutputValue	8.0	40.8	-65.8	-1.0	0.0	-1.0	-1.0	-1.0	0.0	0.0	0.0	-1.0	-1.0	0.0	0.0	0.0	-1.0	0.0
23:29:08	234.0	141.2	145.7	148.8	182.0	177.2	166.5	0.1	0.1	43.4	0.0	0.1	0.1	182.0	141.2	-2.9	-3.3	160.2	161.6	117.3	117.3	116.5	117.4	100.3	234.0	48.9	0.0	99.9	99.8	44.0	0.0	0.0	64.4	-1.0	0.0	.Autoclave.Outputs.PRESSIP\OutputValue	8.0	40.7	-64.6	-1.0	0.0	-1.0	-1.0	-1.0	0.0	0.0	0.0	-1.0	-1.0	0.0	0.0	0.0	-1.0	0.0
23:30:08	235.0	138.6	142.4	145.8	178.5	173.9	163.3	0.1	0.1	43.2	0.0	0.1	0.1	178.5	138.6	-2.7	-3.9	157.1	158.5	115.8	115.8	115.0	115.9	100.4	235.0	49.9	0.0	95.4	95.3	44.0	0.0	0.0	65.9	-1.0	0.0	.Autoclave.Outputs.PRESSIP\OutputValue	8.0	39.8	-62.6	-1.0	0.0	-1.0	-1.0	-1.0	0.0	0.0	0.0	-1.0	-1.0	0.0	0.0	0.0	-1.0	0.0
23:31:08	236.0	135.5	139.4	143.2	174.7	170.8	159.9	0.1	0.1	43.0	0.0	0.1	0.1	174.7	135.5	-2.7	-3.4	153.9	155.1	114.2	114.3	113.6	114.6	100.4	236.0	50.9	0.0	90.9	90.8	44.0	0.0	0.0	67.4	-1.0	0.0	.Autoclave.Outputs.PRESSIP\OutputValue	8.0	39.1	-60.4	-1.0	0.0	-1.0	-1.0	-1.0	0.0	0.0	0.0	-1.0	-1.0	0.0	0.0	0.0	-1.0	0.0
23:32:08	237.0	133.3	136.8	140.7	172.0	168.0	157.2	0.1	0.1	43.5	0.0	0.1	0.1	172.0	133.3	-2.3	-3.6	151.3	152.6	113.0	113.0	112.3	113.7	100.3	237.0	51.9	0.0	86.4	86.3	44.0	0.0	0.0	62.5	-1.0	0.0	.Autoclave.Outputs.PRESSIP\OutputValue	8.0	38.6	-58.9	-1.0	0.0	-1.0	-1.0	-1.0	0.0	0.0	0.0	-1.0	-1.0	0.0	0.0	0.0	-1.0	0.0
23:33:08	238.0	131.1	134.6	138.3	168.5	165.1	154.5	0.1	0.1	43.4	0.0	0.1	0.1	168.5	131.1	-2.4	-3.6	148.7	149.8	111.8	111.7	111.1	112.3	100.2	238.0	52.9	0.0	81.9	81.8	44.0	0.0	0.0	64.4	-1.0	0.0	.Autoclave.Outputs.PRESSIP\OutputValue	8.0	37.3	-56.6	-1.0	0.0	-1.0	-1.0	-1.0	0.0	0.0	0.0	-1.0	-1.0	0.0	0.0	0.0	-1.0	0.0
23:34:08	239.0	128.8	132.2	136.1	165.2	162.2	151.8	0.1	0.1	43.3	0.0	0.1	0.1	165.2	128.8	-2.4	-3.2	146.0	147.0	110.8	110.8	110.1	111.4	100.2	239.0	53.9	0.0	80.0	80.0	44.0	0.0	0.0	65.3	-1.0	0.0	.Autoclave.Outputs.PRESSIP\OutputValue	8.0	36.3	-54.3	-1.0	0.0	-1.0	-1.0	-1.0	0.0	0.0	0.0	-1.0	-1.0	0.0	0.0	0.0	-1.0	0.0
23:35:08	240.0	126.8	129.9	133.6	162.3	159.6	149.1	0.1	0.1	43.2	0.0	0.1	0.1	162.3	126.8	-2.1	-3.1	143.5	144.5	109.7	109.7	109.0	110.3	100.3	240.0	54.9	0.0	80.0	80.0	44.0	0.0	0.0	66.5	-1.0	0.0	.Autoclave.Outputs.PRESSIP\OutputValue	8.0	35.4	-52.5	-1.0	0.0	-1.0	-1.0	-1.0	0.0	0.0	0.0	-1.0	-1.0	0.0	0.0	0.0	-1.0	0.0
23:36:07	241.0	124.9	128.1	131.6	159.4	157.1	146.4	0.1	0.1	43.1	0.0	0.1	0.1	159.4	124.9	-1.8	-2.9	141.2	142.1	108.7	108.7	107.9	109.6	100.2	241.0	55.9	0.0	80.0	80.0	44.0	0.0	0.0	67.4	-1.0	0.0	.Autoclave.Outputs.PRESSIP\OutputValue	8.0	34.4	-50.6	-1.0	0.0	-1.0	-1.0	-1.0	0.0	0.0	0.0	-1.0	-1.0	0.0	0.0	0.0	-1.0	0.0
23:37:08	242.0	123.1	126.0	129.7	156.9	154.7	143.8	0.1	0.1	43.6	0.0	0.1	0.1	156.9	123.1	-1.8	-2.6	139.0	140.0	107.9	108.0	107.2	108.9	100.3	242.0	56.9	0.0	80.0	80.0	44.0	0.0	0.0	62.1	-1.0	0.0	.Autoclave.Outputs.PRESSIP\OutputValue	8.0	33.7	-48.9	-1.0	0.0	-1.0	-1.0	-1.0	0.0	0.0	0.0	-1.0	-1.0	0.0	0.0	0.0	-1.0	0.0
23:38:08	243.0	121.6	124.2	127.8	154.0	152.3	141.5	0.1	0.1	43.5	0.0	0.1	0.1	154.0	121.6	-1.3	-3.8	136.9	137.8	107.0	107.0	106.2	108.0	100.4	243.0	57.9	0.0	80.0	80.0	44.0	0.0	0.0	63.3	-1.0	0.0	.Autoclave.Outputs.PRESSIP\OutputValue	8.0	32.3	-46.9	-1.0	0.0	-1.0	-1.0	-1.0	0.0	0.0	0.0	-1.0	-1.0	0.0	0.0	0.0	-1.0	0.0
23:39:08	244.1	119.6	122.3	125.9	151.5	149.6	139.3	0.1	0.1	43.4	0.0	0.1	0.1	151.5	119.6	-2.0	-2.5	134.7	135.5	106.2	106.1	105.4	107.4	100.2	244.0	58.9	0.0	80.0	80.0	44.0	0.0	0.0	64.2	-1.0	0.0	.Autoclave.Outputs.PRESSIP\OutputValue	8.0	31.8	-45.2	-1.0	0.0	-1.0	-1.0	-1.0	0.0	0.0	0.0	-1.0	-1.0	0.0	0.0	0.0	-1.0	0.0
23:40:08	245.0	118.0	120.7	123.8	149.3	147.4	137.4	0.1	0.1	43.3	0.0	0.1	0.1	149.3	118.0	-1.6	-3.5	132.8	133.6	105.4	105.4	104.7	106.6	100.3	245.0	59.9	0.0	80.0	80.0	44.0	0.0	0.0	64.8	-1.0	0.0	.Autoclave.Outputs.PRESSIP\OutputValue	8.0	31.2	-43.8	-1.0	0.0	-1.0	-1.0	-1.0	0.0	0.0	0.0	-1.0	-1.0	0.0	0.0	0.0	-1.0	0.0
23:40:09	245.1	118.0	120.7	124.0	147.6	147.3	137.4	0.1	0.1	43.3	0.0	0.1	0.1	147.6	118.0	-1.6	-3.5	132.5	132.8	105.4	105.4	104.7	106.6	100.3	245.0	59.9	0.0	80.0	80.0	44.0	0.0	0.0	64.8	-1.0	0.0	.Autoclave.Outputs.PRESSIP\OutputValue	8.0	29.5	-43.8	-1.0	0.0	-1.0	-1.0	-1.0	0.0	0.0	0.0	-1.0	-1.0	0.0	0.0	0.0	-1.0	0.0
23:41:08	246.0	115.7	118.6	121.5	146.5	145.2	135.2	0.1	0.1	34.7	0.0	0.1	0.1	146.5	115.7	-1.8	-2.3	130.5	131.1	101.2	101.2	100.5	101.5	99.1	246.0	1.0	0.0	80.0	80.0	34.2	0.0	0.0	52.8	-1.0	0.0	.Autoclave.Outputs.PRESSIP\OutputValue	7.0	30.7	-45.2	-1.0	0.0	-1.0	-1.0	-1.0	0.0	0.0	0.0	-1.0	-1.0	0.0	0.0	0.0	-1.0	0.0
23:42:08	247.0	113.9	116.8	119.8	143.6	142.8	133.3	0.1	0.1	25.1	0.0	0.1	0.1	143.6	113.9	-1.9	-2.4	128.4	128.7	97.9	97.9	97.2	98.7	98.5	247.0	2.0	0.0	80.0	80.0	24.2	0.0	0.0	44.6	-1.0	0.0	.Autoclave.Outputs.PRESSIP\OutputValue	5.7	29.6	-45.6	-1.0	0.0	-1.0	-1.0	-1.0	0.0	0.0	0.0	-1.0	-1.0	-1.0	0.0	0.0	-1.0	0.0
23:43:08	248.0	112.0	115.1	118.1	141.9	140.9	131.4	0.0	0.0	14.8	0.0	0.0	0.0	141.9	112.0	-1.8	-2.5	126.6	126.9	94.7	94.7	93.9	95.3	97.8	248.0	3.0	0.0	80.0	80.0	14.2	0.0	0.0	48.7	-1.0	0.0	.Autoclave.Outputs.PRESSIP\OutputValue	4.2	29.8	-47.1	-1.0	0.0	-1.0	-1.0	-1.0	0.0	0.0	0.0	-1.0	-1.0	-1.0	0.0	0.0	-1.0	0.0
23:44:08	249.0	110.5	113.7	116.9	139.8	139.4	129.8	0.0	0.0	5.4	0.0	0.0	0.0	139.8	110.5	-1.3	-2.0	125.0	125.1	91.7	91.7	91.0	92.6	96.9	249.0	4.0	0.0	80.0	80.0	4.2	0.0	0.0	40.9	-1.0	0.0	.Autoclave.Outputs.PRESSIP\OutputValue	2.6	29.2	-48.0	-1.0	0.0	-1.0	-1.0	-1.0	0.0	0.0	0.0	-1.0	-1.0	-1.0	0.0	0.0	-1.0	0.0
23:45:00	249.9	110.0	112.9	116.3	138.8	138.7	128.7	-0.1	-0.2	1.0	0.0	-0.1	-0.2	138.8	110.0	-0.6	-1.2	124.2	124.4	91.2	91.2	90.5	92.8	96.8	249.9	4.8	0.0	80.0	80.0	0.0	0.0	0.0	39.2	-1.0	0.0	.Autoclave.Outputs.PRESSIP\OutputValue	-0.6	28.7	-47.5	-1.0	0.0	-1.0	-1.0	-1.0	0.0	0.0	0.0	-1.0	-1.0	-1.0	0.0	0.0	-1.0	0.0
