
Time	Elapsed	PTC5	PTC6	PTC7	PTC10	PTC11	PTC12	PTC13	PTC14	PTC15	VPRB2	VPRB3	VPRB7	PRESS	SVAC	HIPRB	LOPRB	HITC	LOTC	HIRATE	LORATE	AVGTC	MEAN	AIRTC	AIRTC1	AIRTC2	HILIMTC	CAPSTC	RUNTIME	SEGTIME	SEGTIMELEFT	TSET_AIR	TSET_PART	PSET	TEMPOUT	TEMPINT	PRESSOUT	COOLIP	SCROUT	PRESSIP	PRESSINT	SPREAD	AIRPARTDELTA	CAPSFLOW	SILENCE	BARLOCK	HIPSI	FANON	HYDON	FANSTARTSTOPPB	HYDPMPSTARTSTOPPB	COOLCNTRLONOFFSW	PRESSCNTRLONOFFSW	PRESSDUMPSW	PCMANUALSW	HILIMIT	BLWRMTRHILIMIT	MANINSIDE
HH:MM:SS	Mins	Deg.F	Deg.F	Deg.F	Deg.F	Deg.F	Deg.F	Deg.F	Deg.F	Deg.F	"Hg	"Hg	"Hg	Psig	"Hg			Deg.F	Deg.F	Deg.F	Deg.F	Deg.F	Deg.F	Deg.F	Deg.F	Deg.F	Deg.F	Deg.F	Mins	Mins	Mins	Deg.F	Deg.F	Psig				%	%	%	%	Deg.F	Deg.F															
17:45:05	0.0	81.5	81.6	81.6	80.4	80.5	80.5	75.1	79.6	78.9	-27.7	-27.8	-26.4	-0.5	-28.0	-26.4	-27.8	81.6	75.1	0.3	0.0	80.0	78.4	87.6	87.6	87.0	91.1	88.9	556.4	0.0	0.0	70.0	70.0	0.0	0.0	0.0	50.0	0.0	0.0	.Autoclave.Outputs.PRESSIP\OutputValue	8.0	6.5	6.0	-1.0	0.0	-1.0	-1.0	0.0	0.0	0.0	0.0	-1.0	-1.0	-1.0	0.0	0.0	-1.0	0.0
17:45:10	0.1	81.5	81.6	81.6	80.4	80.5	80.5	75.1	79.6	78.9	-27.7	-27.8	-26.4	-0.5	-28.0	-26.4	-27.8	81.6	75.1	0.3	0.0	80.0	78.4	87.6	87.6	87.0	91.1	88.9	556.4	0.0	0.0	70.0	70.0	0.0	0.0	0.0	50.0	0.0	0.0	.Autoclave.Outputs.PRESSIP\OutputValue	8.0	6.5	6.0	-1.0	0.0	-1.0	-1.0	0.0	0.0	0.0	0.0	-1.0	-1.0	-1.0	0.0	0.0	-1.0	0.0
17:45:11	0.1	81.5	81.6	81.6	80.4	80.5	80.5	75.1	79.6	78.9	-27.7	-27.8	-26.4	-0.5	-28.0	-26.4	-27.8	81.6	75.1	0.3	0.0	80.0	78.4	87.6	87.6	87.0	91.1	88.9	556.4	0.0	0.0	70.0	70.0	0.0	0.0	0.0	50.0	0.0	0.0	.Autoclave.Outputs.PRESSIP\OutputValue	8.0	6.5	6.0	-1.0	0.0	-1.0	-1.0	0.0	0.0	0.0	0.0	-1.0	-1.0	-1.0	0.0	0.0	-1.0	0.0
17:45:11	0.1	81.5	81.6	81.6	80.4	80.5	80.5	75.1	79.6	78.9	-27.7	-27.8	-26.4	-0.5	-28.0	-26.4	-27.8	81.6	75.1	0.3	0.0	80.0	78.4	87.6	87.6	87.0	91.1	88.9	556.4	0.0	0.0	70.0	70.0	0.0	0.0	0.0	50.0	0.0	0.0	.Autoclave.Outputs.PRESSIP\OutputValue	8.0	6.5	6.0	-1.0	0.0	-1.0	-1.0	0.0	0.0	0.0	0.0	-1.0	-1.0	-1.0	0.0	0.0	-1.0	0.0
17:46:11	1.1	81.9	81.9	82.0	80.7	81.1	80.8	76.4	81.1	78.2	-27.7	-27.7	-26.3	0.9	-28.0	-26.3	-27.7	82.0	76.4	1.4	-0.8	80.5	79.2	88.6	88.6	88.0	91.8	88.3	1.1	1.0	0.0	90.2	86.1	1.5	57.6	-0.2	63.7	0.0	15.2	.Autoclave.Outputs.PRESSIP\OutputValue	8.0	5.6	6.6	-1.0	0.0	-1.0	-1.0	-1.0	0.0	0.0	0.0	-1.0	-1.0	0.0	0.0	0.0	-1.0	0.0
17:47:11	2.1	82.7	82.3	82.6	81.5	82.3	81.6	78.3	83.1	81.0	-27.7	-27.7	-26.1	2.0	-28.0	-26.1	-27.7	83.1	78.3	2.5	0.4	81.7	80.7	96.0	96.1	95.4	108.1	88.2	2.1	2.0	0.0	98.1	90.6	3.0	61.9	0.0	67.6	0.0	23.8	.Autoclave.Outputs.PRESSIP\OutputValue	8.0	4.8	12.9	-1.0	0.0	-1.0	-1.0	-1.0	0.0	0.0	0.0	-1.0	-1.0	0.0	0.0	0.0	-1.0	0.0
17:48:11	3.1	83.7	83.0	83.5	82.5	84.0	82.5	80.6	84.9	81.5	-27.7	-27.7	-25.8	3.8	-28.0	-25.8	-27.7	84.9	80.6	2.2	0.7	82.9	82.7	102.9	102.9	102.4	116.7	88.4	3.1	3.0	0.0	105.2	95.1	4.5	62.9	0.2	64.7	0.0	25.8	.Autoclave.Outputs.PRESSIP\OutputValue	8.0	4.3	18.0	-1.0	0.0	-1.0	-1.0	-1.0	0.0	0.0	0.0	-1.0	-1.0	0.0	0.0	0.0	-1.0	0.0
17:49:11	4.1	84.8	84.0	84.6	83.7	85.9	83.7	82.2	87.2	84.7	-27.7	-27.8	-25.6	5.5	-28.0	-25.6	-27.8	87.2	82.2	2.9	0.7	84.5	84.7	109.7	109.8	109.1	123.6	88.7	4.1	4.0	0.0	111.9	99.6	6.0	63.2	0.5	62.8	0.0	26.3	.Autoclave.Outputs.PRESSIP\OutputValue	8.0	5.0	22.5	-1.0	0.0	-1.0	-1.0	-1.0	0.0	0.0	0.0	-1.0	-1.0	0.0	0.0	0.0	-1.0	0.0
17:50:11	5.1	86.0	85.0	85.8	85.2	87.8	85.1	84.7	89.5	87.2	-27.7	-27.7	-25.3	7.1	-28.0	-25.3	-27.7	89.5	84.7	2.3	1.2	86.3	87.1	116.4	116.5	115.9	130.0	89.0	5.1	5.0	0.0	118.8	104.1	7.5	63.4	0.7	61.9	0.0	26.7	.Autoclave.Outputs.PRESSIP\OutputValue	8.0	4.8	26.9	-1.0	0.0	-1.0	-1.0	-1.0	0.0	0.0	0.0	-1.0	-1.0	0.0	0.0	0.0	-1.0	0.0
17:51:11	6.1	87.7	86.4	87.6	87.2	90.6	86.8	86.9	91.9	88.4	-27.6	-27.7	-25.1	8.0	-28.0	-25.1	-27.7	91.9	86.4	2.9	1.5	88.2	89.1	122.7	122.8	122.1	136.1	88.9	6.1	6.0	0.0	125.3	108.6	9.0	66.1	0.9	68.2	0.0	32.1	.Autoclave.Outputs.PRESSIP\OutputValue	8.0	5.5	30.8	-1.0	0.0	-1.0	-1.0	-1.0	0.0	0.0	0.0	-1.0	-1.0	0.0	0.0	0.0	-1.0	0.0
17:52:11	7.1	89.4	88.1	89.4	89.2	93.5	88.6	89.7	94.7	90.4	-27.6	-27.7	-24.8	9.8	-28.0	-24.8	-27.7	94.7	88.1	3.0	1.6	90.3	91.4	129.0	129.0	128.3	142.3	89.3	7.1	7.0	0.0	131.5	113.1	10.5	66.4	1.2	65.4	0.0	32.8	.Autoclave.Outputs.PRESSIP\OutputValue	8.0	6.6	34.3	-1.0	0.0	-1.0	-1.0	-1.0	0.0	0.0	0.0	-1.0	-1.0	0.0	0.0	0.0	-1.0	0.0
17:52:25	7.3	89.6	88.4	89.9	89.7	94.0	89.2	90.1	95.2	90.7	-27.7	-27.7	-24.7	10.1	-28.0	-24.7	-27.7	95.2	88.4	3.0	1.7	90.8	91.8	130.4	130.5	129.8	143.8	89.2	7.3	7.2	0.0	133.0	114.1	10.8	67.1	1.3	67.2	0.0	34.1	.Autoclave.Outputs.PRESSIP\OutputValue	8.0	6.8	35.2	-1.0	0.0	-1.0	-1.0	-1.0	0.0	0.0	0.0	-1.0	-1.0	0.0	0.0	0.0	-1.0	0.0
17:53:11	8.1	91.6	90.0	91.5	91.4	96.5	90.9	92.5	97.4	92.2	-27.7	-27.7	-24.4	11.5	-27.9	-24.4	-27.7	97.4	90.0	3.1	2.0	92.7	93.7	135.3	135.4	134.6	148.7	89.6	8.1	0.8	0.0	137.8	117.6	12.0	66.7	1.5	62.5	0.0	33.4	.Autoclave.Outputs.PRESSIP\OutputValue	8.0	7.4	37.9	-1.0	0.0	-1.0	-1.0	-1.0	0.0	0.0	0.0	-1.0	-1.0	0.0	0.0	0.0	-1.0	0.0
17:54:11	9.1	94.4	92.3	94.0	94.5	100.2	93.8	95.9	100.7	94.4	-23.8	-23.8	-22.5	12.5	-23.7	-22.5	-23.8	100.7	92.3	3.7	2.4	95.6	96.5	140.8	140.9	140.3	153.7	89.6	9.1	1.8	0.0	143.5	122.1	13.5	67.5	1.7	67.5	0.0	35.0	.Autoclave.Outputs.PRESSIP\OutputValue	8.0	8.4	40.1	-1.0	0.0	-1.0	-1.0	-1.0	0.0	0.0	0.0	-1.0	-1.0	0.0	0.0	0.0	-1.0	0.0
17:55:11	10.1	97.1	94.9	96.7	97.4	103.9	96.6	99.5	104.3	98.2	-18.6	-18.6	-17.9	14.4	-18.6	-17.9	-18.6	104.3	94.9	4.0	2.4	98.7	99.6	146.3	146.3	145.7	159.4	90.0	10.1	2.8	0.0	148.9	126.6	15.0	67.1	2.0	63.4	0.0	34.2	.Autoclave.Outputs.PRESSIP\OutputValue	8.0	9.4	42.0	-1.0	0.0	-1.0	-1.0	-1.0	0.0	0.0	0.0	-1.0	-1.0	0.0	0.0	0.0	-1.0	0.0
17:56:11	11.1	100.0	97.6	99.4	100.7	107.8	99.4	102.7	107.2	100.9	-13.4	-13.3	-12.9	16.1	-13.4	-12.9	-13.4	107.8	97.6	3.9	2.1	101.7	102.7	152.1	152.1	151.4	164.3	90.3	11.1	3.8	0.0	154.5	131.1	16.5	67.1	2.2	62.1	0.0	34.2	.Autoclave.Outputs.PRESSIP\OutputValue	8.0	10.3	44.2	-1.0	0.0	-1.0	-1.0	-1.0	0.0	0.0	0.0	-1.0	-1.0	0.0	0.0	0.0	-1.0	0.0
17:57:11	12.1	103.2	100.6	102.5	104.6	112.0	102.9	106.7	111.7	103.8	-8.4	-8.4	-8.0	17.1	-8.4	-8.0	-8.4	112.0	100.6	4.2	3.0	105.3	106.3	156.9	156.9	156.3	169.2	90.3	12.1	4.8	0.0	159.1	135.6	18.0	65.9	2.5	68.2	0.0	31.7	.Autoclave.Outputs.PRESSIP\OutputValue	8.0	11.5	44.8	-1.0	0.0	-1.0	-1.0	-1.0	0.0	0.0	0.0	-1.0	-1.0	0.0	0.0	0.0	-1.0	0.0
17:58:11	13.1	106.4	103.8	105.6	107.7	116.1	106.0	110.3	115.2	106.9	-4.0	-3.9	-3.6	18.6	-4.0	-3.6	-4.0	116.1	103.8	4.2	3.0	108.7	110.0	161.8	161.9	161.2	173.0	90.6	13.1	5.8	0.0	164.1	140.1	19.5	66.3	2.7	66.9	0.0	32.6	.Autoclave.Outputs.PRESSIP\OutputValue	8.0	12.4	45.6	-1.0	0.0	-1.0	-1.0	-1.0	0.0	0.0	0.0	-1.0	-1.0	0.0	0.0	0.0	-1.0	0.0
17:59:11	14.1	109.8	107.2	109.0	111.8	120.2	109.3	113.6	119.2	109.5	-1.5	-1.4	-1.1	20.4	-1.6	-1.1	-1.5	120.2	107.2	4.3	2.9	112.2	113.7	166.6	166.8	166.1	177.6	90.9	14.1	6.8	0.0	169.0	144.6	21.0	67.0	3.0	63.7	0.0	34.0	.Autoclave.Outputs.PRESSIP\OutputValue	8.0	13.1	46.3	-1.0	0.0	-1.0	-1.0	-1.0	0.0	0.0	0.0	-1.0	-1.0	0.0	0.0	0.0	-1.0	0.0
18:00:11	15.1	113.3	110.6	112.4	115.7	124.8	113.0	117.7	123.1	112.9	-0.6	-0.5	0.0	22.1	-0.6	0.0	-0.6	124.8	110.6	4.5	3.3	115.9	117.7	170.9	171.0	170.4	183.6	91.0	15.1	7.8	0.0	173.4	149.1	22.5	68.4	3.2	62.2	0.0	36.8	.Autoclave.Outputs.PRESSIP\OutputValue	8.0	14.2	46.1	-1.0	0.0	-1.0	-1.0	-1.0	0.0	0.0	0.0	-1.0	-1.0	0.0	0.0	0.0	-1.0	0.0
18:01:11	16.1	117.1	114.1	116.1	119.7	129.3	116.9	122.0	127.8	116.0	-0.1	0.0	0.2	23.2	-0.2	0.2	-0.1	129.3	114.1	4.6	3.4	119.9	121.7	175.5	175.5	174.9	188.0	91.2	16.1	8.8	0.0	178.1	153.6	24.0	67.6	3.5	66.3	0.0	35.1	.Autoclave.Outputs.PRESSIP\OutputValue	8.0	15.2	46.2	-1.0	0.0	-1.0	-1.0	-1.0	0.0	0.0	0.0	-1.0	-1.0	0.0	0.0	0.0	-1.0	0.0
18:02:11	17.1	121.0	117.9	120.0	124.2	134.0	120.7	126.3	131.7	119.8	0.0	0.1	0.4	25.0	0.0	0.4	0.0	134.0	117.9	4.9	3.8	124.0	125.9	180.1	180.1	179.6	190.9	91.4	17.1	9.8	0.0	182.3	158.1	25.5	66.4	3.7	63.0	0.0	32.7	.Autoclave.Outputs.PRESSIP\OutputValue	8.0	16.1	46.1	-1.0	0.0	-1.0	-1.0	-1.0	0.0	0.0	0.0	-1.0	-1.0	0.0	0.0	0.0	-1.0	0.0
18:03:11	18.1	125.0	121.9	123.9	128.2	138.5	125.0	130.6	136.2	124.1	0.1	0.1	0.5	26.1	0.0	0.5	0.1	138.5	121.9	4.8	3.7	128.1	130.2	184.3	184.3	183.6	195.6	91.4	18.1	10.8	0.0	186.6	162.6	27.0	67.8	3.9	67.4	0.0	35.7	.Autoclave.Outputs.PRESSIP\OutputValue	8.0	16.6	45.8	-1.0	0.0	-1.0	-1.0	-1.0	0.0	0.0	0.0	-1.0	-1.0	0.0	0.0	0.0	-1.0	0.0
18:04:11	19.1	129.3	126.0	128.0	132.5	143.2	129.1	134.5	140.8	128.7	0.1	0.1	0.6	27.7	0.1	0.6	0.1	143.2	126.0	4.9	4.1	132.4	134.6	188.9	189.0	188.3	199.8	91.8	19.1	11.8	0.0	191.1	167.1	28.5	67.4	4.2	65.9	0.0	34.8	.Autoclave.Outputs.PRESSIP\OutputValue	8.0	17.2	45.7	-1.0	0.0	-1.0	-1.0	-1.0	0.0	0.0	0.0	-1.0	-1.0	0.0	0.0	0.0	-1.0	0.0
18:05:11	20.1	133.4	130.1	132.1	136.9	148.0	133.2	138.9	144.9	131.6	0.1	0.1	0.6	29.6	0.1	0.6	0.1	148.0	130.1	4.8	3.6	136.6	139.0	193.0	193.0	192.5	205.2	92.2	20.1	12.8	0.0	195.4	171.6	30.0	68.4	4.4	61.5	0.0	36.8	.Autoclave.Outputs.PRESSIP\OutputValue	8.0	17.9	45.0	-1.0	0.0	-1.0	-1.0	-1.0	0.0	0.0	0.0	-1.0	-1.0	0.0	0.0	0.0	-1.0	0.0
18:06:11	21.1	137.5	134.3	136.4	141.6	152.7	137.6	143.5	149.9	134.9	0.1	0.2	0.6	30.5	0.1	0.6	0.1	152.7	134.3	5.0	3.0	140.9	143.5	197.0	197.0	196.4	207.8	92.2	21.1	13.8	0.0	199.6	176.1	31.5	69.8	4.6	68.0	0.0	39.7	.Autoclave.Outputs.PRESSIP\OutputValue	8.0	18.4	44.3	-1.0	0.0	-1.0	-1.0	-1.0	0.0	0.0	0.0	-1.0	-1.0	0.0	0.0	0.0	-1.0	0.0
18:07:11	22.1	141.8	138.6	140.7	146.0	157.4	142.0	148.1	154.2	138.6	0.1	0.2	0.8	32.2	0.1	0.8	0.1	157.4	138.6	5.0	3.9	145.3	148.0	201.6	201.5	201.0	211.7	92.3	22.1	14.8	0.0	203.9	180.6	33.0	68.8	4.9	66.1	0.0	37.6	.Autoclave.Outputs.PRESSIP\OutputValue	8.0	18.8	44.2	-1.0	0.0	-1.0	-1.0	-1.0	0.0	0.0	0.0	-1.0	-1.0	0.0	0.0	0.0	-1.0	0.0
18:08:11	23.1	146.3	143.0	145.1	150.9	162.2	146.2	152.3	159.1	143.6	0.1	0.1	0.9	33.9	0.1	0.9	0.1	162.2	143.0	5.0	4.2	149.8	152.6	206.0	206.0	205.4	216.1	92.5	23.1	15.8	0.0	207.9	185.1	34.5	66.9	5.1	64.1	0.0	33.8	.Autoclave.Outputs.PRESSIP\OutputValue	8.0	19.2	43.8	-1.0	0.0	-1.0	-1.0	-1.0	0.0	0.0	0.0	-1.0	-1.0	0.0	0.0	0.0	-1.0	0.0
18:09:11	24.1	150.8	147.6	149.5	155.6	167.0	150.8	157.0	163.8	148.0	0.1	0.2	0.9	35.0	0.1	0.9	0.1	167.0	147.6	4.9	4.5	154.4	157.3	210.0	210.0	209.4	220.2	92.6	24.1	16.8	0.0	212.1	189.6	36.0	67.1	5.3	67.8	0.0	34.3	.Autoclave.Outputs.PRESSIP\OutputValue	8.0	19.4	43.0	-1.0	0.0	-1.0	-1.0	-1.0	0.0	0.0	0.0	-1.0	-1.0	0.0	0.0	0.0	-1.0	0.0
18:10:11	25.1	155.4	151.9	154.1	160.3	171.8	155.1	161.1	168.3	152.1	0.1	0.1	1.1	36.9	0.1	1.1	0.1	171.8	151.9	4.9	3.9	158.9	161.8	214.5	214.5	213.9	225.1	92.8	25.1	17.8	0.0	216.4	194.1	37.5	66.5	5.6	63.9	0.0	32.9	.Autoclave.Outputs.PRESSIP\OutputValue	8.0	19.9	42.7	-1.0	0.0	-1.0	-1.0	-1.0	0.0	0.0	0.0	-1.0	-1.0	0.0	0.0	0.0	-1.0	0.0
18:11:11	26.1	159.9	156.6	158.5	165.0	176.9	159.7	166.3	173.6	156.4	0.1	0.2	1.2	38.7	0.1	1.2	0.1	176.9	156.4	5.5	3.9	163.7	166.6	218.5	218.5	217.8	229.5	93.1	26.1	18.8	0.0	220.7	198.6	39.0	69.5	5.8	61.4	0.0	38.9	.Autoclave.Outputs.PRESSIP\OutputValue	8.0	20.5	41.6	-1.0	0.0	-1.0	-1.0	-1.0	0.0	0.0	0.0	-1.0	-1.0	0.0	0.0	0.0	-1.0	0.0
18:12:11	27.1	164.9	161.3	163.3	169.8	181.7	164.7	170.6	178.3	161.0	0.1	0.2	1.3	39.6	0.1	1.3	0.1	181.7	161.0	5.1	4.1	168.4	171.3	222.5	222.5	221.9	232.6	93.2	27.1	19.8	0.0	224.8	203.1	40.5	68.8	6.0	66.6	0.0	37.6	.Autoclave.Outputs.PRESSIP\OutputValue	8.0	20.7	40.8	-1.0	0.0	-1.0	-1.0	-1.0	0.0	0.0	0.0	-1.0	-1.0	0.0	0.0	0.0	-1.0	0.0
18:13:11	28.1	169.4	166.0	167.8	174.7	186.3	169.5	175.4	182.8	165.5	0.1	0.1	1.5	41.3	0.1	1.5	0.1	186.3	165.5	5.1	4.1	173.0	175.9	227.0	227.0	226.2	236.9	93.4	28.1	20.8	0.0	228.6	207.6	42.0	65.8	6.2	65.2	0.0	31.6	.Autoclave.Outputs.PRESSIP\OutputValue	8.0	20.8	40.7	-1.0	0.0	-1.0	-1.0	-1.0	0.0	0.0	0.0	-1.0	-1.0	0.0	0.0	0.0	-1.0	0.0
18:13:28	28.4	170.6	167.2	169.1	175.9	187.4	170.8	176.7	184.0	166.3	0.1	0.2	1.5	42.0	0.1	1.5	0.1	187.4	166.3	4.9	3.5	174.2	176.8	227.6	227.6	227.0	238.2	93.5	28.4	21.0	0.0	229.8	208.8	42.4	71.1	6.3	63.0	0.0	42.2	.Autoclave.Outputs.PRESSIP\OutputValue	8.0	21.1	39.8	-1.0	0.0	-1.0	-1.0	-1.0	0.0	0.0	0.0	-1.0	-1.0	0.0	0.0	0.0	-1.0	0.0
18:14:11	29.1	174.2	170.7	172.6	179.5	191.1	174.3	180.2	187.6	170.2	0.1	0.2	1.6	43.0	0.1	1.6	0.1	191.1	170.2	5.4	4.5	177.8	180.6	231.0	231.0	230.3	241.8	93.7	29.1	0.7	0.0	233.2	212.1	43.5	68.7	6.5	63.3	0.0	37.4	.Autoclave.Outputs.PRESSIP\OutputValue	8.0	20.9	39.9	-1.0	0.0	-1.0	-1.0	-1.0	0.0	0.0	0.0	-1.0	-1.0	0.0	0.0	0.0	-1.0	0.0
18:15:11	30.1	178.9	175.3	177.4	184.5	195.7	179.3	184.8	192.3	173.9	0.1	0.2	1.7	43.3	0.1	1.7	0.1	195.7	173.9	5.2	3.8	182.5	184.8	234.8	234.9	234.3	245.5	93.6	30.1	1.7	0.0	237.1	216.6	44.0	70.8	6.7	65.1	0.0	41.6	.Autoclave.Outputs.PRESSIP\OutputValue	8.0	21.8	39.1	-1.0	0.0	-1.0	-1.0	-1.0	0.0	0.0	0.0	-1.0	-1.0	0.0	0.0	0.0	-1.0	0.0
18:16:11	31.1	183.7	180.1	182.1	189.3	200.8	184.3	189.6	197.6	178.3	0.1	0.1	1.8	43.5	0.1	1.8	0.1	200.8	178.3	5.2	4.5	187.3	189.5	238.8	239.0	238.2	249.5	93.8	31.1	2.7	0.0	241.2	221.1	44.0	72.2	6.9	62.5	0.0	44.5	.Autoclave.Outputs.PRESSIP\OutputValue	8.0	22.5	38.0	-1.0	0.0	-1.0	-1.0	-1.0	0.0	0.0	0.0	-1.0	-1.0	0.0	0.0	0.0	-1.0	0.0
18:17:11	32.1	188.6	185.1	186.8	194.2	205.7	189.2	194.9	202.1	182.6	0.1	0.1	1.9	43.9	0.1	1.9	0.1	205.7	182.6	5.5	4.3	192.1	194.1	243.5	243.5	242.8	254.8	93.9	32.1	3.7	0.0	245.2	225.6	44.0	67.0	7.1	58.9	0.0	34.0	.Autoclave.Outputs.PRESSIP\OutputValue	8.0	23.1	37.8	-1.0	0.0	-1.0	-1.0	-1.0	0.0	0.0	0.0	-1.0	-1.0	0.0	0.0	0.0	-1.0	0.0
18:18:11	33.1	193.2	189.5	191.5	199.0	210.3	194.0	199.0	207.2	186.6	0.1	0.2	2.1	44.3	0.1	2.1	0.1	210.3	186.6	5.1	3.9	196.7	198.4	247.3	247.3	246.7	259.7	94.1	33.1	4.7	0.0	250.2	230.1	44.0	71.3	7.4	55.2	0.0	42.6	.Autoclave.Outputs.PRESSIP\OutputValue	7.9	23.7	37.0	-1.0	0.0	-1.0	-1.0	-1.0	0.0	0.0	0.0	-1.0	-1.0	0.0	0.0	0.0	-1.0	0.0
18:19:11	34.1	198.2	194.3	196.3	203.9	214.9	199.1	203.9	212.0	190.8	0.1	0.1	2.3	44.6	0.1	2.3	0.1	214.9	190.8	5.3	4.3	201.5	202.8	252.3	252.3	251.6	263.1	94.2	34.1	5.7	0.0	254.6	234.6	44.0	69.7	7.6	51.4	0.0	39.5	.Autoclave.Outputs.PRESSIP\OutputValue	7.1	24.1	37.4	-1.0	0.0	-1.0	-1.0	-1.0	0.0	0.0	0.0	-1.0	-1.0	0.0	0.0	0.0	-1.0	0.0
18:20:11	35.1	202.8	199.0	201.2	208.7	218.8	203.8	208.4	216.7	194.7	0.1	0.1	2.4	44.8	0.1	2.4	0.1	218.8	194.7	5.0	3.8	206.0	206.8	256.8	256.8	256.1	267.2	94.2	35.1	6.7	0.0	258.8	239.1	44.0	69.2	7.8	47.2	0.0	38.5	.Autoclave.Outputs.PRESSIP\OutputValue	5.7	24.1	38.0	-1.0	0.0	-1.0	-1.0	-1.0	0.0	0.0	0.0	-1.0	-1.0	0.0	0.0	0.0	-1.0	0.0
18:21:11	36.1	207.4	203.8	206.0	213.4	223.9	208.3	213.4	221.6	199.7	0.1	0.1	2.5	44.3	0.1	2.5	0.1	223.9	199.7	5.0	4.5	210.8	211.8	261.0	261.1	260.4	272.4	94.2	36.1	7.7	0.0	263.3	243.6	44.0	71.5	8.0	52.0	0.0	43.0	.Autoclave.Outputs.PRESSIP\OutputValue	4.8	24.2	37.1	-1.0	0.0	-1.0	-1.0	-1.0	0.0	0.0	0.0	-1.0	-1.0	0.0	0.0	0.0	-1.0	0.0
18:22:11	37.1	212.1	208.5	210.7	218.3	228.7	213.5	217.5	225.9	203.8	0.1	0.1	2.6	44.6	0.1	2.6	0.1	228.7	203.8	4.9	4.4	215.5	216.3	265.6	265.6	264.9	276.7	94.4	37.1	8.7	0.0	267.5	248.1	44.0	68.8	8.3	48.0	0.0	37.6	.Autoclave.Outputs.PRESSIP\OutputValue	3.8	24.9	36.9	-1.0	0.0	-1.0	-1.0	-1.0	0.0	0.0	0.0	-1.0	-1.0	0.0	0.0	0.0	-1.0	0.0
18:23:11	38.1	217.2	213.3	215.5	223.1	233.3	218.3	222.5	230.8	208.6	0.1	0.2	2.8	44.9	0.1	2.8	0.1	233.3	208.6	5.5	4.0	220.3	221.0	269.9	269.9	269.3	281.1	94.4	38.1	9.7	0.0	271.9	252.6	44.0	68.5	8.5	43.3	0.0	37.1	.Autoclave.Outputs.PRESSIP\OutputValue	2.3	24.7	36.6	-1.0	0.0	-1.0	-1.0	-1.0	0.0	0.0	0.0	-1.0	-1.0	0.0	0.0	0.0	-1.0	0.0
18:24:11	39.1	221.9	217.8	220.4	227.7	237.9	223.1	227.1	235.1	211.7	0.1	0.1	2.9	44.0	0.1	2.9	0.1	237.9	211.7	4.9	4.4	224.7	224.8	274.4	274.4	273.8	286.0	94.6	39.1	10.7	0.0	276.3	257.1	44.0	69.1	8.7	51.9	0.0	38.3	.Autoclave.Outputs.PRESSIP\OutputValue	1.9	26.2	36.5	-1.0	0.0	-1.0	-1.0	-1.0	0.0	0.0	0.0	-1.0	-1.0	0.0	0.0	0.0	-1.0	0.0
18:25:11	40.1	226.6	222.5	225.1	232.2	242.6	228.1	231.6	239.3	215.6	0.1	0.1	3.0	44.3	0.1	3.0	0.1	242.6	215.6	5.0	3.7	229.3	229.1	278.3	278.2	277.7	290.3	94.6	40.1	11.7	0.0	280.7	261.6	44.0	73.3	8.9	48.8	0.0	46.7	.Autoclave.Outputs.PRESSIP\OutputValue	1.6	27.0	35.7	-1.0	0.0	-1.0	-1.0	-1.0	0.0	0.0	0.0	-1.0	-1.0	0.0	0.0	0.0	-1.0	0.0
18:26:11	41.1	231.2	227.2	229.7	236.7	247.0	232.8	236.1	244.2	220.0	0.1	0.1	3.1	44.6	0.1	3.1	0.1	247.0	220.0	5.1	4.4	233.9	233.5	283.0	283.0	282.3	294.4	94.8	41.1	12.7	0.0	285.1	266.1	44.0	71.4	9.1	44.7	0.0	42.8	.Autoclave.Outputs.PRESSIP\OutputValue	0.7	27.0	36.0	-1.0	0.0	-1.0	-1.0	-1.0	0.0	0.0	0.0	-1.0	-1.0	0.0	0.0	0.0	-1.0	0.0
18:27:11	42.1	235.9	231.8	234.4	241.4	251.7	237.3	240.8	248.8	224.2	0.1	0.2	3.3	45.0	0.1	3.3	0.1	251.7	224.2	4.8	4.1	238.5	238.0	287.3	287.4	286.8	299.7	94.9	42.1	13.7	0.0	289.5	270.6	44.0	71.7	9.3	39.9	0.0	43.5	.Autoclave.Outputs.PRESSIP\OutputValue	-0.8	27.5	35.6	-1.0	0.0	-1.0	-1.0	-1.0	0.0	0.0	0.0	-1.0	-1.0	0.0	0.0	0.0	-1.0	0.0
18:28:11	43.1	240.6	236.3	238.9	246.0	256.4	241.9	245.2	252.9	229.0	0.1	0.1	3.3	44.0	0.1	3.3	0.1	256.4	229.0	5.1	4.5	243.0	242.7	291.9	291.9	291.3	304.8	94.9	43.1	14.7	0.0	294.0	275.1	44.0	70.8	9.6	48.9	0.0	41.5	.Autoclave.Outputs.PRESSIP\OutputValue	-1.3	27.4	35.5	-1.0	0.0	-1.0	-1.0	-1.0	0.0	0.0	0.0	-1.0	-1.0	0.0	0.0	0.0	-1.0	0.0
18:29:11	44.1	245.0	240.9	243.6	250.6	260.9	246.7	250.0	257.5	233.6	0.1	0.1	3.4	44.3	0.1	3.4	0.1	260.9	233.6	5.0	4.0	247.6	247.3	296.4	296.5	295.8	308.7	95.1	44.1	15.7	0.0	298.3	279.6	44.0	70.7	9.8	45.4	0.0	41.4	.Autoclave.Outputs.PRESSIP\OutputValue	-1.6	27.3	35.5	-1.0	0.0	-1.0	-1.0	-1.0	0.0	0.0	0.0	-1.0	-1.0	0.0	0.0	0.0	-1.0	0.0
18:30:11	45.1	249.8	245.5	248.3	255.2	265.4	251.7	254.9	262.0	238.6	0.1	0.1	3.6	44.6	0.1	3.6	0.1	265.4	238.6	5.4	4.7	252.4	252.0	301.0	300.9	300.2	312.5	95.2	45.1	16.7	0.0	302.9	284.1	44.0	69.7	9.9	41.9	0.0	39.3	.Autoclave.Outputs.PRESSIP\OutputValue	-2.5	26.8	35.6	-1.0	0.0	-1.0	-1.0	-1.0	0.0	0.0	0.0	-1.0	-1.0	0.0	0.0	0.0	-1.0	0.0
18:31:11	46.1	254.4	250.2	252.9	259.8	269.9	256.0	259.0	266.3	242.5	0.1	0.1	3.7	44.9	0.1	3.7	0.1	269.9	242.5	5.0	4.1	256.8	256.2	304.7	304.7	304.1	317.3	95.3	46.1	17.7	0.0	307.2	288.6	44.0	75.0	10.1	37.4	0.0	50.0	.Autoclave.Outputs.PRESSIP\OutputValue	-3.9	27.4	34.8	-1.0	0.0	-1.0	-1.0	-1.0	0.0	0.0	0.0	-1.0	-1.0	0.0	0.0	0.0	-1.0	0.0
18:32:11	47.1	258.9	254.5	257.6	264.3	274.4	260.8	263.6	271.0	246.5	0.1	0.1	3.8	43.9	0.1	3.8	0.1	274.4	246.5	5.2	4.1	261.3	260.5	309.7	309.7	308.9	322.7	95.3	47.1	18.7	0.0	311.8	293.1	44.0	72.8	10.4	46.2	0.0	45.6	.Autoclave.Outputs.PRESSIP\OutputValue	-4.3	27.9	35.2	-1.0	0.0	-1.0	-1.0	-1.0	0.0	0.0	0.0	-1.0	-1.0	0.0	0.0	0.0	-1.0	0.0
18:33:11	48.1	263.7	259.2	262.3	268.8	278.9	265.3	268.5	275.5	251.6	0.1	0.1	4.0	44.2	0.1	4.0	0.1	278.9	251.6	5.2	4.4	266.0	265.3	314.2	314.2	313.5	326.5	95.5	48.1	19.7	0.0	316.3	297.6	44.0	72.3	10.6	43.5	0.0	44.5	.Autoclave.Outputs.PRESSIP\OutputValue	-4.5	27.3	35.2	-1.0	0.0	-1.0	-1.0	-1.0	0.0	0.0	0.0	-1.0	-1.0	0.0	0.0	0.0	-1.0	0.0
18:34:11	49.1	268.2	263.7	266.9	273.3	283.5	269.9	272.7	279.3	255.1	0.1	0.2	4.1	44.5	0.1	4.1	0.1	283.5	255.1	4.9	3.5	270.3	269.3	318.7	318.7	317.9	330.8	95.7	49.1	20.7	0.0	320.7	302.1	44.0	73.0	10.8	39.7	0.0	45.9	.Autoclave.Outputs.PRESSIP\OutputValue	-5.2	28.4	35.1	-1.0	0.0	-1.0	-1.0	-1.0	0.0	0.0	0.0	-1.0	-1.0	0.0	0.0	0.0	-1.0	0.0
18:35:11	50.1	273.0	268.6	271.6	277.9	288.0	274.7	277.2	284.4	258.9	0.1	0.1	4.3	44.8	0.1	4.3	0.1	288.0	258.9	4.9	3.8	274.9	273.5	323.1	323.1	322.3	335.2	95.6	50.1	21.7	0.0	325.1	306.6	44.0	72.6	11.0	35.9	0.0	45.1	.Autoclave.Outputs.PRESSIP\OutputValue	-6.0	29.1	35.0	-1.0	0.0	-1.0	-1.0	-1.0	0.0	0.0	0.0	-1.0	-1.0	0.0	0.0	0.0	-1.0	0.0
18:36:11	51.1	277.5	273.1	276.0	282.3	292.5	279.1	282.0	288.7	263.5	0.1	0.2	4.5	43.9	0.1	4.5	0.1	292.5	263.5	4.8	4.4	279.4	278.0	327.4	327.4	326.7	341.5	95.6	51.1	22.7	0.0	329.6	311.1	44.0	74.6	11.2	45.1	0.0	49.3	.Autoclave.Outputs.PRESSIP\OutputValue	-5.8	29.0	34.8	-1.0	0.0	-1.0	-1.0	-1.0	0.0	0.0	0.0	-1.0	-1.0	0.0	0.0	0.0	-1.0	0.0
18:37:11	52.1	282.2	277.9	280.9	286.8	297.1	283.8	286.7	293.5	267.4	0.1	0.1	4.7	44.1	0.1	4.7	0.1	297.1	267.4	4.9	3.9	284.0	282.3	332.2	332.1	331.4	344.4	95.8	52.1	23.7	0.0	334.1	315.6	44.0	72.2	11.4	42.9	0.0	44.3	.Autoclave.Outputs.PRESSIP\OutputValue	-5.8	29.7	35.0	-1.0	0.0	-1.0	-1.0	-1.0	0.0	0.0	0.0	-1.0	-1.0	0.0	0.0	0.0	-1.0	0.0
18:38:11	53.1	286.7	282.4	285.5	291.4	301.6	288.4	291.5	297.8	271.6	0.1	0.2	4.9	44.5	0.1	4.9	0.1	301.6	271.6	5.3	4.0	288.6	286.6	336.4	336.4	335.7	349.7	95.9	53.1	24.7	0.0	338.6	320.1	44.0	75.1	11.6	39.5	0.0	50.1	.Autoclave.Outputs.PRESSIP\OutputValue	-6.0	30.0	34.7	-1.0	0.0	-1.0	-1.0	-1.0	0.0	0.0	0.0	-1.0	-1.0	0.0	0.0	0.0	-1.0	0.0
18:39:11	54.1	291.7	287.1	290.3	295.9	306.2	293.2	296.2	302.6	275.9	0.1	0.2	5.2	44.7	0.1	5.2	0.1	306.2	275.9	5.0	4.5	293.2	291.1	341.5	341.5	340.8	353.6	96.1	54.1	25.7	0.0	343.0	324.6	44.0	69.0	11.8	36.6	0.0	38.0	.Autoclave.Outputs.PRESSIP\OutputValue	-6.0	30.3	35.2	-1.0	0.0	-1.0	-1.0	-1.0	0.0	0.0	0.0	-1.0	-1.0	0.0	0.0	0.0	-1.0	0.0
18:40:11	55.1	296.0	291.8	294.8	300.4	310.8	297.7	300.2	306.7	280.5	0.1	0.1	5.4	43.5	0.1	5.4	0.1	310.8	280.5	4.8	4.2	297.7	295.6	345.1	345.1	344.4	356.8	96.1	55.1	26.7	0.0	347.5	329.1	44.0	73.4	12.0	48.7	0.0	46.8	.Autoclave.Outputs.PRESSIP\OutputValue	-6.0	30.3	34.3	-1.0	0.0	-1.0	-1.0	-1.0	0.0	0.0	0.0	-1.0	-1.0	-1.0	0.0	0.0	-1.0	0.0
18:41:11	56.1	300.8	296.3	299.5	304.9	315.4	302.5	304.8	310.9	284.9	0.1	0.1	5.6	44.0	0.1	5.6	0.1	315.4	284.9	4.8	4.3	302.2	300.1	350.1	350.1	349.4	362.9	96.1	56.1	27.7	0.0	351.9	333.6	44.0	72.2	12.3	44.0	0.0	44.5	.Autoclave.Outputs.PRESSIP\OutputValue	-5.8	30.5	34.7	-1.0	0.0	-1.0	-1.0	-1.0	0.0	0.0	0.0	-1.0	-1.0	0.0	0.0	0.0	-1.0	0.0
18:42:11	57.1	305.4	300.9	304.3	309.5	320.0	307.2	309.3	315.5	289.4	0.1	0.2	5.9	44.3	0.1	5.9	0.1	320.0	289.4	5.0	4.4	306.8	304.7	354.4	354.4	353.8	367.5	96.2	57.1	28.7	0.0	356.3	338.1	44.0	73.2	12.5	40.6	0.0	46.3	.Autoclave.Outputs.PRESSIP\OutputValue	-6.0	30.6	34.4	-1.0	0.0	-1.0	-1.0	-1.0	0.0	0.0	0.0	-1.0	-1.0	0.0	0.0	0.0	-1.0	0.0
18:43:11	58.1	310.2	305.6	309.0	313.8	324.4	311.7	314.0	320.2	294.7	0.1	0.1	6.2	44.6	0.1	6.2	0.1	324.4	294.7	5.5	4.4	311.5	309.5	358.5	358.5	357.8	371.9	96.3	58.1	29.7	0.0	360.8	342.6	44.0	75.8	12.7	38.0	0.0	51.6	.Autoclave.Outputs.PRESSIP\OutputValue	-6.0	29.7	34.1	-1.0	0.0	-1.0	-1.0	-1.0	0.0	0.0	0.0	-1.0	-1.0	0.0	0.0	0.0	-1.0	0.0
18:44:11	59.1	314.7	310.3	313.6	318.4	329.0	316.3	318.0	324.0	299.1	0.1	0.2	6.5	44.9	0.1	6.5	0.1	329.0	299.1	4.8	4.0	315.9	314.0	363.3	363.5	362.7	376.2	96.4	59.1	30.7	0.0	365.3	347.1	44.0	74.1	12.9	35.1	0.0	48.3	.Autoclave.Outputs.PRESSIP\OutputValue	-6.0	29.9	34.3	-1.0	0.0	-1.0	-1.0	-1.0	0.0	0.0	0.0	-1.0	-1.0	0.0	0.0	0.0	-1.0	0.0
18:45:11	60.1	319.3	314.8	318.3	322.9	333.5	320.7	323.0	329.0	303.7	0.1	0.2	6.8	43.9	0.1	6.8	0.1	333.5	303.7	5.0	4.5	320.6	318.6	367.5	367.5	366.7	382.6	96.4	60.1	31.7	0.0	369.7	351.6	44.0	77.0	13.1	45.2	0.0	54.1	.Autoclave.Outputs.PRESSIP\OutputValue	-5.8	29.8	34.0	-1.0	0.0	-1.0	-1.0	-1.0	0.0	0.0	0.0	-1.0	-1.0	0.0	0.0	0.0	-1.0	0.0
18:46:11	61.1	324.1	319.6	323.0	327.4	338.0	325.4	326.5	333.0	308.2	0.1	0.2	7.1	44.1	0.1	7.1	0.1	338.0	308.2	5.0	3.8	325.0	323.1	371.9	371.9	371.3	384.1	96.5	61.1	32.7	0.0	371.9	355.0	44.0	60.9	13.3	43.2	0.0	21.9	.Autoclave.Outputs.PRESSIP\OutputValue	-5.8	29.8	33.9	-1.0	0.0	-1.0	-1.0	-1.0	0.0	0.0	0.0	-1.0	-1.0	0.0	0.0	0.0	-1.0	0.0
18:47:11	62.1	326.6	323.3	326.0	330.1	339.1	327.8	325.5	331.1	308.4	0.1	0.2	7.2	44.1	0.1	7.2	0.1	339.1	308.4	3.9	-1.8	326.4	323.7	361.1	361.1	360.2	362.5	96.6	62.1	33.7	0.0	370.8	355.0	44.0	100.0	0.0	43.4	0.0	100.0	.Autoclave.Outputs.PRESSIP\OutputValue	-5.4	30.7	22.0	-1.0	0.0	-1.0	-1.0	-1.0	0.0	0.0	0.0	-1.0	-1.0	0.0	0.0	0.0	-1.0	0.0
18:48:11	63.1	330.2	326.7	329.3	333.3	342.3	331.3	329.8	335.3	312.1	0.1	0.2	7.6	44.6	0.1	7.6	0.1	342.3	312.1	4.3	3.1	330.0	327.2	365.6	365.6	364.8	375.1	96.8	63.1	34.7	0.0	367.8	355.0	44.0	63.9	0.2	38.2	0.0	27.8	.Autoclave.Outputs.PRESSIP\OutputValue	-6.0	30.2	23.3	-1.0	0.0	-1.0	-1.0	-1.0	0.0	0.0	0.0	-1.0	-1.0	0.0	0.0	0.0	-1.0	0.0
18:49:11	64.1	333.1	329.9	332.4	336.1	344.2	334.0	331.6	337.2	314.7	0.1	0.2	7.8	44.5	0.1	7.8	0.1	344.2	314.7	3.3	2.1	332.6	329.4	364.4	364.3	363.6	371.3	96.8	64.1	35.7	0.0	365.9	355.0	44.0	58.1	0.4	39.3	0.0	16.2	.Autoclave.Outputs.PRESSIP\OutputValue	-6.0	29.5	20.2	-1.0	0.0	-1.0	-1.0	-1.0	0.0	0.0	0.0	-1.0	-1.0	0.0	0.0	0.0	-1.0	0.0
18:50:11	65.1	335.5	332.7	334.9	338.4	345.8	336.5	333.2	338.3	318.0	0.1	0.2	7.9	44.5	0.1	7.9	0.1	345.8	318.0	3.2	1.4	334.8	331.9	363.1	363.1	362.4	369.3	97.0	65.1	36.7	0.0	364.2	355.0	44.0	56.2	0.6	39.5	0.0	12.4	.Autoclave.Outputs.PRESSIP\OutputValue	-6.0	27.8	17.3	-1.0	0.0	-1.0	-1.0	-1.0	0.0	0.0	0.0	-1.0	-1.0	0.0	0.0	0.0	-1.0	0.0
18:51:11	66.1	337.6	335.2	337.2	340.5	347.0	338.4	334.8	339.7	318.3	0.1	0.1	8.0	44.4	0.1	8.0	0.1	347.0	318.3	2.8	1.4	336.5	332.6	361.9	361.9	361.2	368.2	97.0	66.1	37.7	0.0	363.0	355.0	44.0	56.4	0.7	40.0	0.0	12.7	.Autoclave.Outputs.PRESSIP\OutputValue	-6.0	28.7	14.9	-1.0	0.0	-1.0	-1.0	-1.0	0.0	0.0	0.0	-1.0	-1.0	0.0	0.0	0.0	-1.0	0.0
18:52:11	67.1	339.8	337.4	339.2	342.0	347.9	340.2	336.3	341.2	321.5	0.1	0.2	8.2	44.4	0.1	8.2	0.1	347.9	321.5	2.4	0.9	338.4	334.7	360.9	361.0	360.2	366.8	96.9	67.1	38.7	0.0	362.1	355.0	44.0	56.5	0.8	40.2	0.0	12.9	.Autoclave.Outputs.PRESSIP\OutputValue	-6.0	26.4	13.0	-1.0	0.0	-1.0	-1.0	-1.0	0.0	0.0	0.0	-1.0	-1.0	0.0	0.0	0.0	-1.0	0.0
18:53:11	68.1	341.5	339.5	340.8	343.4	348.8	341.9	337.5	342.3	323.8	0.1	0.2	8.3	44.4	0.1	8.3	0.1	348.8	323.8	2.0	1.0	339.9	336.3	360.1	360.1	359.5	366.1	97.0	68.1	39.7	0.0	361.2	355.0	44.0	56.6	0.9	40.2	0.0	13.2	.Autoclave.Outputs.PRESSIP\OutputValue	-6.0	25.0	11.3	-1.0	0.0	-1.0	-1.0	-1.0	0.0	0.0	0.0	-1.0	-1.0	0.0	0.0	0.0	-1.0	0.0
18:54:11	69.1	343.1	341.2	342.5	344.7	349.4	343.3	338.7	343.2	325.6	0.1	0.2	8.3	44.3	0.1	8.3	0.1	349.4	325.6	2.0	0.5	341.3	337.5	359.5	359.5	358.8	365.2	97.1	69.1	40.7	0.0	360.4	355.0	44.0	56.0	1.0	40.4	0.0	12.1	.Autoclave.Outputs.PRESSIP\OutputValue	-6.0	23.8	10.1	-1.0	0.0	-1.0	-1.0	-1.0	0.0	0.0	0.0	-1.0	-1.0	0.0	0.0	0.0	-1.0	0.0
18:55:11	70.1	344.4	342.8	343.8	345.8	350.1	344.6	340.0	344.1	327.4	0.1	0.2	8.4	44.4	0.1	8.4	0.1	350.1	327.4	1.8	0.7	342.5	338.7	359.0	359.0	358.3	365.0	97.2	70.1	41.7	0.0	359.9	355.0	44.0	56.1	1.1	40.4	0.0	12.3	.Autoclave.Outputs.PRESSIP\OutputValue	-6.0	22.7	8.9	-1.0	0.0	-1.0	-1.0	-1.0	0.0	0.0	0.0	-1.0	-1.0	0.0	0.0	0.0	-1.0	0.0
18:56:11	71.1	345.6	344.1	345.0	346.9	350.6	345.7	340.9	345.1	329.2	0.1	0.1	8.5	44.4	0.1	8.5	0.1	350.6	329.2	1.9	0.6	343.7	339.9	358.6	358.6	357.8	364.3	97.2	71.1	42.7	0.0	359.5	355.0	44.0	54.9	1.2	40.4	0.0	9.8	.Autoclave.Outputs.PRESSIP\OutputValue	-6.0	21.4	8.0	-1.0	0.0	-1.0	-1.0	-1.0	0.0	0.0	0.0	-1.0	-1.0	0.0	0.0	0.0	-1.0	0.0
18:57:11	72.1	346.6	345.3	346.1	347.6	350.9	346.5	341.9	345.8	330.7	0.1	0.1	8.5	44.4	0.1	8.5	0.1	350.9	330.7	1.3	0.3	344.6	340.8	358.2	358.2	357.5	363.9	97.1	72.1	43.7	0.0	359.0	355.0	44.0	55.0	1.3	40.4	0.0	10.0	.Autoclave.Outputs.PRESSIP\OutputValue	-6.0	20.2	7.3	-1.0	0.0	-1.0	-1.0	-1.0	0.0	0.0	0.0	-1.0	-1.0	0.0	0.0	0.0	-1.0	0.0
18:58:11	73.1	347.5	346.3	347.1	348.3	351.2	347.4	343.0	346.6	331.8	0.1	0.1	8.6	44.4	0.1	8.6	0.1	351.2	331.8	1.2	0.4	345.5	341.5	358.0	357.9	357.3	363.7	97.3	73.1	44.7	0.0	358.7	355.0	44.0	55.1	1.4	40.2	0.0	10.2	.Autoclave.Outputs.PRESSIP\OutputValue	-6.0	19.4	6.8	-1.0	0.0	-1.0	-1.0	-1.0	0.0	0.0	0.0	-1.0	-1.0	0.0	0.0	0.0	-1.0	0.0
18:59:11	74.1	348.3	347.2	347.9	348.9	351.6	348.2	344.0	347.3	333.1	0.1	0.2	8.7	44.4	0.1	8.7	0.1	351.6	333.1	1.6	0.3	346.3	342.3	357.6	357.6	356.9	363.1	97.5	74.1	45.7	0.0	358.4	355.0	44.0	55.2	1.5	40.4	0.0	10.3	.Autoclave.Outputs.PRESSIP\OutputValue	-6.0	18.5	6.0	-1.0	0.0	-1.0	-1.0	-1.0	0.0	0.0	0.0	-1.0	-1.0	0.0	0.0	0.0	-1.0	0.0
19:00:11	75.1	349.1	348.0	348.5	349.5	351.8	348.7	344.7	347.9	334.5	0.1	0.2	8.7	44.4	0.1	8.7	0.1	351.8	334.5	1.1	0.3	347.0	343.1	357.4	357.4	356.7	362.9	97.5	75.1	46.7	0.0	358.1	355.0	44.0	54.6	1.6	40.2	0.0	9.2	.Autoclave.Outputs.PRESSIP\OutputValue	-6.0	17.3	5.6	-1.0	0.0	-1.0	-1.0	-1.0	0.0	0.0	0.0	-1.0	-1.0	0.0	0.0	0.0	-1.0	0.0
19:01:11	76.1	349.6	348.7	349.2	350.0	352.1	349.3	345.5	348.6	335.7	0.1	0.2	8.8	44.4	0.1	8.8	0.1	352.1	335.7	1.1	0.2	347.6	343.9	357.2	357.2	356.5	362.8	97.5	76.1	47.7	0.0	358.0	355.0	44.0	54.7	1.7	40.4	0.0	9.3	.Autoclave.Outputs.PRESSIP\OutputValue	-6.0	16.4	5.1	-1.0	0.0	-1.0	-1.0	-1.0	0.0	0.0	0.0	-1.0	-1.0	0.0	0.0	0.0	-1.0	0.0
19:02:11	77.1	350.2	349.3	349.8	350.4	352.4	349.8	346.2	349.2	336.7	0.1	0.2	8.8	44.4	0.1	8.8	0.1	352.4	336.7	1.1	0.2	348.2	344.5	357.0	357.1	356.3	362.4	97.7	77.1	48.7	0.0	357.8	355.0	44.0	55.4	1.7	40.2	0.0	10.8	.Autoclave.Outputs.PRESSIP\OutputValue	-6.0	15.7	4.6	-1.0	0.0	-1.0	-1.0	-1.0	0.0	0.0	0.0	-1.0	-1.0	0.0	0.0	0.0	-1.0	0.0
19:03:11	78.1	350.7	350.0	350.5	350.8	352.5	350.5	346.5	349.4	337.6	0.1	0.1	8.8	44.4	0.1	8.8	0.1	352.5	337.6	0.8	0.3	348.7	345.0	356.7	356.7	356.0	362.2	97.5	78.1	49.7	0.0	357.5	355.0	44.0	55.5	1.8	40.4	0.0	11.0	.Autoclave.Outputs.PRESSIP\OutputValue	-6.0	14.9	4.2	-1.0	0.0	-1.0	-1.0	-1.0	0.0	0.0	0.0	-1.0	-1.0	0.0	0.0	0.0	-1.0	0.0
19:04:11	79.1	351.1	350.4	351.0	351.1	352.7	350.7	347.2	349.9	338.7	0.1	0.2	8.8	44.4	0.1	8.8	0.1	352.7	338.7	1.1	0.2	349.2	345.7	356.7	356.7	355.9	362.3	97.7	79.1	50.7	0.0	357.3	355.0	44.0	53.6	1.9	40.0	0.0	7.1	.Autoclave.Outputs.PRESSIP\OutputValue	-6.0	14.0	4.0	-1.0	0.0	-1.0	-1.0	-1.0	0.0	0.0	0.0	-1.0	-1.0	0.0	0.0	0.0	-1.0	0.0
19:05:11	80.1	351.5	350.8	351.4	351.5	352.8	351.1	347.7	350.3	339.7	0.1	0.2	8.9	44.4	0.1	8.9	0.1	352.8	339.7	1.0	0.2	349.6	346.2	356.6	356.6	355.9	361.9	97.7	80.1	51.7	0.0	357.1	355.0	44.0	53.6	2.0	40.0	0.0	7.3	.Autoclave.Outputs.PRESSIP\OutputValue	-6.0	13.1	3.8	-1.0	0.0	-1.0	-1.0	-1.0	0.0	0.0	0.0	-1.0	-1.0	0.0	0.0	0.0	-1.0	0.0
19:06:11	81.1	351.9	351.3	351.8	351.7	353.0	351.5	348.3	350.7	340.5	0.1	0.2	8.9	44.4	0.1	8.9	0.1	353.0	340.5	1.0	0.0	350.1	346.7	356.3	356.3	355.7	361.8	97.7	81.1	52.7	0.0	357.1	355.0	44.0	55.0	2.0	40.2	0.0	10.1	.Autoclave.Outputs.PRESSIP\OutputValue	-6.0	12.5	3.3	-1.0	0.0	-1.0	-1.0	-1.0	0.0	0.0	0.0	-1.0	-1.0	0.0	0.0	0.0	-1.0	0.0
19:07:11	82.1	352.2	351.7	352.1	352.0	353.1	351.8	348.8	351.0	341.4	0.1	0.1	8.9	44.4	0.1	8.9	0.1	353.1	341.4	0.7	0.1	350.4	347.2	356.1	356.0	355.7	361.3	97.7	82.1	53.7	0.0	356.9	355.0	44.0	55.8	2.1	40.2	0.0	11.5	.Autoclave.Outputs.PRESSIP\OutputValue	-6.0	11.7	3.0	-1.0	0.0	-1.0	-1.0	-1.0	0.0	0.0	0.0	-1.0	-1.0	0.0	0.0	0.0	-1.0	0.0
19:08:11	83.1	352.5	352.0	352.4	352.2	353.2	351.9	349.5	351.5	342.2	0.1	0.2	8.9	44.4	0.1	8.9	0.1	353.2	342.2	1.1	-0.2	350.8	347.7	356.2	356.2	355.4	361.7	97.8	83.1	54.7	0.0	356.9	355.0	44.0	55.8	2.2	39.8	0.0	11.7	.Autoclave.Outputs.PRESSIP\OutputValue	-6.0	11.0	3.0	-1.0	0.0	-1.0	-1.0	-1.0	0.0	0.0	0.0	-1.0	-1.0	0.0	0.0	0.0	-1.0	0.0
19:09:11	84.1	352.7	352.2	352.6	352.4	353.3	352.2	349.8	351.8	343.1	0.1	0.1	9.0	44.5	0.1	9.0	0.1	353.3	343.1	0.6	0.2	351.1	348.2	356.1	356.1	355.5	361.8	97.9	84.1	55.7	0.0	356.8	355.0	44.0	54.6	2.2	39.7	0.0	9.1	.Autoclave.Outputs.PRESSIP\OutputValue	-6.0	10.2	2.8	-1.0	0.0	-1.0	-1.0	-1.0	0.0	0.0	0.0	-1.0	-1.0	0.0	0.0	0.0	-1.0	0.0
19:10:11	85.1	352.9	352.4	352.9	352.6	353.4	352.6	350.2	352.0	343.6	0.1	0.1	9.0	44.4	0.1	9.0	0.1	353.4	343.6	0.7	0.0	351.4	348.5	355.8	355.8	355.3	361.4	97.9	85.1	56.7	0.0	356.6	355.0	44.0	56.0	2.3	39.7	0.0	11.9	.Autoclave.Outputs.PRESSIP\OutputValue	-6.0	9.8	2.4	-1.0	0.0	-1.0	-1.0	-1.0	0.0	0.0	0.0	-1.0	-1.0	0.0	0.0	0.0	-1.0	0.0
19:11:11	86.1	353.1	352.7	353.2	352.8	353.5	352.5	350.6	352.2	344.3	0.1	0.1	9.0	44.4	0.1	9.0	0.1	353.5	344.3	0.5	0.1	351.6	348.9	355.8	355.8	355.4	360.9	97.9	86.1	57.7	0.0	356.5	355.0	44.0	54.7	2.4	39.7	0.0	9.4	.Autoclave.Outputs.PRESSIP\OutputValue	-6.0	9.2	2.3	-1.0	0.0	-1.0	-1.0	-1.0	0.0	0.0	0.0	-1.0	-1.0	0.0	0.0	0.0	-1.0	0.0
19:12:11	87.1	353.3	352.9	353.4	352.9	353.4	352.8	350.9	352.5	344.6	0.1	0.2	9.0	44.5	0.1	9.0	0.1	353.4	344.6	0.5	0.0	351.8	349.0	355.7	356.0	355.3	361.0	97.9	87.1	58.7	0.0	356.5	355.0	44.0	50.7	2.4	39.5	0.0	1.5	.Autoclave.Outputs.PRESSIP\OutputValue	-6.0	8.8	2.3	-1.0	0.0	-1.0	-1.0	-1.0	0.0	0.0	0.0	-1.0	-1.0	0.0	0.0	0.0	-1.0	0.0
19:13:11	88.1	353.5	353.1	353.6	353.0	353.6	352.9	351.1	352.7	345.2	0.1	0.1	9.0	44.4	0.1	9.0	0.1	353.6	345.2	0.4	0.0	352.1	349.4	355.5	355.8	355.2	361.4	98.1	88.1	59.7	0.0	355.7	355.0	44.0	56.8	2.5	39.5	0.0	13.6	.Autoclave.Outputs.PRESSIP\OutputValue	-6.0	8.4	1.9	-1.0	0.0	-1.0	-1.0	-1.0	0.0	0.0	0.0	-1.0	-1.0	0.0	0.0	0.0	-1.0	0.0
19:13:12	88.1	353.4	353.1	353.5	353.0	353.4	352.9	351.2	352.7	345.3	0.1	0.1	9.0	44.5	0.1	9.0	0.1	353.5	345.3	0.7	-0.1	352.0	349.4	355.8	355.7	355.4	361.3	98.0	88.1	59.7	0.0	356.4	355.0	44.0	50.1	2.5	39.7	0.0	0.3	.Autoclave.Outputs.PRESSIP\OutputValue	-6.0	8.2	2.2	-1.0	0.0	-1.0	-1.0	-1.0	0.0	0.0	0.0	-1.0	-1.0	0.0	0.0	0.0	-1.0	0.0
19:14:11	89.1	353.7	353.3	353.7	353.2	353.6	352.9	351.5	352.8	345.6	0.1	0.1	9.0	44.5	0.1	9.0	0.1	353.7	345.6	0.7	-0.1	352.2	349.6	355.7	355.7	355.2	361.1	97.9	89.1	1.0	89.0	356.3	355.0	44.0	54.8	2.5	39.7	0.0	9.6	.Autoclave.Outputs.PRESSIP\OutputValue	-6.0	8.1	2.0	-1.0	0.0	-1.0	-1.0	-1.0	0.0	0.0	0.0	-1.0	-1.0	0.0	0.0	0.0	-1.0	0.0
19:15:11	90.1	353.8	353.5	353.8	353.1	353.6	353.0	351.8	352.9	346.0	0.1	0.1	9.0	44.5	0.1	9.0	0.1	353.8	346.0	0.3	-0.6	352.4	349.9	355.6	355.6	355.2	361.1	98.0	90.1	2.0	88.0	356.2	355.0	44.0	56.2	2.6	39.3	0.0	12.3	.Autoclave.Outputs.PRESSIP\OutputValue	-6.0	7.8	1.8	-1.0	0.0	-1.0	-1.0	-1.0	0.0	0.0	0.0	-1.0	-1.0	0.0	0.0	0.0	-1.0	0.0
19:16:11	91.1	353.8	353.6	353.9	353.3	353.6	353.1	352.0	353.1	346.4	0.1	0.2	9.1	44.5	0.1	9.1	0.1	353.9	346.4	0.5	0.0	352.5	350.1	355.2	355.6	354.7	361.1	98.1	91.1	3.0	87.0	356.0	355.0	44.0	56.2	2.6	39.1	0.0	12.4	.Autoclave.Outputs.PRESSIP\OutputValue	-6.0	7.5	1.3	-1.0	0.0	-1.0	-1.0	-1.0	0.0	0.0	0.0	-1.0	-1.0	0.0	0.0	0.0	-1.0	0.0
19:17:11	92.1	353.9	353.6	354.1	353.4	353.6	353.1	352.1	353.1	346.9	0.1	0.2	9.1	44.5	0.1	9.1	0.1	354.1	346.9	0.5	-0.1	352.6	350.5	355.7	355.5	355.0	360.1	98.2	92.1	4.0	86.0	356.0	355.0	44.0	52.3	2.7	39.3	0.0	4.5	.Autoclave.Outputs.PRESSIP\OutputValue	-6.0	7.2	1.6	-1.0	0.0	-1.0	-1.0	-1.0	0.0	0.0	0.0	-1.0	-1.0	0.0	0.0	0.0	-1.0	0.0
19:18:11	93.1	354.0	353.7	354.2	353.5	353.6	353.3	352.4	353.3	347.1	0.1	0.2	9.1	44.5	0.1	9.1	0.1	354.2	347.1	0.3	-0.3	352.8	350.6	355.4	355.4	354.8	360.8	98.3	93.1	5.0	85.0	355.8	355.0	44.0	52.3	2.7	39.3	0.0	4.6	.Autoclave.Outputs.PRESSIP\OutputValue	-6.0	7.1	1.2	-1.0	0.0	-1.0	-1.0	-1.0	0.0	0.0	0.0	-1.0	-1.0	0.0	0.0	0.0	-1.0	0.0
19:19:11	94.1	354.0	353.6	354.2	353.5	353.8	353.3	352.5	353.3	347.6	0.1	0.1	9.1	44.5	0.1	9.1	0.1	354.2	347.6	0.4	-0.1	352.9	350.9	355.4	355.5	354.8	360.5	98.3	94.1	6.0	84.0	355.8	355.0	44.0	53.0	2.8	39.1	0.0	6.1	.Autoclave.Outputs.PRESSIP\OutputValue	-6.0	6.6	1.2	-1.0	0.0	-1.0	-1.0	-1.0	0.0	0.0	0.0	-1.0	-1.0	0.0	0.0	0.0	-1.0	0.0
19:20:11	95.1	354.0	353.7	354.3	353.5	353.6	353.3	352.7	353.5	347.7	0.1	0.2	9.1	44.5	0.1	9.1	0.1	354.3	347.7	0.3	-0.2	352.9	351.0	355.4	355.6	354.9	360.0	98.4	95.1	7.0	83.0	355.7	355.0	44.0	52.4	2.8	39.3	0.0	4.8	.Autoclave.Outputs.PRESSIP\OutputValue	-6.0	6.6	1.1	-1.0	0.0	-1.0	-1.0	-1.0	0.0	0.0	0.0	-1.0	-1.0	0.0	0.0	0.0	-1.0	0.0
19:21:12	96.1	354.1	353.7	354.4	353.5	353.6	353.3	352.8	353.4	348.1	0.1	0.2	9.1	44.5	0.1	9.1	0.1	354.4	348.1	0.3	-0.2	353.0	351.2	355.3	355.3	354.6	360.2	98.3	96.1	8.0	82.0	355.6	355.0	44.0	53.8	2.9	39.1	0.0	7.6	.Autoclave.Outputs.PRESSIP\OutputValue	-6.0	6.3	0.9	-1.0	0.0	-1.0	-1.0	-1.0	0.0	0.0	0.0	-1.0	-1.0	0.0	0.0	0.0	-1.0	0.0
19:22:11	97.1	354.1	353.8	354.3	353.5	353.4	353.3	352.9	353.5	348.4	0.1	0.2	9.1	44.5	0.1	9.1	0.1	354.3	348.4	0.4	0.0	353.0	351.3	355.2	355.2	354.7	360.3	98.4	97.1	9.0	81.0	355.6	355.0	44.0	53.8	2.9	38.9	0.0	7.7	.Autoclave.Outputs.PRESSIP\OutputValue	-6.0	5.9	0.9	-1.0	0.0	-1.0	-1.0	-1.0	0.0	0.0	0.0	-1.0	-1.0	0.0	0.0	0.0	-1.0	0.0
19:23:11	98.1	354.1	353.7	354.4	353.5	353.5	353.3	353.0	353.5	348.7	0.1	0.1	9.1	44.5	0.1	9.1	0.1	354.4	348.7	0.2	-0.1	353.1	351.5	355.2	355.2	354.4	360.1	98.4	98.1	10.0	80.0	355.6	355.0	44.0	53.9	3.0	39.1	0.0	7.8	.Autoclave.Outputs.PRESSIP\OutputValue	-6.0	5.7	0.8	-1.0	0.0	-1.0	-1.0	-1.0	0.0	0.0	0.0	-1.0	-1.0	0.0	0.0	0.0	-1.0	0.0
19:24:11	99.1	354.1	353.8	354.3	353.5	353.5	353.3	353.1	353.6	348.8	0.1	0.1	9.1	44.5	0.1	9.1	0.1	354.3	348.8	0.3	-0.2	353.1	351.5	355.3	355.4	354.6	360.3	98.6	99.1	11.0	79.0	355.7	355.0	44.0	54.6	3.0	39.1	0.0	9.2	.Autoclave.Outputs.PRESSIP\OutputValue	-6.0	5.5	1.0	-1.0	0.0	-1.0	-1.0	-1.0	0.0	0.0	0.0	-1.0	-1.0	0.0	0.0	0.0	-1.0	0.0
19:25:11	100.1	354.0	353.8	354.4	353.4	353.4	353.4	353.3	353.8	349.3	0.1	0.1	9.1	44.5	0.1	9.1	0.1	354.4	349.3	0.3	-0.1	353.2	351.8	355.3	355.3	354.5	360.3	98.5	100.1	12.0	78.0	355.7	355.0	44.0	54.0	3.1	38.7	0.0	8.0	.Autoclave.Outputs.PRESSIP\OutputValue	-6.0	5.1	0.9	-1.0	0.0	-1.0	-1.0	-1.0	0.0	0.0	0.0	-1.0	-1.0	0.0	0.0	0.0	-1.0	0.0
19:26:11	101.1	354.1	353.8	354.3	353.4	353.6	353.3	353.4	353.9	349.5	0.1	0.1	9.2	44.5	0.1	9.2	0.1	354.3	349.5	0.3	0.0	353.2	351.9	355.4	355.3	354.6	360.7	98.7	101.1	13.0	77.0	355.7	355.0	44.0	54.0	3.1	38.5	0.0	8.1	.Autoclave.Outputs.PRESSIP\OutputValue	-6.0	4.8	1.1	-1.0	0.0	-1.0	-1.0	-1.0	0.0	0.0	0.0	-1.0	-1.0	0.0	0.0	0.0	-1.0	0.0
19:27:11	102.1	354.2	353.8	354.4	353.4	354.9	353.3	353.5	354.0	349.9	0.1	0.2	9.2	44.5	0.1	9.2	0.1	354.9	349.9	0.2	-0.2	353.5	352.4	355.4	355.4	354.7	360.3	98.7	102.1	14.0	76.0	355.6	355.0	44.0	54.1	3.2	38.9	0.0	8.2	.Autoclave.Outputs.PRESSIP\OutputValue	-6.0	5.0	0.5	-1.0	0.0	-1.0	-1.0	-1.0	0.0	0.0	0.0	-1.0	-1.0	0.0	0.0	0.0	-1.0	0.0
19:28:11	103.1	354.2	353.8	354.3	353.5	353.4	353.3	353.7	354.0	350.0	0.1	0.2	9.2	44.5	0.1	9.2	0.1	354.3	350.0	0.3	-0.1	353.3	352.1	355.3	355.4	354.6	360.5	98.9	103.1	15.0	75.0	355.7	355.0	44.0	54.1	3.2	38.9	0.0	8.2	.Autoclave.Outputs.PRESSIP\OutputValue	-6.0	4.3	1.0	-1.0	0.0	-1.0	-1.0	-1.0	0.0	0.0	0.0	-1.0	-1.0	0.0	0.0	0.0	-1.0	0.0
19:29:11	104.1	354.1	353.8	354.4	353.6	353.6	353.5	353.6	354.1	350.2	0.1	0.2	9.2	44.5	0.1	9.2	0.1	354.4	350.2	0.3	0.0	353.4	352.3	355.1	355.2	354.4	360.3	98.8	104.1	16.0	74.0	355.6	355.0	44.0	54.8	3.2	38.5	0.0	9.6	.Autoclave.Outputs.PRESSIP\OutputValue	-6.0	4.2	0.7	-1.0	0.0	-1.0	-1.0	-1.0	0.0	0.0	0.0	-1.0	-1.0	0.0	0.0	0.0	-1.0	0.0
19:30:11	105.1	354.2	353.8	354.4	353.6	353.4	353.5	353.7	354.1	350.5	0.1	0.2	9.2	44.5	0.1	9.2	0.1	354.4	350.5	0.2	-0.1	353.5	352.4	355.2	355.2	354.5	360.4	98.9	105.1	17.0	73.0	355.6	355.0	44.0	54.2	3.3	38.3	0.0	8.4	.Autoclave.Outputs.PRESSIP\OutputValue	-6.0	3.9	0.8	-1.0	0.0	-1.0	-1.0	-1.0	0.0	0.0	0.0	-1.0	-1.0	0.0	0.0	0.0	-1.0	0.0
19:31:11	106.1	354.2	353.9	354.4	353.6	353.5	353.5	353.9	354.2	350.7	0.1	0.2	9.2	44.5	0.1	9.2	0.1	354.4	350.7	0.3	-0.1	353.5	352.5	355.3	355.3	354.5	360.4	98.9	106.1	18.0	72.0	355.6	355.0	44.0	54.2	3.3	38.5	0.0	8.5	.Autoclave.Outputs.PRESSIP\OutputValue	-6.0	3.7	0.9	-1.0	0.0	-1.0	-1.0	-1.0	0.0	0.0	0.0	-1.0	-1.0	0.0	0.0	0.0	-1.0	0.0
19:32:11	107.1	354.2	353.9	354.4	353.6	353.5	353.6	353.9	354.2	350.8	0.1	0.1	9.2	44.5	0.1	9.2	0.1	354.4	350.8	0.3	-0.3	353.6	352.6	355.3	355.3	354.5	360.1	99.0	107.1	19.0	71.0	355.6	355.0	44.0	53.6	3.4	38.7	0.0	7.2	.Autoclave.Outputs.PRESSIP\OutputValue	-6.0	3.6	0.9	-1.0	0.0	-1.0	-1.0	-1.0	0.0	0.0	0.0	-1.0	-1.0	0.0	0.0	0.0	-1.0	0.0
19:33:11	108.1	354.2	353.9	354.4	353.6	353.4	353.5	354.0	354.4	351.2	0.1	0.2	9.3	44.5	0.1	9.3	0.1	354.4	351.2	0.2	-0.3	353.6	352.8	355.3	355.3	354.5	360.5	99.0	108.1	20.0	70.0	355.6	355.0	44.0	52.9	3.4	38.5	0.0	5.8	.Autoclave.Outputs.PRESSIP\OutputValue	-6.0	3.2	0.9	-1.0	0.0	-1.0	-1.0	-1.0	0.0	0.0	0.0	-1.0	-1.0	0.0	0.0	0.0	-1.0	0.0
19:34:11	109.1	354.2	353.9	354.3	353.6	353.5	353.5	354.1	354.4	351.2	0.1	0.2	9.2	44.6	0.1	9.2	0.1	354.4	351.2	0.1	-0.2	353.6	352.8	355.3	355.3	354.6	360.7	99.0	109.1	21.0	69.0	355.6	355.0	44.0	54.3	3.4	38.3	0.0	8.5	.Autoclave.Outputs.PRESSIP\OutputValue	-6.0	3.2	0.9	-1.0	0.0	-1.0	-1.0	-1.0	0.0	0.0	0.0	-1.0	-1.0	0.0	0.0	0.0	-1.0	0.0
19:35:11	110.1	354.2	353.9	354.3	353.6	353.5	353.6	354.1	354.3	351.3	0.1	0.2	9.2	44.5	0.1	9.2	0.1	354.3	351.3	0.1	-0.1	353.6	352.8	355.3	355.3	354.5	360.3	99.2	110.1	22.0	68.0	355.7	355.0	44.0	54.3	3.5	38.5	0.0	8.6	.Autoclave.Outputs.PRESSIP\OutputValue	-6.0	3.0	1.0	-1.0	0.0	-1.0	-1.0	-1.0	0.0	0.0	0.0	-1.0	-1.0	0.0	0.0	0.0	-1.0	0.0
19:36:11	111.1	354.1	353.9	354.3	353.5	353.6	353.6	354.1	354.3	351.3	0.1	0.1	9.2	44.6	0.1	9.2	0.1	354.3	351.3	0.1	-0.1	353.6	352.8	355.3	355.3	354.6	360.5	99.2	111.1	23.0	67.0	355.6	355.0	44.0	54.3	3.5	38.2	0.0	8.7	.Autoclave.Outputs.PRESSIP\OutputValue	-6.0	3.0	1.0	-1.0	0.0	-1.0	-1.0	-1.0	0.0	0.0	0.0	-1.0	-1.0	0.0	0.0	0.0	-1.0	0.0
19:37:11	112.1	354.2	353.9	354.3	353.6	353.5	353.6	354.2	354.4	351.5	0.1	0.2	9.3	44.6	0.1	9.3	0.1	354.4	351.5	0.3	0.0	353.7	353.0	355.3	355.2	354.5	360.3	99.3	112.1	24.0	66.0	355.6	355.0	44.0	53.7	3.5	38.5	0.0	7.4	.Autoclave.Outputs.PRESSIP\OutputValue	-6.0	2.9	0.9	-1.0	0.0	-1.0	-1.0	-1.0	0.0	0.0	0.0	-1.0	-1.0	0.0	0.0	0.0	-1.0	0.0
19:38:11	113.1	354.2	353.9	354.3	353.5	353.4	353.6	354.1	354.5	351.5	0.1	0.2	9.3	44.6	0.1	9.3	0.1	354.5	351.5	0.1	-0.3	353.7	353.0	355.3	355.3	354.5	360.1	99.2	113.1	25.0	65.0	355.6	355.0	44.0	53.7	3.6	38.2	0.0	7.5	.Autoclave.Outputs.PRESSIP\OutputValue	-6.0	3.0	0.8	-1.0	0.0	-1.0	-1.0	-1.0	0.0	0.0	0.0	-1.0	-1.0	0.0	0.0	0.0	-1.0	0.0
19:39:11	114.1	354.2	353.9	354.2	353.5	353.2	353.5	354.3	354.4	351.5	0.1	0.1	9.2	44.6	0.1	9.2	0.1	354.4	351.5	0.2	-0.2	353.6	353.0	355.2	355.2	354.5	360.6	99.3	114.1	26.0	64.0	355.6	355.0	44.0	53.8	3.6	38.2	0.0	7.5	.Autoclave.Outputs.PRESSIP\OutputValue	-6.0	2.9	0.8	-1.0	0.0	-1.0	-1.0	-1.0	0.0	0.0	0.0	-1.0	-1.0	0.0	0.0	0.0	-1.0	0.0
19:40:11	115.1	354.2	354.0	354.2	353.5	353.3	353.6	354.3	354.5	351.7	0.1	0.2	9.3	44.6	0.1	9.3	0.1	354.5	351.7	0.1	-0.1	353.7	353.1	355.2	355.3	354.7	360.4	99.3	115.1	27.0	63.0	355.6	355.0	44.0	53.8	3.6	38.0	0.0	7.6	.Autoclave.Outputs.PRESSIP\OutputValue	-6.0	2.8	0.7	-1.0	0.0	-1.0	-1.0	-1.0	0.0	0.0	0.0	-1.0	-1.0	0.0	0.0	0.0	-1.0	0.0
19:41:11	116.1	354.2	354.0	354.2	353.5	353.3	353.6	354.3	354.4	351.9	0.1	0.2	9.3	44.6	0.1	9.3	0.1	354.4	351.9	0.1	-0.1	353.7	353.2	355.2	355.3	354.5	360.4	99.5	116.1	28.0	62.0	355.6	355.0	44.0	54.5	3.7	38.0	0.0	9.0	.Autoclave.Outputs.PRESSIP\OutputValue	-6.0	2.5	0.8	-1.0	0.0	-1.0	-1.0	-1.0	0.0	0.0	0.0	-1.0	-1.0	0.0	0.0	0.0	-1.0	0.0
19:42:11	117.1	354.2	353.9	354.2	353.5	353.3	353.6	354.3	354.4	351.9	0.1	0.2	9.3	44.6	0.1	9.3	0.1	354.4	351.9	0.1	-0.1	353.7	353.2	355.3	355.3	354.6	360.1	99.4	117.1	29.0	61.0	355.6	355.0	44.0	53.1	3.7	38.2	0.0	6.2	.Autoclave.Outputs.PRESSIP\OutputValue	-6.0	2.5	0.9	-1.0	0.0	-1.0	-1.0	-1.0	0.0	0.0	0.0	-1.0	-1.0	0.0	0.0	0.0	-1.0	0.0
19:43:11	118.1	354.2	353.9	354.1	353.4	353.4	353.6	354.3	354.4	352.0	0.1	0.1	9.3	44.6	0.1	9.3	0.1	354.4	352.0	0.1	-0.2	353.7	353.2	355.2	355.2	354.5	360.3	99.5	118.1	30.0	60.0	355.6	355.0	44.0	53.9	3.7	38.0	0.0	7.8	.Autoclave.Outputs.PRESSIP\OutputValue	-6.0	2.4	0.8	-1.0	0.0	-1.0	-1.0	-1.0	0.0	0.0	0.0	-1.0	-1.0	0.0	0.0	0.0	-1.0	0.0
19:44:11	119.1	354.2	354.0	354.1	353.6	353.5	353.7	354.4	354.4	352.0	0.1	0.2	9.3	44.6	0.1	9.3	0.1	354.4	352.0	0.2	-0.1	353.8	353.2	355.3	355.2	354.5	360.6	99.4	119.1	31.0	59.0	355.5	355.0	44.0	53.3	3.8	37.8	0.0	6.5	.Autoclave.Outputs.PRESSIP\OutputValue	-6.0	2.4	0.9	-1.0	0.0	-1.0	-1.0	-1.0	0.0	0.0	0.0	-1.0	-1.0	0.0	0.0	0.0	-1.0	0.0
19:45:11	120.1	354.2	354.0	354.2	353.6	353.6	353.7	354.5	354.5	352.1	0.1	0.1	9.3	44.6	0.1	9.3	0.1	354.5	352.1	0.2	0.0	353.8	353.3	355.4	355.4	354.6	360.3	99.4	120.1	32.0	58.0	355.5	355.0	44.0	52.5	3.8	37.8	0.0	5.1	.Autoclave.Outputs.PRESSIP\OutputValue	-6.0	2.4	0.9	-1.0	0.0	-1.0	-1.0	-1.0	0.0	0.0	0.0	-1.0	-1.0	0.0	0.0	0.0	-1.0	0.0
19:46:11	121.1	354.3	354.1	354.1	353.6	355.5	353.7	354.5	354.6	352.2	0.1	0.2	9.3	44.6	0.1	9.3	0.1	355.5	352.2	0.2	-0.1	354.1	353.8	355.2	355.2	354.4	360.3	99.5	121.1	33.0	57.0	355.4	355.0	44.0	54.0	3.8	38.0	0.0	8.0	.Autoclave.Outputs.PRESSIP\OutputValue	-6.0	3.3	-0.3	-1.0	0.0	-1.0	-1.0	-1.0	0.0	0.0	0.0	-1.0	-1.0	0.0	0.0	0.0	-1.0	0.0
19:47:11	122.1	354.3	354.1	354.2	353.6	353.4	353.8	354.5	354.5	352.3	0.1	0.2	9.3	44.6	0.1	9.3	0.1	354.5	352.3	0.1	-0.2	353.8	353.4	355.2	355.2	354.5	360.1	99.5	122.1	34.0	56.0	355.5	355.0	44.0	53.9	3.8	37.8	0.0	7.8	.Autoclave.Outputs.PRESSIP\OutputValue	-6.0	2.2	0.7	-1.0	0.0	-1.0	-1.0	-1.0	0.0	0.0	0.0	-1.0	-1.0	0.0	0.0	0.0	-1.0	0.0
19:48:11	123.1	354.3	354.1	354.3	353.5	353.4	353.7	354.5	354.4	352.3	0.1	0.2	9.3	44.6	0.1	9.3	0.1	354.5	352.3	0.0	-0.1	353.8	353.4	355.2	355.2	354.3	360.4	99.5	123.1	35.0	55.0	355.6	355.0	44.0	54.6	3.9	37.6	0.0	9.2	.Autoclave.Outputs.PRESSIP\OutputValue	-6.0	2.2	0.7	-1.0	0.0	-1.0	-1.0	-1.0	0.0	0.0	0.0	-1.0	-1.0	0.0	0.0	0.0	-1.0	0.0
19:49:11	124.1	354.2	354.1	354.2	353.6	353.5	353.7	354.6	354.6	352.3	0.1	0.2	9.3	44.6	0.1	9.3	0.1	354.6	352.3	0.4	-0.1	353.9	353.5	355.2	355.2	354.5	360.4	99.6	124.1	36.0	54.0	355.3	355.0	44.0	52.7	3.9	37.6	0.0	5.4	.Autoclave.Outputs.PRESSIP\OutputValue	-6.0	2.3	0.6	-1.0	0.0	-1.0	-1.0	-1.0	0.0	0.0	0.0	-1.0	-1.0	0.0	0.0	0.0	-1.0	0.0
19:50:11	125.1	354.2	354.1	354.2	353.6	353.4	353.6	354.5	354.6	352.4	0.1	0.2	9.3	44.6	0.1	9.3	0.1	354.6	352.4	0.1	-0.1	353.8	353.5	355.3	355.2	354.4	360.2	99.5	125.1	37.0	53.0	355.4	355.0	44.0	53.3	3.9	37.6	0.0	6.7	.Autoclave.Outputs.PRESSIP\OutputValue	-6.0	2.2	0.7	-1.0	0.0	-1.0	-1.0	-1.0	0.0	0.0	0.0	-1.0	-1.0	0.0	0.0	0.0	-1.0	0.0
19:51:11	126.1	354.3	354.1	354.2	353.6	353.4	353.8	354.5	354.5	352.5	0.1	0.1	9.3	44.6	0.1	9.3	0.1	354.5	352.5	0.1	-0.3	353.9	353.5	355.3	355.3	354.6	360.5	99.7	126.1	38.0	52.0	355.4	355.0	44.0	54.0	3.9	37.8	0.0	8.1	.Autoclave.Outputs.PRESSIP\OutputValue	-6.0	2.0	0.8	-1.0	0.0	-1.0	-1.0	-1.0	0.0	0.0	0.0	-1.0	-1.0	0.0	0.0	0.0	-1.0	0.0
19:52:11	127.1	354.2	354.1	354.2	353.6	353.4	353.7	354.6	354.6	352.5	0.1	0.2	9.3	44.6	0.1	9.3	0.1	354.6	352.5	0.2	-0.1	353.9	353.6	355.2	355.2	354.5	360.3	99.7	127.1	39.0	51.0	355.5	355.0	44.0	54.1	4.0	37.6	0.0	8.1	.Autoclave.Outputs.PRESSIP\OutputValue	-6.0	2.1	0.6	-1.0	0.0	-1.0	-1.0	-1.0	0.0	0.0	0.0	-1.0	-1.0	0.0	0.0	0.0	-1.0	0.0
19:53:11	128.1	354.3	354.1	354.2	353.6	353.6	353.8	354.5	354.6	352.5	0.1	0.2	9.3	44.6	0.1	9.3	0.1	354.6	352.5	0.1	-0.2	353.9	353.6	355.3	355.3	354.5	360.3	99.7	128.1	40.0	50.0	355.5	355.0	44.0	53.4	4.0	37.4	0.0	6.8	.Autoclave.Outputs.PRESSIP\OutputValue	-6.0	2.1	0.7	-1.0	0.0	-1.0	-1.0	-1.0	0.0	0.0	0.0	-1.0	-1.0	0.0	0.0	0.0	-1.0	0.0
19:54:11	129.1	354.3	354.1	354.2	353.6	353.4	353.7	354.6	354.5	352.6	0.1	0.2	9.3	44.6	0.1	9.3	0.1	354.6	352.6	0.2	0.0	353.9	353.6	355.2	355.2	354.5	360.5	99.8	129.1	41.0	49.0	355.4	355.0	44.0	53.5	4.0	37.6	0.0	7.0	.Autoclave.Outputs.PRESSIP\OutputValue	-6.0	2.0	0.6	-1.0	0.0	-1.0	-1.0	-1.0	0.0	0.0	0.0	-1.0	-1.0	0.0	0.0	0.0	-1.0	0.0
19:55:11	130.1	354.3	354.1	354.2	353.5	353.5	353.7	354.7	354.6	352.6	0.1	0.1	9.3	44.6	0.1	9.3	0.1	354.7	352.6	0.0	-0.2	353.9	353.7	355.1	355.1	354.3	360.2	99.8	130.1	42.0	48.0	355.4	355.0	44.0	53.5	4.0	37.6	0.0	6.9	.Autoclave.Outputs.PRESSIP\OutputValue	-6.0	2.1	0.4	-1.0	0.0	-1.0	-1.0	-1.0	0.0	0.0	0.0	-1.0	-1.0	0.0	0.0	0.0	-1.0	0.0
19:56:11	131.1	354.2	354.0	354.1	353.5	353.3	353.8	354.6	354.5	352.5	0.1	0.2	9.3	44.7	0.1	9.3	0.1	354.6	352.5	0.1	-0.1	353.8	353.6	355.2	355.1	354.3	360.3	99.7	131.1	43.0	47.0	355.4	355.0	44.0	52.8	4.1	37.6	0.0	5.6	.Autoclave.Outputs.PRESSIP\OutputValue	-6.0	2.1	0.6	-1.0	0.0	-1.0	-1.0	-1.0	0.0	0.0	0.0	-1.0	-1.0	0.0	0.0	0.0	-1.0	0.0
19:57:11	132.1	354.3	354.0	354.1	353.6	353.3	353.7	354.8	354.6	352.8	0.1	0.1	9.4	44.6	0.1	9.4	0.1	354.8	352.8	0.1	-0.1	353.9	353.8	355.1	355.1	354.3	360.1	99.7	132.1	44.0	46.0	355.4	355.0	44.0	54.2	4.1	37.4	0.0	8.3	.Autoclave.Outputs.PRESSIP\OutputValue	-6.0	2.0	0.3	-1.0	0.0	-1.0	-1.0	-1.0	0.0	0.0	0.0	-1.0	-1.0	0.0	0.0	0.0	-1.0	0.0
19:58:11	133.1	354.2	354.0	354.1	353.5	353.2	353.7	354.6	354.6	352.6	0.1	0.2	9.3	44.7	0.1	9.3	0.1	354.6	352.6	0.1	-0.1	353.8	353.6	355.1	355.1	354.3	360.1	99.7	133.1	45.0	45.0	355.3	355.0	44.0	52.9	4.1	37.4	0.0	5.7	.Autoclave.Outputs.PRESSIP\OutputValue	-6.0	2.0	0.5	-1.0	0.0	-1.0	-1.0	-1.0	0.0	0.0	0.0	-1.0	-1.0	0.0	0.0	0.0	-1.0	0.0
19:59:11	134.1	354.3	354.0	354.2	353.6	353.3	353.8	354.7	354.7	352.7	0.1	0.2	9.3	44.7	0.1	9.3	0.1	354.7	352.7	0.1	-0.1	353.9	353.7	355.1	355.1	354.4	360.1	99.9	134.1	46.0	44.0	355.3	355.0	44.0	53.5	4.1	37.4	0.0	7.1	.Autoclave.Outputs.PRESSIP\OutputValue	-6.0	2.0	0.4	-1.0	0.0	-1.0	-1.0	-1.0	0.0	0.0	0.0	-1.0	-1.0	0.0	0.0	0.0	-1.0	0.0
20:00:11	135.1	354.2	354.0	354.2	353.6	353.5	353.8	354.7	354.6	352.9	0.1	0.2	9.4	44.7	0.1	9.4	0.1	354.7	352.9	0.2	-0.2	353.9	353.8	355.1	355.1	354.2	360.3	99.9	135.1	47.0	43.0	355.2	355.0	44.0	52.9	4.2	37.2	0.0	5.8	.Autoclave.Outputs.PRESSIP\OutputValue	-6.0	1.8	0.4	-1.0	0.0	-1.0	-1.0	-1.0	0.0	0.0	0.0	-1.0	-1.0	0.0	0.0	0.0	-1.0	0.0
20:01:11	136.1	354.2	354.0	354.2	353.6	353.3	353.8	354.6	354.6	352.8	0.1	0.2	9.3	44.7	0.1	9.3	0.1	354.6	352.8	0.2	-0.1	353.9	353.7	355.2	355.2	354.4	360.4	100.0	136.1	48.0	42.0	355.3	355.0	44.0	53.6	4.2	37.0	0.0	7.2	.Autoclave.Outputs.PRESSIP\OutputValue	-6.0	1.8	0.6	-1.0	0.0	-1.0	-1.0	-1.0	0.0	0.0	0.0	-1.0	-1.0	0.0	0.0	0.0	-1.0	0.0
20:02:11	137.1	354.2	354.0	354.1	353.6	353.2	353.7	354.6	354.5	352.8	0.1	0.2	9.4	44.7	0.1	9.4	0.1	354.6	352.8	0.0	-0.1	353.8	353.7	355.2	355.0	354.2	360.1	99.9	137.1	49.0	41.0	355.3	355.0	44.0	53.6	4.2	37.2	0.0	7.2	.Autoclave.Outputs.PRESSIP\OutputValue	-6.0	1.8	0.6	-1.0	0.0	-1.0	-1.0	-1.0	0.0	0.0	0.0	-1.0	-1.0	0.0	0.0	0.0	-1.0	0.0
20:03:11	138.1	354.3	353.9	354.2	353.6	353.3	353.7	354.7	354.6	352.9	0.1	0.2	9.4	44.7	0.1	9.4	0.1	354.7	352.9	0.2	-0.5	353.9	353.8	355.1	355.1	354.3	359.9	99.9	138.1	50.0	40.0	355.2	355.0	44.0	53.6	4.2	37.4	0.0	7.3	.Autoclave.Outputs.PRESSIP\OutputValue	-6.0	1.8	0.4	-1.0	0.0	-1.0	-1.0	-1.0	0.0	0.0	0.0	-1.0	-1.0	0.0	0.0	0.0	-1.0	0.0
20:04:11	139.1	354.2	354.0	354.2	353.6	353.3	353.7	354.7	354.6	352.9	0.1	0.2	9.4	44.7	0.1	9.4	0.1	354.7	352.9	0.4	-0.4	353.9	353.8	355.0	355.0	354.3	360.3	100.0	139.1	51.0	39.0	355.3	355.0	44.0	54.4	4.2	37.0	0.0	8.8	.Autoclave.Outputs.PRESSIP\OutputValue	-6.0	1.8	0.3	-1.0	0.0	-1.0	-1.0	-1.0	0.0	0.0	0.0	-1.0	-1.0	0.0	0.0	0.0	-1.0	0.0
20:05:11	140.1	354.3	354.0	354.2	353.6	353.1	353.6	354.8	354.6	352.9	0.1	0.2	9.4	44.7	0.1	9.4	0.1	354.8	352.9	0.3	-0.1	353.9	353.9	355.0	355.0	354.3	360.2	100.0	140.1	52.0	38.0	355.1	355.0	44.0	53.3	4.3	37.0	0.0	6.5	.Autoclave.Outputs.PRESSIP\OutputValue	-6.0	1.9	0.2	-1.0	0.0	-1.0	-1.0	-1.0	0.0	0.0	0.0	-1.0	-1.0	0.0	0.0	0.0	-1.0	0.0
20:06:11	141.1	354.2	354.1	354.0	353.5	353.3	353.6	354.6	354.5	352.7	0.1	0.2	9.4	44.7	0.1	9.4	0.1	354.6	352.7	0.3	-0.3	353.8	353.7	355.1	355.1	354.4	360.3	99.9	141.1	53.0	37.0	355.3	355.0	44.0	54.4	4.3	37.0	0.0	8.7	.Autoclave.Outputs.PRESSIP\OutputValue	-6.0	1.9	0.5	-1.0	0.0	-1.0	-1.0	-1.0	0.0	0.0	0.0	-1.0	-1.0	0.0	0.0	0.0	-1.0	0.0
20:07:11	142.1	354.2	353.9	354.1	353.6	353.0	353.7	354.7	354.6	352.9	0.1	0.2	9.4	44.7	0.1	9.4	0.1	354.7	352.9	0.1	-0.4	353.8	353.8	355.1	355.2	354.5	360.2	100.1	142.1	54.0	36.0	355.4	355.0	44.0	53.0	4.3	37.0	0.0	6.1	.Autoclave.Outputs.PRESSIP\OutputValue	-6.0	1.8	0.4	-1.0	0.0	-1.0	-1.0	-1.0	0.0	0.0	0.0	-1.0	-1.0	0.0	0.0	0.0	-1.0	0.0
20:08:11	143.1	354.2	353.9	354.1	353.5	353.1	353.5	354.6	354.6	352.9	0.1	0.2	9.4	44.7	0.1	9.4	0.1	354.6	352.9	0.1	-0.2	353.8	353.8	355.2	355.2	354.6	360.1	100.1	143.1	55.0	35.0	355.3	355.0	44.0	53.1	4.3	37.0	0.0	6.1	.Autoclave.Outputs.PRESSIP\OutputValue	-6.0	1.7	0.6	-1.0	0.0	-1.0	-1.0	-1.0	0.0	0.0	0.0	-1.0	-1.0	0.0	0.0	0.0	-1.0	0.0
20:09:11	144.1	354.2	353.9	354.0	353.5	353.3	354.0	354.8	354.6	352.9	0.1	0.2	9.4	44.7	0.1	9.4	0.1	354.8	352.9	0.1	-0.1	353.9	353.9	355.2	355.2	354.6	360.3	100.1	144.1	56.0	34.0	355.2	355.0	44.0	52.4	4.3	36.8	0.0	4.8	.Autoclave.Outputs.PRESSIP\OutputValue	-6.0	1.9	0.4	-1.0	0.0	-1.0	-1.0	-1.0	0.0	0.0	0.0	-1.0	-1.0	0.0	0.0	0.0	-1.0	0.0
20:10:11	145.1	354.2	354.0	354.1	353.6	353.3	353.6	354.6	354.5	352.9	0.1	0.1	9.4	44.7	0.1	9.4	0.1	354.6	352.9	0.2	-0.2	353.9	353.8	355.1	355.1	354.4	360.1	100.1	145.1	57.0	33.0	355.4	355.0	44.0	54.4	4.4	36.8	0.0	8.9	.Autoclave.Outputs.PRESSIP\OutputValue	-6.0	1.7	0.5	-1.0	0.0	-1.0	-1.0	-1.0	0.0	0.0	0.0	-1.0	-1.0	0.0	0.0	0.0	-1.0	0.0
20:11:11	146.1	354.2	353.9	354.0	353.5	353.1	353.6	354.6	354.5	352.8	0.1	0.2	9.4	44.7	0.1	9.4	0.1	354.6	352.8	0.2	-0.3	353.8	353.7	354.9	354.9	354.3	360.0	100.0	146.1	58.0	32.0	354.7	355.0	44.0	50.0	4.4	37.0	0.0	0.1	.Autoclave.Outputs.PRESSIP\OutputValue	-6.0	1.8	0.3	-1.0	0.0	-1.0	-1.0	-1.0	0.0	0.0	0.0	-1.0	-1.0	0.0	0.0	0.0	-1.0	0.0
20:12:11	147.1	354.1	353.9	354.2	353.5	353.3	353.6	354.7	354.4	352.9	0.1	0.1	9.4	44.7	0.1	9.4	0.1	354.7	352.9	0.1	-0.1	353.8	353.8	355.1	355.1	354.3	360.5	100.2	147.1	59.0	31.0	355.4	355.0	44.0	54.5	4.4	37.0	0.0	9.0	.Autoclave.Outputs.PRESSIP\OutputValue	-6.0	1.8	0.4	-1.0	0.0	-1.0	-1.0	-1.0	0.0	0.0	0.0	-1.0	-1.0	0.0	0.0	0.0	-1.0	0.0
20:13:11	148.1	354.1	353.9	354.1	353.5	353.2	353.6	354.7	354.6	352.9	0.1	0.2	9.4	44.7	0.1	9.4	0.1	354.7	352.9	0.4	-0.1	353.8	353.8	355.2	355.2	354.4	360.6	100.2	148.1	60.0	30.0	355.3	355.0	44.0	53.8	4.4	37.2	0.0	7.7	.Autoclave.Outputs.PRESSIP\OutputValue	-6.0	1.8	0.5	-1.0	0.0	-1.0	-1.0	-1.0	0.0	0.0	0.0	-1.0	-1.0	0.0	0.0	0.0	-1.0	0.0
20:14:11	149.1	354.1	353.9	354.0	353.5	353.1	353.6	354.6	354.4	352.8	0.1	0.1	9.4	44.7	0.1	9.4	0.1	354.6	352.8	0.7	-0.1	353.8	353.7	355.1	355.1	354.4	360.4	100.2	149.1	61.0	29.0	355.3	355.0	44.0	53.9	4.5	37.0	0.0	7.7	.Autoclave.Outputs.PRESSIP\OutputValue	-6.0	1.8	0.5	-1.0	0.0	-1.0	-1.0	-1.0	0.0	0.0	0.0	-1.0	-1.0	0.0	0.0	0.0	-1.0	0.0
20:15:11	150.1	354.1	353.9	354.1	353.5	353.1	353.6	354.7	354.4	352.9	0.1	0.2	9.4	44.7	0.1	9.4	0.1	354.7	352.9	0.1	-1.1	353.8	353.8	355.2	355.2	354.5	360.5	100.3	150.1	62.0	28.0	355.4	355.0	44.0	53.9	4.5	36.8	0.0	7.8	.Autoclave.Outputs.PRESSIP\OutputValue	-6.0	1.8	0.5	-1.0	0.0	-1.0	-1.0	-1.0	0.0	0.0	0.0	-1.0	-1.0	0.0	0.0	0.0	-1.0	0.0
20:16:11	151.1	354.1	353.9	354.1	353.6	353.1	353.6	354.6	354.5	353.0	0.1	0.2	9.4	44.7	0.1	9.4	0.1	354.6	353.0	0.6	-0.2	353.8	353.8	355.2	355.2	354.4	360.1	100.3	151.1	63.0	27.0	355.4	355.0	44.0	53.9	4.5	37.0	0.0	7.8	.Autoclave.Outputs.PRESSIP\OutputValue	-6.0	1.6	0.6	-1.0	0.0	-1.0	-1.0	-1.0	0.0	0.0	0.0	-1.0	-1.0	0.0	0.0	0.0	-1.0	0.0
20:17:11	152.1	354.1	353.9	354.1	353.5	353.3	353.6	354.6	354.4	353.0	0.1	0.2	9.4	44.7	0.1	9.4	0.1	354.6	353.0	0.4	-0.6	353.8	353.8	355.1	355.1	354.4	360.3	100.2	152.1	64.0	26.0	355.4	355.0	44.0	54.6	4.5	36.8	0.0	9.2	.Autoclave.Outputs.PRESSIP\OutputValue	-6.0	1.6	0.5	-1.0	0.0	-1.0	-1.0	-1.0	0.0	0.0	0.0	-1.0	-1.0	0.0	0.0	0.0	-1.0	0.0
20:18:11	153.1	354.1	353.9	354.2	353.5	353.2	353.6	354.7	354.6	352.9	0.1	0.2	9.4	44.7	0.1	9.4	0.1	354.7	352.9	0.2	-0.1	353.8	353.8	355.2	355.2	354.3	360.5	100.1	153.1	65.0	25.0	355.4	355.0	44.0	53.3	4.5	36.8	0.0	6.6	.Autoclave.Outputs.PRESSIP\OutputValue	-6.0	1.8	0.5	-1.0	0.0	-1.0	-1.0	-1.0	0.0	0.0	0.0	-1.0	-1.0	0.0	0.0	0.0	-1.0	0.0
20:19:11	154.1	354.1	354.0	354.0	353.5	353.9	353.7	354.6	354.6	353.0	0.1	0.1	9.4	44.7	0.1	9.4	0.1	354.6	353.0	0.2	-0.2	353.9	353.8	355.2	355.2	354.5	360.1	100.3	154.1	66.0	24.0	355.3	355.0	44.0	53.3	4.6	36.8	0.0	6.6	.Autoclave.Outputs.PRESSIP\OutputValue	-6.0	1.6	0.6	-1.0	0.0	-1.0	-1.0	-1.0	0.0	0.0	0.0	-1.0	-1.0	0.0	0.0	0.0	-1.0	0.0
20:20:11	155.1	354.2	353.9	354.1	353.5	353.2	353.6	354.6	354.6	353.0	0.1	0.2	9.4	44.7	0.1	9.4	0.1	354.6	353.0	0.1	-0.1	353.8	353.8	355.1	355.1	354.3	360.5	100.3	155.1	67.0	23.0	355.3	355.0	44.0	54.0	4.6	37.0	0.0	8.0	.Autoclave.Outputs.PRESSIP\OutputValue	-6.0	1.6	0.5	-1.0	0.0	-1.0	-1.0	-1.0	0.0	0.0	0.0	-1.0	-1.0	0.0	0.0	0.0	-1.0	0.0
20:21:11	156.1	354.2	353.9	354.0	353.5	353.5	353.7	354.7	354.6	353.1	0.1	0.2	9.4	44.7	0.1	9.4	0.1	354.7	353.1	0.2	-0.1	353.9	353.9	355.2	355.2	354.5	360.3	100.3	156.1	68.0	22.0	355.3	355.0	44.0	53.3	4.6	37.0	0.0	6.7	.Autoclave.Outputs.PRESSIP\OutputValue	-6.0	1.6	0.5	-1.0	0.0	-1.0	-1.0	-1.0	0.0	0.0	0.0	-1.0	-1.0	0.0	0.0	0.0	-1.0	0.0
20:22:11	157.1	354.2	353.9	354.0	353.5	353.2	353.6	354.8	354.6	353.1	0.1	0.2	9.4	44.7	0.1	9.4	0.1	354.8	353.1	0.1	-0.1	353.9	354.0	355.2	355.2	354.5	360.1	100.4	157.1	69.0	21.0	355.2	355.0	44.0	52.7	4.6	37.0	0.0	5.4	.Autoclave.Outputs.PRESSIP\OutputValue	-6.0	1.7	0.4	-1.0	0.0	-1.0	-1.0	-1.0	0.0	0.0	0.0	-1.0	-1.0	0.0	0.0	0.0	-1.0	0.0
20:23:11	158.1	354.1	353.8	354.1	353.5	353.2	353.5	354.7	354.5	353.0	0.1	0.2	9.4	44.7	0.1	9.4	0.1	354.7	353.0	0.2	-0.2	353.8	353.9	355.0	355.0	354.3	359.9	100.3	158.1	70.0	20.0	355.3	355.0	44.0	54.7	4.6	36.8	0.0	9.4	.Autoclave.Outputs.PRESSIP\OutputValue	-6.0	1.7	0.3	-1.0	0.0	-1.0	-1.0	-1.0	0.0	0.0	0.0	-1.0	-1.0	0.0	0.0	0.0	-1.0	0.0
20:24:11	159.1	354.0	353.9	354.1	353.5	353.2	353.6	354.8	354.5	353.0	0.1	0.2	9.4	44.8	0.1	9.4	0.1	354.8	353.0	0.1	-0.1	353.8	353.9	355.2	355.2	354.3	360.1	100.4	159.1	71.0	19.0	355.3	355.0	44.0	53.4	4.6	36.5	0.0	6.8	.Autoclave.Outputs.PRESSIP\OutputValue	-6.0	1.8	0.4	-1.0	0.0	-1.0	-1.0	-1.0	0.0	0.0	0.0	-1.0	-1.0	0.0	0.0	0.0	-1.0	0.0
20:25:11	160.1	354.0	353.9	354.0	353.5	353.0	353.5	354.7	354.6	353.1	0.1	0.2	9.4	44.7	0.1	9.4	0.1	354.7	353.0	0.1	-0.1	353.8	353.8	355.1	355.1	354.5	360.4	100.5	160.1	72.0	18.0	355.2	355.0	44.0	53.4	4.7	36.6	0.0	6.8	.Autoclave.Outputs.PRESSIP\OutputValue	-6.0	1.7	0.4	-1.0	0.0	-1.0	-1.0	-1.0	0.0	0.0	0.0	-1.0	-1.0	0.0	0.0	0.0	-1.0	0.0
20:26:11	161.1	354.0	353.8	354.2	353.6	353.1	353.6	354.8	354.6	353.0	0.1	0.2	9.4	44.7	0.1	9.4	0.1	354.8	353.0	0.1	-0.1	353.8	353.9	355.1	355.1	354.4	360.1	100.4	161.1	73.0	17.0	355.2	355.0	44.0	53.4	4.7	36.6	0.0	6.8	.Autoclave.Outputs.PRESSIP\OutputValue	-6.0	1.8	0.3	-1.0	0.0	-1.0	-1.0	-1.0	0.0	0.0	0.0	-1.0	-1.0	0.0	0.0	0.0	-1.0	0.0
20:27:11	162.1	354.1	354.0	354.1	353.7	353.2	353.6	354.7	354.6	352.9	0.1	0.2	9.4	44.7	0.1	9.4	0.1	354.7	352.9	0.2	-0.1	353.9	353.8	355.2	355.2	354.3	360.1	100.5	162.1	74.0	16.0	355.3	355.0	44.0	53.4	4.7	36.8	0.0	6.9	.Autoclave.Outputs.PRESSIP\OutputValue	-6.0	1.8	0.5	-1.0	0.0	-1.0	-1.0	-1.0	0.0	0.0	0.0	-1.0	-1.0	0.0	0.0	0.0	-1.0	0.0
20:28:11	163.1	354.2	353.9	354.1	353.6	353.0	353.6	354.6	354.5	352.9	0.1	0.2	9.4	44.7	0.1	9.4	0.1	354.6	352.9	0.0	-0.4	353.8	353.8	355.0	355.1	354.2	360.5	100.4	163.1	75.0	15.0	355.3	355.0	44.0	54.8	4.7	36.8	0.0	9.6	.Autoclave.Outputs.PRESSIP\OutputValue	-6.0	1.7	0.4	-1.0	0.0	-1.0	-1.0	-1.0	0.0	0.0	0.0	-1.0	-1.0	0.0	0.0	0.0	-1.0	0.0
20:29:11	164.1	354.1	353.9	354.1	353.6	353.1	353.6	354.7	354.4	353.0	0.1	0.2	9.4	44.7	0.1	9.4	0.1	354.7	353.0	0.1	0.0	353.8	353.9	355.1	355.1	354.3	360.5	100.5	164.1	76.0	14.0	355.3	355.0	44.0	54.1	4.7	36.8	0.0	8.3	.Autoclave.Outputs.PRESSIP\OutputValue	-6.0	1.7	0.4	-1.0	0.0	-1.0	-1.0	-1.0	0.0	0.0	0.0	-1.0	-1.0	0.0	0.0	0.0	-1.0	0.0
20:30:11	165.1	354.1	353.9	354.1	353.6	353.1	353.7	354.7	354.6	353.0	0.1	0.2	9.4	44.7	0.1	9.4	0.1	354.7	353.0	0.1	-0.1	353.9	353.9	355.1	355.1	354.4	360.5	100.4	165.1	77.0	13.0	355.0	355.0	44.0	52.4	4.7	36.8	0.0	4.8	.Autoclave.Outputs.PRESSIP\OutputValue	-6.0	1.7	0.4	-1.0	0.0	-1.0	-1.0	-1.0	0.0	0.0	0.0	-1.0	-1.0	0.0	0.0	0.0	-1.0	0.0
20:31:11	166.1	354.1	353.8	354.1	353.5	353.2	353.6	354.6	354.5	353.0	0.1	0.2	9.4	44.8	0.1	9.4	0.1	354.6	353.0	0.1	-0.1	353.8	353.8	355.1	355.1	354.3	360.4	100.4	166.1	78.0	12.0	355.3	355.0	44.0	54.2	4.8	36.5	0.0	8.4	.Autoclave.Outputs.PRESSIP\OutputValue	-6.0	1.6	0.5	-1.0	0.0	-1.0	-1.0	-1.0	0.0	0.0	0.0	-1.0	-1.0	0.0	0.0	0.0	-1.0	0.0
20:32:11	167.1	354.0	353.9	354.3	353.6	353.3	353.7	354.8	354.3	352.9	0.1	0.2	9.4	44.7	0.1	9.4	0.1	354.8	352.9	0.1	-0.1	353.9	353.9	355.2	355.3	354.5	360.2	100.6	167.1	79.0	11.0	355.4	355.0	44.0	53.5	4.8	36.8	0.0	7.1	.Autoclave.Outputs.PRESSIP\OutputValue	-6.0	1.9	0.4	-1.0	0.0	-1.0	-1.0	-1.0	0.0	0.0	0.0	-1.0	-1.0	0.0	0.0	0.0	-1.0	0.0
20:33:11	168.1	354.1	353.8	354.2	353.6	353.2	353.7	354.6	354.4	353.0	0.1	0.2	9.4	44.7	0.1	9.4	0.1	354.6	353.0	0.2	-0.1	353.8	353.8	355.3	355.3	354.5	360.4	100.6	168.1	80.0	10.0	355.3	355.0	44.0	52.9	4.8	36.6	0.0	5.8	.Autoclave.Outputs.PRESSIP\OutputValue	-6.0	1.6	0.7	-1.0	0.0	-1.0	-1.0	-1.0	0.0	0.0	0.0	-1.0	-1.0	0.0	0.0	0.0	-1.0	0.0
20:34:11	169.1	354.1	353.8	354.3	353.6	353.2	353.7	354.6	354.5	353.1	0.1	0.2	9.4	44.8	0.1	9.4	0.1	354.6	353.1	0.1	-0.1	353.9	353.9	355.2	355.1	354.3	360.4	100.6	169.1	81.0	9.0	355.3	355.0	44.0	53.6	4.8	36.5	0.0	7.1	.Autoclave.Outputs.PRESSIP\OutputValue	-6.0	1.5	0.6	-1.0	0.0	-1.0	-1.0	-1.0	0.0	0.0	0.0	-1.0	-1.0	0.0	0.0	0.0	-1.0	0.0
20:35:11	170.1	354.1	353.9	354.2	353.6	353.2	353.6	354.7	354.5	353.1	0.1	0.2	9.4	44.7	0.1	9.4	0.1	354.7	353.1	0.2	0.0	353.9	353.9	355.2	355.2	354.4	360.6	100.5	170.1	82.0	8.0	355.2	355.0	44.0	52.9	4.8	36.6	0.0	5.8	.Autoclave.Outputs.PRESSIP\OutputValue	-6.0	1.6	0.5	-1.0	0.0	-1.0	-1.0	-1.0	0.0	0.0	0.0	-1.0	-1.0	0.0	0.0	0.0	-1.0	0.0
20:36:11	171.1	354.1	353.9	354.2	353.6	353.2	353.6	354.7	354.5	353.1	0.1	0.2	9.4	44.7	0.1	9.4	0.1	354.7	353.1	0.3	-0.4	353.9	353.9	355.2	355.1	354.4	360.3	100.7	171.1	83.0	7.0	355.4	355.0	44.0	53.6	4.8	36.6	0.0	7.2	.Autoclave.Outputs.PRESSIP\OutputValue	-6.0	1.6	0.5	-1.0	0.0	-1.0	-1.0	-1.0	0.0	0.0	0.0	-1.0	-1.0	0.0	0.0	0.0	-1.0	0.0
20:37:11	172.1	354.1	354.0	354.0	353.5	353.1	353.6	354.6	354.6	353.2	0.1	0.2	9.5	44.7	0.1	9.5	0.1	354.6	353.1	0.6	-0.3	353.8	353.8	355.3	355.2	354.5	360.1	100.6	172.1	84.0	6.0	355.4	355.0	44.0	52.9	4.9	36.8	0.0	5.9	.Autoclave.Outputs.PRESSIP\OutputValue	-6.0	1.5	0.7	-1.0	0.0	-1.0	-1.0	-1.0	0.0	0.0	0.0	-1.0	-1.0	0.0	0.0	0.0	-1.0	0.0
20:38:11	173.1	354.1	353.8	354.1	353.4	353.1	353.5	354.7	354.6	353.1	0.1	0.2	9.4	44.7	0.1	9.4	0.1	354.7	353.1	0.1	-0.3	353.8	353.9	355.2	355.2	354.5	360.3	100.6	173.1	85.0	5.0	355.2	355.0	44.0	53.0	4.9	36.6	0.0	5.9	.Autoclave.Outputs.PRESSIP\OutputValue	-6.0	1.6	0.5	-1.0	0.0	-1.0	-1.0	-1.0	0.0	0.0	0.0	-1.0	-1.0	0.0	0.0	0.0	-1.0	0.0
20:39:11	174.1	354.0	353.9	354.1	353.5	353.1	353.6	354.7	354.6	353.0	0.1	0.3	9.4	44.7	0.1	9.4	0.1	354.7	353.0	0.2	0.0	353.8	353.9	355.2	355.2	354.4	360.1	100.5	174.1	86.0	4.0	355.3	355.0	44.0	53.6	4.9	36.6	0.0	7.3	.Autoclave.Outputs.PRESSIP\OutputValue	-6.0	1.7	0.5	-1.0	0.0	-1.0	-1.0	-1.0	0.0	0.0	0.0	-1.0	-1.0	0.0	0.0	0.0	-1.0	0.0
20:40:11	175.1	354.0	353.9	354.1	353.5	353.2	353.6	354.7	354.6	353.1	0.1	0.2	9.5	44.7	0.1	9.5	0.1	354.7	353.1	0.1	0.0	353.8	353.9	355.2	355.2	354.4	360.2	100.7	175.1	87.0	3.0	355.2	355.0	44.0	53.6	4.9	36.8	0.0	7.3	.Autoclave.Outputs.PRESSIP\OutputValue	-6.0	1.6	0.5	-1.0	0.0	-1.0	-1.0	-1.0	0.0	0.0	0.0	-1.0	-1.0	0.0	0.0	0.0	-1.0	0.0
20:41:11	176.1	354.1	353.9	354.1	353.5	353.1	353.6	354.7	354.5	352.9	0.1	0.2	9.4	44.7	0.1	9.4	0.1	354.7	352.9	0.2	-0.2	353.8	353.8	355.2	355.1	354.4	360.2	100.7	176.1	88.0	2.0	355.3	355.0	44.0	53.6	4.9	36.5	0.0	7.3	.Autoclave.Outputs.PRESSIP\OutputValue	-6.0	1.8	0.5	-1.0	0.0	-1.0	-1.0	-1.0	0.0	0.0	0.0	-1.0	-1.0	0.0	0.0	0.0	-1.0	0.0
20:42:11	177.1	354.1	353.9	354.2	353.6	353.1	353.6	354.7	354.6	353.1	0.1	0.2	9.4	44.7	0.1	9.4	0.1	354.7	353.1	0.1	-0.3	353.9	353.9	355.1	355.2	354.3	360.1	100.7	177.1	89.0	1.0	355.3	355.0	44.0	54.3	4.9	36.6	0.0	8.6	.Autoclave.Outputs.PRESSIP\OutputValue	-6.0	1.6	0.4	-1.0	0.0	-1.0	-1.0	-1.0	0.0	0.0	0.0	-1.0	-1.0	0.0	0.0	0.0	-1.0	0.0
20:43:11	178.1	354.0	353.9	354.2	353.6	353.3	353.8	354.8	354.6	353.1	0.1	0.2	9.4	44.8	0.1	9.4	0.1	354.8	353.1	0.5	-0.1	353.9	354.0	355.1	355.1	354.4	360.5	100.6	178.1	90.0	0.0	355.2	355.0	44.0	53.7	4.9	36.5	0.0	7.3	.Autoclave.Outputs.PRESSIP\OutputValue	-6.0	1.7	0.3	-1.0	0.0	-1.0	-1.0	-1.0	0.0	0.0	0.0	-1.0	-1.0	0.0	0.0	0.0	-1.0	0.0
20:43:13	178.1	354.1	353.9	354.2	353.6	353.2	353.7	354.8	354.7	353.1	0.1	0.2	9.4	44.8	0.1	9.4	0.1	354.8	353.1	0.5	-0.1	353.9	354.0	355.2	355.1	354.3	360.3	100.7	178.1	90.0	0.0	355.2	355.0	44.0	53.0	4.9	36.5	0.0	6.0	.Autoclave.Outputs.PRESSIP\OutputValue	-6.0	1.7	0.4	-1.0	0.0	-1.0	-1.0	-1.0	0.0	0.0	0.0	-1.0	-1.0	0.0	0.0	0.0	-1.0	0.0
20:44:11	179.1	352.7	353.3	353.0	352.3	350.6	351.9	350.3	349.9	349.9	0.1	0.2	9.3	44.1	0.1	9.3	0.1	353.3	349.9	-0.6	-4.7	351.5	351.6	343.9	343.9	343.1	344.9	100.8	179.1	1.0	0.0	350.6	350.6	44.0	97.4	4.3	43.3	0.0	94.8	.Autoclave.Outputs.PRESSIP\OutputValue	-5.7	3.4	-9.4	-1.0	0.0	-1.0	-1.0	-1.0	0.0	0.0	0.0	-1.0	-1.0	0.0	0.0	0.0	-1.0	0.0
20:45:11	180.1	352.5	352.7	352.5	351.8	350.7	351.8	350.8	350.6	350.2	0.1	0.2	9.4	44.2	0.1	9.4	0.1	352.7	350.2	0.8	-0.8	351.5	351.5	346.5	346.5	345.7	349.9	100.6	180.1	2.0	0.0	346.1	346.1	44.0	50.4	4.6	41.9	0.0	0.8	.Autoclave.Outputs.PRESSIP\OutputValue	-6.0	2.5	-6.2	-1.0	0.0	-1.0	-1.0	-1.0	0.0	0.0	0.0	-1.0	-1.0	0.0	0.0	0.0	-1.0	0.0
20:46:11	181.1	350.3	351.5	350.7	350.0	347.4	349.6	346.6	345.9	347.1	0.1	0.2	9.2	43.6	0.1	9.2	0.1	351.5	345.9	-1.1	-4.7	348.8	348.7	335.3	335.3	334.7	336.0	100.8	181.1	3.0	0.0	341.6	341.6	44.0	95.3	4.8	49.0	0.0	90.7	.Autoclave.Outputs.PRESSIP\OutputValue	-5.1	5.6	-16.2	-1.0	0.0	-1.0	-1.0	-1.0	0.0	0.0	0.0	-1.0	-1.0	0.0	0.0	0.0	-1.0	0.0
20:47:11	182.1	349.6	350.3	349.9	348.8	346.3	349.0	346.6	346.0	347.4	0.1	0.2	9.4	43.7	0.1	9.4	0.1	350.3	346.0	0.2	-1.3	348.2	348.2	337.7	337.7	337.0	340.8	100.6	182.1	4.0	0.0	337.1	337.1	44.0	49.0	5.1	48.6	0.0	0.0	.Autoclave.Outputs.PRESSIP\OutputValue	-4.6	4.3	-12.6	-1.0	0.0	-1.0	-1.0	-1.0	0.0	0.0	0.0	-1.0	-1.0	0.0	0.0	0.0	-1.0	0.0
20:48:11	183.1	347.1	348.6	347.5	346.3	343.0	346.2	342.1	341.3	344.1	0.1	0.2	9.4	44.3	0.1	9.4	0.1	348.6	341.3	-1.7	-4.7	345.1	345.0	327.0	327.1	326.3	329.6	100.8	183.1	5.0	0.0	332.6	332.6	44.0	91.2	5.3	42.7	0.0	82.5	.Autoclave.Outputs.PRESSIP\OutputValue	-4.1	7.3	-21.7	-1.0	0.0	-1.0	-1.0	-1.0	0.0	0.0	0.0	-1.0	-1.0	0.0	0.0	0.0	-1.0	0.0
20:49:11	184.1	345.9	346.9	346.1	344.8	341.5	345.2	341.8	341.0	343.8	0.1	0.1	9.6	44.3	0.1	9.6	0.1	346.9	341.0	-0.1	-1.6	344.1	344.0	329.2	329.2	328.4	331.9	100.8	184.1	6.0	0.0	328.1	328.1	44.0	46.7	5.5	42.0	-1.0	0.0	.Autoclave.Outputs.PRESSIP\OutputValue	-4.8	5.9	-17.8	-1.0	0.0	-1.0	-1.0	-1.0	0.0	0.0	0.0	-1.0	-1.0	0.0	0.0	0.0	-1.0	0.0
20:49:40	184.6	344.2	345.9	344.9	343.4	339.2	343.7	338.7	337.4	341.9	0.1	0.2	9.4	43.4	0.1	9.4	0.1	345.9	337.4	-1.4	-2.4	342.1	341.7	321.4	321.1	320.4	309.1	100.6	184.6	6.4	0.0	326.0	326.0	44.0	84.8	5.5	51.9	0.0	69.5	.Autoclave.Outputs.PRESSIP\OutputValue	-4.5	8.5	-24.7	-1.0	0.0	-1.0	-1.0	-1.0	0.0	0.0	0.0	-1.0	-1.0	0.0	0.0	0.0	-1.0	0.0
20:50:11	185.1	343.1	344.6	343.4	341.8	337.7	342.1	337.4	336.6	340.9	0.1	0.1	9.5	43.9	0.1	9.5	0.1	344.6	336.6	-2.4	-4.7	340.8	340.6	319.8	319.9	319.1	322.6	100.8	185.1	0.5	0.0	323.6	323.6	44.0	79.8	5.8	47.3	0.0	59.6	.Autoclave.Outputs.PRESSIP\OutputValue	-4.2	8.0	-24.9	-1.0	0.0	-1.0	-1.0	-1.0	0.0	0.0	0.0	-1.0	-1.0	0.0	0.0	0.0	-1.0	0.0
20:51:11	186.1	341.3	342.8	341.6	339.8	335.7	340.5	336.6	335.5	340.1	0.1	0.2	9.5	43.4	0.1	9.5	0.1	342.8	335.5	-0.4	-2.1	339.3	339.2	320.6	320.5	319.7	315.6	100.6	186.1	1.5	0.0	319.1	319.1	44.0	44.6	5.9	51.8	-1.0	0.0	.Autoclave.Outputs.PRESSIP\OutputValue	-3.8	7.3	-22.3	-1.0	0.0	-1.0	-1.0	-1.0	0.0	0.0	0.0	-1.0	-1.0	0.0	0.0	0.0	-1.0	0.0
20:52:11	187.1	338.1	340.2	338.7	336.6	331.9	337.4	332.2	331.2	337.1	0.1	0.2	9.6	44.3	0.1	9.6	0.1	340.2	331.2	-2.5	-4.7	335.9	335.7	312.2	312.3	311.5	314.7	100.8	187.1	2.5	0.0	314.6	314.6	44.0	70.8	6.2	42.7	0.0	41.7	.Autoclave.Outputs.PRESSIP\OutputValue	-3.9	9.0	-28.1	-1.0	0.0	-1.0	-1.0	-1.0	0.0	0.0	0.0	-1.0	-1.0	0.0	0.0	0.0	-1.0	0.0
20:53:11	188.1	335.6	337.9	336.6	334.1	328.9	335.3	329.4	328.3	335.1	0.1	0.1	9.5	43.2	0.1	9.5	0.1	337.9	328.3	-1.2	-2.6	333.5	333.1	308.7	308.6	307.8	290.0	100.4	188.1	3.5	0.0	310.1	310.1	44.0	64.3	6.2	53.9	0.0	28.6	.Autoclave.Outputs.PRESSIP\OutputValue	-4.2	9.6	-29.3	-1.0	0.0	-1.0	-1.0	-1.0	0.0	0.0	0.0	-1.0	-1.0	0.0	0.0	0.0	-1.0	0.0
20:54:11	189.1	332.9	335.0	333.5	330.9	325.4	332.0	326.6	325.2	332.7	0.1	0.2	9.6	43.8	0.1	9.6	0.1	335.0	325.2	-2.9	-4.1	330.5	330.1	304.6	304.6	303.8	306.9	100.8	189.1	4.5	0.0	305.6	305.6	44.0	61.9	6.6	48.3	0.0	23.9	.Autoclave.Outputs.PRESSIP\OutputValue	-3.6	9.8	-30.4	-1.0	0.0	-1.0	-1.0	-1.0	0.0	0.0	0.0	-1.0	-1.0	0.0	0.0	0.0	-1.0	0.0
20:55:11	190.1	329.6	332.3	330.6	327.7	321.4	329.0	322.5	321.1	328.7	0.1	0.1	9.5	44.1	0.1	9.5	0.1	332.3	321.1	-2.7	-4.0	327.0	326.7	296.6	296.5	295.8	292.7	100.7	190.1	5.5	0.0	301.1	301.1	44.0	84.7	6.7	46.1	0.0	69.4	.Autoclave.Outputs.PRESSIP\OutputValue	-3.0	11.2	-35.7	-1.0	0.0	-1.0	-1.0	-1.0	0.0	0.0	0.0	-1.0	-1.0	0.0	0.0	0.0	-1.0	0.0
20:56:11	191.1	327.0	329.3	327.6	324.7	318.7	326.3	320.8	319.5	327.0	0.1	0.2	9.6	44.2	0.1	9.6	0.1	329.3	318.7	-1.7	-3.2	324.5	324.0	297.0	297.0	296.3	298.9	100.9	191.1	6.5	0.0	296.6	296.6	44.0	52.3	6.9	44.1	0.0	4.6	.Autoclave.Outputs.PRESSIP\OutputValue	-3.5	10.7	-32.3	-1.0	0.0	-1.0	-1.0	-1.0	0.0	0.0	0.0	-1.0	-1.0	0.0	0.0	0.0	-1.0	0.0
20:57:11	192.1	323.4	326.1	324.3	320.9	314.2	322.5	316.2	314.4	323.7	0.1	0.1	9.6	43.7	0.1	9.6	0.1	326.1	314.2	-3.0	-5.2	320.6	320.1	288.6	288.6	288.0	288.7	100.9	192.1	7.5	0.0	292.1	292.1	44.0	78.4	7.0	49.7	0.0	56.7	.Autoclave.Outputs.PRESSIP\OutputValue	-2.9	12.0	-37.5	-1.0	0.0	-1.0	-1.0	-1.0	0.0	0.0	0.0	-1.0	-1.0	0.0	0.0	0.0	-1.0	0.0
20:58:11	193.1	320.6	323.1	321.4	317.9	311.4	319.7	314.6	312.9	322.2	0.1	0.1	9.6	43.7	0.1	9.6	0.1	323.1	311.4	-1.5	-3.4	318.2	317.2	288.7	288.7	287.9	290.5	100.7	193.1	8.5	0.0	287.6	287.6	44.0	47.9	7.1	50.7	-1.0	0.0	.Autoclave.Outputs.PRESSIP\OutputValue	-2.3	11.8	-34.4	-1.0	0.0	-1.0	-1.0	-1.0	0.0	0.0	0.0	-1.0	-1.0	0.0	0.0	0.0	-1.0	0.0
20:59:11	194.1	316.8	319.6	317.7	314.0	307.0	316.0	310.1	308.1	318.7	0.1	0.2	9.6	44.2	0.1	9.6	0.1	319.6	307.0	-3.5	-4.8	314.2	313.3	281.1	281.0	280.4	283.9	101.1	194.1	9.5	0.0	283.1	283.1	44.0	68.7	7.3	45.8	0.0	37.5	.Autoclave.Outputs.PRESSIP\OutputValue	-1.9	12.6	-38.5	-1.0	0.0	-1.0	-1.0	-1.0	0.0	0.0	0.0	-1.0	-1.0	0.0	0.0	0.0	-1.0	0.0
21:00:11	195.1	313.8	316.4	314.8	310.6	303.7	312.9	307.2	305.1	317.1	0.1	0.2	9.6	43.3	0.1	9.6	0.1	317.1	303.7	-1.3	-3.4	311.3	310.4	279.1	279.0	278.2	267.4	100.7	195.1	10.5	0.0	278.6	278.6	44.0	52.0	7.2	54.2	-1.0	3.9	.Autoclave.Outputs.PRESSIP\OutputValue	-2.0	13.4	-38.0	-1.0	0.0	-1.0	-1.0	-1.0	0.0	0.0	0.0	-1.0	-1.0	0.0	0.0	0.0	-1.0	0.0
21:01:11	196.1	310.1	312.9	311.1	306.7	299.5	309.0	303.2	301.2	313.5	0.1	0.2	9.6	43.6	0.1	9.6	0.1	313.5	299.5	-3.6	-4.7	307.5	306.5	274.1	274.1	273.5	275.3	101.0	196.1	11.5	0.0	274.1	274.1	44.0	55.5	7.4	52.7	0.0	11.0	.Autoclave.Outputs.PRESSIP\OutputValue	-1.1	14.0	-39.4	-1.0	0.0	-1.0	-1.0	-1.0	0.0	0.0	0.0	-1.0	-1.0	0.0	0.0	0.0	-1.0	0.0
21:02:11	197.1	306.2	309.3	307.4	302.9	295.0	305.2	298.8	296.6	309.9	0.1	0.1	9.6	44.0	0.1	9.6	0.1	309.9	295.0	-3.4	-4.5	303.5	302.5	266.2	266.2	265.5	263.8	101.0	197.1	12.5	0.0	269.6	269.6	44.0	78.3	7.5	50.0	0.0	56.7	.Autoclave.Outputs.PRESSIP\OutputValue	-0.2	14.9	-43.7	-1.0	0.0	-1.0	-1.0	-1.0	0.0	0.0	0.0	-1.0	-1.0	0.0	0.0	0.0	-1.0	0.0
21:03:11	198.1	302.9	305.8	303.9	299.3	291.8	301.8	296.3	294.0	307.4	0.1	0.1	9.6	43.5	0.1	9.6	0.1	307.4	291.8	-2.3	-3.8	300.4	299.6	266.0	265.8	265.3	259.5	100.8	198.1	13.5	0.0	265.1	265.1	44.0	49.7	7.6	53.7	-1.0	0.0	.Autoclave.Outputs.PRESSIP\OutputValue	-0.2	15.6	-41.4	-1.0	0.0	-1.0	-1.0	-1.0	0.0	0.0	0.0	-1.0	-1.0	0.0	0.0	0.0	-1.0	0.0
21:04:11	199.1	299.1	301.9	300.0	295.1	287.4	297.7	292.4	290.0	304.0	0.1	0.1	9.6	43.6	0.1	9.6	0.1	304.0	287.4	-3.5	-4.6	296.4	295.7	261.0	261.0	260.3	262.5	101.1	199.1	14.5	0.0	260.6	260.6	44.0	53.2	7.7	54.3	0.0	6.4	.Autoclave.Outputs.PRESSIP\OutputValue	0.7	16.6	-43.0	-1.0	0.0	-1.0	-1.0	-1.0	0.0	0.0	0.0	-1.0	-1.0	0.0	0.0	0.0	-1.0	0.0
21:05:11	200.1	295.3	298.3	296.2	291.1	283.1	293.7	287.8	285.6	300.6	0.1	0.2	9.7	44.2	0.1	9.7	0.1	300.6	283.1	-3.3	-4.6	292.4	291.9	254.9	254.9	254.2	256.1	101.0	200.1	15.5	0.0	256.1	256.1	44.0	63.9	7.8	49.5	0.0	27.9	.Autoclave.Outputs.PRESSIP\OutputValue	1.2	17.5	-45.7	-1.0	0.0	-1.0	-1.0	-1.0	0.0	0.0	0.0	-1.0	-1.0	0.0	0.0	0.0	-1.0	0.0
21:06:11	201.1	291.2	294.4	292.3	287.0	278.6	289.7	283.2	281.0	297.0	0.1	0.1	9.6	43.6	0.1	9.6	0.1	297.0	278.6	-3.5	-4.6	288.3	287.8	248.5	248.4	247.7	245.3	100.9	201.1	16.5	0.0	251.6	251.6	44.0	76.6	7.8	55.8	0.0	53.3	.Autoclave.Outputs.PRESSIP\OutputValue	1.6	18.4	-48.5	-1.0	0.0	-1.0	-1.0	-1.0	0.0	0.0	0.0	-1.0	-1.0	0.0	0.0	0.0	-1.0	0.0
21:07:11	202.1	287.8	290.8	289.0	283.2	275.2	286.4	280.4	277.9	294.7	0.1	0.2	9.6	43.5	0.1	9.6	0.1	294.7	275.2	-1.9	-3.9	285.1	285.0	247.2	246.9	246.2	234.4	100.8	202.1	17.5	0.0	247.1	247.1	44.0	55.5	7.9	59.3	0.0	10.9	.Autoclave.Outputs.PRESSIP\OutputValue	2.4	19.5	-47.5	-1.0	0.0	-1.0	-1.0	-1.0	0.0	0.0	0.0	-1.0	-1.0	0.0	0.0	0.0	-1.0	0.0
21:08:11	203.1	283.9	286.7	285.0	279.1	271.3	282.3	277.4	275.0	291.1	0.1	0.1	9.7	44.2	0.1	9.7	0.1	291.1	271.3	-3.3	-4.3	281.3	281.2	244.1	244.0	243.2	244.8	101.1	203.1	18.5	0.0	242.6	242.6	44.0	46.2	8.0	50.4	-1.0	0.0	.Autoclave.Outputs.PRESSIP\OutputValue	2.1	19.8	-47.0	-1.0	0.0	-1.0	-1.0	-1.0	0.0	0.0	0.0	-1.0	-1.0	0.0	0.0	0.0	-1.0	0.0
21:09:11	204.1	279.7	282.7	280.8	275.0	266.8	278.1	272.9	270.5	287.7	0.1	0.1	9.6	43.9	0.1	9.6	0.1	287.7	266.8	-4.0	-4.6	277.1	277.3	238.5	238.5	237.7	240.7	101.1	204.1	19.5	0.0	238.1	238.1	44.0	55.0	8.1	54.1	0.0	10.0	.Autoclave.Outputs.PRESSIP\OutputValue	2.8	20.9	-49.2	-1.0	0.0	-1.0	-1.0	-1.0	0.0	0.0	0.0	-1.0	-1.0	0.0	0.0	0.0	-1.0	0.0
21:10:11	205.1	275.6	278.7	276.7	270.6	262.5	274.0	268.7	266.0	284.0	0.1	0.1	9.7	44.2	0.1	9.7	0.1	284.0	262.5	-3.1	-4.5	273.0	273.3	232.5	232.5	231.7	233.5	101.1	205.1	20.5	0.0	233.6	233.6	44.0	63.7	8.1	51.4	0.0	27.4	.Autoclave.Outputs.PRESSIP\OutputValue	3.3	21.5	-51.5	-1.0	0.0	-1.0	-1.0	-1.0	0.0	0.0	0.0	-1.0	-1.0	0.0	0.0	0.0	-1.0	0.0
21:11:11	206.1	271.4	274.7	272.8	266.4	257.9	269.9	263.9	261.2	280.0	0.1	0.1	9.5	43.7	0.1	9.5	0.1	280.0	257.9	-4.0	-4.9	268.7	269.0	226.9	226.8	226.1	224.5	101.0	206.1	21.5	0.0	229.1	229.1	44.0	71.0	8.1	57.2	0.0	42.1	.Autoclave.Outputs.PRESSIP\OutputValue	3.6	22.1	-53.1	-1.0	0.0	-1.0	-1.0	-1.0	0.0	0.0	0.0	-1.0	-1.0	0.0	0.0	0.0	-1.0	0.0
21:12:11	207.1	267.4	270.8	268.8	262.6	254.0	265.9	260.8	257.7	277.4	0.1	0.1	9.5	43.6	0.1	9.5	0.1	277.4	254.0	-2.6	-4.2	265.0	265.7	224.1	224.1	223.4	212.9	101.0	207.1	22.5	0.0	224.6	224.6	44.0	58.5	8.1	57.9	0.0	16.9	.Autoclave.Outputs.PRESSIP\OutputValue	4.4	23.4	-53.3	-1.0	0.0	-1.0	-1.0	-1.0	0.0	0.0	0.0	-1.0	-1.0	0.0	0.0	0.0	-1.0	0.0
21:13:11	208.1	263.7	266.7	264.8	258.3	250.1	261.9	257.6	254.5	275.0	0.1	0.1	9.6	43.8	0.1	9.6	0.1	275.0	250.1	-2.4	-4.3	261.4	262.6	221.8	221.6	220.9	215.7	101.1	208.1	23.5	0.0	220.1	220.1	44.0	45.1	8.2	56.0	-1.0	0.0	.Autoclave.Outputs.PRESSIP\OutputValue	4.1	24.9	-53.2	-1.0	0.0	-1.0	-1.0	-1.0	0.0	0.0	0.0	-1.0	-1.0	0.0	0.0	0.0	-1.0	0.0
21:14:11	209.1	259.5	262.6	260.7	253.9	245.7	257.7	253.2	250.4	270.8	0.1	0.1	9.6	43.8	0.1	9.6	0.1	270.8	245.7	-4.1	-4.7	257.2	258.3	217.0	217.1	216.3	217.6	101.1	209.1	24.5	0.0	215.6	215.6	44.0	47.1	8.2	56.5	-1.0	0.0	.Autoclave.Outputs.PRESSIP\OutputValue	4.6	25.1	-53.8	-1.0	0.0	-1.0	-1.0	-1.0	0.0	0.0	0.0	-1.0	-1.0	0.0	0.0	0.0	-1.0	0.0
21:15:11	210.1	255.4	258.6	256.6	249.6	241.4	253.5	249.0	246.1	267.4	0.1	0.1	9.5	43.5	0.1	9.5	0.1	267.4	241.4	-3.5	-4.6	253.1	254.4	211.7	211.7	211.2	213.3	101.1	210.1	25.5	0.0	211.1	211.1	44.0	52.6	8.2	61.2	0.0	5.2	.Autoclave.Outputs.PRESSIP\OutputValue	5.9	26.0	-55.7	-1.0	0.0	-1.0	-1.0	-1.0	0.0	0.0	0.0	-1.0	-1.0	0.0	0.0	0.0	-1.0	0.0
21:16:11	211.1	251.1	254.5	252.3	245.2	237.0	249.1	244.2	241.6	263.8	0.1	0.2	9.5	43.7	0.1	9.5	0.1	263.8	237.0	-3.8	-4.9	248.8	250.4	206.3	206.3	205.7	207.6	101.2	211.1	26.5	0.0	206.6	206.6	44.0	58.6	8.2	60.1	0.0	17.3	.Autoclave.Outputs.PRESSIP\OutputValue	7.1	26.8	-57.5	-1.0	0.0	-1.0	-1.0	-1.0	0.0	0.0	0.0	-1.0	-1.0	0.0	0.0	0.0	-1.0	0.0
21:17:11	212.1	247.1	250.3	248.3	241.0	232.6	244.8	240.2	237.3	258.9	0.1	0.2	9.5	43.9	0.1	9.5	0.1	258.9	232.6	-3.9	-4.8	244.5	245.8	201.8	201.9	201.2	202.8	101.2	212.1	27.5	0.0	202.1	202.1	44.0	58.6	8.2	58.6	0.0	17.2	.Autoclave.Outputs.PRESSIP\OutputValue	7.9	26.3	-57.1	-1.0	0.0	-1.0	-1.0	-1.0	0.0	0.0	0.0	-1.0	-1.0	0.0	0.0	0.0	-1.0	0.0
21:18:11	213.1	242.9	246.2	244.1	236.7	228.3	240.7	236.2	233.0	255.0	0.1	0.2	9.4	43.6	0.1	9.4	0.1	255.0	228.3	-3.7	-5.0	240.3	241.7	196.9	196.9	196.3	198.1	101.2	213.1	28.5	0.0	197.6	197.6	44.0	61.2	8.2	62.1	0.0	22.5	.Autoclave.Outputs.PRESSIP\OutputValue	8.0	26.7	-58.1	-1.0	0.0	-1.0	-1.0	-1.0	0.0	0.0	0.0	-1.0	-1.0	0.0	0.0	0.0	-1.0	0.0
21:19:11	214.1	238.6	241.9	239.7	232.5	223.9	236.3	231.9	229.0	251.8	0.1	0.1	9.5	43.9	0.1	9.5	0.1	251.8	223.9	-3.1	-4.5	236.2	237.9	192.1	192.1	191.4	192.6	101.1	214.1	29.5	0.0	193.1	193.1	44.0	62.7	8.2	59.3	0.0	25.4	.Autoclave.Outputs.PRESSIP\OutputValue	8.0	27.9	-59.7	-1.0	0.0	-1.0	-1.0	-1.0	0.0	0.0	0.0	-1.0	-1.0	0.0	0.0	0.0	-1.0	0.0
21:20:11	215.1	234.2	237.7	235.7	228.1	219.7	232.2	227.4	224.4	248.0	0.1	0.2	9.4	43.5	0.1	9.4	0.1	248.0	219.7	-3.8	-4.7	231.9	233.9	187.6	187.6	186.9	187.4	101.2	215.1	30.5	0.0	188.6	188.6	44.0	63.4	8.2	63.3	0.0	26.7	.Autoclave.Outputs.PRESSIP\OutputValue	8.0	28.3	-60.4	-1.0	0.0	-1.0	-1.0	-1.0	0.0	0.0	0.0	-1.0	-1.0	0.0	0.0	0.0	-1.0	0.0
21:21:11	216.1	230.3	233.5	231.0	223.8	215.5	228.1	223.3	220.6	244.7	0.1	0.1	9.4	43.8	0.1	9.4	0.1	244.7	215.5	-3.5	-10.0	227.9	230.1	183.2	183.2	182.6	179.9	101.3	216.1	31.5	0.0	184.1	184.1	44.0	61.9	8.1	60.3	0.0	23.9	.Autoclave.Outputs.PRESSIP\OutputValue	8.0	29.2	-61.5	-1.0	0.0	-1.0	-1.0	-1.0	0.0	0.0	0.0	-1.0	-1.0	0.0	0.0	0.0	-1.0	0.0
21:22:11	217.1	225.9	229.2	227.4	219.5	211.1	223.5	219.2	215.8	240.9	0.1	0.2	9.4	43.5	0.1	9.4	0.1	240.9	211.1	1.6	-4.8	223.6	226.0	178.9	178.8	178.2	176.3	101.1	217.1	32.5	0.0	179.6	179.6	44.0	61.3	8.1	63.8	0.0	22.5	.Autoclave.Outputs.PRESSIP\OutputValue	8.0	29.8	-62.0	-1.0	0.0	-1.0	-1.0	-1.0	0.0	0.0	0.0	-1.0	-1.0	0.0	0.0	0.0	-1.0	0.0
21:23:11	218.1	221.7	225.0	223.0	215.1	206.7	219.3	215.5	212.3	237.3	0.1	0.1	9.3	43.2	0.1	9.3	0.1	237.3	206.7	-3.5	-4.7	219.5	222.0	175.1	175.0	174.4	175.1	101.2	218.1	33.5	0.0	175.1	175.1	44.0	56.6	8.1	65.3	0.0	13.1	.Autoclave.Outputs.PRESSIP\OutputValue	8.0	30.6	-62.2	-1.0	0.0	-1.0	-1.0	-1.0	0.0	0.0	0.0	-1.0	-1.0	0.0	0.0	0.0	-1.0	0.0
21:24:11	219.1	217.6	220.7	218.8	210.8	202.5	215.0	210.8	207.7	233.2	0.1	0.1	9.4	43.7	0.1	9.4	0.1	233.2	202.5	-4.1	-4.7	215.2	217.8	170.8	170.8	170.1	171.3	101.3	219.1	34.5	0.0	170.6	170.6	44.0	55.2	8.0	60.6	0.0	10.3	.Autoclave.Outputs.PRESSIP\OutputValue	8.0	30.7	-62.4	-1.0	0.0	-1.0	-1.0	-1.0	0.0	0.0	0.0	-1.0	-1.0	0.0	0.0	0.0	-1.0	0.0
21:25:11	220.1	213.1	216.5	214.5	206.5	198.3	210.7	206.7	203.8	230.1	0.1	0.2	9.3	43.4	0.1	9.3	0.1	230.1	198.3	-3.4	-4.5	211.1	214.2	166.7	166.7	166.1	167.6	101.3	220.1	35.5	0.0	166.1	166.1	44.0	52.5	7.9	63.6	0.0	5.0	.Autoclave.Outputs.PRESSIP\OutputValue	8.0	31.8	-63.4	-1.0	0.0	-1.0	-1.0	-1.0	0.0	0.0	0.0	-1.0	-1.0	0.0	0.0	0.0	-1.0	0.0
21:26:11	221.1	208.7	212.4	210.2	202.0	193.8	206.2	202.0	198.8	225.5	0.1	0.2	9.3	43.6	0.1	9.3	0.1	225.5	193.8	-4.2	-4.8	206.6	209.6	161.9	161.8	161.2	161.0	101.3	221.1	36.5	0.0	161.6	161.6	44.0	54.4	7.8	62.1	0.0	8.7	.Autoclave.Outputs.PRESSIP\OutputValue	8.0	31.7	-63.6	-1.0	0.0	-1.0	-1.0	-1.0	0.0	0.0	0.0	-1.0	-1.0	0.0	0.0	0.0	-1.0	0.0
21:27:11	222.1	204.7	208.0	206.0	197.7	189.6	202.0	198.2	195.0	222.2	0.1	0.2	9.2	43.2	0.1	9.2	0.1	222.2	189.6	-3.0	-4.5	202.6	205.9	157.2	157.2	156.5	155.9	101.3	222.1	37.5	0.0	157.1	157.1	44.0	55.0	7.8	66.1	0.0	10.0	.Autoclave.Outputs.PRESSIP\OutputValue	8.0	32.6	-65.0	-1.0	0.0	-1.0	-1.0	-1.0	0.0	0.0	0.0	-1.0	-1.0	0.0	0.0	0.0	-1.0	0.0
21:28:11	223.1	200.3	203.8	201.8	193.4	185.2	197.8	193.9	190.8	217.4	0.1	0.2	9.3	43.3	0.1	9.3	0.1	217.4	185.2	-4.2	-4.7	198.3	201.3	152.9	153.0	152.1	148.9	101.3	223.1	38.5	0.0	152.6	152.6	44.0	54.2	7.7	65.5	0.0	8.3	.Autoclave.Outputs.PRESSIP\OutputValue	8.0	32.2	-64.5	-1.0	0.0	-1.0	-1.0	-1.0	0.0	0.0	0.0	-1.0	-1.0	0.0	0.0	0.0	-1.0	0.0
21:29:11	224.1	196.0	199.6	197.4	189.0	180.9	193.5	189.8	186.8	214.1	0.1	0.2	9.3	43.7	0.1	9.3	0.1	214.1	180.9	-3.5	-4.5	194.1	197.5	149.1	149.1	148.5	145.9	101.4	224.1	39.5	0.0	148.1	148.1	44.0	48.7	7.6	61.2	-1.0	0.0	.Autoclave.Outputs.PRESSIP\OutputValue	8.0	33.2	-65.0	-1.0	0.0	-1.0	-1.0	-1.0	0.0	0.0	0.0	-1.0	-1.0	0.0	0.0	0.0	-1.0	0.0
21:30:11	225.1	191.8	195.3	193.2	184.6	176.6	189.2	185.3	182.3	211.0	0.1	0.1	9.3	43.3	0.1	9.3	0.1	211.0	176.6	-3.2	-4.7	189.9	193.8	145.3	145.3	144.6	142.7	101.4	225.1	40.5	0.0	143.6	143.6	44.0	44.8	7.5	64.6	-1.0	0.0	.Autoclave.Outputs.PRESSIP\OutputValue	8.0	34.4	-65.7	-1.0	0.0	-1.0	-1.0	-1.0	0.0	0.0	0.0	-1.0	-1.0	0.0	0.0	0.0	-1.0	0.0
21:31:11	226.1	187.4	190.8	188.8	180.2	172.2	184.8	181.1	178.3	206.5	0.1	0.2	9.2	43.6	0.1	9.2	0.1	206.5	172.2	-3.9	-4.6	185.6	189.3	140.3	140.3	139.6	138.1	101.4	226.1	41.5	0.0	139.1	139.1	44.0	47.3	7.3	61.9	-1.0	0.0	.Autoclave.Outputs.PRESSIP\OutputValue	8.0	34.3	-66.2	-1.0	0.0	-1.0	-1.0	-1.0	0.0	0.0	0.0	-1.0	-1.0	0.0	0.0	0.0	-1.0	0.0
21:32:11	227.1	182.9	186.4	184.4	175.7	167.9	180.2	176.6	173.8	203.0	0.1	0.2	9.2	43.2	0.1	9.2	0.1	203.0	167.9	-3.7	-4.7	181.2	185.4	136.2	136.1	135.5	134.1	101.4	227.1	42.5	0.0	134.6	134.6	44.0	45.1	7.2	65.5	-1.0	0.0	.Autoclave.Outputs.PRESSIP\OutputValue	8.0	35.1	-66.8	-1.0	0.0	-1.0	-1.0	-1.0	0.0	0.0	0.0	-1.0	-1.0	0.0	0.0	0.0	-1.0	0.0
21:33:11	228.1	178.9	182.1	180.1	171.5	163.7	176.1	172.8	170.3	198.5	0.1	0.2	9.2	43.6	0.1	9.2	0.1	198.5	163.7	-3.7	-4.6	177.1	181.1	132.8	132.8	132.0	131.5	101.4	228.1	43.5	0.0	130.1	130.1	44.0	37.7	7.0	62.1	-1.0	0.0	.Autoclave.Outputs.PRESSIP\OutputValue	8.0	34.8	-65.7	-1.0	0.0	-1.0	-1.0	-1.0	0.0	0.0	0.0	-1.0	-1.0	0.0	0.0	0.0	-1.0	0.0
21:34:11	229.1	174.7	177.8	175.9	167.4	159.8	172.0	168.5	166.2	195.6	0.1	0.2	9.2	43.3	0.1	9.2	0.1	195.6	159.8	-3.2	-4.5	173.1	177.7	129.7	129.7	128.9	128.6	101.4	229.1	44.5	0.0	125.6	125.6	44.0	28.7	6.7	65.0	-1.0	0.0	.Autoclave.Outputs.PRESSIP\OutputValue	8.0	35.8	-65.9	-1.0	0.0	-1.0	-1.0	-1.0	0.0	0.0	0.0	-1.0	-1.0	0.0	0.0	0.0	-1.0	0.0
21:35:11	230.1	170.5	173.7	172.0	163.4	156.1	167.9	165.5	162.5	191.9	0.1	0.2	9.1	43.1	0.1	9.1	0.1	191.9	156.1	-3.0	-4.2	169.3	174.0	127.2	127.2	126.5	126.3	101.2	230.1	45.5	0.0	121.1	121.1	44.0	14.2	6.2	67.6	-1.0	0.0	.Autoclave.Outputs.PRESSIP\OutputValue	8.0	35.8	-64.7	-1.0	0.0	-1.0	-1.0	-1.0	0.0	0.0	0.0	-1.0	-1.0	0.0	0.0	0.0	-1.0	0.0
21:36:11	231.1	167.0	169.8	168.1	159.7	152.5	164.2	162.3	159.4	188.4	0.1	0.2	9.2	43.4	0.1	9.2	0.1	188.4	152.5	-3.1	-4.1	165.7	170.4	124.7	124.7	124.1	124.3	101.4	231.1	46.5	0.0	116.6	116.6	44.0	0.0	0.0	63.3	-1.0	0.0	.Autoclave.Outputs.PRESSIP\OutputValue	8.0	35.9	-63.7	-1.0	0.0	-1.0	-1.0	-1.0	0.0	0.0	0.0	-1.0	-1.0	0.0	0.0	0.0	-1.0	0.0
21:37:11	232.1	163.3	166.0	164.4	155.9	149.0	160.4	158.8	156.1	185.6	0.2	0.2	9.1	43.3	0.1	9.1	0.2	185.6	149.0	-3.1	-4.0	162.2	167.3	122.9	122.9	122.2	122.3	101.2	232.1	47.5	0.0	112.1	112.1	44.0	0.0	0.0	65.5	-1.0	0.0	.Autoclave.Outputs.PRESSIP\OutputValue	8.0	36.6	-62.7	-1.0	0.0	-1.0	-1.0	-1.0	0.0	0.0	0.0	-1.0	-1.0	0.0	0.0	0.0	-1.0	0.0
21:38:11	233.1	159.4	162.3	160.8	152.5	145.7	156.7	155.3	152.7	181.2	0.1	0.2	9.1	43.0	0.1	9.1	0.1	181.2	145.7	-3.1	-4.5	158.5	163.4	120.6	120.7	120.0	120.7	101.4	233.1	48.5	0.0	107.6	107.6	44.0	0.0	0.0	67.4	-1.0	0.0	.Autoclave.Outputs.PRESSIP\OutputValue	8.0	35.5	-60.6	-1.0	0.0	-1.0	-1.0	-1.0	0.0	0.0	0.0	-1.0	-1.0	0.0	0.0	0.0	-1.0	0.0
21:39:11	234.1	156.2	158.8	157.4	149.3	142.9	153.6	152.7	150.1	178.8	0.2	0.2	9.2	43.5	0.1	9.2	0.2	178.8	142.9	-2.5	-3.6	155.5	160.8	119.2	119.2	118.6	119.2	101.4	234.1	49.5	0.0	103.1	103.1	44.0	0.0	0.0	62.5	-1.0	0.0	.Autoclave.Outputs.PRESSIP\OutputValue	8.0	35.9	-59.6	-1.0	0.0	-1.0	-1.0	-1.0	0.0	0.0	0.0	-1.0	-1.0	0.0	0.0	0.0	-1.0	0.0
21:40:11	235.1	153.0	155.5	154.1	146.1	139.9	150.3	149.6	147.3	175.8	0.2	0.2	9.2	43.4	0.1	9.2	0.2	175.8	139.9	-2.9	-3.5	152.4	157.8	117.7	117.5	116.9	117.9	101.3	235.1	50.5	0.0	98.6	98.6	44.0	0.0	0.0	64.4	-1.0	0.0	.Autoclave.Outputs.PRESSIP\OutputValue	8.0	35.9	-58.1	-1.0	0.0	-1.0	-1.0	-1.0	0.0	0.0	0.0	-1.0	-1.0	0.0	0.0	0.0	-1.0	0.0
21:41:11	236.1	149.7	152.2	150.9	143.1	137.3	147.1	147.1	144.6	173.0	0.2	0.2	9.1	43.2	0.1	9.1	0.2	173.0	137.3	-2.7	-3.3	149.4	155.1	115.9	115.9	115.3	116.4	101.2	236.1	51.5	0.0	94.1	94.1	44.0	0.0	0.0	66.1	-1.0	0.0	.Autoclave.Outputs.PRESSIP\OutputValue	8.0	35.7	-57.1	-1.0	0.0	-1.0	-1.0	-1.0	0.0	0.0	0.0	-1.0	-1.0	0.0	0.0	0.0	-1.0	0.0
21:42:11	237.1	146.9	149.3	148.0	140.3	134.6	144.1	144.4	142.0	169.8	0.1	0.2	9.1	43.1	0.1	9.1	0.1	169.8	134.6	-2.2	-3.0	146.6	152.2	114.6	114.7	114.1	115.1	101.4	237.1	52.5	0.0	89.6	89.6	44.0	0.0	0.0	67.2	-1.0	0.0	.Autoclave.Outputs.PRESSIP\OutputValue	8.0	35.2	-55.2	-1.0	0.0	-1.0	-1.0	-1.0	0.0	0.0	0.0	-1.0	-1.0	0.0	0.0	0.0	-1.0	0.0
21:43:11	238.1	144.2	146.4	145.2	137.7	132.3	141.4	142.1	139.7	166.7	0.2	0.2	9.1	43.5	0.1	9.1	0.2	166.7	132.3	-2.4	-3.1	144.0	149.5	113.6	113.5	113.0	114.3	101.4	238.1	53.5	0.0	85.1	85.1	44.0	0.0	0.0	62.7	-1.0	0.0	.Autoclave.Outputs.PRESSIP\OutputValue	8.0	34.4	-53.1	-1.0	0.0	-1.0	-1.0	-1.0	0.0	0.0	0.0	-1.0	-1.0	0.0	0.0	0.0	-1.0	0.0
21:44:11	239.1	141.4	143.5	142.5	135.2	130.1	138.6	139.6	137.4	164.5	0.2	0.2	9.1	43.4	0.1	9.1	0.2	164.5	130.1	-2.3	-2.9	141.4	147.3	112.2	112.2	111.8	113.0	101.4	239.1	54.5	0.0	80.6	80.6	44.0	0.0	0.0	63.8	-1.0	0.0	.Autoclave.Outputs.PRESSIP\OutputValue	8.0	34.4	-52.3	-1.0	0.0	-1.0	-1.0	-1.0	0.0	0.0	0.0	-1.0	-1.0	0.0	0.0	0.0	-1.0	0.0
21:45:11	240.1	138.8	140.9	139.9	132.9	127.9	136.1	137.2	135.1	161.3	0.2	0.2	9.1	43.3	0.1	9.1	0.2	161.3	127.9	-2.2	-3.0	138.9	144.6	111.1	110.9	110.4	112.0	101.2	240.1	55.5	0.0	80.0	80.0	44.0	0.0	0.0	65.0	-1.0	0.0	.Autoclave.Outputs.PRESSIP\OutputValue	8.0	33.4	-50.2	-1.0	0.0	-1.0	-1.0	-1.0	0.0	0.0	0.0	-1.0	-1.0	0.0	0.0	0.0	-1.0	0.0
21:46:11	241.1	136.5	138.4	137.5	130.6	126.0	133.6	135.0	132.8	159.1	0.2	0.2	9.0	43.2	0.1	9.0	0.2	159.1	126.0	-1.7	-3.0	136.6	142.5	110.0	110.1	109.3	111.0	101.3	241.1	56.5	0.0	80.0	80.0	44.0	0.0	0.0	66.3	-1.0	0.0	.Autoclave.Outputs.PRESSIP\OutputValue	8.0	33.1	-49.1	-1.0	0.0	-1.0	-1.0	-1.0	0.0	0.0	0.0	-1.0	-1.0	0.0	0.0	0.0	-1.0	0.0
21:47:11	242.1	134.1	136.1	135.2	128.4	124.0	131.4	133.2	131.1	156.9	0.2	0.2	9.0	43.1	0.1	9.0	0.2	156.9	124.0	-1.9	-2.5	134.5	140.4	109.1	109.1	108.4	110.1	101.3	242.1	57.5	0.0	80.0	80.0	44.0	0.0	0.0	67.2	-1.0	0.0	.Autoclave.Outputs.PRESSIP\OutputValue	8.0	32.9	-47.8	-1.0	0.0	-1.0	-1.0	-1.0	0.0	0.0	0.0	-1.0	-1.0	0.0	0.0	0.0	-1.0	0.0
21:48:11	243.1	132.0	133.7	132.9	126.6	122.2	129.3	131.5	129.5	153.5	0.2	0.2	9.0	43.6	0.1	9.0	0.2	153.5	122.2	-1.6	-3.0	132.4	137.9	108.4	108.4	107.8	109.5	101.4	243.1	58.5	0.0	80.0	80.0	44.0	0.0	0.0	62.1	-1.0	0.0	.Autoclave.Outputs.PRESSIP\OutputValue	8.0	31.3	-45.1	-1.0	0.0	-1.0	-1.0	-1.0	0.0	0.0	0.0	-1.0	-1.0	0.0	0.0	0.0	-1.0	0.0
21:49:11	244.1	129.9	131.7	130.8	124.8	120.6	127.3	129.5	127.5	151.7	0.2	0.2	9.0	43.5	0.1	9.0	0.2	151.7	120.6	-1.7	-2.3	130.4	136.2	107.6	107.6	106.8	108.7	101.1	244.1	59.5	0.0	80.0	80.0	44.0	0.0	0.0	63.3	-1.0	0.0	.Autoclave.Outputs.PRESSIP\OutputValue	8.0	31.1	-44.1	-1.0	0.0	-1.0	-1.0	-1.0	0.0	0.0	0.0	-1.0	-1.0	0.0	0.0	0.0	-1.0	0.0
21:50:11	245.1	128.0	129.6	128.9	123.0	119.1	125.5	127.6	125.7	149.1	0.2	0.2	9.0	43.4	0.1	9.0	0.2	149.1	119.1	-1.6	-2.4	128.5	134.1	106.6	106.7	106.0	107.9	101.2	245.1	60.5	0.0	80.0	80.0	44.0	0.0	0.0	63.8	-1.0	0.0	.Autoclave.Outputs.PRESSIP\OutputValue	8.0	30.0	-42.5	-1.0	0.0	-1.0	-1.0	-1.0	0.0	0.0	0.0	-1.0	-1.0	0.0	0.0	0.0	-1.0	0.0
21:50:56	245.9	126.5	128.2	127.4	121.8	118.0	124.0	126.7	124.7	147.8	0.2	0.2	9.0	43.3	0.2	9.0	0.2	147.8	118.0	-1.5	-2.5	127.2	132.9	106.1	106.1	105.5	107.4	101.3	245.8	61.3	0.0	80.0	80.0	44.0	0.0	0.0	64.8	-1.0	0.0	.Autoclave.Outputs.PRESSIP\OutputValue	8.0	29.8	-41.9	-1.0	0.0	-1.0	-1.0	-1.0	0.0	0.0	0.0	-1.0	-1.0	0.0	0.0	0.0	-1.0	0.0
21:51:11	246.1	126.3	127.8	127.0	121.3	117.6	123.6	126.2	124.1	147.4	0.2	0.2	8.9	41.7	0.2	8.9	0.2	147.4	117.6	-1.2	-2.0	126.8	132.5	105.5	105.5	104.8	105.8	101.0	246.1	0.3	0.0	80.0	80.0	41.5	0.0	0.0	56.3	-1.0	0.0	.Autoclave.Outputs.PRESSIP\OutputValue	7.8	29.8	-41.9	-1.0	0.0	-1.0	-1.0	-1.0	0.0	0.0	0.0	-1.0	-1.0	0.0	0.0	0.0	-1.0	0.0
21:52:11	247.1	124.2	125.7	124.9	119.5	115.7	121.4	123.5	121.5	145.2	0.2	0.2	7.6	32.4	0.1	7.6	0.2	145.2	115.7	-1.9	-2.9	124.6	130.5	100.7	100.7	100.1	101.7	99.9	247.1	1.3	0.0	80.0	80.0	31.5	0.0	0.0	47.9	-1.0	0.0	.Autoclave.Outputs.PRESSIP\OutputValue	6.6	29.5	-44.5	-1.0	0.0	-1.0	-1.0	-1.0	0.0	0.0	0.0	-1.0	-1.0	0.0	0.0	0.0	-1.0	0.0
21:53:11	248.1	122.4	123.9	123.0	117.6	113.8	119.5	121.6	119.7	143.6	0.1	0.2	5.9	22.4	0.1	5.9	0.1	143.6	113.8	-1.5	-1.9	122.8	128.7	97.2	97.2	96.6	98.2	99.2	248.1	2.3	0.0	80.0	80.0	21.5	0.0	0.0	47.4	-1.0	0.0	.Autoclave.Outputs.PRESSIP\OutputValue	5.4	29.8	-46.4	-1.0	0.0	-1.0	-1.0	-1.0	0.0	0.0	0.0	-1.0	-1.0	0.0	0.0	0.0	-1.0	0.0
21:54:11	249.1	120.7	122.3	121.2	116.1	112.2	117.9	120.5	118.6	142.5	0.1	0.1	4.0	12.0	0.1	4.0	0.1	142.5	112.2	-1.0	-1.8	121.3	127.4	94.2	94.1	93.5	94.9	98.5	249.1	3.3	0.0	80.0	80.0	11.5	0.0	0.0	47.8	-1.0	0.0	.Autoclave.Outputs.PRESSIP\OutputValue	3.9	30.3	-48.3	-1.0	0.0	-1.0	-1.0	-1.0	0.0	0.0	0.0	-1.0	-1.0	-1.0	0.0	0.0	-1.0	0.0
21:55:11	250.1	119.3	120.8	119.7	114.7	110.7	116.4	120.1	118.2	141.6	0.1	0.1	1.8	3.6	0.1	1.8	0.1	141.6	110.7	-0.3	-1.7	120.2	126.2	91.4	91.4	90.8	93.2	97.7	250.1	4.3	0.0	80.0	80.0	1.5	0.0	0.0	30.9	-1.0	0.0	.Autoclave.Outputs.PRESSIP\OutputValue	1.8	30.9	-50.2	-1.0	0.0	-1.0	-1.0	-1.0	0.0	0.0	0.0	-1.0	-1.0	-1.0	0.0	0.0	-1.0	0.0
21:55:47	250.7	118.7	120.0	118.9	114.1	110.1	115.7	120.1	118.2	141.1	0.1	0.1	0.6	1.0	0.1	0.6	0.1	141.1	110.1	0.1	-1.4	119.7	125.6	91.5	91.5	90.8	93.6	97.8	250.7	4.8	0.0	80.0	80.0	0.0	0.0	0.0	39.1	-1.0	0.0	.Autoclave.Outputs.PRESSIP\OutputValue	-0.5	31.0	-49.7	-1.0	0.0	-1.0	-1.0	-1.0	0.0	0.0	0.0	-1.0	-1.0	-1.0	0.0	0.0	-1.0	0.0
