

Time	Elapsed	PTC10	PTC11	PTC12	PTC13	PTC14	PTC15	VPRB3	PRESS	SVAC	HIPRB	LOPRB	HITC	LOTC	HIRATE	LORATE	AVGTC	MEAN	AIRTC	AIRTC1	AIRTC2	HILIMTC	CAPSTC	RUNTIME	SEGTIME	SEGTIMELEFT	TSET_AIR	TSET_PART	PSET	TEMPOUT	TEMPINT	PRESSOUT	COOLIP	SCROUT	PRESSIP	PRESSINT	SPREAD	AIRPARTDELTA	CAPSFLOW	SILENCE	BARLOCK	HIPSI	FANON	HYDON	FANSTARTSTOPPB	HYDPMPSTARTSTOPPB	COOLCNTRLONOFFSW	PRESSCNTRLONOFFSW	PRESSDUMPSW	PCMANUALSW	HILIMIT	BLWRMTRHILIMIT	MANINSIDE
HH:MM:SS	Mins	Deg.F	Deg.F	Deg.F	Deg.F	Deg.F	Deg.F	"Hg	Psig	"Hg			Deg.F	Deg.F	Deg.F	Deg.F	Deg.F	Deg.F	Deg.F	Deg.F	Deg.F	Deg.F	Deg.F	Mins	Mins	Mins	Deg.F	Deg.F	Psig				%	%	%	%	Deg.F	Deg.F															
01:00:12	0.0	82.7	83.2	83.7	80.0	84.1	83.0	-27.8	-0.3	-28.0	-27.8	-27.8	84.1	80.0	0.2	0.1	82.8	82.0	95.5	95.5	94.9	104.9	100.2	450.6	0.0	0.0	70.0	70.0	0.0	0.0	0.0	50.0	0.0	0.0	.Autoclave.Outputs.PRESSIP\OutputValue	8.0	4.1	11.4	-1.0	0.0	-1.0	-1.0	0.0	0.0	0.0	0.0	-1.0	-1.0	-1.0	0.0	0.0	-1.0	0.0
01:00:14	0.0	82.7	83.2	83.7	80.0	84.1	83.0	-27.8	-0.3	-28.0	-27.8	-27.8	84.1	80.0	0.2	0.1	82.8	82.0	95.5	95.5	94.9	104.9	100.2	450.6	0.0	0.0	70.0	70.0	0.0	0.0	0.0	50.0	0.0	0.0	.Autoclave.Outputs.PRESSIP\OutputValue	8.0	4.1	11.4	-1.0	0.0	-1.0	-1.0	0.0	0.0	0.0	0.0	-1.0	-1.0	-1.0	0.0	0.0	-1.0	0.0
01:00:14	0.0	82.7	83.2	83.7	80.0	84.1	83.0	-27.8	-0.3	-28.0	-27.8	-27.8	84.1	80.0	0.2	0.1	82.8	82.0	95.5	95.5	94.9	104.9	100.2	450.6	0.0	0.0	70.0	70.0	0.0	0.0	0.0	50.0	0.0	0.0	.Autoclave.Outputs.PRESSIP\OutputValue	8.0	4.1	11.4	-1.0	0.0	-1.0	-1.0	0.0	0.0	0.0	0.0	-1.0	-1.0	-1.0	0.0	0.0	-1.0	0.0
01:00:14	0.0	82.7	83.2	83.7	80.0	84.1	83.0	-27.8	-0.3	-28.0	-27.8	-27.8	84.1	80.0	0.2	0.1	82.8	82.0	95.5	95.5	94.9	104.9	100.2	450.6	0.0	0.0	70.0	70.0	0.0	0.0	0.0	50.0	0.0	0.0	.Autoclave.Outputs.PRESSIP\OutputValue	8.0	4.1	11.4	-1.0	0.0	-1.0	-1.0	0.0	0.0	0.0	0.0	-1.0	-1.0	-1.0	0.0	0.0	-1.0	0.0
01:01:14	1.0	84.1	84.1	85.5	81.7	85.1	83.7	-27.7	1.1	-28.0	-27.7	-27.7	85.5	81.7	1.7	0.7	84.0	83.6	95.7	95.7	95.0	98.3	98.1	1.0	1.0	0.0	91.6	88.6	1.5	19.9	-0.2	62.3	-1.0	0.0	.Autoclave.Outputs.PRESSIP\OutputValue	8.0	3.8	10.2	-1.0	0.0	-1.0	-1.0	-1.0	0.0	0.0	0.0	-1.0	-1.0	0.0	0.0	0.0	-1.0	0.0
01:02:14	2.0	85.1	84.8	86.3	82.8	86.1	84.3	-27.7	2.0	-28.0	-27.7	-27.7	86.3	82.8	2.7	0.5	84.9	84.6	96.7	96.7	96.1	109.1	97.8	2.0	2.0	0.0	99.9	93.1	3.0	68.0	-0.2	67.7	0.0	36.0	.Autoclave.Outputs.PRESSIP\OutputValue	8.0	3.5	10.4	-1.0	0.0	-1.0	-1.0	-1.0	0.0	0.0	0.0	-1.0	-1.0	0.0	0.0	0.0	-1.0	0.0
01:03:15	3.1	87.0	86.2	88.5	84.2	87.8	85.1	-27.8	3.8	-28.0	-27.8	-27.8	88.5	84.2	2.3	0.4	86.5	86.4	104.3	104.3	103.8	115.7	97.9	3.0	3.0	0.0	106.7	97.6	4.5	63.0	0.0	65.3	0.0	25.9	.Autoclave.Outputs.PRESSIP\OutputValue	8.0	4.3	15.8	-1.0	0.0	-1.0	-1.0	-1.0	0.0	0.0	0.0	-1.0	-1.0	0.0	0.0	0.0	-1.0	0.0
01:04:14	4.0	89.0	87.6	90.6	86.7	89.8	86.3	-27.6	5.5	-28.0	-27.6	-27.6	90.6	86.3	2.9	1.0	88.3	88.5	111.3	111.3	110.6	124.6	98.1	4.0	4.0	0.0	113.5	102.1	6.0	62.3	0.2	63.3	0.0	24.5	.Autoclave.Outputs.PRESSIP\OutputValue	8.0	4.3	20.7	-1.0	0.0	-1.0	-1.0	-1.0	0.0	0.0	0.0	-1.0	-1.0	0.0	0.0	0.0	-1.0	0.0
01:05:15	5.0	91.1	89.2	93.0	86.2	91.9	87.5	-27.7	7.2	-28.0	-27.7	-27.7	93.0	86.2	2.4	0.2	89.8	89.6	117.9	117.9	117.2	131.5	98.3	5.0	5.0	0.0	120.2	106.6	7.5	64.6	0.5	60.6	0.0	29.2	.Autoclave.Outputs.PRESSIP\OutputValue	8.0	6.8	24.9	-1.0	0.0	-1.0	-1.0	-1.0	0.0	0.0	0.0	-1.0	-1.0	0.0	0.0	0.0	-1.0	0.0
01:06:15	6.0	93.4	90.9	95.4	92.3	94.2	88.9	-27.7	8.2	-28.0	-27.7	-27.7	95.4	88.9	3.0	1.3	92.5	92.2	124.3	124.3	123.6	137.1	98.2	6.0	6.0	0.0	126.7	111.1	9.0	64.9	0.7	66.0	0.0	29.7	.Autoclave.Outputs.PRESSIP\OutputValue	8.0	6.5	28.8	-1.0	0.0	-1.0	-1.0	-1.0	0.0	0.0	0.0	-1.0	-1.0	0.0	0.0	0.0	-1.0	0.0
01:07:15	7.1	96.1	93.0	98.2	97.2	96.6	90.2	-27.6	9.9	-28.0	-27.6	-27.6	98.2	90.2	4.5	1.6	95.2	94.2	130.8	130.8	130.1	144.0	98.4	7.0	7.0	0.0	132.9	115.6	10.5	63.1	1.0	63.7	0.0	26.1	.Autoclave.Outputs.PRESSIP\OutputValue	8.0	8.0	32.5	-1.0	0.0	-1.0	-1.0	-1.0	0.0	0.0	0.0	-1.0	-1.0	0.0	0.0	0.0	-1.0	0.0
01:07:31	7.3	96.9	93.5	99.0	95.3	97.3	90.8	-27.7	10.0	-28.0	-27.7	-27.7	99.0	90.8	5.2	1.5	95.5	94.9	132.3	132.3	131.7	144.9	98.4	7.3	7.3	0.0	134.6	116.8	10.9	65.1	1.0	67.1	0.0	30.2	.Autoclave.Outputs.PRESSIP\OutputValue	8.0	8.2	33.3	-1.0	0.0	-1.0	-1.0	-1.0	0.0	0.0	0.0	-1.0	-1.0	0.0	0.0	0.0	-1.0	0.0
01:08:15	8.0	98.8	95.2	100.8	95.9	99.4	92.0	-27.6	11.6	-27.9	-27.6	-27.6	100.8	92.0	5.3	1.7	97.0	96.4	136.8	136.8	136.0	150.7	98.7	8.0	0.7	0.0	139.3	120.1	12.0	66.6	1.2	61.9	0.0	33.2	.Autoclave.Outputs.PRESSIP\OutputValue	8.0	8.8	35.9	-1.0	0.0	-1.0	-1.0	-1.0	0.0	0.0	0.0	-1.0	-1.0	0.0	0.0	0.0	-1.0	0.0
01:09:14	9.0	101.2	97.2	104.0	101.2	101.9	93.9	-24.7	12.6	-23.9	-24.7	-24.7	104.0	93.9	4.1	1.9	99.9	99.0	142.7	142.7	141.9	156.1	98.6	9.0	1.7	0.0	145.1	124.6	13.5	66.0	1.5	66.9	0.0	32.1	.Autoclave.Outputs.PRESSIP\OutputValue	8.0	10.1	38.6	-1.0	0.0	-1.0	-1.0	-1.0	0.0	0.0	0.0	-1.0	-1.0	0.0	0.0	0.0	-1.0	0.0
01:10:15	10.1	104.4	99.7	106.9	105.4	105.0	96.4	-18.8	14.0	-18.6	-18.8	-18.8	106.9	96.4	3.1	1.5	103.0	101.7	148.6	148.6	147.9	161.6	98.6	10.0	2.7	0.0	151.2	129.1	15.0	67.9	1.7	67.6	0.0	35.7	.Autoclave.Outputs.PRESSIP\OutputValue	8.0	10.5	41.6	-1.0	0.0	-1.0	-1.0	-1.0	0.0	0.0	0.0	-1.0	-1.0	0.0	0.0	0.0	-1.0	0.0
01:11:15	11.0	107.2	102.3	109.9	108.2	108.1	98.4	-13.7	15.7	-13.6	-13.7	-13.7	109.9	98.4	3.9	2.1	105.7	104.2	154.1	154.1	153.4	168.1	98.9	11.0	3.7	0.0	157.2	133.6	16.5	70.1	2.0	65.7	0.0	40.1	.Autoclave.Outputs.PRESSIP\OutputValue	8.0	11.5	44.1	-1.0	0.0	-1.0	-1.0	-1.0	0.0	0.0	0.0	-1.0	-1.0	0.0	0.0	0.0	-1.0	0.0
01:12:15	12.0	111.0	105.3	113.8	110.5	111.2	101.1	-8.6	17.6	-8.6	-8.6	-8.6	113.8	101.1	3.9	1.3	108.8	107.5	159.8	159.8	159.2	174.4	99.1	12.0	4.7	0.0	162.3	138.1	18.0	67.6	2.3	61.8	0.0	35.2	.Autoclave.Outputs.PRESSIP\OutputValue	8.0	12.7	45.9	-1.0	0.0	-1.0	-1.0	-1.0	0.0	0.0	0.0	-1.0	-1.0	0.0	0.0	0.0	-1.0	0.0
01:13:15	13.1	113.5	107.8	116.8	118.1	114.3	103.8	-4.1	18.6	-4.2	-4.1	-4.1	118.1	103.8	7.7	2.8	112.4	110.9	164.3	164.3	163.6	176.6	98.9	13.0	5.7	0.0	166.4	142.6	19.5	64.8	2.5	67.0	0.0	29.6	.Autoclave.Outputs.PRESSIP\OutputValue	8.0	14.3	46.2	-1.0	0.0	-1.0	-1.0	-1.0	0.0	0.0	0.0	-1.0	-1.0	0.0	0.0	0.0	-1.0	0.0
01:14:14	14.0	117.3	111.3	121.1	119.5	117.5	106.4	-1.6	20.5	-1.8	-1.6	-1.6	121.1	106.4	4.2	0.6	115.5	113.8	170.3	170.5	169.7	184.7	99.2	14.0	6.7	0.0	173.0	147.1	21.0	67.0	2.8	62.8	0.0	34.0	.Autoclave.Outputs.PRESSIP\OutputValue	8.0	14.7	49.1	-1.0	0.0	-1.0	-1.0	-1.0	0.0	0.0	0.0	-1.0	-1.0	0.0	0.0	0.0	-1.0	0.0
01:15:15	15.0	121.1	114.2	125.6	125.3	121.1	109.5	-0.6	22.1	-0.8	-0.6	-0.6	125.6	109.5	7.9	3.0	119.5	117.5	175.3	175.5	174.7	189.3	99.2	15.0	7.7	0.0	177.7	151.6	22.5	67.6	3.0	61.8	0.0	35.2	.Autoclave.Outputs.PRESSIP\OutputValue	8.0	16.1	49.7	-1.0	0.0	-1.0	-1.0	-1.0	0.0	0.0	0.0	-1.0	-1.0	0.0	0.0	0.0	-1.0	0.0
01:16:15	16.1	125.0	117.3	129.0	130.8	124.8	112.4	-0.2	23.0	-0.4	-0.2	-0.2	130.8	112.4	4.4	3.2	123.2	121.6	180.1	180.1	179.4	192.7	99.2	16.0	8.7	0.0	183.0	156.1	24.0	70.2	3.3	67.7	0.0	40.4	.Autoclave.Outputs.PRESSIP\OutputValue	8.0	18.4	49.3	-1.0	0.0	-1.0	-1.0	-1.0	0.0	0.0	0.0	-1.0	-1.0	0.0	0.0	0.0	-1.0	0.0
01:17:15	17.0	129.0	121.5	133.3	133.9	128.9	115.9	0.0	24.7	-0.2	0.0	0.0	133.9	115.9	4.5	2.0	127.1	124.9	184.7	184.7	184.0	197.7	99.3	17.0	9.7	0.0	188.0	160.6	25.5	72.7	3.5	66.2	0.0	45.3	.Autoclave.Outputs.PRESSIP\OutputValue	8.0	18.0	50.8	-1.0	0.0	-1.0	-1.0	-1.0	0.0	0.0	0.0	-1.0	-1.0	0.0	0.0	0.0	-1.0	0.0
01:18:14	18.0	132.6	124.6	137.2	138.7	132.3	119.1	0.1	26.3	-0.1	0.1	0.1	138.7	119.1	4.8	3.1	130.7	128.9	190.1	190.1	189.4	201.5	99.4	18.0	10.7	0.0	192.7	165.1	27.0	68.0	3.8	65.3	0.0	35.9	.Autoclave.Outputs.PRESSIP\OutputValue	8.0	19.6	51.4	-1.0	0.0	-1.0	-1.0	-1.0	0.0	0.0	0.0	-1.0	-1.0	0.0	0.0	0.0	-1.0	0.0
01:19:15	19.1	136.8	128.8	141.4	142.9	135.9	122.4	0.1	28.0	-0.1	0.1	0.1	142.9	122.4	5.1	3.8	134.7	132.6	194.4	194.4	193.7	205.7	99.6	19.0	11.7	0.0	196.5	169.6	28.5	65.8	4.0	62.5	0.0	31.6	.Autoclave.Outputs.PRESSIP\OutputValue	8.0	20.5	51.5	-1.0	0.0	-1.0	-1.0	-1.0	0.0	0.0	0.0	-1.0	-1.0	0.0	0.0	0.0	-1.0	0.0
01:20:14	20.0	140.7	132.1	145.5	146.8	139.7	126.0	0.1	29.0	0.0	0.1	0.1	146.8	126.0	4.2	3.1	138.5	136.4	198.4	198.5	197.8	210.6	99.5	20.0	12.7	0.0	201.2	174.1	30.0	71.0	4.3	67.2	0.0	42.0	.Autoclave.Outputs.PRESSIP\OutputValue	8.0	20.8	51.6	-1.0	0.0	-1.0	-1.0	-1.0	0.0	0.0	0.0	-1.0	-1.0	0.0	0.0	0.0	-1.0	0.0
01:21:15	21.0	145.1	136.1	149.6	151.4	144.2	129.6	0.1	30.7	-0.1	0.1	0.1	151.4	129.6	4.6	3.8	142.7	140.5	203.5	203.5	202.8	215.0	99.6	21.0	13.7	0.0	206.4	178.6	31.5	68.2	4.5	66.3	0.0	36.5	.Autoclave.Outputs.PRESSIP\OutputValue	8.0	21.8	52.1	-1.0	0.0	-1.0	-1.0	-1.0	0.0	0.0	0.0	-1.0	-1.0	0.0	0.0	0.0	-1.0	0.0
01:22:15	22.0	150.1	140.2	154.9	154.1	148.4	133.7	0.1	32.5	0.0	0.1	0.1	154.9	133.7	5.8	4.2	146.9	144.3	208.8	208.7	208.1	221.2	99.8	22.0	14.7	0.0	211.1	183.1	33.0	69.6	4.8	63.4	0.0	39.3	.Autoclave.Outputs.PRESSIP\OutputValue	8.0	21.2	53.9	-1.0	0.0	-1.0	-1.0	-1.0	0.0	0.0	0.0	-1.0	-1.0	0.0	0.0	0.0	-1.0	0.0
01:23:14	23.0	153.8	144.1	158.9	160.1	152.8	137.5	0.1	33.6	0.0	0.1	0.1	160.1	137.5	5.0	3.8	151.2	148.8	212.6	212.8	212.0	225.1	99.7	23.0	15.7	0.0	216.3	187.6	34.5	76.5	5.0	68.4	0.0	53.0	.Autoclave.Outputs.PRESSIP\OutputValue	8.0	22.6	52.5	-1.0	0.0	-1.0	-1.0	-1.0	0.0	0.0	0.0	-1.0	-1.0	0.0	0.0	0.0	-1.0	0.0
01:24:14	24.0	158.4	148.1	163.5	164.4	156.9	140.8	0.1	35.0	0.0	0.1	0.1	164.4	140.8	4.7	3.5	155.3	152.6	217.3	217.3	216.6	227.7	99.9	24.0	16.7	0.0	219.8	192.1	36.0	69.4	5.3	67.5	0.0	38.8	.Autoclave.Outputs.PRESSIP\OutputValue	8.0	23.6	52.9	-1.0	0.0	-1.0	-1.0	-1.0	0.0	0.0	0.0	-1.0	-1.0	0.0	0.0	0.0	-1.0	0.0
01:25:15	25.0	163.1	152.3	168.3	167.9	161.5	145.5	0.1	37.0	0.0	0.1	0.1	168.3	145.5	5.6	4.0	159.8	156.9	222.4	222.4	221.6	234.6	100.1	25.0	17.7	0.0	225.0	196.6	37.5	70.4	5.5	63.2	0.0	40.7	.Autoclave.Outputs.PRESSIP\OutputValue	8.0	22.8	54.1	-1.0	0.0	-1.0	-1.0	-1.0	0.0	0.0	0.0	-1.0	-1.0	0.0	0.0	0.0	-1.0	0.0
01:26:15	26.1	168.0	157.0	173.1	172.0	165.6	148.6	0.1	38.0	0.0	0.1	0.1	173.1	148.6	4.9	3.1	164.0	160.8	226.1	226.2	225.5	238.4	100.1	26.0	18.7	0.0	229.1	201.1	39.0	73.2	5.8	67.8	0.0	46.5	.Autoclave.Outputs.PRESSIP\OutputValue	8.0	24.5	53.0	-1.0	0.0	-1.0	-1.0	-1.0	0.0	0.0	0.0	-1.0	-1.0	0.0	0.0	0.0	-1.0	0.0
01:27:15	27.0	172.6	160.9	177.6	176.8	169.4	153.6	0.1	39.9	0.0	0.1	0.1	177.6	153.6	5.1	3.4	168.5	165.6	231.1	231.1	230.4	242.9	100.1	27.0	19.7	0.0	233.6	205.6	40.5	71.4	6.0	64.7	0.0	42.9	.Autoclave.Outputs.PRESSIP\OutputValue	8.0	24.0	53.5	-1.0	0.0	-1.0	-1.0	-1.0	0.0	0.0	0.0	-1.0	-1.0	0.0	0.0	0.0	-1.0	0.0
01:28:15	28.0	176.4	165.3	183.0	180.9	172.6	158.1	0.1	41.0	0.0	0.1	0.1	183.0	158.1	5.1	1.4	172.7	170.5	235.1	235.1	234.4	247.3	100.1	28.0	20.7	0.0	237.4	210.1	42.0	69.0	6.2	67.9	0.0	37.9	.Autoclave.Outputs.PRESSIP\OutputValue	8.0	24.9	52.1	-1.0	0.0	-1.0	-1.0	-1.0	0.0	0.0	0.0	-1.0	-1.0	0.0	0.0	0.0	-1.0	0.0
01:28:54	28.7	179.9	168.0	185.9	183.1	176.8	160.7	0.1	42.1	0.0	0.1	0.1	185.9	160.7	5.3	3.7	175.7	173.3	237.7	237.7	237.1	249.4	100.2	28.7	21.4	0.0	240.2	213.0	43.0	71.8	6.4	68.2	0.0	43.6	.Autoclave.Outputs.PRESSIP\OutputValue	8.0	25.2	52.0	-1.0	0.0	-1.0	-1.0	-1.0	0.0	0.0	0.0	-1.0	-1.0	0.0	0.0	0.0	-1.0	0.0
01:29:15	29.1	181.4	169.8	187.1	184.4	178.8	161.0	0.1	42.9	0.0	0.1	0.1	187.1	161.0	8.7	0.5	177.1	174.0	239.3	239.3	238.6	251.2	100.3	29.0	0.4	0.0	242.0	214.6	43.5	71.9	6.5	64.4	0.0	43.8	.Autoclave.Outputs.PRESSIP\OutputValue	8.0	26.1	52.2	-1.0	0.0	-1.0	-1.0	-1.0	0.0	0.0	0.0	-1.0	-1.0	0.0	0.0	0.0	-1.0	0.0
01:30:15	30.0	186.7	173.8	192.1	189.9	184.8	166.6	0.1	43.9	0.0	0.1	0.1	192.1	166.6	8.4	4.2	182.3	179.3	243.7	243.7	243.0	255.0	100.2	30.0	1.4	0.0	246.1	219.1	44.0	70.0	6.7	59.1	0.0	39.9	.Autoclave.Outputs.PRESSIP\OutputValue	8.0	25.5	51.6	-1.0	0.0	-1.0	-1.0	-1.0	0.0	0.0	0.0	-1.0	-1.0	0.0	0.0	0.0	-1.0	0.0
01:31:15	31.0	191.2	178.1	197.2	194.7	190.7	171.1	0.1	44.2	0.0	0.1	0.1	197.2	171.1	6.1	4.4	187.2	184.1	248.1	248.2	247.4	259.4	100.2	31.0	2.4	0.0	250.2	223.6	44.0	68.3	6.9	55.9	0.0	36.6	.Autoclave.Outputs.PRESSIP\OutputValue	7.8	26.1	50.9	-1.0	0.0	-1.0	-1.0	-1.0	0.0	0.0	0.0	-1.0	-1.0	0.0	0.0	0.0	-1.0	0.0
01:32:15	32.1	195.9	182.5	201.5	198.2	196.3	175.8	0.1	44.5	0.0	0.1	0.1	201.5	175.8	5.7	3.8	191.7	188.6	252.4	252.4	251.7	263.7	100.2	32.0	3.4	0.0	255.0	228.1	44.0	70.4	7.1	51.9	0.0	40.7	.Autoclave.Outputs.PRESSIP\OutputValue	7.0	25.7	50.9	-1.0	0.0	-1.0	-1.0	-1.0	0.0	0.0	0.0	-1.0	-1.0	0.0	0.0	0.0	-1.0	0.0
01:33:14	33.0	200.7	187.0	205.9	203.9	201.8	180.2	0.1	44.9	0.0	0.1	0.1	205.9	180.2	5.7	4.0	196.6	193.0	256.7	256.7	255.9	269.0	100.2	33.0	4.4	0.0	259.3	232.6	44.0	73.8	7.4	46.6	0.0	47.6	.Autoclave.Outputs.PRESSIP\OutputValue	5.6	25.7	50.8	-1.0	0.0	-1.0	-1.0	-1.0	0.0	0.0	0.0	-1.0	-1.0	0.0	0.0	0.0	-1.0	0.0
01:34:14	34.0	206.0	191.5	210.2	208.6	207.1	184.9	0.1	44.0	0.0	0.1	0.1	210.2	184.9	7.1	4.4	201.4	197.5	260.7	260.7	259.9	274.9	100.0	34.0	5.4	0.0	263.9	237.1	44.0	78.0	7.6	54.6	0.0	55.9	.Autoclave.Outputs.PRESSIP\OutputValue	4.4	25.3	50.5	-1.0	0.0	-1.0	-1.0	-1.0	0.0	0.0	0.0	-1.0	-1.0	0.0	0.0	0.0	-1.0	0.0
01:35:14	35.0	210.1	195.9	215.4	213.4	211.9	189.6	0.1	44.2	0.0	0.1	0.1	215.4	189.6	5.2	4.4	206.0	202.5	265.6	265.6	264.9	277.8	100.2	35.0	6.4	0.0	267.7	241.6	44.0	69.5	7.8	52.0	0.0	39.1	.Autoclave.Outputs.PRESSIP\OutputValue	4.3	25.8	50.2	-1.0	0.0	-1.0	-1.0	-1.0	0.0	0.0	0.0	-1.0	-1.0	0.0	0.0	0.0	-1.0	0.0
01:36:15	36.1	215.8	200.3	219.8	218.0	216.9	194.0	0.1	44.5	0.0	0.1	0.1	219.8	194.0	5.4	3.6	210.8	206.9	270.2	270.2	269.5	281.8	100.2	36.0	7.4	0.0	272.4	246.1	44.0	70.7	8.1	48.2	0.0	41.3	.Autoclave.Outputs.PRESSIP\OutputValue	3.5	25.8	50.4	-1.0	0.0	-1.0	-1.0	-1.0	0.0	0.0	0.0	-1.0	-1.0	0.0	0.0	0.0	-1.0	0.0
01:37:14	37.0	221.1	204.3	224.0	223.1	221.8	198.6	0.1	44.9	0.0	0.1	0.1	224.0	198.6	5.5	4.1	215.5	211.3	274.9	274.9	274.3	286.5	100.2	37.0	8.4	0.0	276.8	250.6	44.0	69.3	8.3	43.3	0.0	38.6	.Autoclave.Outputs.PRESSIP\OutputValue	2.0	25.4	50.9	-1.0	0.0	-1.0	-1.0	-1.0	0.0	0.0	0.0	-1.0	-1.0	0.0	0.0	0.0	-1.0	0.0
01:38:15	38.0	225.7	208.8	228.3	227.5	227.1	203.2	0.1	43.5	0.0	0.1	0.1	228.3	203.2	4.9	4.3	220.1	215.8	279.5	279.5	278.9	293.5	99.9	38.0	9.4	0.0	282.0	255.1	44.0	72.9	8.6	56.3	0.0	45.8	.Autoclave.Outputs.PRESSIP\OutputValue	1.6	25.1	51.2	-1.0	0.0	-1.0	-1.0	-1.0	0.0	0.0	0.0	-1.0	-1.0	0.0	0.0	0.0	-1.0	0.0
01:39:15	39.1	230.6	213.4	232.8	232.3	232.5	208.3	0.1	43.8	0.0	0.1	0.1	232.8	208.3	5.6	4.5	225.0	220.6	283.7	283.7	283.0	296.9	100.0	39.0	10.4	0.0	286.3	259.6	44.0	73.9	8.8	54.0	0.0	47.9	.Autoclave.Outputs.PRESSIP\OutputValue	2.3	24.5	50.9	-1.0	0.0	-1.0	-1.0	-1.0	0.0	0.0	0.0	-1.0	-1.0	0.0	0.0	0.0	-1.0	0.0
01:40:15	40.0	235.4	217.8	237.8	237.0	237.8	212.7	0.1	44.1	0.0	0.1	0.1	237.8	212.7	5.1	4.1	229.8	225.3	288.5	288.5	287.7	299.8	100.2	40.0	11.4	0.0	290.4	264.1	44.0	69.4	9.0	51.8	0.0	38.7	.Autoclave.Outputs.PRESSIP\OutputValue	2.4	25.1	50.7	-1.0	0.0	-1.0	-1.0	-1.0	0.0	0.0	0.0	-1.0	-1.0	0.0	0.0	0.0	-1.0	0.0
01:41:14	41.0	240.4	222.3	242.3	241.5	242.4	217.2	0.1	44.4	0.0	0.1	0.1	242.4	217.2	5.3	4.4	234.4	229.8	292.3	292.3	291.7	304.3	100.2	41.0	12.4	0.0	294.5	268.6	44.0	70.7	9.2	48.4	0.0	41.5	.Autoclave.Outputs.PRESSIP\OutputValue	2.0	25.2	49.9	-1.0	0.0	-1.0	-1.0	-1.0	0.0	0.0	0.0	-1.0	-1.0	0.0	0.0	0.0	-1.0	0.0
01:42:14	42.0	244.7	226.2	247.2	245.7	247.0	221.6	0.1	44.6	0.0	0.1	0.1	247.2	221.6	5.5	3.5	238.7	234.4	296.3	296.3	295.6	308.8	100.2	42.0	13.4	0.0	298.2	273.1	44.0	69.6	9.4	44.6	0.0	39.2	.Autoclave.Outputs.PRESSIP\OutputValue	1.0	25.6	49.1	-1.0	0.0	-1.0	-1.0	-1.0	0.0	0.0	0.0	-1.0	-1.0	0.0	0.0	0.0	-1.0	0.0
01:43:15	43.0	249.2	230.4	250.5	250.2	252.7	226.0	0.1	44.9	0.0	0.1	0.1	252.7	226.0	4.8	4.2	243.2	239.4	300.2	300.2	299.5	312.2	100.2	43.0	14.4	0.0	302.1	277.6	44.0	69.3	9.6	40.1	0.0	38.6	.Autoclave.Outputs.PRESSIP\OutputValue	-0.5	26.7	47.5	-1.0	0.0	-1.0	-1.0	-1.0	0.0	0.0	0.0	-1.0	-1.0	0.0	0.0	0.0	-1.0	0.0
01:44:15	44.0	253.0	235.3	256.2	254.8	258.1	230.3	0.1	44.0	0.0	0.1	0.1	258.1	230.3	4.8	4.3	248.0	244.2	304.3	304.4	303.8	318.0	100.1	44.0	15.4	0.0	306.4	282.1	44.0	72.3	9.8	49.2	0.0	44.5	.Autoclave.Outputs.PRESSIP\OutputValue	-1.1	27.8	46.2	-1.0	0.0	-1.0	-1.0	-1.0	0.0	0.0	0.0	-1.0	-1.0	0.0	0.0	0.0	-1.0	0.0
01:45:15	45.1	257.6	239.3	260.9	257.4	262.7	233.9	0.1	44.2	0.0	0.1	0.1	262.7	233.9	5.3	4.4	252.0	248.3	308.3	308.2	307.4	320.9	100.1	45.0	16.4	0.0	310.0	286.6	44.0	75.7	10.0	46.7	0.0	51.3	.Autoclave.Outputs.PRESSIP\OutputValue	-1.3	28.8	45.6	-1.0	0.0	-1.0	-1.0	-1.0	0.0	0.0	0.0	-1.0	-1.0	0.0	0.0	0.0	-1.0	0.0
01:46:15	46.0	262.1	243.7	265.7	263.8	267.3	239.2	0.1	44.5	0.0	0.1	0.1	267.3	239.2	4.8	4.1	257.0	253.3	312.8	312.8	312.1	325.6	100.2	46.0	17.4	0.0	314.4	291.1	44.0	69.2	10.2	43.1	0.0	38.4	.Autoclave.Outputs.PRESSIP\OutputValue	-2.0	28.1	45.5	-1.0	0.0	-1.0	-1.0	-1.0	0.0	0.0	0.0	-1.0	-1.0	0.0	0.0	0.0	-1.0	0.0
01:47:15	47.0	267.1	247.9	269.9	268.3	271.9	243.8	0.2	44.8	0.0	0.2	0.2	271.9	243.8	4.7	3.4	261.5	257.9	317.3	317.3	316.5	329.9	100.2	47.0	18.4	0.0	318.7	295.6	44.0	67.5	10.4	38.4	0.0	34.9	.Autoclave.Outputs.PRESSIP\OutputValue	-3.3	28.1	45.4	-1.0	0.0	-1.0	-1.0	-1.0	0.0	0.0	0.0	-1.0	-1.0	0.0	0.0	0.0	-1.0	0.0
01:48:15	48.1	270.7	252.2	274.0	269.8	276.5	248.6	0.1	43.6	0.0	0.1	0.1	276.5	248.6	6.4	1.9	265.3	262.6	320.5	320.5	319.6	334.5	100.0	48.0	19.4	0.0	324.0	300.1	44.0	82.3	10.6	49.0	0.0	64.6	.Autoclave.Outputs.PRESSIP\OutputValue	-4.5	27.9	44.0	-1.0	0.0	-1.0	-1.0	-1.0	0.0	0.0	0.0	-1.0	-1.0	0.0	0.0	0.0	-1.0	0.0
01:49:14	49.0	274.9	256.7	277.9	277.2	281.2	255.9	0.1	43.9	0.0	0.1	0.1	281.2	255.9	7.5	3.2	270.6	268.6	326.4	326.4	325.6	338.9	100.1	49.0	20.4	0.0	328.0	304.6	44.0	69.7	10.8	46.9	0.0	39.3	.Autoclave.Outputs.PRESSIP\OutputValue	-4.1	25.3	45.2	-1.0	0.0	-1.0	-1.0	-1.0	0.0	0.0	0.0	-1.0	-1.0	0.0	0.0	0.0	-1.0	0.0
01:50:15	50.0	279.7	260.9	283.0	281.7	286.2	256.8	0.1	44.2	0.0	0.1	0.1	286.2	256.8	6.0	4.3	274.7	271.5	330.1	330.1	329.3	343.3	100.3	50.0	21.4	0.0	332.0	309.1	44.0	72.6	11.0	44.2	0.0	45.2	.Autoclave.Outputs.PRESSIP\OutputValue	-4.1	29.4	43.9	-1.0	0.0	-1.0	-1.0	-1.0	0.0	0.0	0.0	-1.0	-1.0	0.0	0.0	0.0	-1.0	0.0
01:51:15	51.0	283.6	265.5	287.8	286.2	290.7	262.1	0.1	44.5	0.0	0.1	0.1	290.7	262.1	4.6	3.6	279.3	276.4	334.8	334.9	334.0	347.6	100.2	51.0	22.4	0.0	337.0	313.6	44.0	74.7	11.2	40.6	0.0	49.4	.Autoclave.Outputs.PRESSIP\OutputValue	-4.7	28.6	44.1	-1.0	0.0	-1.0	-1.0	-1.0	0.0	0.0	0.0	-1.0	-1.0	0.0	0.0	0.0	-1.0	0.0
01:52:15	52.1	288.0	269.7	291.6	290.8	295.2	266.5	0.1	44.7	0.0	0.1	0.1	295.2	266.5	5.0	4.4	283.6	280.9	339.2	339.3	338.5	351.5	100.2	52.0	23.4	0.0	341.1	318.1	44.0	72.3	11.4	36.7	0.0	44.7	.Autoclave.Outputs.PRESSIP\OutputValue	-6.0	28.7	44.0	-1.0	0.0	-1.0	-1.0	-1.0	0.0	0.0	0.0	-1.0	-1.0	0.0	0.0	0.0	-1.0	0.0
01:53:15	53.0	292.0	274.2	296.0	295.3	298.9	271.2	0.1	44.2	0.0	0.1	0.1	298.9	271.2	5.1	4.2	287.9	285.1	343.8	343.8	343.1	357.6	100.1	53.0	24.4	0.0	346.6	322.6	44.0	78.6	11.7	41.5	0.0	57.2	.Autoclave.Outputs.PRESSIP\OutputValue	-6.0	27.7	44.9	-1.0	0.0	-1.0	-1.0	-1.0	0.0	0.0	0.0	-1.0	-1.0	0.0	0.0	0.0	-1.0	0.0
01:54:15	54.0	297.0	278.6	301.0	300.0	303.8	275.7	0.2	44.5	0.0	0.2	0.2	303.8	275.7	4.9	4.3	292.7	289.8	348.2	348.2	347.5	361.8	100.3	54.0	25.4	0.0	350.3	327.1	44.0	74.1	11.9	38.7	0.0	48.1	.Autoclave.Outputs.PRESSIP\OutputValue	-6.0	28.1	44.4	-1.0	0.0	-1.0	-1.0	-1.0	0.0	0.0	0.0	-1.0	-1.0	0.0	0.0	0.0	-1.0	0.0
01:55:15	55.1	301.9	283.0	305.2	304.3	308.4	280.2	0.1	44.8	-0.1	0.1	0.1	308.4	280.2	5.0	4.1	297.2	294.3	352.7	352.8	352.1	365.6	100.2	55.0	26.4	0.0	354.2	331.6	44.0	71.0	12.1	36.1	0.0	42.0	.Autoclave.Outputs.PRESSIP\OutputValue	-6.0	28.2	44.3	-1.0	0.0	-1.0	-1.0	-1.0	0.0	0.0	0.0	-1.0	-1.0	0.0	0.0	0.0	-1.0	0.0
01:56:14	56.0	305.6	287.3	309.3	308.9	313.5	284.7	0.2	43.7	0.0	0.2	0.2	313.5	284.7	4.7	3.7	301.5	299.1	355.8	355.7	355.1	370.0	100.1	56.0	27.4	0.0	358.7	336.1	44.0	78.8	12.3	46.9	0.0	57.6	.Autoclave.Outputs.PRESSIP\OutputValue	-5.9	28.8	42.3	-1.0	0.0	-1.0	-1.0	-1.0	0.0	0.0	0.0	-1.0	-1.0	0.0	0.0	0.0	-1.0	0.0
01:57:15	57.0	310.7	291.7	314.3	313.6	317.6	289.2	0.2	44.0	0.0	0.2	0.2	317.6	289.2	5.4	4.3	306.2	303.4	361.8	361.7	361.0	374.9	100.2	57.0	28.4	0.0	363.7	340.6	44.0	73.4	12.5	44.1	0.0	46.8	.Autoclave.Outputs.PRESSIP\OutputValue	-5.7	28.4	44.2	-1.0	0.0	-1.0	-1.0	-1.0	0.0	0.0	0.0	-1.0	-1.0	0.0	0.0	0.0	-1.0	0.0
01:58:15	58.1	314.1	296.1	318.5	316.7	322.5	292.9	0.2	44.3	0.0	0.2	0.2	322.5	292.9	4.6	3.4	310.1	307.7	366.0	366.1	365.2	379.8	100.2	58.0	29.4	0.0	367.8	345.1	44.0	70.9	12.7	41.2	0.0	41.7	.Autoclave.Outputs.PRESSIP\OutputValue	-6.0	29.6	43.5	-1.0	0.0	-1.0	-1.0	-1.0	0.0	0.0	0.0	-1.0	-1.0	0.0	0.0	0.0	-1.0	0.0
01:59:15	59.0	319.4	300.6	322.8	322.5	326.5	298.4	0.2	44.6	0.0	0.2	0.2	326.5	298.4	5.6	4.3	315.0	312.5	370.6	370.6	369.8	384.5	100.3	59.0	30.4	0.0	372.2	349.6	44.0	71.7	12.9	38.2	0.0	43.4	.Autoclave.Outputs.PRESSIP\OutputValue	-6.0	28.1	44.1	-1.0	0.0	-1.0	-1.0	-1.0	0.0	0.0	0.0	-1.0	-1.0	0.0	0.0	0.0	-1.0	0.0
02:00:15	60.0	323.2	304.9	327.9	327.0	331.1	303.0	0.2	44.8	0.0	0.2	0.2	331.1	303.0	5.1	3.7	319.5	317.1	374.7	374.7	374.1	388.4	100.2	60.0	31.4	0.0	376.5	354.1	44.0	73.3	13.1	35.5	0.0	46.5	.Autoclave.Outputs.PRESSIP\OutputValue	-6.0	28.1	43.6	-1.0	0.0	-1.0	-1.0	-1.0	0.0	0.0	0.0	-1.0	-1.0	0.0	0.0	0.0	-1.0	0.0
02:01:15	61.1	325.7	309.3	329.5	331.2	334.1	307.0	0.2	44.0	0.0	0.2	0.2	334.1	307.0	4.4	1.9	322.8	320.6	372.9	372.9	372.2	366.1	100.2	61.0	32.4	0.0	376.3	355.0	44.0	82.6	13.2	43.8	0.0	65.2	.Autoclave.Outputs.PRESSIP\OutputValue	-6.0	27.1	38.8	-1.0	0.0	-1.0	-1.0	-1.0	0.0	0.0	0.0	-1.0	-1.0	0.0	0.0	0.0	-1.0	0.0
02:02:15	62.0	328.4	312.2	332.8	333.7	336.5	310.7	0.2	44.7	-0.2	0.2	0.2	336.5	310.7	3.5	1.8	325.7	323.6	372.9	372.9	372.2	383.0	100.3	62.0	33.4	0.0	373.7	355.0	44.0	67.0	10.2	36.8	0.0	33.9	.Autoclave.Outputs.PRESSIP\OutputValue	-6.0	25.8	36.4	-1.0	0.0	-1.0	-1.0	-1.0	0.0	0.0	0.0	-1.0	-1.0	0.0	0.0	0.0	-1.0	0.0
02:03:15	63.0	330.9	315.6	334.9	336.9	338.5	314.2	0.2	44.6	0.0	0.2	0.2	338.5	314.2	3.7	2.2	328.5	326.4	371.6	371.6	370.8	378.1	100.2	63.0	34.4	0.0	371.6	355.0	44.0	61.6	10.2	38.3	0.0	23.3	.Autoclave.Outputs.PRESSIP\OutputValue	-6.0	24.3	33.1	-1.0	0.0	-1.0	-1.0	-1.0	0.0	0.0	0.0	-1.0	-1.0	0.0	0.0	0.0	-1.0	0.0
02:04:14	64.0	332.4	318.4	336.7	336.3	340.4	317.5	0.2	44.6	0.0	0.2	0.2	340.4	317.5	4.2	-1.6	330.3	329.0	369.9	369.8	369.2	376.9	100.2	64.0	35.4	0.0	369.9	355.0	44.0	59.6	10.2	38.9	0.0	19.3	.Autoclave.Outputs.PRESSIP\OutputValue	-6.0	22.9	29.5	-1.0	0.0	-1.0	-1.0	-1.0	0.0	0.0	0.0	-1.0	-1.0	0.0	0.0	0.0	-1.0	0.0
02:05:15	65.1	333.5	320.9	338.7	341.2	341.4	320.4	0.2	44.5	0.0	0.2	0.2	341.4	320.4	6.0	1.6	332.7	330.9	368.6	368.4	367.6	374.4	100.3	65.0	36.4	0.0	368.5	355.0	44.0	53.6	10.2	39.5	0.0	7.3	.Autoclave.Outputs.PRESSIP\OutputValue	-6.0	21.0	27.2	-1.0	0.0	-1.0	-1.0	-1.0	0.0	0.0	0.0	-1.0	-1.0	0.0	0.0	0.0	-1.0	0.0
02:06:15	66.0	335.4	323.4	339.8	340.0	342.8	322.9	0.2	44.4	0.0	0.2	0.2	342.8	322.9	2.9	-0.5	334.0	332.9	367.2	367.3	366.5	373.0	100.2	66.0	37.4	0.0	366.6	355.0	44.0	58.3	10.2	40.0	0.0	16.6	.Autoclave.Outputs.PRESSIP\OutputValue	-6.0	19.9	24.4	-1.0	0.0	-1.0	-1.0	-1.0	0.0	0.0	0.0	-1.0	-1.0	0.0	0.0	0.0	-1.0	0.0
02:07:15	67.0	337.0	325.6	341.6	340.5	344.1	325.4	0.2	44.4	0.0	0.2	0.2	344.1	325.4	2.4	-0.3	335.7	334.8	366.3	366.3	365.6	372.2	100.4	67.0	38.4	0.0	366.0	355.0	44.0	55.6	10.1	40.0	0.0	11.2	.Autoclave.Outputs.PRESSIP\OutputValue	-6.0	18.7	22.2	-1.0	0.0	-1.0	-1.0	-1.0	0.0	0.0	0.0	-1.0	-1.0	0.0	0.0	0.0	-1.0	0.0
02:08:14	68.0	337.4	327.6	342.6	343.2	344.9	327.4	0.2	44.4	0.0	0.2	0.2	344.9	327.4	2.6	0.6	337.2	336.2	364.5	364.5	363.8	372.8	100.5	68.0	39.4	0.0	365.2	355.0	44.0	63.0	10.2	40.0	0.0	26.0	.Autoclave.Outputs.PRESSIP\OutputValue	-6.0	17.5	19.6	-1.0	0.0	-1.0	-1.0	-1.0	0.0	0.0	0.0	-1.0	-1.0	0.0	0.0	0.0	-1.0	0.0
02:09:15	69.0	339.4	329.5	343.8	344.3	346.0	329.7	0.2	44.4	0.0	0.2	0.2	346.0	329.5	2.1	1.1	338.8	337.7	364.4	364.3	363.5	370.8	100.3	69.0	40.4	0.0	363.9	355.0	44.0	55.6	10.2	40.8	0.0	11.3	.Autoclave.Outputs.PRESSIP\OutputValue	-6.0	16.5	18.4	-1.0	0.0	-1.0	-1.0	-1.0	0.0	0.0	0.0	-1.0	-1.0	0.0	0.0	0.0	-1.0	0.0
02:10:14	70.0	340.2	331.6	345.0	345.7	347.0	331.7	0.2	44.3	0.0	0.2	0.2	347.0	331.6	2.1	0.8	340.2	339.3	363.6	363.4	362.8	369.2	100.4	70.0	41.4	0.0	363.2	355.0	44.0	54.9	10.1	41.2	0.0	9.9	.Autoclave.Outputs.PRESSIP\OutputValue	-6.0	15.4	16.6	-1.0	0.0	-1.0	-1.0	-1.0	0.0	0.0	0.0	-1.0	-1.0	0.0	0.0	0.0	-1.0	0.0
02:11:14	71.0	340.5	332.9	345.3	347.3	347.1	333.1	0.2	44.3	0.0	0.2	0.2	347.3	332.9	1.6	0.1	341.0	340.1	360.5	360.5	359.8	369.2	100.4	71.0	42.4	0.0	362.7	355.0	44.0	74.9	10.2	41.2	0.0	49.8	.Autoclave.Outputs.PRESSIP\OutputValue	-6.0	14.5	13.2	-1.0	0.0	-1.0	-1.0	-1.0	0.0	0.0	0.0	-1.0	-1.0	0.0	0.0	0.0	-1.0	0.0
02:12:15	72.0	342.1	334.6	346.8	347.9	348.3	334.7	0.3	44.2	0.0	0.3	0.3	348.3	334.6	1.9	1.2	342.4	341.4	362.1	362.1	361.4	367.3	100.3	72.0	43.4	0.0	361.7	355.0	44.0	56.4	10.2	41.7	0.0	12.7	.Autoclave.Outputs.PRESSIP\OutputValue	-6.0	13.7	13.8	-1.0	0.0	-1.0	-1.0	-1.0	0.0	0.0	0.0	-1.0	-1.0	0.0	0.0	0.0	-1.0	0.0
02:13:14	73.0	343.0	336.2	347.6	348.9	348.9	336.2	0.3	44.3	0.0	0.3	0.3	348.9	336.2	1.6	0.5	343.5	342.5	361.5	361.5	360.7	367.4	100.4	73.0	44.4	0.0	361.1	355.0	44.0	55.6	10.2	41.5	0.0	11.1	.Autoclave.Outputs.PRESSIP\OutputValue	-6.0	12.7	12.6	-1.0	0.0	-1.0	-1.0	-1.0	0.0	0.0	0.0	-1.0	-1.0	0.0	0.0	0.0	-1.0	0.0
02:14:15	74.1	343.7	337.6	348.2	349.8	349.2	337.8	0.2	44.2	0.0	0.2	0.2	349.8	337.6	1.9	0.7	344.4	343.7	360.6	360.6	359.8	366.4	100.4	74.0	45.4	0.0	360.4	355.0	44.0	55.5	10.1	41.9	0.0	11.1	.Autoclave.Outputs.PRESSIP\OutputValue	-6.0	12.2	10.8	-1.0	0.0	-1.0	-1.0	-1.0	0.0	0.0	0.0	-1.0	-1.0	0.0	0.0	0.0	-1.0	0.0
02:15:15	75.0	344.3	338.5	348.5	350.7	350.0	339.2	0.3	44.2	0.0	0.3	0.3	350.7	338.5	1.2	0.4	345.2	344.6	359.9	359.9	359.1	365.2	100.6	75.0	46.4	0.0	359.4	355.0	44.0	54.8	10.1	42.1	0.0	9.6	.Autoclave.Outputs.PRESSIP\OutputValue	-6.0	12.2	9.2	-1.0	0.0	-1.0	-1.0	-1.0	0.0	0.0	0.0	-1.0	-1.0	0.0	0.0	0.0	-1.0	0.0
02:16:15	76.0	344.7	339.7	349.3	351.1	350.3	339.8	0.2	44.2	0.0	0.2	0.2	351.1	339.7	1.3	0.4	345.8	345.4	359.3	359.3	358.6	364.9	100.4	76.0	47.4	0.0	359.0	355.0	44.0	56.1	10.0	42.3	0.0	12.2	.Autoclave.Outputs.PRESSIP\OutputValue	-6.0	11.4	8.2	-1.0	0.0	-1.0	-1.0	-1.0	0.0	0.0	0.0	-1.0	-1.0	0.0	0.0	0.0	-1.0	0.0
02:17:15	77.1	345.4	340.7	349.7	351.5	350.6	340.8	0.2	44.2	0.0	0.2	0.2	351.5	340.7	1.0	0.3	346.4	346.1	359.1	359.1	358.3	364.1	100.5	77.0	48.4	0.0	358.4	355.0	44.0	54.1	10.0	42.5	0.0	8.1	.Autoclave.Outputs.PRESSIP\OutputValue	-6.0	10.8	7.6	-1.0	0.0	-1.0	-1.0	-1.0	0.0	0.0	0.0	-1.0	-1.0	0.0	0.0	0.0	-1.0	0.0
02:18:15	78.0	345.9	341.7	350.3	352.0	351.1	342.0	0.2	44.1	0.0	0.2	0.2	352.0	341.7	1.1	0.1	347.2	346.8	358.6	358.6	357.8	363.9	100.5	78.0	49.4	0.0	358.0	355.0	44.0	54.0	9.9	42.7	0.0	8.0	.Autoclave.Outputs.PRESSIP\OutputValue	-6.0	10.3	6.6	-1.0	0.0	-1.0	-1.0	-1.0	0.0	0.0	0.0	-1.0	-1.0	0.0	0.0	0.0	-1.0	0.0
02:19:14	79.0	346.3	342.4	350.1	352.3	350.7	342.4	0.3	44.1	0.0	0.3	0.3	352.3	342.4	0.8	-0.6	347.4	347.3	358.1	358.1	357.4	363.1	100.4	79.0	50.4	0.0	357.7	355.0	44.0	55.3	9.9	42.9	0.0	10.6	.Autoclave.Outputs.PRESSIP\OutputValue	-6.0	9.9	5.8	-1.0	0.0	-1.0	-1.0	-1.0	0.0	0.0	0.0	-1.0	-1.0	0.0	0.0	0.0	-1.0	0.0
02:20:14	80.0	346.8	343.2	350.5	352.7	351.6	343.2	0.3	44.1	0.0	0.3	0.3	352.7	343.2	1.0	0.3	348.0	347.9	357.8	357.8	357.1	363.2	100.5	80.0	51.4	0.0	357.3	355.0	44.0	54.6	9.8	43.1	0.0	9.2	.Autoclave.Outputs.PRESSIP\OutputValue	-6.0	9.5	5.1	-1.0	0.0	-1.0	-1.0	-1.0	0.0	0.0	0.0	-1.0	-1.0	0.0	0.0	0.0	-1.0	0.0
02:21:15	81.1	347.2	344.0	349.9	353.0	351.1	344.0	0.3	44.1	0.0	0.3	0.3	353.0	344.0	0.8	-0.7	348.2	348.5	357.5	357.5	356.7	363.0	100.5	81.0	52.4	0.0	357.0	355.0	44.0	53.9	9.8	42.9	0.0	7.7	.Autoclave.Outputs.PRESSIP\OutputValue	-6.0	9.0	4.5	-1.0	0.0	-1.0	-1.0	-1.0	0.0	0.0	0.0	-1.0	-1.0	0.0	0.0	0.0	-1.0	0.0
02:22:14	82.0	347.6	344.6	351.4	353.3	352.2	347.1	0.3	44.1	0.0	0.3	0.3	353.3	344.6	1.5	0.0	349.4	348.9	357.2	357.2	356.5	363.0	100.7	82.0	53.4	0.0	356.7	355.0	44.0	54.5	9.7	42.9	0.0	8.9	.Autoclave.Outputs.PRESSIP\OutputValue	-6.0	8.7	3.9	-1.0	0.0	-1.0	-1.0	-1.0	0.0	0.0	0.0	-1.0	-1.0	0.0	0.0	0.0	-1.0	0.0
02:23:10	83.0	347.9	345.3	351.0	353.4	352.1	345.4	0.2	44.1	0.0	0.2	0.2	353.4	345.3	1.2	-1.3	349.2	349.3	357.1	357.1	356.2	362.2	100.6	82.9	54.3	0.0	356.6	355.0	44.0	54.4	9.7	43.1	0.0	8.8	.Autoclave.Outputs.PRESSIP\OutputValue	-6.0	8.1	3.7	-1.0	0.0	-1.0	-1.0	-1.0	0.0	0.0	0.0	-1.0	-1.0	0.0	0.0	0.0	-1.0	0.0
02:23:14	83.0	347.9	345.3	350.7	353.3	352.2	345.5	0.3	44.1	0.0	0.3	0.3	353.3	345.3	1.2	-1.3	349.1	349.3	357.1	357.1	356.3	362.2	100.7	83.0	0.1	89.9	356.5	355.0	44.0	54.4	9.7	43.1	0.0	8.8	.Autoclave.Outputs.PRESSIP\OutputValue	-6.0	8.0	3.8	-1.0	0.0	-1.0	-1.0	-1.0	0.0	0.0	0.0	-1.0	-1.0	0.0	0.0	0.0	-1.0	0.0
02:24:15	84.1	348.3	345.9	351.9	353.7	352.9	346.0	0.3	44.1	-0.1	0.3	0.3	353.7	345.9	1.9	-0.1	349.8	349.8	356.9	356.9	356.1	362.2	100.7	84.0	1.1	88.9	356.4	355.0	44.0	54.4	9.6	43.1	0.0	8.7	.Autoclave.Outputs.PRESSIP\OutputValue	-6.0	7.8	3.2	-1.0	0.0	-1.0	-1.0	-1.0	0.0	0.0	0.0	-1.0	-1.0	0.0	0.0	0.0	-1.0	0.0
02:25:15	85.0	348.6	346.5	352.1	353.8	352.7	346.6	0.3	44.1	0.0	0.3	0.3	353.8	346.5	0.7	0.1	350.0	350.1	356.9	357.0	356.1	362.0	100.6	85.0	2.1	87.9	356.2	355.0	44.0	53.6	9.6	42.9	0.0	7.3	.Autoclave.Outputs.PRESSIP\OutputValue	-6.0	7.3	3.1	-1.0	0.0	-1.0	-1.0	-1.0	0.0	0.0	0.0	-1.0	-1.0	0.0	0.0	0.0	-1.0	0.0
02:26:14	86.0	348.9	347.0	352.5	353.8	352.7	347.2	0.3	44.1	0.0	0.3	0.3	353.8	347.0	0.5	0.0	350.3	350.4	356.7	356.6	355.9	362.1	100.7	86.0	3.1	86.9	356.2	355.0	44.0	54.3	9.5	43.1	0.0	8.5	.Autoclave.Outputs.PRESSIP\OutputValue	-6.0	6.8	2.9	-1.0	0.0	-1.0	-1.0	-1.0	0.0	0.0	0.0	-1.0	-1.0	0.0	0.0	0.0	-1.0	0.0
02:27:15	87.1	349.2	347.4	352.6	354.1	353.1	347.5	0.3	44.1	0.0	0.3	0.3	354.1	347.4	0.6	0.0	350.6	350.7	356.5	356.5	355.8	362.0	100.6	87.0	4.1	85.9	355.9	355.0	44.0	53.6	9.5	43.1	0.0	7.1	.Autoclave.Outputs.PRESSIP\OutputValue	-6.0	6.7	2.4	-1.0	0.0	-1.0	-1.0	-1.0	0.0	0.0	0.0	-1.0	-1.0	0.0	0.0	0.0	-1.0	0.0
02:28:15	88.0	349.3	347.9	352.7	354.1	352.9	348.1	0.2	44.1	0.0	0.2	0.2	354.1	347.9	0.4	0.1	350.8	351.0	356.3	356.3	355.5	361.7	100.6	88.0	5.1	84.9	355.9	355.0	44.0	54.8	9.4	43.1	0.0	9.7	.Autoclave.Outputs.PRESSIP\OutputValue	-6.0	6.2	2.2	-1.0	0.0	-1.0	-1.0	-1.0	0.0	0.0	0.0	-1.0	-1.0	0.0	0.0	0.0	-1.0	0.0
02:29:15	89.0	349.7	348.4	352.8	354.1	353.2	348.4	0.3	44.1	0.0	0.3	0.3	354.1	348.4	0.4	0.0	351.1	351.2	356.3	356.2	355.4	361.9	100.7	89.0	6.1	83.9	355.7	355.0	44.0	54.1	9.4	43.1	0.0	8.3	.Autoclave.Outputs.PRESSIP\OutputValue	-6.0	5.7	2.2	-1.0	0.0	-1.0	-1.0	-1.0	0.0	0.0	0.0	-1.0	-1.0	0.0	0.0	0.0	-1.0	0.0
02:30:14	90.0	349.8	348.7	352.9	354.3	353.5	348.7	0.3	44.1	0.0	0.3	0.3	354.3	348.7	0.4	0.1	351.3	351.5	356.1	356.1	355.5	361.7	100.8	90.0	7.1	82.9	355.7	355.0	44.0	55.4	9.4	43.2	0.0	10.9	.Autoclave.Outputs.PRESSIP\OutputValue	-6.0	5.6	1.8	-1.0	0.0	-1.0	-1.0	-1.0	0.0	0.0	0.0	-1.0	-1.0	0.0	0.0	0.0	-1.0	0.0
02:31:14	91.0	350.2	349.1	353.1	354.3	353.4	352.2	0.3	44.1	0.0	0.3	0.3	354.3	349.1	3.4	0.0	352.0	351.7	356.2	356.2	355.4	361.4	100.6	91.0	8.1	81.9	355.7	355.0	44.0	54.7	9.3	42.7	0.0	9.4	.Autoclave.Outputs.PRESSIP\OutputValue	-6.0	5.2	1.9	-1.0	0.0	-1.0	-1.0	-1.0	0.0	0.0	0.0	-1.0	-1.0	0.0	0.0	0.0	-1.0	0.0
02:32:15	92.0	350.3	349.4	353.1	354.4	353.6	349.6	0.3	44.1	0.0	0.3	0.3	354.4	349.4	0.4	0.1	351.7	351.9	356.1	356.1	355.4	361.4	100.7	92.0	9.1	80.9	355.6	355.0	44.0	53.4	9.3	43.1	0.0	6.7	.Autoclave.Outputs.PRESSIP\OutputValue	-6.0	5.0	1.7	-1.0	0.0	-1.0	-1.0	-1.0	0.0	0.0	0.0	-1.0	-1.0	0.0	0.0	0.0	-1.0	0.0
02:33:15	93.1	350.5	349.6	353.3	354.5	353.5	349.9	0.3	44.1	0.0	0.3	0.3	354.5	349.6	0.6	0.1	351.9	352.0	355.9	355.9	355.2	361.4	100.6	93.0	10.1	79.9	355.5	355.0	44.0	54.6	9.2	42.9	0.0	9.3	.Autoclave.Outputs.PRESSIP\OutputValue	-6.0	4.9	1.4	-1.0	0.0	-1.0	-1.0	-1.0	0.0	0.0	0.0	-1.0	-1.0	0.0	0.0	0.0	-1.0	0.0
02:34:15	94.1	350.6	350.0	353.3	354.5	353.8	350.1	0.3	44.1	0.0	0.3	0.3	354.5	350.0	0.5	-0.3	352.0	352.2	355.9	355.9	355.0	361.3	100.7	94.0	11.1	78.9	355.5	355.0	44.0	55.3	9.2	42.9	0.0	10.6	.Autoclave.Outputs.PRESSIP\OutputValue	-6.0	4.5	1.4	-1.0	0.0	-1.0	-1.0	-1.0	0.0	0.0	0.0	-1.0	-1.0	0.0	0.0	0.0	-1.0	0.0
02:35:14	95.0	350.9	350.3	353.5	354.6	353.7	350.7	0.3	44.1	0.0	0.3	0.3	354.6	350.3	0.3	-0.1	352.3	352.4	355.9	355.9	355.2	361.5	100.7	95.0	12.1	77.9	355.5	355.0	44.0	53.9	9.2	42.9	0.0	7.8	.Autoclave.Outputs.PRESSIP\OutputValue	-6.0	4.3	1.3	-1.0	0.0	-1.0	-1.0	-1.0	0.0	0.0	0.0	-1.0	-1.0	0.0	0.0	0.0	-1.0	0.0
02:36:15	96.0	350.9	350.5	353.6	354.6	354.5	350.8	0.2	44.1	0.0	0.2	0.2	354.6	350.5	0.2	0.0	352.5	352.5	355.9	355.9	355.2	361.2	100.7	96.0	13.1	76.9	355.5	355.0	44.0	53.2	9.1	42.7	0.0	6.4	.Autoclave.Outputs.PRESSIP\OutputValue	-6.0	4.1	1.3	-1.0	0.0	-1.0	-1.0	-1.0	0.0	0.0	0.0	-1.0	-1.0	0.0	0.0	0.0	-1.0	0.0
02:37:14	97.0	350.8	350.6	353.1	354.5	353.4	350.9	0.3	44.1	0.0	0.3	0.3	354.5	350.6	0.2	-0.4	352.2	352.5	354.5	354.5	353.7	361.6	100.7	97.0	14.1	75.9	355.5	355.0	44.0	63.2	9.1	42.9	0.0	26.4	.Autoclave.Outputs.PRESSIP\OutputValue	-6.0	3.9	0.0	-1.0	0.0	-1.0	-1.0	-1.0	0.0	0.0	0.0	-1.0	-1.0	0.0	0.0	0.0	-1.0	0.0
02:38:15	98.0	351.2	351.0	353.6	354.6	353.8	351.2	0.3	44.1	0.0	0.3	0.3	354.6	351.0	0.6	0.0	352.6	352.8	355.8	355.8	355.0	361.0	100.7	98.0	15.1	74.9	355.4	355.0	44.0	54.5	9.1	43.1	0.0	9.1	.Autoclave.Outputs.PRESSIP\OutputValue	-6.0	3.6	1.2	-1.0	0.0	-1.0	-1.0	-1.0	0.0	0.0	0.0	-1.0	-1.0	0.0	0.0	0.0	-1.0	0.0
02:39:14	99.0	351.3	351.2	353.6	354.6	354.4	351.3	0.3	44.1	0.0	0.3	0.3	354.6	351.2	0.2	0.0	352.7	352.9	355.6	355.6	354.8	361.6	100.7	99.0	16.1	73.9	355.3	355.0	44.0	55.2	9.1	42.7	0.0	10.4	.Autoclave.Outputs.PRESSIP\OutputValue	-6.0	3.4	1.0	-1.0	0.0	-1.0	-1.0	-1.0	0.0	0.0	0.0	-1.0	-1.0	0.0	0.0	0.0	-1.0	0.0
02:40:14	100.0	351.4	351.3	353.7	354.7	353.9	351.5	0.3	44.1	0.0	0.3	0.3	354.7	351.3	0.3	-0.1	352.7	353.0	355.6	355.6	354.9	361.2	100.8	100.0	17.1	72.9	355.4	355.0	44.0	55.1	9.1	42.9	0.0	10.3	.Autoclave.Outputs.PRESSIP\OutputValue	-6.0	3.4	0.9	-1.0	0.0	-1.0	-1.0	-1.0	0.0	0.0	0.0	-1.0	-1.0	0.0	0.0	0.0	-1.0	0.0
02:41:14	101.0	351.5	351.4	353.7	354.7	353.9	352.0	0.3	44.1	0.0	0.3	0.3	354.7	351.4	0.2	0.0	352.9	353.0	355.7	355.7	354.9	361.2	101.0	101.0	18.1	71.9	355.3	355.0	44.0	54.4	9.0	43.1	0.0	8.9	.Autoclave.Outputs.PRESSIP\OutputValue	-6.0	3.3	1.0	-1.0	0.0	-1.0	-1.0	-1.0	0.0	0.0	0.0	-1.0	-1.0	0.0	0.0	0.0	-1.0	0.0
02:42:14	102.0	351.6	351.7	353.8	354.7	353.9	351.9	0.3	44.1	0.0	0.3	0.3	354.7	351.6	0.2	0.0	352.9	353.1	355.6	355.6	354.8	361.2	100.8	102.0	19.1	70.9	355.4	355.0	44.0	55.8	9.0	43.1	0.0	11.5	.Autoclave.Outputs.PRESSIP\OutputValue	-6.0	3.1	0.9	-1.0	0.0	-1.0	-1.0	-1.0	0.0	0.0	0.0	-1.0	-1.0	0.0	0.0	0.0	-1.0	0.0
02:43:15	103.1	351.6	351.7	353.6	354.6	353.9	352.1	0.3	44.2	0.0	0.3	0.3	354.6	351.6	0.2	-0.3	352.9	353.1	354.8	355.0	354.2	362.2	100.9	103.0	20.1	69.9	355.4	355.0	44.0	61.1	9.0	42.3	0.0	22.2	.Autoclave.Outputs.PRESSIP\OutputValue	-6.0	3.0	0.2	-1.0	0.0	-1.0	-1.0	-1.0	0.0	0.0	0.0	-1.0	-1.0	0.0	0.0	0.0	-1.0	0.0
02:44:15	104.0	351.7	351.8	353.6	354.7	354.1	352.3	0.3	44.1	0.0	0.3	0.3	354.7	351.7	0.8	-0.2	353.0	353.2	355.5	355.5	354.7	361.2	100.9	104.0	21.1	68.9	355.2	355.0	44.0	55.1	9.0	42.7	0.0	10.2	.Autoclave.Outputs.PRESSIP\OutputValue	-6.0	3.0	0.8	-1.0	0.0	-1.0	-1.0	-1.0	0.0	0.0	0.0	-1.0	-1.0	0.0	0.0	0.0	-1.0	0.0
02:45:15	105.0	351.8	351.9	353.7	354.7	354.2	352.4	0.3	44.1	-0.1	0.3	0.3	354.7	351.8	0.3	-0.3	353.1	353.2	355.6	355.6	354.8	361.4	101.0	105.0	22.1	67.9	355.2	355.0	44.0	55.1	9.0	42.9	0.0	10.1	.Autoclave.Outputs.PRESSIP\OutputValue	-6.0	2.9	0.9	-1.0	0.0	-1.0	-1.0	-1.0	0.0	0.0	0.0	-1.0	-1.0	0.0	0.0	0.0	-1.0	0.0
02:46:15	106.1	351.9	352.1	353.8	354.7	354.2	352.6	0.3	44.1	0.0	0.3	0.3	354.7	351.9	0.2	0.0	353.2	353.3	355.5	355.5	354.8	360.1	101.0	106.0	23.1	66.9	355.3	355.0	44.0	54.4	9.0	43.2	0.0	8.7	.Autoclave.Outputs.PRESSIP\OutputValue	-6.0	2.8	0.8	-1.0	0.0	-1.0	-1.0	-1.0	0.0	0.0	0.0	-1.0	-1.0	0.0	0.0	0.0	-1.0	0.0
02:47:15	107.0	351.8	352.0	353.8	354.6	354.2	352.3	0.3	44.2	0.0	0.3	0.3	354.6	351.8	0.0	-0.3	353.1	353.2	355.2	355.2	354.5	363.1	100.9	107.0	24.1	65.9	355.4	355.0	44.0	59.1	9.1	42.1	0.0	18.3	.Autoclave.Outputs.PRESSIP\OutputValue	-6.0	2.8	0.6	-1.0	0.0	-1.0	-1.0	-1.0	0.0	0.0	0.0	-1.0	-1.0	0.0	0.0	0.0	-1.0	0.0
02:48:15	108.0	352.0	352.2	353.8	354.7	354.3	352.6	0.3	44.1	0.0	0.3	0.3	354.7	352.0	0.4	0.1	353.3	353.3	355.5	355.5	354.7	361.1	100.9	108.0	25.1	64.9	355.3	355.0	44.0	55.8	9.0	42.5	0.0	11.6	.Autoclave.Outputs.PRESSIP\OutputValue	-6.0	2.7	0.8	-1.0	0.0	-1.0	-1.0	-1.0	0.0	0.0	0.0	-1.0	-1.0	0.0	0.0	0.0	-1.0	0.0
02:49:15	109.1	351.9	352.4	353.8	354.8	354.3	352.7	0.3	44.1	-0.1	0.3	0.3	354.8	351.9	0.1	-0.1	353.3	353.3	355.6	355.5	354.8	361.3	101.1	109.0	26.1	63.9	355.3	355.0	44.0	54.4	9.0	42.7	0.0	8.9	.Autoclave.Outputs.PRESSIP\OutputValue	-6.0	2.9	0.8	-1.0	0.0	-1.0	-1.0	-1.0	0.0	0.0	0.0	-1.0	-1.0	0.0	0.0	0.0	-1.0	0.0
02:50:15	110.1	351.9	352.4	353.8	354.8	354.2	352.8	0.3	44.2	-0.1	0.3	0.3	354.8	351.9	0.2	-0.2	353.3	353.3	355.6	355.6	354.8	361.1	101.1	110.0	27.1	62.9	355.2	355.0	44.0	55.1	9.0	42.5	0.0	10.1	.Autoclave.Outputs.PRESSIP\OutputValue	-6.0	2.9	0.8	-1.0	0.0	-1.0	-1.0	-1.0	0.0	0.0	0.0	-1.0	-1.0	0.0	0.0	0.0	-1.0	0.0
02:51:15	111.0	351.9	352.5	353.8	354.8	354.3	352.9	0.3	44.2	0.0	0.3	0.3	354.8	351.9	0.1	0.0	353.4	353.3	355.5	355.5	354.7	361.4	101.0	111.0	28.1	61.9	355.2	355.0	44.0	55.7	9.0	42.5	0.0	11.4	.Autoclave.Outputs.PRESSIP\OutputValue	-6.0	2.9	0.7	-1.0	0.0	-1.0	-1.0	-1.0	0.0	0.0	0.0	-1.0	-1.0	0.0	0.0	0.0	-1.0	0.0
02:52:14	112.0	352.1	352.5	353.8	354.8	354.3	352.9	0.3	44.1	0.0	0.3	0.3	354.8	352.1	0.3	0.0	353.4	353.4	355.6	355.6	354.7	360.8	101.2	112.0	29.1	60.9	355.2	355.0	44.0	54.3	8.9	42.7	0.0	8.7	.Autoclave.Outputs.PRESSIP\OutputValue	-6.0	2.7	0.8	-1.0	0.0	-1.0	-1.0	-1.0	0.0	0.0	0.0	-1.0	-1.0	0.0	0.0	0.0	-1.0	0.0
02:53:15	113.1	352.2	352.6	353.9	354.7	354.4	353.5	0.3	44.2	0.0	0.3	0.3	354.7	352.2	0.3	0.0	353.5	353.4	355.5	355.6	354.9	361.5	101.2	113.0	30.1	59.9	355.2	355.0	44.0	43.7	8.9	42.3	0.0	0.0	.Autoclave.Outputs.PRESSIP\OutputValue	-6.0	2.5	0.8	-1.0	0.0	-1.0	-1.0	-1.0	0.0	0.0	0.0	-1.0	-1.0	0.0	0.0	0.0	-1.0	0.0
02:54:14	114.0	352.0	352.5	353.8	354.6	354.2	352.9	0.3	44.2	0.0	0.3	0.3	354.6	352.0	0.4	-0.5	353.3	353.3	354.9	355.0	354.2	363.0	101.1	114.0	31.1	58.9	355.4	355.0	44.0	60.4	9.0	41.9	0.0	20.7	.Autoclave.Outputs.PRESSIP\OutputValue	-6.0	2.6	0.3	-1.0	0.0	-1.0	-1.0	-1.0	0.0	0.0	0.0	-1.0	-1.0	0.0	0.0	0.0	-1.0	0.0
02:55:15	115.0	352.1	352.7	353.7	354.7	354.1	353.2	0.3	44.0	0.0	0.3	0.3	354.7	352.1	0.4	-0.3	353.4	353.4	355.3	355.3	354.5	357.9	101.0	115.0	32.1	57.9	355.3	355.0	44.0	56.4	8.9	44.4	0.0	12.7	.Autoclave.Outputs.PRESSIP\OutputValue	-6.0	2.6	0.6	-1.0	0.0	-1.0	-1.0	-1.0	0.0	0.0	0.0	-1.0	-1.0	0.0	0.0	0.0	-1.0	0.0
02:56:14	116.0	352.0	352.5	353.8	354.3	353.9	353.1	0.3	44.3	0.0	0.3	0.3	354.3	352.0	-0.2	-0.5	353.3	353.1	354.7	354.7	353.9	364.5	101.1	116.0	33.1	56.9	355.7	355.0	44.0	64.6	9.2	41.2	0.0	29.2	.Autoclave.Outputs.PRESSIP\OutputValue	-6.0	2.3	0.4	-1.0	0.0	-1.0	-1.0	-1.0	0.0	0.0	0.0	-1.0	-1.0	0.0	0.0	0.0	-1.0	0.0
02:57:14	117.0	352.3	352.8	353.9	354.7	354.3	353.1	0.3	44.2	0.0	0.3	0.3	354.7	352.3	0.4	0.2	353.5	353.5	355.6	355.5	354.8	361.0	101.1	117.0	34.1	55.9	355.4	355.0	44.0	55.2	9.2	42.3	0.0	10.5	.Autoclave.Outputs.PRESSIP\OutputValue	-6.0	2.4	0.9	-1.0	0.0	-1.0	-1.0	-1.0	0.0	0.0	0.0	-1.0	-1.0	0.0	0.0	0.0	-1.0	0.0
02:58:15	118.0	352.6	353.0	354.0	354.7	354.4	353.2	0.3	44.2	0.0	0.3	0.3	354.7	352.6	0.3	0.0	353.6	353.6	355.8	355.8	355.0	361.0	101.3	118.0	35.1	54.9	355.3	355.0	44.0	54.5	9.1	42.3	0.0	9.1	.Autoclave.Outputs.PRESSIP\OutputValue	-6.0	2.1	1.1	-1.0	0.0	-1.0	-1.0	-1.0	0.0	0.0	0.0	-1.0	-1.0	0.0	0.0	0.0	-1.0	0.0
02:59:15	119.1	352.3	353.0	353.9	354.8	354.4	353.2	0.3	44.2	0.0	0.3	0.3	354.8	352.3	0.1	-0.2	353.6	353.5	355.6	355.6	354.8	361.2	101.4	119.0	36.1	53.9	355.2	355.0	44.0	54.5	9.1	42.1	0.0	9.0	.Autoclave.Outputs.PRESSIP\OutputValue	-6.0	2.5	0.8	-1.0	0.0	-1.0	-1.0	-1.0	0.0	0.0	0.0	-1.0	-1.0	0.0	0.0	0.0	-1.0	0.0
03:00:14	120.0	352.3	353.0	353.8	354.8	354.4	353.4	0.3	44.2	0.0	0.3	0.3	354.8	352.3	0.1	-0.4	353.6	353.5	355.5	355.5	354.7	361.1	101.4	120.0	37.1	52.9	355.2	355.0	44.0	56.5	9.1	42.3	0.0	13.0	.Autoclave.Outputs.PRESSIP\OutputValue	-6.0	2.5	0.7	-1.0	0.0	-1.0	-1.0	-1.0	0.0	0.0	0.0	-1.0	-1.0	0.0	0.0	0.0	-1.0	0.0
03:01:15	121.0	352.4	353.1	353.9	354.8	354.3	353.5	0.3	44.2	0.0	0.3	0.3	354.8	352.4	0.6	0.0	353.7	353.6	355.3	355.3	354.6	361.1	101.4	121.0	38.1	51.9	355.2	355.0	44.0	56.5	9.0	42.1	0.0	12.9	.Autoclave.Outputs.PRESSIP\OutputValue	-6.0	2.4	0.5	-1.0	0.0	-1.0	-1.0	-1.0	0.0	0.0	0.0	-1.0	-1.0	0.0	0.0	0.0	-1.0	0.0
03:02:14	122.0	352.4	353.2	354.0	354.8	354.6	353.6	0.3	44.2	0.0	0.3	0.3	354.8	352.4	0.2	-0.4	353.8	353.6	355.5	355.5	354.8	361.4	101.4	122.0	39.1	50.9	352.0	355.0	44.0	33.2	9.0	41.9	-1.0	0.0	.Autoclave.Outputs.PRESSIP\OutputValue	-6.0	2.4	0.7	-1.0	0.0	-1.0	-1.0	-1.0	0.0	0.0	0.0	-1.0	-1.0	0.0	0.0	0.0	-1.0	0.0
03:03:15	123.0	352.4	353.2	353.7	354.8	354.6	353.6	0.3	44.2	0.0	0.3	0.3	354.8	352.4	0.1	-0.2	353.7	353.6	355.4	355.4	354.5	361.5	101.5	123.0	40.1	49.9	355.2	355.0	44.0	55.7	9.0	42.1	0.0	11.5	.Autoclave.Outputs.PRESSIP\OutputValue	-6.0	2.4	0.6	-1.0	0.0	-1.0	-1.0	-1.0	0.0	0.0	0.0	-1.0	-1.0	0.0	0.0	0.0	-1.0	0.0
03:04:14	124.0	352.6	353.2	353.8	354.8	354.4	353.5	0.3	44.2	0.0	0.3	0.3	354.8	352.6	1.5	-0.1	353.7	353.7	355.6	355.6	354.8	360.9	101.4	124.0	41.1	48.9	355.2	355.0	44.0	54.4	9.0	42.3	0.0	8.8	.Autoclave.Outputs.PRESSIP\OutputValue	-6.0	2.2	0.8	-1.0	0.0	-1.0	-1.0	-1.0	0.0	0.0	0.0	-1.0	-1.0	0.0	0.0	0.0	-1.0	0.0
03:05:15	125.1	352.6	353.3	353.9	354.9	354.3	353.7	0.3	44.1	0.0	0.3	0.3	354.9	352.6	1.1	-0.1	353.8	353.7	355.3	355.2	354.3	359.8	101.6	125.0	42.1	47.9	355.2	355.0	44.0	56.3	8.9	43.1	0.0	12.7	.Autoclave.Outputs.PRESSIP\OutputValue	-6.0	2.3	0.4	-1.0	0.0	-1.0	-1.0	-1.0	0.0	0.0	0.0	-1.0	-1.0	0.0	0.0	0.0	-1.0	0.0
03:06:15	126.1	352.6	353.1	352.9	354.7	354.8	353.6	0.3	44.2	-0.1	0.3	0.3	354.8	352.6	0.0	-1.3	353.6	353.7	355.6	355.6	354.8	361.2	101.5	126.0	43.1	46.9	355.2	355.0	44.0	54.4	8.9	42.3	0.0	8.7	.Autoclave.Outputs.PRESSIP\OutputValue	-6.0	2.2	0.8	-1.0	0.0	-1.0	-1.0	-1.0	0.0	0.0	0.0	-1.0	-1.0	0.0	0.0	0.0	-1.0	0.0
03:07:15	127.0	352.5	353.2	352.7	354.8	354.4	353.6	0.3	44.2	-0.1	0.3	0.3	354.8	352.5	0.2	-0.1	353.5	353.6	355.5	355.6	354.7	361.1	101.5	127.0	44.1	45.9	355.2	355.0	44.0	55.0	8.9	42.3	0.0	10.0	.Autoclave.Outputs.PRESSIP\OutputValue	-6.0	2.3	0.7	-1.0	0.0	-1.0	-1.0	-1.0	0.0	0.0	0.0	-1.0	-1.0	0.0	0.0	0.0	-1.0	0.0
03:08:15	128.0	352.2	353.2	353.6	354.8	354.1	353.7	0.3	44.2	0.0	0.3	0.3	354.8	352.2	0.8	-0.1	353.6	353.5	355.4	355.4	354.6	361.2	101.5	128.0	45.1	44.9	355.1	355.0	44.0	55.6	8.9	42.1	0.0	11.3	.Autoclave.Outputs.PRESSIP\OutputValue	-6.0	2.6	0.6	-1.0	0.0	-1.0	-1.0	-1.0	0.0	0.0	0.0	-1.0	-1.0	0.0	0.0	0.0	-1.0	0.0
03:09:15	129.1	352.4	353.2	353.8	354.7	354.3	353.6	0.3	44.2	0.0	0.3	0.3	354.7	352.4	0.1	-0.2	353.7	353.5	355.4	355.4	354.6	361.2	101.6	129.0	46.1	43.9	355.3	355.0	44.0	56.9	8.9	42.3	0.0	13.9	.Autoclave.Outputs.PRESSIP\OutputValue	-6.0	2.3	0.7	-1.0	0.0	-1.0	-1.0	-1.0	0.0	0.0	0.0	-1.0	-1.0	0.0	0.0	0.0	-1.0	0.0
03:10:15	130.0	352.7	353.2	353.9	354.8	354.1	353.6	0.3	44.2	-0.1	0.3	0.3	354.8	352.7	0.0	-0.2	353.7	353.7	355.5	355.4	354.7	361.0	101.7	130.0	47.1	42.9	355.3	355.0	44.0	54.9	8.8	42.1	0.0	9.8	.Autoclave.Outputs.PRESSIP\OutputValue	-6.0	2.1	0.7	-1.0	0.0	-1.0	-1.0	-1.0	0.0	0.0	0.0	-1.0	-1.0	0.0	0.0	0.0	-1.0	0.0
03:11:14	131.0	352.7	353.4	353.9	354.8	354.4	353.7	0.3	44.2	0.0	0.3	0.3	354.8	352.7	0.2	-0.1	353.8	353.7	355.5	355.5	354.8	361.1	101.7	131.0	48.1	41.9	355.2	355.0	44.0	53.6	8.8	42.1	0.0	7.1	.Autoclave.Outputs.PRESSIP\OutputValue	-6.0	2.1	0.7	-1.0	0.0	-1.0	-1.0	-1.0	0.0	0.0	0.0	-1.0	-1.0	0.0	0.0	0.0	-1.0	0.0
03:12:15	132.1	352.6	353.4	353.9	354.8	354.3	353.6	0.3	44.2	-0.1	0.3	0.3	354.8	352.6	0.5	0.0	353.8	353.7	355.5	355.4	354.7	361.0	101.7	132.0	49.1	40.9	355.2	355.0	44.0	54.9	8.8	42.1	0.0	9.7	.Autoclave.Outputs.PRESSIP\OutputValue	-6.0	2.2	0.7	-1.0	0.0	-1.0	-1.0	-1.0	0.0	0.0	0.0	-1.0	-1.0	0.0	0.0	0.0	-1.0	0.0
03:13:15	133.0	352.6	353.4	353.5	354.8	354.4	353.6	0.3	44.2	0.0	0.3	0.3	354.8	352.6	0.1	-0.7	353.7	353.7	355.4	355.4	354.6	361.3	101.6	133.0	50.1	39.9	355.3	355.0	44.0	55.5	8.8	41.7	0.0	11.0	.Autoclave.Outputs.PRESSIP\OutputValue	-6.0	2.2	0.6	-1.0	0.0	-1.0	-1.0	-1.0	0.0	0.0	0.0	-1.0	-1.0	0.0	0.0	0.0	-1.0	0.0
03:14:14	134.0	352.5	353.4	353.9	354.8	354.5	353.7	0.3	44.2	0.0	0.3	0.3	354.8	352.5	0.7	-0.2	353.8	353.6	355.4	355.4	354.7	360.9	101.6	134.0	51.1	38.9	355.2	355.0	44.0	55.5	8.7	42.1	0.0	10.9	.Autoclave.Outputs.PRESSIP\OutputValue	-6.0	2.3	0.6	-1.0	0.0	-1.0	-1.0	-1.0	0.0	0.0	0.0	-1.0	-1.0	0.0	0.0	0.0	-1.0	0.0
03:15:15	135.1	352.6	353.4	353.2	354.8	354.5	354.3	0.3	44.2	0.0	0.3	0.3	354.8	352.6	0.2	-0.4	353.8	353.7	355.4	355.4	354.7	361.0	101.7	135.0	52.1	37.9	355.1	355.0	44.0	54.8	8.7	41.9	0.0	9.6	.Autoclave.Outputs.PRESSIP\OutputValue	-6.0	2.2	0.6	-1.0	0.0	-1.0	-1.0	-1.0	0.0	0.0	0.0	-1.0	-1.0	0.0	0.0	0.0	-1.0	0.0
03:16:15	136.0	352.3	353.4	353.5	354.8	354.7	353.7	0.3	44.2	0.0	0.3	0.3	354.8	352.3	0.0	-1.3	353.7	353.5	354.7	354.8	354.0	361.4	101.7	136.0	53.1	36.9	355.1	355.0	44.0	60.1	8.7	41.9	0.0	20.2	.Autoclave.Outputs.PRESSIP\OutputValue	-6.0	2.5	-0.1	-1.0	0.0	-1.0	-1.0	-1.0	0.0	0.0	0.0	-1.0	-1.0	0.0	0.0	0.0	-1.0	0.0
03:17:15	137.0	352.6	353.4	353.5	354.8	354.4	353.8	0.3	44.2	0.0	0.3	0.3	354.8	352.6	1.1	-0.1	353.7	353.7	355.4	355.3	354.5	360.9	101.4	137.0	54.1	35.9	355.2	355.0	44.0	55.4	8.7	42.1	0.0	10.9	.Autoclave.Outputs.PRESSIP\OutputValue	-6.0	2.2	0.6	-1.0	0.0	-1.0	-1.0	-1.0	0.0	0.0	0.0	-1.0	-1.0	0.0	0.0	0.0	-1.0	0.0
03:18:15	138.1	352.4	353.4	353.9	354.8	354.4	353.8	0.3	44.2	0.0	0.3	0.3	354.8	352.4	0.6	-0.2	353.8	353.6	355.4	355.4	354.7	361.0	101.5	138.0	55.1	34.9	355.2	355.0	44.0	54.7	8.7	41.9	0.0	9.5	.Autoclave.Outputs.PRESSIP\OutputValue	-6.0	2.4	0.6	-1.0	0.0	-1.0	-1.0	-1.0	0.0	0.0	0.0	-1.0	-1.0	0.0	0.0	0.0	-1.0	0.0
03:19:14	139.0	352.3	353.2	352.6	354.6	354.0	353.8	0.3	44.2	0.0	0.3	0.3	354.6	352.3	-0.2	-1.5	353.4	353.4	354.0	354.1	353.3	362.2	101.6	139.0	56.1	33.9	355.4	355.0	44.0	66.8	8.7	41.5	0.0	33.6	.Autoclave.Outputs.PRESSIP\OutputValue	-6.0	2.3	-0.6	-1.0	0.0	-1.0	-1.0	-1.0	0.0	0.0	0.0	-1.0	-1.0	0.0	0.0	0.0	-1.0	0.0
03:20:15	140.0	352.4	353.3	352.9	354.8	354.4	353.8	0.3	44.2	0.0	0.3	0.3	354.8	352.4	1.3	0.2	353.6	353.6	355.5	355.5	354.7	360.6	101.7	140.0	57.1	32.9	355.2	355.0	44.0	54.8	8.7	42.1	0.0	9.6	.Autoclave.Outputs.PRESSIP\OutputValue	-6.0	2.4	0.7	-1.0	0.0	-1.0	-1.0	-1.0	0.0	0.0	0.0	-1.0	-1.0	0.0	0.0	0.0	-1.0	0.0
03:21:14	141.0	352.6	353.4	352.6	354.8	354.4	353.8	0.3	44.2	0.0	0.3	0.3	354.8	352.6	0.1	-1.0	353.6	353.7	355.4	355.4	354.6	361.3	101.8	141.0	58.1	31.9	355.2	355.0	44.0	55.5	8.7	41.7	0.0	10.9	.Autoclave.Outputs.PRESSIP\OutputValue	-6.0	2.2	0.6	-1.0	0.0	-1.0	-1.0	-1.0	0.0	0.0	0.0	-1.0	-1.0	0.0	0.0	0.0	-1.0	0.0
03:22:15	142.1	352.8	353.5	354.0	354.8	354.5	353.8	0.3	44.2	0.0	0.3	0.3	354.8	352.8	1.1	0.0	353.9	353.8	355.5	355.6	354.6	361.1	101.7	142.0	59.1	30.9	355.2	355.0	44.0	54.8	8.7	41.9	0.0	9.5	.Autoclave.Outputs.PRESSIP\OutputValue	-6.0	2.0	0.7	-1.0	0.0	-1.0	-1.0	-1.0	0.0	0.0	0.0	-1.0	-1.0	0.0	0.0	0.0	-1.0	0.0
03:23:15	143.0	352.5	353.4	352.9	354.9	354.2	353.8	0.3	44.2	0.0	0.3	0.3	354.9	352.5	0.3	-1.2	353.6	353.7	355.2	355.2	354.4	360.4	101.7	143.0	60.1	29.9	355.2	355.0	44.0	56.7	8.7	42.1	0.0	13.5	.Autoclave.Outputs.PRESSIP\OutputValue	-6.0	2.4	0.3	-1.0	0.0	-1.0	-1.0	-1.0	0.0	0.0	0.0	-1.0	-1.0	0.0	0.0	0.0	-1.0	0.0
03:24:15	144.0	352.6	353.5	353.0	354.8	354.2	354.4	0.3	44.2	0.0	0.3	0.3	354.8	352.6	0.7	-0.2	353.7	353.7	355.4	355.5	354.7	361.0	101.6	144.0	61.1	28.9	355.3	355.0	44.0	55.4	8.6	41.9	0.0	10.8	.Autoclave.Outputs.PRESSIP\OutputValue	-6.0	2.2	0.6	-1.0	0.0	-1.0	-1.0	-1.0	0.0	0.0	0.0	-1.0	-1.0	0.0	0.0	0.0	-1.0	0.0
03:25:14	145.0	352.8	353.6	353.1	354.8	354.4	353.8	0.3	44.2	0.0	0.3	0.3	354.8	352.8	0.2	-0.1	353.7	353.8	355.4	355.4	354.7	361.2	101.6	145.0	62.1	27.9	355.3	355.0	44.0	55.4	8.6	41.7	0.0	10.7	.Autoclave.Outputs.PRESSIP\OutputValue	-6.0	2.0	0.6	-1.0	0.0	-1.0	-1.0	-1.0	0.0	0.0	0.0	-1.0	-1.0	0.0	0.0	0.0	-1.0	0.0
03:26:14	146.0	352.6	353.5	353.0	354.8	354.4	353.9	0.3	44.2	0.0	0.3	0.3	354.8	352.6	0.7	-0.1	353.7	353.7	355.4	355.4	354.6	361.2	101.5	146.0	63.1	26.9	355.2	355.0	44.0	55.3	8.6	41.7	0.0	10.7	.Autoclave.Outputs.PRESSIP\OutputValue	-6.0	2.2	0.6	-1.0	0.0	-1.0	-1.0	-1.0	0.0	0.0	0.0	-1.0	-1.0	0.0	0.0	0.0	-1.0	0.0
03:27:15	147.0	352.7	353.6	353.6	354.8	354.3	353.8	0.3	44.2	0.0	0.3	0.3	354.8	352.7	0.2	-0.5	353.8	353.7	355.4	355.3	354.6	360.9	101.6	147.0	64.1	25.9	355.2	355.0	44.0	55.3	8.6	41.9	0.0	10.6	.Autoclave.Outputs.PRESSIP\OutputValue	-6.0	2.1	0.6	-1.0	0.0	-1.0	-1.0	-1.0	0.0	0.0	0.0	-1.0	-1.0	0.0	0.0	0.0	-1.0	0.0
03:28:15	148.1	352.8	353.6	354.1	354.8	354.4	353.9	0.3	44.2	0.0	0.3	0.3	354.8	352.8	0.2	-0.6	353.9	353.8	355.5	355.4	354.6	361.0	101.6	148.0	65.1	24.9	355.2	355.0	44.0	54.6	8.6	41.9	0.0	9.3	.Autoclave.Outputs.PRESSIP\OutputValue	-6.0	2.0	0.7	-1.0	0.0	-1.0	-1.0	-1.0	0.0	0.0	0.0	-1.0	-1.0	0.0	0.0	0.0	-1.0	0.0
03:29:15	149.0	352.8	353.6	352.9	354.8	354.5	354.0	0.3	44.2	0.0	0.3	0.3	354.8	352.8	1.0	-0.3	353.8	353.8	355.4	355.4	354.7	361.2	101.5	149.0	66.1	23.9	355.2	355.0	44.0	53.9	8.5	41.7	0.0	7.9	.Autoclave.Outputs.PRESSIP\OutputValue	-6.0	2.0	0.6	-1.0	0.0	-1.0	-1.0	-1.0	0.0	0.0	0.0	-1.0	-1.0	0.0	0.0	0.0	-1.0	0.0
03:30:15	150.0	352.6	353.5	352.7	354.9	354.5	354.2	0.3	44.2	0.0	0.3	0.3	354.9	352.6	0.3	-1.1	353.7	353.7	355.3	355.3	354.5	360.8	101.8	150.0	67.1	22.9	355.2	355.0	44.0	55.9	8.5	41.9	0.0	11.8	.Autoclave.Outputs.PRESSIP\OutputValue	-6.0	2.3	0.4	-1.0	0.0	-1.0	-1.0	-1.0	0.0	0.0	0.0	-1.0	-1.0	0.0	0.0	0.0	-1.0	0.0
03:31:15	151.1	352.6	353.6	352.8	354.8	354.4	353.9	0.3	44.2	0.0	0.3	0.3	354.8	352.6	0.5	-0.1	353.7	353.7	355.2	355.2	354.5	360.9	101.6	151.0	68.1	21.9	355.2	355.0	44.0	56.6	8.5	42.1	0.0	13.1	.Autoclave.Outputs.PRESSIP\OutputValue	-6.0	2.2	0.4	-1.0	0.0	-1.0	-1.0	-1.0	0.0	0.0	0.0	-1.0	-1.0	0.0	0.0	0.0	-1.0	0.0
03:32:15	152.0	352.6	353.6	353.3	354.9	354.5	353.9	0.3	44.2	0.0	0.3	0.3	354.9	352.6	0.2	-0.2	353.8	353.7	355.4	355.3	354.7	360.8	101.7	152.0	69.1	20.9	355.1	355.0	44.0	55.2	8.5	41.9	0.0	10.4	.Autoclave.Outputs.PRESSIP\OutputValue	-6.0	2.3	0.5	-1.0	0.0	-1.0	-1.0	-1.0	0.0	0.0	0.0	-1.0	-1.0	0.0	0.0	0.0	-1.0	0.0
03:33:14	153.0	352.8	353.6	354.0	354.8	354.5	353.9	0.3	44.2	0.0	0.3	0.3	354.8	352.8	0.6	-0.2	353.9	353.8	355.3	355.3	354.6	361.0	101.7	153.0	70.1	19.9	355.2	355.0	44.0	55.8	8.4	41.7	0.0	11.7	.Autoclave.Outputs.PRESSIP\OutputValue	-6.0	2.0	0.5	-1.0	0.0	-1.0	-1.0	-1.0	0.0	0.0	0.0	-1.0	-1.0	0.0	0.0	0.0	-1.0	0.0
03:34:15	154.1	352.5	353.6	354.1	354.9	354.5	353.9	0.3	44.2	0.0	0.3	0.3	354.9	352.5	0.3	-0.1	353.9	353.7	355.4	355.4	354.6	360.7	101.6	154.0	71.1	18.9	355.2	355.0	44.0	55.2	8.4	41.9	0.0	10.3	.Autoclave.Outputs.PRESSIP\OutputValue	-6.0	2.4	0.5	-1.0	0.0	-1.0	-1.0	-1.0	0.0	0.0	0.0	-1.0	-1.0	0.0	0.0	0.0	-1.0	0.0
03:35:15	155.1	352.8	353.6	354.0	354.8	354.5	354.0	0.3	44.2	0.0	0.3	0.3	354.8	352.8	0.1	-0.1	353.9	353.8	355.4	355.4	354.6	361.1	101.7	155.0	72.1	17.9	355.2	355.0	44.0	54.5	8.4	41.7	0.0	9.0	.Autoclave.Outputs.PRESSIP\OutputValue	-6.0	2.0	0.6	-1.0	0.0	-1.0	-1.0	-1.0	0.0	0.0	0.0	-1.0	-1.0	0.0	0.0	0.0	-1.0	0.0
03:36:15	156.0	352.6	353.6	354.1	354.8	354.5	353.9	0.3	44.2	0.0	0.3	0.3	354.8	352.6	1.0	-0.2	353.9	353.7	355.4	355.3	354.6	360.6	101.7	156.0	73.1	16.9	355.0	355.0	44.0	53.9	8.4	41.7	0.0	7.7	.Autoclave.Outputs.PRESSIP\OutputValue	-6.0	2.2	0.6	-1.0	0.0	-1.0	-1.0	-1.0	0.0	0.0	0.0	-1.0	-1.0	0.0	0.0	0.0	-1.0	0.0
03:37:15	157.0	352.7	353.6	354.1	352.2	354.6	353.9	0.3	44.2	-0.1	0.3	0.3	354.6	352.2	0.2	-2.6	353.5	353.4	355.6	355.7	354.9	361.3	101.6	157.0	74.1	15.9	355.4	355.0	44.0	55.2	8.4	41.9	0.0	10.4	.Autoclave.Outputs.PRESSIP\OutputValue	-6.0	2.4	1.0	-1.0	0.0	-1.0	-1.0	-1.0	0.0	0.0	0.0	-1.0	-1.0	0.0	0.0	0.0	-1.0	0.0
03:38:14	158.0	352.4	353.6	353.8	352.2	354.4	353.9	0.3	44.0	0.0	0.3	0.3	354.4	352.2	0.2	-1.2	353.4	353.3	354.9	354.9	354.0	356.1	101.6	158.0	75.1	14.9	355.7	355.0	44.0	61.8	8.3	44.2	0.0	23.7	.Autoclave.Outputs.PRESSIP\OutputValue	-6.0	2.2	0.5	-1.0	0.0	-1.0	-1.0	-1.0	0.0	0.0	0.0	-1.0	-1.0	0.0	0.0	0.0	-1.0	0.0
03:39:15	159.0	352.8	353.7	353.5	352.1	354.6	353.9	0.3	44.2	0.0	0.3	0.3	354.6	352.1	0.8	-0.4	353.4	353.4	355.6	355.5	354.7	361.3	101.7	159.0	76.1	13.9	355.7	355.0	44.0	56.6	8.4	41.7	0.0	13.2	.Autoclave.Outputs.PRESSIP\OutputValue	-6.0	2.5	1.0	-1.0	0.0	-1.0	-1.0	-1.0	0.0	0.0	0.0	-1.0	-1.0	0.0	0.0	0.0	-1.0	0.0
03:40:14	160.0	352.8	353.7	352.8	352.9	354.4	353.9	0.3	44.2	0.0	0.3	0.3	354.4	352.8	0.2	-0.8	353.4	353.6	355.7	355.7	355.0	361.2	101.8	160.0	77.1	12.9	355.4	355.0	44.0	54.6	8.4	41.5	0.0	9.1	.Autoclave.Outputs.PRESSIP\OutputValue	-6.0	1.6	1.3	-1.0	0.0	-1.0	-1.0	-1.0	0.0	0.0	0.0	-1.0	-1.0	0.0	0.0	0.0	-1.0	0.0
03:41:14	161.0	352.8	353.7	354.0	352.6	354.4	354.0	0.3	44.2	0.0	0.3	0.3	354.4	352.6	1.1	-0.4	353.6	353.5	355.7	355.7	354.9	361.6	101.6	161.0	78.1	11.9	355.4	355.0	44.0	54.5	8.4	41.5	0.0	9.1	.Autoclave.Outputs.PRESSIP\OutputValue	-6.0	1.8	1.3	-1.0	0.0	-1.0	-1.0	-1.0	0.0	0.0	0.0	-1.0	-1.0	0.0	0.0	0.0	-1.0	0.0
03:42:15	162.0	352.8	353.7	354.0	352.9	354.6	354.0	0.3	44.2	0.0	0.3	0.3	354.6	352.8	0.5	-0.3	353.7	353.7	355.8	355.8	355.0	361.5	101.6	162.0	79.1	10.9	355.4	355.0	44.0	55.9	8.4	41.5	0.0	11.7	.Autoclave.Outputs.PRESSIP\OutputValue	-6.0	1.8	1.2	-1.0	0.0	-1.0	-1.0	-1.0	0.0	0.0	0.0	-1.0	-1.0	0.0	0.0	0.0	-1.0	0.0
03:43:14	163.0	352.8	353.6	354.0	352.9	354.6	354.0	0.3	44.2	0.0	0.3	0.3	354.6	352.8	0.1	-0.1	353.6	353.7	355.8	355.7	354.9	361.4	101.8	163.0	80.1	9.9	355.5	355.0	44.0	53.8	8.3	41.4	0.0	7.7	.Autoclave.Outputs.PRESSIP\OutputValue	-6.0	1.8	1.2	-1.0	0.0	-1.0	-1.0	-1.0	0.0	0.0	0.0	-1.0	-1.0	0.0	0.0	0.0	-1.0	0.0
03:44:14	164.0	352.3	353.6	353.8	352.8	354.4	353.8	0.3	44.1	0.0	0.3	0.3	354.4	352.3	0.2	-0.2	353.4	353.3	355.1	355.1	354.3	358.9	101.7	164.0	81.1	8.9	355.9	355.0	44.0	61.8	8.3	43.2	0.0	23.6	.Autoclave.Outputs.PRESSIP\OutputValue	-6.0	2.1	0.7	-1.0	0.0	-1.0	-1.0	-1.0	0.0	0.0	0.0	-1.0	-1.0	0.0	0.0	0.0	-1.0	0.0
03:45:15	165.0	352.1	353.4	353.5	352.6	354.1	353.7	0.3	44.3	0.0	0.3	0.3	354.1	352.1	-0.2	-1.3	353.2	353.1	354.0	354.0	353.3	362.6	101.7	165.0	82.1	7.9	355.7	355.0	44.0	68.6	8.5	41.0	0.0	37.2	.Autoclave.Outputs.PRESSIP\OutputValue	-6.0	2.0	-0.1	-1.0	0.0	-1.0	-1.0	-1.0	0.0	0.0	0.0	-1.0	-1.0	0.0	0.0	0.0	-1.0	0.0
03:46:14	166.0	352.6	353.5	354.0	352.6	354.5	354.0	0.3	44.3	0.0	0.3	0.3	354.5	352.6	0.6	0.1	353.5	353.5	355.7	355.7	355.0	361.3	101.8	166.0	83.1	6.9	355.6	355.0	44.0	57.3	8.5	41.4	0.0	14.6	.Autoclave.Outputs.PRESSIP\OutputValue	-6.0	1.9	1.2	-1.0	0.0	-1.0	-1.0	-1.0	0.0	0.0	0.0	-1.0	-1.0	0.0	0.0	0.0	-1.0	0.0
03:47:15	167.1	352.3	353.6	353.6	352.8	354.3	353.9	0.3	44.1	0.0	0.3	0.3	354.3	352.3	0.7	-0.4	353.4	353.3	354.9	354.8	354.0	357.7	101.6	167.0	84.1	5.9	355.7	355.0	44.0	62.6	8.5	43.4	0.0	25.3	.Autoclave.Outputs.PRESSIP\OutputValue	-6.0	2.0	0.6	-1.0	0.0	-1.0	-1.0	-1.0	0.0	0.0	0.0	-1.0	-1.0	0.0	0.0	0.0	-1.0	0.0
03:48:15	168.0	352.8	353.6	354.1	353.3	354.2	353.8	0.3	44.3	0.0	0.3	0.3	354.2	352.8	0.3	-0.3	353.6	353.5	355.8	355.7	355.1	361.3	101.8	168.0	85.1	4.9	355.7	355.0	44.0	55.4	8.5	41.4	0.0	10.8	.Autoclave.Outputs.PRESSIP\OutputValue	-6.0	1.4	1.6	-1.0	0.0	-1.0	-1.0	-1.0	0.0	0.0	0.0	-1.0	-1.0	0.0	0.0	0.0	-1.0	0.0
03:49:15	169.0	352.6	353.6	354.0	352.4	354.4	353.9	0.3	44.2	0.0	0.3	0.3	354.4	352.4	0.1	-0.1	353.5	353.4	355.6	355.6	354.8	361.1	101.6	169.0	86.1	3.9	355.5	355.0	44.0	55.4	8.5	41.5	0.0	10.7	.Autoclave.Outputs.PRESSIP\OutputValue	-6.0	2.0	1.2	-1.0	0.0	-1.0	-1.0	-1.0	0.0	0.0	0.0	-1.0	-1.0	0.0	0.0	0.0	-1.0	0.0
03:50:15	170.1	352.2	353.6	353.3	352.9	354.2	353.8	0.3	44.0	0.0	0.3	0.3	354.2	352.2	0.7	-0.5	353.3	353.2	354.1	354.1	353.4	356.2	101.7	170.0	87.1	2.9	356.0	355.0	44.0	69.4	8.5	43.6	0.0	38.7	.Autoclave.Outputs.PRESSIP\OutputValue	-6.0	2.0	-0.1	-1.0	0.0	-1.0	-1.0	-1.0	0.0	0.0	0.0	-1.0	-1.0	0.0	0.0	0.0	-1.0	0.0
03:51:15	171.1	352.2	353.6	353.5	353.1	354.1	354.0	0.3	44.0	0.0	0.3	0.3	354.1	352.2	0.4	-0.7	353.4	353.1	354.6	354.6	353.7	355.5	101.6	171.0	88.1	1.9	356.0	355.0	44.0	65.5	8.6	44.2	0.0	30.9	.Autoclave.Outputs.PRESSIP\OutputValue	-6.0	1.9	0.5	-1.0	0.0	-1.0	-1.0	-1.0	0.0	0.0	0.0	-1.0	-1.0	0.0	0.0	0.0	-1.0	0.0
03:52:15	172.0	352.8	353.5	354.1	352.9	354.7	353.9	0.3	44.3	0.0	0.3	0.3	354.7	352.8	0.1	-0.1	353.6	353.7	355.8	355.8	355.0	361.6	101.7	172.0	89.1	0.9	355.9	355.0	44.0	54.9	8.7	41.4	0.0	9.8	.Autoclave.Outputs.PRESSIP\OutputValue	-6.0	1.9	1.1	-1.0	0.0	-1.0	-1.0	-1.0	0.0	0.0	0.0	-1.0	-1.0	0.0	0.0	0.0	-1.0	0.0
03:53:10	173.0	351.7	353.5	353.5	353.0	354.1	353.8	0.3	43.8	0.0	0.3	0.3	354.1	351.7	0.4	-0.9	353.3	352.9	354.3	354.2	353.5	349.7	101.6	172.9	90.0	0.0	355.9	355.0	44.0	67.5	8.7	46.3	0.0	35.1	.Autoclave.Outputs.PRESSIP\OutputValue	-6.0	2.4	0.2	-1.0	0.0	-1.0	-1.0	-1.0	0.0	0.0	0.0	-1.0	-1.0	0.0	0.0	0.0	-1.0	0.0
03:53:14	173.0	351.5	353.4	352.9	352.8	353.8	353.8	0.3	43.8	0.0	0.3	0.3	353.8	351.5	0.4	-0.9	353.0	352.6	353.5	353.5	352.7	349.0	101.6	173.0	0.1	0.0	354.7	354.6	44.0	64.9	8.7	46.5	0.0	29.7	.Autoclave.Outputs.PRESSIP\OutputValue	-5.9	2.3	-0.3	-1.0	0.0	-1.0	-1.0	-1.0	0.0	0.0	0.0	-1.0	-1.0	0.0	0.0	0.0	-1.0	0.0
03:54:15	174.1	351.1	353.1	352.6	351.3	352.8	353.3	0.3	43.6	0.0	0.3	0.3	353.3	351.1	-0.3	-1.1	352.4	352.2	351.3	351.3	350.6	348.6	101.6	174.0	1.1	0.0	350.2	350.1	44.0	48.8	8.8	47.7	-1.0	0.0	.Autoclave.Outputs.PRESSIP\OutputValue	-5.8	2.2	-2.0	-1.0	0.0	-1.0	-1.0	-1.0	0.0	0.0	0.0	-1.0	-1.0	0.0	0.0	0.0	-1.0	0.0
03:55:15	175.0	347.5	351.2	349.5	350.2	349.6	351.9	0.3	44.6	0.0	0.3	0.3	351.9	347.5	-1.3	-3.9	350.0	349.7	341.9	341.9	341.1	347.4	101.8	175.0	2.1	0.0	345.7	345.6	44.0	82.3	8.9	38.3	0.0	64.6	.Autoclave.Outputs.PRESSIP\OutputValue	-6.0	4.4	-10.0	-1.0	0.0	-1.0	-1.0	-1.0	0.0	0.0	0.0	-1.0	-1.0	0.0	0.0	0.0	-1.0	0.0
03:56:15	176.0	345.4	350.6	347.3	349.5	347.2	351.4	0.2	43.3	0.0	0.2	0.2	351.4	345.4	-0.5	-2.2	348.6	348.4	339.5	339.1	338.4	319.3	101.6	176.0	3.1	0.0	341.2	341.1	44.0	68.4	9.0	50.7	0.0	36.7	.Autoclave.Outputs.PRESSIP\OutputValue	-5.9	6.0	-11.9	-1.0	0.0	-1.0	-1.0	-1.0	0.0	0.0	0.0	-1.0	-1.0	0.0	0.0	0.0	-1.0	0.0
03:57:15	177.1	343.7	348.8	346.1	346.4	345.1	349.9	0.3	44.2	0.0	0.3	0.3	349.9	343.7	-1.6	-3.7	346.7	346.8	335.0	335.0	334.2	340.8	101.8	177.0	4.1	0.0	336.7	336.6	44.0	68.9	9.4	42.8	0.0	37.8	.Autoclave.Outputs.PRESSIP\OutputValue	-5.7	6.2	-14.9	-1.0	0.0	-1.0	-1.0	-1.0	0.0	0.0	0.0	-1.0	-1.0	0.0	0.0	0.0	-1.0	0.0
03:58:14	178.0	340.5	347.5	342.1	345.0	342.4	348.2	0.2	44.1	0.0	0.2	0.2	348.2	340.5	-0.1	-3.4	344.3	344.3	326.7	326.7	325.8	320.5	102.0	178.0	5.1	0.0	332.2	332.1	44.0	93.7	9.5	43.4	0.0	87.5	.Autoclave.Outputs.PRESSIP\OutputValue	-5.4	7.7	-21.5	-1.0	0.0	-1.0	-1.0	-1.0	0.0	0.0	0.0	-1.0	-1.0	0.0	0.0	0.0	-1.0	0.0
03:59:15	179.0	339.5	346.0	342.3	342.3	340.8	346.3	0.2	44.5	0.0	0.2	0.2	346.3	339.5	-0.5	-3.1	342.9	342.9	327.9	327.9	327.3	332.6	101.7	179.0	6.1	0.0	327.6	327.6	44.0	56.6	9.8	38.9	0.0	13.2	.Autoclave.Outputs.PRESSIP\OutputValue	-6.0	6.8	-18.4	-1.0	0.0	-1.0	-1.0	-1.0	0.0	0.0	0.0	-1.0	-1.0	0.0	0.0	0.0	-1.0	0.0
03:59:39	179.4	338.3	345.5	340.9	341.7	339.2	345.9	0.2	43.5	0.0	0.2	0.2	345.9	338.3	0.0	-2.9	341.9	342.1	326.4	326.0	325.2	310.9	101.5	179.4	6.5	0.0	325.9	325.8	44.0	54.7	9.8	48.6	0.0	9.4	.Autoclave.Outputs.PRESSIP\OutputValue	-5.9	7.6	-20.0	-1.0	0.0	-1.0	-1.0	-1.0	0.0	0.0	0.0	-1.0	-1.0	0.0	0.0	0.0	-1.0	0.0
04:00:14	180.0	335.5	343.9	337.9	339.6	337.1	344.6	0.2	43.9	0.0	0.2	0.2	344.6	335.5	-1.6	-4.3	339.8	340.0	318.6	318.7	317.8	320.5	101.8	180.0	0.6	0.0	323.2	323.2	44.0	89.0	10.0	45.3	0.0	78.0	.Autoclave.Outputs.PRESSIP\OutputValue	-5.5	9.1	-26.0	-1.0	0.0	-1.0	-1.0	-1.0	0.0	0.0	0.0	-1.0	-1.0	0.0	0.0	0.0	-1.0	0.0
04:01:15	181.0	334.9	342.5	337.4	336.6	335.5	343.6	0.2	43.5	0.0	0.2	0.2	343.6	334.9	-0.1	-2.7	338.4	339.2	320.1	320.0	319.3	313.2	101.6	181.0	1.6	0.0	318.7	318.6	44.0	49.0	10.1	49.7	-1.0	0.0	.Autoclave.Outputs.PRESSIP\OutputValue	-5.3	8.7	-23.5	-1.0	0.0	-1.0	-1.0	-1.0	0.0	0.0	0.0	-1.0	-1.0	0.0	0.0	0.0	-1.0	0.0
04:02:15	182.0	330.9	339.9	333.6	334.2	331.5	341.6	0.2	44.3	0.0	0.2	0.2	341.6	330.9	-1.8	-4.2	335.3	336.2	312.5	312.4	311.6	315.2	101.8	182.0	2.6	0.0	314.1	314.1	44.0	69.9	10.4	41.9	0.0	39.8	.Autoclave.Outputs.PRESSIP\OutputValue	-5.3	10.7	-29.1	-1.0	0.0	-1.0	-1.0	-1.0	0.0	0.0	0.0	-1.0	-1.0	0.0	0.0	0.0	-1.0	0.0
04:03:14	183.0	327.6	338.1	329.1	332.2	327.9	339.5	0.2	43.5	0.0	0.2	0.2	339.5	327.6	-1.3	-4.6	332.4	333.5	305.7	305.7	304.9	296.5	101.7	183.0	3.6	0.0	309.7	309.6	44.0	84.1	10.5	50.1	0.0	68.3	.Autoclave.Outputs.PRESSIP\OutputValue	-5.2	11.9	-33.8	-1.0	0.0	-1.0	-1.0	-1.0	0.0	0.0	0.0	-1.0	-1.0	0.0	0.0	0.0	-1.0	0.0
04:04:15	184.1	326.0	335.7	328.6	327.3	325.8	337.6	0.2	43.8	0.0	0.2	0.2	337.6	325.8	-1.8	-4.7	330.2	331.7	305.6	305.6	304.9	308.8	101.6	184.0	4.6	0.0	305.2	305.1	44.0	55.7	10.7	46.8	0.0	11.4	.Autoclave.Outputs.PRESSIP\OutputValue	-4.7	11.8	-32.0	-1.0	0.0	-1.0	-1.0	-1.0	0.0	0.0	0.0	-1.0	-1.0	0.0	0.0	0.0	-1.0	0.0
04:05:14	185.0	322.0	333.3	324.2	324.7	322.0	334.5	0.2	44.4	0.0	0.2	0.2	334.5	322.0	-2.4	-4.4	326.8	328.2	297.4	297.5	296.7	299.7	102.0	185.0	5.6	0.0	300.7	300.6	44.0	80.6	10.9	42.0	0.0	61.1	.Autoclave.Outputs.PRESSIP\OutputValue	-4.4	12.5	-37.1	-1.0	0.0	-1.0	-1.0	-1.0	0.0	0.0	0.0	-1.0	-1.0	0.0	0.0	0.0	-1.0	0.0
04:06:15	186.0	320.0	331.2	322.7	321.3	319.6	331.8	0.2	43.7	0.0	0.2	0.2	331.8	319.6	-0.7	-3.9	324.4	325.7	297.1	297.0	296.4	287.4	101.7	186.0	6.6	0.0	296.1	296.1	44.0	52.4	10.9	48.0	-1.0	4.9	.Autoclave.Outputs.PRESSIP\OutputValue	-5.0	12.2	-34.7	-1.0	0.0	-1.0	-1.0	-1.0	0.0	0.0	0.0	-1.0	-1.0	0.0	0.0	0.0	-1.0	0.0
04:07:15	187.1	316.5	328.3	319.1	320.1	315.5	330.2	0.1	43.9	0.0	0.1	0.1	330.2	315.5	-1.0	-4.1	321.6	322.9	291.0	291.1	290.4	293.1	101.7	187.0	7.6	0.0	291.7	291.6	44.0	63.4	11.1	47.0	0.0	26.8	.Autoclave.Outputs.PRESSIP\OutputValue	-4.3	14.7	-39.2	-1.0	0.0	-1.0	-1.0	-1.0	0.0	0.0	0.0	-1.0	-1.0	0.0	0.0	0.0	-1.0	0.0
04:08:15	188.0	312.8	325.6	314.5	317.8	311.3	327.1	0.1	44.0	0.0	0.1	0.1	327.1	311.3	-2.2	-4.5	318.2	319.2	283.4	283.4	282.7	280.5	101.9	188.0	8.6	0.0	287.2	287.1	44.0	84.1	11.2	46.5	0.0	68.2	.Autoclave.Outputs.PRESSIP\OutputValue	-3.7	15.8	-43.7	-1.0	0.0	-1.0	-1.0	-1.0	0.0	0.0	0.0	-1.0	-1.0	0.0	0.0	0.0	-1.0	0.0
04:09:15	189.0	310.9	323.1	313.0	314.5	309.1	325.0	0.2	43.8	0.0	0.2	0.2	325.0	309.1	-1.5	-3.5	315.9	317.1	283.9	283.9	283.1	281.1	101.7	189.0	9.6	0.0	282.7	282.6	44.0	50.9	11.3	48.2	-1.0	1.7	.Autoclave.Outputs.PRESSIP\OutputValue	-3.9	15.9	-41.1	-1.0	0.0	-1.0	-1.0	-1.0	0.0	0.0	0.0	-1.0	-1.0	0.0	0.0	0.0	-1.0	0.0
04:10:15	190.1	306.9	319.9	309.2	310.6	305.4	322.0	0.1	43.7	0.0	0.1	0.1	322.0	305.4	-3.2	-4.0	312.3	313.7	277.9	277.9	277.2	279.9	101.8	190.0	10.6	0.0	278.2	278.1	44.0	60.5	11.4	49.8	0.0	20.9	.Autoclave.Outputs.PRESSIP\OutputValue	-3.0	16.6	-44.1	-1.0	0.0	-1.0	-1.0	-1.0	0.0	0.0	0.0	-1.0	-1.0	0.0	0.0	0.0	-1.0	0.0
04:11:15	191.0	303.2	317.1	304.6	307.0	300.9	318.8	0.1	44.1	0.0	0.1	0.1	318.8	300.9	-2.8	-4.6	308.6	309.9	270.6	270.7	269.9	271.1	101.8	191.0	11.6	0.0	273.7	273.6	44.0	79.8	11.5	46.8	0.0	59.7	.Autoclave.Outputs.PRESSIP\OutputValue	-2.3	17.9	-48.2	-1.0	0.0	-1.0	-1.0	-1.0	0.0	0.0	0.0	-1.0	-1.0	0.0	0.0	0.0	-1.0	0.0
04:12:14	192.0	299.5	314.3	300.9	303.7	297.4	316.1	0.1	43.2	0.0	0.1	0.1	316.1	297.4	-2.6	-3.7	305.3	306.8	267.5	267.4	266.7	254.8	101.6	192.0	12.6	0.0	269.2	269.1	44.0	70.7	11.5	55.6	0.0	41.4	.Autoclave.Outputs.PRESSIP\OutputValue	-2.1	18.7	-48.6	-1.0	0.0	-1.0	-1.0	-1.0	0.0	0.0	0.0	-1.0	-1.0	0.0	0.0	0.0	-1.0	0.0
04:13:15	193.1	297.9	311.5	298.9	299.8	294.2	313.4	0.1	43.5	0.0	0.1	0.1	313.4	294.2	-2.9	-4.2	302.6	303.8	265.8	265.8	265.0	265.1	101.7	193.0	13.6	0.0	264.7	264.6	44.0	51.4	11.7	53.1	-1.0	2.9	.Autoclave.Outputs.PRESSIP\OutputValue	-1.4	19.2	-47.6	-1.0	0.0	-1.0	-1.0	-1.0	0.0	0.0	0.0	-1.0	-1.0	0.0	0.0	0.0	-1.0	0.0
04:14:14	194.0	293.5	308.1	294.5	295.7	290.2	310.1	0.1	44.2	0.0	0.1	0.1	310.1	290.2	-3.5	-4.6	298.7	300.2	260.3	260.3	259.5	263.0	101.8	194.0	14.6	0.0	260.2	260.1	44.0	59.6	11.8	46.4	0.0	19.2	.Autoclave.Outputs.PRESSIP\OutputValue	-1.2	19.9	-49.8	-1.0	0.0	-1.0	-1.0	-1.0	0.0	0.0	0.0	-1.0	-1.0	0.0	0.0	0.0	-1.0	0.0
04:15:15	195.0	289.7	304.5	290.5	291.7	285.9	306.3	0.1	43.9	0.0	0.1	0.1	306.3	285.9	-3.3	-4.4	294.8	296.1	254.3	254.3	253.5	255.6	101.8	195.0	15.6	0.0	255.7	255.6	44.0	69.0	11.8	51.2	0.0	38.0	.Autoclave.Outputs.PRESSIP\OutputValue	-0.6	20.4	-52.0	-1.0	0.0	-1.0	-1.0	-1.0	0.0	0.0	0.0	-1.0	-1.0	0.0	0.0	0.0	-1.0	0.0
04:16:15	196.1	285.1	301.4	286.2	288.0	281.6	302.9	0.1	44.0	0.0	0.1	0.1	302.9	281.6	-3.1	-4.9	290.9	292.3	248.6	248.6	247.8	247.7	101.8	196.0	16.6	0.0	251.2	251.1	44.0	77.0	11.9	49.6	0.0	54.1	.Autoclave.Outputs.PRESSIP\OutputValue	0.0	21.3	-54.3	-1.0	0.0	-1.0	-1.0	-1.0	0.0	0.0	0.0	-1.0	-1.0	0.0	0.0	0.0	-1.0	0.0
04:17:15	197.0	281.4	298.2	281.9	284.0	276.8	299.9	0.1	43.4	0.0	0.1	0.1	299.9	276.8	-3.2	-4.0	287.0	288.4	244.8	244.8	244.1	236.1	101.6	197.0	17.6	0.0	246.7	246.6	44.0	71.0	11.9	56.5	0.0	42.1	.Autoclave.Outputs.PRESSIP\OutputValue	0.3	23.1	-55.1	-1.0	0.0	-1.0	-1.0	-1.0	0.0	0.0	0.0	-1.0	-1.0	0.0	0.0	0.0	-1.0	0.0
04:18:15	198.0	278.7	295.0	279.0	280.2	274.0	296.3	0.1	43.2	0.0	0.1	0.1	296.3	274.0	-2.8	-4.2	283.9	285.2	242.3	242.2	241.3	229.7	101.5	198.0	18.6	0.0	242.2	242.1	44.0	59.2	12.0	59.5	0.0	18.3	.Autoclave.Outputs.PRESSIP\OutputValue	1.0	22.3	-54.0	-1.0	0.0	-1.0	-1.0	-1.0	0.0	0.0	0.0	-1.0	-1.0	0.0	0.0	0.0	-1.0	0.0
04:19:14	199.0	275.6	291.3	276.2	276.0	270.8	292.6	0.1	43.8	0.0	0.1	0.1	292.6	270.8	-3.2	-4.2	280.4	281.7	239.3	239.2	238.5	235.5	101.8	199.0	19.6	0.0	237.7	237.6	44.0	49.3	12.0	52.5	-1.0	0.0	.Autoclave.Outputs.PRESSIP\OutputValue	1.0	21.8	-53.3	-1.0	0.0	-1.0	-1.0	-1.0	0.0	0.0	0.0	-1.0	-1.0	0.0	0.0	0.0	-1.0	0.0
04:20:15	200.1	272.1	287.7	272.1	270.6	266.4	289.3	0.1	43.8	0.0	0.1	0.1	289.3	266.4	-3.4	-5.8	276.4	277.9	234.5	234.5	233.7	236.6	101.8	200.0	20.6	0.0	233.2	233.1	44.0	51.2	12.1	53.8	-1.0	2.4	.Autoclave.Outputs.PRESSIP\OutputValue	1.7	22.9	-54.8	-1.0	0.0	-1.0	-1.0	-1.0	0.0	0.0	0.0	-1.0	-1.0	0.0	0.0	0.0	-1.0	0.0
04:21:15	201.0	267.8	284.2	267.6	265.9	262.4	285.6	0.1	44.2	-0.1	0.1	0.1	285.6	262.4	-3.6	-4.7	272.3	274.0	229.0	229.2	228.4	231.5	101.8	201.0	21.6	0.0	228.7	228.6	44.0	57.9	12.1	50.3	0.0	15.9	.Autoclave.Outputs.PRESSIP\OutputValue	2.2	23.2	-56.6	-1.0	0.0	-1.0	-1.0	-1.0	0.0	0.0	0.0	-1.0	-1.0	0.0	0.0	0.0	-1.0	0.0
04:22:15	202.0	263.8	280.6	263.5	262.1	258.0	282.2	0.1	43.8	0.0	0.1	0.1	282.2	258.0	-3.2	-4.4	268.4	270.1	223.6	223.6	222.8	225.7	101.6	202.0	22.6	0.0	224.2	224.1	44.0	64.0	12.1	55.1	0.0	28.0	.Autoclave.Outputs.PRESSIP\OutputValue	2.9	24.2	-58.6	-1.0	0.0	-1.0	-1.0	-1.0	0.0	0.0	0.0	-1.0	-1.0	0.0	0.0	0.0	-1.0	0.0
04:23:15	203.1	260.0	277.1	259.0	258.1	254.0	278.2	0.1	44.1	0.0	0.1	0.1	278.2	254.0	-3.1	-4.3	264.4	266.1	218.9	218.8	218.1	219.9	101.8	203.0	23.6	0.0	219.7	219.6	44.0	65.4	12.1	52.2	0.0	30.8	.Autoclave.Outputs.PRESSIP\OutputValue	3.5	24.2	-59.3	-1.0	0.0	-1.0	-1.0	-1.0	0.0	0.0	0.0	-1.0	-1.0	0.0	0.0	0.0	-1.0	0.0
04:24:15	204.0	255.8	273.4	255.1	254.4	249.7	274.6	0.1	43.7	0.0	0.1	0.1	274.6	249.7	-3.4	-4.5	260.5	262.2	213.8	213.8	213.1	214.5	101.7	204.0	24.6	0.0	215.2	215.1	44.0	68.8	12.1	56.8	0.0	37.5	.Autoclave.Outputs.PRESSIP\OutputValue	4.0	24.9	-60.8	-1.0	0.0	-1.0	-1.0	-1.0	0.0	0.0	0.0	-1.0	-1.0	0.0	0.0	0.0	-1.0	0.0
04:25:15	205.0	251.8	270.0	251.4	250.5	245.6	270.4	0.0	44.0	0.0	0.0	0.0	270.4	245.6	-3.1	-4.1	256.6	258.0	209.3	209.3	208.7	208.8	101.8	205.0	25.6	0.0	210.7	210.6	44.0	69.4	12.1	54.8	0.0	38.9	.Autoclave.Outputs.PRESSIP\OutputValue	4.8	24.8	-61.1	-1.0	0.0	-1.0	-1.0	-1.0	0.0	0.0	0.0	-1.0	-1.0	0.0	0.0	0.0	-1.0	0.0
04:26:15	206.1	247.7	266.1	246.3	246.2	241.4	267.0	0.0	43.6	0.0	0.0	0.0	267.0	241.4	-3.7	-5.3	252.5	254.2	205.0	205.0	204.3	203.6	101.7	206.0	26.6	0.0	206.2	206.1	44.0	68.0	12.1	59.2	0.0	36.0	.Autoclave.Outputs.PRESSIP\OutputValue	5.2	25.6	-62.0	-1.0	0.0	-1.0	-1.0	-1.0	0.0	0.0	0.0	-1.0	-1.0	0.0	0.0	0.0	-1.0	0.0
04:27:14	207.0	244.4	262.4	243.0	242.1	237.3	263.4	0.0	43.3	0.0	0.0	0.0	263.4	237.3	-2.9	-4.3	248.8	250.4	200.8	200.8	200.1	200.3	101.6	207.0	27.6	0.0	201.7	201.7	44.0	66.1	12.1	63.1	0.0	32.3	.Autoclave.Outputs.PRESSIP\OutputValue	6.3	26.1	-62.6	-1.0	0.0	-1.0	-1.0	-1.0	0.0	0.0	0.0	-1.0	-1.0	0.0	0.0	0.0	-1.0	0.0
04:28:15	208.0	240.1	258.9	238.8	238.2	232.9	259.6	0.0	43.8	0.0	0.0	0.0	259.6	232.9	-3.6	-4.4	244.8	246.3	196.4	196.4	195.7	196.1	101.7	208.0	28.6	0.0	197.2	197.1	44.0	65.4	12.1	59.1	0.0	30.7	.Autoclave.Outputs.PRESSIP\OutputValue	7.4	26.7	-63.2	-1.0	0.0	-1.0	-1.0	-1.0	0.0	0.0	0.0	-1.0	-1.0	0.0	0.0	0.0	-1.0	0.0
04:29:15	209.1	236.5	254.9	234.4	233.9	229.1	254.7	0.0	43.5	0.0	0.0	0.0	254.9	229.1	-4.0	-6.3	240.6	242.0	192.1	192.1	191.5	192.7	101.7	209.0	29.6	0.0	192.7	192.6	44.0	64.0	12.0	62.7	0.0	28.0	.Autoclave.Outputs.PRESSIP\OutputValue	8.0	25.8	-62.8	-1.0	0.0	-1.0	-1.0	-1.0	0.0	0.0	0.0	-1.0	-1.0	0.0	0.0	0.0	-1.0	0.0
04:30:15	210.0	233.0	251.5	230.2	229.6	224.6	0.0	0.0	43.9	0.0	0.0	0.0	251.5	224.6	-3.5	-4.8	233.8	238.1	188.2	188.2	187.5	189.0	101.6	210.0	30.6	0.0	188.2	188.1	44.0	59.9	12.0	58.7	0.0	19.8	.Autoclave.Outputs.PRESSIP\OutputValue	8.0	26.9	-63.3	-1.0	0.0	-1.0	-1.0	-1.0	0.0	0.0	0.0	-1.0	-1.0	0.0	0.0	0.0	-1.0	0.0
04:31:15	211.0	228.9	247.4	226.4	224.9	220.5	0.0	0.0	43.6	0.0	0.0	0.0	247.4	220.5	-3.7	-4.5	229.6	234.0	184.4	184.4	183.7	185.4	101.6	211.0	31.6	0.0	183.7	183.6	44.0	55.3	11.9	61.9	0.0	10.7	.Autoclave.Outputs.PRESSIP\OutputValue	8.0	26.9	-63.0	-1.0	0.0	-1.0	-1.0	-1.0	0.0	0.0	0.0	-1.0	-1.0	0.0	0.0	0.0	-1.0	0.0
04:32:15	212.1	225.1	243.5	222.6	221.2	216.8	0.0	0.0	43.9	0.0	0.0	0.0	243.5	216.8	-3.6	-4.8	225.8	230.2	180.6	180.6	179.9	180.6	101.7	212.0	32.6	0.0	179.2	179.1	44.0	50.5	11.8	58.7	-1.0	1.0	.Autoclave.Outputs.PRESSIP\OutputValue	8.0	26.7	-62.9	-1.0	0.0	-1.0	-1.0	-1.0	0.0	0.0	0.0	-1.0	-1.0	0.0	0.0	0.0	-1.0	0.0
04:33:15	213.0	221.6	239.7	218.6	217.2	212.2	240.1	0.0	43.3	0.0	0.0	0.0	239.7	212.2	-3.4	-3.9	221.9	226.0	176.2	176.2	175.5	172.5	101.6	213.0	33.6	0.0	174.7	174.6	44.0	49.1	11.8	64.8	-1.0	0.0	.Autoclave.Outputs.PRESSIP\OutputValue	8.0	27.5	-63.5	-1.0	0.0	-1.0	-1.0	-1.0	0.0	0.0	0.0	-1.0	-1.0	0.0	0.0	0.0	-1.0	0.0
04:34:15	214.0	217.4	235.9	214.2	213.2	208.1	236.2	0.0	43.7	0.0	0.0	0.0	235.9	208.1	-3.8	-4.9	217.7	222.0	171.7	171.7	171.0	166.7	101.6	214.0	34.6	0.0	170.2	170.1	44.0	49.8	11.7	60.6	-1.0	0.0	.Autoclave.Outputs.PRESSIP\OutputValue	8.0	27.8	-64.2	-1.0	0.0	-1.0	-1.0	-1.0	0.0	0.0	0.0	-1.0	-1.0	0.0	0.0	0.0	-1.0	0.0
04:35:14	215.0	213.1	232.1	209.9	209.0	203.6	231.2	0.1	43.3	0.0	0.1	0.1	232.1	203.6	-3.8	-4.8	213.5	217.9	167.3	167.2	166.5	162.3	101.4	215.0	35.6	0.0	165.7	165.6	44.0	49.1	11.6	64.8	-1.0	0.0	.Autoclave.Outputs.PRESSIP\OutputValue	8.0	28.5	-64.8	-1.0	0.0	-1.0	-1.0	-1.0	0.0	0.0	0.0	-1.0	-1.0	0.0	0.0	0.0	-1.0	0.0
04:36:15	216.1	208.8	228.2	205.4	204.8	199.4	227.7	0.0	43.4	0.0	0.0	0.0	228.2	199.4	-3.9	-4.4	209.3	213.8	162.5	162.5	161.9	158.0	101.6	216.0	36.6	0.0	161.2	161.1	44.0	50.3	11.5	64.0	-1.0	0.5	.Autoclave.Outputs.PRESSIP\OutputValue	8.0	28.8	-65.7	-1.0	0.0	-1.0	-1.0	-1.0	0.0	0.0	0.0	-1.0	-1.0	0.0	0.0	0.0	-1.0	0.0
04:37:15	217.0	205.8	224.1	201.3	200.8	195.0	218.8	0.0	43.4	0.0	0.0	0.0	224.1	195.0	-3.7	-4.7	205.4	209.6	158.4	158.2	157.5	154.8	101.6	217.0	37.6	0.0	156.7	156.6	44.0	48.2	11.4	64.6	-1.0	0.0	.Autoclave.Outputs.PRESSIP\OutputValue	8.0	29.1	-65.7	-1.0	0.0	-1.0	-1.0	-1.0	0.0	0.0	0.0	-1.0	-1.0	0.0	0.0	0.0	-1.0	0.0
04:38:15	218.0	201.2	220.3	197.5	196.6	191.0	219.6	0.1	43.0	0.0	0.1	0.1	220.3	191.0	-3.6	-4.3	201.3	205.7	153.9	153.8	153.1	151.2	101.5	218.0	38.6	0.0	152.2	152.1	44.0	48.1	11.3	67.8	-1.0	0.0	.Autoclave.Outputs.PRESSIP\OutputValue	8.0	29.3	-66.4	-1.0	0.0	-1.0	-1.0	-1.0	0.0	0.0	0.0	-1.0	-1.0	0.0	0.0	0.0	-1.0	0.0
04:39:14	219.0	196.7	216.4	192.5	193.0	186.4	0.0	0.0	43.4	0.0	0.0	0.0	216.4	186.4	-3.9	-5.9	197.0	201.4	148.4	148.4	147.6	146.3	101.7	219.0	39.6	0.0	147.7	147.6	44.0	54.8	11.2	63.8	0.0	9.5	.Autoclave.Outputs.PRESSIP\OutputValue	8.0	30.0	-68.0	-1.0	0.0	-1.0	-1.0	-1.0	0.0	0.0	0.0	-1.0	-1.0	0.0	0.0	0.0	-1.0	0.0
04:40:15	220.0	193.6	212.4	187.9	188.6	182.0	211.6	0.0	43.1	0.0	0.0	0.0	212.4	182.0	-3.9	-5.0	192.9	197.2	144.2	144.2	143.4	141.1	101.6	220.0	40.6	0.0	143.2	143.1	44.0	51.2	11.1	67.0	-1.0	2.4	.Autoclave.Outputs.PRESSIP\OutputValue	8.0	30.4	-68.2	-1.0	0.0	-1.0	-1.0	-1.0	0.0	0.0	0.0	-1.0	-1.0	0.0	0.0	0.0	-1.0	0.0
04:41:14	221.0	188.6	208.3	183.9	184.8	177.6	0.0	0.0	43.3	0.0	0.0	0.0	208.3	177.6	-3.9	-4.6	188.6	192.9	139.7	139.7	139.0	137.4	101.6	221.0	41.6	0.0	138.7	138.6	44.0	51.9	11.0	65.1	-1.0	3.8	.Autoclave.Outputs.PRESSIP\OutputValue	8.0	30.7	-68.6	-1.0	0.0	-1.0	-1.0	-1.0	0.0	0.0	0.0	-1.0	-1.0	0.0	0.0	0.0	-1.0	0.0
04:42:15	222.1	185.0	204.4	179.5	179.2	173.6	0.0	0.0	43.6	0.0	0.0	0.0	204.4	173.6	-3.8	-4.5	184.3	189.0	135.8	135.8	135.0	134.0	101.7	222.0	42.6	0.0	134.2	134.1	44.0	48.5	10.9	62.3	-1.0	0.0	.Autoclave.Outputs.PRESSIP\OutputValue	8.0	30.8	-68.6	-1.0	0.0	-1.0	-1.0	-1.0	0.0	0.0	0.0	-1.0	-1.0	0.0	0.0	0.0	-1.0	0.0
04:43:14	223.0	181.0	200.4	175.3	177.8	169.2	0.0	0.0	43.2	0.0	0.0	0.0	200.4	169.2	-2.3	-4.7	180.7	184.8	132.4	132.2	131.4	130.8	101.7	223.0	43.6	0.0	129.7	129.6	44.0	41.0	10.7	65.5	-1.0	0.0	.Autoclave.Outputs.PRESSIP\OutputValue	8.0	31.2	-68.0	-1.0	0.0	-1.0	-1.0	-1.0	0.0	0.0	0.0	-1.0	-1.0	0.0	0.0	0.0	-1.0	0.0
04:44:15	224.0	177.7	196.6	171.3	173.3	165.1	0.0	0.0	43.0	0.0	0.0	0.0	196.6	165.1	-3.2	-6.2	176.8	180.8	129.3	129.2	128.4	128.1	101.4	224.0	44.6	0.0	125.2	125.1	44.0	31.2	10.3	68.4	-1.0	0.0	.Autoclave.Outputs.PRESSIP\OutputValue	8.0	31.5	-67.3	-1.0	0.0	-1.0	-1.0	-1.0	0.0	0.0	0.0	-1.0	-1.0	0.0	0.0	0.0	-1.0	0.0
04:45:15	225.1	173.1	192.6	167.9	168.0	161.8	0.0	0.0	43.4	0.0	0.0	0.0	192.6	161.8	-3.0	-4.9	172.7	177.2	126.9	126.9	126.1	125.9	101.6	225.0	45.6	0.0	120.7	120.6	44.0	17.4	9.8	63.8	-1.0	0.0	.Autoclave.Outputs.PRESSIP\OutputValue	8.0	30.8	-65.7	-1.0	0.0	-1.0	-1.0	-1.0	0.0	0.0	0.0	-1.0	-1.0	0.0	0.0	0.0	-1.0	0.0
04:46:15	226.0	169.8	189.0	164.7	164.2	158.5	0.0	0.0	43.2	0.0	0.0	0.0	189.0	158.5	-3.2	-5.4	169.2	173.7	124.3	124.2	123.5	123.7	101.4	226.0	46.6	0.0	116.2	116.1	44.0	3.5	9.1	65.7	-1.0	0.0	.Autoclave.Outputs.PRESSIP\OutputValue	8.0	30.5	-64.7	-1.0	0.0	-1.0	-1.0	-1.0	0.0	0.0	0.0	-1.0	-1.0	0.0	0.0	0.0	-1.0	0.0
04:47:15	227.0	167.0	185.4	0.0	161.2	154.9	0.0	0.0	43.0	0.0	0.0	0.0	185.4	154.9	-2.8	-3.7	167.1	170.1	122.2	122.2	121.6	122.0	101.6	227.0	47.6	0.0	111.7	111.6	44.0	0.0	0.0	68.0	-1.0	0.0	.Autoclave.Outputs.PRESSIP\OutputValue	8.0	30.5	-63.1	-1.0	0.0	-1.0	-1.0	-1.0	0.0	0.0	0.0	-1.0	-1.0	0.0	0.0	0.0	-1.0	0.0
04:48:14	228.0	163.4	181.8	0.0	157.6	151.7	0.0	0.1	43.5	0.0	0.1	0.1	181.8	151.7	-2.6	-10.1	163.6	166.7	120.4	120.5	119.8	120.3	101.6	228.0	48.6	0.0	107.2	107.2	44.0	0.0	0.0	63.3	-1.0	0.0	.Autoclave.Outputs.PRESSIP\OutputValue	8.0	30.1	-61.3	-1.0	0.0	-1.0	-1.0	-1.0	0.0	0.0	0.0	-1.0	-1.0	0.0	0.0	0.0	-1.0	0.0
04:49:15	229.1	161.0	178.4	0.0	154.7	148.6	0.0	0.0	43.3	0.0	0.0	0.0	178.4	148.6	-3.1	-4.3	160.7	163.5	118.8	118.7	118.0	118.7	101.6	229.0	49.6	0.0	102.7	102.6	44.0	0.0	0.0	65.0	-1.0	0.0	.Autoclave.Outputs.PRESSIP\OutputValue	8.0	29.8	-59.5	-1.0	0.0	-1.0	-1.0	-1.0	0.0	0.0	0.0	-1.0	-1.0	0.0	0.0	0.0	-1.0	0.0
04:50:14	230.0	157.9	175.3	149.6	151.6	146.0	0.0	0.0	43.1	0.0	0.0	0.0	175.3	146.0	-2.5	-3.4	157.7	160.6	117.1	117.1	116.3	117.1	101.4	230.0	50.6	0.0	98.2	98.2	44.0	0.0	0.0	66.8	-1.0	0.0	.Autoclave.Outputs.PRESSIP\OutputValue	8.0	29.3	-58.1	-1.0	0.0	-1.0	-1.0	-1.0	0.0	0.0	0.0	-1.0	-1.0	0.0	0.0	0.0	-1.0	0.0
04:51:15	231.0	155.3	172.2	130.7	148.8	143.8	0.0	0.0	43.6	0.0	0.0	0.0	172.2	143.8	-2.7	-3.1	155.0	158.0	115.7	115.7	115.1	116.2	101.6	231.0	51.6	0.0	93.7	93.6	44.0	0.0	0.0	61.6	-1.0	0.0	.Autoclave.Outputs.PRESSIP\OutputValue	8.0	28.4	-56.4	-1.0	0.0	-1.0	-1.0	-1.0	0.0	0.0	0.0	-1.0	-1.0	0.0	0.0	0.0	-1.0	0.0
04:52:15	232.1	152.9	169.1	146.0	145.8	140.3	0.0	0.0	43.5	0.0	0.0	0.0	169.1	140.3	-2.2	-3.1	152.0	154.7	114.2	114.2	113.5	114.9	101.6	232.0	52.6	0.0	89.2	89.1	44.0	0.0	0.0	62.9	-1.0	0.0	.Autoclave.Outputs.PRESSIP\OutputValue	8.0	28.8	-54.8	-1.0	0.0	-1.0	-1.0	-1.0	0.0	0.0	0.0	-1.0	-1.0	0.0	0.0	0.0	-1.0	0.0
04:53:15	233.0	150.7	166.2	21.3	143.5	138.6	0.0	0.0	43.3	0.0	0.0	0.0	166.2	138.6	-2.2	-3.0	149.7	152.4	113.2	113.2	112.4	113.5	101.4	233.0	53.6	0.0	84.7	84.6	44.0	0.0	0.0	64.4	-1.0	0.0	.Autoclave.Outputs.PRESSIP\OutputValue	8.0	27.6	-52.9	-1.0	0.0	-1.0	-1.0	-1.0	0.0	0.0	0.0	-1.0	-1.0	0.0	0.0	0.0	-1.0	0.0
04:54:15	234.0	148.2	163.2	0.0	141.1	136.3	0.0	0.0	43.2	0.0	0.0	0.0	163.2	136.3	-2.3	-3.1	147.2	149.7	111.8	111.8	111.0	112.6	101.6	234.0	54.6	0.0	80.2	80.1	44.0	0.0	0.0	65.5	-1.0	0.0	.Autoclave.Outputs.PRESSIP\OutputValue	8.0	26.9	-51.3	-1.0	0.0	-1.0	-1.0	-1.0	0.0	0.0	0.0	-1.0	-1.0	0.0	0.0	0.0	-1.0	0.0
04:55:14	235.0	146.1	160.3	0.0	138.4	134.0	0.0	0.0	43.1	0.0	0.0	0.0	160.3	134.0	-2.1	-2.8	144.7	147.1	110.8	110.8	110.0	111.6	101.5	235.0	55.6	0.0	80.0	80.0	44.0	0.0	0.0	66.8	-1.0	0.0	.Autoclave.Outputs.PRESSIP\OutputValue	8.0	26.3	-49.4	-1.0	0.0	-1.0	-1.0	-1.0	0.0	0.0	0.0	-1.0	-1.0	0.0	0.0	0.0	-1.0	0.0
04:56:15	236.0	143.0	157.6	0.0	136.2	132.2	0.0	0.0	43.6	0.0	0.0	0.0	157.6	132.2	-1.7	-2.9	142.2	144.9	110.0	110.1	109.4	111.1	101.6	236.0	56.6	0.0	80.0	80.0	44.0	0.0	0.0	61.9	-1.0	0.0	.Autoclave.Outputs.PRESSIP\OutputValue	8.0	25.4	-47.5	-1.0	0.0	-1.0	-1.0	-1.0	0.0	0.0	0.0	-1.0	-1.0	0.0	0.0	0.0	-1.0	0.0
04:57:14	237.0	141.2	155.0	0.0	134.1	129.9	0.0	0.0	43.5	0.0	0.0	0.0	155.0	129.9	-1.9	-2.8	140.0	142.4	109.0	109.0	108.3	110.0	101.4	237.0	57.6	0.0	80.0	80.0	44.0	0.0	0.0	63.1	-1.0	0.0	.Autoclave.Outputs.PRESSIP\OutputValue	8.0	25.1	-45.9	-1.0	0.0	-1.0	-1.0	-1.0	0.0	0.0	0.0	-1.0	-1.0	0.0	0.0	0.0	-1.0	0.0
04:58:14	238.0	139.2	152.5	0.0	132.5	128.5	0.0	0.0	43.4	0.0	0.0	0.0	152.5	128.5	-1.6	-2.6	138.2	140.5	108.2	108.2	107.4	109.2	101.5	238.0	58.6	0.0	80.0	80.0	44.0	0.0	0.0	64.2	-1.0	0.0	.Autoclave.Outputs.PRESSIP\OutputValue	8.0	24.0	-44.2	-1.0	0.0	-1.0	-1.0	-1.0	0.0	0.0	0.0	-1.0	-1.0	0.0	0.0	0.0	-1.0	0.0
04:59:14	239.0	137.3	150.2	0.0	129.8	126.7	147.6	0.1	43.3	0.0	0.1	0.1	150.2	126.7	-1.4	-3.1	136.0	138.4	107.1	107.1	106.4	108.3	101.5	239.0	59.6	0.0	80.0	80.0	44.0	0.0	0.0	65.0	-1.0	0.0	.Autoclave.Outputs.PRESSIP\OutputValue	8.0	23.5	-43.0	-1.0	0.0	-1.0	-1.0	-1.0	0.0	0.0	0.0	-1.0	-1.0	0.0	0.0	0.0	-1.0	0.0
05:00:13	240.0	135.7	148.0	126.6	128.0	125.1	41.4	0.0	43.2	0.0	0.0	0.0	148.0	125.1	-1.1	-2.6	134.2	136.5	106.5	106.4	105.7	107.7	101.4	240.0	60.5	0.0	80.0	80.0	44.0	0.0	0.0	66.1	-1.0	0.0	.Autoclave.Outputs.PRESSIP\OutputValue	8.0	22.9	-41.5	-1.0	0.0	-1.0	-1.0	-1.0	0.0	0.0	0.0	-1.0	-1.0	0.0	0.0	0.0	-1.0	0.0
05:00:15	240.0	135.4	147.9	110.5	127.7	125.0	41.4	0.0	43.2	0.0	0.0	0.0	147.9	125.0	-1.6	-2.2	134.0	136.4	106.4	106.3	105.6	107.6	101.3	240.0	0.0	0.0	80.0	80.0	43.6	0.0	0.0	62.7	-1.0	0.0	.Autoclave.Outputs.PRESSIP\OutputValue	8.0	22.9	-41.4	-1.0	0.0	-1.0	-1.0	-1.0	0.0	0.0	0.0	-1.0	-1.0	0.0	0.0	0.0	-1.0	0.0
05:01:14	241.0	133.0	145.3	0.0	127.7	123.1	0.0	0.0	34.5	0.0	0.0	0.0	145.3	123.1	-1.0	-2.9	132.3	134.2	101.9	101.9	101.1	103.1	100.3	241.0	1.0	0.0	80.0	80.0	33.6	0.0	0.0	48.5	-1.0	0.0	.Autoclave.Outputs.PRESSIP\OutputValue	6.9	22.2	-43.3	-1.0	0.0	-1.0	-1.0	-1.0	0.0	0.0	0.0	-1.0	-1.0	-1.0	0.0	0.0	-1.0	0.0
05:02:14	242.0	131.3	143.2	0.0	124.9	121.5	0.0	0.0	24.0	0.0	0.0	0.0	143.2	121.5	-1.4	-2.5	130.2	132.3	98.4	98.5	97.6	99.4	99.8	242.0	2.0	0.0	80.0	80.0	23.6	0.0	0.0	49.5	-1.0	0.0	.Autoclave.Outputs.PRESSIP\OutputValue	5.6	21.7	-44.7	-1.0	0.0	-1.0	-1.0	-1.0	0.0	0.0	0.0	-1.0	-1.0	-1.0	0.0	0.0	-1.0	0.0
05:03:15	243.0	129.7	141.1	120.3	123.7	120.3	0.0	-0.1	14.2	0.0	-0.1	-0.1	141.1	120.3	-1.2	-2.1	128.7	130.7	95.0	94.9	94.3	95.8	98.9	243.0	3.0	0.0	80.0	80.0	13.6	0.0	0.0	48.9	-1.0	0.0	.Autoclave.Outputs.PRESSIP\OutputValue	4.2	20.8	-46.0	-1.0	0.0	-1.0	-1.0	-1.0	0.0	0.0	0.0	-1.0	-1.0	0.0	0.0	0.0	-1.0	0.0
05:04:15	244.1	129.5	139.9	0.0	122.8	119.7	0.0	-0.7	5.0	-0.1	-0.7	-0.7	139.9	119.7	-0.2	-1.3	128.0	129.8	92.1	92.1	91.3	93.6	98.1	244.0	4.0	0.0	80.0	80.0	3.6	0.0	0.0	38.5	-1.0	0.0	.Autoclave.Outputs.PRESSIP\OutputValue	2.5	20.2	-47.7	-1.0	0.0	-1.0	-1.0	-1.0	0.0	0.0	0.0	-1.0	-1.0	-1.0	0.0	0.0	-1.0	0.0
05:05:05	244.9	129.3	139.2	122.4	122.0	119.6	0.0	-1.2	1.0	-0.1	-1.2	-1.2	139.2	119.6	-0.3	-1.0	127.5	129.4	91.9	91.9	91.2	94.1	98.2	244.9	4.9	0.0	80.0	80.0	0.0	0.0	0.0	39.1	-1.0	0.0	.Autoclave.Outputs.PRESSIP\OutputValue	-0.7	19.6	-47.2	-1.0	0.0	-1.0	-1.0	-1.0	0.0	0.0	0.0	-1.0	-1.0	-1.0	0.0	0.0	-1.0	0.0
