
Time	Elapsed	PTC5	PTC6	PTC7	PTC10	PTC11	PTC12	PTC14	PTC15	PTC16	VPRB2	VPRB3	VPRB4	PRESS	SVAC	HIPRB	LOPRB	HITC	LOTC	HIRATE	LORATE	AVGTC	MEAN	AIRTC	AIRTC1	AIRTC2	HILIMTC	CAPSTC	RUNTIME	SEGTIME	SEGTIMELEFT	TSET_AIR	TSET_PART	PSET	TEMPOUT	TEMPINT	PRESSOUT	COOLIP	SCROUT	PRESSIP	PRESSINT	SPREAD	AIRPARTDELTA	CAPSFLOW	SILENCE	BARLOCK	HIPSI	FANON	HYDON	FANSTARTSTOPPB	HYDPMPSTARTSTOPPB	COOLCNTRLONOFFSW	PRESSCNTRLONOFFSW	PRESSDUMPSW	PCMANUALSW	HILIMIT	BLWRMTRHILIMIT	MANINSIDE
HH:MM:SS	Mins	Deg.F	Deg.F	Deg.F	Deg.F	Deg.F	Deg.F	Deg.F	Deg.F	Deg.F	"Hg	"Hg	"Hg	Psig	"Hg			Deg.F	Deg.F	Deg.F	Deg.F	Deg.F	Deg.F	Deg.F	Deg.F	Deg.F	Deg.F	Deg.F	Mins	Mins	Mins	Deg.F	Deg.F	Psig				%	%	%	%	Deg.F	Deg.F															
17:00:40	0.0	82.2	79.9	81.1	80.3	80.3	80.9	80.6	80.6	81.0	-27.7	-27.7	-27.5	-0.4	-28.0	-27.5	-27.7	82.2	79.9	0.2	0.0	80.8	81.1	92.9	92.9	92.3	99.8	96.5	202.8	0.0	0.0	70.0	70.0	0.0	0.0	0.0	50.0	0.0	0.0	.Autoclave.Outputs.PRESSIP\OutputValue	8.0	2.4	10.7	-1.0	0.0	-1.0	-1.0	0.0	0.0	0.0	0.0	-1.0	-1.0	-1.0	0.0	0.0	-1.0	0.0
17:00:42	0.0	82.2	79.9	81.1	80.3	80.3	80.9	80.6	80.6	81.0	-27.7	-27.7	-27.5	-0.4	-28.0	-27.5	-27.7	82.2	79.9	0.2	0.0	80.8	81.1	92.9	92.9	92.3	99.8	96.5	202.8	0.0	0.0	70.0	70.0	0.0	0.0	0.0	50.0	0.0	0.0	.Autoclave.Outputs.PRESSIP\OutputValue	8.0	2.4	10.7	-1.0	0.0	-1.0	-1.0	0.0	0.0	0.0	0.0	-1.0	-1.0	-1.0	0.0	0.0	-1.0	0.0
17:00:42	0.0	82.2	79.9	81.1	80.3	80.3	80.9	80.6	80.6	81.0	-27.7	-27.7	-27.5	-0.4	-28.0	-27.5	-27.7	82.2	79.9	0.2	0.0	80.8	81.1	92.9	92.9	92.3	99.8	96.5	202.8	0.0	0.0	70.0	70.0	0.0	0.0	0.0	50.0	0.0	0.0	.Autoclave.Outputs.PRESSIP\OutputValue	8.0	2.4	10.7	-1.0	0.0	-1.0	-1.0	0.0	0.0	0.0	0.0	-1.0	-1.0	-1.0	0.0	0.0	-1.0	0.0
17:00:43	0.1	82.2	79.9	81.1	80.4	80.3	80.9	80.7	80.6	81.1	-27.7	-27.7	-27.5	-0.4	-28.0	-27.5	-27.7	82.2	79.9	0.2	0.0	80.8	81.1	92.9	93.0	92.4	99.8	96.6	202.8	0.0	0.0	70.0	70.0	0.0	0.0	0.0	50.0	0.0	0.0	.Autoclave.Outputs.PRESSIP\OutputValue	8.0	2.4	10.7	-1.0	0.0	-1.0	-1.0	0.0	0.0	0.0	0.0	-1.0	-1.0	-1.0	0.0	0.0	-1.0	0.0
17:01:42	1.0	84.1	80.4	82.2	80.7	81.1	81.5	81.1	81.3	82.4	-27.7	-27.7	-27.5	1.1	-28.0	-27.5	-27.7	84.1	80.4	1.9	0.4	81.7	82.3	93.9	93.9	93.3	96.8	95.0	1.0	1.0	0.0	89.3	86.7	1.5	15.8	-0.2	62.6	-1.0	0.0	.Autoclave.Outputs.PRESSIP\OutputValue	8.0	3.8	9.8	-1.0	0.0	-1.0	-1.0	-1.0	0.0	0.0	0.0	-1.0	-1.0	0.0	0.0	0.0	-1.0	0.0
17:02:43	2.0	85.2	80.9	82.9	81.3	81.7	82.3	81.7	81.8	83.5	-27.7	-27.7	-27.5	2.7	-28.0	-27.5	-27.7	85.2	80.9	1.3	0.4	82.4	83.1	94.4	94.5	93.8	103.8	95.1	2.0	2.0	0.0	97.0	91.2	3.0	65.3	-0.3	61.3	0.0	30.6	.Autoclave.Outputs.PRESSIP\OutputValue	8.0	4.4	9.2	-1.0	0.0	-1.0	-1.0	-1.0	0.0	0.0	0.0	-1.0	-1.0	0.0	0.0	0.0	-1.0	0.0
17:03:43	3.1	88.0	81.6	84.2	82.1	83.2	83.6	82.4	82.7	85.4	-27.7	-27.6	-27.5	3.5	-28.0	-27.5	-27.7	88.0	81.6	2.5	0.7	83.7	84.8	101.2	101.2	100.5	112.4	95.1	3.0	3.0	0.0	103.4	95.7	4.5	63.9	-0.1	67.4	0.0	27.9	.Autoclave.Outputs.PRESSIP\OutputValue	8.0	6.5	13.2	-1.0	0.0	-1.0	-1.0	-1.0	0.0	0.0	0.0	-1.0	-1.0	0.0	0.0	0.0	-1.0	0.0
17:04:42	4.0	90.5	82.6	85.6	83.1	84.6	85.3	83.3	83.9	87.7	-27.7	-27.6	-27.4	5.1	-28.0	-27.4	-27.7	90.5	82.6	2.6	0.8	85.2	86.6	107.7	107.7	107.2	119.6	95.1	4.0	4.0	0.0	109.9	100.2	6.0	62.1	0.1	67.1	0.0	24.1	.Autoclave.Outputs.PRESSIP\OutputValue	8.0	8.0	17.2	-1.0	0.0	-1.0	-1.0	-1.0	0.0	0.0	0.0	-1.0	-1.0	0.0	0.0	0.0	-1.0	0.0
17:05:42	5.0	93.0	83.8	87.2	84.3	86.3	87.0	84.4	84.9	90.0	-27.6	-27.6	-27.5	6.6	-28.0	-27.5	-27.6	93.0	83.8	2.8	-11.6	86.8	88.4	113.7	113.7	113.1	126.5	95.3	5.0	5.0	0.0	116.2	104.7	7.5	65.6	0.3	66.4	0.0	31.1	.Autoclave.Outputs.PRESSIP\OutputValue	8.0	9.3	20.7	-1.0	0.0	-1.0	-1.0	-1.0	0.0	0.0	0.0	-1.0	-1.0	0.0	0.0	0.0	-1.0	0.0
17:06:42	6.0	96.4	85.1	89.1	85.8	88.1	89.2	85.7	86.3	92.6	-27.6	-27.6	-27.5	8.2	-28.0	-27.5	-27.6	96.4	85.1	13.7	1.3	88.7	90.7	119.9	120.0	119.2	132.5	95.4	6.0	6.0	0.0	122.0	109.2	9.0	61.9	0.6	66.2	0.0	23.7	.Autoclave.Outputs.PRESSIP\OutputValue	8.0	11.3	23.6	-1.0	0.0	-1.0	-1.0	-1.0	0.0	0.0	0.0	-1.0	-1.0	0.0	0.0	0.0	-1.0	0.0
17:07:43	7.0	99.5	86.4	91.1	87.6	90.2	91.6	87.0	0.0	95.4	-27.6	-27.5	-27.4	9.9	-28.0	-27.4	-27.6	99.5	86.4	3.2	1.1	91.1	92.9	125.7	125.8	125.1	136.8	95.6	7.0	7.0	0.0	128.0	113.7	10.5	64.0	0.8	63.9	0.0	28.0	.Autoclave.Outputs.PRESSIP\OutputValue	8.0	13.1	26.2	-1.0	0.0	-1.0	-1.0	-1.0	0.0	0.0	0.0	-1.0	-1.0	0.0	0.0	0.0	-1.0	0.0
17:08:03	7.4	100.8	87.1	91.7	88.4	90.7	92.6	87.3	75.9	96.3	-27.5	-27.5	-27.5	10.1	-28.0	-27.5	-27.5	100.8	87.1	3.5	1.3	91.9	93.9	127.4	127.5	126.8	139.5	95.5	7.4	7.3	0.0	129.6	115.2	11.0	64.4	0.9	68.0	0.0	28.8	.Autoclave.Outputs.PRESSIP\OutputValue	8.0	13.7	26.7	-1.0	0.0	-1.0	-1.0	-1.0	0.0	0.0	0.0	-1.0	-1.0	0.0	0.0	0.0	-1.0	0.0
17:08:42	8.0	103.1	88.1	93.1	89.5	92.2	94.4	88.4	88.5	98.1	-27.6	-27.5	-27.5	11.4	-28.0	-27.5	-27.6	103.1	88.1	3.7	1.5	93.4	95.6	131.1	131.1	130.5	142.5	95.8	8.0	0.7	0.0	133.4	118.2	12.0	64.3	1.0	63.4	0.0	28.5	.Autoclave.Outputs.PRESSIP\OutputValue	8.0	15.0	28.0	-1.0	0.0	-1.0	-1.0	-1.0	0.0	0.0	0.0	-1.0	-1.0	0.0	0.0	0.0	-1.0	0.0
17:09:42	9.0	106.7	90.0	95.3	91.7	94.6	97.4	90.0	90.9	101.1	-25.9	-25.5	-25.9	12.5	-24.3	-25.5	-25.9	106.7	90.0	3.6	1.7	95.9	98.3	136.2	136.3	135.6	149.1	95.7	9.0	1.7	0.0	138.8	122.7	13.5	65.5	1.3	68.1	0.0	31.0	.Autoclave.Outputs.PRESSIP\OutputValue	8.0	16.7	29.5	-1.0	0.0	-1.0	-1.0	-1.0	0.0	0.0	0.0	-1.0	-1.0	0.0	0.0	0.0	-1.0	0.0
17:10:42	10.0	110.7	92.1	97.8	94.1	97.1	100.6	91.8	93.0	104.2	-19.9	-19.8	-22.5	14.1	-19.2	-19.8	-22.5	110.7	91.8	4.0	1.9	98.6	101.2	141.3	141.3	140.7	153.1	95.9	10.0	2.7	0.0	143.7	127.2	15.0	66.0	1.5	67.1	0.0	32.0	.Autoclave.Outputs.PRESSIP\OutputValue	8.0	18.9	30.6	-1.0	0.0	-1.0	-1.0	-1.0	0.0	0.0	0.0	-1.0	-1.0	0.0	0.0	0.0	-1.0	0.0
17:11:42	11.0	114.3	94.5	100.3	96.9	99.7	104.2	93.6	95.5	107.6	-14.5	-14.4	-18.9	15.8	-14.1	-14.4	-18.9	114.3	93.6	3.8	1.9	101.4	103.9	146.3	146.3	145.7	158.2	96.2	11.0	3.7	0.0	149.2	131.7	16.5	69.4	1.7	65.1	0.0	38.9	.Autoclave.Outputs.PRESSIP\OutputValue	8.0	20.7	32.0	-1.0	0.0	-1.0	-1.0	-1.0	0.0	0.0	0.0	-1.0	-1.0	0.0	0.0	0.0	-1.0	0.0
17:12:42	12.0	118.6	96.9	102.9	99.7	102.7	107.7	95.7	97.6	110.6	-9.6	-9.5	-15.1	17.5	-9.3	-9.5	-15.1	118.6	95.7	4.6	2.0	104.4	107.1	151.3	151.3	150.7	162.9	96.3	12.0	4.7	0.0	153.9	136.2	18.0	67.0	2.0	62.8	0.0	34.0	.Autoclave.Outputs.PRESSIP\OutputValue	8.0	22.9	32.7	-1.0	0.0	-1.0	-1.0	-1.0	0.0	0.0	0.0	-1.0	-1.0	0.0	0.0	0.0	-1.0	0.0
17:13:42	13.0	123.3	99.3	105.7	102.7	105.6	111.6	98.0	100.0	114.2	-5.2	-5.1	-10.9	19.1	-5.0	-5.1	-10.9	123.3	98.0	4.6	2.3	107.6	110.6	156.1	156.2	155.5	166.7	96.4	13.0	5.7	0.0	158.1	140.7	19.5	63.2	2.2	61.9	0.0	26.3	.Autoclave.Outputs.PRESSIP\OutputValue	8.0	25.3	32.8	-1.0	0.0	-1.0	-1.0	-1.0	0.0	0.0	0.0	-1.0	-1.0	0.0	0.0	0.0	-1.0	0.0
17:14:43	14.0	127.3	102.0	108.3	105.8	108.3	115.4	100.0	102.8	117.6	-3.0	-2.9	-7.5	20.0	-3.0	-2.9	-7.5	127.3	100.0	3.9	2.2	110.6	113.6	160.7	160.8	160.1	172.0	96.4	14.0	6.7	0.0	163.2	145.2	21.0	66.9	2.5	68.2	0.0	33.8	.Autoclave.Outputs.PRESSIP\OutputValue	8.0	27.3	33.4	-1.0	0.0	-1.0	-1.0	-1.0	0.0	0.0	0.0	-1.0	-1.0	0.0	0.0	0.0	-1.0	0.0
17:15:42	15.0	131.4	104.8	111.2	109.1	111.7	119.4	102.3	105.5	121.3	-2.2	-2.1	-5.0	21.7	-2.2	-2.1	-5.0	131.4	102.3	4.2	2.3	113.9	116.8	165.8	165.7	165.1	176.3	96.6	15.0	7.7	0.0	168.1	149.7	22.5	65.5	2.7	66.3	0.0	30.9	.Autoclave.Outputs.PRESSIP\OutputValue	8.0	29.1	34.4	-1.0	0.0	-1.0	-1.0	-1.0	0.0	0.0	0.0	-1.0	-1.0	0.0	0.0	0.0	-1.0	0.0
17:16:43	16.1	135.7	107.9	114.1	112.5	114.8	123.4	104.8	108.2	124.9	-1.6	-1.5	-3.2	23.4	-1.6	-1.5	-3.2	135.7	104.8	4.9	2.4	117.3	120.2	170.0	170.0	169.4	180.9	96.7	16.0	8.7	0.0	172.7	154.2	24.0	69.2	3.0	63.5	0.0	38.5	.Autoclave.Outputs.PRESSIP\OutputValue	8.0	30.9	34.3	-1.0	0.0	-1.0	-1.0	-1.0	0.0	0.0	0.0	-1.0	-1.0	0.0	0.0	0.0	-1.0	0.0
17:17:42	17.0	140.6	111.1	117.4	116.0	118.0	127.8	107.3	110.7	128.6	-1.1	-1.0	-2.0	24.9	-1.1	-1.0	-2.0	140.6	107.3	4.8	2.7	120.8	123.9	174.3	174.5	173.8	187.3	96.8	17.0	9.7	0.0	176.9	158.7	25.5	68.0	3.2	64.5	0.0	36.1	.Autoclave.Outputs.PRESSIP\OutputValue	8.0	33.3	33.7	-1.0	0.0	-1.0	-1.0	-1.0	0.0	0.0	0.0	-1.0	-1.0	0.0	0.0	0.0	-1.0	0.0
17:18:42	18.0	145.1	114.3	120.5	119.7	121.5	132.2	109.9	114.2	132.4	-0.7	-0.5	-1.2	26.1	-0.7	-0.5	-1.2	145.1	109.9	4.6	2.6	124.4	127.5	179.1	179.1	178.4	191.6	96.9	18.0	10.7	0.0	181.3	163.2	27.0	66.8	3.5	66.7	0.0	33.7	.Autoclave.Outputs.PRESSIP\OutputValue	8.0	35.2	34.0	-1.0	0.0	-1.0	-1.0	-1.0	0.0	0.0	0.0	-1.0	-1.0	0.0	0.0	0.0	-1.0	0.0
17:19:42	19.0	149.1	117.5	123.7	123.7	124.7	136.6	112.5	117.4	136.2	-0.4	-0.3	-0.7	27.8	-0.5	-0.3	-0.7	149.1	112.5	4.6	2.6	128.0	130.8	183.5	183.5	182.9	195.7	97.1	19.0	11.7	0.0	186.3	167.7	28.5	70.4	3.7	64.9	0.0	40.7	.Autoclave.Outputs.PRESSIP\OutputValue	8.0	36.6	34.4	-1.0	0.0	-1.0	-1.0	-1.0	0.0	0.0	0.0	-1.0	-1.0	0.0	0.0	0.0	-1.0	0.0
17:20:43	20.0	153.7	121.5	127.2	127.7	128.8	141.4	115.3	120.5	140.2	-0.2	-0.1	-0.2	29.5	-0.3	-0.1	-0.2	153.7	115.3	5.2	2.9	132.0	134.5	188.0	188.1	187.4	199.0	97.3	20.0	12.7	0.0	190.6	172.2	30.0	68.8	4.0	62.7	0.0	37.6	.Autoclave.Outputs.PRESSIP\OutputValue	8.0	38.4	34.3	-1.0	0.0	-1.0	-1.0	-1.0	0.0	0.0	0.0	-1.0	-1.0	0.0	0.0	0.0	-1.0	0.0
17:21:43	21.0	159.4	125.1	131.2	131.8	132.9	146.0	118.4	124.0	143.9	-0.1	0.0	0.0	30.5	-0.1	0.0	-0.1	159.4	118.4	5.3	3.1	134.7	138.9	192.0	191.9	191.4	203.4	97.1	21.0	13.7	0.0	194.0	176.7	31.5	65.1	4.2	67.9	0.0	30.1	.Autoclave.Outputs.PRESSIP\OutputValue	8.0	41.0	32.6	-1.0	0.0	-1.0	-1.0	-1.0	0.0	0.0	0.0	-1.0	-1.0	0.0	0.0	0.0	-1.0	0.0
17:22:42	22.0	163.7	128.9	134.7	135.8	136.2	150.7	121.5	127.2	147.3	0.0	0.1	0.1	32.2	-0.1	0.1	0.0	163.7	121.5	4.8	3.1	138.4	142.6	196.3	196.3	195.6	207.6	97.3	22.0	14.7	0.0	198.5	181.2	33.0	67.7	4.5	66.2	0.0	35.4	.Autoclave.Outputs.PRESSIP\OutputValue	8.0	42.2	32.6	-1.0	0.0	-1.0	-1.0	-1.0	0.0	0.0	0.0	-1.0	-1.0	0.0	0.0	0.0	-1.0	0.0
17:23:43	23.1	168.3	132.8	138.6	140.0	140.5	155.6	124.6	130.5	152.3	0.1	0.1	0.1	33.8	0.0	0.1	0.1	168.3	124.6	4.9	3.2	142.6	146.5	200.7	200.7	200.0	211.2	97.5	23.0	15.7	0.0	203.0	185.7	34.5	68.1	4.7	64.9	0.0	36.2	.Autoclave.Outputs.PRESSIP\OutputValue	8.0	43.7	32.4	-1.0	0.0	-1.0	-1.0	-1.0	0.0	0.0	0.0	-1.0	-1.0	0.0	0.0	0.0	-1.0	0.0
17:24:42	24.0	172.8	137.1	142.6	144.4	145.2	160.5	128.0	133.9	156.4	0.1	0.1	0.2	35.5	0.0	0.2	0.1	172.8	128.0	5.6	3.4	146.8	150.4	205.0	205.0	204.3	215.8	97.7	24.0	16.7	0.0	207.5	190.2	36.0	70.2	5.0	62.5	0.0	40.3	.Autoclave.Outputs.PRESSIP\OutputValue	8.0	44.8	32.2	-1.0	0.0	-1.0	-1.0	-1.0	0.0	0.0	0.0	-1.0	-1.0	0.0	0.0	0.0	-1.0	0.0
17:25:43	25.0	177.8	141.4	147.0	149.1	149.3	165.5	131.0	137.3	161.0	0.1	0.1	0.2	37.0	0.0	0.2	0.1	177.8	131.0	5.0	3.0	151.0	154.4	209.0	209.1	208.4	218.9	97.8	25.0	17.7	0.0	211.5	194.7	37.5	69.2	5.2	63.1	0.0	38.4	.Autoclave.Outputs.PRESSIP\OutputValue	8.0	46.8	31.2	-1.0	0.0	-1.0	-1.0	-1.0	0.0	0.0	0.0	-1.0	-1.0	0.0	0.0	0.0	-1.0	0.0
17:26:42	26.0	182.8	145.7	151.2	153.6	153.7	170.4	134.4	141.0	165.3	0.1	0.1	0.2	38.1	0.0	0.2	0.1	182.8	134.4	4.9	3.5	155.3	158.6	212.5	212.5	212.0	224.1	97.8	26.0	18.7	0.0	215.6	199.2	39.0	74.6	5.5	67.1	0.0	49.1	.Autoclave.Outputs.PRESSIP\OutputValue	8.0	48.4	29.7	-1.0	0.0	-1.0	-1.0	-1.0	0.0	0.0	0.0	-1.0	-1.0	0.0	0.0	0.0	-1.0	0.0
17:27:43	27.0	187.0	150.3	155.0	158.3	157.9	175.4	138.1	144.9	170.0	0.1	0.2	0.3	39.9	0.0	0.3	0.1	187.0	138.1	5.0	3.7	159.7	162.6	217.8	217.8	217.0	228.1	97.9	27.0	19.7	0.0	220.1	203.7	40.5	69.0	5.7	63.9	0.0	38.0	.Autoclave.Outputs.PRESSIP\OutputValue	8.0	48.9	30.8	-1.0	0.0	-1.0	-1.0	-1.0	0.0	0.0	0.0	-1.0	-1.0	0.0	0.0	0.0	-1.0	0.0
17:28:43	28.0	192.0	154.7	159.8	162.9	162.4	180.4	141.5	148.5	174.7	0.1	0.1	0.3	41.6	0.0	0.3	0.1	192.0	141.5	5.3	3.6	164.1	166.8	221.5	221.6	221.0	231.9	98.0	28.0	20.7	0.0	224.3	208.2	42.0	71.7	6.0	61.5	0.0	43.4	.Autoclave.Outputs.PRESSIP\OutputValue	8.0	50.5	29.5	-1.0	0.0	-1.0	-1.0	-1.0	0.0	0.0	0.0	-1.0	-1.0	0.0	0.0	0.0	-1.0	0.0
17:29:17	28.6	195.4	157.2	162.4	165.5	165.0	183.5	143.8	150.5	177.0	0.1	0.1	0.3	42.1	0.0	0.3	0.1	195.4	143.8	5.3	3.6	166.7	169.6	223.8	223.7	223.0	234.4	97.8	28.6	21.2	0.0	226.1	210.7	42.8	70.0	6.1	67.1	0.0	40.1	.Autoclave.Outputs.PRESSIP\OutputValue	8.0	51.6	28.5	-1.0	0.0	-1.0	-1.0	-1.0	0.0	0.0	0.0	-1.0	-1.0	0.0	0.0	0.0	-1.0	0.0
17:29:42	29.0	197.0	159.3	164.0	167.5	166.9	185.5	145.4	152.2	179.2	0.1	0.1	0.3	42.6	0.0	0.3	0.1	197.0	145.4	5.3	3.8	168.6	171.2	225.6	225.6	224.8	236.4	98.0	29.0	0.4	0.0	228.3	212.7	43.5	71.8	6.2	66.3	0.0	43.6	.Autoclave.Outputs.PRESSIP\OutputValue	8.0	51.6	28.6	-1.0	0.0	-1.0	-1.0	-1.0	0.0	0.0	0.0	-1.0	-1.0	0.0	0.0	0.0	-1.0	0.0
17:30:43	30.0	202.2	164.1	168.4	172.3	171.3	190.7	148.9	156.0	184.1	0.1	0.1	0.3	43.6	0.0	0.3	0.1	202.2	148.9	5.3	3.4	173.1	175.6	230.2	230.2	229.3	240.2	98.1	30.0	1.4	0.0	232.2	217.2	44.0	68.2	6.5	61.6	0.0	36.4	.Autoclave.Outputs.PRESSIP\OutputValue	8.0	53.3	28.0	-1.0	0.0	-1.0	-1.0	-1.0	0.0	0.0	0.0	-1.0	-1.0	0.0	0.0	0.0	-1.0	0.0
17:31:42	31.0	206.9	169.0	173.3	177.8	176.2	195.8	152.6	159.9	188.7	0.1	0.2	0.3	43.9	0.0	0.3	0.1	206.9	152.6	5.4	3.8	177.8	179.8	234.2	234.2	233.4	245.0	97.9	31.0	2.4	0.0	236.5	221.7	44.0	70.3	6.7	58.7	0.0	40.5	.Autoclave.Outputs.PRESSIP\OutputValue	8.0	54.3	27.3	-1.0	0.0	-1.0	-1.0	-1.0	0.0	0.0	0.0	-1.0	-1.0	0.0	0.0	0.0	-1.0	0.0
17:32:42	32.0	211.3	173.8	177.4	182.2	180.7	201.0	156.1	163.8	194.0	0.1	0.2	0.3	44.3	0.0	0.3	0.1	211.3	156.1	5.3	3.5	182.3	183.7	238.2	238.2	237.5	249.6	98.0	32.0	3.4	0.0	240.9	226.2	44.0	74.0	7.0	54.9	0.0	47.9	.Autoclave.Outputs.PRESSIP\OutputValue	7.8	55.2	26.9	-1.0	0.0	-1.0	-1.0	-1.0	0.0	0.0	0.0	-1.0	-1.0	0.0	0.0	0.0	-1.0	0.0
17:33:43	33.0	216.5	178.5	182.3	186.8	185.6	206.1	160.0	167.5	198.8	0.1	0.1	0.3	44.6	0.0	0.3	0.1	216.5	160.0	5.1	3.7	186.9	188.2	242.3	242.3	241.6	253.2	98.0	33.0	4.4	0.0	244.9	230.7	44.0	72.2	7.3	51.3	0.0	44.4	.Autoclave.Outputs.PRESSIP\OutputValue	6.9	56.5	25.9	-1.0	0.0	-1.0	-1.0	-1.0	0.0	0.0	0.0	-1.0	-1.0	0.0	0.0	0.0	-1.0	0.0
17:34:42	34.0	221.3	182.9	186.8	191.7	190.1	211.0	164.0	171.5	203.6	0.1	0.1	0.3	44.9	0.0	0.3	0.1	221.3	164.0	4.9	4.0	191.4	192.6	246.8	246.8	246.1	258.0	98.0	34.0	5.4	0.0	249.1	235.2	44.0	71.6	7.5	46.0	0.0	43.2	.Autoclave.Outputs.PRESSIP\OutputValue	5.4	57.3	25.6	-1.0	0.0	-1.0	-1.0	-1.0	0.0	0.0	0.0	-1.0	-1.0	0.0	0.0	0.0	-1.0	0.0
17:35:43	35.1	225.7	187.3	190.9	196.5	194.9	216.1	167.7	175.3	208.2	0.1	0.1	0.3	44.0	0.0	0.3	0.1	225.7	167.7	5.1	3.9	195.8	196.7	251.5	251.5	250.8	262.6	98.1	35.0	6.4	0.0	253.8	239.7	44.0	71.4	7.8	55.0	0.0	42.7	.Autoclave.Outputs.PRESSIP\OutputValue	5.0	58.0	25.9	-1.0	0.0	-1.0	-1.0	-1.0	0.0	0.0	0.0	-1.0	-1.0	0.0	0.0	0.0	-1.0	0.0
17:36:42	36.0	230.1	192.0	195.3	201.0	199.5	220.8	171.6	179.2	212.8	0.1	0.2	0.3	44.3	0.0	0.3	0.1	230.1	171.6	5.0	3.8	200.3	200.8	255.5	255.5	254.8	267.4	98.2	36.0	7.4	0.0	258.4	244.2	44.0	74.7	8.1	51.2	0.0	49.4	.Autoclave.Outputs.PRESSIP\OutputValue	4.6	58.5	25.5	-1.0	0.0	-1.0	-1.0	-1.0	0.0	0.0	0.0	-1.0	-1.0	0.0	0.0	0.0	-1.0	0.0
17:37:42	37.0	234.9	196.9	199.8	205.7	204.1	225.7	175.4	183.0	217.5	0.1	0.1	0.3	44.6	0.0	0.3	0.1	234.9	175.4	5.0	3.8	204.8	205.1	260.2	260.2	259.5	271.3	98.2	37.0	8.4	0.0	262.6	248.7	44.0	72.2	8.3	47.4	0.0	44.3	.Autoclave.Outputs.PRESSIP\OutputValue	3.6	59.5	25.4	-1.0	0.0	-1.0	-1.0	-1.0	0.0	0.0	0.0	-1.0	-1.0	0.0	0.0	0.0	-1.0	0.0
17:38:43	38.0	239.3	201.3	204.1	210.0	208.5	230.5	179.4	187.1	222.3	0.1	0.2	0.3	44.6	0.0	0.3	0.1	239.3	179.4	4.9	4.0	209.2	209.3	264.4	264.4	263.7	276.2	98.3	38.0	9.4	0.0	267.2	253.2	44.0	75.4	8.6	45.7	0.0	50.7	.Autoclave.Outputs.PRESSIP\OutputValue	2.0	59.9	25.2	-1.0	0.0	-1.0	-1.0	-1.0	0.0	0.0	0.0	-1.0	-1.0	-1.0	0.0	0.0	-1.0	0.0
17:39:43	39.1	243.9	205.6	208.2	214.9	213.3	235.4	183.3	190.9	226.9	0.1	0.2	0.4	44.0	0.0	0.4	0.1	243.9	183.3	4.6	3.9	213.6	213.6	269.3	269.3	268.7	281.0	98.3	39.0	10.4	0.0	271.6	257.7	44.0	71.6	8.9	52.0	0.0	43.3	.Autoclave.Outputs.PRESSIP\OutputValue	2.2	60.6	25.5	-1.0	0.0	-1.0	-1.0	-1.0	0.0	0.0	0.0	-1.0	-1.0	0.0	0.0	0.0	-1.0	0.0
17:40:42	40.0	248.3	210.3	212.7	219.6	217.9	240.0	187.3	194.9	231.4	0.1	0.2	0.4	44.3	0.0	0.4	0.1	248.3	187.3	5.1	4.0	218.0	217.8	273.5	273.5	272.8	284.9	98.3	40.0	11.4	0.0	276.1	262.2	44.0	74.2	9.1	48.7	0.0	48.4	.Autoclave.Outputs.PRESSIP\OutputValue	1.9	61.0	25.3	-1.0	0.0	-1.0	-1.0	-1.0	0.0	0.0	0.0	-1.0	-1.0	0.0	0.0	0.0	-1.0	0.0
17:41:43	41.0	252.9	215.0	217.1	224.1	222.2	244.6	191.3	199.0	236.4	0.1	0.2	0.4	44.7	0.0	0.4	0.1	252.9	191.3	5.0	4.0	222.5	222.1	278.1	278.1	277.5	289.7	98.5	41.0	12.4	0.0	280.5	266.7	44.0	72.0	9.4	44.7	0.0	44.0	.Autoclave.Outputs.PRESSIP\OutputValue	0.9	61.6	25.3	-1.0	0.0	-1.0	-1.0	-1.0	0.0	0.0	0.0	-1.0	-1.0	0.0	0.0	0.0	-1.0	0.0
17:42:42	42.0	257.7	219.3	221.8	228.8	226.8	249.1	195.9	203.2	240.8	0.1	0.2	0.4	45.0	0.0	0.4	0.1	257.7	195.9	4.9	4.3	227.0	226.8	282.2	282.1	281.5	294.9	98.4	42.0	13.4	0.0	284.8	271.2	44.0	73.3	9.6	39.5	0.0	46.5	.Autoclave.Outputs.PRESSIP\OutputValue	-0.7	61.8	24.6	-1.0	0.0	-1.0	-1.0	-1.0	0.0	0.0	0.0	-1.0	-1.0	0.0	0.0	0.0	-1.0	0.0
17:43:42	43.0	262.3	223.9	225.8	233.0	231.5	253.9	200.1	207.2	245.4	0.1	0.1	0.4	44.0	0.0	0.4	0.1	262.3	200.1	4.8	4.1	231.5	231.2	286.4	286.4	285.8	298.7	98.4	43.0	14.4	0.0	289.1	275.7	44.0	75.6	9.9	48.9	0.0	51.2	.Autoclave.Outputs.PRESSIP\OutputValue	-0.9	62.2	24.2	-1.0	0.0	-1.0	-1.0	-1.0	0.0	0.0	0.0	-1.0	-1.0	0.0	0.0	0.0	-1.0	0.0
17:44:43	44.0	266.7	228.2	230.3	237.2	235.7	258.5	204.4	211.3	249.8	0.2	0.2	0.4	44.3	0.0	0.4	0.2	266.7	204.4	4.7	4.2	235.8	235.5	291.0	291.1	290.5	303.7	98.5	44.0	15.4	0.0	293.8	280.2	44.0	76.0	10.2	45.3	0.0	52.0	.Autoclave.Outputs.PRESSIP\OutputValue	-1.3	62.3	24.3	-1.0	0.0	-1.0	-1.0	-1.0	0.0	0.0	0.0	-1.0	-1.0	0.0	0.0	0.0	-1.0	0.0
17:45:42	45.0	271.5	232.8	235.0	241.9	240.5	263.1	209.3	215.5	254.2	0.2	0.2	0.4	44.6	0.0	0.4	0.2	271.5	209.3	4.9	4.1	240.4	240.4	295.6	295.6	294.9	308.2	98.5	45.0	16.4	0.0	297.7	284.7	44.0	72.6	10.4	41.6	0.0	45.2	.Autoclave.Outputs.PRESSIP\OutputValue	-2.2	62.2	24.1	-1.0	0.0	-1.0	-1.0	-1.0	0.0	0.0	0.0	-1.0	-1.0	0.0	0.0	0.0	-1.0	0.0
17:46:42	46.0	275.8	237.0	239.6	246.4	245.1	267.6	213.8	219.6	258.7	0.2	0.2	0.5	44.9	0.0	0.5	0.2	275.8	213.8	4.8	4.2	244.8	244.8	299.8	299.8	299.1	312.2	98.6	46.0	17.4	0.0	302.5	289.2	44.0	77.0	10.7	37.0	0.0	54.0	.Autoclave.Outputs.PRESSIP\OutputValue	-3.8	62.0	24.0	-1.0	0.0	-1.0	-1.0	-1.0	0.0	0.0	0.0	-1.0	-1.0	0.0	0.0	0.0	-1.0	0.0
17:47:43	47.0	279.7	241.8	243.7	250.9	249.6	271.9	218.3	223.9	263.1	0.2	0.2	0.5	43.9	0.0	0.5	0.2	279.7	218.3	4.6	3.8	249.2	249.0	305.1	305.2	304.6	317.1	98.5	47.0	18.4	0.0	307.7	293.7	44.0	74.7	10.9	46.8	0.0	49.4	.Autoclave.Outputs.PRESSIP\OutputValue	-3.9	61.4	25.4	-1.0	0.0	-1.0	-1.0	-1.0	0.0	0.0	0.0	-1.0	-1.0	0.0	0.0	0.0	-1.0	0.0
17:48:43	48.1	285.2	246.1	248.5	255.4	254.6	276.7	223.3	228.5	267.5	0.2	0.2	0.5	44.2	0.0	0.5	0.2	285.2	223.3	5.5	4.4	254.0	254.3	308.7	308.8	308.1	321.2	98.7	48.0	19.4	0.0	311.2	298.2	44.0	76.9	11.2	43.7	0.0	53.7	.Autoclave.Outputs.PRESSIP\OutputValue	-4.1	61.9	23.4	-1.0	0.0	-1.0	-1.0	-1.0	0.0	0.0	0.0	-1.0	-1.0	0.0	0.0	0.0	-1.0	0.0
17:49:42	49.0	289.0	250.8	252.5	259.8	258.7	281.3	227.6	232.2	271.7	0.2	0.2	0.5	44.6	0.0	0.5	0.2	289.0	227.6	4.8	3.9	258.2	258.3	313.9	313.9	313.2	326.8	98.7	49.0	20.4	0.0	316.3	302.7	44.0	76.3	11.5	39.4	0.0	52.6	.Autoclave.Outputs.PRESSIP\OutputValue	-4.9	61.4	24.8	-1.0	0.0	-1.0	-1.0	-1.0	0.0	0.0	0.0	-1.0	-1.0	0.0	0.0	0.0	-1.0	0.0
17:50:43	50.0	294.1	255.1	257.2	264.3	263.5	286.0	232.1	236.5	276.4	0.2	0.2	0.6	44.8	0.0	0.6	0.2	294.1	232.1	5.4	4.1	262.8	263.1	318.0	318.0	317.2	330.2	98.7	50.0	21.4	0.0	320.1	307.2	44.0	75.0	11.7	35.5	0.0	50.0	.Autoclave.Outputs.PRESSIP\OutputValue	-6.0	62.0	23.8	-1.0	0.0	-1.0	-1.0	-1.0	0.0	0.0	0.0	-1.0	-1.0	0.0	0.0	0.0	-1.0	0.0
17:51:42	51.0	298.9	259.8	261.9	268.5	267.3	290.3	236.6	240.7	280.7	0.2	0.2	0.6	43.9	0.0	0.6	0.2	298.9	236.6	4.7	4.3	267.2	267.8	322.4	322.5	321.8	336.6	98.8	51.0	22.4	0.0	324.4	311.7	44.0	74.8	12.0	45.1	0.0	49.6	.Autoclave.Outputs.PRESSIP\OutputValue	-5.8	62.3	23.4	-1.0	0.0	-1.0	-1.0	-1.0	0.0	0.0	0.0	-1.0	-1.0	0.0	0.0	0.0	-1.0	0.0
17:52:43	52.0	303.8	264.1	266.6	272.9	272.4	295.0	241.8	245.0	285.0	0.3	0.3	0.6	44.1	0.0	0.6	0.3	303.8	241.8	5.1	4.3	271.9	272.8	327.0	327.0	326.3	338.5	98.7	52.0	23.4	0.0	328.6	316.2	44.0	71.1	12.2	43.2	0.0	42.1	.Autoclave.Outputs.PRESSIP\OutputValue	-5.8	62.0	23.1	-1.0	0.0	-1.0	-1.0	-1.0	0.0	0.0	0.0	-1.0	-1.0	0.0	0.0	0.0	-1.0	0.0
17:53:42	53.0	307.8	268.7	270.8	277.4	276.6	299.2	246.6	249.1	289.1	0.3	0.3	0.6	44.5	0.0	0.6	0.3	307.8	246.6	5.5	3.4	276.2	277.2	331.4	331.4	330.6	345.2	99.0	53.0	24.4	0.0	333.6	320.7	44.0	76.4	12.4	39.5	0.0	52.8	.Autoclave.Outputs.PRESSIP\OutputValue	-6.0	61.2	23.5	-1.0	0.0	-1.0	-1.0	-1.0	0.0	0.0	0.0	-1.0	-1.0	0.0	0.0	0.0	-1.0	0.0
17:54:43	54.0	312.2	272.8	275.5	281.7	281.5	303.9	251.6	253.5	293.7	0.3	0.3	0.6	44.8	0.0	0.6	0.3	312.2	251.6	5.1	4.4	280.7	281.9	335.5	335.5	334.7	349.3	98.9	54.0	25.4	0.0	338.2	325.2	44.0	78.1	12.7	36.3	0.0	56.2	.Autoclave.Outputs.PRESSIP\OutputValue	-6.0	60.6	23.2	-1.0	0.0	-1.0	-1.0	-1.0	0.0	0.0	0.0	-1.0	-1.0	0.0	0.0	0.0	-1.0	0.0
17:55:43	55.1	316.8	277.0	279.8	286.0	286.0	308.4	255.7	257.7	298.0	0.3	0.3	0.6	43.5	0.0	0.6	0.3	316.8	255.7	4.8	4.0	285.0	286.3	339.8	339.8	339.0	351.7	98.7	55.0	26.4	0.0	342.4	329.7	44.0	79.0	12.9	48.7	0.0	58.0	.Autoclave.Outputs.PRESSIP\OutputValue	-6.0	61.1	22.9	-1.0	0.0	-1.0	-1.0	-1.0	0.0	0.0	0.0	-1.0	-1.0	0.0	0.0	0.0	-1.0	0.0
17:56:43	56.0	321.6	281.6	284.4	290.4	290.4	312.9	260.1	261.9	302.5	0.3	0.4	0.7	44.0	0.0	0.7	0.3	321.6	260.1	4.8	4.1	289.5	290.9	344.7	344.7	343.9	357.1	98.9	56.0	27.4	0.0	346.7	334.2	44.0	75.2	13.2	44.0	0.0	50.4	.Autoclave.Outputs.PRESSIP\OutputValue	-5.8	61.5	23.0	-1.0	0.0	-1.0	-1.0	-1.0	0.0	0.0	0.0	-1.0	-1.0	0.0	0.0	0.0	-1.0	0.0
17:57:42	57.0	326.0	286.0	288.8	295.0	294.8	317.2	265.0	266.0	307.0	0.4	0.4	0.7	44.4	0.0	0.7	0.4	326.0	265.0	4.9	4.0	294.0	295.5	348.5	348.4	347.7	363.0	99.0	57.0	28.4	0.0	351.2	338.7	44.0	80.5	13.4	40.2	0.0	61.0	.Autoclave.Outputs.PRESSIP\OutputValue	-6.0	61.0	22.4	-1.0	0.0	-1.0	-1.0	-1.0	0.0	0.0	0.0	-1.0	-1.0	0.0	0.0	0.0	-1.0	0.0
17:58:42	58.0	330.4	290.5	293.2	299.3	299.5	321.7	269.5	270.5	311.2	0.4	0.4	0.8	44.7	0.0	0.8	0.4	330.4	269.5	5.1	4.3	298.4	300.0	353.4	353.4	352.6	367.5	99.1	58.0	29.4	0.0	355.8	343.2	44.0	78.0	13.7	37.4	0.0	56.0	.Autoclave.Outputs.PRESSIP\OutputValue	-6.0	60.9	22.9	-1.0	0.0	-1.0	-1.0	-1.0	0.0	0.0	0.0	-1.0	-1.0	0.0	0.0	0.0	-1.0	0.0
17:59:43	59.0	335.0	294.5	298.0	303.7	304.7	326.5	273.6	275.2	315.9	0.4	0.4	0.8	45.0	0.0	0.8	0.4	335.0	273.6	4.9	4.0	303.0	304.3	358.0	358.0	357.2	371.7	99.2	59.0	30.4	0.0	360.3	347.7	44.0	77.1	13.9	34.2	0.0	54.2	.Autoclave.Outputs.PRESSIP\OutputValue	-6.0	61.4	22.9	-1.0	0.0	-1.0	-1.0	-1.0	0.0	0.0	0.0	-1.0	-1.0	0.0	0.0	0.0	-1.0	0.0
18:00:42	60.0	339.9	298.7	302.5	308.0	308.9	330.6	277.7	279.1	320.2	0.4	0.4	0.8	43.9	0.0	0.8	0.4	339.9	277.7	4.9	3.9	307.3	308.8	362.8	362.8	362.0	375.4	99.0	60.0	31.4	0.0	364.6	352.2	44.0	73.8	14.1	45.8	0.0	47.7	.Autoclave.Outputs.PRESSIP\OutputValue	-5.7	62.2	22.9	-1.0	0.0	-1.0	-1.0	-1.0	0.0	0.0	0.0	-1.0	-1.0	0.0	0.0	0.0	-1.0	0.0
18:01:42	61.0	344.0	303.5	307.1	312.3	313.5	335.1	282.4	283.1	324.5	0.4	0.3	0.8	44.0	0.0	0.8	0.3	344.0	282.4	4.8	4.1	311.7	313.2	366.2	366.2	365.5	376.1	99.2	61.0	32.4	0.0	366.1	355.0	44.0	62.7	14.3	44.5	0.0	25.4	.Autoclave.Outputs.PRESSIP\OutputValue	-5.7	61.6	22.2	-1.0	0.0	-1.0	-1.0	-1.0	0.0	0.0	0.0	-1.0	-1.0	0.0	0.0	0.0	-1.0	0.0
18:02:43	62.0	345.9	307.1	310.1	315.7	316.3	338.1	285.9	286.4	327.5	0.4	0.4	0.9	44.0	0.0	0.9	0.4	345.9	285.9	3.6	1.9	314.8	315.9	364.6	364.6	364.0	373.4	99.2	62.0	33.4	0.0	364.1	355.0	44.0	59.4	14.3	44.8	0.0	18.8	.Autoclave.Outputs.PRESSIP\OutputValue	-5.6	60.0	18.7	-1.0	0.0	-1.0	-1.0	-1.0	0.0	0.0	0.0	-1.0	-1.0	0.0	0.0	0.0	-1.0	0.0
18:03:42	63.0	345.1	309.1	312.3	318.4	317.5	338.5	288.7	289.0	327.2	0.4	0.4	0.9	43.9	0.0	0.9	0.4	345.1	288.7	2.9	-1.0	316.2	316.9	358.8	358.8	358.1	370.8	99.3	63.0	34.4	0.0	365.0	355.0	44.0	90.6	0.1	46.5	0.0	81.1	.Autoclave.Outputs.PRESSIP\OutputValue	-4.8	56.4	13.7	-1.0	0.0	-1.0	-1.0	-1.0	0.0	0.0	0.0	-1.0	-1.0	0.0	0.0	0.0	-1.0	0.0
18:04:43	64.1	347.3	312.0	315.4	321.3	320.2	340.9	291.6	291.9	329.3	0.4	0.4	0.9	43.8	0.0	0.9	0.4	347.3	291.6	3.4	2.3	318.9	319.4	360.4	360.5	359.8	368.8	99.3	64.0	35.4	0.0	362.8	355.0	44.0	65.5	0.4	47.4	0.0	31.1	.Autoclave.Outputs.PRESSIP\OutputValue	-4.5	55.7	13.1	-1.0	0.0	-1.0	-1.0	-1.0	0.0	0.0	0.0	-1.0	-1.0	0.0	0.0	0.0	-1.0	0.0
18:05:42	65.0	347.7	315.5	317.9	324.2	322.0	342.5	293.9	294.8	330.7	0.4	0.4	0.9	43.9	0.0	0.9	0.4	347.7	293.9	2.8	0.8	321.0	320.8	360.2	360.3	359.5	368.6	99.4	65.0	36.4	0.0	362.3	355.0	44.0	61.7	0.6	47.5	0.0	23.5	.Autoclave.Outputs.PRESSIP\OutputValue	-4.2	53.8	12.5	-1.0	0.0	-1.0	-1.0	-1.0	0.0	0.0	0.0	-1.0	-1.0	0.0	0.0	0.0	-1.0	0.0
18:06:43	66.0	348.4	317.2	320.2	326.7	324.5	343.9	296.4	297.8	332.0	0.3	0.4	0.9	43.9	0.0	0.9	0.3	348.4	296.4	3.3	0.5	323.0	322.4	359.7	359.7	359.0	367.9	99.4	66.0	37.4	0.0	361.7	355.0	44.0	61.9	0.8	47.6	0.0	23.9	.Autoclave.Outputs.PRESSIP\OutputValue	-3.9	52.0	11.3	-1.0	0.0	-1.0	-1.0	-1.0	0.0	0.0	0.0	-1.0	-1.0	0.0	0.0	0.0	-1.0	0.0
18:07:42	67.0	349.2	319.4	322.3	329.0	326.3	345.0	298.8	300.0	333.4	0.4	0.4	0.9	43.8	0.0	0.9	0.4	349.2	298.8	2.9	0.9	324.8	324.0	359.2	359.2	358.5	365.6	99.4	67.0	38.4	0.0	360.9	355.0	44.0	60.1	1.0	48.6	0.0	20.1	.Autoclave.Outputs.PRESSIP\OutputValue	-3.5	50.4	10.0	-1.0	0.0	-1.0	-1.0	-1.0	0.0	0.0	0.0	-1.0	-1.0	0.0	0.0	0.0	-1.0	0.0
18:08:42	68.0	349.7	321.4	324.3	330.8	328.0	346.0	300.9	302.3	334.5	0.3	0.4	1.0	43.9	0.0	1.0	0.3	349.7	300.9	2.4	0.6	326.4	325.3	358.8	358.8	358.0	366.0	99.5	68.0	39.4	0.0	360.3	355.0	44.0	60.2	1.1	48.1	0.0	20.5	.Autoclave.Outputs.PRESSIP\OutputValue	-3.2	48.8	9.1	-1.0	0.0	-1.0	-1.0	-1.0	0.0	0.0	0.0	-1.0	-1.0	0.0	0.0	0.0	-1.0	0.0
18:09:42	69.0	350.2	323.6	326.0	332.6	329.4	346.8	303.3	304.5	335.2	0.3	0.4	1.0	43.9	0.0	1.0	0.3	350.2	303.3	2.4	0.5	327.9	326.7	358.4	358.4	357.7	365.8	99.5	69.0	40.4	0.0	359.8	355.0	44.0	59.0	1.3	48.7	0.0	18.1	.Autoclave.Outputs.PRESSIP\OutputValue	-2.8	46.9	8.2	-1.0	0.0	-1.0	-1.0	-1.0	0.0	0.0	0.0	-1.0	-1.0	0.0	0.0	0.0	-1.0	0.0
18:10:43	70.0	350.5	325.9	327.7	334.3	331.2	347.4	305.7	306.7	336.2	0.3	0.4	1.0	43.9	0.0	1.0	0.3	350.5	305.7	2.4	0.5	329.5	328.1	357.8	357.9	357.1	365.3	99.5	70.0	41.4	0.0	359.3	355.0	44.0	60.5	1.4	49.0	0.0	21.0	.Autoclave.Outputs.PRESSIP\OutputValue	-2.5	44.8	7.3	-1.0	0.0	-1.0	-1.0	-1.0	0.0	0.0	0.0	-1.0	-1.0	0.0	0.0	0.0	-1.0	0.0
18:11:42	71.0	350.7	327.1	329.6	335.9	332.1	348.1	307.5	308.7	337.3	0.3	0.4	1.0	43.8	0.0	1.0	0.3	350.7	307.5	2.0	0.2	330.8	329.1	357.8	357.8	357.1	364.4	99.5	71.0	42.4	0.0	359.3	355.0	44.0	60.0	1.6	49.5	0.0	19.9	.Autoclave.Outputs.PRESSIP\OutputValue	-2.2	43.2	7.1	-1.0	0.0	-1.0	-1.0	-1.0	0.0	0.0	0.0	-1.0	-1.0	0.0	0.0	0.0	-1.0	0.0
18:12:42	72.0	351.3	329.2	330.9	337.1	333.8	348.8	309.1	310.8	338.0	0.4	0.4	1.0	43.9	0.0	1.0	0.4	351.3	309.1	2.3	0.3	332.1	330.2	357.5	357.6	356.8	364.2	99.7	72.0	43.4	0.0	358.7	355.0	44.0	58.1	1.7	49.6	0.0	16.2	.Autoclave.Outputs.PRESSIP\OutputValue	-1.9	42.2	6.2	-1.0	0.0	-1.0	-1.0	-1.0	0.0	0.0	0.0	-1.0	-1.0	0.0	0.0	0.0	-1.0	0.0
18:13:42	73.0	351.8	330.6	332.4	338.7	335.1	349.3	310.9	312.5	338.8	0.3	0.4	1.0	43.9	0.0	1.0	0.3	351.8	310.9	1.9	0.3	333.3	331.3	357.4	357.5	356.7	363.8	99.7	73.0	44.4	0.0	358.4	355.0	44.0	56.9	1.8	49.4	0.0	13.7	.Autoclave.Outputs.PRESSIP\OutputValue	-1.7	40.9	5.6	-1.0	0.0	-1.0	-1.0	-1.0	0.0	0.0	0.0	-1.0	-1.0	0.0	0.0	0.0	-1.0	0.0
18:14:42	74.0	351.9	332.0	333.7	339.7	335.9	349.6	312.5	314.1	339.4	0.4	0.4	1.0	43.9	0.0	1.0	0.4	351.9	312.5	1.7	0.2	334.3	332.2	357.1	357.1	356.4	363.3	99.6	74.0	45.4	0.0	358.2	355.0	44.0	57.6	1.9	49.9	0.0	15.3	.Autoclave.Outputs.PRESSIP\OutputValue	-1.4	39.4	5.2	-1.0	0.0	-1.0	-1.0	-1.0	0.0	0.0	0.0	-1.0	-1.0	0.0	0.0	0.0	-1.0	0.0
18:15:43	75.0	352.1	333.5	334.9	340.9	337.4	350.2	314.4	315.8	340.2	0.4	0.4	1.0	43.9	0.0	1.0	0.4	352.1	314.4	2.0	0.3	335.5	333.2	357.1	357.1	356.4	363.1	99.7	75.0	46.4	0.0	357.7	355.0	44.0	55.7	2.0	50.0	0.0	11.5	.Autoclave.Outputs.PRESSIP\OutputValue	-1.2	37.7	5.0	-1.0	0.0	-1.0	-1.0	-1.0	0.0	0.0	0.0	-1.0	-1.0	0.0	0.0	0.0	-1.0	0.0
18:16:42	76.0	352.3	334.5	336.1	342.0	338.2	350.5	316.1	317.7	340.7	0.3	0.4	1.0	43.9	0.0	1.0	0.3	352.3	316.1	1.7	0.2	336.4	334.2	357.0	356.9	356.2	362.6	99.8	76.0	47.4	0.0	357.7	355.0	44.0	55.2	2.1	50.2	0.0	10.3	.Autoclave.Outputs.PRESSIP\OutputValue	-0.9	36.2	4.7	-1.0	0.0	-1.0	-1.0	-1.0	0.0	0.0	0.0	-1.0	-1.0	0.0	0.0	0.0	-1.0	0.0
18:17:43	77.1	352.5	335.9	337.1	342.8	339.1	350.7	317.6	319.0	341.4	0.4	0.4	0.9	43.9	0.0	0.9	0.4	352.5	317.6	1.5	0.2	337.3	335.0	356.7	356.7	356.0	362.2	99.7	77.0	48.4	0.0	357.5	355.0	44.0	55.9	2.2	50.6	0.0	11.8	.Autoclave.Outputs.PRESSIP\OutputValue	-0.7	34.9	4.2	-1.0	0.0	-1.0	-1.0	-1.0	0.0	0.0	0.0	-1.0	-1.0	0.0	0.0	0.0	-1.0	0.0
18:18:43	78.0	352.8	337.4	338.4	343.6	339.8	351.0	319.0	320.4	342.0	0.4	0.4	0.9	43.9	0.0	0.9	0.4	352.8	319.0	1.6	0.1	338.3	335.9	356.6	356.6	355.9	362.8	99.9	78.0	49.4	0.0	357.4	355.0	44.0	56.0	2.3	50.4	0.0	12.0	.Autoclave.Outputs.PRESSIP\OutputValue	-0.5	33.8	3.8	-1.0	0.0	-1.0	-1.0	-1.0	0.0	0.0	0.0	-1.0	-1.0	0.0	0.0	0.0	-1.0	0.0
18:19:42	79.0	352.8	338.3	339.2	344.5	341.0	351.4	320.6	321.8	342.6	0.3	0.4	1.0	43.9	0.0	1.0	0.3	352.8	320.6	1.4	0.0	339.1	336.7	356.4	356.4	355.6	362.3	99.9	79.0	50.4	0.0	357.1	355.0	44.0	55.4	2.3	50.6	0.0	10.9	.Autoclave.Outputs.PRESSIP\OutputValue	-0.4	32.2	3.6	-1.0	0.0	-1.0	-1.0	-1.0	0.0	0.0	0.0	-1.0	-1.0	0.0	0.0	0.0	-1.0	0.0
18:20:43	80.1	353.0	339.3	340.1	345.1	341.9	351.6	321.8	323.3	343.1	0.4	0.4	0.9	43.9	0.0	0.9	0.4	353.0	321.8	1.4	0.3	339.9	337.4	356.4	356.4	355.7	362.5	99.8	80.0	51.4	0.0	357.0	355.0	44.0	54.8	2.4	50.3	0.0	9.7	.Autoclave.Outputs.PRESSIP\OutputValue	-0.2	31.2	3.4	-1.0	0.0	-1.0	-1.0	-1.0	0.0	0.0	0.0	-1.0	-1.0	0.0	0.0	0.0	-1.0	0.0
18:21:42	81.0	353.0	340.2	341.0	345.9	342.5	352.0	323.1	324.5	343.6	0.4	0.4	0.9	44.0	0.0	0.9	0.4	353.0	323.1	1.3	0.1	340.6	338.0	356.3	356.3	355.5	362.1	100.0	81.0	52.4	0.0	357.0	355.0	44.0	55.6	2.5	50.3	0.0	11.2	.Autoclave.Outputs.PRESSIP\OutputValue	-0.1	29.9	3.3	-1.0	0.0	-1.0	-1.0	-1.0	0.0	0.0	0.0	-1.0	-1.0	0.0	0.0	0.0	-1.0	0.0
18:22:43	82.0	353.3	340.9	341.7	346.4	343.3	352.1	324.2	325.7	344.0	0.4	0.4	0.9	43.9	0.0	0.9	0.4	353.3	324.2	1.3	0.2	341.3	338.7	356.1	356.1	355.4	361.6	100.0	82.0	53.4	0.0	356.8	355.0	44.0	55.7	2.6	50.0	0.0	11.3	.Autoclave.Outputs.PRESSIP\OutputValue	0.0	29.1	2.8	-1.0	0.0	-1.0	-1.0	-1.0	0.0	0.0	0.0	-1.0	-1.0	0.0	0.0	0.0	-1.0	0.0
18:23:43	83.0	353.3	341.5	342.5	347.1	343.9	352.4	325.5	326.8	344.6	0.4	0.4	0.9	43.9	0.0	0.9	0.4	353.3	325.5	1.4	0.0	341.9	339.4	356.1	356.1	355.5	361.3	100.1	83.0	54.4	0.0	356.8	355.0	44.0	55.7	2.7	50.9	0.0	11.5	.Autoclave.Outputs.PRESSIP\OutputValue	0.1	27.8	2.8	-1.0	0.0	-1.0	-1.0	-1.0	0.0	0.0	0.0	-1.0	-1.0	0.0	0.0	0.0	-1.0	0.0
18:24:42	84.0	353.5	342.8	343.4	347.5	344.5	352.4	326.8	328.0	345.0	0.5	0.4	0.9	44.0	0.0	0.9	0.4	353.5	326.8	1.2	0.1	342.6	340.1	356.1	356.1	355.4	361.8	100.2	84.0	55.4	0.0	356.6	355.0	44.0	55.8	2.7	50.8	0.0	11.6	.Autoclave.Outputs.PRESSIP\OutputValue	0.2	26.7	2.6	-1.0	0.0	-1.0	-1.0	-1.0	0.0	0.0	0.0	-1.0	-1.0	0.0	0.0	0.0	-1.0	0.0
18:25:42	85.0	353.3	343.1	344.1	347.9	344.7	352.6	327.9	329.1	345.5	0.4	0.5	0.9	44.0	0.0	0.9	0.4	353.3	327.9	1.3	-0.1	343.1	340.6	355.9	355.9	355.2	361.4	100.3	85.0	56.4	0.0	356.7	355.0	44.0	56.5	2.8	50.7	0.0	13.1	.Autoclave.Outputs.PRESSIP\OutputValue	0.3	25.4	2.6	-1.0	0.0	-1.0	-1.0	-1.0	0.0	0.0	0.0	-1.0	-1.0	0.0	0.0	0.0	-1.0	0.0
18:26:43	86.0	353.5	343.9	344.4	348.5	345.4	352.6	328.8	330.1	345.8	0.4	0.4	0.9	44.0	0.0	0.9	0.4	353.5	328.8	1.0	0.1	343.7	341.1	355.8	355.8	355.1	361.4	100.1	86.0	57.4	0.0	356.5	355.0	44.0	55.9	2.9	50.6	0.0	11.9	.Autoclave.Outputs.PRESSIP\OutputValue	0.4	24.7	2.3	-1.0	0.0	-1.0	-1.0	-1.0	0.0	0.0	0.0	-1.0	-1.0	0.0	0.0	0.0	-1.0	0.0
18:27:42	87.0	353.6	344.6	345.1	348.8	346.1	352.6	329.8	331.3	346.2	0.4	0.5	0.9	44.0	0.0	0.9	0.4	353.6	329.8	1.2	-0.1	344.2	341.7	355.8	355.8	355.1	361.4	100.2	87.0	58.4	0.0	356.5	355.0	44.0	56.0	2.9	50.8	0.0	12.0	.Autoclave.Outputs.PRESSIP\OutputValue	0.4	23.8	2.2	-1.0	0.0	-1.0	-1.0	-1.0	0.0	0.0	0.0	-1.0	-1.0	0.0	0.0	0.0	-1.0	0.0
18:28:43	88.0	353.6	344.8	345.7	349.3	346.5	352.9	330.7	332.1	346.6	0.4	0.4	0.9	44.0	0.0	0.9	0.4	353.6	330.7	0.9	0.1	344.7	342.1	355.9	355.9	355.2	361.4	100.2	88.0	59.4	0.0	356.4	355.0	44.0	54.7	3.0	50.6	0.0	9.4	.Autoclave.Outputs.PRESSIP\OutputValue	0.4	22.9	2.3	-1.0	0.0	-1.0	-1.0	-1.0	0.0	0.0	0.0	-1.0	-1.0	0.0	0.0	0.0	-1.0	0.0
18:29:43	89.0	353.7	345.6	346.3	349.6	346.9	353.1	331.8	332.6	347.0	0.4	0.4	0.9	44.0	0.0	0.9	0.4	353.7	331.8	1.1	0.0	345.2	342.7	355.8	355.8	355.0	361.3	100.3	89.0	60.4	0.0	356.4	355.0	44.0	54.8	3.0	50.4	0.0	9.6	.Autoclave.Outputs.PRESSIP\OutputValue	0.5	21.9	2.1	-1.0	0.0	-1.0	-1.0	-1.0	0.0	0.0	0.0	-1.0	-1.0	0.0	0.0	0.0	-1.0	0.0
18:30:43	90.1	353.8	346.2	346.7	349.8	347.4	353.1	332.8	333.6	347.3	0.4	0.4	0.9	44.0	0.0	0.9	0.4	353.8	332.8	1.4	0.1	345.6	343.3	355.6	355.6	355.0	361.2	100.4	90.0	61.4	0.0	356.2	355.0	44.0	55.5	3.1	50.4	0.0	11.0	.Autoclave.Outputs.PRESSIP\OutputValue	0.5	21.0	1.8	-1.0	0.0	-1.0	-1.0	-1.0	0.0	0.0	0.0	-1.0	-1.0	0.0	0.0	0.0	-1.0	0.0
18:31:42	91.0	353.8	346.9	347.2	350.2	347.9	353.2	333.7	334.8	347.7	0.4	0.4	0.9	44.0	0.0	0.9	0.4	353.8	333.7	0.9	0.0	346.1	343.7	355.8	355.9	355.1	360.8	100.3	91.0	62.4	0.0	356.1	355.0	44.0	52.9	3.1	50.4	0.0	5.8	.Autoclave.Outputs.PRESSIP\OutputValue	0.4	20.1	2.0	-1.0	0.0	-1.0	-1.0	-1.0	0.0	0.0	0.0	-1.0	-1.0	0.0	0.0	0.0	-1.0	0.0
18:32:43	92.0	353.8	347.1	347.7	350.5	348.0	353.3	334.5	335.6	348.0	0.4	0.4	0.9	44.0	0.0	0.9	0.4	353.8	334.5	0.9	0.1	346.5	344.1	355.6	355.6	354.9	361.2	100.4	92.0	63.4	0.0	356.2	355.0	44.0	55.6	3.2	50.2	0.0	11.2	.Autoclave.Outputs.PRESSIP\OutputValue	0.4	19.3	1.8	-1.0	0.0	-1.0	-1.0	-1.0	0.0	0.0	0.0	-1.0	-1.0	0.0	0.0	0.0	-1.0	0.0
18:33:42	93.0	353.9	347.4	348.0	350.9	348.4	353.4	335.2	336.3	348.3	0.4	0.4	0.8	44.0	0.0	0.8	0.4	353.9	335.2	0.8	0.1	346.9	344.5	355.5	355.5	354.8	361.3	100.4	93.0	64.4	0.0	356.2	355.0	44.0	55.7	3.2	50.0	0.0	11.3	.Autoclave.Outputs.PRESSIP\OutputValue	0.4	18.7	1.6	-1.0	0.0	-1.0	-1.0	-1.0	0.0	0.0	0.0	-1.0	-1.0	0.0	0.0	0.0	-1.0	0.0
18:34:43	94.0	353.7	347.6	348.5	350.9	348.7	353.4	335.9	337.1	348.4	0.4	0.4	0.9	44.0	0.0	0.9	0.4	353.7	335.9	0.9	-0.3	347.1	344.8	355.5	355.6	354.8	361.3	100.5	94.0	65.4	0.0	356.2	355.0	44.0	56.4	3.3	50.2	0.0	12.8	.Autoclave.Outputs.PRESSIP\OutputValue	0.4	17.8	1.8	-1.0	0.0	-1.0	-1.0	-1.0	0.0	0.0	0.0	-1.0	-1.0	0.0	0.0	0.0	-1.0	0.0
18:35:42	95.0	353.8	348.3	348.8	351.4	349.2	353.6	336.8	337.9	349.0	0.4	0.4	0.8	44.0	0.0	0.8	0.4	353.8	336.8	0.9	0.0	347.6	345.3	355.9	355.9	355.1	361.5	100.6	95.0	66.4	0.0	356.2	355.0	44.0	53.8	3.3	49.9	0.0	7.5	.Autoclave.Outputs.PRESSIP\OutputValue	0.3	17.0	2.1	-1.0	0.0	-1.0	-1.0	-1.0	0.0	0.0	0.0	-1.0	-1.0	0.0	0.0	0.0	-1.0	0.0
18:36:42	96.0	354.0	348.7	349.2	351.4	349.4	353.5	337.5	338.5	349.0	0.4	0.5	0.8	44.0	0.0	0.8	0.4	354.0	337.5	0.7	0.1	347.9	345.7	355.8	355.8	355.1	360.7	100.6	96.0	67.4	0.0	356.1	355.0	44.0	53.8	3.4	50.4	0.0	7.6	.Autoclave.Outputs.PRESSIP\OutputValue	0.2	16.5	1.8	-1.0	0.0	-1.0	-1.0	-1.0	0.0	0.0	0.0	-1.0	-1.0	0.0	0.0	0.0	-1.0	0.0
18:37:42	97.0	354.0	349.2	349.4	351.4	349.5	353.5	338.2	339.3	349.3	0.4	0.4	0.8	44.1	0.0	0.8	0.4	354.0	338.2	0.9	-0.1	348.2	346.1	355.6	355.7	355.0	361.2	100.7	97.0	68.4	0.0	356.0	355.0	44.0	54.5	3.4	49.4	0.0	9.0	.Autoclave.Outputs.PRESSIP\OutputValue	0.1	15.8	1.6	-1.0	0.0	-1.0	-1.0	-1.0	0.0	0.0	0.0	-1.0	-1.0	0.0	0.0	0.0	-1.0	0.0
18:38:42	98.0	353.6	349.1	349.8	351.5	350.3	353.6	338.8	339.8	349.5	0.4	0.4	0.8	44.1	0.0	0.8	0.4	353.6	338.8	0.7	-0.2	348.4	346.2	355.9	355.9	355.2	361.2	100.9	98.0	69.4	0.0	356.4	355.0	44.0	55.1	3.5	49.3	0.0	10.3	.Autoclave.Outputs.PRESSIP\OutputValue	0.0	14.8	2.3	-1.0	0.0	-1.0	-1.0	-1.0	0.0	0.0	0.0	-1.0	-1.0	0.0	0.0	0.0	-1.0	0.0
18:39:43	99.0	354.1	349.7	350.0	351.7	350.2	353.7	339.5	340.4	349.7	0.4	0.4	0.8	44.1	0.0	0.8	0.4	354.1	339.5	0.7	0.0	348.8	346.8	355.7	355.6	355.0	360.9	100.6	99.0	70.4	0.0	356.0	355.0	44.0	53.3	3.5	49.3	0.0	6.5	.Autoclave.Outputs.PRESSIP\OutputValue	-0.1	14.6	1.6	-1.0	0.0	-1.0	-1.0	-1.0	0.0	0.0	0.0	-1.0	-1.0	0.0	0.0	0.0	-1.0	0.0
18:40:42	100.0	354.0	349.9	350.3	352.0	350.6	353.8	340.1	341.0	349.8	0.4	0.4	0.8	44.1	0.0	0.8	0.4	354.0	340.1	0.6	-0.1	349.0	347.0	355.5	355.5	354.7	360.8	100.7	100.0	71.4	0.0	355.9	355.0	44.0	54.0	3.6	49.4	0.0	8.0	.Autoclave.Outputs.PRESSIP\OutputValue	-0.2	13.9	1.5	-1.0	0.0	-1.0	-1.0	-1.0	0.0	0.0	0.0	-1.0	-1.0	0.0	0.0	0.0	-1.0	0.0
18:41:42	101.0	354.0	350.1	350.6	351.9	350.8	353.7	340.7	341.4	350.1	0.4	0.4	0.8	44.1	0.0	0.8	0.4	354.0	340.7	0.6	-0.1	349.2	347.3	355.5	355.5	354.9	360.6	100.6	101.0	72.4	0.0	356.0	355.0	44.0	55.4	3.6	48.9	0.0	10.7	.Autoclave.Outputs.PRESSIP\OutputValue	-0.4	13.3	1.5	-1.0	0.0	-1.0	-1.0	-1.0	0.0	0.0	0.0	-1.0	-1.0	0.0	0.0	0.0	-1.0	0.0
18:42:43	102.0	353.9	350.6	350.9	352.3	350.9	353.8	341.3	342.1	350.5	0.4	0.5	0.8	44.1	0.0	0.8	0.4	353.9	341.3	0.7	-0.3	349.6	347.6	355.7	355.6	354.9	361.5	100.7	102.0	73.4	0.0	356.1	355.0	44.0	54.1	3.7	48.1	0.0	8.1	.Autoclave.Outputs.PRESSIP\OutputValue	-0.5	12.6	1.8	-1.0	0.0	-1.0	-1.0	-1.0	0.0	0.0	0.0	-1.0	-1.0	0.0	0.0	0.0	-1.0	0.0
18:43:43	103.1	353.9	350.7	351.2	352.3	351.3	353.9	341.9	342.6	350.7	0.4	0.4	0.8	44.1	0.0	0.8	0.4	353.9	341.9	0.7	-0.2	349.8	347.9	355.7	355.7	354.9	361.7	100.8	103.0	74.4	0.0	356.2	355.0	44.0	56.0	3.7	48.2	0.0	12.1	.Autoclave.Outputs.PRESSIP\OutputValue	-0.7	12.0	1.8	-1.0	0.0	-1.0	-1.0	-1.0	0.0	0.0	0.0	-1.0	-1.0	0.0	0.0	0.0	-1.0	0.0
18:44:43	104.0	354.1	351.1	351.3	352.5	351.3	353.8	342.4	343.1	350.8	0.4	0.4	0.8	44.1	0.0	0.8	0.4	354.1	342.4	0.7	-0.1	350.0	348.2	355.4	355.4	354.7	360.9	100.8	104.0	75.4	0.0	355.8	355.0	44.0	54.8	3.7	48.0	0.0	9.6	.Autoclave.Outputs.PRESSIP\OutputValue	-0.9	11.7	1.3	-1.0	0.0	-1.0	-1.0	-1.0	0.0	0.0	0.0	-1.0	-1.0	0.0	0.0	0.0	-1.0	0.0
18:45:43	105.0	354.1	350.9	351.5	352.5	351.5	354.0	342.9	343.6	351.0	0.4	0.4	0.8	44.1	0.0	0.8	0.4	354.1	342.9	0.6	-0.4	350.2	348.5	355.6	355.6	354.8	361.2	100.8	105.0	76.4	0.0	355.9	355.0	44.0	54.2	3.8	47.8	0.0	8.4	.Autoclave.Outputs.PRESSIP\OutputValue	-1.1	11.2	1.5	-1.0	0.0	-1.0	-1.0	-1.0	0.0	0.0	0.0	-1.0	-1.0	0.0	0.0	0.0	-1.0	0.0
18:46:42	106.0	354.2	351.3	351.7	352.6	351.7	353.9	343.4	344.0	351.1	0.4	0.4	0.8	44.1	0.0	0.8	0.4	354.2	343.4	0.5	0.1	350.4	348.8	355.5	355.5	354.8	360.8	100.9	106.0	77.4	0.0	355.8	355.0	44.0	54.9	3.8	47.8	0.0	9.8	.Autoclave.Outputs.PRESSIP\OutputValue	-1.3	10.8	1.3	-1.0	0.0	-1.0	-1.0	-1.0	0.0	0.0	0.0	-1.0	-1.0	0.0	0.0	0.0	-1.0	0.0
18:47:42	107.0	354.3	351.6	351.8	352.8	351.8	353.9	344.0	344.4	351.4	0.4	0.4	0.7	44.1	0.0	0.7	0.4	354.3	344.0	0.5	-0.2	350.7	349.1	355.4	355.5	354.6	360.8	100.9	107.0	78.4	0.0	355.7	355.0	44.0	53.6	3.8	47.2	0.0	7.2	.Autoclave.Outputs.PRESSIP\OutputValue	-1.5	10.3	1.1	-1.0	0.0	-1.0	-1.0	-1.0	0.0	0.0	0.0	-1.0	-1.0	0.0	0.0	0.0	-1.0	0.0
18:48:42	108.0	354.3	351.6	352.1	352.8	352.1	354.0	344.3	344.9	351.5	0.4	0.4	0.7	44.1	0.0	0.7	0.4	354.3	344.3	1.2	-0.1	350.8	349.3	355.5	355.6	354.8	361.3	101.0	108.0	79.4	0.0	355.7	355.0	44.0	52.9	3.9	47.2	0.0	5.9	.Autoclave.Outputs.PRESSIP\OutputValue	-1.7	10.0	1.2	-1.0	0.0	-1.0	-1.0	-1.0	0.0	0.0	0.0	-1.0	-1.0	0.0	0.0	0.0	-1.0	0.0
18:49:42	109.0	354.5	351.8	352.2	352.8	352.0	353.9	344.7	345.3	351.6	0.4	0.4	0.8	44.1	0.0	0.8	0.4	354.5	344.7	0.5	0.0	351.0	349.6	355.4	355.4	354.6	360.8	101.2	109.0	80.4	0.0	355.8	355.0	44.0	55.0	3.9	46.7	0.0	10.0	.Autoclave.Outputs.PRESSIP\OutputValue	-1.9	9.8	0.9	-1.0	0.0	-1.0	-1.0	-1.0	0.0	0.0	0.0	-1.0	-1.0	0.0	0.0	0.0	-1.0	0.0
18:50:43	110.0	354.4	352.2	352.3	352.9	352.3	354.1	345.2	345.6	351.8	0.4	0.4	0.7	44.1	0.0	0.7	0.4	354.4	345.2	1.0	-0.2	351.2	349.8	355.4	355.4	354.6	360.5	101.3	110.0	81.4	0.0	355.7	355.0	44.0	53.7	3.9	46.7	0.0	7.3	.Autoclave.Outputs.PRESSIP\OutputValue	-2.2	9.2	1.0	-1.0	0.0	-1.0	-1.0	-1.0	0.0	0.0	0.0	-1.0	-1.0	0.0	0.0	0.0	-1.0	0.0
18:50:57	110.3	354.3	352.0	352.2	353.0	352.0	353.9	345.3	345.6	351.6	0.5	0.4	0.7	44.1	0.0	0.7	0.4	354.3	345.3	0.4	-0.3	351.1	349.8	355.4	355.5	354.7	360.8	101.3	110.3	81.7	0.0	355.7	355.0	44.0	55.0	3.9	46.7	0.0	10.0	.Autoclave.Outputs.PRESSIP\OutputValue	-2.2	9.0	1.1	-1.0	0.0	-1.0	-1.0	-1.0	0.0	0.0	0.0	-1.0	-1.0	0.0	0.0	0.0	-1.0	0.0
18:51:43	111.0	354.2	352.1	352.5	352.9	352.6	353.9	345.6	346.3	351.8	0.4	0.4	0.7	44.1	0.0	0.7	0.4	354.2	345.6	0.5	-0.1	351.3	349.9	355.4	355.4	354.7	360.5	101.4	111.0	0.8	89.2	355.8	355.0	44.0	55.0	4.0	46.7	0.0	10.1	.Autoclave.Outputs.PRESSIP\OutputValue	-2.4	8.6	1.2	-1.0	0.0	-1.0	-1.0	-1.0	0.0	0.0	0.0	-1.0	-1.0	0.0	0.0	0.0	-1.0	0.0
18:52:42	112.0	354.4	352.3	352.5	353.0	352.4	354.0	345.8	346.0	351.9	0.4	0.5	0.7	44.2	0.0	0.7	0.4	354.4	345.8	0.4	-0.1	351.4	350.1	355.4	355.6	354.8	360.4	101.6	112.0	1.8	88.2	355.6	355.0	44.0	53.7	4.0	46.2	0.0	7.5	.Autoclave.Outputs.PRESSIP\OutputValue	-2.7	8.6	1.0	-1.0	0.0	-1.0	-1.0	-1.0	0.0	0.0	0.0	-1.0	-1.0	0.0	0.0	0.0	-1.0	0.0
18:53:42	113.0	354.4	352.4	352.8	353.2	352.5	354.0	346.2	347.1	352.0	0.4	0.5	0.7	44.1	0.0	0.7	0.4	354.4	346.2	0.5	0.1	351.6	350.3	355.5	355.5	354.8	360.3	101.4	113.0	2.8	87.2	355.8	355.0	44.0	53.8	4.0	45.9	0.0	7.5	.Autoclave.Outputs.PRESSIP\OutputValue	-2.9	8.2	1.1	-1.0	0.0	-1.0	-1.0	-1.0	0.0	0.0	0.0	-1.0	-1.0	0.0	0.0	0.0	-1.0	0.0
18:54:42	114.0	354.3	352.7	352.8	353.1	352.6	354.0	346.5	346.9	352.2	0.4	0.5	0.7	44.1	0.0	0.7	0.4	354.3	346.5	0.3	-0.1	351.7	350.4	355.4	355.4	354.7	360.6	101.5	114.0	3.8	86.2	355.7	355.0	44.0	54.5	4.0	45.5	0.0	8.9	.Autoclave.Outputs.PRESSIP\OutputValue	-3.2	7.8	1.1	-1.0	0.0	-1.0	-1.0	-1.0	0.0	0.0	0.0	-1.0	-1.0	0.0	0.0	0.0	-1.0	0.0
18:55:42	115.0	354.4	352.8	352.8	353.1	352.8	354.0	347.1	347.5	352.3	0.4	0.5	0.7	44.1	0.0	0.7	0.4	354.4	347.1	0.6	-0.1	351.9	350.7	355.4	355.4	354.7	360.5	101.7	115.0	4.8	85.2	355.6	355.0	44.0	53.8	4.1	45.2	0.0	7.6	.Autoclave.Outputs.PRESSIP\OutputValue	-3.5	7.3	1.0	-1.0	0.0	-1.0	-1.0	-1.0	0.0	0.0	0.0	-1.0	-1.0	0.0	0.0	0.0	-1.0	0.0
18:56:42	116.0	354.2	352.9	353.1	353.2	353.1	354.0	347.3	347.5	352.4	0.4	0.4	0.7	44.2	0.0	0.7	0.4	354.2	347.3	0.5	0.0	352.0	350.7	355.4	355.5	354.7	360.6	101.9	116.0	5.8	84.2	355.7	355.0	44.0	55.2	4.1	44.5	0.0	10.3	.Autoclave.Outputs.PRESSIP\OutputValue	-3.8	6.9	1.2	-1.0	0.0	-1.0	-1.0	-1.0	0.0	0.0	0.0	-1.0	-1.0	0.0	0.0	0.0	-1.0	0.0
18:57:42	117.0	354.4	353.0	353.1	353.4	353.1	354.1	347.6	347.7	352.5	0.4	0.4	0.7	44.2	0.0	0.7	0.4	354.4	347.6	0.3	-0.2	352.1	351.0	355.5	355.6	354.8	361.3	102.0	117.0	6.8	83.2	355.7	355.0	44.0	54.5	4.1	44.2	0.0	9.1	.Autoclave.Outputs.PRESSIP\OutputValue	-4.1	6.8	1.1	-1.0	0.0	-1.0	-1.0	-1.0	0.0	0.0	0.0	-1.0	-1.0	0.0	0.0	0.0	-1.0	0.0
18:58:42	118.0	354.5	352.9	353.2	353.2	352.9	354.0	347.9	347.5	352.6	0.5	0.5	0.7	44.2	0.0	0.7	0.5	354.5	347.5	0.4	-0.2	352.1	351.0	355.6	355.6	354.9	360.0	102.1	118.0	7.8	82.2	355.5	355.0	44.0	51.9	4.1	44.1	0.0	3.8	.Autoclave.Outputs.PRESSIP\OutputValue	-4.4	7.0	1.1	-1.0	0.0	-1.0	-1.0	-1.0	0.0	0.0	0.0	-1.0	-1.0	0.0	0.0	0.0	-1.0	0.0
18:59:42	119.0	354.5	352.9	353.3	353.3	352.9	354.0	348.2	348.6	352.6	0.4	0.5	0.7	44.2	0.0	0.7	0.4	354.5	348.2	0.4	0.0	352.2	351.3	355.4	355.3	354.6	360.1	102.2	119.0	8.8	81.2	355.7	355.0	44.0	54.6	4.2	44.0	0.0	9.1	.Autoclave.Outputs.PRESSIP\OutputValue	-4.7	6.3	0.9	-1.0	0.0	-1.0	-1.0	-1.0	0.0	0.0	0.0	-1.0	-1.0	0.0	0.0	0.0	-1.0	0.0
19:00:42	120.0	354.4	353.1	353.3	353.1	353.2	353.9	348.4	348.5	352.8	0.4	0.4	0.7	44.2	0.0	0.7	0.4	354.4	348.4	0.3	-0.5	352.3	351.4	355.4	355.4	354.7	360.6	102.2	120.0	9.8	80.2	355.6	355.0	44.0	53.9	4.2	43.1	0.0	7.9	.Autoclave.Outputs.PRESSIP\OutputValue	-5.0	6.0	1.0	-1.0	0.0	-1.0	-1.0	-1.0	0.0	0.0	0.0	-1.0	-1.0	0.0	0.0	0.0	-1.0	0.0
19:01:42	121.0	354.4	353.3	353.4	353.3	353.4	354.0	348.8	348.8	352.9	0.5	0.4	0.7	44.2	0.0	0.7	0.4	354.4	348.8	0.6	0.0	352.5	351.6	355.4	355.4	354.7	360.6	102.5	121.0	10.8	79.2	355.6	355.0	44.0	54.6	4.2	43.0	0.0	9.2	.Autoclave.Outputs.PRESSIP\OutputValue	-5.3	5.6	1.0	-1.0	0.0	-1.0	-1.0	-1.0	0.0	0.0	0.0	-1.0	-1.0	0.0	0.0	0.0	-1.0	0.0
19:02:42	122.0	354.4	353.3	353.4	353.4	353.3	354.0	348.9	349.2	352.9	0.5	0.4	0.6	44.2	0.0	0.6	0.4	354.4	348.9	0.7	-0.1	352.5	351.6	355.4	355.4	354.7	360.7	102.5	122.0	11.8	78.2	355.6	355.0	44.0	54.0	4.2	42.4	0.0	8.0	.Autoclave.Outputs.PRESSIP\OutputValue	-5.7	5.5	1.0	-1.0	0.0	-1.0	-1.0	-1.0	0.0	0.0	0.0	-1.0	-1.0	0.0	0.0	0.0	-1.0	0.0
19:03:43	123.0	354.4	353.3	353.5	353.4	353.2	353.9	349.1	349.1	352.8	0.5	0.4	0.6	44.2	0.0	0.6	0.4	354.4	349.1	0.1	-0.2	352.5	351.7	355.5	355.5	354.8	360.4	102.5	123.0	12.8	77.2	355.6	355.0	44.0	53.3	4.3	43.4	0.0	6.7	.Autoclave.Outputs.PRESSIP\OutputValue	-6.0	5.3	1.1	-1.0	0.0	-1.0	-1.0	-1.0	0.0	0.0	0.0	-1.0	-1.0	0.0	0.0	0.0	-1.0	0.0
19:04:42	124.0	354.2	353.4	353.5	353.3	353.1	354.1	349.3	349.3	352.7	0.4	0.4	0.6	44.2	0.0	0.6	0.4	354.2	349.3	0.3	-0.3	352.5	351.7	355.4	355.4	354.6	360.8	102.4	124.0	13.8	76.2	355.6	355.0	44.0	54.0	4.3	42.1	0.0	8.1	.Autoclave.Outputs.PRESSIP\OutputValue	-6.0	4.9	1.2	-1.0	0.0	-1.0	-1.0	-1.0	0.0	0.0	0.0	-1.0	-1.0	0.0	0.0	0.0	-1.0	0.0
19:05:42	125.0	354.3	353.1	353.5	353.4	353.4	354.0	349.6	349.2	353.1	0.4	0.5	0.6	44.2	0.0	0.6	0.4	354.3	349.2	0.3	-0.1	352.6	351.7	355.3	355.3	354.7	360.8	102.6	125.0	14.8	75.2	355.6	355.0	44.0	54.1	4.3	42.3	0.0	8.1	.Autoclave.Outputs.PRESSIP\OutputValue	-6.0	5.1	1.0	-1.0	0.0	-1.0	-1.0	-1.0	0.0	0.0	0.0	-1.0	-1.0	0.0	0.0	0.0	-1.0	0.0
19:06:42	126.0	354.3	353.2	353.6	353.8	353.4	354.0	349.7	349.7	353.0	0.4	0.5	0.6	44.2	0.0	0.6	0.4	354.3	349.7	2.4	-0.1	352.7	352.0	355.3	355.3	354.6	361.0	102.6	126.0	15.8	74.2	355.6	355.0	44.0	54.8	4.3	42.1	0.0	9.5	.Autoclave.Outputs.PRESSIP\OutputValue	-6.0	4.6	1.0	-1.0	0.0	-1.0	-1.0	-1.0	0.0	0.0	0.0	-1.0	-1.0	0.0	0.0	0.0	-1.0	0.0
19:07:42	127.0	354.5	353.5	353.7	353.3	353.3	354.0	349.9	349.8	353.1	0.5	0.4	0.6	44.2	0.0	0.6	0.4	354.5	349.8	0.3	-2.4	352.8	352.1	355.6	355.6	354.7	360.7	102.7	127.0	16.8	73.2	355.5	355.0	44.0	52.8	4.4	42.3	0.0	5.6	.Autoclave.Outputs.PRESSIP\OutputValue	-6.0	4.7	1.1	-1.0	0.0	-1.0	-1.0	-1.0	0.0	0.0	0.0	-1.0	-1.0	0.0	0.0	0.0	-1.0	0.0
19:08:42	128.0	354.4	353.7	353.9	353.5	353.6	354.2	350.2	350.2	353.4	0.4	0.5	0.6	44.2	0.0	0.6	0.4	354.4	350.2	0.5	-0.2	353.0	352.3	355.8	355.7	355.0	361.0	102.8	128.0	17.8	72.2	355.6	355.0	44.0	52.1	4.4	41.9	0.0	4.3	.Autoclave.Outputs.PRESSIP\OutputValue	-6.0	4.2	1.4	-1.0	0.0	-1.0	-1.0	-1.0	0.0	0.0	0.0	-1.0	-1.0	0.0	0.0	0.0	-1.0	0.0
19:09:43	129.1	354.4	353.7	353.9	353.4	353.4	354.0	350.3	350.4	353.3	0.4	0.4	0.6	44.2	0.0	0.6	0.4	354.4	350.3	0.4	-0.2	353.0	352.3	355.4	355.4	354.7	360.4	102.8	129.0	18.8	71.2	355.6	355.0	44.0	54.2	4.4	42.1	0.0	8.3	.Autoclave.Outputs.PRESSIP\OutputValue	-6.0	4.1	1.0	-1.0	0.0	-1.0	-1.0	-1.0	0.0	0.0	0.0	-1.0	-1.0	0.0	0.0	0.0	-1.0	0.0
19:10:42	130.0	354.2	353.8	353.8	353.5	353.5	353.9	350.5	350.3	353.3	0.4	0.4	0.6	44.2	0.0	0.6	0.4	354.2	350.3	0.3	-0.3	353.0	352.2	355.4	355.3	354.6	361.0	103.0	130.0	19.8	70.2	355.7	355.0	44.0	55.5	4.5	42.1	0.0	11.1	.Autoclave.Outputs.PRESSIP\OutputValue	-6.0	3.9	1.2	-1.0	0.0	-1.0	-1.0	-1.0	0.0	0.0	0.0	-1.0	-1.0	0.0	0.0	0.0	-1.0	0.0
19:11:42	131.0	354.2	353.8	353.9	353.3	353.2	354.0	350.7	350.7	353.4	0.4	0.4	0.6	44.2	0.0	0.6	0.4	354.2	350.7	0.6	-0.2	353.0	352.4	355.4	355.4	354.7	361.2	102.9	131.0	20.8	69.2	355.8	355.0	44.0	56.1	4.5	41.9	0.0	12.3	.Autoclave.Outputs.PRESSIP\OutputValue	-6.0	3.5	1.2	-1.0	0.0	-1.0	-1.0	-1.0	0.0	0.0	0.0	-1.0	-1.0	0.0	0.0	0.0	-1.0	0.0
19:12:42	132.0	354.4	353.6	354.0	353.5	353.4	353.9	350.9	350.8	353.4	0.4	0.4	0.6	44.2	0.0	0.6	0.4	354.4	350.8	0.3	-0.2	353.1	352.6	355.4	355.4	354.7	361.1	103.0	132.0	21.8	68.2	355.7	355.0	44.0	54.3	4.5	41.9	0.0	8.5	.Autoclave.Outputs.PRESSIP\OutputValue	-6.0	3.6	1.0	-1.0	0.0	-1.0	-1.0	-1.0	0.0	0.0	0.0	-1.0	-1.0	0.0	0.0	0.0	-1.0	0.0
19:13:42	133.0	354.4	353.9	354.0	353.5	353.4	354.0	351.1	351.4	353.6	0.4	0.4	0.6	44.2	0.0	0.6	0.4	354.4	351.1	0.3	-0.4	353.2	352.7	355.5	355.5	354.7	360.1	103.1	133.0	22.8	67.2	355.7	355.0	44.0	54.3	4.5	42.3	0.0	8.6	.Autoclave.Outputs.PRESSIP\OutputValue	-6.0	3.3	1.1	-1.0	0.0	-1.0	-1.0	-1.0	0.0	0.0	0.0	-1.0	-1.0	0.0	0.0	0.0	-1.0	0.0
19:14:43	134.0	354.4	353.6	353.9	353.6	353.5	354.1	351.2	351.0	353.6	0.5	0.5	0.6	44.2	0.0	0.6	0.5	354.4	351.0	0.2	-0.5	353.2	352.7	355.5	355.5	354.7	360.5	103.1	134.0	23.8	66.2	355.6	355.0	44.0	53.6	4.6	42.1	0.0	7.3	.Autoclave.Outputs.PRESSIP\OutputValue	-6.0	3.4	1.1	-1.0	0.0	-1.0	-1.0	-1.0	0.0	0.0	0.0	-1.0	-1.0	0.0	0.0	0.0	-1.0	0.0
19:15:42	135.0	354.4	354.1	354.0	353.5	353.7	354.1	351.3	351.3	353.7	0.4	0.5	0.6	44.2	0.0	0.6	0.4	354.4	351.3	5.4	-0.1	353.3	352.8	355.4	355.4	354.8	360.2	103.2	135.0	24.8	65.2	355.6	355.0	44.0	42.1	4.6	41.9	0.0	0.0	.Autoclave.Outputs.PRESSIP\OutputValue	-6.0	3.1	1.0	-1.0	0.0	-1.0	-1.0	-1.0	0.0	0.0	0.0	-1.0	-1.0	0.0	0.0	0.0	-1.0	0.0
19:16:42	136.0	354.5	353.9	354.1	353.4	353.8	354.0	351.4	351.4	353.6	0.4	0.4	0.6	44.2	0.0	0.6	0.4	354.5	351.4	0.1	-5.5	353.3	352.9	355.4	355.4	354.7	360.8	103.2	136.0	25.8	64.2	355.6	355.0	44.0	53.7	4.6	41.7	0.0	7.4	.Autoclave.Outputs.PRESSIP\OutputValue	-6.0	3.1	0.9	-1.0	0.0	-1.0	-1.0	-1.0	0.0	0.0	0.0	-1.0	-1.0	0.0	0.0	0.0	-1.0	0.0
19:17:43	137.0	354.1	353.9	354.0	353.5	353.8	354.0	351.6	352.2	353.5	0.4	0.5	0.6	44.2	0.0	0.6	0.4	354.1	351.6	0.4	-0.4	353.4	352.8	355.3	355.3	354.5	360.8	103.1	137.0	26.8	63.2	355.8	355.0	44.0	57.0	4.6	41.7	0.0	14.1	.Autoclave.Outputs.PRESSIP\OutputValue	-6.0	2.5	1.2	-1.0	0.0	-1.0	-1.0	-1.0	0.0	0.0	0.0	-1.0	-1.0	0.0	0.0	0.0	-1.0	0.0
19:18:42	138.0	354.0	353.4	353.8	353.2	353.7	353.8	351.3	350.9	353.2	0.5	0.4	0.6	44.2	0.0	0.6	0.4	354.0	350.9	11.8	-0.6	353.0	352.4	354.9	354.9	354.2	362.0	103.3	138.0	27.8	62.2	356.1	355.0	44.0	60.5	4.8	41.7	0.0	21.0	.Autoclave.Outputs.PRESSIP\OutputValue	-6.0	3.1	0.9	-1.0	0.0	-1.0	-1.0	-1.0	0.0	0.0	0.0	-1.0	-1.0	0.0	0.0	0.0	-1.0	0.0
19:19:43	139.0	354.2	353.6	353.9	353.3	353.6	354.0	351.5	370.1	353.2	0.5	0.5	0.6	44.2	0.0	0.6	0.5	370.1	351.5	0.4	-12.1	355.3	360.8	355.5	355.5	354.8	361.0	103.2	139.0	28.8	61.2	355.8	355.0	44.0	54.6	4.8	41.9	0.0	9.1	.Autoclave.Outputs.PRESSIP\OutputValue	-6.0	18.6	-14.6	-1.0	0.0	-1.0	-1.0	-1.0	0.0	0.0	0.0	-1.0	-1.0	0.0	0.0	0.0	-1.0	0.0
19:20:42	140.0	354.4	353.6	353.9	353.3	353.2	353.9	351.7	350.8	353.6	0.4	0.5	0.6	44.2	0.0	0.6	0.4	354.4	350.8	0.5	-0.1	353.1	352.6	355.4	355.4	354.8	361.2	103.3	140.0	29.8	60.2	355.7	355.0	44.0	54.6	4.9	42.1	0.0	9.2	.Autoclave.Outputs.PRESSIP\OutputValue	-6.0	3.6	1.0	-1.0	0.0	-1.0	-1.0	-1.0	0.0	0.0	0.0	-1.0	-1.0	0.0	0.0	0.0	-1.0	0.0
19:21:42	141.0	352.6	353.6	353.3	353.0	352.8	352.9	351.7	348.4	352.6	0.4	0.4	0.6	44.1	0.0	0.6	0.4	353.6	348.4	0.6	-1.7	352.3	351.0	351.6	351.6	350.8	357.9	103.3	141.0	30.8	59.2	356.5	355.0	44.0	86.4	5.0	43.0	0.0	72.9	.Autoclave.Outputs.PRESSIP\OutputValue	-5.8	5.2	-2.0	-1.0	0.0	-1.0	-1.0	-1.0	0.0	0.0	0.0	-1.0	-1.0	0.0	0.0	0.0	-1.0	0.0
19:22:42	142.0	354.1	353.6	353.8	353.0	353.3	353.7	351.7	351.2	353.4	0.4	0.4	0.6	44.2	0.0	0.6	0.4	354.1	351.2	1.5	-0.1	353.1	352.6	355.6	355.6	354.7	360.5	103.2	142.0	31.8	58.2	355.9	355.0	44.0	55.6	5.2	42.1	0.0	11.2	.Autoclave.Outputs.PRESSIP\OutputValue	-6.0	2.9	1.5	-1.0	0.0	-1.0	-1.0	-1.0	0.0	0.0	0.0	-1.0	-1.0	0.0	0.0	0.0	-1.0	0.0
19:23:42	143.0	354.2	353.8	353.9	353.3	353.7	353.8	352.1	350.6	353.7	0.4	0.4	0.5	44.2	0.0	0.5	0.4	354.2	350.6	1.3	0.0	353.2	352.4	355.4	355.4	354.8	360.8	103.3	143.0	32.8	57.2	355.7	355.0	44.0	55.6	5.2	41.9	0.0	11.3	.Autoclave.Outputs.PRESSIP\OutputValue	-6.0	3.6	1.2	-1.0	0.0	-1.0	-1.0	-1.0	0.0	0.0	0.0	-1.0	-1.0	0.0	0.0	0.0	-1.0	0.0
19:24:42	144.0	353.4	353.4	353.4	353.0	352.9	353.0	351.8	348.8	352.9	0.4	0.4	0.5	44.3	0.0	0.5	0.4	353.4	348.8	0.0	-2.6	352.5	351.1	353.7	353.7	353.0	363.8	103.3	144.0	33.8	56.2	356.4	355.0	44.0	71.7	5.4	40.8	0.0	43.4	.Autoclave.Outputs.PRESSIP\OutputValue	-6.0	4.6	0.3	-1.0	0.0	-1.0	-1.0	-1.0	0.0	0.0	0.0	-1.0	-1.0	0.0	0.0	0.0	-1.0	0.0
19:25:42	145.0	353.8	353.5	354.0	353.1	353.6	353.6	352.1	351.5	353.9	0.4	0.5	0.5	44.1	0.0	0.5	0.4	354.0	351.5	1.0	0.2	353.2	352.7	355.5	355.5	354.8	359.8	103.2	145.0	34.8	55.2	356.0	355.0	44.0	57.8	5.5	42.7	0.0	15.5	.Autoclave.Outputs.PRESSIP\OutputValue	-6.0	2.5	1.5	-1.0	0.0	-1.0	-1.0	-1.0	0.0	0.0	0.0	-1.0	-1.0	0.0	0.0	0.0	-1.0	0.0
19:26:42	146.0	354.1	353.8	353.9	353.2	353.6	353.6	352.2	350.5	353.7	0.5	0.4	0.6	44.2	0.0	0.6	0.4	354.1	350.5	0.3	-0.7	353.2	352.3	355.7	355.8	355.0	361.3	103.4	146.0	35.8	54.2	355.8	355.0	44.0	54.7	5.6	41.7	0.0	9.4	.Autoclave.Outputs.PRESSIP\OutputValue	-6.0	3.6	1.6	-1.0	0.0	-1.0	-1.0	-1.0	0.0	0.0	0.0	-1.0	-1.0	0.0	0.0	0.0	-1.0	0.0
19:27:42	147.0	352.1	353.4	353.4	352.8	352.5	352.6	352.2	351.5	352.5	0.4	0.4	0.6	43.9	0.0	0.6	0.4	353.4	351.5	1.4	-1.7	352.5	352.5	351.1	351.1	350.3	351.8	103.6	147.0	36.8	53.2	356.7	355.0	44.0	91.2	5.7	45.5	0.0	82.3	.Autoclave.Outputs.PRESSIP\OutputValue	-5.8	1.9	-2.3	-1.0	0.0	-1.0	-1.0	-1.0	0.0	0.0	0.0	-1.0	-1.0	0.0	0.0	0.0	-1.0	0.0
19:28:42	148.0	353.9	353.9	353.7	352.8	353.4	353.3	352.0	352.2	353.5	0.4	0.4	0.5	44.2	0.0	0.5	0.4	353.9	352.0	1.3	-0.6	353.2	353.0	355.6	355.6	354.8	362.0	103.5	148.0	37.8	52.2	356.0	355.0	44.0	57.8	6.0	41.5	0.0	15.5	.Autoclave.Outputs.PRESSIP\OutputValue	-6.0	1.9	1.7	-1.0	0.0	-1.0	-1.0	-1.0	0.0	0.0	0.0	-1.0	-1.0	0.0	0.0	0.0	-1.0	0.0
19:29:42	149.0	354.0	353.8	353.8	353.1	353.6	353.5	352.4	351.9	353.5	0.4	0.5	0.6	44.3	0.0	0.6	0.4	354.0	351.9	0.5	0.0	353.3	352.9	355.7	355.7	355.0	361.6	103.6	149.0	38.8	51.2	355.9	355.0	44.0	55.8	6.1	41.5	0.0	11.6	.Autoclave.Outputs.PRESSIP\OutputValue	-6.0	2.1	1.7	-1.0	0.0	-1.0	-1.0	-1.0	0.0	0.0	0.0	-1.0	-1.0	0.0	0.0	0.0	-1.0	0.0
19:30:42	150.0	354.3	353.9	353.8	352.9	353.5	353.6	352.6	352.4	353.7	0.5	0.5	0.5	44.3	0.0	0.5	0.5	354.3	352.4	0.3	-0.1	353.4	353.3	355.6	355.6	354.9	361.6	103.6	150.0	39.8	50.2	355.8	355.0	44.0	55.2	6.1	41.4	0.0	10.3	.Autoclave.Outputs.PRESSIP\OutputValue	-6.0	1.9	1.3	-1.0	0.0	-1.0	-1.0	-1.0	0.0	0.0	0.0	-1.0	-1.0	0.0	0.0	0.0	-1.0	0.0
19:31:42	151.0	354.0	353.5	353.6	352.7	353.3	353.2	352.4	352.0	353.6	0.4	0.4	0.5	44.3	0.0	0.5	0.4	354.0	352.0	0.0	-0.5	353.1	353.0	355.2	355.2	354.5	363.5	103.7	151.0	40.8	49.2	356.0	355.0	44.0	60.0	6.3	40.6	0.0	20.0	.Autoclave.Outputs.PRESSIP\OutputValue	-6.0	2.0	1.2	-1.0	0.0	-1.0	-1.0	-1.0	0.0	0.0	0.0	-1.0	-1.0	0.0	0.0	0.0	-1.0	0.0
19:32:42	152.0	354.2	353.6	353.9	353.0	353.6	353.6	352.7	352.4	353.9	0.4	0.4	0.5	44.3	0.0	0.5	0.4	354.2	352.4	0.7	0.2	353.4	353.3	355.7	355.7	355.0	361.6	103.6	152.0	41.8	48.2	355.9	355.0	44.0	56.7	6.3	41.2	0.0	13.4	.Autoclave.Outputs.PRESSIP\OutputValue	-6.0	1.8	1.5	-1.0	0.0	-1.0	-1.0	-1.0	0.0	0.0	0.0	-1.0	-1.0	0.0	0.0	0.0	-1.0	0.0
19:33:42	153.0	352.8	353.6	353.3	352.6	352.9	352.7	352.4	352.0	352.8	0.4	0.4	0.5	44.2	0.0	0.5	0.4	353.6	352.0	3.8	-1.5	352.8	352.8	352.7	352.7	352.0	361.5	103.7	153.0	42.8	47.2	352.3	355.0	44.0	80.6	6.5	41.6	0.0	61.1	.Autoclave.Outputs.PRESSIP\OutputValue	-5.9	1.6	-0.9	-1.0	0.0	-1.0	-1.0	-1.0	0.0	0.0	0.0	-1.0	-1.0	0.0	0.0	0.0	-1.0	0.0
19:34:43	154.1	354.0	353.6	353.8	352.9	353.4	353.6	352.6	351.9	353.8	0.4	0.5	0.5	44.2	0.0	0.5	0.4	354.0	351.9	1.7	-3.5	353.3	352.9	355.8	355.8	354.9	360.5	103.6	154.0	43.8	46.2	356.0	355.0	44.0	57.0	6.6	41.7	0.0	14.0	.Autoclave.Outputs.PRESSIP\OutputValue	-6.0	2.1	1.8	-1.0	0.0	-1.0	-1.0	-1.0	0.0	0.0	0.0	-1.0	-1.0	0.0	0.0	0.0	-1.0	0.0
19:35:43	155.0	354.1	353.8	353.8	353.0	353.3	353.6	352.8	352.3	353.8	0.5	0.4	0.5	44.3	0.0	0.5	0.4	354.1	352.3	0.2	-0.3	353.4	353.2	355.4	355.4	354.7	362.0	103.6	155.0	44.8	45.2	356.0	355.0	44.0	59.0	6.6	41.4	0.0	18.1	.Autoclave.Outputs.PRESSIP\OutputValue	-6.0	1.8	1.3	-1.0	0.0	-1.0	-1.0	-1.0	0.0	0.0	0.0	-1.0	-1.0	0.0	0.0	0.0	-1.0	0.0
19:36:42	156.0	353.8	353.8	354.0	352.8	353.6	353.5	352.9	349.5	354.4	0.4	0.5	0.5	44.2	0.0	0.5	0.4	354.4	349.5	0.2	-1.9	353.1	352.0	355.6	355.6	354.8	361.2	103.6	156.0	45.8	44.2	356.0	355.0	44.0	57.4	6.6	41.5	0.0	14.8	.Autoclave.Outputs.PRESSIP\OutputValue	-6.0	4.9	1.2	-1.0	0.0	-1.0	-1.0	-1.0	0.0	0.0	0.0	-1.0	-1.0	0.0	0.0	0.0	-1.0	0.0
19:37:43	157.0	354.2	353.9	353.9	352.9	353.7	353.7	352.9	352.5	353.8	0.4	0.5	0.5	44.3	0.0	0.5	0.4	354.2	352.5	2.1	-0.3	353.5	353.3	355.7	355.8	354.9	361.6	103.7	157.0	46.8	43.2	355.7	355.0	44.0	54.4	6.7	41.0	0.0	8.8	.Autoclave.Outputs.PRESSIP\OutputValue	-6.0	1.7	1.5	-1.0	0.0	-1.0	-1.0	-1.0	0.0	0.0	0.0	-1.0	-1.0	0.0	0.0	0.0	-1.0	0.0
19:38:43	158.1	354.4	353.7	353.9	353.1	353.4	353.6	353.0	352.4	354.0	0.4	0.4	0.5	44.2	0.0	0.5	0.4	354.4	352.4	0.2	-0.2	353.5	353.4	355.6	355.6	354.8	361.2	103.6	158.0	47.8	42.2	355.6	355.0	44.0	54.4	6.7	41.5	0.0	8.8	.Autoclave.Outputs.PRESSIP\OutputValue	-6.0	2.0	1.2	-1.0	0.0	-1.0	-1.0	-1.0	0.0	0.0	0.0	-1.0	-1.0	0.0	0.0	0.0	-1.0	0.0
19:39:42	159.0	354.3	353.9	353.9	352.9	353.6	353.8	353.1	354.5	354.0	0.4	0.5	0.5	44.2	0.0	0.5	0.4	354.5	352.9	0.2	-0.1	353.8	353.7	355.7	355.7	354.8	361.6	103.6	159.0	48.8	41.2	352.3	355.0	44.0	32.2	6.7	41.5	-1.0	0.0	.Autoclave.Outputs.PRESSIP\OutputValue	-6.0	1.6	1.2	-1.0	0.0	-1.0	-1.0	-1.0	0.0	0.0	0.0	-1.0	-1.0	0.0	0.0	0.0	-1.0	0.0
19:40:42	160.0	354.2	353.7	353.8	352.8	353.3	353.5	352.9	352.0	353.8	0.4	0.4	0.5	44.3	0.0	0.5	0.4	354.2	352.0	0.2	-0.4	353.3	353.1	355.5	355.5	354.8	362.6	103.7	160.0	49.8	40.2	355.9	355.0	44.0	58.5	6.8	40.8	0.0	17.0	.Autoclave.Outputs.PRESSIP\OutputValue	-6.0	2.2	1.3	-1.0	0.0	-1.0	-1.0	-1.0	0.0	0.0	0.0	-1.0	-1.0	0.0	0.0	0.0	-1.0	0.0
19:41:43	161.1	354.2	353.9	354.0	352.9	353.7	353.7	353.2	352.5	354.1	0.4	0.4	0.5	44.3	0.0	0.5	0.4	354.2	352.5	0.3	-0.2	353.6	353.3	355.8	355.7	355.0	361.5	103.9	161.0	50.8	39.2	355.6	355.0	44.0	54.5	6.8	41.2	0.0	9.0	.Autoclave.Outputs.PRESSIP\OutputValue	-6.0	1.7	1.6	-1.0	0.0	-1.0	-1.0	-1.0	0.0	0.0	0.0	-1.0	-1.0	0.0	0.0	0.0	-1.0	0.0
19:42:42	162.0	353.8	353.7	353.9	352.8	353.5	353.5	353.1	352.4	353.8	0.4	0.5	0.5	44.3	0.0	0.5	0.4	353.9	352.4	0.0	-0.4	353.4	353.1	354.9	354.9	354.1	361.5	103.8	162.0	51.8	38.2	356.1	355.0	44.0	62.4	6.8	41.5	0.0	24.8	.Autoclave.Outputs.PRESSIP\OutputValue	-6.0	1.5	1.0	-1.0	0.0	-1.0	-1.0	-1.0	0.0	0.0	0.0	-1.0	-1.0	0.0	0.0	0.0	-1.0	0.0
19:43:43	163.0	353.2	353.6	353.8	353.0	353.1	353.5	353.3	352.7	353.7	0.4	0.4	0.5	43.8	0.0	0.5	0.4	353.8	352.7	0.8	-0.1	353.3	353.2	353.7	353.7	353.0	349.6	103.6	163.0	52.8	37.2	356.1	355.0	44.0	69.8	6.9	46.5	0.0	39.5	.Autoclave.Outputs.PRESSIP\OutputValue	-5.9	1.1	-0.1	-1.0	0.0	-1.0	-1.0	-1.0	0.0	0.0	0.0	-1.0	-1.0	0.0	0.0	0.0	-1.0	0.0
19:44:43	164.1	353.8	353.3	353.6	352.6	353.1	353.1	353.0	352.1	353.6	0.4	0.5	0.5	44.3	0.0	0.5	0.4	353.8	352.1	-0.1	-0.9	353.1	352.9	355.3	355.4	354.6	363.8	103.8	164.0	53.8	36.2	356.2	355.0	44.0	61.6	7.2	40.4	0.0	23.2	.Autoclave.Outputs.PRESSIP\OutputValue	-6.0	1.7	1.5	-1.0	0.0	-1.0	-1.0	-1.0	0.0	0.0	0.0	-1.0	-1.0	0.0	0.0	0.0	-1.0	0.0
19:45:43	165.0	354.0	353.6	354.0	352.8	353.6	353.6	353.2	352.7	354.0	0.4	0.4	0.5	44.3	0.0	0.5	0.4	354.0	352.7	0.7	0.2	353.5	353.4	355.8	355.9	355.1	361.5	103.7	165.0	54.8	35.2	356.0	355.0	44.0	56.8	7.2	41.4	0.0	13.6	.Autoclave.Outputs.PRESSIP\OutputValue	-6.0	1.3	1.8	-1.0	0.0	-1.0	-1.0	-1.0	0.0	0.0	0.0	-1.0	-1.0	0.0	0.0	0.0	-1.0	0.0
19:46:42	166.0	353.9	353.8	354.1	352.9	353.6	353.8	353.4	352.6	354.2	0.4	0.5	0.5	44.3	0.0	0.5	0.4	354.2	352.6	2.1	-0.1	353.6	353.4	355.8	355.9	355.0	361.2	103.8	166.0	55.8	34.2	355.3	355.0	44.0	56.0	7.2	41.2	0.0	11.9	.Autoclave.Outputs.PRESSIP\OutputValue	-6.0	1.6	1.6	-1.0	0.0	-1.0	-1.0	-1.0	0.0	0.0	0.0	-1.0	-1.0	0.0	0.0	0.0	-1.0	0.0
19:47:42	167.0	354.2	354.1	354.0	353.0	353.7	353.7	353.4	352.9	354.2	0.4	0.5	0.5	44.3	0.0	0.5	0.4	354.2	352.9	0.9	-0.1	353.7	353.6	355.8	355.8	355.0	361.4	103.8	167.0	56.8	33.2	355.6	355.0	44.0	55.0	7.2	41.4	0.0	9.9	.Autoclave.Outputs.PRESSIP\OutputValue	-6.0	1.3	1.6	-1.0	0.0	-1.0	-1.0	-1.0	0.0	0.0	0.0	-1.0	-1.0	0.0	0.0	0.0	-1.0	0.0
19:48:43	168.0	353.7	353.8	353.8	352.9	353.2	353.3	353.2	351.9	353.7	0.4	0.5	0.5	44.3	0.0	0.5	0.4	353.8	351.9	0.0	-1.1	353.3	352.9	354.6	354.6	353.8	362.9	103.8	168.0	57.8	32.2	356.2	355.0	44.0	66.7	7.3	40.6	0.0	33.5	.Autoclave.Outputs.PRESSIP\OutputValue	-6.0	1.9	0.8	-1.0	0.0	-1.0	-1.0	-1.0	0.0	0.0	0.0	-1.0	-1.0	0.0	0.0	0.0	-1.0	0.0
19:49:42	169.0	353.8	353.8	353.9	352.8	353.1	353.6	353.4	352.9	353.9	0.4	0.4	0.5	43.9	0.0	0.5	0.4	353.9	352.8	0.6	-0.8	353.5	353.3	355.0	354.8	354.1	353.4	103.7	169.0	58.8	31.2	355.8	355.0	44.0	60.8	7.4	44.6	0.0	21.5	.Autoclave.Outputs.PRESSIP\OutputValue	-6.0	1.1	1.1	-1.0	0.0	-1.0	-1.0	-1.0	0.0	0.0	0.0	-1.0	-1.0	0.0	0.0	0.0	-1.0	0.0
19:50:43	170.1	353.4	353.7	353.7	352.7	353.1	353.4	353.3	351.2	353.7	0.4	0.4	0.5	43.9	0.0	0.5	0.4	353.7	351.2	0.3	-0.4	353.1	352.5	354.6	354.4	353.6	352.1	103.7	170.0	59.8	30.2	356.2	355.0	44.0	66.3	7.5	45.1	0.0	32.6	.Autoclave.Outputs.PRESSIP\OutputValue	-6.0	2.5	0.9	-1.0	0.0	-1.0	-1.0	-1.0	0.0	0.0	0.0	-1.0	-1.0	0.0	0.0	0.0	-1.0	0.0
19:51:42	171.0	354.0	353.4	353.7	352.7	353.5	353.4	353.1	351.4	353.7	0.5	0.5	0.5	44.3	0.0	0.5	0.5	354.0	351.4	0.4	-1.5	353.2	352.7	355.8	355.8	355.1	363.4	103.7	171.0	60.8	29.2	355.9	355.0	44.0	56.9	7.8	40.6	0.0	13.7	.Autoclave.Outputs.PRESSIP\OutputValue	-6.0	2.6	1.8	-1.0	0.0	-1.0	-1.0	-1.0	0.0	0.0	0.0	-1.0	-1.0	0.0	0.0	0.0	-1.0	0.0
19:52:42	172.0	353.5	353.5	353.7	352.8	353.3	353.2	353.2	353.4	353.3	0.4	0.5	0.5	44.3	0.0	0.5	0.4	353.7	352.8	1.1	-0.5	353.3	353.2	354.6	354.6	353.8	362.9	103.7	172.0	61.8	28.2	352.0	355.0	44.0	67.4	7.9	41.0	-1.0	34.9	.Autoclave.Outputs.PRESSIP\OutputValue	-6.0	0.9	0.9	-1.0	0.0	-1.0	-1.0	-1.0	0.0	0.0	0.0	-1.0	-1.0	0.0	0.0	0.0	-1.0	0.0
19:53:42	173.0	353.0	353.4	353.6	352.6	352.8	352.9	353.2	352.6	353.2	0.5	0.5	0.5	44.1	0.0	0.5	0.5	353.6	352.6	3.2	-0.4	353.0	353.1	353.6	353.6	352.8	358.4	103.8	173.0	62.8	27.2	356.4	355.0	44.0	74.3	8.0	43.4	0.0	48.6	.Autoclave.Outputs.PRESSIP\OutputValue	-6.0	1.0	0.0	-1.0	0.0	-1.0	-1.0	-1.0	0.0	0.0	0.0	-1.0	-1.0	0.0	0.0	0.0	-1.0	0.0
19:54:42	174.0	353.8	353.8	353.7	352.7	353.5	353.3	353.4	351.6	353.9	0.4	0.4	0.5	43.9	0.0	0.5	0.4	353.9	351.6	0.7	-2.9	353.3	352.8	355.4	355.4	354.5	353.4	103.8	174.0	63.8	26.2	356.2	355.0	44.0	60.9	8.2	44.7	0.0	21.9	.Autoclave.Outputs.PRESSIP\OutputValue	-6.0	2.3	1.5	-1.0	0.0	-1.0	-1.0	-1.0	0.0	0.0	0.0	-1.0	-1.0	0.0	0.0	0.0	-1.0	0.0
19:55:42	175.0	353.9	353.4	353.6	352.4	353.4	353.1	353.2	351.1	353.7	0.4	0.4	0.5	44.3	0.0	0.5	0.4	353.9	351.1	0.0	-1.5	353.1	352.5	355.6	355.6	354.9	363.5	103.7	175.0	64.8	25.2	356.2	355.0	44.0	60.2	8.4	40.6	0.0	20.3	.Autoclave.Outputs.PRESSIP\OutputValue	-6.0	2.8	1.7	-1.0	0.0	-1.0	-1.0	-1.0	0.0	0.0	0.0	-1.0	-1.0	0.0	0.0	0.0	-1.0	0.0
19:56:43	176.0	354.1	353.7	353.9	352.7	353.8	353.5	353.4	352.8	354.0	0.4	0.4	0.5	44.3	0.0	0.5	0.4	354.1	352.7	1.5	0.2	353.5	353.4	356.1	356.1	355.2	361.8	103.7	176.0	65.8	24.2	355.8	355.0	44.0	55.5	8.4	41.0	0.0	11.0	.Autoclave.Outputs.PRESSIP\OutputValue	-6.0	1.4	2.0	-1.0	0.0	-1.0	-1.0	-1.0	0.0	0.0	0.0	-1.0	-1.0	0.0	0.0	0.0	-1.0	0.0
19:57:42	177.0	353.7	353.8	354.0	352.7	353.1	353.4	353.6	352.8	353.9	0.4	0.5	0.5	43.9	0.0	0.5	0.4	354.0	352.7	0.2	-2.8	353.4	353.3	354.6	354.6	353.9	352.3	103.7	177.0	66.8	23.2	355.8	355.0	44.0	63.8	8.4	45.3	0.0	27.7	.Autoclave.Outputs.PRESSIP\OutputValue	-6.0	1.3	0.6	-1.0	0.0	-1.0	-1.0	-1.0	0.0	0.0	0.0	-1.0	-1.0	0.0	0.0	0.0	-1.0	0.0
19:58:42	178.0	353.8	353.6	353.5	352.5	353.4	353.1	353.2	359.0	353.7	0.4	0.5	0.5	44.4	0.0	0.5	0.4	359.0	352.5	0.1	-0.7	354.0	355.7	355.7	355.7	354.9	364.1	103.8	178.0	67.8	22.2	356.2	355.0	44.0	60.5	8.7	40.0	0.0	20.9	.Autoclave.Outputs.PRESSIP\OutputValue	-6.0	6.5	-3.3	-1.0	0.0	-1.0	-1.0	-1.0	0.0	0.0	0.0	-1.0	-1.0	0.0	0.0	0.0	-1.0	0.0
19:59:43	179.0	353.3	353.1	353.3	352.1	352.9	352.5	353.1	352.3	353.0	0.4	0.4	0.5	44.4	0.0	0.5	0.4	353.3	352.1	1.4	-0.6	352.8	352.7	354.1	354.1	353.3	365.3	103.9	179.0	68.8	21.2	356.7	355.0	44.0	75.7	9.0	39.7	0.0	51.4	.Autoclave.Outputs.PRESSIP\OutputValue	-6.0	1.2	0.8	-1.0	0.0	-1.0	-1.0	-1.0	0.0	0.0	0.0	-1.0	-1.0	0.0	0.0	0.0	-1.0	0.0
20:00:42	180.0	352.2	352.7	353.2	352.4	352.5	352.5	353.2	352.1	352.8	0.4	0.4	0.5	44.2	0.0	0.5	0.4	353.2	352.1	0.9	-0.9	352.6	352.7	352.0	352.0	351.4	359.2	103.8	180.0	69.8	20.2	356.8	355.0	44.0	89.3	9.1	42.0	0.0	78.6	.Autoclave.Outputs.PRESSIP\OutputValue	-5.9	1.1	-1.2	-1.0	0.0	-1.0	-1.0	-1.0	0.0	0.0	0.0	-1.0	-1.0	0.0	0.0	0.0	-1.0	0.0
20:01:42	181.0	352.5	353.3	353.1	352.3	352.4	352.7	353.3	352.6	353.0	0.5	0.4	0.5	43.8	0.0	0.5	0.4	353.3	352.3	0.8	0.0	352.8	352.8	352.5	352.5	351.8	348.6	103.7	181.0	70.8	19.2	356.7	355.0	44.0	84.9	9.3	46.2	0.0	69.8	.Autoclave.Outputs.PRESSIP\OutputValue	-5.9	1.0	-0.8	-1.0	0.0	-1.0	-1.0	-1.0	0.0	0.0	0.0	-1.0	-1.0	0.0	0.0	0.0	-1.0	0.0
20:02:42	182.0	353.3	353.3	353.3	352.4	353.1	353.1	353.0	349.7	352.8	0.4	0.4	0.5	43.9	0.0	0.5	0.4	353.3	349.7	0.4	-4.4	352.7	351.5	354.8	354.8	354.0	352.5	103.8	182.0	71.8	18.2	353.4	355.0	44.0	47.1	9.6	45.3	-1.0	0.0	.Autoclave.Outputs.PRESSIP\OutputValue	-6.0	3.6	1.5	-1.0	0.0	-1.0	-1.0	-1.0	0.0	0.0	0.0	-1.0	-1.0	0.0	0.0	0.0	-1.0	0.0
20:03:43	183.1	352.9	352.8	352.8	351.8	352.5	352.1	352.7	350.8	352.8	0.5	0.5	0.5	44.4	0.0	0.5	0.5	352.9	350.8	2.9	-1.2	352.3	351.8	354.3	354.3	353.5	366.2	103.8	183.0	72.8	17.2	355.7	355.0	44.0	66.9	8.1	39.8	0.0	33.8	.Autoclave.Outputs.PRESSIP\OutputValue	-6.0	2.1	1.4	-1.0	0.0	-1.0	-1.0	-1.0	0.0	0.0	0.0	-1.0	-1.0	0.0	0.0	0.0	-1.0	0.0
20:04:43	184.0	351.6	353.0	352.9	351.9	351.9	351.9	352.9	353.2	352.2	0.4	0.4	0.4	43.8	0.0	0.4	0.4	353.2	351.6	5.4	-0.5	352.4	352.4	351.3	351.3	350.4	349.7	103.6	184.0	73.8	16.2	357.0	355.0	44.0	93.1	8.2	46.2	0.0	86.1	.Autoclave.Outputs.PRESSIP\OutputValue	-5.9	1.6	-1.9	-1.0	0.0	-1.0	-1.0	-1.0	0.0	0.0	0.0	-1.0	-1.0	0.0	0.0	0.0	-1.0	0.0
20:05:42	185.0	353.8	353.3	353.2	352.0	353.1	352.8	352.9	349.9	353.4	0.4	0.4	0.5	44.3	0.0	0.5	0.4	353.8	349.9	1.7	-4.6	352.7	351.8	356.2	356.2	355.4	362.4	103.8	185.0	74.8	15.2	356.2	355.0	44.0	55.9	7.5	41.0	0.0	11.8	.Autoclave.Outputs.PRESSIP\OutputValue	-6.0	3.9	2.4	-1.0	0.0	-1.0	-1.0	-1.0	0.0	0.0	0.0	-1.0	-1.0	0.0	0.0	0.0	-1.0	0.0
20:06:42	186.0	353.7	353.1	353.3	352.0	352.9	352.8	353.1	352.3	353.5	0.4	0.4	0.5	44.3	0.0	0.5	0.4	353.7	352.0	0.3	-1.5	353.0	352.8	355.9	355.9	355.1	363.0	103.7	186.0	75.8	14.2	356.4	355.0	44.0	60.0	7.6	40.8	0.0	20.0	.Autoclave.Outputs.PRESSIP\OutputValue	-6.0	1.7	2.2	-1.0	0.0	-1.0	-1.0	-1.0	0.0	0.0	0.0	-1.0	-1.0	0.0	0.0	0.0	-1.0	0.0
20:07:42	187.0	352.5	352.9	353.0	351.8	352.2	352.2	353.1	352.4	353.0	0.4	0.4	0.5	44.3	0.0	0.5	0.4	353.1	351.8	2.3	-1.0	352.6	352.4	353.0	353.0	352.3	361.7	103.8	187.0	76.8	13.2	356.9	355.0	44.0	82.6	7.7	41.4	0.0	65.2	.Autoclave.Outputs.PRESSIP\OutputValue	-6.0	1.3	-0.1	-1.0	0.0	-1.0	-1.0	-1.0	0.0	0.0	0.0	-1.0	-1.0	0.0	0.0	0.0	-1.0	0.0
20:08:42	188.0	353.7	353.3	353.4	352.2	353.1	353.1	353.2	350.0	353.5	0.4	0.5	0.5	43.9	0.0	0.5	0.4	353.7	350.0	1.4	-2.8	352.8	351.8	355.5	355.5	354.8	353.6	103.5	188.0	77.8	12.2	356.3	355.0	44.0	60.6	7.9	44.7	0.0	21.2	.Autoclave.Outputs.PRESSIP\OutputValue	-6.0	3.7	1.8	-1.0	0.0	-1.0	-1.0	-1.0	0.0	0.0	0.0	-1.0	-1.0	0.0	0.0	0.0	-1.0	0.0
20:09:43	189.0	353.5	353.0	353.0	351.8	352.6	352.6	352.9	352.1	353.3	0.4	0.4	0.5	44.3	0.0	0.5	0.4	353.5	351.8	2.8	-0.8	352.7	352.6	355.1	355.1	354.3	363.0	103.8	189.0	78.8	11.2	356.7	355.0	44.0	66.6	8.2	41.4	0.0	33.2	.Autoclave.Outputs.PRESSIP\OutputValue	-6.0	1.7	1.6	-1.0	0.0	-1.0	-1.0	-1.0	0.0	0.0	0.0	-1.0	-1.0	0.0	0.0	0.0	-1.0	0.0
20:10:42	190.0	353.7	353.3	353.3	352.0	353.0	352.9	353.2	349.6	353.7	0.4	0.4	0.5	44.3	0.0	0.5	0.4	353.7	349.6	0.7	-1.2	352.7	351.7	355.9	356.0	355.2	362.3	103.8	190.0	79.8	10.2	356.2	355.0	44.0	59.4	8.3	41.0	0.0	18.8	.Autoclave.Outputs.PRESSIP\OutputValue	-6.0	4.1	2.2	-1.0	0.0	-1.0	-1.0	-1.0	0.0	0.0	0.0	-1.0	-1.0	0.0	0.0	0.0	-1.0	0.0
20:11:43	191.0	352.4	352.9	353.2	352.1	352.3	352.6	353.3	352.7	353.2	0.4	0.4	0.5	43.8	0.0	0.5	0.4	353.3	352.1	1.7	-0.7	352.7	352.7	352.3	352.3	351.5	348.2	103.9	191.0	80.8	9.2	356.6	355.0	44.0	83.9	8.4	46.4	0.0	67.8	.Autoclave.Outputs.PRESSIP\OutputValue	-5.9	1.2	-1.0	-1.0	0.0	-1.0	-1.0	-1.0	0.0	0.0	0.0	-1.0	-1.0	0.0	0.0	0.0	-1.0	0.0
20:12:42	192.0	353.4	353.1	353.3	352.0	352.8	352.9	353.1	350.9	353.6	0.4	0.5	0.5	44.0	0.0	0.5	0.4	353.6	350.9	0.4	-2.1	352.8	352.3	355.4	355.4	354.6	357.2	103.7	192.0	81.8	8.2	356.5	355.0	44.0	64.1	8.7	44.0	0.0	28.2	.Autoclave.Outputs.PRESSIP\OutputValue	-6.0	2.7	1.8	-1.0	0.0	-1.0	-1.0	-1.0	0.0	0.0	0.0	-1.0	-1.0	0.0	0.0	0.0	-1.0	0.0
20:13:42	193.0	353.8	353.1	353.3	352.1	353.2	352.9	353.2	354.2	353.6	0.4	0.4	0.5	44.2	0.0	0.5	0.4	354.2	352.1	3.4	-0.1	353.3	353.1	355.8	355.8	355.0	361.2	103.9	193.0	82.8	7.2	355.4	355.0	44.0	59.9	8.9	41.7	0.0	19.9	.Autoclave.Outputs.PRESSIP\OutputValue	-6.0	2.1	1.6	-1.0	0.0	-1.0	-1.0	-1.0	0.0	0.0	0.0	-1.0	-1.0	0.0	0.0	0.0	-1.0	0.0
20:14:43	194.0	353.6	352.8	353.0	351.8	352.8	352.5	353.0	350.4	353.3	0.4	0.4	0.5	44.5	0.0	0.5	0.4	353.6	350.4	1.6	-0.6	352.6	352.0	355.4	355.4	354.6	365.8	103.9	194.0	83.8	6.2	356.4	355.0	44.0	65.5	9.1	39.5	0.0	31.1	.Autoclave.Outputs.PRESSIP\OutputValue	-6.0	3.2	1.8	-1.0	0.0	-1.0	-1.0	-1.0	0.0	0.0	0.0	-1.0	-1.0	0.0	0.0	0.0	-1.0	0.0
20:15:42	195.0	352.8	352.9	353.0	352.0	352.4	352.4	353.1	351.8	352.9	0.4	0.4	0.5	44.3	0.0	0.5	0.4	353.1	351.8	1.9	-0.2	352.6	352.5	353.5	353.5	352.8	361.7	103.9	195.0	84.8	5.2	356.9	355.0	44.0	80.1	9.2	41.0	0.0	60.1	.Autoclave.Outputs.PRESSIP\OutputValue	-6.0	1.3	0.4	-1.0	0.0	-1.0	-1.0	-1.0	0.0	0.0	0.0	-1.0	-1.0	0.0	0.0	0.0	-1.0	0.0
20:16:42	196.0	352.9	353.0	353.3	352.0	352.5	352.8	353.2	352.7	353.3	0.4	0.4	0.5	44.1	0.0	0.5	0.4	353.3	352.0	0.7	-0.3	352.8	352.6	354.1	354.1	353.5	356.8	103.8	196.0	85.8	4.2	356.7	355.0	44.0	74.9	9.3	43.4	0.0	49.8	.Autoclave.Outputs.PRESSIP\OutputValue	-6.0	1.3	0.8	-1.0	0.0	-1.0	-1.0	-1.0	0.0	0.0	0.0	-1.0	-1.0	0.0	0.0	0.0	-1.0	0.0
20:17:43	197.0	351.8	352.7	352.9	351.8	351.8	352.1	353.2	351.7	352.5	0.4	0.4	0.5	43.9	0.0	0.5	0.4	353.2	351.8	0.1	-1.1	352.3	352.5	351.3	351.2	350.4	350.5	103.8	197.0	86.8	3.2	356.9	355.0	44.0	94.4	9.6	45.7	0.0	88.8	.Autoclave.Outputs.PRESSIP\OutputValue	-5.8	1.4	-1.9	-1.0	0.0	-1.0	-1.0	-1.0	0.0	0.0	0.0	-1.0	-1.0	0.0	0.0	0.0	-1.0	0.0
20:18:42	198.0	353.9	353.2	353.2	352.0	352.9	353.1	352.9	352.3	353.5	0.4	0.5	0.5	44.3	0.0	0.5	0.4	353.9	352.0	2.1	-0.3	353.1	352.9	356.4	356.4	355.6	362.2	103.8	198.0	87.8	2.2	356.0	355.0	44.0	55.6	9.9	41.0	0.0	11.2	.Autoclave.Outputs.PRESSIP\OutputValue	-6.0	1.9	2.5	-1.0	0.0	-1.0	-1.0	-1.0	0.0	0.0	0.0	-1.0	-1.0	0.0	0.0	0.0	-1.0	0.0
20:19:42	199.0	354.0	353.4	353.5	352.2	353.2	353.5	353.4	352.5	354.0	0.5	0.4	0.4	44.3	0.0	0.5	0.4	354.0	352.2	0.5	0.0	353.4	353.1	356.4	356.4	355.5	361.7	103.8	199.0	88.8	1.2	356.0	355.0	44.0	56.3	9.9	41.0	0.0	12.5	.Autoclave.Outputs.PRESSIP\OutputValue	-6.0	1.8	2.4	-1.0	0.0	-1.0	-1.0	-1.0	0.0	0.0	0.0	-1.0	-1.0	0.0	0.0	0.0	-1.0	0.0
20:20:42	200.0	354.2	353.5	353.7	352.4	353.6	353.5	353.6	352.7	354.1	0.5	0.4	0.5	44.3	0.0	0.5	0.4	354.2	352.4	0.3	0.0	353.6	353.3	356.2	356.2	355.5	361.7	103.8	200.0	89.8	0.2	355.8	355.0	44.0	54.9	9.8	40.6	0.0	9.8	.Autoclave.Outputs.PRESSIP\OutputValue	-6.0	1.8	2.0	-1.0	0.0	-1.0	-1.0	-1.0	0.0	0.0	0.0	-1.0	-1.0	0.0	0.0	0.0	-1.0	0.0
20:20:57	200.3	354.3	353.1	353.7	352.4	353.4	353.6	353.6	352.7	354.4	0.4	0.5	0.5	44.3	0.0	0.5	0.4	354.4	352.4	0.4	-0.2	353.6	353.4	356.1	356.2	355.3	361.7	103.8	200.3	90.0	0.0	355.6	355.0	44.0	55.6	9.8	40.8	0.0	11.1	.Autoclave.Outputs.PRESSIP\OutputValue	-6.0	2.0	1.7	-1.0	0.0	-1.0	-1.0	-1.0	0.0	0.0	0.0	-1.0	-1.0	0.0	0.0	0.0	-1.0	0.0
20:21:42	201.0	349.6	351.8	352.2	351.4	350.6	350.9	352.8	351.9	350.8	0.4	0.4	0.4	44.4	0.0	0.4	0.4	352.8	349.6	-0.4	-4.4	351.3	351.2	344.7	344.7	344.0	343.0	104.0	201.0	0.8	0.0	351.6	351.6	44.0	99.8	5.5	40.5	0.0	99.6	.Autoclave.Outputs.PRESSIP\OutputValue	-5.7	3.2	-8.1	-1.0	0.0	-1.0	-1.0	-1.0	0.0	0.0	0.0	-1.0	-1.0	0.0	0.0	0.0	-1.0	0.0
20:22:42	202.0	349.7	351.5	351.3	350.4	350.2	349.8	351.7	350.9	350.1	0.4	0.4	0.4	44.5	0.0	0.4	0.4	351.7	349.7	-0.3	-1.6	350.6	350.7	347.3	347.3	346.4	352.1	103.7	202.0	1.8	0.0	347.1	347.1	44.0	53.6	5.9	38.9	0.0	7.1	.Autoclave.Outputs.PRESSIP\OutputValue	-6.0	2.0	-4.4	-1.0	0.0	-1.0	-1.0	-1.0	0.0	0.0	0.0	-1.0	-1.0	0.0	0.0	0.0	-1.0	0.0
20:23:42	203.0	344.2	349.7	349.4	349.1	347.2	346.9	350.5	350.2	346.5	0.4	0.4	0.4	43.9	0.0	0.4	0.4	350.5	344.2	-1.2	-4.8	347.9	347.3	336.7	336.7	335.8	333.9	103.8	203.0	2.8	0.0	342.6	342.6	44.0	93.7	6.1	45.7	0.0	87.4	.Autoclave.Outputs.PRESSIP\OutputValue	-5.6	6.3	-13.8	-1.0	0.0	-1.0	-1.0	-1.0	0.0	0.0	0.0	-1.0	-1.0	0.0	0.0	0.0	-1.0	0.0
20:24:43	204.0	344.2	348.4	348.3	348.0	346.5	345.4	349.0	345.5	345.4	0.4	0.4	0.4	44.1	0.0	0.4	0.4	349.0	344.2	-0.2	-2.0	346.9	346.6	338.8	338.8	337.8	342.3	103.7	204.0	3.8	0.0	338.1	338.1	44.0	49.9	6.4	43.2	0.0	0.0	.Autoclave.Outputs.PRESSIP\OutputValue	-5.8	4.8	-10.2	-1.0	0.0	-1.0	-1.0	-1.0	0.0	0.0	0.0	-1.0	-1.0	0.0	0.0	0.0	-1.0	0.0
20:25:42	205.0	339.1	346.6	345.9	346.1	343.1	341.5	347.3	346.2	341.1	0.3	0.3	0.4	44.4	0.0	0.4	0.3	347.3	339.1	-1.4	-5.4	343.8	343.2	328.6	328.6	327.8	330.8	103.8	205.0	4.8	0.0	333.6	333.6	44.0	88.3	6.6	41.1	0.0	76.6	.Autoclave.Outputs.PRESSIP\OutputValue	-5.5	8.2	-18.7	-1.0	0.0	-1.0	-1.0	-1.0	0.0	0.0	0.0	-1.0	-1.0	0.0	0.0	0.0	-1.0	0.0
20:26:42	206.0	337.9	345.6	344.9	344.5	342.3	340.3	345.9	345.9	340.3	0.4	0.4	0.4	44.2	0.0	0.4	0.4	345.9	337.9	-0.6	-1.7	342.7	341.9	330.4	330.5	329.6	331.2	103.7	206.0	5.7	0.0	329.2	329.2	44.0	47.5	6.7	41.0	-1.0	0.0	.Autoclave.Outputs.PRESSIP\OutputValue	-6.0	8.0	-15.6	-1.0	0.0	-1.0	-1.0	-1.0	0.0	0.0	0.0	-1.0	-1.0	0.0	0.0	0.0	-1.0	0.0
20:26:43	206.1	337.9	345.7	344.9	344.5	342.6	340.1	345.9	345.5	339.9	0.3	0.4	0.4	44.1	0.0	0.4	0.3	345.9	337.9	-0.6	-1.7	342.7	341.9	330.5	330.3	329.6	329.1	103.8	206.0	0.0	0.0	329.2	329.1	44.0	47.3	6.7	41.7	-1.0	0.0	.Autoclave.Outputs.PRESSIP\OutputValue	-6.0	8.0	-15.4	-1.0	0.0	-1.0	-1.0	-1.0	0.0	0.0	0.0	-1.0	-1.0	0.0	0.0	0.0	-1.0	0.0
20:27:42	207.0	332.9	342.8	342.1	342.0	339.3	336.2	343.7	343.3	335.8	0.3	0.3	0.4	43.9	0.0	0.4	0.3	343.7	332.9	-2.2	-5.0	339.3	338.3	321.7	321.7	321.0	324.7	103.8	207.0	1.0	0.0	324.6	324.6	44.0	75.2	7.1	45.5	0.0	50.4	.Autoclave.Outputs.PRESSIP\OutputValue	-5.4	10.8	-22.0	-1.0	0.0	-1.0	-1.0	-1.0	0.0	0.0	0.0	-1.0	-1.0	0.0	0.0	0.0	-1.0	0.0
20:28:43	208.0	330.3	341.4	340.5	340.2	337.3	333.7	342.2	341.6	333.7	0.3	0.3	0.3	43.8	0.0	0.3	0.3	342.2	330.3	-1.2	-2.6	337.4	336.3	318.7	318.5	317.7	300.2	103.7	208.0	2.0	0.0	320.1	320.0	44.0	64.7	7.1	47.7	0.0	29.3	.Autoclave.Outputs.PRESSIP\OutputValue	-5.0	11.9	-23.5	-1.0	0.0	-1.0	-1.0	-1.0	0.0	0.0	0.0	-1.0	-1.0	0.0	0.0	0.0	-1.0	0.0
20:29:42	209.0	326.9	338.9	338.0	337.5	334.7	330.1	339.9	338.5	330.0	0.3	0.3	0.3	44.4	0.0	0.3	0.3	339.9	326.9	-2.5	-4.2	334.5	333.4	314.5	314.5	313.7	317.9	103.9	209.0	3.0	0.0	315.6	315.6	44.0	63.1	7.4	41.0	0.0	26.3	.Autoclave.Outputs.PRESSIP\OutputValue	-5.4	13.0	-25.4	-1.0	0.0	-1.0	-1.0	-1.0	0.0	0.0	0.0	-1.0	-1.0	0.0	0.0	0.0	-1.0	0.0
20:30:43	210.0	322.0	336.6	335.6	334.9	331.6	326.6	338.3	336.6	326.2	0.2	0.3	0.3	43.7	0.0	0.3	0.2	338.3	322.0	-1.5	-4.6	331.5	330.2	306.5	306.5	305.6	300.3	103.6	210.0	4.0	0.0	311.1	311.0	44.0	85.8	7.5	48.1	0.0	71.6	.Autoclave.Outputs.PRESSIP\OutputValue	-5.3	16.3	-31.8	-1.0	0.0	-1.0	-1.0	-1.0	0.0	0.0	0.0	-1.0	-1.0	0.0	0.0	0.0	-1.0	0.0
20:31:43	211.0	320.3	334.2	333.4	332.7	329.8	323.8	336.0	335.0	324.0	0.3	0.3	0.3	43.9	0.0	0.3	0.3	336.0	320.3	-1.7	-2.9	329.3	328.2	307.0	307.0	306.3	309.6	103.6	211.0	5.0	0.0	306.6	306.6	44.0	52.7	7.7	46.3	0.0	5.5	.Autoclave.Outputs.PRESSIP\OutputValue	-5.0	15.7	-29.0	-1.0	0.0	-1.0	-1.0	-1.0	0.0	0.0	0.0	-1.0	-1.0	0.0	0.0	0.0	-1.0	0.0
20:32:42	212.0	315.2	331.4	330.4	329.5	326.1	319.6	333.7	332.0	319.6	0.2	0.2	0.2	44.3	0.0	0.2	0.2	333.7	315.2	-2.5	-4.6	325.7	324.5	298.5	298.5	297.9	299.7	103.8	212.0	6.0	0.0	302.1	302.1	44.0	79.7	7.9	42.1	0.0	59.3	.Autoclave.Outputs.PRESSIP\OutputValue	-4.6	18.5	-35.2	-1.0	0.0	-1.0	-1.0	-1.0	0.0	0.0	0.0	-1.0	-1.0	0.0	0.0	0.0	-1.0	0.0
20:33:43	213.0	312.7	329.4	328.2	327.1	324.1	316.9	331.4	329.9	317.4	0.2	0.2	0.2	43.8	0.0	0.2	0.2	331.4	312.7	-1.8	-3.1	323.4	322.1	298.8	298.6	297.9	293.2	103.7	213.0	7.0	0.0	297.6	297.5	44.0	47.6	7.9	45.7	-1.0	0.0	.Autoclave.Outputs.PRESSIP\OutputValue	-5.2	18.7	-32.6	-1.0	0.0	-1.0	-1.0	-1.0	0.0	0.0	0.0	-1.0	-1.0	0.0	0.0	0.0	-1.0	0.0
20:34:42	214.0	307.9	325.8	325.0	323.9	320.8	312.4	328.7	325.8	313.1	0.2	0.2	0.2	43.9	0.0	0.2	0.2	328.7	307.9	-2.8	-5.3	319.7	318.3	291.9	291.9	291.3	294.5	103.7	214.0	8.0	0.0	293.1	293.1	44.0	64.0	8.1	46.6	0.0	28.0	.Autoclave.Outputs.PRESSIP\OutputValue	-4.6	20.8	-36.8	-1.0	0.0	-1.0	-1.0	-1.0	0.0	0.0	0.0	-1.0	-1.0	0.0	0.0	0.0	-1.0	0.0
20:35:43	215.1	304.3	324.1	322.6	321.0	317.8	309.3	326.4	323.4	309.6	0.2	0.2	0.2	43.9	0.0	0.2	0.2	326.4	304.3	-2.1	-3.1	316.9	315.4	285.7	285.7	284.9	275.6	103.8	215.0	9.0	0.0	288.6	288.5	44.0	73.8	8.1	47.2	0.0	47.7	.Autoclave.Outputs.PRESSIP\OutputValue	-3.9	22.1	-40.7	-1.0	0.0	-1.0	-1.0	-1.0	0.0	0.0	0.0	-1.0	-1.0	0.0	0.0	0.0	-1.0	0.0
20:36:42	216.0	301.3	320.7	319.8	317.8	314.9	305.6	323.5	322.0	306.3	0.2	0.2	0.2	44.1	0.0	0.2	0.2	323.5	301.3	-2.8	-4.1	313.7	312.4	284.7	284.7	284.0	284.5	103.7	216.0	10.0	0.0	284.1	284.1	44.0	52.1	8.3	44.5	0.0	4.3	.Autoclave.Outputs.PRESSIP\OutputValue	-4.3	22.2	-38.8	-1.0	0.0	-1.0	-1.0	-1.0	0.0	0.0	0.0	-1.0	-1.0	0.0	0.0	0.0	-1.0	0.0
20:37:42	217.0	296.0	317.2	316.3	314.2	311.3	301.0	320.9	318.0	302.0	0.2	0.2	0.1	43.8	0.0	0.2	0.1	320.9	296.0	-2.9	-5.5	309.9	308.5	277.3	277.3	276.7	278.2	103.7	217.0	11.0	0.0	279.6	279.6	44.0	71.6	8.4	48.3	0.0	43.2	.Autoclave.Outputs.PRESSIP\OutputValue	-3.8	24.9	-43.6	-1.0	0.0	-1.0	-1.0	-1.0	0.0	0.0	0.0	-1.0	-1.0	0.0	0.0	0.0	-1.0	0.0
20:38:43	218.0	292.8	314.1	313.8	311.1	308.2	297.7	318.5	317.1	298.5	0.2	0.2	0.1	43.8	0.0	0.2	0.1	318.5	292.8	-2.3	-3.3	306.8	305.7	273.2	273.2	272.6	260.4	103.8	218.0	12.0	0.0	275.1	275.0	44.0	66.8	8.4	49.3	0.0	33.7	.Autoclave.Outputs.PRESSIP\OutputValue	-3.1	25.7	-45.3	-1.0	0.0	-1.0	-1.0	-1.0	0.0	0.0	0.0	-1.0	-1.0	0.0	0.0	0.0	-1.0	0.0
20:39:42	219.0	289.7	311.0	310.6	307.6	305.3	293.7	315.4	310.9	295.3	0.2	0.2	0.1	44.1	0.0	0.2	0.1	315.4	289.7	-3.2	-4.1	303.6	302.6	271.6	271.6	270.8	271.8	103.7	219.0	13.0	0.0	270.6	270.6	44.0	49.7	8.5	45.2	-1.0	0.0	.Autoclave.Outputs.PRESSIP\OutputValue	-3.4	25.7	-43.8	-1.0	0.0	-1.0	-1.0	-1.0	0.0	0.0	0.0	-1.0	-1.0	0.0	0.0	0.0	-1.0	0.0
20:40:42	220.0	284.7	307.4	307.2	303.7	301.6	289.3	312.7	309.3	290.7	0.1	0.2	0.1	43.9	0.0	0.2	0.1	312.7	284.7	-2.6	-5.0	299.7	298.7	265.3	265.3	264.6	268.0	103.8	220.0	14.0	0.0	266.1	266.1	44.0	61.9	8.7	48.3	0.0	23.8	.Autoclave.Outputs.PRESSIP\OutputValue	-2.8	28.0	-47.4	-1.0	0.0	-1.0	-1.0	-1.0	0.0	0.0	0.0	-1.0	-1.0	0.0	0.0	0.0	-1.0	0.0
20:41:42	221.0	280.2	304.0	303.9	300.5	297.8	285.1	309.8	306.0	286.9	0.1	0.1	0.0	44.1	0.0	0.1	0.0	309.8	280.2	-3.0	-4.4	296.0	295.0	259.5	259.5	258.8	259.0	103.9	221.0	15.0	0.0	261.6	261.6	44.0	70.6	8.7	46.6	0.0	41.2	.Autoclave.Outputs.PRESSIP\OutputValue	-2.2	29.6	-50.3	-1.0	0.0	-1.0	-1.0	-1.0	0.0	0.0	0.0	-1.0	-1.0	0.0	0.0	0.0	-1.0	0.0
20:42:42	222.0	276.3	301.0	300.8	296.6	294.1	281.6	306.8	303.6	283.1	0.1	0.1	0.0	43.5	0.0	0.1	0.0	306.8	276.3	-3.0	-3.8	292.5	291.5	254.7	254.7	254.0	247.6	103.7	222.0	16.0	0.0	257.1	257.1	44.0	72.0	8.7	52.8	0.0	44.1	.Autoclave.Outputs.PRESSIP\OutputValue	-2.1	30.5	-52.1	-1.0	0.0	-1.0	-1.0	-1.0	0.0	0.0	0.0	-1.0	-1.0	0.0	0.0	0.0	-1.0	0.0
20:43:42	223.0	273.1	297.7	297.8	293.2	291.5	278.2	303.8	299.9	279.6	0.1	0.1	-0.1	43.4	0.0	0.1	-0.1	303.8	273.1	-3.0	-4.0	289.4	288.4	251.8	251.8	251.1	240.0	103.6	223.0	17.0	0.0	252.6	252.6	44.0	60.7	8.8	54.5	0.0	21.4	.Autoclave.Outputs.PRESSIP\OutputValue	-1.3	30.7	-52.0	-1.0	0.0	-1.0	-1.0	-1.0	0.0	0.0	0.0	-1.0	-1.0	0.0	0.0	0.0	-1.0	0.0
20:44:43	224.0	269.4	294.5	294.3	289.4	288.4	274.0	300.8	295.2	275.9	0.1	0.1	-0.1	43.6	0.0	0.1	-0.1	300.8	269.4	-3.0	-4.1	285.8	285.1	249.5	249.3	248.5	241.9	103.6	224.0	18.0	0.0	248.1	248.0	44.0	47.4	8.8	52.0	-1.0	0.0	.Autoclave.Outputs.PRESSIP\OutputValue	-1.4	31.4	-51.3	-1.0	0.0	-1.0	-1.0	-1.0	0.0	0.0	0.0	-1.0	-1.0	0.0	0.0	0.0	-1.0	0.0
20:45:43	225.1	265.1	290.8	290.9	285.3	285.3	269.8	297.9	292.9	271.9	0.1	0.1	-0.1	43.8	0.0	0.1	-0.1	297.9	265.1	-3.0	-4.7	282.1	281.5	244.9	244.9	244.2	246.1	103.7	225.0	19.0	0.0	243.6	243.5	44.0	48.1	8.9	51.7	-1.0	0.0	.Autoclave.Outputs.PRESSIP\OutputValue	-0.7	32.8	-53.0	-1.0	0.0	-1.0	-1.0	-1.0	0.0	0.0	0.0	-1.0	-1.0	0.0	0.0	0.0	-1.0	0.0
20:46:42	226.0	260.9	287.0	287.3	281.4	280.9	265.7	294.3	289.7	267.5	0.1	0.1	-0.3	44.3	0.0	0.1	-0.3	294.3	260.9	-3.4	-4.6	278.1	277.6	239.0	239.0	238.3	241.3	103.8	226.0	20.0	0.0	239.1	239.1	44.0	57.7	9.0	46.6	0.0	15.4	.Autoclave.Outputs.PRESSIP\OutputValue	-0.4	33.4	-55.3	-1.0	0.0	-1.0	-1.0	-1.0	0.0	0.0	0.0	-1.0	-1.0	0.0	0.0	0.0	-1.0	0.0
20:47:42	227.0	256.3	283.4	284.1	277.5	277.4	261.7	291.4	286.2	263.0	0.1	0.1	-0.3	43.9	0.0	0.1	-0.3	291.4	256.3	-3.1	-4.5	274.4	273.8	233.6	233.7	233.0	235.1	103.6	227.0	21.0	0.0	234.6	234.6	44.0	63.8	9.0	50.6	0.0	27.5	.Autoclave.Outputs.PRESSIP\OutputValue	-0.1	35.1	-57.8	-1.0	0.0	-1.0	-1.0	-1.0	0.0	0.0	0.0	-1.0	-1.0	0.0	0.0	0.0	-1.0	0.0
20:48:42	228.0	251.9	279.4	280.1	273.6	273.0	257.2	288.0	282.6	259.1	0.1	0.1	-0.3	43.5	0.0	0.1	-0.3	288.0	251.9	-3.1	-4.3	270.3	269.9	228.2	228.1	227.4	228.8	103.7	228.0	22.0	0.0	230.1	230.1	44.0	69.8	9.0	55.7	0.0	39.5	.Autoclave.Outputs.PRESSIP\OutputValue	0.8	36.1	-59.8	-1.0	0.0	-1.0	-1.0	-1.0	0.0	0.0	0.0	-1.0	-1.0	0.0	0.0	0.0	-1.0	0.0
20:49:42	229.0	248.4	276.1	276.8	269.8	269.6	253.5	284.6	281.8	255.1	0.0	0.1	-0.5	43.6	0.0	0.1	-0.5	284.6	248.4	-3.4	-4.1	266.7	266.5	223.7	223.7	222.9	217.4	103.7	229.0	23.0	0.0	225.6	225.6	44.0	69.7	9.0	55.6	0.0	39.4	.Autoclave.Outputs.PRESSIP\OutputValue	1.8	36.2	-60.9	-1.0	0.0	-1.0	-1.0	-1.0	0.0	0.0	0.0	-1.0	-1.0	0.0	0.0	0.0	-1.0	0.0
20:50:42	230.0	244.1	272.2	273.4	265.8	266.1	249.5	281.8	275.7	251.3	0.1	0.1	-0.5	43.2	0.0	0.1	-0.5	281.8	244.1	-3.0	-4.3	263.0	262.9	220.7	220.5	219.8	210.5	103.6	230.0	24.0	0.0	221.1	221.1	44.0	59.7	9.0	60.4	0.0	19.4	.Autoclave.Outputs.PRESSIP\OutputValue	2.3	37.7	-61.1	-1.0	0.0	-1.0	-1.0	-1.0	0.0	0.0	0.0	-1.0	-1.0	0.0	0.0	0.0	-1.0	0.0
20:51:42	231.0	240.4	268.6	269.8	261.6	262.9	245.5	278.5	270.3	247.5	0.0	0.1	-0.5	43.6	0.0	0.1	-0.5	278.5	240.4	-3.1	-4.4	259.4	259.4	217.2	217.0	216.3	207.9	103.6	231.0	25.0	0.0	216.6	216.6	44.0	53.1	9.0	58.9	-1.0	6.2	.Autoclave.Outputs.PRESSIP\OutputValue	3.4	38.1	-61.3	-1.0	0.0	-1.0	-1.0	-1.0	0.0	0.0	0.0	-1.0	-1.0	0.0	0.0	0.0	-1.0	0.0
20:52:42	232.0	236.1	264.8	266.2	257.9	259.0	241.5	274.9	269.0	243.7	0.0	0.0	-0.6	43.5	0.0	0.0	-0.6	274.9	236.1	-3.9	-4.4	255.5	255.5	213.1	213.1	212.4	205.2	103.5	232.0	26.0	0.0	212.1	212.1	44.0	48.4	9.0	58.9	-1.0	0.0	.Autoclave.Outputs.PRESSIP\OutputValue	3.7	38.8	-61.8	-1.0	0.0	-1.0	-1.0	-1.0	0.0	0.0	0.0	-1.0	-1.0	0.0	0.0	0.0	-1.0	0.0
20:53:42	233.0	231.6	260.7	262.5	253.4	254.9	236.8	271.6	263.9	239.4	0.0	0.0	-0.6	43.1	0.0	0.0	-0.6	271.6	231.6	-3.2	-4.7	251.4	251.6	208.0	208.0	207.5	200.4	103.4	233.0	27.0	0.0	207.6	207.6	44.0	52.5	9.0	63.7	-1.0	4.9	.Autoclave.Outputs.PRESSIP\OutputValue	4.6	40.0	-63.6	-1.0	0.0	-1.0	-1.0	-1.0	0.0	0.0	0.0	-1.0	-1.0	0.0	0.0	0.0	-1.0	0.0
20:54:43	234.0	228.3	256.7	259.2	249.0	251.3	233.3	268.0	261.2	235.4	0.0	0.1	-0.6	43.7	0.0	0.1	-0.6	268.0	228.3	-3.3	-4.3	247.6	248.1	204.4	204.3	203.6	196.5	103.6	234.0	28.0	0.0	203.1	203.0	44.0	48.3	9.0	59.6	-1.0	0.0	.Autoclave.Outputs.PRESSIP\OutputValue	6.0	39.7	-63.6	-1.0	0.0	-1.0	-1.0	-1.0	0.0	0.0	0.0	-1.0	-1.0	0.0	0.0	0.0	-1.0	0.0
20:55:42	235.0	223.6	253.0	255.1	244.9	247.1	228.6	264.5	257.6	231.4	0.0	0.0	-0.7	43.4	0.0	0.0	-0.7	264.5	223.6	-3.5	-4.6	243.5	244.0	200.4	200.3	199.7	194.6	103.5	235.0	29.0	0.0	198.6	198.6	44.0	45.2	9.0	62.5	-1.0	0.0	.Autoclave.Outputs.PRESSIP\OutputValue	6.7	40.9	-64.1	-1.0	0.0	-1.0	-1.0	-1.0	0.0	0.0	0.0	-1.0	-1.0	0.0	0.0	0.0	-1.0	0.0
20:56:43	236.0	219.1	249.3	251.2	240.7	243.9	224.2	261.1	250.1	227.0	0.0	0.1	-0.8	43.0	0.0	0.1	-0.8	261.1	219.1	-3.7	-4.6	239.6	240.1	195.5	195.5	194.9	189.8	103.4	236.0	30.0	0.0	194.1	194.1	44.0	47.0	8.9	67.8	-1.0	0.0	.Autoclave.Outputs.PRESSIP\OutputValue	8.0	42.0	-65.6	-1.0	0.0	-1.0	-1.0	-1.0	0.0	0.0	0.0	-1.0	-1.0	0.0	0.0	0.0	-1.0	0.0
20:57:42	237.0	214.6	245.0	247.0	236.2	239.7	219.8	257.6	246.9	222.9	0.0	0.0	-0.8	43.5	0.0	0.0	-0.8	257.6	214.6	-3.5	-4.6	235.4	236.1	191.0	191.0	190.4	185.3	103.4	237.0	31.0	0.0	189.6	189.6	44.0	47.1	8.9	63.5	-1.0	0.0	.Autoclave.Outputs.PRESSIP\OutputValue	8.0	43.0	-66.6	-1.0	0.0	-1.0	-1.0	-1.0	0.0	0.0	0.0	-1.0	-1.0	0.0	0.0	0.0	-1.0	0.0
20:58:43	238.1	210.7	240.9	243.4	232.3	236.1	215.8	254.1	243.6	218.5	0.0	0.1	-1.0	43.2	0.0	0.1	-1.0	254.1	210.7	-3.5	-4.4	231.5	232.4	186.8	186.8	186.1	182.9	103.3	238.0	32.0	0.0	185.1	185.1	44.0	45.6	8.8	65.7	-1.0	0.0	.Autoclave.Outputs.PRESSIP\OutputValue	8.0	43.4	-67.3	-1.0	0.0	-1.0	-1.0	-1.0	0.0	0.0	0.0	-1.0	-1.0	0.0	0.0	0.0	-1.0	0.0
20:59:42	239.0	206.5	236.9	239.8	228.1	231.8	211.9	250.3	240.7	214.4	-0.1	0.0	-0.9	43.7	0.0	0.0	-0.9	250.3	206.5	-3.7	-4.4	227.5	228.4	182.4	182.4	181.8	179.0	103.4	239.0	33.0	0.0	180.6	180.6	44.0	44.3	8.8	61.2	-1.0	0.0	.Autoclave.Outputs.PRESSIP\OutputValue	8.0	43.8	-67.9	-1.0	0.0	-1.0	-1.0	-1.0	0.0	0.0	0.0	-1.0	-1.0	0.0	0.0	0.0	-1.0	0.0
21:00:42	240.0	202.4	233.0	236.0	223.7	227.9	207.7	246.7	237.5	210.2	-0.1	0.1	-0.9	43.2	0.0	0.1	-0.9	246.7	202.4	-3.8	-4.6	223.4	224.6	177.5	177.5	176.8	173.6	103.2	240.0	34.0	0.0	176.1	176.1	44.0	47.0	8.7	66.1	-1.0	0.0	.Autoclave.Outputs.PRESSIP\OutputValue	8.0	44.3	-69.2	-1.0	0.0	-1.0	-1.0	-1.0	0.0	0.0	0.0	-1.0	-1.0	0.0	0.0	0.0	-1.0	0.0
21:01:42	241.0	198.3	228.9	232.1	219.5	224.5	203.6	243.0	233.7	205.8	0.0	0.1	-1.1	43.6	0.0	0.1	-1.1	243.0	198.3	-3.8	-4.4	219.5	220.7	173.7	173.6	173.0	169.4	103.5	241.0	35.0	0.0	171.6	171.6	44.0	42.8	8.6	63.8	-1.0	0.0	.Autoclave.Outputs.PRESSIP\OutputValue	8.0	44.7	-69.3	-1.0	0.0	-1.0	-1.0	-1.0	0.0	0.0	0.0	-1.0	-1.0	0.0	0.0	0.0	-1.0	0.0
21:02:42	242.0	193.7	224.5	227.8	215.1	220.2	198.8	239.2	229.4	201.0	0.0	0.1	-1.1	43.6	0.0	0.1	-1.1	239.2	193.7	-4.0	-5.0	215.0	216.5	168.1	168.1	167.4	169.8	103.6	242.0	36.0	0.0	167.1	167.1	44.0	50.1	8.6	62.3	0.0	0.2	.Autoclave.Outputs.PRESSIP\OutputValue	8.0	45.5	-71.1	-1.0	0.0	-1.0	-1.0	-1.0	0.0	0.0	0.0	-1.0	-1.0	0.0	0.0	0.0	-1.0	0.0
21:03:42	243.0	189.5	220.7	224.0	210.7	216.0	194.8	235.4	225.6	196.8	0.0	0.1	-1.2	43.6	0.0	0.1	-1.2	235.4	189.5	-3.8	-4.3	211.0	212.5	162.6	162.6	161.9	161.2	103.6	243.0	37.0	0.0	162.6	162.6	44.0	56.7	8.4	61.6	0.0	13.3	.Autoclave.Outputs.PRESSIP\OutputValue	8.0	45.9	-72.8	-1.0	0.0	-1.0	-1.0	-1.0	0.0	0.0	0.0	-1.0	-1.0	0.0	0.0	0.0	-1.0	0.0
21:04:42	244.0	184.8	216.4	220.1	206.5	211.8	190.2	232.1	222.0	192.6	-0.1	0.1	-1.2	43.1	0.0	0.1	-1.2	232.1	184.8	-3.3	-4.7	206.8	208.5	159.1	159.1	158.3	154.9	103.4	244.0	38.0	0.0	158.1	158.1	44.0	49.3	8.3	66.7	-1.0	0.0	.Autoclave.Outputs.PRESSIP\OutputValue	8.0	47.3	-73.0	-1.0	0.0	-1.0	-1.0	-1.0	0.0	0.0	0.0	-1.0	-1.0	0.0	0.0	0.0	-1.0	0.0
21:05:43	245.0	180.8	212.6	215.9	202.0	207.8	186.2	228.0	217.7	188.8	0.0	0.1	-1.2	43.6	0.0	0.1	-1.2	228.0	180.8	-4.1	-4.6	202.8	204.4	155.7	155.5	154.7	152.1	103.5	245.0	39.0	0.0	153.6	153.6	44.0	42.4	8.2	62.3	-1.0	0.0	.Autoclave.Outputs.PRESSIP\OutputValue	8.0	47.2	-72.3	-1.0	0.0	-1.0	-1.0	-1.0	0.0	0.0	0.0	-1.0	-1.0	0.0	0.0	0.0	-1.0	0.0
21:06:42	246.0	175.9	208.2	211.8	197.7	203.3	181.4	224.1	213.6	184.0	-0.1	0.1	-1.2	43.2	0.0	0.1	-1.2	224.1	175.9	-3.9	-5.0	198.3	200.0	149.9	149.9	149.2	147.3	103.5	246.0	40.0	0.0	149.1	149.1	44.0	51.0	8.1	66.3	-1.0	2.0	.Autoclave.Outputs.PRESSIP\OutputValue	8.0	48.2	-74.2	-1.0	0.0	-1.0	-1.0	-1.0	0.0	0.0	0.0	-1.0	-1.0	0.0	0.0	0.0	-1.0	0.0
21:07:42	247.0	171.9	204.0	207.9	193.2	199.7	177.5	220.3	208.9	179.6	-0.1	0.1	-1.3	43.5	0.0	0.1	-1.3	220.3	171.9	-3.8	-4.8	194.3	196.1	145.3	145.2	144.6	143.1	103.4	247.0	41.0	0.0	144.6	144.6	44.0	51.7	8.0	62.3	-1.0	3.3	.Autoclave.Outputs.PRESSIP\OutputValue	8.0	48.4	-75.0	-1.0	0.0	-1.0	-1.0	-1.0	0.0	0.0	0.0	-1.0	-1.0	0.0	0.0	0.0	-1.0	0.0
21:08:42	248.0	167.8	199.1	203.8	189.0	195.9	172.9	216.4	205.0	175.3	-0.1	0.1	-1.3	43.2	0.0	0.1	-1.3	216.4	167.8	-3.8	-4.8	190.0	192.1	142.0	142.0	141.2	139.9	103.5	248.0	42.0	0.0	140.1	140.1	44.0	43.5	7.9	65.7	-1.0	0.0	.Autoclave.Outputs.PRESSIP\OutputValue	8.0	48.6	-74.4	-1.0	0.0	-1.0	-1.0	-1.0	0.0	0.0	0.0	-1.0	-1.0	0.0	0.0	0.0	-1.0	0.0
21:09:42	249.0	164.5	195.7	199.9	184.9	192.3	169.0	212.7	201.0	171.6	-0.1	0.2	-1.3	43.8	0.0	0.2	-1.3	212.7	164.5	-3.6	-4.2	186.3	188.6	139.1	139.1	138.4	137.7	103.4	249.0	43.0	0.0	135.6	135.6	44.0	33.3	7.6	60.4	-1.0	0.0	.Autoclave.Outputs.PRESSIP\OutputValue	8.0	48.2	-73.6	-1.0	0.0	-1.0	-1.0	-1.0	0.0	0.0	0.0	-1.0	-1.0	0.0	0.0	0.0	-1.0	0.0
21:10:42	250.0	160.2	192.0	195.9	180.7	188.0	165.2	208.8	197.3	168.1	-0.1	0.2	-1.4	43.5	0.0	0.2	-1.4	208.8	160.2	-3.6	-4.2	182.4	184.5	136.0	136.0	135.3	134.9	103.3	250.0	44.0	0.0	131.1	131.1	44.0	22.9	7.2	63.3	-1.0	0.0	.Autoclave.Outputs.PRESSIP\OutputValue	8.0	48.6	-72.8	-1.0	0.0	-1.0	-1.0	-1.0	0.0	0.0	0.0	-1.0	-1.0	0.0	0.0	0.0	-1.0	0.0
21:11:42	251.0	157.5	187.9	192.6	176.6	184.6	161.9	205.5	193.6	164.5	0.0	0.2	-1.4	43.2	0.0	0.2	-1.4	205.5	157.5	-2.7	-3.9	178.9	181.5	133.7	133.7	133.0	132.5	103.2	251.0	45.0	0.0	126.6	126.6	44.0	7.7	6.6	65.9	-1.0	0.0	.Autoclave.Outputs.PRESSIP\OutputValue	8.0	48.0	-71.8	-1.0	0.0	-1.0	-1.0	-1.0	0.0	0.0	0.0	-1.0	-1.0	0.0	0.0	0.0	-1.0	0.0
21:12:42	252.0	154.3	184.7	189.0	173.1	181.0	158.3	202.1	189.8	161.4	0.0	0.2	-1.4	43.4	0.0	0.2	-1.4	202.1	154.3	-3.3	-3.9	175.5	178.2	131.5	131.5	130.8	130.8	103.3	252.0	46.0	0.0	122.1	122.1	44.0	0.0	0.0	65.5	-1.0	0.0	.Autoclave.Outputs.PRESSIP\OutputValue	8.0	47.8	-70.6	-1.0	0.0	-1.0	-1.0	-1.0	0.0	0.0	0.0	-1.0	-1.0	0.0	0.0	0.0	-1.0	0.0
21:13:42	253.0	151.5	181.0	185.7	169.5	178.1	155.5	198.5	186.5	158.7	0.0	0.2	-1.5	43.4	0.0	0.2	-1.5	198.5	151.5	-2.8	-3.9	172.3	175.0	129.2	129.2	128.4	128.9	103.1	253.0	47.0	0.0	117.6	117.6	44.0	0.0	0.0	64.0	-1.0	0.0	.Autoclave.Outputs.PRESSIP\OutputValue	8.0	47.0	-69.3	-1.0	0.0	-1.0	-1.0	-1.0	0.0	0.0	0.0	-1.0	-1.0	0.0	0.0	0.0	-1.0	0.0
21:14:43	254.1	149.1	177.4	182.8	166.0	174.9	152.5	195.3	183.2	155.7	0.0	0.3	-1.5	43.2	0.0	0.3	-1.5	195.3	149.1	-2.6	-3.7	169.2	172.2	127.0	127.0	126.4	127.0	103.2	254.0	48.0	0.0	113.1	113.1	44.0	0.0	0.0	65.7	-1.0	0.0	.Autoclave.Outputs.PRESSIP\OutputValue	8.0	46.2	-68.3	-1.0	0.0	-1.0	-1.0	-1.0	0.0	0.0	0.0	-1.0	-1.0	0.0	0.0	0.0	-1.0	0.0
21:15:43	255.0	146.0	174.0	179.5	162.7	171.7	149.6	192.1	180.1	153.0	0.0	0.2	-1.5	43.1	0.0	0.2	-1.5	192.1	146.0	-2.7	-3.5	166.1	169.0	125.8	125.8	124.9	125.5	103.1	255.0	49.0	0.0	108.6	108.6	44.0	0.0	0.0	67.4	-1.0	0.0	.Autoclave.Outputs.PRESSIP\OutputValue	8.0	46.1	-66.3	-1.0	0.0	-1.0	-1.0	-1.0	0.0	0.0	0.0	-1.0	-1.0	0.0	0.0	0.0	-1.0	0.0
21:16:43	256.0	143.6	171.0	176.2	159.5	169.0	147.0	189.1	177.0	150.6	-0.1	0.2	-1.5	43.6	0.0	0.2	-1.5	189.1	143.6	-2.5	-3.3	163.2	166.3	124.0	124.0	123.3	124.0	103.1	256.0	50.0	0.0	104.1	104.0	44.0	0.0	0.0	61.8	-1.0	0.0	.Autoclave.Outputs.PRESSIP\OutputValue	8.0	45.5	-65.2	-1.0	0.0	-1.0	-1.0	-1.0	0.0	0.0	0.0	-1.0	-1.0	0.0	0.0	0.0	-1.0	0.0
21:17:42	257.0	141.4	168.0	173.3	156.4	166.1	144.4	186.5	174.2	148.0	0.0	0.2	-1.5	43.4	0.0	0.2	-1.5	186.5	141.4	-2.1	-3.1	160.5	163.9	122.6	122.5	122.0	122.7	103.2	257.0	51.0	0.0	99.6	99.6	44.0	0.0	0.0	63.5	-1.0	0.0	.Autoclave.Outputs.PRESSIP\OutputValue	8.0	45.1	-63.9	-1.0	0.0	-1.0	-1.0	-1.0	0.0	0.0	0.0	-1.0	-1.0	0.0	0.0	0.0	-1.0	0.0
21:18:42	258.0	139.4	165.0	170.4	153.6	163.3	142.0	183.5	171.3	145.9	-0.1	0.2	-1.5	43.3	0.0	0.2	-1.5	183.5	139.4	-2.0	-3.4	157.9	161.4	121.4	121.4	120.8	121.4	103.1	258.0	52.0	0.0	95.1	95.1	44.0	0.0	0.0	64.8	-1.0	0.0	.Autoclave.Outputs.PRESSIP\OutputValue	8.0	44.1	-62.1	-1.0	0.0	-1.0	-1.0	-1.0	0.0	0.0	0.0	-1.0	-1.0	0.0	0.0	0.0	-1.0	0.0
21:19:43	259.0	137.3	161.9	167.6	150.6	160.7	139.7	181.0	168.4	143.7	0.0	0.3	-1.6	43.2	0.0	0.3	-1.6	181.0	137.3	-2.3	-3.2	155.3	159.1	119.7	119.7	119.1	120.2	103.1	259.0	53.0	0.0	90.6	90.5	44.0	0.0	0.0	66.3	-1.0	0.0	.Autoclave.Outputs.PRESSIP\OutputValue	8.0	43.7	-61.3	-1.0	0.0	-1.0	-1.0	-1.0	0.0	0.0	0.0	-1.0	-1.0	0.0	0.0	0.0	-1.0	0.0
21:20:42	260.0	135.3	159.4	164.9	148.1	158.1	137.6	178.1	165.8	141.6	0.0	0.3	-1.5	43.1	0.0	0.3	-1.5	178.1	135.3	-1.9	-2.8	152.9	156.7	118.4	118.3	117.7	118.9	103.1	260.0	54.0	0.0	86.1	86.1	44.0	0.0	0.0	67.6	-1.0	0.0	.Autoclave.Outputs.PRESSIP\OutputValue	8.0	42.8	-59.7	-1.0	0.0	-1.0	-1.0	-1.0	0.0	0.0	0.0	-1.0	-1.0	0.0	0.0	0.0	-1.0	0.0
21:21:43	261.0	133.4	156.8	162.0	145.7	155.9	135.7	175.5	163.4	139.9	-0.1	0.3	-1.5	43.5	0.0	0.3	-1.5	175.5	133.4	-1.8	-2.9	150.6	154.4	117.3	117.3	116.8	118.1	103.0	261.0	55.0	0.0	81.6	81.5	44.0	0.0	0.0	62.7	-1.0	0.0	.Autoclave.Outputs.PRESSIP\OutputValue	8.0	42.1	-58.2	-1.0	0.0	-1.0	-1.0	-1.0	0.0	0.0	0.0	-1.0	-1.0	0.0	0.0	0.0	-1.0	0.0
21:22:42	262.0	131.6	154.4	159.6	143.1	153.3	133.5	173.0	161.0	137.9	-0.1	0.3	-1.5	43.4	0.0	0.3	-1.5	173.0	131.6	-2.0	-2.6	148.3	152.3	116.4	116.4	115.7	117.1	103.1	262.0	56.0	0.0	80.0	80.0	44.0	0.0	0.0	63.6	-1.0	0.0	.Autoclave.Outputs.PRESSIP\OutputValue	8.0	41.4	-56.6	-1.0	0.0	-1.0	-1.0	-1.0	0.0	0.0	0.0	-1.0	-1.0	0.0	0.0	0.0	-1.0	0.0
21:23:42	263.0	130.3	151.8	157.1	140.8	151.3	132.0	170.0	158.7	135.9	0.0	0.3	-1.5	43.3	0.0	0.3	-1.5	170.0	130.3	-1.4	-2.9	146.1	150.1	115.1	115.1	114.5	115.9	103.0	263.0	57.0	0.0	80.0	80.0	44.0	0.0	0.0	65.0	-1.0	0.0	.Autoclave.Outputs.PRESSIP\OutputValue	8.0	39.7	-54.9	-1.0	0.0	-1.0	-1.0	-1.0	0.0	0.0	0.0	-1.0	-1.0	0.0	0.0	0.0	-1.0	0.0
21:24:42	264.0	128.3	149.4	154.6	138.6	148.8	130.0	168.0	156.5	134.4	0.0	0.3	-1.5	43.2	0.0	0.3	-1.5	168.0	128.3	-1.7	-2.6	144.0	148.1	114.4	114.4	113.7	115.1	102.9	264.0	58.0	0.0	80.0	80.0	44.0	0.0	0.0	65.9	-1.0	0.0	.Autoclave.Outputs.PRESSIP\OutputValue	8.0	39.7	-53.6	-1.0	0.0	-1.0	-1.0	-1.0	0.0	0.0	0.0	-1.0	-1.0	0.0	0.0	0.0	-1.0	0.0
21:25:43	265.0	126.8	147.2	152.3	136.6	146.7	128.4	165.8	154.2	132.6	0.1	0.3	-1.5	43.0	0.0	0.3	-1.5	165.8	126.8	-1.6	-2.6	142.0	146.3	113.2	113.2	112.5	114.2	102.9	265.0	59.0	0.0	80.0	80.0	44.0	0.0	0.0	67.2	-1.0	0.0	.Autoclave.Outputs.PRESSIP\OutputValue	8.0	39.0	-52.6	-1.0	0.0	-1.0	-1.0	-1.0	0.0	0.0	0.0	-1.0	-1.0	0.0	0.0	0.0	-1.0	0.0
21:26:43	266.0	125.7	145.7	150.1	134.4	144.5	126.9	163.1	151.9	131.2	0.0	0.3	-1.5	43.6	0.0	0.3	-1.5	163.1	125.7	-1.2	-2.6	140.2	144.4	112.6	112.6	112.0	113.8	103.0	266.0	60.0	0.0	80.0	80.0	44.0	0.0	0.0	62.1	-1.0	0.0	.Autoclave.Outputs.PRESSIP\OutputValue	8.0	37.4	-50.5	-1.0	0.0	-1.0	-1.0	-1.0	0.0	0.0	0.0	-1.0	-1.0	0.0	0.0	0.0	-1.0	0.0
21:27:43	267.1	123.9	143.3	147.8	132.6	142.8	125.4	160.9	150.0	129.6	0.0	0.3	-1.5	43.5	0.0	0.3	-1.5	160.9	123.9	-1.4	-2.2	138.3	142.4	111.6	111.6	110.9	112.6	102.9	267.0	61.0	0.0	80.0	80.0	44.0	0.0	0.0	62.9	-1.0	0.0	.Autoclave.Outputs.PRESSIP\OutputValue	8.0	37.0	-49.3	-1.0	0.0	-1.0	-1.0	-1.0	0.0	0.0	0.0	-1.0	-1.0	0.0	0.0	0.0	-1.0	0.0
21:28:43	268.0	122.4	140.9	145.8	130.9	140.8	123.8	158.7	148.0	128.3	0.0	0.3	-1.5	43.4	0.0	0.3	-1.5	158.7	122.4	-1.4	-2.4	136.4	140.5	110.8	110.8	110.1	111.9	102.9	268.0	62.0	0.0	80.0	80.0	44.0	0.0	0.0	63.6	-1.0	0.0	.Autoclave.Outputs.PRESSIP\OutputValue	8.0	36.3	-47.9	-1.0	0.0	-1.0	-1.0	-1.0	0.0	0.0	0.0	-1.0	-1.0	0.0	0.0	0.0	-1.0	0.0
21:29:42	269.0	121.4	139.1	143.8	129.2	138.8	122.4	156.9	145.8	126.7	0.0	0.3	-1.4	43.3	0.0	0.3	-1.4	156.9	121.4	-0.9	-2.2	134.8	139.1	109.9	109.9	109.3	111.2	102.8	269.0	63.0	0.0	80.0	80.0	44.0	0.0	0.0	64.8	-1.0	0.0	.Autoclave.Outputs.PRESSIP\OutputValue	8.0	35.5	-47.0	-1.0	0.0	-1.0	-1.0	-1.0	0.0	0.0	0.0	-1.0	-1.0	0.0	0.0	0.0	-1.0	0.0
21:30:43	270.1	120.4	137.4	141.8	127.5	137.3	121.0	154.9	144.1	125.7	0.0	0.3	-1.4	43.2	0.0	0.3	-1.4	154.9	120.4	-1.1	-2.1	133.2	137.6	109.2	109.2	108.5	110.4	102.8	270.0	64.0	0.0	80.0	80.0	44.0	0.0	0.0	65.7	-1.0	0.0	.Autoclave.Outputs.PRESSIP\OutputValue	8.0	34.5	-45.7	-1.0	0.0	-1.0	-1.0	-1.0	0.0	0.0	0.0	-1.0	-1.0	0.0	0.0	0.0	-1.0	0.0
21:31:43	271.0	119.2	135.7	140.1	125.9	135.3	120.0	153.0	142.3	124.3	0.0	0.3	-1.4	43.2	0.0	0.3	-1.4	153.0	119.2	-1.2	-2.2	131.7	136.1	108.5	108.5	107.9	109.7	102.7	271.0	65.0	0.0	80.0	80.0	44.0	0.0	0.0	66.5	-1.0	0.0	.Autoclave.Outputs.PRESSIP\OutputValue	8.0	33.8	-44.5	-1.0	0.0	-1.0	-1.0	-1.0	0.0	0.0	0.0	-1.0	-1.0	0.0	0.0	0.0	-1.0	0.0
21:32:42	272.0	118.0	133.9	138.3	124.3	134.0	118.8	151.1	140.5	123.2	0.0	0.3	-1.4	43.1	0.0	0.3	-1.4	151.1	118.0	-1.1	-2.1	130.2	134.5	107.8	107.7	107.2	109.0	102.6	272.0	66.0	0.0	80.0	80.0	44.0	0.0	0.0	67.4	-1.0	0.0	.Autoclave.Outputs.PRESSIP\OutputValue	8.0	33.1	-43.3	-1.0	0.0	-1.0	-1.0	-1.0	0.0	0.0	0.0	-1.0	-1.0	0.0	0.0	0.0	-1.0	0.0
21:33:42	273.0	116.9	132.3	136.6	123.0	132.2	117.7	149.0	138.9	122.1	0.0	0.3	-1.3	43.6	0.0	0.3	-1.3	149.0	116.9	-0.8	-2.0	128.7	132.9	107.5	107.4	106.8	108.8	102.7	273.0	67.0	0.0	80.0	80.0	44.0	0.0	0.0	62.3	-1.0	0.0	.Autoclave.Outputs.PRESSIP\OutputValue	8.0	32.1	-41.5	-1.0	0.0	-1.0	-1.0	-1.0	0.0	0.0	0.0	-1.0	-1.0	0.0	0.0	0.0	-1.0	0.0
21:34:20	273.7	116.7	131.5	135.5	122.2	131.0	117.0	147.9	138.0	121.5	0.0	0.3	-1.4	43.5	0.0	0.3	-1.4	147.9	116.7	-0.8	-1.8	127.9	132.3	106.9	106.9	106.2	108.3	102.6	273.6	67.6	0.0	80.0	80.0	44.0	0.0	0.0	62.7	-1.0	0.0	.Autoclave.Outputs.PRESSIP\OutputValue	8.0	31.2	-41.1	-1.0	0.0	-1.0	-1.0	-1.0	0.0	0.0	0.0	-1.0	-1.0	0.0	0.0	0.0	-1.0	0.0
21:34:42	274.0	115.6	130.6	134.7	121.5	130.1	116.3	147.2	137.3	120.8	0.0	0.3	-1.4	40.5	0.0	0.3	-1.4	147.2	115.6	-1.1	-2.0	127.1	131.4	105.4	105.4	104.7	105.7	102.0	274.0	0.4	0.0	80.0	80.0	40.2	0.0	0.0	54.7	-1.0	0.0	.Autoclave.Outputs.PRESSIP\OutputValue	7.7	31.6	-41.8	-1.0	0.0	-1.0	-1.0	-1.0	0.0	0.0	0.0	-1.0	-1.0	0.0	0.0	0.0	-1.0	0.0
21:35:43	275.0	113.6	128.8	132.9	119.9	128.7	114.4	145.4	135.7	119.1	0.0	0.2	-1.3	30.6	0.0	0.2	-1.3	145.4	113.6	-1.6	-2.2	125.3	129.5	101.0	100.9	100.2	101.9	101.1	275.0	1.4	0.0	80.0	80.0	30.1	0.0	0.0	53.2	-1.0	0.0	.Autoclave.Outputs.PRESSIP\OutputValue	6.5	31.8	-44.4	-1.0	0.0	-1.0	-1.0	-1.0	0.0	0.0	0.0	-1.0	-1.0	0.0	0.0	0.0	-1.0	0.0
21:36:43	276.0	111.8	127.4	131.2	118.7	127.1	113.0	143.7	134.3	117.6	-0.1	0.2	-1.4	20.9	0.0	0.2	-1.4	143.7	111.8	-1.4	-2.2	123.8	127.7	97.7	97.7	97.0	98.9	100.5	276.0	2.4	0.0	80.0	80.0	20.1	0.0	0.0	49.0	-1.0	0.0	.Autoclave.Outputs.PRESSIP\OutputValue	5.1	31.9	-46.0	-1.0	0.0	-1.0	-1.0	-1.0	0.0	0.0	0.0	-1.0	-1.0	0.0	0.0	0.0	-1.0	0.0
21:37:43	277.0	110.6	126.4	130.0	117.5	125.9	111.6	142.4	133.5	116.6	-0.2	0.0	-1.4	10.7	0.0	0.0	-1.4	142.4	110.6	-0.9	-1.4	122.6	126.5	94.4	94.4	93.7	95.6	99.5	277.0	3.4	0.0	80.0	80.0	10.1	0.0	0.0	48.7	-1.0	0.0	.Autoclave.Outputs.PRESSIP\OutputValue	3.6	31.8	-48.0	-1.0	0.0	-1.0	-1.0	-1.0	0.0	0.0	0.0	-1.0	-1.0	-1.0	0.0	0.0	-1.0	0.0
21:38:43	278.0	109.4	125.7	128.9	116.7	125.2	110.5	141.7	133.1	116.5	-0.4	-0.2	-1.4	3.0	0.0	-0.2	-1.4	141.7	109.4	-0.2	-1.3	121.8	125.5	92.4	92.4	91.7	94.4	99.0	278.0	4.4	0.0	80.0	80.0	0.1	0.0	0.0	23.2	-1.0	0.0	.Autoclave.Outputs.PRESSIP\OutputValue	0.9	32.3	-49.3	-1.0	0.0	-1.0	-1.0	-1.0	0.0	0.0	0.0	-1.0	-1.0	-1.0	0.0	0.0	-1.0	0.0
21:39:13	278.5	109.2	125.6	128.5	116.2	125.1	110.2	141.4	133.0	116.6	-0.8	-0.6	-1.4	1.0	0.0	-0.6	-1.4	141.4	109.2	0.0	-1.2	121.6	125.3	92.7	92.7	92.1	94.7	99.0	278.5	4.9	0.0	80.0	80.0	0.0	0.0	0.0	38.7	-1.0	0.0	.Autoclave.Outputs.PRESSIP\OutputValue	-0.9	32.2	-48.7	-1.0	0.0	-1.0	-1.0	-1.0	0.0	0.0	0.0	-1.0	-1.0	-1.0	0.0	0.0	-1.0	0.0
