

Time	Elapsed	PTC4	PTC5	PTC6	PTC7	PTC8	PTC9	VPRB2	PRESS	SVAC	HIPRB	LOPRB	HITC	LOTC	HIRATE	LORATE	AVGTC	MEAN	AIRTC	AIRTC1	AIRTC2	HILIMTC	CAPSTC	RUNTIME	SEGTIME	SEGTIMELEFT	TSET_AIR	TSET_PART	PSET	TEMPOUT	TEMPINT	PRESSOUT	COOLIP	SCROUT	PRESSIP	PRESSINT	SPREAD	AIRPARTDELTA	CAPSFLOW	SILENCE	BARLOCK	HIPSI	FANON	HYDON	FANSTARTSTOPPB	HYDPMPSTARTSTOPPB	COOLCNTRLONOFFSW	PRESSCNTRLONOFFSW	PRESSDUMPSW	PCMANUALSW	HILIMIT	BLWRMTRHILIMIT	MANINSIDE
HH:MM:SS	Mins	Deg.F	Deg.F	Deg.F	Deg.F	Deg.F	Deg.F	"Hg	Psig	"Hg			Deg.F	Deg.F	Deg.F	Deg.F	Deg.F	Deg.F	Deg.F	Deg.F	Deg.F	Deg.F	Deg.F	Mins	Mins	Mins	Deg.F	Deg.F	Psig				%	%	%	%	Deg.F	Deg.F															
17:00:05	0.0	74.4	74.6	74.7	73.9	74.2	74.2	-27.6	-0.5	-28.0	-27.6	-27.6	74.7	73.9	0.1	-0.1	74.3	74.3	0.0	79.0	78.4	82.0	84.0	301.0	0.0	0.0	70.0	70.0	0.0	50.0	0.0	50.0	0.0	0.0	.Autoclave.Outputs.PRESSIP\OutputValue	8.0	0.8	-74.7	-1.0	0.0	-1.0	-1.0	0.0	0.0	0.0	0.0	-1.0	-1.0	-1.0	0.0	0.0	-1.0	0.0
17:00:10	0.1	74.4	74.6	74.7	73.9	74.2	74.2	-27.6	-0.5	-28.0	-27.6	-27.6	74.7	73.9	0.1	-0.1	74.3	74.3	0.0	79.0	78.4	82.0	84.0	301.0	0.0	0.0	70.0	70.0	0.0	50.0	0.0	50.0	0.0	0.0	.Autoclave.Outputs.PRESSIP\OutputValue	8.0	0.8	-74.7	-1.0	0.0	-1.0	-1.0	0.0	0.0	0.0	0.0	-1.0	-1.0	-1.0	0.0	0.0	-1.0	0.0
17:00:12	0.1	74.4	74.6	74.7	73.9	74.2	74.2	-27.6	-0.5	-28.0	-27.6	-27.6	74.7	73.9	0.1	-0.1	74.3	74.3	79.0	79.0	78.4	82.0	84.0	301.0	0.0	0.0	70.0	70.0	0.0	50.0	0.0	50.0	0.0	0.0	.Autoclave.Outputs.PRESSIP\OutputValue	8.0	0.8	-74.7	-1.0	0.0	-1.0	-1.0	0.0	0.0	0.0	0.0	-1.0	-1.0	-1.0	0.0	0.0	-1.0	0.0
17:00:12	0.1	74.4	74.6	74.7	73.9	74.2	74.2	-27.6	-0.5	-28.0	-27.6	-27.6	74.7	73.9	0.1	-0.1	74.3	74.3	79.0	79.0	78.4	82.0	84.0	301.0	0.0	0.0	70.0	70.0	0.0	50.0	0.0	50.0	0.0	0.0	.Autoclave.Outputs.PRESSIP\OutputValue	8.0	0.8	4.3	-1.0	0.0	-1.0	-1.0	0.0	0.0	0.0	0.0	-1.0	-1.0	-1.0	0.0	0.0	-1.0	0.0
17:01:12	1.1	74.7	75.8	75.2	74.3	74.8	74.6	-27.6	1.2	-28.0	-27.6	-27.6	75.8	74.3	1.2	0.3	74.9	75.1	80.7	80.9	80.3	88.9	84.2	1.1	1.0	0.0	82.7	79.2	1.5	61.2	-0.1	60.6	0.0	22.4	.Autoclave.Outputs.PRESSIP\OutputValue	8.0	1.5	4.9	-1.0	0.0	-1.0	-1.0	-1.0	0.0	0.0	0.0	-1.0	-1.0	0.0	0.0	0.0	-1.0	0.0
17:02:12	2.1	75.6	78.0	75.9	76.0	76.3	75.5	-27.6	2.1	-28.0	-27.6	-27.6	78.0	75.5	2.1	0.4	76.2	76.8	87.3	87.3	86.8	98.4	84.1	2.1	2.0	0.0	89.4	83.7	3.0	62.1	0.1	67.3	0.0	24.1	.Autoclave.Outputs.PRESSIP\OutputValue	8.0	2.5	9.3	-1.0	0.0	-1.0	-1.0	-1.0	0.0	0.0	0.0	-1.0	-1.0	0.0	0.0	0.0	-1.0	0.0
17:03:12	3.1	76.6	80.3	76.5	77.2	77.8	76.6	-27.6	3.7	-28.0	-27.6	-27.6	80.3	76.5	2.3	0.6	77.5	78.4	93.8	93.8	93.3	105.4	84.4	3.1	3.0	0.0	95.8	88.2	4.5	59.5	0.3	66.3	0.0	19.0	.Autoclave.Outputs.PRESSIP\OutputValue	8.0	3.9	13.5	-1.0	0.0	-1.0	-1.0	-1.0	0.0	0.0	0.0	-1.0	-1.0	0.0	0.0	0.0	-1.0	0.0
17:04:12	4.1	77.8	83.0	77.8	78.5	79.6	77.7	-27.6	5.3	-28.0	-27.6	-27.6	83.0	77.7	2.9	0.9	79.1	80.4	100.3	100.3	99.7	112.7	84.7	4.1	4.0	0.0	101.4	92.7	6.0	59.7	0.5	65.3	0.0	19.3	.Autoclave.Outputs.PRESSIP\OutputValue	8.0	5.4	17.3	-1.0	0.0	-1.0	-1.0	-1.0	0.0	0.0	0.0	-1.0	-1.0	0.0	0.0	0.0	-1.0	0.0
17:05:12	5.1	78.3	86.1	79.2	80.1	81.2	79.3	-27.6	7.0	-28.0	-27.6	-27.6	86.1	78.3	2.4	1.3	80.7	82.2	106.7	106.8	106.4	118.8	84.9	5.1	5.0	0.0	108.9	97.2	7.5	61.5	0.7	63.1	0.0	23.0	.Autoclave.Outputs.PRESSIP\OutputValue	8.0	7.8	20.6	-1.0	0.0	-1.0	-1.0	-1.0	0.0	0.0	0.0	-1.0	-1.0	0.0	0.0	0.0	-1.0	0.0
17:06:12	6.1	79.7	88.8	81.1	81.5	83.2	80.8	-27.6	8.0	-28.0	-27.6	-27.6	88.8	79.7	3.0	1.2	82.5	84.3	112.0	112.1	111.8	125.8	85.0	6.1	6.0	0.0	114.6	101.7	9.0	66.7	1.0	68.0	0.0	33.5	.Autoclave.Outputs.PRESSIP\OutputValue	8.0	9.1	23.2	-1.0	0.0	-1.0	-1.0	-1.0	0.0	0.0	0.0	-1.0	-1.0	0.0	0.0	0.0	-1.0	0.0
17:07:12	7.1	82.0	91.8	81.8	84.3	85.2	82.7	-27.6	9.7	-28.0	-27.6	-27.6	91.8	81.8	3.2	1.5	84.6	86.8	117.9	117.9	117.4	130.1	85.3	7.1	7.0	0.0	120.2	106.2	10.5	64.4	1.2	65.9	0.0	28.8	.Autoclave.Outputs.PRESSIP\OutputValue	8.0	10.1	26.1	-1.0	0.0	-1.0	-1.0	-1.0	0.0	0.0	0.0	-1.0	-1.0	0.0	0.0	0.0	-1.0	0.0
17:07:24	7.3	82.4	92.6	82.2	85.2	85.4	82.9	-27.6	10.1	-28.0	-27.6	-27.6	92.6	82.2	3.6	1.7	85.1	87.4	118.8	118.8	118.6	132.3	85.3	7.3	7.2	0.0	121.3	107.0	10.8	65.9	1.2	66.9	0.0	31.9	.Autoclave.Outputs.PRESSIP\OutputValue	8.0	10.5	25.9	-1.0	0.0	-1.0	-1.0	-1.0	0.0	0.0	0.0	-1.0	-1.0	0.0	0.0	0.0	-1.0	0.0
17:08:12	8.1	84.1	95.6	84.0	87.3	87.4	84.6	-27.5	11.4	-27.9	-27.5	-27.5	95.6	84.0	3.9	1.4	87.2	89.8	123.7	123.7	123.2	136.7	85.6	8.1	0.8	0.0	126.1	110.7	12.0	64.6	1.4	63.8	0.0	29.3	.Autoclave.Outputs.PRESSIP\OutputValue	8.0	11.6	28.2	-1.0	0.0	-1.0	-1.0	-1.0	0.0	0.0	0.0	-1.0	-1.0	0.0	0.0	0.0	-1.0	0.0
17:09:12	9.1	86.3	99.3	86.2	89.4	90.0	86.7	-24.1	13.0	-23.6	-24.1	-24.1	99.3	86.2	3.7	2.1	89.6	92.7	129.1	129.1	128.4	141.3	86.0	9.1	1.8	0.0	131.2	115.2	13.5	63.5	1.6	63.3	0.0	27.0	.Autoclave.Outputs.PRESSIP\OutputValue	8.0	13.1	29.8	-1.0	0.0	-1.0	-1.0	-1.0	0.0	0.0	0.0	-1.0	-1.0	0.0	0.0	0.0	-1.0	0.0
17:10:12	10.1	88.6	103.4	90.3	92.5	92.3	89.1	-18.5	14.4	-18.3	-18.5	-18.5	103.4	88.6	4.4	2.3	92.7	96.0	134.1	134.3	133.6	146.7	86.1	10.1	2.8	0.0	135.7	119.7	15.0	62.4	1.9	65.7	0.0	24.7	.Autoclave.Outputs.PRESSIP\OutputValue	8.0	14.8	30.7	-1.0	0.0	-1.0	-1.0	-1.0	0.0	0.0	0.0	-1.0	-1.0	0.0	0.0	0.0	-1.0	0.0
17:11:12	11.1	90.8	107.0	92.0	95.1	94.7	91.5	-13.3	15.7	-13.2	-13.3	-13.3	107.0	90.8	4.6	2.2	95.2	98.9	138.7	138.8	138.3	151.4	86.4	11.1	3.8	0.0	141.0	124.2	16.5	69.0	2.1	66.2	0.0	37.9	.Autoclave.Outputs.PRESSIP\OutputValue	8.0	16.2	31.7	-1.0	0.0	-1.0	-1.0	-1.0	0.0	0.0	0.0	-1.0	-1.0	0.0	0.0	0.0	-1.0	0.0
17:12:12	12.1	93.3	111.1	94.9	98.1	97.3	93.6	-8.3	17.3	-8.3	-8.3	-8.3	111.1	93.3	3.8	1.7	98.0	102.2	144.0	144.0	143.6	156.2	86.7	12.1	4.8	0.0	146.4	128.7	18.0	66.6	2.3	65.0	0.0	33.3	.Autoclave.Outputs.PRESSIP\OutputValue	8.0	17.8	32.9	-1.0	0.0	-1.0	-1.0	-1.0	0.0	0.0	0.0	-1.0	-1.0	0.0	0.0	0.0	-1.0	0.0
17:13:12	13.1	95.9	115.2	97.7	101.1	100.2	96.0	-4.1	19.1	-4.0	-4.1	-4.1	115.2	95.9	4.0	2.4	101.0	105.5	149.0	149.1	148.5	161.8	87.0	13.1	5.8	0.0	151.1	133.2	19.5	66.3	2.5	62.1	0.0	32.6	.Autoclave.Outputs.PRESSIP\OutputValue	8.0	19.3	33.8	-1.0	0.0	-1.0	-1.0	-1.0	0.0	0.0	0.0	-1.0	-1.0	0.0	0.0	0.0	-1.0	0.0
17:14:12	14.1	99.2	119.6	101.7	104.5	103.0	100.1	-1.8	20.5	-1.9	-1.8	-1.8	119.6	99.2	4.4	3.0	104.7	109.4	153.6	153.6	152.9	166.0	87.1	14.1	6.8	0.0	155.9	137.7	21.0	66.4	2.8	63.2	0.0	32.9	.Autoclave.Outputs.PRESSIP\OutputValue	8.0	20.4	34.0	-1.0	0.0	-1.0	-1.0	-1.0	0.0	0.0	0.0	-1.0	-1.0	0.0	0.0	0.0	-1.0	0.0
17:15:12	15.1	102.0	124.0	105.1	107.9	106.2	103.3	-0.8	21.8	-0.9	-0.8	-0.8	124.0	102.0	4.4	3.0	108.1	113.0	158.6	158.6	158.0	170.0	87.4	15.1	7.8	0.0	160.6	142.2	22.5	63.3	3.0	65.0	0.0	26.6	.Autoclave.Outputs.PRESSIP\OutputValue	8.0	22.0	34.6	-1.0	0.0	-1.0	-1.0	-1.0	0.0	0.0	0.0	-1.0	-1.0	0.0	0.0	0.0	-1.0	0.0
17:16:12	16.1	105.5	128.1	110.2	111.5	109.7	106.6	-0.4	23.4	-0.5	-0.4	-0.4	128.1	105.5	4.6	3.3	111.9	116.8	163.5	163.5	162.9	175.6	87.7	16.1	8.8	0.0	165.4	146.7	24.0	64.7	3.2	63.8	0.0	29.4	.Autoclave.Outputs.PRESSIP\OutputValue	8.0	22.6	35.4	-1.0	0.0	-1.0	-1.0	-1.0	0.0	0.0	0.0	-1.0	-1.0	0.0	0.0	0.0	-1.0	0.0
17:17:12	17.1	108.7	132.3	114.7	115.4	112.8	110.2	-0.1	24.6	-0.3	-0.1	-0.1	132.3	108.7	4.7	2.9	115.7	120.5	167.9	167.9	167.2	180.0	87.9	17.1	9.8	0.0	170.1	151.2	25.5	65.7	3.5	67.3	0.0	31.4	.Autoclave.Outputs.PRESSIP\OutputValue	8.0	23.6	35.6	-1.0	0.0	-1.0	-1.0	-1.0	0.0	0.0	0.0	-1.0	-1.0	0.0	0.0	0.0	-1.0	0.0
17:18:12	18.1	112.3	137.0	119.9	119.3	116.0	112.8	0.0	26.2	-0.2	0.0	0.0	137.0	112.3	4.9	3.3	119.5	124.6	171.7	171.8	171.1	184.2	88.1	18.1	10.8	0.0	174.7	155.7	27.0	71.9	3.7	66.1	0.0	43.8	.Autoclave.Outputs.PRESSIP\OutputValue	8.0	24.7	34.7	-1.0	0.0	-1.0	-1.0	-1.0	0.0	0.0	0.0	-1.0	-1.0	0.0	0.0	0.0	-1.0	0.0
17:19:12	19.1	115.7	141.3	125.7	123.3	119.5	117.0	0.0	27.8	-0.1	0.0	0.0	141.3	115.7	6.0	3.3	123.7	128.5	176.9	176.9	176.4	187.5	88.4	19.1	11.8	0.0	179.1	160.2	28.5	67.2	3.9	64.5	0.0	34.4	.Autoclave.Outputs.PRESSIP\OutputValue	8.0	25.6	35.6	-1.0	0.0	-1.0	-1.0	-1.0	0.0	0.0	0.0	-1.0	-1.0	0.0	0.0	0.0	-1.0	0.0
17:20:12	20.1	119.7	146.1	130.9	127.3	123.6	120.3	0.0	29.6	-0.1	0.0	0.0	146.1	119.7	5.5	3.4	128.0	132.9	181.4	181.5	181.2	193.2	88.8	20.1	12.8	0.0	183.2	164.7	30.0	64.9	4.2	61.5	0.0	29.8	.Autoclave.Outputs.PRESSIP\OutputValue	8.0	26.4	35.3	-1.0	0.0	-1.0	-1.0	-1.0	0.0	0.0	0.0	-1.0	-1.0	0.0	0.0	0.0	-1.0	0.0
17:21:12	21.1	123.7	150.7	135.6	129.7	127.4	125.1	0.0	30.6	-0.1	0.0	0.0	150.7	123.7	5.0	2.3	132.0	137.2	185.3	185.3	184.8	196.6	88.9	21.1	13.8	0.0	187.7	169.2	31.5	68.4	4.4	67.0	0.0	36.8	.Autoclave.Outputs.PRESSIP\OutputValue	8.0	27.0	34.6	-1.0	0.0	-1.0	-1.0	-1.0	0.0	0.0	0.0	-1.0	-1.0	0.0	0.0	0.0	-1.0	0.0
17:22:12	22.1	127.8	155.6	140.3	135.8	131.4	128.8	0.1	32.2	-0.1	0.1	0.1	155.6	127.8	6.2	3.6	136.6	141.7	189.5	189.5	189.0	200.4	89.0	22.1	14.8	0.0	191.7	173.7	33.0	67.1	4.6	66.0	0.0	34.2	.Autoclave.Outputs.PRESSIP\OutputValue	8.0	27.8	33.9	-1.0	0.0	-1.0	-1.0	-1.0	0.0	0.0	0.0	-1.0	-1.0	0.0	0.0	0.0	-1.0	0.0
17:23:12	23.1	131.9	160.6	144.3	138.5	135.0	133.0	0.0	34.0	-0.1	0.0	0.0	160.6	131.9	5.0	3.2	140.5	146.3	194.0	194.2	193.5	204.6	89.4	23.1	15.8	0.0	195.9	178.2	34.5	65.4	4.8	63.3	0.0	30.9	.Autoclave.Outputs.PRESSIP\OutputValue	8.0	28.7	33.4	-1.0	0.0	-1.0	-1.0	-1.0	0.0	0.0	0.0	-1.0	-1.0	0.0	0.0	0.0	-1.0	0.0
17:24:12	24.1	136.0	165.5	149.1	142.4	139.3	138.0	0.0	35.1	-0.1	0.0	0.0	165.5	136.0	5.0	4.0	145.0	150.8	197.5	197.5	196.9	210.7	89.5	24.1	16.8	0.0	199.8	182.7	36.0	68.2	5.0	67.4	0.0	36.5	.Autoclave.Outputs.PRESSIP\OutputValue	8.0	29.5	32.0	-1.0	0.0	-1.0	-1.0	-1.0	0.0	0.0	0.0	-1.0	-1.0	0.0	0.0	0.0	-1.0	0.0
17:25:12	25.1	140.3	170.2	152.4	148.5	143.6	141.2	0.1	36.7	-0.1	0.1	0.1	170.2	140.3	5.6	3.9	149.4	155.3	201.9	201.9	201.4	212.7	89.7	25.1	17.8	0.0	204.1	187.2	37.5	68.9	5.2	66.0	0.0	37.9	.Autoclave.Outputs.PRESSIP\OutputValue	8.0	29.9	31.7	-1.0	0.0	-1.0	-1.0	-1.0	0.0	0.0	0.0	-1.0	-1.0	0.0	0.0	0.0	-1.0	0.0
17:26:12	26.1	145.4	175.1	156.6	151.4	147.7	146.4	0.1	38.3	-0.6	0.1	0.1	175.1	145.4	5.3	2.5	153.8	160.3	206.6	206.6	206.0	216.5	90.0	26.1	18.8	0.0	208.3	191.7	39.0	66.6	5.4	64.2	0.0	33.2	.Autoclave.Outputs.PRESSIP\OutputValue	8.0	29.7	31.5	-1.0	0.0	-1.0	-1.0	-1.0	0.0	0.0	0.0	-1.0	-1.0	0.0	0.0	0.0	-1.0	0.0
17:27:12	27.1	149.2	179.8	160.1	156.3	152.3	150.8	0.1	39.6	-0.1	0.1	0.1	179.8	149.2	5.1	4.0	158.1	164.5	210.3	210.2	209.7	222.2	90.2	27.1	19.8	0.0	212.4	196.2	40.5	66.9	5.7	67.4	0.0	33.7	.Autoclave.Outputs.PRESSIP\OutputValue	8.0	30.6	30.5	-1.0	0.0	-1.0	-1.0	-1.0	0.0	0.0	0.0	-1.0	-1.0	0.0	0.0	0.0	-1.0	0.0
17:28:12	28.1	153.9	184.3	163.8	160.0	156.6	155.2	0.1	41.2	-0.1	0.1	0.1	184.3	153.9	4.9	4.2	162.3	169.1	214.6	214.6	214.0	225.9	90.4	28.1	20.8	0.0	217.1	200.7	42.0	70.9	5.9	66.0	0.0	41.9	.Autoclave.Outputs.PRESSIP\OutputValue	8.0	30.4	30.3	-1.0	0.0	-1.0	-1.0	-1.0	0.0	0.0	0.0	-1.0	-1.0	0.0	0.0	0.0	-1.0	0.0
17:28:27	28.4	155.2	185.5	165.5	161.6	157.7	156.3	0.0	42.0	-0.1	0.0	0.0	185.5	155.2	4.7	2.9	163.6	170.4	215.9	216.0	215.4	227.1	90.4	28.3	21.0	0.0	217.6	201.7	42.3	67.5	5.9	62.1	0.0	35.1	.Autoclave.Outputs.PRESSIP\OutputValue	8.0	30.3	30.1	-1.0	0.0	-1.0	-1.0	-1.0	0.0	0.0	0.0	-1.0	-1.0	0.0	0.0	0.0	-1.0	0.0
17:29:12	29.1	158.5	188.9	169.5	164.9	161.0	159.8	0.1	43.0	-0.1	0.1	0.1	188.9	158.5	5.5	4.4	167.1	173.7	218.8	218.9	218.2	230.4	90.8	29.1	0.8	0.0	221.3	205.2	43.5	71.7	6.1	63.3	0.0	43.5	.Autoclave.Outputs.PRESSIP\OutputValue	8.0	30.4	29.9	-1.0	0.0	-1.0	-1.0	-1.0	0.0	0.0	0.0	-1.0	-1.0	0.0	0.0	0.0	-1.0	0.0
17:30:12	30.1	163.4	193.8	171.8	169.8	165.6	164.2	0.1	43.3	-0.1	0.1	0.1	193.8	163.4	5.0	4.2	171.4	178.6	223.2	223.2	222.4	234.6	90.7	30.1	1.8	0.0	225.6	209.7	44.0	69.8	6.3	65.0	0.0	39.6	.Autoclave.Outputs.PRESSIP\OutputValue	8.0	30.4	29.4	-1.0	0.0	-1.0	-1.0	-1.0	0.0	0.0	0.0	-1.0	-1.0	0.0	0.0	0.0	-1.0	0.0
17:31:12	31.1	167.8	198.6	176.6	175.1	170.4	168.8	0.0	43.6	-0.1	0.0	0.0	198.6	167.8	5.6	4.1	176.2	183.2	227.8	227.9	227.0	238.6	91.1	31.1	2.8	0.0	229.1	214.2	44.0	68.1	6.5	61.9	0.0	36.2	.Autoclave.Outputs.PRESSIP\OutputValue	8.0	30.8	29.2	-1.0	0.0	-1.0	-1.0	-1.0	0.0	0.0	0.0	-1.0	-1.0	0.0	0.0	0.0	-1.0	0.0
17:32:12	32.1	172.7	203.2	182.4	180.2	175.2	173.4	0.1	44.0	-0.1	0.1	0.1	203.2	172.7	5.2	4.4	181.2	188.0	231.8	231.9	231.2	244.2	91.2	32.1	3.8	0.0	234.2	218.7	44.0	69.8	6.8	58.6	0.0	39.6	.Autoclave.Outputs.PRESSIP\OutputValue	8.0	30.5	28.6	-1.0	0.0	-1.0	-1.0	-1.0	0.0	0.0	0.0	-1.0	-1.0	0.0	0.0	0.0	-1.0	0.0
17:33:12	33.1	177.4	207.7	187.0	185.4	179.8	178.1	0.1	44.3	-0.1	0.1	0.1	207.7	177.4	6.0	3.6	185.9	192.6	236.5	236.5	235.8	248.6	91.4	33.1	4.8	0.0	238.7	223.2	44.0	69.1	7.0	55.2	0.0	38.1	.Autoclave.Outputs.PRESSIP\OutputValue	7.8	30.3	28.8	-1.0	0.0	-1.0	-1.0	-1.0	0.0	0.0	0.0	-1.0	-1.0	0.0	0.0	0.0	-1.0	0.0
17:34:12	34.1	181.9	212.1	190.8	190.2	183.8	183.2	0.0	44.6	-0.1	0.0	0.0	212.1	181.9	5.6	4.1	190.3	197.0	241.2	241.3	240.4	252.0	91.5	34.1	5.8	0.0	243.3	227.7	44.0	67.9	7.2	51.1	0.0	35.9	.Autoclave.Outputs.PRESSIP\OutputValue	6.9	30.2	29.1	-1.0	0.0	-1.0	-1.0	-1.0	0.0	0.0	0.0	-1.0	-1.0	0.0	0.0	0.0	-1.0	0.0
17:35:12	35.1	186.8	217.1	196.8	195.5	189.1	187.6	0.1	44.9	-0.1	0.1	0.1	217.1	186.8	5.3	4.3	195.5	201.9	245.2	245.2	244.4	257.4	91.8	35.1	6.8	0.0	247.5	232.2	44.0	69.5	7.4	46.2	0.0	39.0	.Autoclave.Outputs.PRESSIP\OutputValue	5.4	30.3	28.2	-1.0	0.0	-1.0	-1.0	-1.0	0.0	0.0	0.0	-1.0	-1.0	0.0	0.0	0.0	-1.0	0.0
17:36:12	36.1	190.6	221.1	201.0	201.2	193.4	192.3	0.1	44.1	-0.1	0.1	0.1	221.1	190.6	4.7	2.4	199.9	205.8	250.3	250.4	249.6	261.9	91.8	36.1	7.8	0.0	252.3	236.7	44.0	65.6	7.6	55.0	0.0	31.2	.Autoclave.Outputs.PRESSIP\OutputValue	5.2	30.5	29.3	-1.0	0.0	-1.0	-1.0	-1.0	0.0	0.0	0.0	-1.0	-1.0	0.0	0.0	0.0	-1.0	0.0
17:37:12	37.1	195.0	225.9	204.2	205.8	198.3	197.1	0.1	44.3	-0.1	0.1	0.1	225.9	195.0	5.8	3.7	204.4	210.4	254.5	254.5	253.9	266.2	92.0	37.1	8.8	0.0	256.6	241.2	44.0	69.3	7.8	51.4	0.0	38.6	.Autoclave.Outputs.PRESSIP\OutputValue	4.8	30.9	28.7	-1.0	0.0	-1.0	-1.0	-1.0	0.0	0.0	0.0	-1.0	-1.0	0.0	0.0	0.0	-1.0	0.0
17:38:12	38.1	199.5	230.3	207.7	209.6	203.1	201.3	0.0	44.7	-0.1	0.0	0.0	230.3	199.5	5.4	4.3	208.6	214.9	258.9	258.9	258.3	271.4	92.3	38.1	9.8	0.0	260.8	245.7	44.0	69.3	8.1	46.8	0.0	38.6	.Autoclave.Outputs.PRESSIP\OutputValue	3.8	30.8	28.7	-1.0	0.0	-1.0	-1.0	-1.0	0.0	0.0	0.0	-1.0	-1.0	0.0	0.0	0.0	-1.0	0.0
17:39:12	39.1	204.3	234.9	213.1	215.5	207.1	206.0	0.0	44.9	-0.1	0.0	0.0	234.9	204.3	4.8	4.2	213.5	219.6	263.5	263.5	262.7	275.8	92.4	39.1	10.8	0.0	265.5	250.2	44.0	69.6	8.3	43.0	0.0	39.1	.Autoclave.Outputs.PRESSIP\OutputValue	2.1	30.6	28.7	-1.0	0.0	-1.0	-1.0	-1.0	0.0	0.0	0.0	-1.0	-1.0	-1.0	0.0	0.0	-1.0	0.0
17:40:12	40.1	208.5	239.5	217.7	218.6	211.8	210.5	0.1	44.4	-0.1	0.1	0.1	239.5	208.5	5.2	3.6	217.7	224.0	268.1	268.1	267.4	279.2	92.4	40.1	11.8	0.0	269.9	254.7	44.0	67.6	8.5	47.4	0.0	35.2	.Autoclave.Outputs.PRESSIP\OutputValue	1.5	31.0	28.7	-1.0	0.0	-1.0	-1.0	-1.0	0.0	0.0	0.0	-1.0	-1.0	0.0	0.0	0.0	-1.0	0.0
17:41:12	41.1	213.8	243.3	221.2	222.9	216.3	215.2	0.1	44.7	-0.1	0.1	0.1	243.3	213.8	5.7	4.1	222.1	228.5	272.6	272.6	271.8	284.2	92.6	41.1	12.8	0.0	274.8	259.2	44.0	70.4	8.7	43.0	0.0	40.8	.Autoclave.Outputs.PRESSIP\OutputValue	0.3	29.5	29.4	-1.0	0.0	-1.0	-1.0	-1.0	0.0	0.0	0.0	-1.0	-1.0	0.0	0.0	0.0	-1.0	0.0
17:42:12	42.1	217.2	248.1	226.2	227.7	220.6	219.4	0.1	43.8	-0.1	0.1	0.1	248.1	217.2	5.1	-2.0	226.5	232.6	276.4	276.4	275.7	289.7	92.6	42.1	13.8	0.0	279.4	263.7	44.0	76.7	8.9	51.0	0.0	53.4	.Autoclave.Outputs.PRESSIP\OutputValue	-0.9	30.9	28.4	-1.0	0.0	-1.0	-1.0	-1.0	0.0	0.0	0.0	-1.0	-1.0	0.0	0.0	0.0	-1.0	0.0
17:43:12	43.1	222.4	251.9	228.3	233.2	224.5	223.9	0.1	44.0	-0.1	0.1	0.1	251.9	222.4	10.4	3.8	230.7	237.1	280.4	280.4	279.8	291.9	92.9	43.1	14.8	0.0	284.5	268.2	44.0	72.6	0.1	49.3	0.0	45.1	.Autoclave.Outputs.PRESSIP\OutputValue	-0.7	29.5	28.6	-1.0	0.0	-1.0	-1.0	-1.0	0.0	0.0	0.0	-1.0	-1.0	0.0	0.0	0.0	-1.0	0.0
17:44:12	44.1	227.0	255.8	235.2	237.9	229.1	228.1	0.1	44.3	-0.1	0.1	0.1	255.8	227.0	5.0	0.8	235.5	241.4	284.4	284.4	283.7	296.6	93.0	44.1	15.8	0.0	291.6	272.7	44.0	95.7	0.0	46.3	0.0	91.5	.Autoclave.Outputs.PRESSIP\OutputValue	-1.1	28.8	28.7	-1.0	0.0	-1.0	-1.0	-1.0	0.0	0.0	0.0	-1.0	-1.0	0.0	0.0	0.0	-1.0	0.0
17:45:12	45.1	232.7	259.6	238.3	240.4	233.6	233.0	0.1	44.6	-0.1	0.1	0.1	259.6	232.7	10.6	4.5	239.6	246.1	291.3	291.4	290.6	301.9	93.2	45.1	16.8	0.0	292.9	277.2	44.0	74.5	0.0	41.5	0.0	48.9	.Autoclave.Outputs.PRESSIP\OutputValue	-2.3	26.9	31.8	-1.0	0.0	-1.0	-1.0	-1.0	0.0	0.0	0.0	-1.0	-1.0	0.0	0.0	0.0	-1.0	0.0
17:46:12	46.1	236.0	269.4	243.4	246.5	236.9	237.0	0.1	44.2	-0.1	0.1	0.1	269.4	236.0	5.4	2.8	244.9	252.7	292.5	292.5	291.9	308.6	93.2	46.1	17.8	0.0	294.6	281.7	44.0	62.1	0.0	44.9	0.0	24.2	.Autoclave.Outputs.PRESSIP\OutputValue	-3.4	33.4	23.1	-1.0	0.0	-1.0	-1.0	-1.0	0.0	0.0	0.0	-1.0	-1.0	0.0	0.0	0.0	-1.0	0.0
17:47:12	47.1	240.7	267.2	247.8	251.6	241.2	241.5	0.1	44.3	-0.1	0.1	0.1	267.2	240.7	6.0	-1.5	248.3	253.9	298.5	298.5	297.8	309.5	93.5	47.1	18.8	0.0	301.2	286.2	44.0	66.9	0.0	43.0	0.0	33.8	.Autoclave.Outputs.PRESSIP\OutputValue	-4.0	26.5	31.4	-1.0	0.0	-1.0	-1.0	-1.0	0.0	0.0	0.0	-1.0	-1.0	0.0	0.0	0.0	-1.0	0.0
17:48:12	48.1	245.6	273.0	253.6	256.1	245.6	246.1	0.1	44.8	-0.1	0.1	0.1	273.0	245.6	5.4	3.7	253.3	259.3	303.8	303.8	303.2	318.2	93.7	48.1	19.8	0.0	301.8	290.7	44.0	66.3	0.1	36.9	-1.0	32.6	.Autoclave.Outputs.PRESSIP\OutputValue	-5.2	27.4	30.9	-1.0	0.0	-1.0	-1.0	-1.0	0.0	0.0	0.0	-1.0	-1.0	0.0	0.0	0.0	-1.0	0.0
17:49:12	49.1	250.2	277.6	257.7	260.1	248.7	250.0	0.1	43.8	-0.1	0.1	0.1	277.6	248.7	4.3	1.9	257.4	263.2	305.5	305.6	305.0	322.0	93.5	49.1	20.8	0.0	313.6	295.2	44.0	100.0	0.0	46.3	0.0	100.0	.Autoclave.Outputs.PRESSIP\OutputValue	-6.0	28.9	27.9	-1.0	0.0	-1.0	-1.0	-1.0	0.0	0.0	0.0	-1.0	-1.0	0.0	0.0	0.0	-1.0	0.0
17:50:12	50.1	255.3	284.7	262.1	264.7	253.4	254.7	0.1	44.1	-0.1	0.1	0.1	284.7	253.4	5.1	1.7	262.5	269.1	312.0	312.1	311.2	325.3	93.8	50.1	21.8	0.0	318.6	299.7	44.0	75.5	0.1	43.1	0.0	51.0	.Autoclave.Outputs.PRESSIP\OutputValue	-5.9	31.3	27.2	-1.0	0.0	-1.0	-1.0	-1.0	0.0	0.0	0.0	-1.0	-1.0	0.0	0.0	0.0	-1.0	0.0
17:51:12	51.1	260.1	285.4	266.5	269.3	257.8	259.1	0.1	44.3	-0.1	0.1	0.1	285.4	257.8	6.6	4.5	266.4	271.6	316.4	316.3	315.5	328.1	94.0	51.1	22.8	0.0	322.9	304.2	44.0	76.3	0.1	41.4	0.0	52.7	.Autoclave.Outputs.PRESSIP\OutputValue	-6.0	27.6	30.9	-1.0	0.0	-1.0	-1.0	-1.0	0.0	0.0	0.0	-1.0	-1.0	0.0	0.0	0.0	-1.0	0.0
17:52:12	52.1	265.0	290.4	270.8	274.0	262.4	263.6	0.1	44.8	-0.1	0.1	0.1	290.4	262.4	4.6	4.2	271.0	276.4	321.7	321.8	320.9	336.3	94.2	52.1	23.8	0.0	330.2	308.7	44.0	68.6	0.0	36.3	0.0	37.2	.Autoclave.Outputs.PRESSIP\OutputValue	-6.0	28.0	31.2	-1.0	0.0	-1.0	-1.0	-1.0	0.0	0.0	0.0	-1.0	-1.0	0.0	0.0	0.0	-1.0	0.0
17:53:12	53.1	270.3	293.0	275.3	278.7	266.4	268.0	0.1	43.8	-0.1	0.1	0.1	293.0	266.4	5.6	3.4	275.3	279.7	325.9	326.0	325.3	341.2	94.2	53.1	24.8	0.0	332.7	313.2	44.0	90.6	0.0	46.2	0.0	81.3	.Autoclave.Outputs.PRESSIP\OutputValue	-5.8	26.6	32.8	-1.0	0.0	-1.0	-1.0	-1.0	0.0	0.0	0.0	-1.0	-1.0	0.0	0.0	0.0	-1.0	0.0
17:54:12	54.1	274.8	303.0	280.0	283.2	271.4	272.6	0.1	44.0	-0.1	0.1	0.1	303.0	271.4	5.7	2.5	280.8	287.2	331.4	331.4	330.6	344.2	94.4	54.1	25.8	0.0	338.0	317.7	44.0	65.2	0.1	43.6	0.0	30.4	.Autoclave.Outputs.PRESSIP\OutputValue	-5.8	31.6	28.3	-1.0	0.0	-1.0	-1.0	-1.0	0.0	0.0	0.0	-1.0	-1.0	0.0	0.0	0.0	-1.0	0.0
17:55:12	55.1	279.3	306.0	284.9	287.4	275.5	276.8	0.1	44.3	-0.1	0.1	0.1	306.0	275.5	6.9	3.8	285.0	290.8	335.3	335.3	334.7	347.3	94.5	55.1	26.8	0.0	338.5	322.2	44.0	68.0	0.1	41.4	0.0	35.9	.Autoclave.Outputs.PRESSIP\OutputValue	-6.0	30.5	29.2	-1.0	0.0	-1.0	-1.0	-1.0	0.0	0.0	0.0	-1.0	-1.0	0.0	0.0	0.0	-1.0	0.0
17:56:12	56.1	284.3	310.1	289.0	291.8	280.4	281.3	0.1	44.6	-0.1	0.1	0.1	310.1	280.4	5.1	4.4	289.5	295.3	339.6	339.6	338.9	353.3	94.6	56.1	27.8	0.0	343.2	326.7	44.0	73.2	0.5	37.6	0.0	46.4	.Autoclave.Outputs.PRESSIP\OutputValue	-6.0	29.7	29.4	-1.0	0.0	-1.0	-1.0	-1.0	0.0	0.0	0.0	-1.0	-1.0	0.0	0.0	0.0	-1.0	0.0
17:57:12	57.1	289.2	314.6	293.2	296.5	284.7	285.7	0.1	44.9	-0.1	0.1	0.1	314.6	284.7	4.8	3.9	294.0	299.7	343.6	343.8	343.1	358.1	94.7	57.1	28.8	0.0	347.7	331.2	44.0	76.9	0.9	34.6	0.0	53.8	.Autoclave.Outputs.PRESSIP\OutputValue	-6.0	29.9	28.9	-1.0	0.0	-1.0	-1.0	-1.0	0.0	0.0	0.0	-1.0	-1.0	0.0	0.0	0.0	-1.0	0.0
17:58:12	58.1	294.0	319.2	297.9	300.4	289.6	290.1	0.1	43.9	-0.1	0.1	0.1	319.2	289.6	4.8	4.2	298.5	304.4	348.5	348.5	348.0	362.2	94.8	58.1	29.8	0.0	352.1	335.7	44.0	72.4	1.3	45.7	0.0	44.8	.Autoclave.Outputs.PRESSIP\OutputValue	-5.6	29.6	29.2	-1.0	0.0	-1.0	-1.0	-1.0	0.0	0.0	0.0	-1.0	-1.0	0.0	0.0	0.0	-1.0	0.0
17:59:12	59.1	298.8	323.5	302.4	305.6	293.8	294.8	0.2	44.2	-0.1	0.2	0.2	323.5	293.8	5.2	4.4	303.2	308.7	353.0	353.0	352.4	367.2	94.9	59.1	30.8	0.0	356.8	340.2	44.0	75.5	1.7	42.6	0.0	50.9	.Autoclave.Outputs.PRESSIP\OutputValue	-5.7	29.7	29.4	-1.0	0.0	-1.0	-1.0	-1.0	0.0	0.0	0.0	-1.0	-1.0	0.0	0.0	0.0	-1.0	0.0
18:00:12	60.1	303.2	328.1	306.5	309.6	298.1	299.0	0.2	44.5	-0.1	0.2	0.2	328.1	298.1	4.7	3.6	307.4	313.1	357.4	357.4	356.6	371.2	95.1	60.1	31.8	0.0	360.9	344.7	44.0	73.7	2.1	39.1	0.0	47.3	.Autoclave.Outputs.PRESSIP\OutputValue	-6.0	30.0	29.2	-1.0	0.0	-1.0	-1.0	-1.0	0.0	0.0	0.0	-1.0	-1.0	0.0	0.0	0.0	-1.0	0.0
18:01:12	61.1	307.9	332.8	311.2	314.3	302.7	303.6	0.2	44.8	-0.1	0.2	0.2	332.8	302.7	5.4	4.5	312.1	317.8	361.8	361.9	361.2	376.2	95.1	61.1	32.8	0.0	365.6	349.2	44.0	76.9	2.5	36.5	0.0	53.9	.Autoclave.Outputs.PRESSIP\OutputValue	-6.0	30.1	28.9	-1.0	0.0	-1.0	-1.0	-1.0	0.0	0.0	0.0	-1.0	-1.0	0.0	0.0	0.0	-1.0	0.0
18:02:12	62.1	312.9	337.1	315.6	318.8	307.0	307.9	0.2	43.6	-0.1	0.2	0.2	337.1	307.0	4.8	4.3	316.6	322.1	365.8	365.8	365.2	378.3	95.1	62.1	33.8	0.0	370.2	353.7	44.0	79.7	2.8	48.0	0.0	59.3	.Autoclave.Outputs.PRESSIP\OutputValue	-5.9	30.1	28.6	-1.0	0.0	-1.0	-1.0	-1.0	0.0	0.0	0.0	-1.0	-1.0	0.0	0.0	0.0	-1.0	0.0
18:03:12	63.1	316.7	340.8	319.8	322.4	311.3	311.9	0.2	43.6	-0.1	0.2	0.2	340.8	311.3	4.7	3.4	320.5	326.0	368.0	368.0	367.5	375.6	95.2	63.1	34.8	0.0	369.2	355.0	44.0	59.5	3.0	48.1	0.0	19.0	.Autoclave.Outputs.PRESSIP\OutputValue	-5.5	29.4	27.2	-1.0	0.0	-1.0	-1.0	-1.0	0.0	0.0	0.0	-1.0	-1.0	0.0	0.0	0.0	-1.0	0.0
18:04:12	64.1	319.6	342.5	322.5	325.1	314.1	315.1	0.2	43.7	-0.1	0.2	0.2	342.5	314.1	3.3	1.9	323.2	328.3	366.4	366.4	365.8	374.6	95.3	64.1	35.8	0.0	367.4	355.0	44.0	58.9	3.2	48.5	0.0	17.9	.Autoclave.Outputs.PRESSIP\OutputValue	-4.8	28.3	23.9	-1.0	0.0	-1.0	-1.0	-1.0	0.0	0.0	0.0	-1.0	-1.0	0.0	0.0	0.0	-1.0	0.0
18:05:12	65.1	321.6	344.0	324.6	327.4	316.6	318.3	0.2	43.7	-0.1	0.2	0.2	344.0	316.6	3.2	1.3	325.4	330.3	364.7	364.7	364.2	373.4	95.4	65.1	36.8	0.0	366.1	355.0	44.0	60.4	3.3	49.3	0.0	20.8	.Autoclave.Outputs.PRESSIP\OutputValue	-4.1	27.3	20.7	-1.0	0.0	-1.0	-1.0	-1.0	0.0	0.0	0.0	-1.0	-1.0	0.0	0.0	0.0	-1.0	0.0
18:06:12	66.1	324.1	345.3	326.6	329.6	319.2	321.2	0.2	43.6	-0.1	0.2	0.2	345.3	319.2	2.9	1.1	327.7	332.2	363.8	363.9	363.3	371.8	95.5	66.1	37.8	0.0	364.9	355.0	44.0	58.5	3.4	50.3	0.0	16.9	.Autoclave.Outputs.PRESSIP\OutputValue	-3.3	26.0	18.5	-1.0	0.0	-1.0	-1.0	-1.0	0.0	0.0	0.0	-1.0	-1.0	0.0	0.0	0.0	-1.0	0.0
18:07:12	67.1	326.3	346.4	329.2	331.8	321.6	323.7	0.2	43.5	-0.1	0.2	0.2	346.4	321.6	2.8	1.5	329.8	334.0	362.7	362.7	362.2	369.0	95.5	67.1	38.8	0.0	363.6	355.0	44.0	57.2	3.4	52.0	0.0	14.4	.Autoclave.Outputs.PRESSIP\OutputValue	-2.5	24.7	16.3	-1.0	0.0	-1.0	-1.0	-1.0	0.0	0.0	0.0	-1.0	-1.0	0.0	0.0	0.0	-1.0	0.0
18:08:12	68.1	328.0	347.5	331.3	333.2	323.8	326.1	0.2	43.5	-0.1	0.2	0.2	347.5	323.8	2.7	1.0	331.6	335.6	362.0	362.0	361.4	367.7	95.7	68.1	39.8	0.0	362.5	355.0	44.0	55.3	3.5	52.9	0.0	10.5	.Autoclave.Outputs.PRESSIP\OutputValue	-1.6	23.6	14.5	-1.0	0.0	-1.0	-1.0	-1.0	0.0	0.0	0.0	-1.0	-1.0	0.0	0.0	0.0	-1.0	0.0
18:09:12	69.1	329.7	348.3	333.4	334.8	325.8	328.1	0.2	43.5	-0.1	0.2	0.2	348.3	325.8	2.1	0.8	333.3	337.0	361.4	361.3	360.7	367.4	95.7	69.1	40.8	0.0	361.7	355.0	44.0	54.7	3.6	54.0	0.0	9.3	.Autoclave.Outputs.PRESSIP\OutputValue	-0.7	22.4	13.1	-1.0	0.0	-1.0	-1.0	-1.0	0.0	0.0	0.0	-1.0	-1.0	0.0	0.0	0.0	-1.0	0.0
18:10:12	70.1	331.4	349.0	334.7	336.6	327.8	330.2	0.2	43.5	-0.1	0.2	0.2	349.0	327.8	2.4	0.7	334.9	338.4	360.5	360.4	359.9	366.9	95.8	70.1	41.8	0.0	361.0	355.0	44.0	55.4	3.6	55.0	0.0	10.8	.Autoclave.Outputs.PRESSIP\OutputValue	0.3	21.1	11.5	-1.0	0.0	-1.0	-1.0	-1.0	0.0	0.0	0.0	-1.0	-1.0	0.0	0.0	0.0	-1.0	0.0
18:11:12	71.1	333.1	349.7	336.4	337.9	329.8	332.0	0.2	43.5	-0.1	0.2	0.2	349.7	329.8	2.1	0.7	336.5	339.7	359.8	359.8	359.2	365.1	95.8	71.1	42.8	0.0	360.4	355.0	44.0	55.5	3.7	56.7	0.0	10.9	.Autoclave.Outputs.PRESSIP\OutputValue	1.2	19.8	10.1	-1.0	0.0	-1.0	-1.0	-1.0	0.0	0.0	0.0	-1.0	-1.0	0.0	0.0	0.0	-1.0	0.0
18:12:12	72.1	334.6	350.3	337.7	339.3	331.5	333.8	0.2	43.5	-0.1	0.2	0.2	350.3	331.5	1.9	0.6	337.9	340.9	359.2	359.2	358.6	365.6	96.0	72.1	43.8	0.0	359.7	355.0	44.0	55.5	3.8	57.1	0.0	11.0	.Autoclave.Outputs.PRESSIP\OutputValue	2.2	18.7	8.9	-1.0	0.0	-1.0	-1.0	-1.0	0.0	0.0	0.0	-1.0	-1.0	0.0	0.0	0.0	-1.0	0.0
18:13:12	73.1	335.8	350.7	339.4	340.4	333.1	335.2	0.2	43.5	-0.1	0.2	0.2	350.7	333.1	1.7	0.5	339.1	341.9	359.0	358.9	358.5	365.1	96.1	73.1	44.8	0.0	359.3	355.0	44.0	54.2	3.8	57.9	0.0	8.5	.Autoclave.Outputs.PRESSIP\OutputValue	3.2	17.5	8.3	-1.0	0.0	-1.0	-1.0	-1.0	0.0	0.0	0.0	-1.0	-1.0	0.0	0.0	0.0	-1.0	0.0
18:14:12	74.1	337.0	351.2	340.5	341.6	334.2	336.6	0.2	43.5	-0.1	0.2	0.2	351.2	334.2	1.4	0.4	340.2	342.7	358.3	358.3	357.6	364.8	96.2	74.1	45.8	0.0	358.9	355.0	44.0	57.6	3.9	58.9	0.0	15.2	.Autoclave.Outputs.PRESSIP\OutputValue	4.2	16.9	7.1	-1.0	0.0	-1.0	-1.0	-1.0	0.0	0.0	0.0	-1.0	-1.0	0.0	0.0	0.0	-1.0	0.0
18:15:12	75.1	338.2	351.6	340.4	342.7	335.6	338.0	0.2	43.5	-0.1	0.2	0.2	351.6	335.6	1.4	0.4	341.1	343.6	358.0	358.0	357.4	363.7	96.1	75.1	46.8	0.0	358.4	355.0	44.0	56.3	3.9	60.3	0.0	12.6	.Autoclave.Outputs.PRESSIP\OutputValue	5.2	15.9	6.4	-1.0	0.0	-1.0	-1.0	-1.0	0.0	0.0	0.0	-1.0	-1.0	0.0	0.0	0.0	-1.0	0.0
18:16:12	76.1	339.3	351.9	342.4	343.4	336.8	339.1	0.2	43.5	-0.1	0.2	0.2	351.9	336.8	1.5	0.6	342.1	344.3	357.5	357.5	357.0	364.0	96.2	76.1	47.8	0.0	358.0	355.0	44.0	56.4	4.0	61.3	0.0	12.7	.Autoclave.Outputs.PRESSIP\OutputValue	6.2	15.0	5.6	-1.0	0.0	-1.0	-1.0	-1.0	0.0	0.0	0.0	-1.0	-1.0	0.0	0.0	0.0	-1.0	0.0
18:17:12	77.1	340.5	352.1	343.3	344.4	338.0	340.3	0.2	43.5	-0.1	0.2	0.2	352.1	338.0	1.1	0.3	343.1	345.0	357.3	357.3	356.8	363.4	96.3	77.1	48.8	0.0	357.8	355.0	44.0	56.4	4.0	62.1	0.0	12.8	.Autoclave.Outputs.PRESSIP\OutputValue	7.2	14.0	5.2	-1.0	0.0	-1.0	-1.0	-1.0	0.0	0.0	0.0	-1.0	-1.0	0.0	0.0	0.0	-1.0	0.0
18:18:12	78.1	341.3	352.6	343.5	344.9	339.1	341.3	0.2	43.5	-0.1	0.2	0.2	352.6	339.1	1.3	0.1	343.8	345.8	357.1	357.1	356.6	362.7	96.4	78.1	49.8	0.0	357.6	355.0	44.0	55.1	4.0	63.3	0.0	10.2	.Autoclave.Outputs.PRESSIP\OutputValue	8.0	13.4	4.5	-1.0	0.0	-1.0	-1.0	-1.0	0.0	0.0	0.0	-1.0	-1.0	0.0	0.0	0.0	-1.0	0.0
18:19:12	79.1	342.3	352.6	344.8	345.8	340.1	342.1	0.2	43.5	-0.1	0.2	0.2	352.6	340.1	1.2	0.3	344.6	346.3	357.0	357.1	356.3	362.7	96.4	79.1	50.8	0.0	357.3	355.0	44.0	54.5	4.1	63.3	0.0	9.0	.Autoclave.Outputs.PRESSIP\OutputValue	8.0	12.4	4.4	-1.0	0.0	-1.0	-1.0	-1.0	0.0	0.0	0.0	-1.0	-1.0	0.0	0.0	0.0	-1.0	0.0
18:20:12	80.1	343.0	352.9	345.4	346.3	340.9	343.2	0.3	43.5	-0.1	0.3	0.3	352.9	340.9	0.9	0.1	345.3	346.9	356.6	356.7	356.0	362.7	96.5	80.1	51.8	0.0	357.0	355.0	44.0	55.9	4.1	62.9	0.0	11.7	.Autoclave.Outputs.PRESSIP\OutputValue	8.0	11.9	3.7	-1.0	0.0	-1.0	-1.0	-1.0	0.0	0.0	0.0	-1.0	-1.0	0.0	0.0	0.0	-1.0	0.0
18:21:13	81.1	343.8	353.2	345.4	347.1	341.8	343.9	0.2	43.5	-0.1	0.2	0.2	353.2	341.8	0.9	0.4	345.9	347.5	356.5	356.6	355.9	362.3	96.5	81.1	52.8	0.0	356.9	355.0	44.0	55.2	4.1	62.7	0.0	10.5	.Autoclave.Outputs.PRESSIP\OutputValue	8.0	11.3	3.3	-1.0	0.0	-1.0	-1.0	-1.0	0.0	0.0	0.0	-1.0	-1.0	0.0	0.0	0.0	-1.0	0.0
18:22:12	82.1	344.4	353.2	346.7	347.5	342.5	344.7	0.2	43.5	-0.1	0.2	0.2	353.2	342.5	0.8	0.1	346.5	347.8	356.4	356.4	355.6	362.2	96.6	82.1	53.8	0.0	356.8	355.0	44.0	55.9	4.2	62.7	0.0	11.9	.Autoclave.Outputs.PRESSIP\OutputValue	8.0	10.6	3.2	-1.0	0.0	-1.0	-1.0	-1.0	0.0	0.0	0.0	-1.0	-1.0	0.0	0.0	0.0	-1.0	0.0
18:23:12	83.1	345.0	353.5	346.7	348.0	343.2	345.2	0.2	43.5	-0.1	0.2	0.2	353.5	343.2	0.7	0.1	346.9	348.3	356.4	356.4	355.6	362.4	96.7	83.1	54.8	0.0	356.6	355.0	44.0	54.6	4.2	62.7	0.0	9.3	.Autoclave.Outputs.PRESSIP\OutputValue	8.0	10.2	2.9	-1.0	0.0	-1.0	-1.0	-1.0	0.0	0.0	0.0	-1.0	-1.0	0.0	0.0	0.0	-1.0	0.0
18:24:12	84.1	345.7	353.5	347.6	348.3	343.9	345.9	0.3	43.5	-0.1	0.3	0.3	353.5	343.9	0.9	0.2	347.5	348.7	356.3	356.1	355.4	361.9	96.7	84.1	55.8	0.0	356.4	355.0	44.0	53.3	4.3	62.7	0.0	6.7	.Autoclave.Outputs.PRESSIP\OutputValue	8.0	9.5	2.8	-1.0	0.0	-1.0	-1.0	-1.0	0.0	0.0	0.0	-1.0	-1.0	0.0	0.0	0.0	-1.0	0.0
18:25:12	85.1	346.3	353.6	347.7	348.8	344.6	346.5	0.3	43.5	-0.7	0.3	0.3	353.6	344.6	0.7	-0.1	347.9	349.1	356.2	356.2	355.4	361.9	97.0	85.1	56.8	0.0	356.4	355.0	44.0	53.4	4.3	62.5	0.0	6.7	.Autoclave.Outputs.PRESSIP\OutputValue	8.0	8.9	2.6	-1.0	0.0	-1.0	-1.0	-1.0	0.0	0.0	0.0	-1.0	-1.0	0.0	0.0	0.0	-1.0	0.0
18:26:07	86.0	346.8	353.7	348.5	348.9	345.2	347.1	0.3	43.5	-0.1	0.3	0.3	353.7	345.2	0.6	0.3	348.4	349.4	356.0	356.1	355.3	361.8	96.9	86.0	57.7	0.0	356.2	355.0	44.0	54.1	4.3	62.3	0.0	8.1	.Autoclave.Outputs.PRESSIP\OutputValue	8.0	8.4	2.2	-1.0	0.0	-1.0	-1.0	-1.0	0.0	0.0	0.0	-1.0	-1.0	0.0	0.0	0.0	-1.0	0.0
18:26:12	86.1	346.8	353.8	348.4	349.1	345.2	347.1	0.3	43.5	-0.1	0.3	0.3	353.8	345.2	0.6	0.3	348.4	349.5	356.1	356.0	355.3	361.7	97.0	86.1	0.1	89.9	356.3	355.0	44.0	53.4	4.3	62.7	0.0	6.8	.Autoclave.Outputs.PRESSIP\OutputValue	8.0	8.5	2.3	-1.0	0.0	-1.0	-1.0	-1.0	0.0	0.0	0.0	-1.0	-1.0	0.0	0.0	0.0	-1.0	0.0
18:27:12	87.1	347.4	353.8	348.8	349.3	345.6	347.4	0.3	43.5	-0.1	0.3	0.3	353.8	345.6	0.9	0.1	348.7	349.7	355.8	355.8	355.0	361.6	97.1	87.1	1.1	88.9	356.1	355.0	44.0	54.8	4.3	62.7	0.0	9.5	.Autoclave.Outputs.PRESSIP\OutputValue	8.0	8.1	2.0	-1.0	0.0	-1.0	-1.0	-1.0	0.0	0.0	0.0	-1.0	-1.0	0.0	0.0	0.0	-1.0	0.0
18:28:12	88.1	347.9	354.0	349.5	349.7	346.2	347.9	0.3	43.5	-0.1	0.3	0.3	354.0	346.2	0.5	-0.4	349.2	350.1	355.8	355.8	354.9	361.2	97.1	88.1	2.1	87.9	356.0	355.0	44.0	54.1	4.4	62.5	0.0	8.2	.Autoclave.Outputs.PRESSIP\OutputValue	8.0	7.7	1.8	-1.0	0.0	-1.0	-1.0	-1.0	0.0	0.0	0.0	-1.0	-1.0	0.0	0.0	0.0	-1.0	0.0
18:29:12	89.1	348.3	354.1	349.8	349.8	346.6	348.2	0.3	43.6	-0.1	0.3	0.3	354.1	346.6	0.8	0.0	349.5	350.3	355.7	355.7	354.9	361.4	97.1	89.1	3.1	86.9	355.9	355.0	44.0	54.2	4.4	62.3	0.0	8.3	.Autoclave.Outputs.PRESSIP\OutputValue	8.0	7.4	1.6	-1.0	0.0	-1.0	-1.0	-1.0	0.0	0.0	0.0	-1.0	-1.0	0.0	0.0	0.0	-1.0	0.0
18:30:12	90.1	348.7	354.2	350.2	350.1	347.0	348.7	0.3	43.5	-0.1	0.3	0.3	354.2	347.0	0.6	0.0	349.8	350.6	355.6	355.8	354.9	361.0	97.2	90.1	4.1	85.9	355.8	355.0	44.0	54.2	4.4	62.5	0.0	8.4	.Autoclave.Outputs.PRESSIP\OutputValue	8.0	7.1	1.4	-1.0	0.0	-1.0	-1.0	-1.0	0.0	0.0	0.0	-1.0	-1.0	0.0	0.0	0.0	-1.0	0.0
18:31:12	91.1	349.2	354.2	351.0	350.6	347.5	349.1	0.3	43.6	-0.1	0.3	0.3	354.2	347.5	0.5	0.0	350.3	350.8	355.6	355.6	354.8	361.3	97.2	91.1	5.1	84.9	355.8	355.0	44.0	54.2	4.5	62.1	0.0	8.4	.Autoclave.Outputs.PRESSIP\OutputValue	8.0	6.6	1.4	-1.0	0.0	-1.0	-1.0	-1.0	0.0	0.0	0.0	-1.0	-1.0	0.0	0.0	0.0	-1.0	0.0
18:32:12	92.1	349.4	354.2	350.3	350.7	348.0	349.5	0.3	43.6	-0.1	0.3	0.3	354.2	348.0	0.5	-0.1	350.3	351.1	355.6	355.6	354.7	361.4	97.1	92.1	6.1	83.9	355.9	355.0	44.0	55.6	4.5	62.3	0.0	11.1	.Autoclave.Outputs.PRESSIP\OutputValue	8.0	6.1	1.4	-1.0	0.0	-1.0	-1.0	-1.0	0.0	0.0	0.0	-1.0	-1.0	0.0	0.0	0.0	-1.0	0.0
18:33:12	93.1	349.7	354.2	351.3	351.0	348.3	349.7	0.3	43.6	-0.1	0.3	0.3	354.2	348.3	0.7	0.1	350.7	351.2	355.5	355.5	354.7	361.0	97.3	93.1	7.1	82.9	355.7	355.0	44.0	54.3	4.5	62.1	0.0	8.5	.Autoclave.Outputs.PRESSIP\OutputValue	8.0	5.8	1.3	-1.0	0.0	-1.0	-1.0	-1.0	0.0	0.0	0.0	-1.0	-1.0	0.0	0.0	0.0	-1.0	0.0
18:34:12	94.1	350.1	354.4	351.4	351.2	348.7	350.0	0.3	43.6	-0.1	0.3	0.3	354.4	348.7	0.3	-0.1	351.0	351.5	355.4	355.4	354.7	361.0	97.4	94.1	8.1	81.9	355.6	355.0	44.0	55.0	4.5	62.1	0.0	9.9	.Autoclave.Outputs.PRESSIP\OutputValue	8.0	5.6	1.0	-1.0	0.0	-1.0	-1.0	-1.0	0.0	0.0	0.0	-1.0	-1.0	0.0	0.0	0.0	-1.0	0.0
18:35:12	95.1	350.4	354.3	351.3	351.3	348.9	350.2	0.3	43.6	-0.1	0.3	0.3	354.3	348.9	0.3	-0.1	351.1	351.6	355.3	355.3	354.5	361.0	97.4	95.1	9.1	80.9	355.7	355.0	44.0	55.6	4.6	61.9	0.0	11.3	.Autoclave.Outputs.PRESSIP\OutputValue	8.0	5.3	1.0	-1.0	0.0	-1.0	-1.0	-1.0	0.0	0.0	0.0	-1.0	-1.0	0.0	0.0	0.0	-1.0	0.0
18:36:12	96.1	350.6	354.4	351.7	351.4	349.3	350.5	0.3	43.6	-0.1	0.3	0.3	354.4	349.3	0.4	0.0	351.3	351.8	355.2	355.2	354.6	360.8	97.4	96.1	10.1	79.9	355.5	355.0	44.0	55.0	4.6	62.1	0.0	10.0	.Autoclave.Outputs.PRESSIP\OutputValue	8.0	5.0	0.8	-1.0	0.0	-1.0	-1.0	-1.0	0.0	0.0	0.0	-1.0	-1.0	0.0	0.0	0.0	-1.0	0.0
18:37:12	97.1	351.0	354.7	352.2	351.5	349.6	350.7	0.3	43.6	-0.1	0.3	0.3	354.7	349.6	0.4	0.0	351.6	352.1	355.4	355.5	354.8	361.0	97.5	97.1	11.1	78.9	355.5	355.0	44.0	53.7	4.6	61.6	0.0	7.4	.Autoclave.Outputs.PRESSIP\OutputValue	8.0	5.0	0.7	-1.0	0.0	-1.0	-1.0	-1.0	0.0	0.0	0.0	-1.0	-1.0	0.0	0.0	0.0	-1.0	0.0
18:38:12	98.1	351.1	354.5	352.1	351.9	350.0	351.2	0.3	43.6	-0.1	0.3	0.3	354.5	350.0	0.7	0.1	351.8	352.2	355.4	355.4	354.5	360.8	97.5	98.1	12.1	77.9	355.4	355.0	44.0	53.7	4.6	61.9	0.0	7.4	.Autoclave.Outputs.PRESSIP\OutputValue	8.0	4.4	0.9	-1.0	0.0	-1.0	-1.0	-1.0	0.0	0.0	0.0	-1.0	-1.0	0.0	0.0	0.0	-1.0	0.0
18:39:12	99.1	351.4	354.6	352.3	352.2	350.2	351.4	0.3	43.6	-0.1	0.3	0.3	354.6	350.2	0.4	0.2	352.0	352.4	355.3	355.2	354.5	360.4	97.5	99.1	13.1	76.9	355.4	355.0	44.0	53.7	4.7	61.8	0.0	7.5	.Autoclave.Outputs.PRESSIP\OutputValue	8.0	4.3	0.7	-1.0	0.0	-1.0	-1.0	-1.0	0.0	0.0	0.0	-1.0	-1.0	0.0	0.0	0.0	-1.0	0.0
18:40:12	100.1	351.6	354.6	352.4	352.0	350.4	351.5	0.3	43.6	-0.1	0.3	0.3	354.6	350.4	0.2	-0.2	352.1	352.5	355.3	355.2	354.5	360.9	97.7	100.1	14.1	75.9	355.4	355.0	44.0	53.1	4.7	61.6	0.0	6.2	.Autoclave.Outputs.PRESSIP\OutputValue	8.0	4.1	0.7	-1.0	0.0	-1.0	-1.0	-1.0	0.0	0.0	0.0	-1.0	-1.0	0.0	0.0	0.0	-1.0	0.0
18:41:12	101.1	351.8	354.6	352.9	352.1	350.6	351.6	0.3	43.7	-0.1	0.3	0.3	354.6	350.6	0.2	-0.1	352.3	352.6	355.2	355.2	354.5	361.0	97.7	101.1	15.1	74.9	355.5	355.0	44.0	55.1	4.7	61.4	0.0	10.2	.Autoclave.Outputs.PRESSIP\OutputValue	8.0	3.9	0.6	-1.0	0.0	-1.0	-1.0	-1.0	0.0	0.0	0.0	-1.0	-1.0	0.0	0.0	0.0	-1.0	0.0
18:42:12	102.1	352.0	354.8	352.7	352.3	350.9	351.9	0.3	43.6	-0.1	0.3	0.3	354.8	350.9	0.4	0.0	352.4	352.8	355.2	355.1	354.5	360.8	97.7	102.1	16.1	73.9	355.5	355.0	44.0	54.5	4.7	61.4	0.0	8.9	.Autoclave.Outputs.PRESSIP\OutputValue	8.0	3.8	0.4	-1.0	0.0	-1.0	-1.0	-1.0	0.0	0.0	0.0	-1.0	-1.0	0.0	0.0	0.0	-1.0	0.0
18:43:12	103.1	352.1	354.6	352.9	352.4	351.1	351.9	0.3	43.7	-0.1	0.3	0.3	354.6	351.1	0.4	0.0	352.5	352.8	355.2	355.2	354.5	360.8	97.8	103.1	17.1	72.9	355.2	355.0	44.0	53.8	4.7	61.6	0.0	7.6	.Autoclave.Outputs.PRESSIP\OutputValue	8.0	3.4	0.6	-1.0	0.0	-1.0	-1.0	-1.0	0.0	0.0	0.0	-1.0	-1.0	0.0	0.0	0.0	-1.0	0.0
18:44:12	104.1	352.2	354.7	352.5	352.7	351.3	351.1	0.3	43.7	-0.1	0.3	0.3	354.7	351.1	0.3	-0.4	352.4	352.9	355.2	355.2	354.3	360.7	97.8	104.1	18.1	71.9	355.5	355.0	44.0	55.2	4.8	61.4	0.0	10.3	.Autoclave.Outputs.PRESSIP\OutputValue	8.0	3.5	0.5	-1.0	0.0	-1.0	-1.0	-1.0	0.0	0.0	0.0	-1.0	-1.0	0.0	0.0	0.0	-1.0	0.0
18:45:12	105.1	352.3	354.9	353.1	352.8	351.3	351.2	0.3	43.7	-0.1	0.3	0.3	354.9	351.2	0.2	-0.7	352.6	353.0	355.2	355.2	354.5	360.7	97.8	105.1	19.1	70.9	355.4	355.0	44.0	53.8	4.8	61.4	0.0	7.7	.Autoclave.Outputs.PRESSIP\OutputValue	8.0	3.6	0.3	-1.0	0.0	-1.0	-1.0	-1.0	0.0	0.0	0.0	-1.0	-1.0	0.0	0.0	0.0	-1.0	0.0
18:46:12	106.1	352.5	354.7	353.1	352.8	351.6	352.1	0.3	43.7	-0.1	0.3	0.3	354.7	351.6	0.9	0.0	352.8	353.1	355.2	355.2	354.5	360.3	97.8	106.1	20.1	69.9	355.3	355.0	44.0	53.9	4.8	61.4	0.0	7.7	.Autoclave.Outputs.PRESSIP\OutputValue	8.0	3.0	0.5	-1.0	0.0	-1.0	-1.0	-1.0	0.0	0.0	0.0	-1.0	-1.0	0.0	0.0	0.0	-1.0	0.0
18:47:12	107.1	352.7	354.8	353.1	352.7	351.7	352.3	0.3	43.7	-0.1	0.3	0.3	354.8	351.7	0.2	0.0	352.9	353.2	355.1	355.1	354.4	360.5	97.9	107.1	21.1	68.9	355.3	355.0	44.0	54.5	4.8	61.2	0.0	9.1	.Autoclave.Outputs.PRESSIP\OutputValue	8.0	3.1	0.3	-1.0	0.0	-1.0	-1.0	-1.0	0.0	0.0	0.0	-1.0	-1.0	0.0	0.0	0.0	-1.0	0.0
18:48:12	108.1	352.7	354.7	353.6	353.0	351.9	352.0	0.3	43.7	-0.1	0.3	0.3	354.7	351.9	0.2	-0.1	353.0	353.3	355.3	355.3	354.5	360.7	98.1	108.1	22.1	67.9	355.3	355.0	44.0	53.9	4.8	61.4	0.0	7.8	.Autoclave.Outputs.PRESSIP\OutputValue	8.0	2.8	0.6	-1.0	0.0	-1.0	-1.0	-1.0	0.0	0.0	0.0	-1.0	-1.0	0.0	0.0	0.0	-1.0	0.0
18:49:12	109.1	352.8	354.7	353.3	352.7	352.0	352.5	0.3	43.7	-0.1	0.3	0.3	354.7	352.0	0.4	-0.3	353.0	353.3	355.2	355.2	354.3	360.7	98.0	109.1	23.1	66.9	355.3	355.0	44.0	53.9	4.8	61.2	0.0	7.8	.Autoclave.Outputs.PRESSIP\OutputValue	8.0	2.7	0.5	-1.0	0.0	-1.0	-1.0	-1.0	0.0	0.0	0.0	-1.0	-1.0	0.0	0.0	0.0	-1.0	0.0
18:50:12	110.1	353.0	354.7	354.2	352.9	352.1	352.8	0.3	43.7	-0.1	0.3	0.3	354.7	352.1	0.3	-0.2	353.3	353.4	355.2	355.2	354.4	360.8	98.0	110.1	24.1	65.9	355.5	355.0	44.0	53.3	4.9	61.2	0.0	6.5	.Autoclave.Outputs.PRESSIP\OutputValue	8.0	2.6	0.5	-1.0	0.0	-1.0	-1.0	-1.0	0.0	0.0	0.0	-1.0	-1.0	0.0	0.0	0.0	-1.0	0.0
18:51:12	111.1	353.0	354.8	353.3	353.1	352.3	352.9	0.3	43.7	-0.1	0.3	0.3	354.8	352.3	0.1	-0.2	353.2	353.5	355.2	355.1	354.4	360.9	98.1	111.1	25.1	64.9	355.3	355.0	44.0	53.9	4.9	61.0	0.0	7.9	.Autoclave.Outputs.PRESSIP\OutputValue	8.0	2.5	0.4	-1.0	0.0	-1.0	-1.0	-1.0	0.0	0.0	0.0	-1.0	-1.0	0.0	0.0	0.0	-1.0	0.0
18:52:12	112.1	353.2	354.8	353.6	353.1	352.4	352.8	0.3	43.7	-0.1	0.3	0.3	354.8	352.4	0.4	-0.1	353.3	353.6	355.2	355.3	354.4	360.6	98.0	112.1	26.1	63.9	355.2	355.0	44.0	53.3	4.9	60.8	0.0	6.6	.Autoclave.Outputs.PRESSIP\OutputValue	8.0	2.4	0.4	-1.0	0.0	-1.0	-1.0	-1.0	0.0	0.0	0.0	-1.0	-1.0	0.0	0.0	0.0	-1.0	0.0
18:53:12	113.1	353.2	354.8	354.0	353.3	352.5	352.6	0.3	43.7	-0.1	0.3	0.3	354.8	352.5	0.2	0.0	353.4	353.6	355.2	355.2	354.3	360.4	98.1	113.1	27.1	62.9	355.3	355.0	44.0	54.6	4.9	60.8	0.0	9.3	.Autoclave.Outputs.PRESSIP\OutputValue	8.0	2.3	0.4	-1.0	0.0	-1.0	-1.0	-1.0	0.0	0.0	0.0	-1.0	-1.0	0.0	0.0	0.0	-1.0	0.0
18:54:12	114.1	353.3	354.7	353.8	353.3	352.6	352.7	0.3	43.7	-0.1	0.3	0.3	354.7	352.6	0.2	-0.3	353.4	353.6	355.2	355.2	354.4	360.2	98.2	114.1	28.1	61.9	355.3	355.0	44.0	54.6	4.9	60.8	0.0	9.3	.Autoclave.Outputs.PRESSIP\OutputValue	8.0	2.1	0.5	-1.0	0.0	-1.0	-1.0	-1.0	0.0	0.0	0.0	-1.0	-1.0	0.0	0.0	0.0	-1.0	0.0
18:55:12	115.1	353.3	354.9	353.7	353.2	352.7	352.4	0.2	43.7	-0.1	0.2	0.2	354.9	352.4	0.2	-0.1	353.4	353.6	355.2	355.2	354.4	360.5	98.1	115.1	29.1	60.9	355.2	355.0	44.0	54.7	4.9	60.6	0.0	9.3	.Autoclave.Outputs.PRESSIP\OutputValue	8.0	2.5	0.3	-1.0	0.0	-1.0	-1.0	-1.0	0.0	0.0	0.0	-1.0	-1.0	0.0	0.0	0.0	-1.0	0.0
18:56:12	116.1	353.4	354.7	354.2	353.2	352.8	352.5	0.3	43.8	-0.1	0.3	0.3	354.7	352.5	0.2	-0.2	353.5	353.6	355.1	355.1	354.3	360.9	98.3	116.1	30.1	59.9	355.3	355.0	44.0	56.0	4.9	60.4	0.0	12.0	.Autoclave.Outputs.PRESSIP\OutputValue	8.0	2.2	0.4	-1.0	0.0	-1.0	-1.0	-1.0	0.0	0.0	0.0	-1.0	-1.0	0.0	0.0	0.0	-1.0	0.0
18:57:12	117.1	353.4	354.8	353.8	353.2	353.0	352.3	0.3	43.7	-0.1	0.3	0.3	354.8	352.3	0.4	-0.2	353.4	353.5	355.4	355.4	354.7	360.0	98.3	117.1	31.1	58.9	355.2	355.0	44.0	52.0	4.9	60.8	0.0	4.0	.Autoclave.Outputs.PRESSIP\OutputValue	8.0	2.5	0.6	-1.0	0.0	-1.0	-1.0	-1.0	0.0	0.0	0.0	-1.0	-1.0	0.0	0.0	0.0	-1.0	0.0
18:58:12	118.1	353.5	354.9	354.0	353.5	353.0	352.3	0.3	43.7	-0.1	0.3	0.3	354.9	352.3	0.1	-0.2	353.5	353.6	355.0	355.0	354.5	359.7	98.5	118.1	32.1	57.9	355.0	355.0	44.0	54.0	5.0	61.0	0.0	8.1	.Autoclave.Outputs.PRESSIP\OutputValue	8.0	2.6	0.1	-1.0	0.0	-1.0	-1.0	-1.0	0.0	0.0	0.0	-1.0	-1.0	0.0	0.0	0.0	-1.0	0.0
18:59:12	119.1	353.5	354.9	353.9	353.5	353.1	352.7	0.3	43.7	-0.1	0.3	0.3	354.9	352.7	0.1	-0.7	353.6	353.8	355.2	355.2	354.6	360.0	98.5	119.1	33.1	56.9	355.3	355.0	44.0	53.4	5.0	61.0	0.0	6.8	.Autoclave.Outputs.PRESSIP\OutputValue	8.0	2.2	0.3	-1.0	0.0	-1.0	-1.0	-1.0	0.0	0.0	0.0	-1.0	-1.0	0.0	0.0	0.0	-1.0	0.0
19:00:12	120.1	353.6	354.9	353.8	353.2	353.2	353.3	0.3	43.8	-0.1	0.3	0.3	354.9	353.2	0.7	-0.2	353.7	354.0	355.4	355.2	354.7	361.2	98.5	120.1	34.1	55.9	355.3	355.0	44.0	52.1	5.0	60.3	0.0	4.1	.Autoclave.Outputs.PRESSIP\OutputValue	8.0	1.7	0.5	-1.0	0.0	-1.0	-1.0	-1.0	0.0	0.0	0.0	-1.0	-1.0	0.0	0.0	0.0	-1.0	0.0
19:01:12	121.1	353.6	354.8	353.8	353.6	353.3	353.0	0.3	43.8	-0.1	0.3	0.3	354.8	353.0	0.3	-0.3	353.7	353.9	355.2	355.2	354.7	360.7	98.5	121.1	35.1	54.9	355.2	355.0	44.0	53.4	5.0	60.3	0.0	6.8	.Autoclave.Outputs.PRESSIP\OutputValue	8.0	1.8	0.4	-1.0	0.0	-1.0	-1.0	-1.0	0.0	0.0	0.0	-1.0	-1.0	0.0	0.0	0.0	-1.0	0.0
19:02:12	122.1	353.8	355.0	354.1	353.5	353.3	353.1	0.3	43.7	-0.1	0.3	0.3	355.0	353.1	0.2	-0.3	353.8	354.0	355.3	355.3	354.8	360.1	98.6	122.1	36.1	53.9	355.2	355.0	44.0	52.7	5.0	60.6	0.0	5.5	.Autoclave.Outputs.PRESSIP\OutputValue	8.0	1.9	0.3	-1.0	0.0	-1.0	-1.0	-1.0	0.0	0.0	0.0	-1.0	-1.0	0.0	0.0	0.0	-1.0	0.0
19:03:12	123.1	353.7	354.9	353.9	353.6	353.4	352.8	0.3	43.8	-0.1	0.3	0.3	354.9	352.8	0.7	-0.2	353.7	353.8	355.2	355.2	354.4	360.4	98.7	123.1	37.1	52.9	355.2	355.0	44.0	56.1	5.0	60.3	0.0	12.2	.Autoclave.Outputs.PRESSIP\OutputValue	8.0	2.1	0.3	-1.0	0.0	-1.0	-1.0	-1.0	0.0	0.0	0.0	-1.0	-1.0	0.0	0.0	0.0	-1.0	0.0
19:04:12	124.1	353.7	354.8	354.1	353.6	353.5	353.6	0.3	43.8	-0.1	0.3	0.3	354.8	353.5	1.0	-0.3	353.9	354.1	355.2	355.2	354.5	360.3	98.5	124.1	38.1	51.9	355.1	355.0	44.0	53.4	5.0	60.3	0.0	6.9	.Autoclave.Outputs.PRESSIP\OutputValue	8.0	1.3	0.4	-1.0	0.0	-1.0	-1.0	-1.0	0.0	0.0	0.0	-1.0	-1.0	0.0	0.0	0.0	-1.0	0.0
19:05:12	125.1	353.8	354.9	354.0	353.5	353.6	353.7	0.3	43.8	-0.1	0.3	0.3	354.9	353.5	0.2	0.0	353.9	354.2	355.1	354.9	354.4	360.5	98.6	125.1	39.1	50.9	355.1	355.0	44.0	54.1	5.0	60.3	0.0	8.2	.Autoclave.Outputs.PRESSIP\OutputValue	8.0	1.4	0.2	-1.0	0.0	-1.0	-1.0	-1.0	0.0	0.0	0.0	-1.0	-1.0	0.0	0.0	0.0	-1.0	0.0
19:06:12	126.1	353.8	354.8	354.5	353.3	353.6	353.7	0.3	43.8	-0.1	0.3	0.3	354.8	353.3	0.3	-0.1	353.9	354.0	354.9	354.9	354.5	360.3	98.5	126.1	40.1	49.9	355.3	355.0	44.0	55.5	5.1	60.3	0.0	10.9	.Autoclave.Outputs.PRESSIP\OutputValue	8.0	1.5	0.1	-1.0	0.0	-1.0	-1.0	-1.0	0.0	0.0	0.0	-1.0	-1.0	0.0	0.0	0.0	-1.0	0.0
19:07:12	127.1	353.9	354.9	354.3	353.4	353.7	353.9	0.3	43.8	-0.1	0.3	0.3	354.9	353.4	0.2	0.0	354.0	354.1	355.1	354.9	354.5	360.4	98.5	127.1	41.1	48.9	355.2	355.0	44.0	53.5	5.1	59.9	0.0	6.9	.Autoclave.Outputs.PRESSIP\OutputValue	8.0	1.5	0.2	-1.0	0.0	-1.0	-1.0	-1.0	0.0	0.0	0.0	-1.0	-1.0	0.0	0.0	0.0	-1.0	0.0
19:08:12	128.1	353.8	354.9	353.8	353.6	353.7	353.9	0.3	43.8	-0.1	0.3	0.3	354.9	353.6	0.1	-0.7	353.9	354.2	355.3	355.3	354.5	360.8	98.7	128.1	42.1	47.9	355.1	355.0	44.0	52.8	5.1	59.9	0.0	5.6	.Autoclave.Outputs.PRESSIP\OutputValue	8.0	1.3	0.4	-1.0	0.0	-1.0	-1.0	-1.0	0.0	0.0	0.0	-1.0	-1.0	0.0	0.0	0.0	-1.0	0.0
19:09:12	129.1	353.8	354.9	354.1	353.7	353.9	354.0	0.3	43.8	-0.1	0.3	0.3	354.9	353.7	0.2	-0.1	354.1	354.3	355.1	355.4	354.7	361.0	98.9	129.1	43.1	46.9	355.2	355.0	44.0	54.2	5.1	59.7	0.0	8.3	.Autoclave.Outputs.PRESSIP\OutputValue	8.0	1.2	0.2	-1.0	0.0	-1.0	-1.0	-1.0	0.0	0.0	0.0	-1.0	-1.0	0.0	0.0	0.0	-1.0	0.0
19:10:12	130.1	354.0	354.9	354.0	353.7	354.0	354.0	0.3	43.8	-0.1	0.3	0.3	354.9	353.7	0.8	0.0	354.1	354.3	355.3	355.4	355.0	360.5	98.9	130.1	44.1	45.9	355.2	355.0	44.0	52.2	5.1	59.9	0.0	4.3	.Autoclave.Outputs.PRESSIP\OutputValue	8.0	1.2	0.4	-1.0	0.0	-1.0	-1.0	-1.0	0.0	0.0	0.0	-1.0	-1.0	0.0	0.0	0.0	-1.0	0.0
19:11:12	131.1	354.0	354.9	354.4	353.8	354.0	354.2	0.3	43.8	-0.1	0.3	0.3	354.9	353.8	0.3	-0.3	354.2	354.3	355.4	355.4	354.7	359.9	99.0	131.1	45.1	44.9	355.1	355.0	44.0	51.5	5.1	60.1	0.0	3.0	.Autoclave.Outputs.PRESSIP\OutputValue	8.0	1.1	0.5	-1.0	0.0	-1.0	-1.0	-1.0	0.0	0.0	0.0	-1.0	-1.0	0.0	0.0	0.0	-1.0	0.0
19:12:12	132.1	353.9	354.7	354.1	353.8	353.9	354.0	0.3	43.8	-0.1	0.3	0.3	354.7	353.8	0.0	-0.2	354.1	354.2	355.2	354.9	354.4	360.6	98.8	132.1	46.1	43.9	355.1	355.0	44.0	54.2	5.1	59.9	0.0	8.4	.Autoclave.Outputs.PRESSIP\OutputValue	8.0	0.9	0.5	-1.0	0.0	-1.0	-1.0	-1.0	0.0	0.0	0.0	-1.0	-1.0	0.0	0.0	0.0	-1.0	0.0
19:13:12	133.1	353.9	354.8	354.1	353.6	353.9	354.0	0.3	43.9	-0.1	0.3	0.3	354.8	353.6	0.2	-0.2	354.0	354.2	354.9	354.9	354.2	360.8	98.9	133.1	47.1	42.9	355.4	355.0	44.0	58.2	5.1	59.5	0.0	16.4	.Autoclave.Outputs.PRESSIP\OutputValue	8.0	1.2	0.1	-1.0	0.0	-1.0	-1.0	-1.0	0.0	0.0	0.0	-1.0	-1.0	0.0	0.0	0.0	-1.0	0.0
19:14:12	134.1	354.0	354.9	354.1	353.8	354.1	354.1	0.3	43.8	-0.1	0.3	0.3	354.9	353.8	0.2	-0.1	354.2	354.3	355.5	355.3	354.7	360.1	98.9	134.1	48.1	41.9	355.1	355.0	44.0	52.2	5.1	59.9	0.0	4.4	.Autoclave.Outputs.PRESSIP\OutputValue	8.0	1.1	0.6	-1.0	0.0	-1.0	-1.0	-1.0	0.0	0.0	0.0	-1.0	-1.0	0.0	0.0	0.0	-1.0	0.0
19:15:12	135.1	354.0	354.8	354.2	353.9	354.0	353.9	0.3	43.8	-0.1	0.3	0.3	354.8	353.9	0.1	-0.1	354.1	354.3	355.2	355.2	354.7	360.8	99.2	135.1	49.1	40.9	355.1	355.0	44.0	53.5	5.1	59.7	0.0	7.1	.Autoclave.Outputs.PRESSIP\OutputValue	8.0	0.9	0.4	-1.0	0.0	-1.0	-1.0	-1.0	0.0	0.0	0.0	-1.0	-1.0	0.0	0.0	0.0	-1.0	0.0
19:16:12	136.1	354.0	354.9	354.0	353.7	354.0	353.5	0.3	43.9	-0.1	0.3	0.3	354.9	353.5	0.1	-0.3	354.0	354.2	355.3	355.3	354.6	361.0	99.1	136.1	50.1	39.9	355.1	355.0	44.0	53.6	5.2	59.5	0.0	7.1	.Autoclave.Outputs.PRESSIP\OutputValue	8.0	1.4	0.4	-1.0	0.0	-1.0	-1.0	-1.0	0.0	0.0	0.0	-1.0	-1.0	0.0	0.0	0.0	-1.0	0.0
19:17:12	137.1	354.0	354.7	354.3	353.8	354.1	353.5	0.3	43.8	-0.1	0.3	0.3	354.7	353.5	0.2	-0.2	354.1	354.1	355.1	355.1	354.5	360.5	98.9	137.1	51.1	38.9	355.2	355.0	44.0	53.6	5.2	59.7	0.0	7.1	.Autoclave.Outputs.PRESSIP\OutputValue	8.0	1.2	0.4	-1.0	0.0	-1.0	-1.0	-1.0	0.0	0.0	0.0	-1.0	-1.0	0.0	0.0	0.0	-1.0	0.0
19:18:12	138.1	354.1	354.7	354.2	354.0	354.1	353.0	0.3	43.9	-0.1	0.3	0.3	354.7	353.0	0.1	-0.6	354.0	353.8	355.1	355.2	354.4	360.3	98.9	138.1	52.1	37.9	355.2	355.0	44.0	54.2	5.2	59.3	0.0	8.5	.Autoclave.Outputs.PRESSIP\OutputValue	8.0	1.7	0.4	-1.0	0.0	-1.0	-1.0	-1.0	0.0	0.0	0.0	-1.0	-1.0	0.0	0.0	0.0	-1.0	0.0
19:19:12	139.1	354.0	354.9	353.7	354.0	354.0	352.8	0.3	43.9	-0.1	0.3	0.3	354.9	352.8	0.2	-0.1	353.9	353.8	355.2	355.2	354.5	360.5	99.1	139.1	53.1	36.9	355.1	355.0	44.0	53.6	5.2	59.5	0.0	7.2	.Autoclave.Outputs.PRESSIP\OutputValue	8.0	2.1	0.3	-1.0	0.0	-1.0	-1.0	-1.0	0.0	0.0	0.0	-1.0	-1.0	0.0	0.0	0.0	-1.0	0.0
19:20:12	140.1	354.1	354.8	354.2	354.0	354.0	353.3	0.3	43.9	-0.1	0.3	0.3	354.8	353.3	0.5	-0.4	354.1	354.0	355.1	355.1	354.3	360.1	99.2	140.1	54.1	35.9	355.2	355.0	44.0	53.6	5.2	59.5	0.0	7.2	.Autoclave.Outputs.PRESSIP\OutputValue	8.0	1.5	0.3	-1.0	0.0	-1.0	-1.0	-1.0	0.0	0.0	0.0	-1.0	-1.0	0.0	0.0	0.0	-1.0	0.0
19:21:12	141.1	354.1	354.8	354.5	354.0	354.0	353.5	0.3	43.9	-0.1	0.3	0.3	354.8	353.5	0.3	-0.2	354.1	354.1	355.1	355.1	354.4	360.6	99.1	141.1	55.1	34.9	355.3	355.0	44.0	54.9	5.2	59.3	0.0	9.9	.Autoclave.Outputs.PRESSIP\OutputValue	8.0	1.3	0.3	-1.0	0.0	-1.0	-1.0	-1.0	0.0	0.0	0.0	-1.0	-1.0	0.0	0.0	0.0	-1.0	0.0
19:22:12	142.1	354.1	354.8	354.1	353.8	353.9	353.7	0.3	43.9	-0.7	0.3	0.3	354.8	353.7	0.1	-0.5	354.1	354.2	355.2	355.0	354.3	360.7	99.2	142.1	56.1	33.9	354.9	355.0	44.0	52.9	5.2	59.3	0.0	5.9	.Autoclave.Outputs.PRESSIP\OutputValue	8.0	1.1	0.4	-1.0	0.0	-1.0	-1.0	-1.0	0.0	0.0	0.0	-1.0	-1.0	0.0	0.0	0.0	-1.0	0.0
19:23:12	143.1	354.1	354.9	354.4	353.9	353.9	352.9	0.3	43.9	-0.1	0.3	0.3	354.9	352.9	0.2	-0.5	354.0	353.9	355.1	355.1	354.3	360.4	99.2	143.1	57.1	32.9	355.2	355.0	44.0	53.6	5.2	59.5	0.0	7.2	.Autoclave.Outputs.PRESSIP\OutputValue	8.0	2.0	0.2	-1.0	0.0	-1.0	-1.0	-1.0	0.0	0.0	0.0	-1.0	-1.0	0.0	0.0	0.0	-1.0	0.0
19:24:12	144.1	354.2	354.9	354.3	354.0	354.0	352.8	0.3	43.9	-0.1	0.3	0.3	354.9	352.8	0.0	-0.2	354.0	353.8	355.2	355.2	354.5	360.0	99.4	144.1	58.1	31.9	355.1	355.0	44.0	52.9	5.2	59.5	0.0	5.9	.Autoclave.Outputs.PRESSIP\OutputValue	8.0	2.1	0.3	-1.0	0.0	-1.0	-1.0	-1.0	0.0	0.0	0.0	-1.0	-1.0	0.0	0.0	0.0	-1.0	0.0
19:25:12	145.1	354.1	354.9	353.9	354.1	354.0	352.9	0.3	43.9	-0.1	0.3	0.3	354.9	352.9	0.2	-0.1	354.0	353.9	355.1	355.1	354.3	360.7	99.4	145.1	59.1	30.9	355.2	355.0	44.0	53.6	5.2	59.1	0.0	7.2	.Autoclave.Outputs.PRESSIP\OutputValue	8.0	2.0	0.2	-1.0	0.0	-1.0	-1.0	-1.0	0.0	0.0	0.0	-1.0	-1.0	0.0	0.0	0.0	-1.0	0.0
19:26:12	146.1	354.2	354.8	354.2	354.0	354.0	353.0	0.3	43.9	-0.2	0.3	0.3	354.8	353.0	0.0	-0.1	354.0	353.9	355.1	355.2	354.4	360.3	99.5	146.1	60.1	29.9	355.1	355.0	44.0	53.6	5.2	59.3	0.0	7.2	.Autoclave.Outputs.PRESSIP\OutputValue	8.0	1.8	0.3	-1.0	0.0	-1.0	-1.0	-1.0	0.0	0.0	0.0	-1.0	-1.0	0.0	0.0	0.0	-1.0	0.0
19:27:12	147.1	354.2	354.9	354.3	354.0	354.0	352.9	0.3	43.9	-0.1	0.3	0.3	354.9	352.9	0.2	-0.1	354.0	353.9	355.2	355.1	354.4	360.6	99.4	147.1	61.1	28.9	355.2	355.0	44.0	52.3	5.2	59.1	0.0	4.6	.Autoclave.Outputs.PRESSIP\OutputValue	8.0	2.0	0.3	-1.0	0.0	-1.0	-1.0	-1.0	0.0	0.0	0.0	-1.0	-1.0	0.0	0.0	0.0	-1.0	0.0
19:28:12	148.1	354.2	354.8	354.2	354.0	354.0	352.7	0.3	43.9	-0.1	0.3	0.3	354.8	352.7	0.1	-0.3	354.0	353.7	355.1	355.1	354.3	360.4	99.4	148.1	62.1	27.9	355.1	355.0	44.0	53.6	5.2	58.9	0.0	7.3	.Autoclave.Outputs.PRESSIP\OutputValue	8.0	2.1	0.3	-1.0	0.0	-1.0	-1.0	-1.0	0.0	0.0	0.0	-1.0	-1.0	0.0	0.0	0.0	-1.0	0.0
19:29:12	149.1	354.1	354.9	354.2	354.0	354.0	352.9	0.3	43.9	-0.1	0.3	0.3	354.9	352.9	0.3	-0.1	354.0	353.9	355.2	355.1	354.3	360.5	99.5	149.1	63.1	26.9	355.1	355.0	44.0	53.0	5.2	59.1	0.0	6.0	.Autoclave.Outputs.PRESSIP\OutputValue	8.0	2.0	0.3	-1.0	0.0	-1.0	-1.0	-1.0	0.0	0.0	0.0	-1.0	-1.0	0.0	0.0	0.0	-1.0	0.0
19:30:12	150.1	354.1	354.9	354.1	353.9	354.0	352.9	0.3	43.9	-0.1	0.3	0.3	354.9	352.9	0.0	-0.2	354.0	353.9	355.2	355.2	354.3	360.3	99.5	150.1	64.1	25.9	355.2	355.0	44.0	53.0	5.2	59.1	0.0	6.0	.Autoclave.Outputs.PRESSIP\OutputValue	8.0	2.0	0.3	-1.0	0.0	-1.0	-1.0	-1.0	0.0	0.0	0.0	-1.0	-1.0	0.0	0.0	0.0	-1.0	0.0
19:31:12	151.1	354.1	354.8	354.5	354.0	353.9	352.8	0.3	43.9	-0.1	0.3	0.3	354.8	352.8	0.3	0.0	354.0	353.8	355.1	355.1	354.3	360.4	99.6	151.1	65.1	24.9	355.1	355.0	44.0	53.7	5.2	59.1	0.0	7.3	.Autoclave.Outputs.PRESSIP\OutputValue	8.0	2.0	0.3	-1.0	0.0	-1.0	-1.0	-1.0	0.0	0.0	0.0	-1.0	-1.0	0.0	0.0	0.0	-1.0	0.0
19:32:12	152.1	354.1	354.9	354.4	353.9	353.9	353.0	0.3	43.9	-0.1	0.3	0.3	354.9	353.0	0.3	-0.3	354.0	353.9	355.3	355.3	354.4	360.7	99.8	152.1	66.1	23.9	355.2	355.0	44.0	52.3	5.3	58.7	0.0	4.7	.Autoclave.Outputs.PRESSIP\OutputValue	8.0	1.9	0.4	-1.0	0.0	-1.0	-1.0	-1.0	0.0	0.0	0.0	-1.0	-1.0	0.0	0.0	0.0	-1.0	0.0
19:33:12	153.1	354.1	354.8	354.1	354.0	353.9	352.9	0.3	43.9	-0.1	0.3	0.3	354.8	352.9	0.1	-0.2	354.0	353.8	355.2	355.2	354.4	360.5	99.8	153.1	67.1	22.9	355.3	355.0	44.0	54.3	5.3	58.9	0.0	8.7	.Autoclave.Outputs.PRESSIP\OutputValue	8.0	1.9	0.4	-1.0	0.0	-1.0	-1.0	-1.0	0.0	0.0	0.0	-1.0	-1.0	0.0	0.0	0.0	-1.0	0.0
19:34:12	154.1	354.1	354.9	354.1	353.9	353.9	352.8	0.3	43.9	-0.1	0.3	0.3	354.9	352.8	0.1	-0.4	353.9	353.8	355.2	355.1	354.3	360.4	99.8	154.1	68.1	21.9	355.1	355.0	44.0	53.7	5.3	58.9	0.0	7.3	.Autoclave.Outputs.PRESSIP\OutputValue	8.0	2.1	0.3	-1.0	0.0	-1.0	-1.0	-1.0	0.0	0.0	0.0	-1.0	-1.0	0.0	0.0	0.0	-1.0	0.0
19:35:12	155.1	354.1	354.9	354.4	353.9	353.9	352.8	0.3	43.9	-0.1	0.3	0.3	354.9	352.8	0.1	0.0	354.0	353.8	355.2	355.2	354.4	360.1	99.8	155.1	69.1	20.9	355.3	355.0	44.0	54.3	5.3	59.3	0.0	8.7	.Autoclave.Outputs.PRESSIP\OutputValue	8.0	2.1	0.3	-1.0	0.0	-1.0	-1.0	-1.0	0.0	0.0	0.0	-1.0	-1.0	0.0	0.0	0.0	-1.0	0.0
19:36:12	156.1	354.2	354.8	354.3	353.9	353.9	352.9	0.3	43.9	-0.4	0.3	0.3	354.8	352.9	0.2	-0.2	354.0	353.8	355.2	355.2	354.4	360.3	99.9	156.1	70.1	19.9	355.1	355.0	44.0	53.0	5.3	59.3	0.0	6.0	.Autoclave.Outputs.PRESSIP\OutputValue	8.0	1.9	0.4	-1.0	0.0	-1.0	-1.0	-1.0	0.0	0.0	0.0	-1.0	-1.0	0.0	0.0	0.0	-1.0	0.0
19:37:12	157.1	354.2	354.9	354.5	353.8	353.9	352.7	0.3	43.9	-0.1	0.3	0.3	354.9	352.7	0.0	-0.1	354.0	353.8	355.2	355.2	354.4	360.4	100.0	157.1	71.1	18.9	355.1	355.0	44.0	53.0	5.3	58.7	0.0	6.0	.Autoclave.Outputs.PRESSIP\OutputValue	8.0	2.2	0.3	-1.0	0.0	-1.0	-1.0	-1.0	0.0	0.0	0.0	-1.0	-1.0	0.0	0.0	0.0	-1.0	0.0
19:38:12	158.1	354.2	354.9	354.2	354.0	354.0	352.7	0.3	43.9	-0.1	0.3	0.3	354.9	352.7	0.2	-0.1	354.0	353.8	355.2	355.2	354.4	360.5	99.9	158.1	72.1	17.9	355.1	355.0	44.0	53.7	5.3	58.6	0.0	7.4	.Autoclave.Outputs.PRESSIP\OutputValue	8.0	2.2	0.3	-1.0	0.0	-1.0	-1.0	-1.0	0.0	0.0	0.0	-1.0	-1.0	0.0	0.0	0.0	-1.0	0.0
19:39:12	159.1	354.2	354.8	354.4	353.9	354.0	352.7	0.3	43.9	-0.1	0.3	0.3	354.8	352.7	0.1	-0.1	354.0	353.7	355.1	355.2	354.2	360.5	99.9	159.1	73.1	16.9	355.1	355.0	44.0	53.7	5.3	58.6	0.0	7.4	.Autoclave.Outputs.PRESSIP\OutputValue	8.0	2.1	0.3	-1.0	0.0	-1.0	-1.0	-1.0	0.0	0.0	0.0	-1.0	-1.0	0.0	0.0	0.0	-1.0	0.0
19:40:12	160.1	354.2	354.8	354.3	353.8	353.9	352.6	0.3	43.9	-0.1	0.3	0.3	354.8	352.6	0.6	-0.1	353.9	353.7	355.2	355.2	354.4	360.7	100.1	160.1	74.1	15.9	355.2	355.0	44.0	54.4	5.3	58.6	0.0	8.7	.Autoclave.Outputs.PRESSIP\OutputValue	8.0	2.2	0.4	-1.0	0.0	-1.0	-1.0	-1.0	0.0	0.0	0.0	-1.0	-1.0	0.0	0.0	0.0	-1.0	0.0
19:41:12	161.1	354.2	354.9	354.2	353.8	353.9	352.7	0.3	43.9	-0.1	0.3	0.3	354.9	352.7	0.0	-0.6	353.9	353.8	355.1	355.1	354.3	360.8	99.9	161.1	75.1	14.9	355.2	355.0	44.0	54.4	5.3	58.6	0.0	8.7	.Autoclave.Outputs.PRESSIP\OutputValue	8.0	2.2	0.2	-1.0	0.0	-1.0	-1.0	-1.0	0.0	0.0	0.0	-1.0	-1.0	0.0	0.0	0.0	-1.0	0.0
19:42:12	162.1	354.1	354.8	354.3	353.8	353.9	352.7	0.3	43.9	-0.1	0.3	0.3	354.8	352.7	0.1	-0.2	353.9	353.7	355.2	355.2	354.4	360.4	100.0	162.1	76.1	13.9	355.1	355.0	44.0	53.0	5.3	58.6	0.0	6.1	.Autoclave.Outputs.PRESSIP\OutputValue	8.0	2.1	0.4	-1.0	0.0	-1.0	-1.0	-1.0	0.0	0.0	0.0	-1.0	-1.0	0.0	0.0	0.0	-1.0	0.0
19:43:12	163.1	354.2	354.9	354.3	353.9	354.0	352.6	0.3	43.9	-0.1	0.3	0.3	354.9	352.6	0.2	0.0	354.0	353.7	355.1	355.2	354.4	360.4	100.1	163.1	77.1	12.9	355.1	355.0	44.0	53.7	5.3	58.7	0.0	7.4	.Autoclave.Outputs.PRESSIP\OutputValue	8.0	2.3	0.2	-1.0	0.0	-1.0	-1.0	-1.0	0.0	0.0	0.0	-1.0	-1.0	0.0	0.0	0.0	-1.0	0.0
19:44:12	164.1	354.2	354.9	354.4	354.0	354.0	352.8	0.3	43.9	-0.1	0.3	0.3	354.9	352.8	0.5	-0.1	354.0	353.8	355.1	355.1	354.4	360.3	100.1	164.1	78.1	11.9	355.1	355.0	44.0	53.0	5.3	58.9	0.0	6.1	.Autoclave.Outputs.PRESSIP\OutputValue	8.0	2.1	0.2	-1.0	0.0	-1.0	-1.0	-1.0	0.0	0.0	0.0	-1.0	-1.0	0.0	0.0	0.0	-1.0	0.0
19:45:12	165.1	354.2	354.9	354.6	353.9	353.9	352.6	0.3	43.9	-0.2	0.3	0.3	354.9	352.6	0.0	-0.2	354.0	353.7	355.1	355.1	354.3	360.3	100.1	165.1	79.1	10.9	355.2	355.0	44.0	53.7	5.3	58.7	0.0	7.4	.Autoclave.Outputs.PRESSIP\OutputValue	8.0	2.3	0.2	-1.0	0.0	-1.0	-1.0	-1.0	0.0	0.0	0.0	-1.0	-1.0	0.0	0.0	0.0	-1.0	0.0
19:46:12	166.1	354.2	354.9	354.3	354.0	354.0	352.8	0.3	43.9	-0.1	0.3	0.3	354.9	352.8	0.1	-0.2	354.0	353.8	355.2	355.2	354.5	360.2	100.3	166.1	80.1	9.9	355.1	355.0	44.0	53.1	5.3	58.7	0.0	6.1	.Autoclave.Outputs.PRESSIP\OutputValue	8.0	2.1	0.3	-1.0	0.0	-1.0	-1.0	-1.0	0.0	0.0	0.0	-1.0	-1.0	0.0	0.0	0.0	-1.0	0.0
19:47:12	167.1	354.3	354.9	354.4	353.9	354.1	352.8	0.3	43.9	-0.1	0.3	0.3	354.9	352.8	0.5	-0.1	354.1	353.8	355.1	355.1	354.3	360.4	100.1	167.1	81.1	8.9	355.0	355.0	44.0	53.7	5.3	58.7	0.0	7.5	.Autoclave.Outputs.PRESSIP\OutputValue	8.0	2.1	0.2	-1.0	0.0	-1.0	-1.0	-1.0	0.0	0.0	0.0	-1.0	-1.0	0.0	0.0	0.0	-1.0	0.0
19:48:12	168.1	354.2	354.9	354.5	354.1	354.0	352.8	0.3	43.9	-0.1	0.3	0.3	354.9	352.8	0.1	-0.4	354.1	353.8	355.2	355.2	354.4	360.2	100.2	168.1	82.1	7.9	355.1	355.0	44.0	53.1	5.3	58.6	0.0	6.1	.Autoclave.Outputs.PRESSIP\OutputValue	8.0	2.1	0.3	-1.0	0.0	-1.0	-1.0	-1.0	0.0	0.0	0.0	-1.0	-1.0	0.0	0.0	0.0	-1.0	0.0
19:49:12	169.1	354.2	354.9	354.5	354.0	354.0	352.8	0.3	43.9	-0.1	0.3	0.3	354.9	352.8	0.4	0.0	354.1	353.8	355.1	355.1	354.3	360.6	100.2	169.1	83.1	6.9	355.1	355.0	44.0	55.1	5.3	58.4	0.0	10.1	.Autoclave.Outputs.PRESSIP\OutputValue	8.0	2.1	0.2	-1.0	0.0	-1.0	-1.0	-1.0	0.0	0.0	0.0	-1.0	-1.0	0.0	0.0	0.0	-1.0	0.0
19:50:12	170.1	354.3	354.9	354.5	354.0	354.0	352.8	0.3	43.9	-0.1	0.3	0.3	354.9	352.8	0.0	-0.4	354.1	353.8	355.1	355.1	354.2	360.3	100.3	170.1	84.1	5.9	355.3	355.0	44.0	54.4	5.3	58.6	0.0	8.8	.Autoclave.Outputs.PRESSIP\OutputValue	8.0	2.1	0.2	-1.0	0.0	-1.0	-1.0	-1.0	0.0	0.0	0.0	-1.0	-1.0	0.0	0.0	0.0	-1.0	0.0
19:51:12	171.1	354.1	354.9	354.3	353.8	354.0	352.8	0.3	43.9	-0.1	0.3	0.3	354.9	352.8	0.2	-0.1	354.0	353.8	355.1	355.1	354.4	360.1	100.4	171.1	85.1	4.9	355.1	355.0	44.0	53.1	5.3	58.6	0.0	6.1	.Autoclave.Outputs.PRESSIP\OutputValue	8.0	2.1	0.2	-1.0	0.0	-1.0	-1.0	-1.0	0.0	0.0	0.0	-1.0	-1.0	0.0	0.0	0.0	-1.0	0.0
19:52:12	172.1	354.2	354.8	354.3	354.0	354.0	352.6	0.3	44.0	-0.1	0.3	0.3	354.8	352.6	0.2	-0.1	354.0	353.7	355.1	355.2	354.4	360.3	100.4	172.1	86.1	3.9	355.2	355.0	44.0	53.7	5.3	58.4	0.0	7.5	.Autoclave.Outputs.PRESSIP\OutputValue	8.0	2.2	0.3	-1.0	0.0	-1.0	-1.0	-1.0	0.0	0.0	0.0	-1.0	-1.0	0.0	0.0	0.0	-1.0	0.0
19:53:12	173.1	354.2	354.9	354.3	353.8	353.9	352.8	0.3	44.0	-0.1	0.3	0.3	354.9	352.8	0.0	-0.4	354.0	353.8	355.2	355.2	354.5	360.2	100.4	173.1	87.1	2.9	355.1	355.0	44.0	53.1	5.3	58.4	0.0	6.2	.Autoclave.Outputs.PRESSIP\OutputValue	8.0	2.1	0.3	-1.0	0.0	-1.0	-1.0	-1.0	0.0	0.0	0.0	-1.0	-1.0	0.0	0.0	0.0	-1.0	0.0
19:54:12	174.1	354.2	355.0	354.1	353.9	353.9	352.6	0.3	43.9	-0.1	0.3	0.3	355.0	352.6	0.2	-0.1	353.9	353.8	355.2	355.2	354.4	360.3	100.5	174.1	88.1	1.9	355.1	355.0	44.0	53.7	5.3	58.6	0.0	7.5	.Autoclave.Outputs.PRESSIP\OutputValue	8.0	2.4	0.2	-1.0	0.0	-1.0	-1.0	-1.0	0.0	0.0	0.0	-1.0	-1.0	0.0	0.0	0.0	-1.0	0.0
19:55:12	175.1	354.2	354.8	354.5	353.8	354.0	352.8	0.3	44.0	-0.1	0.3	0.3	354.8	352.8	0.1	-0.3	354.0	353.8	355.1	355.1	354.3	360.5	100.4	175.1	89.1	0.9	355.1	355.0	44.0	53.8	5.3	58.2	0.0	7.5	.Autoclave.Outputs.PRESSIP\OutputValue	8.0	2.0	0.3	-1.0	0.0	-1.0	-1.0	-1.0	0.0	0.0	0.0	-1.0	-1.0	0.0	0.0	0.0	-1.0	0.0
19:56:08	176.0	354.1	354.9	354.3	353.8	354.0	352.8	0.3	44.0	-0.1	0.3	0.3	354.9	352.8	0.2	-0.2	354.0	353.8	355.1	355.2	354.4	360.3	100.5	176.0	90.0	0.0	355.1	355.0	44.0	53.8	5.3	58.4	0.0	7.5	.Autoclave.Outputs.PRESSIP\OutputValue	8.0	2.1	0.2	-1.0	0.0	-1.0	-1.0	-1.0	0.0	0.0	0.0	-1.0	-1.0	0.0	0.0	0.0	-1.0	0.0
19:56:12	176.1	354.3	354.9	354.3	353.8	354.1	352.9	0.3	44.0	-0.1	0.3	0.3	354.9	352.9	0.2	-0.2	354.0	353.9	355.2	355.2	354.4	360.3	100.5	176.1	0.1	0.0	354.7	354.6	44.0	50.1	5.3	58.4	0.0	0.2	.Autoclave.Outputs.PRESSIP\OutputValue	8.0	2.0	0.3	-1.0	0.0	-1.0	-1.0	-1.0	0.0	0.0	0.0	-1.0	-1.0	0.0	0.0	0.0	-1.0	0.0
19:57:12	177.1	351.4	350.4	351.8	350.3	351.2	350.9	0.3	44.4	-0.1	0.3	0.3	351.8	350.3	-1.8	-4.1	351.0	351.0	343.7	343.7	343.0	346.7	100.7	177.1	1.1	0.0	350.2	350.1	44.0	94.2	2.8	53.5	0.0	88.5	.Autoclave.Outputs.PRESSIP\OutputValue	7.8	1.5	-8.1	-1.0	0.0	-1.0	-1.0	-1.0	0.0	0.0	0.0	-1.0	-1.0	0.0	0.0	0.0	-1.0	0.0
19:58:12	178.1	350.9	350.4	351.5	350.7	351.4	350.7	0.3	44.4	-0.1	0.3	0.3	351.5	350.4	0.5	-0.8	350.9	350.9	346.0	346.0	345.2	349.0	100.7	178.1	2.1	0.0	345.6	345.6	44.0	49.1	3.1	52.5	0.0	0.0	.Autoclave.Outputs.PRESSIP\OutputValue	6.8	1.2	-5.5	-1.0	0.0	-1.0	-1.0	-1.0	0.0	0.0	0.0	-1.0	-1.0	0.0	0.0	0.0	-1.0	0.0
19:59:12	179.1	347.9	345.6	348.8	347.0	348.2	348.1	0.2	43.8	-0.1	0.2	0.2	348.8	345.6	-2.5	-4.6	347.6	347.2	334.4	334.4	333.6	333.9	100.6	179.1	3.1	0.0	341.2	341.1	44.0	96.7	3.3	59.2	0.0	93.5	.Autoclave.Outputs.PRESSIP\OutputValue	7.1	3.3	-14.4	-1.0	0.0	-1.0	-1.0	-1.0	0.0	0.0	0.0	-1.0	-1.0	0.0	0.0	0.0	-1.0	0.0
20:00:12	180.1	347.0	344.9	347.7	346.9	348.0	347.7	0.2	43.9	-0.1	0.2	0.2	348.0	344.9	-0.1	-1.0	347.0	346.4	336.9	336.8	336.1	340.0	100.4	180.1	4.1	0.0	336.6	336.6	44.0	50.3	3.6	58.0	0.0	0.6	.Autoclave.Outputs.PRESSIP\OutputValue	7.2	3.2	-11.1	-1.0	0.0	-1.0	-1.0	-1.0	0.0	0.0	0.0	-1.0	-1.0	0.0	0.0	0.0	-1.0	0.0
20:01:00	180.9	344.7	341.8	345.7	343.9	345.9	345.9	0.2	43.9	-0.1	0.2	0.2	345.9	341.8	-1.0	-1.8	344.6	343.8	327.7	327.4	326.8	317.4	100.6	180.9	4.9	0.0	333.1	333.1	44.0	88.0	3.6	58.7	0.0	76.0	.Autoclave.Outputs.PRESSIP\OutputValue	7.7	4.2	-18.4	-1.0	0.0	-1.0	-1.0	-1.0	0.0	0.0	0.0	-1.0	-1.0	0.0	0.0	0.0	-1.0	0.0
20:01:12	181.1	344.0	340.4	345.0	343.2	345.0	345.2	0.2	44.2	-0.1	0.2	0.2	345.2	340.4	-2.5	-4.6	343.8	342.8	326.0	326.0	325.3	325.0	100.7	181.1	0.2	0.0	332.1	332.1	44.0	92.5	3.7	55.8	0.0	84.9	.Autoclave.Outputs.PRESSIP\OutputValue	7.7	4.9	-19.3	-1.0	0.0	-1.0	-1.0	-1.0	0.0	0.0	0.0	-1.0	-1.0	0.0	0.0	0.0	-1.0	0.0
20:02:12	182.1	342.8	338.9	343.8	342.5	343.9	344.0	0.2	44.3	-0.1	0.2	0.2	344.0	338.9	-0.7	-1.5	342.6	341.4	327.9	327.9	327.3	330.8	100.6	182.1	1.2	0.0	327.6	327.6	44.0	49.4	4.0	54.2	0.0	0.0	.Autoclave.Outputs.PRESSIP\OutputValue	7.1	5.2	-16.2	-1.0	0.0	-1.0	-1.0	-1.0	0.0	0.0	0.0	-1.0	-1.0	0.0	0.0	0.0	-1.0	0.0
20:03:12	183.1	339.4	334.0	340.6	338.2	340.6	341.5	0.2	43.7	-0.1	0.2	0.2	341.5	334.0	-2.7	-4.3	339.1	337.8	317.9	318.0	317.1	318.9	100.6	183.1	2.2	0.0	323.2	323.1	44.0	87.8	4.2	60.2	0.0	75.5	.Autoclave.Outputs.PRESSIP\OutputValue	7.6	7.5	-23.7	-1.0	0.0	-1.0	-1.0	-1.0	0.0	0.0	0.0	-1.0	-1.0	0.0	0.0	0.0	-1.0	0.0
20:04:12	184.1	338.2	332.7	338.9	337.5	339.8	340.3	0.2	43.8	-0.1	0.2	0.2	340.3	332.7	-0.7	-2.1	337.9	336.5	319.3	319.3	318.5	321.5	100.5	184.1	3.2	0.0	318.7	318.6	44.0	48.6	4.4	60.2	0.0	0.0	.Autoclave.Outputs.PRESSIP\OutputValue	8.0	7.6	-21.1	-1.0	0.0	-1.0	-1.0	-1.0	0.0	0.0	0.0	-1.0	-1.0	0.0	0.0	0.0	-1.0	0.0
20:05:12	185.1	334.4	327.6	335.2	333.4	336.0	336.5	0.2	44.3	-0.1	0.2	0.2	336.5	327.6	-3.5	-5.0	333.9	332.1	309.7	309.7	309.0	311.9	100.6	185.1	4.2	0.0	314.2	314.1	44.0	82.9	4.6	54.5	0.0	65.8	.Autoclave.Outputs.PRESSIP\OutputValue	7.9	8.9	-26.9	-1.0	0.0	-1.0	-1.0	-1.0	0.0	0.0	0.0	-1.0	-1.0	0.0	0.0	0.0	-1.0	0.0
20:06:12	186.1	332.7	326.1	333.8	332.2	335.1	335.4	0.2	44.3	-0.1	0.2	0.2	335.4	326.1	-0.9	-1.7	332.6	330.8	310.8	310.8	310.0	312.9	100.5	186.1	5.2	0.0	309.7	309.6	44.0	45.0	4.8	54.2	-1.0	0.0	.Autoclave.Outputs.PRESSIP\OutputValue	7.2	9.3	-24.7	-1.0	0.0	-1.0	-1.0	-1.0	0.0	0.0	0.0	-1.0	-1.0	0.0	0.0	0.0	-1.0	0.0
20:07:12	187.1	329.2	320.7	329.5	328.1	331.2	331.5	0.2	43.9	-0.1	0.2	0.2	331.5	320.7	-3.8	-5.5	328.4	326.1	302.4	302.5	301.8	304.8	100.5	187.1	6.2	0.0	305.1	305.1	44.0	71.2	5.0	59.4	0.0	42.5	.Autoclave.Outputs.PRESSIP\OutputValue	7.9	10.8	-29.1	-1.0	0.0	-1.0	-1.0	-1.0	0.0	0.0	0.0	-1.0	-1.0	0.0	0.0	0.0	-1.0	0.0
20:08:12	188.1	327.3	319.0	327.1	326.2	329.7	329.4	0.1	43.2	-0.1	0.1	0.1	329.7	319.0	-1.4	-1.9	326.5	324.4	302.1	302.1	301.3	293.9	100.5	188.1	7.2	0.0	300.7	300.6	44.0	43.4	5.0	65.1	-1.0	0.0	.Autoclave.Outputs.PRESSIP\OutputValue	8.0	10.7	-27.6	-1.0	0.0	-1.0	-1.0	-1.0	0.0	0.0	0.0	-1.0	-1.0	0.0	0.0	0.0	-1.0	0.0
20:09:12	189.1	323.0	313.8	323.4	322.4	326.2	326.0	0.1	44.3	-0.1	0.1	0.1	326.2	313.8	-3.6	-5.1	322.5	320.0	294.5	294.5	293.9	296.5	100.6	189.1	8.2	0.0	296.1	296.1	44.0	64.2	5.3	54.6	0.0	28.4	.Autoclave.Outputs.PRESSIP\OutputValue	7.7	12.4	-31.7	-1.0	0.0	-1.0	-1.0	-1.0	0.0	0.0	0.0	-1.0	-1.0	0.0	0.0	0.0	-1.0	0.0
20:10:12	190.1	321.2	311.4	321.0	319.7	324.1	323.7	0.1	43.4	-0.1	0.1	0.1	324.1	311.4	-2.0	-2.5	320.2	317.8	292.0	291.9	291.1	279.2	100.4	190.1	9.2	0.0	291.7	291.6	44.0	50.9	5.3	63.0	0.0	1.8	.Autoclave.Outputs.PRESSIP\OutputValue	7.4	12.7	-32.1	-1.0	0.0	-1.0	-1.0	-1.0	0.0	0.0	0.0	-1.0	-1.0	0.0	0.0	0.0	-1.0	0.0
20:11:12	191.1	317.3	306.7	317.2	316.2	320.4	320.7	0.1	43.7	-0.1	0.1	0.1	320.7	306.7	-3.3	-5.0	316.4	313.7	286.6	286.6	286.0	287.4	100.7	191.1	10.2	0.0	287.2	287.1	44.0	57.3	5.6	60.8	0.0	14.6	.Autoclave.Outputs.PRESSIP\OutputValue	8.0	14.0	-34.1	-1.0	0.0	-1.0	-1.0	-1.0	0.0	0.0	0.0	-1.0	-1.0	0.0	0.0	0.0	-1.0	0.0
20:12:12	192.1	314.8	303.3	314.2	312.7	318.1	317.7	0.1	43.7	-0.1	0.1	0.1	318.1	303.3	-2.3	-3.4	313.5	310.7	281.1	281.1	280.4	266.0	100.6	192.1	11.2	0.0	282.7	282.6	44.0	61.2	5.5	61.0	0.0	22.4	.Autoclave.Outputs.PRESSIP\OutputValue	8.0	14.8	-37.0	-1.0	0.0	-1.0	-1.0	-1.0	0.0	0.0	0.0	-1.0	-1.0	0.0	0.0	0.0	-1.0	0.0
20:13:12	193.1	311.5	299.1	310.3	309.6	314.6	315.2	0.1	44.2	-0.1	0.1	0.1	315.2	299.1	-2.7	-5.0	310.1	307.2	278.1	278.2	277.5	278.8	100.6	193.1	12.2	0.0	278.1	278.1	44.0	54.0	5.8	56.0	0.0	8.0	.Autoclave.Outputs.PRESSIP\OutputValue	7.7	16.1	-37.1	-1.0	0.0	-1.0	-1.0	-1.0	0.0	0.0	0.0	-1.0	-1.0	0.0	0.0	0.0	-1.0	0.0
20:14:12	194.1	308.0	294.5	307.8	305.0	310.9	311.0	0.1	43.5	-0.1	0.1	0.1	311.0	294.5	-2.9	-4.5	306.2	302.8	270.2	270.0	269.3	264.1	100.5	194.1	13.2	0.0	273.7	273.6	44.0	76.8	5.8	63.3	0.0	53.6	.Autoclave.Outputs.PRESSIP\OutputValue	8.0	16.5	-40.8	-1.0	0.0	-1.0	-1.0	-1.0	0.0	0.0	0.0	-1.0	-1.0	0.0	0.0	0.0	-1.0	0.0
20:15:12	195.1	304.7	291.3	303.8	302.8	308.5	308.5	0.1	43.6	-0.1	0.1	0.1	308.5	291.3	-2.3	-4.0	303.3	299.9	270.1	270.1	269.3	270.0	100.6	195.1	14.2	0.0	269.2	269.1	44.0	47.6	5.9	61.9	0.0	0.0	.Autoclave.Outputs.PRESSIP\OutputValue	8.0	17.2	-38.4	-1.0	0.0	-1.0	-1.0	-1.0	0.0	0.0	0.0	-1.0	-1.0	0.0	0.0	0.0	-1.0	0.0
20:16:12	196.1	300.4	286.6	299.5	298.6	304.6	305.4	0.1	44.2	-0.1	0.1	0.1	305.4	286.6	-3.5	-4.7	299.2	296.0	263.2	263.2	262.6	265.3	100.9	196.1	15.2	0.0	264.7	264.6	44.0	63.8	6.0	55.4	0.0	27.6	.Autoclave.Outputs.PRESSIP\OutputValue	7.9	18.8	-42.2	-1.0	0.0	-1.0	-1.0	-1.0	0.0	0.0	0.0	-1.0	-1.0	0.0	0.0	0.0	-1.0	0.0
20:17:12	197.1	297.4	282.8	296.0	294.8	302.0	301.8	0.1	43.2	-0.1	0.1	0.1	302.0	282.8	-2.0	-3.2	295.8	292.4	257.9	257.6	256.8	245.4	100.6	197.1	16.2	0.0	260.2	260.1	44.0	69.1	6.0	65.5	0.0	38.1	.Autoclave.Outputs.PRESSIP\OutputValue	8.0	19.2	-44.1	-1.0	0.0	-1.0	-1.0	-1.0	0.0	0.0	0.0	-1.0	-1.0	0.0	0.0	0.0	-1.0	0.0
20:18:12	198.1	293.6	279.3	292.5	292.0	298.8	297.5	0.1	43.6	-0.1	0.1	0.1	298.8	279.3	-3.2	-4.9	292.3	289.1	256.5	256.5	255.7	256.4	100.7	198.1	17.2	0.0	255.7	255.6	44.0	47.3	6.2	61.8	-1.0	0.0	.Autoclave.Outputs.PRESSIP\OutputValue	8.0	19.5	-42.3	-1.0	0.0	-1.0	-1.0	-1.0	0.0	0.0	0.0	-1.0	-1.0	0.0	0.0	0.0	-1.0	0.0
20:19:12	199.1	289.8	274.5	288.2	287.7	294.8	293.1	0.0	44.2	-0.1	0.0	0.0	294.8	274.5	-3.4	-4.7	288.0	284.7	250.6	250.5	249.8	252.6	100.8	199.1	18.2	0.0	251.1	251.1	44.0	58.0	6.3	55.8	0.0	15.9	.Autoclave.Outputs.PRESSIP\OutputValue	7.9	20.3	-44.2	-1.0	0.0	-1.0	-1.0	-1.0	0.0	0.0	0.0	-1.0	-1.0	0.0	0.0	0.0	-1.0	0.0
20:20:12	200.1	285.9	269.7	284.0	283.1	290.9	289.2	0.0	43.6	-0.1	0.0	0.0	290.9	269.7	-3.6	-4.5	283.8	280.3	243.7	243.7	242.9	241.9	100.6	200.1	19.2	0.0	246.7	246.6	44.0	74.1	6.3	61.9	0.0	48.3	.Autoclave.Outputs.PRESSIP\OutputValue	8.0	21.2	-47.2	-1.0	0.0	-1.0	-1.0	-1.0	0.0	0.0	0.0	-1.0	-1.0	0.0	0.0	0.0	-1.0	0.0
20:21:12	201.1	282.5	266.6	281.1	280.1	287.9	286.2	0.0	43.7	-0.1	0.0	0.0	287.9	266.6	-2.7	-3.3	280.7	277.3	241.5	241.2	240.5	229.2	100.6	201.1	20.2	0.0	242.2	242.1	44.0	58.8	6.3	60.6	0.0	17.7	.Autoclave.Outputs.PRESSIP\OutputValue	8.0	21.3	-46.4	-1.0	0.0	-1.0	-1.0	-1.0	0.0	0.0	0.0	-1.0	-1.0	0.0	0.0	0.0	-1.0	0.0
20:22:12	202.1	278.9	263.0	277.4	276.7	284.9	282.2	0.0	43.8	-0.1	0.0	0.0	284.9	263.0	-3.3	-4.6	277.2	274.0	239.1	238.9	238.3	234.2	100.6	202.1	21.2	0.0	237.7	237.6	44.0	44.9	6.4	59.7	-1.0	0.0	.Autoclave.Outputs.PRESSIP\OutputValue	7.8	21.9	-45.8	-1.0	0.0	-1.0	-1.0	-1.0	0.0	0.0	0.0	-1.0	-1.0	0.0	0.0	0.0	-1.0	0.0
20:23:12	203.1	274.6	258.1	272.6	272.6	280.6	278.3	0.0	43.7	-0.1	0.0	0.0	280.6	258.1	-3.6	-4.7	272.8	269.4	233.7	233.7	233.0	234.7	100.5	203.1	22.2	0.0	233.2	233.1	44.0	51.0	6.5	60.6	0.0	1.9	.Autoclave.Outputs.PRESSIP\OutputValue	8.0	22.5	-46.9	-1.0	0.0	-1.0	-1.0	-1.0	0.0	0.0	0.0	-1.0	-1.0	0.0	0.0	0.0	-1.0	0.0
20:24:12	204.1	270.8	253.3	268.6	268.2	276.7	274.0	0.0	44.2	-0.3	0.0	0.0	276.7	253.3	-3.8	-4.7	268.6	265.0	227.4	227.5	226.7	228.9	100.7	204.1	23.2	0.0	228.7	228.6	44.0	63.1	6.6	56.2	0.0	26.1	.Autoclave.Outputs.PRESSIP\OutputValue	7.9	23.5	-49.3	-1.0	0.0	-1.0	-1.0	-1.0	0.0	0.0	0.0	-1.0	-1.0	0.0	0.0	0.0	-1.0	0.0
20:25:12	205.1	267.0	248.9	264.8	264.1	272.6	269.9	0.0	43.8	-0.1	0.0	0.0	272.6	248.9	-3.9	-4.6	264.6	260.8	222.2	222.2	221.4	222.6	100.5	205.1	24.2	0.0	224.2	224.1	44.0	67.8	6.6	60.3	0.0	35.6	.Autoclave.Outputs.PRESSIP\OutputValue	8.0	23.8	-50.4	-1.0	0.0	-1.0	-1.0	-1.0	0.0	0.0	0.0	-1.0	-1.0	0.0	0.0	0.0	-1.0	0.0
20:26:12	206.1	263.0	245.2	260.5	260.2	269.5	266.2	0.0	43.9	-0.1	0.0	0.0	269.5	245.2	-3.4	-4.1	260.8	257.4	217.9	217.9	217.1	213.2	100.6	206.1	25.2	0.0	219.6	219.6	44.0	66.4	6.6	59.3	0.0	32.8	.Autoclave.Outputs.PRESSIP\OutputValue	8.0	24.4	-51.6	-1.0	0.0	-1.0	-1.0	-1.0	0.0	0.0	0.0	-1.0	-1.0	0.0	0.0	0.0	-1.0	0.0
20:27:12	207.1	259.8	241.2	256.3	256.5	266.1	262.1	0.0	43.3	-0.1	0.0	0.0	266.1	241.2	-2.6	-4.0	257.0	253.7	215.1	215.0	214.3	204.3	100.4	207.1	26.2	0.0	215.1	215.1	44.0	55.1	6.6	65.1	0.0	10.2	.Autoclave.Outputs.PRESSIP\OutputValue	8.0	25.0	-51.0	-1.0	0.0	-1.0	-1.0	-1.0	0.0	0.0	0.0	-1.0	-1.0	0.0	0.0	0.0	-1.0	0.0
20:28:12	208.1	256.4	237.1	252.8	252.8	262.6	258.5	0.0	43.2	-0.1	0.0	0.0	262.6	237.1	-3.7	-6.1	253.4	249.9	212.5	212.4	211.7	206.2	100.5	208.1	27.2	0.0	210.6	210.6	44.0	42.4	6.7	65.3	-1.0	0.0	.Autoclave.Outputs.PRESSIP\OutputValue	8.0	25.6	-50.1	-1.0	0.0	-1.0	-1.0	-1.0	0.0	0.0	0.0	-1.0	-1.0	0.0	0.0	0.0	-1.0	0.0
20:29:12	209.1	251.5	232.6	248.6	248.6	258.9	254.7	0.0	44.1	-0.1	0.0	0.0	258.9	232.6	-3.6	-5.3	249.2	245.8	207.1	207.1	206.4	208.4	100.6	209.1	28.2	0.0	206.1	206.1	44.0	48.5	6.7	57.1	0.0	0.0	.Autoclave.Outputs.PRESSIP\OutputValue	7.9	26.4	-51.8	-1.0	0.0	-1.0	-1.0	-1.0	0.0	0.0	0.0	-1.0	-1.0	0.0	0.0	0.0	-1.0	0.0
20:30:12	210.1	247.0	228.0	243.1	244.3	254.7	250.4	0.0	43.7	-0.1	0.0	0.0	254.7	228.0	-3.9	-4.8	244.6	241.3	201.9	201.9	201.3	203.2	100.7	210.1	29.2	0.0	201.7	201.6	44.0	53.3	6.7	61.0	0.0	6.7	.Autoclave.Outputs.PRESSIP\OutputValue	8.0	26.8	-52.8	-1.0	0.0	-1.0	-1.0	-1.0	0.0	0.0	0.0	-1.0	-1.0	0.0	0.0	0.0	-1.0	0.0
20:31:12	211.1	242.8	223.2	239.9	240.0	250.5	246.5	0.0	43.9	-0.1	0.0	0.0	250.5	223.2	-4.0	-5.0	240.5	236.8	196.5	196.6	195.9	196.9	100.7	211.1	30.2	0.0	197.2	197.1	44.0	59.3	6.7	58.6	0.0	18.6	.Autoclave.Outputs.PRESSIP\OutputValue	8.0	27.4	-54.1	-1.0	0.0	-1.0	-1.0	-1.0	0.0	0.0	0.0	-1.0	-1.0	0.0	0.0	0.0	-1.0	0.0
20:32:12	212.1	238.7	219.1	235.1	235.5	246.9	242.1	0.0	43.4	-0.1	0.0	0.0	246.9	219.1	-3.4	-4.4	236.2	233.0	191.6	191.4	190.8	187.2	100.6	212.1	31.2	0.0	192.7	192.6	44.0	62.0	6.6	64.4	0.0	24.0	.Autoclave.Outputs.PRESSIP\OutputValue	8.0	27.9	-55.4	-1.0	0.0	-1.0	-1.0	-1.0	0.0	0.0	0.0	-1.0	-1.0	0.0	0.0	0.0	-1.0	0.0
20:33:12	213.1	234.2	215.2	231.6	232.0	243.1	238.7	0.0	43.7	-0.1	0.0	0.0	243.1	215.2	-3.8	-4.7	232.5	229.2	187.3	187.2	186.6	181.7	100.6	213.1	32.2	0.0	188.1	188.1	44.0	60.6	6.6	61.0	0.0	21.1	.Autoclave.Outputs.PRESSIP\OutputValue	8.0	27.9	-55.9	-1.0	0.0	-1.0	-1.0	-1.0	0.0	0.0	0.0	-1.0	-1.0	0.0	0.0	0.0	-1.0	0.0
20:34:12	214.1	231.4	210.4	225.3	227.2	238.9	235.3	-0.1	43.3	-0.1	-0.1	-0.1	238.9	210.4	-2.8	-4.7	228.1	224.7	182.9	182.8	182.3	177.0	100.5	214.1	33.2	0.0	183.7	183.6	44.0	60.0	6.6	64.6	0.0	19.9	.Autoclave.Outputs.PRESSIP\OutputValue	8.0	28.5	-56.1	-1.0	0.0	-1.0	-1.0	-1.0	0.0	0.0	0.0	-1.0	-1.0	0.0	0.0	0.0	-1.0	0.0
20:35:12	215.1	227.0	205.7	222.3	223.2	235.2	231.6	0.0	43.8	-0.1	0.0	0.0	235.2	205.7	-2.3	-4.9	224.2	220.5	178.6	178.5	178.0	175.5	100.7	215.1	34.2	0.0	179.2	179.1	44.0	58.6	6.6	60.1	0.0	17.2	.Autoclave.Outputs.PRESSIP\OutputValue	8.0	29.5	-56.7	-1.0	0.0	-1.0	-1.0	-1.0	0.0	0.0	0.0	-1.0	-1.0	0.0	0.0	0.0	-1.0	0.0
20:36:12	216.1	222.9	201.6	218.6	218.8	231.1	226.3	0.0	43.2	-0.1	0.0	0.0	231.1	201.6	-3.9	-5.3	219.9	216.4	174.0	174.0	173.5	167.8	100.5	216.1	35.2	0.0	174.6	174.6	44.0	59.2	6.5	65.5	0.0	18.3	.Autoclave.Outputs.PRESSIP\OutputValue	8.0	29.5	-57.2	-1.0	0.0	-1.0	-1.0	-1.0	0.0	0.0	0.0	-1.0	-1.0	0.0	0.0	0.0	-1.0	0.0
20:37:12	217.1	218.8	198.0	214.7	214.6	227.8	222.2	0.0	43.2	-0.1	0.0	0.0	227.8	198.0	-3.6	-6.8	216.0	212.9	171.1	171.1	170.5	165.0	100.4	217.1	36.2	0.0	170.2	170.1	44.0	47.3	6.5	65.9	-1.0	0.0	.Autoclave.Outputs.PRESSIP\OutputValue	8.0	29.8	-56.8	-1.0	0.0	-1.0	-1.0	-1.0	0.0	0.0	0.0	-1.0	-1.0	0.0	0.0	0.0	-1.0	0.0
20:38:12	218.1	214.8	193.6	209.5	210.5	223.5	218.0	0.0	43.3	-0.1	0.0	0.0	223.5	193.6	-3.6	-4.5	211.7	208.6	166.9	166.9	166.3	161.3	100.6	218.1	37.2	0.0	165.7	165.6	44.0	46.5	6.4	65.3	-1.0	0.0	.Autoclave.Outputs.PRESSIP\OutputValue	8.0	29.9	-56.7	-1.0	0.0	-1.0	-1.0	-1.0	0.0	0.0	0.0	-1.0	-1.0	0.0	0.0	0.0	-1.0	0.0
20:39:12	219.1	210.4	189.0	205.3	206.5	219.7	214.1	0.0	43.7	-0.1	0.0	0.0	219.7	189.0	-3.3	-5.0	207.5	204.4	161.9	161.9	161.5	157.5	100.4	219.1	38.2	0.0	161.2	161.1	44.0	49.1	6.4	61.2	-1.0	0.0	.Autoclave.Outputs.PRESSIP\OutputValue	8.0	30.7	-57.9	-1.0	0.0	-1.0	-1.0	-1.0	0.0	0.0	0.0	-1.0	-1.0	0.0	0.0	0.0	-1.0	0.0
20:40:12	220.1	205.7	185.1	200.8	202.2	216.3	209.9	0.0	43.3	-0.1	0.0	0.0	216.3	185.1	-3.5	-4.9	203.3	200.7	158.5	158.5	157.9	154.4	100.5	220.1	39.2	0.0	156.7	156.6	44.0	41.8	6.3	64.8	-1.0	0.0	.Autoclave.Outputs.PRESSIP\OutputValue	8.0	31.2	-57.9	-1.0	0.0	-1.0	-1.0	-1.0	0.0	0.0	0.0	-1.0	-1.0	0.0	0.0	0.0	-1.0	0.0
20:41:12	221.1	202.1	180.5	197.8	198.4	212.1	206.0	0.0	43.1	-0.1	0.0	0.0	212.1	180.5	-3.9	-4.7	199.5	196.3	154.3	154.3	153.8	151.2	100.5	221.1	40.2	0.0	152.2	152.1	44.0	39.0	6.2	67.4	-1.0	0.0	.Autoclave.Outputs.PRESSIP\OutputValue	8.0	31.5	-57.8	-1.0	0.0	-1.0	-1.0	-1.0	0.0	0.0	0.0	-1.0	-1.0	0.0	0.0	0.0	-1.0	0.0
20:42:12	222.1	197.5	175.7	192.0	193.6	207.7	201.2	0.0	43.6	-0.1	0.0	0.0	207.7	175.7	-4.2	-5.0	194.6	191.7	148.7	148.7	148.1	149.2	100.6	222.1	41.2	0.0	147.7	147.6	44.0	48.8	6.1	62.3	0.0	0.0	.Autoclave.Outputs.PRESSIP\OutputValue	8.0	31.9	-59.0	-1.0	0.0	-1.0	-1.0	-1.0	0.0	0.0	0.0	-1.0	-1.0	0.0	0.0	0.0	-1.0	0.0
20:43:12	223.1	192.7	171.5	188.3	189.4	203.4	197.1	0.0	43.6	-0.1	0.0	0.0	203.4	171.5	-4.2	-4.7	190.4	187.4	144.2	144.2	143.6	140.9	100.6	223.1	42.2	0.0	143.2	143.1	44.0	47.4	5.9	61.9	-1.0	0.0	.Autoclave.Outputs.PRESSIP\OutputValue	8.0	31.8	-59.2	-1.0	0.0	-1.0	-1.0	-1.0	0.0	0.0	0.0	-1.0	-1.0	0.0	0.0	0.0	-1.0	0.0
20:44:12	224.1	188.4	167.2	184.0	185.4	199.7	193.0	-0.1	43.3	-0.1	-0.1	-0.1	199.7	167.2	-3.7	-4.5	186.3	183.4	140.7	140.7	140.1	137.5	100.5	224.1	43.2	0.0	138.6	138.6	44.0	40.6	5.8	65.0	-1.0	0.0	.Autoclave.Outputs.PRESSIP\OutputValue	8.0	32.4	-59.0	-1.0	0.0	-1.0	-1.0	-1.0	0.0	0.0	0.0	-1.0	-1.0	0.0	0.0	0.0	-1.0	0.0
20:45:12	225.1	184.2	162.8	178.9	181.3	194.9	188.7	0.0	43.5	-0.1	0.0	0.0	194.9	162.8	-4.2	-5.1	181.8	178.8	136.2	136.2	135.8	133.6	100.4	225.1	44.2	0.0	134.2	134.1	44.0	40.5	5.6	62.7	-1.0	0.0	.Autoclave.Outputs.PRESSIP\OutputValue	8.0	32.0	-58.7	-1.0	0.0	-1.0	-1.0	-1.0	0.0	0.0	0.0	-1.0	-1.0	0.0	0.0	0.0	-1.0	0.0
20:46:12	226.1	181.1	158.5	175.2	176.4	191.4	184.7	0.0	43.2	-0.1	0.0	0.0	191.4	158.5	-3.1	-5.0	177.9	174.9	132.1	132.1	131.5	130.2	100.4	226.1	45.2	0.0	129.7	129.6	44.0	36.9	5.4	66.3	-1.0	0.0	.Autoclave.Outputs.PRESSIP\OutputValue	8.0	32.9	-59.3	-1.0	0.0	-1.0	-1.0	-1.0	0.0	0.0	0.0	-1.0	-1.0	0.0	0.0	0.0	-1.0	0.0
20:47:12	227.1	176.9	155.4	171.3	172.8	188.4	180.9	-0.1	43.5	-0.1	-0.1	-0.1	188.4	155.4	-3.4	-6.4	174.3	171.9	128.9	128.9	128.2	127.4	100.4	227.1	46.2	0.0	125.2	125.1	44.0	28.7	5.1	62.7	-1.0	0.0	.Autoclave.Outputs.PRESSIP\OutputValue	8.0	33.0	-59.5	-1.0	0.0	-1.0	-1.0	-1.0	0.0	0.0	0.0	-1.0	-1.0	0.0	0.0	0.0	-1.0	0.0
20:48:12	228.1	172.5	151.3	167.6	168.9	184.1	176.6	0.0	43.3	-0.1	0.0	0.0	184.1	151.3	-2.0	-4.3	170.2	167.7	125.9	125.9	125.4	124.7	100.3	228.1	47.2	0.0	120.6	120.6	44.0	18.2	4.7	65.1	-1.0	0.0	.Autoclave.Outputs.PRESSIP\OutputValue	8.0	32.8	-58.2	-1.0	0.0	-1.0	-1.0	-1.0	0.0	0.0	0.0	-1.0	-1.0	0.0	0.0	0.0	-1.0	0.0
20:49:12	229.1	169.6	147.9	163.2	165.3	180.4	172.7	0.0	43.1	-0.1	0.0	0.0	180.4	147.9	-3.4	-5.2	166.5	164.1	123.1	123.1	122.8	122.6	100.3	229.1	48.2	0.0	116.2	116.1	44.0	5.0	4.1	67.4	-1.0	0.0	.Autoclave.Outputs.PRESSIP\OutputValue	8.0	32.5	-57.2	-1.0	0.0	-1.0	-1.0	-1.0	0.0	0.0	0.0	-1.0	-1.0	0.0	0.0	0.0	-1.0	0.0
20:50:12	230.1	166.7	145.0	159.7	161.7	177.1	168.7	-0.1	43.4	-0.1	-0.1	-0.1	177.1	145.0	-2.8	-3.7	163.1	161.0	121.4	121.4	120.8	120.7	100.4	230.1	49.2	0.0	111.7	111.6	44.0	0.0	0.0	63.6	-1.0	0.0	.Autoclave.Outputs.PRESSIP\OutputValue	8.0	32.1	-55.6	-1.0	0.0	-1.0	-1.0	-1.0	0.0	0.0	0.0	-1.0	-1.0	0.0	0.0	0.0	-1.0	0.0
20:51:12	231.1	163.0	141.8	156.4	158.5	173.4	165.3	0.0	43.2	-0.1	0.0	0.0	173.4	141.8	-3.0	-4.0	159.7	157.6	119.4	119.4	118.7	119.1	100.2	231.1	50.2	0.0	107.2	107.1	44.0	0.0	0.0	65.5	-1.0	0.0	.Autoclave.Outputs.PRESSIP\OutputValue	8.0	31.6	-53.9	-1.0	0.0	-1.0	-1.0	-1.0	0.0	0.0	0.0	-1.0	-1.0	0.0	0.0	0.0	-1.0	0.0
20:52:12	232.1	159.3	139.0	153.1	155.5	170.2	161.7	0.0	43.1	-0.1	0.0	0.0	170.2	139.0	-2.9	-3.4	156.5	154.6	117.4	117.3	116.7	117.4	100.2	232.1	51.2	0.0	102.7	102.6	44.0	0.0	0.0	67.4	-1.0	0.0	.Autoclave.Outputs.PRESSIP\OutputValue	8.0	31.2	-52.7	-1.0	0.0	-1.0	-1.0	-1.0	0.0	0.0	0.0	-1.0	-1.0	0.0	0.0	0.0	-1.0	0.0
20:53:12	233.1	156.9	136.5	150.1	152.3	167.1	158.4	0.0	43.5	-0.1	0.0	0.0	167.1	136.5	-2.8	-3.3	153.5	151.8	115.9	116.0	115.3	116.0	100.4	233.1	52.2	0.0	98.1	98.1	44.0	0.0	0.0	63.3	-1.0	0.0	.Autoclave.Outputs.PRESSIP\OutputValue	8.0	30.6	-51.1	-1.0	0.0	-1.0	-1.0	-1.0	0.0	0.0	0.0	-1.0	-1.0	0.0	0.0	0.0	-1.0	0.0
20:54:12	234.1	153.9	133.9	147.1	149.4	164.2	155.1	0.0	43.3	-0.1	0.0	0.0	164.2	133.9	-2.5	-3.2	150.6	149.0	114.4	114.4	113.7	114.7	100.2	234.1	53.2	0.0	93.7	93.6	44.0	0.0	0.0	64.6	-1.0	0.0	.Autoclave.Outputs.PRESSIP\OutputValue	8.0	30.3	-49.7	-1.0	0.0	-1.0	-1.0	-1.0	0.0	0.0	0.0	-1.0	-1.0	0.0	0.0	0.0	-1.0	0.0
20:55:12	235.1	151.1	131.8	144.2	146.5	161.2	152.2	0.0	43.2	-0.1	0.0	0.0	161.2	131.8	-2.3	-3.3	147.8	146.5	112.8	112.9	112.2	113.4	100.2	235.1	54.2	0.0	89.2	89.1	44.0	0.0	0.0	66.3	-1.0	0.0	.Autoclave.Outputs.PRESSIP\OutputValue	8.0	29.4	-48.3	-1.0	0.0	-1.0	-1.0	-1.0	0.0	0.0	0.0	-1.0	-1.0	0.0	0.0	0.0	-1.0	0.0
20:56:12	236.1	148.7	129.2	141.5	143.8	158.2	149.2	0.0	43.0	-0.1	0.0	0.0	158.2	129.2	-2.3	-3.2	145.1	143.7	111.9	111.8	111.1	112.2	100.4	236.1	55.2	0.0	84.7	84.6	44.0	0.0	0.0	67.2	-1.0	0.0	.Autoclave.Outputs.PRESSIP\OutputValue	8.0	29.0	-46.2	-1.0	0.0	-1.0	-1.0	-1.0	0.0	0.0	0.0	-1.0	-1.0	0.0	0.0	0.0	-1.0	0.0
20:57:12	237.1	146.4	127.2	139.1	141.1	155.9	146.4	0.0	43.5	-0.1	0.0	0.0	155.9	127.2	-2.0	-2.8	142.7	141.5	110.8	110.8	110.0	111.3	100.6	237.1	56.2	0.0	80.2	80.2	44.0	0.0	0.0	62.5	-1.0	0.0	.Autoclave.Outputs.PRESSIP\OutputValue	8.0	28.7	-45.0	-1.0	0.0	-1.0	-1.0	-1.0	0.0	0.0	0.0	-1.0	-1.0	0.0	0.0	0.0	-1.0	0.0
20:58:12	238.1	144.0	125.3	136.6	138.8	152.8	143.7	0.0	43.4	-0.1	0.0	0.0	152.8	125.3	-2.0	-3.0	140.2	139.0	109.6	109.6	109.0	110.4	100.4	238.1	57.2	0.0	80.0	80.0	44.0	0.0	0.0	64.0	-1.0	0.0	.Autoclave.Outputs.PRESSIP\OutputValue	8.0	27.5	-43.1	-1.0	0.0	-1.0	-1.0	-1.0	0.0	0.0	0.0	-1.0	-1.0	0.0	0.0	0.0	-1.0	0.0
20:59:12	239.1	141.4	123.5	134.3	136.4	150.4	141.1	0.0	43.3	-0.1	0.0	0.0	150.4	123.5	-1.9	-2.7	137.8	136.9	108.5	108.5	107.7	109.3	100.2	239.1	58.2	0.0	80.0	80.0	44.0	0.0	0.0	65.3	-1.0	0.0	.Autoclave.Outputs.PRESSIP\OutputValue	8.0	26.9	-41.8	-1.0	0.0	-1.0	-1.0	-1.0	0.0	0.0	0.0	-1.0	-1.0	0.0	0.0	0.0	-1.0	0.0
21:00:13	240.1	139.4	121.9	132.2	134.0	148.0	138.6	0.0	43.2	-0.1	0.0	0.0	148.0	121.9	-1.6	-2.5	135.7	134.9	107.4	107.4	106.7	108.5	100.3	240.1	59.2	0.0	80.0	80.0	44.0	0.0	0.0	66.1	-1.0	0.0	.Autoclave.Outputs.PRESSIP\OutputValue	8.0	26.1	-40.6	-1.0	0.0	-1.0	-1.0	-1.0	0.0	0.0	0.0	-1.0	-1.0	0.0	0.0	0.0	-1.0	0.0
21:00:13	240.1	139.4	121.9	132.2	134.0	148.0	138.6	0.0	43.2	-0.1	0.0	0.0	148.0	121.9	-1.6	-2.5	135.7	134.9	107.4	107.4	106.7	108.5	100.3	240.1	59.2	0.0	80.0	80.0	44.0	0.0	0.0	66.1	-1.0	0.0	.Autoclave.Outputs.PRESSIP\OutputValue	8.0	26.1	-40.5	-1.0	0.0	-1.0	-1.0	-1.0	0.0	0.0	0.0	-1.0	-1.0	0.0	0.0	0.0	-1.0	0.0
21:01:12	241.1	136.9	119.5	129.8	131.5	145.6	135.9	0.0	35.0	-0.1	0.0	0.0	145.6	119.5	-2.4	-2.8	133.2	132.5	103.0	102.8	102.1	103.6	99.4	241.1	1.0	0.0	80.0	80.0	34.1	0.0	0.0	48.3	-1.0	0.0	.Autoclave.Outputs.PRESSIP\OutputValue	7.0	26.1	-42.5	-1.0	0.0	-1.0	-1.0	-1.0	0.0	0.0	0.0	-1.0	-1.0	0.0	0.0	0.0	-1.0	0.0
21:02:12	242.1	135.3	116.9	127.6	129.4	143.0	133.8	-0.1	25.2	-0.1	-0.1	-0.1	143.0	116.9	-1.7	-2.7	131.0	129.9	99.1	99.1	98.5	100.2	98.5	242.1	2.0	0.0	80.0	80.0	24.1	0.0	0.0	44.7	-1.0	0.0	.Autoclave.Outputs.PRESSIP\OutputValue	5.7	26.1	-43.8	-1.0	0.0	-1.0	-1.0	-1.0	0.0	0.0	0.0	-1.0	-1.0	-1.0	0.0	0.0	-1.0	0.0
21:03:12	243.1	132.8	114.9	126.0	128.0	142.0	132.2	-0.2	14.6	-0.1	-0.2	-0.2	142.0	114.9	-1.1	-2.5	129.3	128.4	95.8	95.8	95.0	96.6	97.8	243.1	3.0	0.0	80.0	80.0	14.0	0.0	0.0	48.9	-1.0	0.0	.Autoclave.Outputs.PRESSIP\OutputValue	4.2	27.1	-46.1	-1.0	0.0	-1.0	-1.0	-1.0	0.0	0.0	0.0	-1.0	-1.0	-1.0	0.0	0.0	-1.0	0.0
21:04:12	244.1	131.5	113.4	124.5	127.0	140.4	131.0	-1.0	5.4	-0.1	-1.0	-1.0	140.4	113.4	-1.0	-1.7	128.0	126.9	92.6	92.6	91.8	93.9	97.0	244.1	4.0	0.0	80.0	80.0	4.1	0.0	0.0	38.9	-1.0	0.0	.Autoclave.Outputs.PRESSIP\OutputValue	2.5	27.0	-47.7	-1.0	0.0	-1.0	-1.0	-1.0	0.0	0.0	0.0	-1.0	-1.0	-1.0	0.0	0.0	-1.0	0.0
21:05:06	245.0	131.5	113.0	124.2	126.6	139.7	130.1	-1.6	1.0	-0.1	-1.6	-1.6	139.7	113.0	-0.2	-1.0	127.5	126.3	92.1	92.2	91.5	93.9	96.8	245.0	4.9	0.0	80.0	80.0	0.0	0.0	0.0	38.8	-1.0	0.0	.Autoclave.Outputs.PRESSIP\OutputValue	-1.0	26.7	-47.6	-1.0	0.0	-1.0	-1.0	-1.0	0.0	0.0	0.0	-1.0	-1.0	-1.0	0.0	0.0	-1.0	0.0
