82.7058823529
82.7058823529
82.7058823529
82.7058823529
82.7149593304
82.7319344571
83.9688553578
85.4679005069
86.4456678062
87.7161617352
89.5630555228
91.4099493104
93.2568430980
95.0771071555
96.9071201226
98.8219144171
100.7173995049
102.5846634445
103.6400683720
104.3020983143
105.5231875516
106.9342449605
108.9339148886
110.9125898857
112.8681244843
114.8867263940
116.9274195450
118.9949899800
121.0691618531
123.1604974655
125.2407285159
127.3116939762
129.4654131793
131.6347047035
133.7633855947
135.9392196157
138.2037015207
140.4494046917
142.6833313686
144.8873158081
147.1035129082
149.4121301426
151.7094306260
153.9908876577
156.2607332312
158.5252151362
160.9253565955
163.3428268301
165.7974301544
168.2157255688
170.5956383355
173.0036897324
175.4240598845
177.9906990451
180.5260285276
182.9840268773
184.8743015443
186.3103972651
187.4531415773
188.6666981021
191.2299422374
193.8065424968
196.4071319109
198.9461864906
201.4483201698
204.0049864435
206.5747377107
209.1787221502
211.7725568785
214.3527761405
216.8905575858
219.4096663916
221.9940822822
224.5686431687
227.1013320759
229.6778498173
232.2988093835
234.8367794412
237.3517505599
239.9489449487
242.5461393375
245.1433337263
247.6963338442
250.2154426500
252.7854768360
255.3735588825
258.0318637275
260.6476836025
263.1905575858
265.8197217965
268.4983967936
271.0943180479
273.6871036190
276.3080631852
278.8978309560
281.4474949900
284.0569845573
286.6915242249
289.2963574207
291.9060356006
294.5337852175
297.1443239420
299.7381233054
302.2057408936
304.6464811977
307.3149711187
309.9572321113
312.5408463987
315.1479429447
317.7722975362
320.3766002593
322.9688907226
325.4947895792
327.8960509254
330.0926323235
331.3990097843
332.2172108924
332.1704231993
332.2492160792
333.2711187080
334.1515973123
334.8577625840
335.4983614287
336.1128610161
336.6339502534
337.1567841565
337.6898031357
338.2105269362
338.7197807379
339.2157137805
339.7044559708
340.1288341389
340.5510432630
340.9686313804
341.3902039373
341.8145821054
342.1345632441
342.4507485559
342.8683366733
343.2476364494
343.5667688318
343.8680773311
344.1600495108
344.5084639868
344.8466344454
345.1216314983
345.4012967111
345.6864788400
345.9420959566
346.1865377814
346.3871507721
346.5998349640
346.8476718142
347.1080513969
347.3796534245
347.5540728516
347.7053636685
347.8853000118
348.0730755629
348.2767770836
348.4662855122
348.6462218555
348.8349640457
349.0197100083
349.1690911234
349.3320287634
349.5153601320
349.6602145467
349.7858304845
349.9177885182
350.0433573028
350.1418130378
350.3039254981
350.5381822468
350.6524814335
350.7239066368
350.8325474478
350.9457856890
351.0714016268
351.1787457267
351.2704114111
351.3456678062
351.4182011081
351.5064717671
351.6213132147
351.7876694566
351.9189555582
352.0275963692
352.0530590593
352.0792054698
352.1810562301
352.2662147825
352.3273252387
352.4045267005
352.4894023341
352.5774843805
352.6528115054
352.6799717081
352.7299068726
352.8045974302
352.8133914889
352.8007544501
352.8550748556
352.9055758576
352.9463161617
353.0038194035
353.0751149358
353.1187080042
353.1585995520
353.2265000589
353.2884474832
353.3393728634
353.4154780149
353.5071436992
353.4755628905
353.4409996464
353.4783449251
353.5213957326
353.5723211128
353.6372509725
353.7085465048
353.7214900389
353.7316751149
353.7418601910
353.7503831192
353.7571731699
353.7768124484
353.8013202876
353.8556406932
353.9030295886
353.9335848167
354.0115878816
354.1270187434
354.0909465991
354.0310031828
354.0479783096
354.0723093245
354.1096546033
354.1405988447
354.1677590475
354.1857951197
354.2011080986
354.2078981492
354.2263821761
354.2603324296
354.2848049039
354.3051750560
354.2960509254
354.2637510315
354.1585052458
354.5913709772
355.5623482259
355.0900389013
354.1846516563
353.4037958269
353.0865024166
353.8401980431
354.1840386656
354.2179889190
353.9394318048
353.6706589650
354.0101614995
354.2348815278
354.2654367559
353.6821525404
352.7519155959
353.5385005305
354.3411882589
354.3751385123
354.4120829895
354.4528232936
354.4142048803
354.3429093481
354.4306141695
354.3448662030
353.7066014382
353.6731109277
354.2197100083
354.3887068254
354.4418484027
354.3264175410
354.2979842037
354.4609454203
354.5136626194
354.4865024166
354.4535895320
354.4254744784
354.4424496051
354.4788753979
354.5467759048
354.4802074738
354.3410114346
353.8470352470
353.5201108099
354.0768949664
354.4313921962
354.5400330072
354.5730284098
354.5764234351
354.6199929270
354.5995874101
354.3890958387
354.1679948132
353.9371330897
353.7250029471
353.5592125427
354.0956265472
354.3831781209
354.1489213722
353.9507367677
353.7775904751
353.8111752918
353.9062360014
354.1914181304
354.4246492986
354.5774254391
354.3024048096
353.8067311093
354.4535895320
354.9387952375
354.3820110810
353.8769656961
353.4322173759
353.1161971001
352.8479900978
352.9925380172
353.2039254981
353.5977484381
353.3621124602
352.5710715549
353.2061770600
354.1424613934
354.2511022044
354.1707532712
353.7124248497
353.5457267476
353.5728869504
353.8181303784
354.0620417305
354.0858069079
353.7800188613
352.9855829306
353.1376046210
353.7554992338
354.0423788754
354.2397265118
354.1752210303
354.0081103383
353.7263232347
353.6253212307
353.5837793234
352.9421195332
352.7763409171
353.8695390782
354.4184015089
354.5066721679
354.5619827891
354.6048449841
354.5912648827
353.6148768124
350.8004008016
349.7058823529
349.7058823529
347.0962513262
344.5296121655
344.3293056702
343.0390192149
340.2007780266
338.9313686196
338.3983496405
338.2901332076
337.6724507839
335.1126016739
332.7395496876
330.5667334669
329.1374277968
327.9276670989
325.1165861134
322.8932217376
322.1463161617
320.2635624190
317.4592714841
315.8262171402
314.3713662619
312.0763291288
309.6646587292
307.0403041377
305.2621006719
303.9991512437
301.4838146882
298.8490628315
296.4148296593
294.4652599316
293.1751503006
291.0546033243
288.5626547212
286.0251561947
283.5017682424
281.0335848167
278.7796652128
276.7460450312
274.8983024873
273.1041258989
271.1350111989
268.9965578215
266.4536838383
263.9700106095
261.5323824119
258.9820582341
256.4191913238
253.9544029235
251.5836850171
249.3769185430
247.2366615584
245.1351408700
242.9175999057
240.6434987622
238.1515501591
235.7863255924
233.5863491689
231.3244606861
229.0362136037
226.6229871508
224.1961098668
221.7381115172
219.3860898267
217.1385830484
214.7942473182
212.4173641400
209.9457856890
207.5229635742
205.2109513144
202.7997406578
200.3145821054
197.6839325710
195.0530354827
192.6493575386
190.2940587056
188.0193917246
185.4786632088
182.7898031357
180.3511139927
177.9546858423
175.6392785571
173.4430743841
171.3958741011
169.2423435106
167.0457621125
165.1417187316
163.2547801485
161.4010963103
159.5700931274
157.7605446186
156.0066957444
154.2720735589
152.6085111399
150.9664033950
149.3707414830
147.8344925144
146.3406813627
144.8786396322
143.4201697513
141.9467287516
140.4994577390
139.0939172463
137.7570788636
136.4567841565
135.3407992455
134.2586349169
133.2537074148
132.3012849228
131.4117882824
130.5222916421
129.6327950018
128.8407285159
128.0287516209
127.1562301073
126.3175291760
125.5095131439
124.7660025934
124.0414711776
123.3488860073
122.6596251326
121.9772250383
121.3008723329
120.6286573146
120.0032182011
119.4158552399
119.0356124013
118.5908640811
118.0476600259
117.0383826476
115.7924083461
114.7581044442
113.7637863963
112.8674997053
112.1339148886
111.5873158081
111.4113285394
111.3705882353
