83.1866666667
83.1866666667
83.1866666667
83.1866666667
83.1866666667
83.5409752839
85.1718370073
86.2191315965
86.9564595858
89.1518503674
91.2672945892
93.2786907148
95.4868537074
97.7293386774
99.9623647295
102.1953907816
104.3000000000
104.3000000000
105.3344689379
107.5674949900
109.8877354709
112.1992919172
114.4532264529
116.7384635939
119.0557114228
121.5563660655
124.0096993988
126.4141750167
128.8261589846
131.2212291249
133.5755243821
136.0425250501
138.5557247829
141.0689245157
143.5668804275
146.0508082832
148.4882431530
150.9581162325
153.5005878424
156.1109552438
158.7448229793
161.3751102204
163.9594388778
166.5060921844
169.1166599866
171.7724916500
174.5031396126
177.2337875752
179.9341349365
182.4891516366
185.1481496326
187.8829792919
189.6261189045
191.0907414830
192.1445290581
194.4957114228
197.1955110220
199.9554308617
202.7280427522
205.5081229125
208.2304074816
210.9456913828
213.6512491650
216.2809752839
218.9426319305
221.7652772211
224.5134802939
227.2242484970
230.0552571810
232.8245424182
235.5175551102
238.1677621910
240.8863460254
243.8218971276
246.6879759519
249.5160454242
252.3052371409
255.1004008016
257.9021376086
260.6670006680
263.4509686039
266.2945223781
269.0511022044
271.7708617234
274.5056913828
277.2785170341
280.0886172345
283.0243687375
285.8626853707
288.4637007348
291.1703941216
293.9252505010
296.7311690047
299.5348563794
302.3365931864
305.1658249833
307.9650901804
310.7041015364
313.4305544422
316.1744422178
319.0347227789
321.8291649967
324.5723580494
327.3843687375
330.1767668671
332.9325050100
334.1332932532
334.8695657983
335.4968203073
336.1117167669
336.7180627923
337.1910220441
337.6770207081
338.1830060120
338.6349098196
339.0614562458
339.4419906480
339.8043820975
340.1574615898
340.5798129593
340.9678957916
341.3107949232
341.6326920508
341.9565931864
342.2994923180
342.5745891784
342.8152171009
343.0953907816
343.3736406146
343.6496325985
343.8930394122
343.6487641951
342.1098997996
342.5026853707
343.7393186373
344.1323981296
344.4845958584
344.7940414162
345.0286706747
345.2381563126
345.4096058784
345.4865731463
345.5578757515
345.8965931864
346.1682164329
346.3773012692
346.4975818303
346.6710354041
346.9679358717
347.1449966600
347.2564729459
347.2313827655
347.3890581162
347.6985036740
347.9123981296
348.0990380762
348.2453974616
348.3310888444
348.4164061456
348.5920374081
348.7171676687
348.8049832999
348.9338142953
349.0537474950
349.1582899132
349.2429525718
349.3331730127
349.4669873079
349.5881763527
349.7011623246
349.8224315297
349.9020173681
349.9229258517
350.0434068136
350.1789445558
350.2918503674
350.4179826319
350.5473079492
350.5640347361
350.6346158985
350.7726118904
350.9212692051
351.0376085504
351.0543353373
351.0931863727
351.1461723447
351.2381696727
351.3163259853
351.3790514362
351.4454509018
351.4766867067
351.4181429526
351.5414028056
351.7242618570
351.6991716767
351.7474949900
351.8687641951
351.9824448898
352.0586907148
352.0545090180
352.1134535738
352.1913560454
352.2289913160
352.2932398130
352.3810554442
352.4062391450
352.4342952572
352.4761122244
352.5366867067
352.6010287241
352.6512090848
352.6850233801
352.7059318637
352.7631529726
352.8139478958
352.8515831663
352.8762324649
352.8971409486
352.9180494322
352.9389579158
352.9598663995
352.9973947896
353.0367000668
353.0785170341
353.0967668671
353.1119572478
353.1370474282
353.1982364729
353.2790647963
353.2372478290
353.2222845691
353.2431930528
353.3094321977
353.3826987308
353.4496058784
353.4382498330
353.3896593186
353.4482030728
353.4742685371
353.4617234469
353.5285370741
353.5810554442
353.5601469606
353.5505143621
353.5486706747
353.5737608550
353.5399599198
353.4437808951
353.5451569806
353.6544555778
353.7255444222
353.7789979960
353.8181830327
353.8014562458
353.6685771543
353.4260387442
353.6144422178
353.7530394122
353.7112224449
353.8040213761
353.9283901136
353.9409352037
353.9398530394
353.9273079492
353.9306346025
353.9288844355
353.9163393454
353.9292317969
353.9487508350
353.9612959252
353.9786239145
353.9995323981
354.0040881764
354.0243019372
354.0703006012
354.1063994656
354.1292585170
354.1083500334
354.0949766199
354.0868002672
354.1077087508
354.1217234469
354.1259051436
354.0993052772
354.0705277221
354.0579826319
354.0822845691
354.1088844355
353.6028991316
353.5670541082
354.1274014696
354.1637675351
354.1242217769
354.1409485638
354.1494188377
354.1562725451
354.2022712091
354.2188109552
354.2020841683
354.2292852371
354.2768470274
354.3604809619
354.3091115564
354.2159652639
354.3163259853
354.3520774883
354.3228056112
354.2821910488
354.2688844355
354.3190647963
354.3423112892
354.3568871075
354.3861589846
354.2963927856
354.0998530394
354.2544154977
354.3662525050
354.3453440214
354.3306613226
354.3269071476
354.3729058116
354.3840347361
354.3673079492
354.3505811623
354.3307815631
354.3056913828
354.2741349365
354.2736005344
354.4241416166
354.4940013360
354.5065464262
354.4486840347
354.4083633935
354.3958183033
354.3866265865
354.3808684035
354.3850501002
354.3892317969
354.3938142953
354.4189044756
354.4191182365
354.3856646627
354.3973680695
354.4143219773
354.4185036740
354.4200000000
354.4210020040
354.4419104876
354.4571275885
354.4654909820
354.4630728123
354.4577822311
354.4494188377
354.4494722779
354.4533333333
354.4533333333
354.4331596526
354.3913426854
354.4869472278
354.5420841683
354.4584502338
353.9769004676
353.4612291249
354.1052104208
352.6436472946
349.1686573146
349.0985571142
348.0293787575
344.2156713427
343.1282164329
342.5661456246
338.8360721443
337.1200000000
337.1200000000
336.8748162993
335.4663193053
331.9369672679
330.5448897796
329.3932531730
325.9558984636
323.8835671343
322.8465063460
319.8902070808
316.8946960588
313.9173279893
312.2250100200
310.4570340681
306.8942284569
304.8554041416
303.8362191049
300.5661322645
297.9663994656
296.3355377422
293.8870407482
291.0728122912
287.6229124916
285.2859051436
283.5973279893
281.4270273881
278.8668670675
275.8058650635
272.8647828991
270.1137341349
267.8681629927
265.9813760855
264.2135470942
261.3616299265
258.4785036740
255.5596793587
252.5496726787
249.6808951236
247.2136940548
245.2039412158
243.3470808283
240.8924248497
238.2700334001
235.4766599866
232.6267735471
229.8335203741
227.1823246493
224.4447294589
221.6608951236
218.7922511690
216.1251837007
213.6412558450
210.8618570474
208.1498997996
205.6157915832
203.0599866399
200.4990647963
197.9524114896
195.3364195057
192.6643152973
190.1164595858
187.6303406814
185.2425918504
182.4169539078
179.5317702071
176.9809352037
174.3231128925
171.5882832331
168.9649164997
166.4859585838
164.2278423514
161.9263059452
159.6668403474
157.6136272545
155.6318637275
153.6948029392
151.7001336005
149.7671877088
147.9188777555
146.2228189713
144.5741082164
142.9767000668
141.4273881096
139.9009485638
138.2826319305
136.7585036740
135.3492718771
133.9400400802
132.5527187709
131.2271209085
130.0383433534
128.9336272545
128.0303807615
127.1531863727
126.3043019372
125.5442351369
124.7981429526
124.0579826319
123.2566599866
122.4380895124
121.7021108884
121.0043687375
120.3436606546
119.7364462258
119.1115698063
118.4383166333
117.8257181029
117.2486973948
116.7552571810
116.2101937208
115.6205744823
115.1018971276
114.6123046092
114.1690447562
113.6406546426
113.1546292585
113.0375417502
112.4451436206
111.4875350701
110.3146693387
109.2158316633
108.2498597194
107.3657181029
106.6138543754
106.3336806947
106.2324248497
106.2533333333
