354.3000000000
354.3237045520
354.3474091039
354.3711136559
354.3834383052
354.3775121672
354.3715860292
354.3656598912
354.3718723161
354.3817492127
354.3916261094
354.4000000000
354.4000000000
354.4000000000
354.4000000000
354.4042370455
354.4121385628
354.4200400802
354.4279415975
354.4358431148
354.4437446321
354.4516461494
354.4751789293
354.5344403092
354.5937016891
354.6529630690
354.6428714572
354.6013884913
354.5599055253
354.5212854280
354.5193100487
354.5173346693
354.5153592900
354.5142857143
354.5142857143
354.5142857143
354.5142857143
354.5292298883
354.5470083023
354.5647867163
354.5767964500
354.5688949327
354.5609934154
354.5530918981
354.5584168337
354.5722444890
354.5860721443
354.5998997996
354.5980389350
354.5960635557
354.5940881764
354.5883910679
354.5765387919
354.5646865159
354.5528342399
354.5560120240
354.5639135414
354.5718150587
354.5805754366
354.5944030919
354.6082307472
354.6220584025
354.6223017463
354.6104494704
354.5985971944
354.5867449184
354.5929287146
354.6008302319
354.6087317492
354.6154594904
354.6194102491
354.6233610077
354.6273117664
354.6272258803
354.6252505010
354.6232751217
354.6223303750
354.6361580303
354.6499856857
354.6638133410
354.6732035500
354.6771543086
354.6811050673
354.6850558259
354.6741912396
354.6603635843
354.6465359290
354.6335671343
354.6236902376
354.6138133410
354.6039364443
354.6035642714
354.6094904094
354.6154165474
354.6213426854
354.6350558259
354.6488834812
354.6627111366
354.6626681935
354.6389636416
354.6152590896
354.5915545376
354.5976238191
354.6134268537
354.6292298883
354.6428571429
354.6428571429
354.6428571429
354.6428571429
354.6531634698
354.6729172631
354.6926710564
354.7124248497
354.7035499571
354.6916976811
354.6798454051
354.6651302605
354.6434010879
354.6216719153
354.5999427426
354.6208130547
354.6622960206
354.7037789865
354.7427426281
354.7407672488
354.7387918695
354.7368164901
354.7296020613
354.7157744060
354.7019467506
354.6881190953
354.6873461208
354.6893215001
354.6912968795
354.6970083023
354.7167620956
354.7365158889
354.7562696822
354.7607643859
354.7548382479
354.7489121099
354.7429859719
354.7235327798
354.7037789865
354.6840251932
354.6807328944
354.7064128257
354.7320927569
354.7577726882
354.7495419410
354.7297881477
354.7100343544
354.6925994847
354.6906241054
354.6886487260
354.6866733467
354.6958774692
354.7156312625
354.7353850558
354.7551388491
354.7393930719
354.7196392786
354.6998854853
354.6896221013
354.7034497567
354.7172774120
354.7311050673
354.7462496421
354.7620526768
354.7778557114
354.7930575437
354.7970083023
354.8009590610
354.8049098196
354.7959776696
354.7702977383
354.7446178070
354.7189378758
354.7159032350
354.7178786144
354.7198539937
354.7238333810
354.7356856570
354.7475379330
354.7593902090
354.7677640996
354.7736902376
354.7796163756
354.7855425136
354.7876324077
354.7896077870
354.7915831663
354.7767248783
354.7312911537
354.6858574291
354.6404237046
354.6723733181
354.7316346980
354.7908960779
354.8413970799
354.8295448039
354.8176925279
354.8058402519
354.7989979960
354.7970226167
354.7950472373
354.7930718580
354.7910964787
354.7891210993
354.7871457200
354.7813627255
354.7655596908
354.7497566562
354.7339536215
354.7376896650
354.7515173204
354.7653449757
354.7794302891
354.7991840825
354.8189378758
354.8386916691
354.8331090753
354.7936014887
354.7540939021
354.7145863155
354.7183653020
354.7321929573
354.7460206127
354.7637131406
354.7972945892
354.8308760378
354.8644574864
354.8579587747
354.8224019468
354.7868451188
354.7512882909
354.7480961924
354.7461208131
354.7441454337
354.7442313198
354.7481820784
354.7521328371
354.7560835958
354.7744918408
354.7981963928
354.8219009447
354.8398797595
354.8141998282
354.7885198969
354.7628399656
354.3608502720
353.5825508159
352.8042513599
352.0259519038
351.2808330948
350.5400658460
349.7992985972
349.0262238763
348.1649584884
347.3036931005
346.4424277126
345.6404237046
344.8700257658
344.0996278271
343.3134841111
342.1085027197
340.9035213284
339.6985399370
338.8115373604
338.3631262525
337.9147151446
337.4663040366
337.2689378758
337.1326367020
336.9963355282
336.6203549957
335.2119095334
333.8034640710
332.3950186086
331.6322788434
331.3517749785
331.0712711137
330.7907672488
329.2650873175
327.6828084741
326.1005296307
324.9481534498
324.6281419983
324.3081305468
323.9881190953
322.8020898941
321.2869739479
319.7718580017
318.3683939307
317.8804752362
317.3925565417
316.9046378471
315.9446321214
314.4986544518
313.0526767821
311.6066991125
310.6335671343
309.7268680218
308.8201689092
307.8557543659
306.7278127684
305.5998711709
304.4719295734
303.1567134269
301.7383910678
300.3200687088
298.9223017463
298.2131405668
297.5039793873
296.7948182078
295.7168622960
294.1148296593
292.5127970226
290.9107643859
290.1007443458
289.4923275122
288.8839106785
288.1327082737
286.7361150873
285.3395219009
283.9429287146
282.7506584598
281.7155596908
280.6804609218
279.6453621529
278.6777698254
277.7137847123
276.7497995992
275.6468794732
274.2660893215
272.8852991698
271.5045090180
270.1137990266
268.7191812196
267.3245634125
265.9740337818
265.0139994274
264.0539650730
263.0939307186
262.1645863155
261.2677640996
260.3709418838
259.4741196679
258.2749785285
257.0304895505
255.7860005726
254.5189665044
253.1855854566
251.8522044088
250.5188233610
249.2181935299
247.9361723447
246.6541511595
245.3715717149
244.0638705983
242.7561694818
241.4484683653
240.2056971085
239.0580017177
237.9103063269
236.7626109362
235.6492413398
234.5450042943
233.4407672488
232.3406527340
231.2601202405
230.1795877469
229.0990552534
228.0196249642
226.9410678500
225.8625107358
224.7839536215
223.6272401947
222.4657171486
221.3041941025
220.1246349843
218.9078013169
217.6909676496
216.4741339823
215.2629115374
214.0539793873
212.8450472373
211.6340681363
210.4034068136
209.1727454910
207.9420841683
206.7284282851
205.5333237904
204.3382192957
203.1431148010
201.9258660177
200.7050815918
199.4842971658
198.2586458632
197.0181076439
195.7775694246
194.5370312053
193.2852848554
192.0269682222
190.7686515889
189.5097623819
188.2119381620
186.9141139422
185.6162897223
184.3436587461
183.1090466648
181.8744345835
180.6398225021
179.4624105354
178.3008874893
177.1393644432
175.9748783281
174.7955768680
173.6162754080
172.4369739479
171.2511451474
170.0599914114
168.8688376754
167.6776839393
166.3424992843
164.9972659605
163.6520326367
162.3905668480
161.3080589751
160.2255511022
159.1430432293
157.9536215288
156.7190094475
155.4843973662
154.2599198397
153.1418551388
152.0237904380
150.9057257372
149.8202261666
148.7712997423
147.7223733181
146.6734468938
145.6785714286
144.6928571429
143.7071428571
142.7389063842
141.8262811337
140.9136558832
140.0010306327
139.1068708846
138.2238763241
137.3408817635
136.4583595763
135.6405525336
134.8227454910
134.0049384483
133.2010449470
132.4187947323
131.6365445176
130.8542943029
130.0934869739
129.3388920699
128.5842971658
127.8353707415
127.1163326653
126.3972945892
125.6782565130
124.9774692242
124.2920125966
123.6065559691
122.9210993415
122.2906097910
121.6644145434
121.0382192957
120.4446464357
119.9231462926
119.4016461494
118.8801460063
118.6884483252
118.6410392213
118.5936301174
118.4813484111
117.6200830232
116.7588176353
115.8975522474
115.1205697109
114.4410392213
113.7615087317
113.0819782422
112.5029344403
111.9419267106
111.3809189808
110.8414400229
110.3732751217
109.9051102204
109.4369453192
109.1877898654
109.0751932436
108.9625966218
108.8500000000
