80.3666666667
80.3666666667
80.3666666667
80.3666666667
80.3666666667
80.3666666667
80.6963259853
82.0568247606
83.6062346916
85.5514584725
87.3891338232
89.0680472055
90.7680026720
92.4903362280
94.2421287018
96.0165664663
97.7554664885
99.4749053663
101.2553662881
103.0587508350
103.7258628368
104.1224337564
105.4680026720
106.9327098642
108.8463148519
110.7790915164
112.8053662881
114.8270986417
116.8186372745
118.8297706524
120.9139389891
122.9752616344
124.9812736584
127.0110443108
129.0807392563
131.1806501893
133.3169227344
135.4702182142
137.6383322200
139.8082275662
141.9792362503
144.1824871966
146.3998107326
148.6733578268
150.9630483189
153.1981184591
155.4241260298
157.6284012469
159.8328657315
162.1196615453
164.4131151191
166.7664885326
169.1151525273
171.4424738366
173.7720663549
176.1080716990
178.4629035849
180.8539078156
183.2167446003
185.5411712314
187.8830995324
190.2422623024
191.5454464485
192.0983299933
193.5198730795
195.3782565130
197.5347027388
199.7925517702
202.1581162325
204.5462257849
206.9921398352
209.4439323091
211.7583834335
214.0780449788
216.4893119572
218.8806056558
221.1587174349
223.4835894010
225.9643286573
228.4071921621
230.7663549321
233.1505010020
235.5733466934
237.9263527054
240.2015698063
242.4751837007
244.7475061234
247.0767757738
249.4388332220
251.8112447116
254.1877755511
256.5758294367
258.9668336673
261.3375306168
263.7053774215
266.1092629704
268.5079492318
270.7368514807
272.9854264084
275.3793253173
277.7743820975
280.1740703629
282.5282453796
284.7658316633
287.0369071476
289.3671231352
291.7203852149
294.1027054108
296.4562569584
298.7835782676
301.1178913382
303.4567913605
305.8452349143
308.2565018927
310.5215430862
312.7417613004
315.1481295925
317.5883433534
319.9587953685
322.3238365620
324.7003674015
327.0745936317
329.4250723670
331.7848586061
334.1903362280
336.5270652416
338.6575484302
339.6821531953
338.4692830105
338.5417947005
340.4522823425
341.7058116232
342.2818525941
342.8578935649
343.4339345357
343.8472055222
344.1743041639
344.6332442663
345.1398129593
345.5779336451
346.0005566689
346.3557336896
346.7030950790
347.0702516143
347.4353707415
347.7595747050
348.0745602316
348.3321865954
348.5885437542
348.8403807615
349.0844021376
349.3101870407
349.5315631263
349.7457693164
349.9626475173
350.1826430639
350.3790915164
350.5556668893
350.7033845469
350.8336450679
350.9985415275
351.1780115787
351.3256847027
351.4646292585
351.5985637943
351.7317189935
351.8402248942
351.9484969940
352.0990202627
352.2464261857
352.3680026720
352.4781229125
352.5389111556
352.6067134269
352.6935537742
352.7722890225
352.8359719439
352.9021487419
352.9716210198
353.0174014696
353.0405588956
353.0808617234
353.1329659319
353.1850701403
353.2371743487
353.2718214206
353.3007682031
353.3490425295
353.4011467379
353.4506012024
353.4998107326
353.5403696281
353.5786684480
353.5902471610
353.6031952794
353.6234580272
353.6430305055
353.6603985749
353.6786907148
353.6989534625
353.7238476954
353.7556891561
353.7958806502
353.8450901804
353.8861723447
353.9209084836
353.9984079270
354.0997216656
354.0838232020
354.0230349588
354.0227454910
354.0372188822
354.0644956580
354.0934424404
354.1279781786
354.1613783122
354.1671676687
354.1777332443
354.2211534179
354.2579603652
354.2695390782
354.2752727678
354.2665887330
354.2632487197
354.2690380762
354.2800378535
354.2974059230
354.3024827433
354.2966933868
354.2909040303
354.2851146738
354.3073814295
354.3421175685
354.3522378090
354.3551324872
354.3506123358
354.3448229793
354.3444444444
354.3448897796
354.3738365620
354.4025050100
354.4285571142
354.4669004676
354.5624248497
354.6072255622
354.5059118236
354.4388888889
354.4388888889
354.4461701180
354.4635381875
354.4678802049
354.4591961701
354.4706858161
354.4967379203
354.5036406146
354.5007459363
354.5085949677
354.5201736807
354.5174571365
354.5116677800
354.5032620797
354.4945780450
354.4716432866
354.4520819417
354.4839234024
354.5051881541
354.4646626587
354.4412157649
354.4759519038
354.5044533511
354.5189267424
354.5266533066
354.5237586284
354.5059229570
354.4711868181
354.4651079938
354.4824760632
354.4961923848
354.5077710978
354.5049320864
354.4962480517
354.4806835894
354.4633155199
354.4813293253
354.5044867513
354.4945112447
354.4846359385
354.5222667557
354.5518815409
354.5200400802
354.4819527945
354.4182698731
354.3914606992
354.4609329771
354.5086617680
354.5173458027
354.5057225562
354.4680917390
354.4665330661
354.4983745268
354.5059006903
354.4972166555
354.4944444444
354.4944444444
354.5054664885
354.5199398798
354.5344132710
354.5488866622
354.5259519038
354.5001224672
354.5319639279
354.5601313739
354.5485526609
354.5317078602
354.4882876865
354.4626809174
354.4916276998
354.5082720998
354.4995880650
354.4968047206
354.5025940770
354.5069694945
354.5098641728
354.4979291917
354.4747717658
354.4798374527
354.5001002004
354.5097862391
354.5155755956
354.5025718103
354.4852037408
354.5143286573
354.5490647963
354.5387330216
354.5279336451
354.5308283233
354.5348920062
354.5464707192
354.5543086172
354.5485192607
354.5410153641
354.5294366511
354.5200400802
354.5142507237
354.5097862391
354.5068915609
354.5102315743
354.5189156090
354.5096749054
354.4894121576
354.4975172567
354.5177800045
354.5448229793
354.5737697617
354.5702961479
354.5616121131
352.1716655533
349.6966488533
349.7921732354
349.6084391004
347.0148073926
344.8796927188
344.7696949454
343.9967379203
341.3886328212
339.5600868403
339.2040414162
338.0632598530
335.8690937430
334.6345802717
334.3306390559
333.6655755956
332.7479625919
330.9760409708
328.7818748608
326.6159318637
324.4593965709
323.1204965487
321.9481518593
319.4960810510
316.9198174126
315.9980627923
314.9622133155
312.3164773992
309.9116677800
308.8319527945
307.4201402806
304.9249276330
302.6077376976
300.6769873079
298.8012803385
297.0094745046
294.7966043198
292.1219216210
290.1220329548
288.6573257626
286.8654976620
284.8884324204
282.6407147629
280.2873413494
277.7626029837
275.1950233801
273.3209196170
271.5406924961
270.0137497217
268.4642395903
266.1745490982
263.8688265420
261.4488755288
259.0118125139
256.5079158317
254.1308951236
252.0727788911
250.1786016477
248.5691605433
246.7479180583
244.6637497217
242.4941661100
240.2478957916
237.9277443776
235.5598975729
233.2339011356
230.9268425740
228.6531841461
226.3895457582
224.1382097528
221.8890447562
219.6371854821
217.3851926074
215.1389222890
212.8963927856
210.6906479626
208.5154642619
206.4862948118
204.4056891561
202.1738922289
199.9885882877
197.8957359163
195.6549877533
193.2060899577
190.8878868849
188.7024048096
186.4150523269
184.0529948786
181.8756067691
179.7943331107
177.6980961924
175.5965597862
173.2934535738
170.9458695168
168.7259407704
166.5201959475
164.4393676241
162.3690046760
160.4208862169
158.4871854821
156.6403807615
154.8097194389
153.0352816745
151.2933867735
149.6260521042
147.9141839234
146.1310621242
144.5149855266
143.0908038299
141.6176130038
140.1036962815
138.6333333333
137.1888888889
135.7751725674
134.3741482966
133.0552883545
131.7584725006
130.4943665108
129.2351814741
128.1629926520
127.1059006903
126.2143397907
125.3292362503
124.4955689156
123.6580048987
122.8040748163
121.9793921176
121.2325651303
120.4734468938
119.6918837675
119.0373858829
118.5481852594
118.1813181919
117.9294811846
117.0633043866
115.7809619238
114.6651747940
113.6288799822
112.7329547985
111.8819193943
111.1692273436
110.4831885994
110.2787686484
110.1166666667
