353.8333333333
353.8785971944
353.9238610554
353.9691249165
353.9690581162
353.9546559786
353.9402538410
353.9461589846
353.9708483634
353.9955377422
354.0144822979
354.0185971944
354.0227120908
354.0273079492
354.0437675351
354.0602271209
354.0766867067
354.1079358717
354.1429124916
354.1778891116
354.2059719439
354.2286038744
354.2512358049
354.2745223781
354.2992117568
354.3239011356
354.3468269873
354.3488844355
354.3509418838
354.3529993320
354.3705678023
354.3911422846
354.4117167669
354.4200000000
354.4200000000
354.4200000000
354.4317568470
354.4646760187
354.4975951904
354.5281095524
354.5404542418
354.5527989312
354.5651436206
354.5612558450
354.5550835003
354.5489111556
354.5597595190
354.5803340013
354.6009084836
354.6141482966
354.6162057448
354.6182631931
354.6200000000
354.6200000000
354.6200000000
354.6200000000
354.6369539078
354.6554709419
354.6739879760
354.6897261189
354.7041282565
354.7185303941
354.7293520374
354.7355243821
354.7416967268
354.7466666667
354.7466666667
354.7466666667
354.7466666667
354.7348830995
354.7225384102
354.7101937208
354.7169539078
354.7313560454
354.7457581830
354.7513827655
354.7472678691
354.7431529726
354.7404809619
354.7425384102
354.7445958584
354.7466533066
354.7487107548
354.7507682031
354.7528256513
354.7455845023
354.7352972612
354.7250100200
354.7157782231
354.7075484302
354.6993186373
354.6995056780
354.7221376086
354.7447695391
354.7665998664
354.7645424182
354.7624849699
354.7604275217
354.7551102204
354.7489378758
354.7427655311
354.7354575818
354.7272277889
354.7189979960
354.7120507682
354.7079358717
354.7038209753
354.7004408818
354.7066132265
354.7127855711
354.7189579158
354.7285504342
354.7388376754
354.7491249165
354.7606279225
354.7729726119
354.7853173013
354.7904475618
354.7822177689
354.7739879760
354.7673480294
354.7735203741
354.7796927188
354.7858650635
354.7526519706
354.7135604542
354.6744689379
354.6755511022
354.7002404810
354.7249298597
354.7319839679
354.7114094856
354.6908350033
354.6773279893
354.7040748163
354.7308216433
354.7575684703
354.7693520374
354.7796392786
354.7899265197
354.7768203073
354.7521309285
354.7274415498
354.7212692051
354.7397862391
354.7583032732
354.7737207749
354.7757782231
354.7778356713
354.7798931196
354.7526920508
354.7238877756
354.6950835003
354.7085103540
354.7393720775
354.7702338009
354.7741616566
354.7474148297
354.7206680027
354.7023380094
354.7126252505
354.7229124916
354.7331997328
354.7373947896
354.7415096860
354.7456245825
354.7297661991
354.7071342685
354.6845023380
354.6837541750
354.7043286573
354.7249031396
354.7389044756
354.7347895792
354.7306746827
354.7268804275
354.7351102204
354.7433400134
354.7515698063
354.7290848363
354.6982231129
354.6673613894
354.6634335337
354.6819505678
354.7004676019
354.7158450234
354.7240748163
354.7323046092
354.7389311957
354.7224716099
354.7060120240
354.6895524382
354.6934535738
354.7016833667
354.7099131597
354.7193453574
354.7296325985
354.7399198397
354.7353373413
354.7024181697
354.6694989980
354.6421376086
354.6627120908
354.6832865731
354.7038610554
354.7048897796
354.7028323313
354.7007748831
354.7025651303
354.7066800267
354.7107949232
354.7093921176
354.6991048764
354.6888176353
354.6776486306
354.6611890448
354.6447294589
354.6282698731
354.6433800935
354.6618971276
354.6804141617
354.6866666667
354.6866666667
354.6866666667
354.6953507014
354.7159251837
354.7364996660
354.7507147629
354.7363126253
354.7219104876
354.7075083500
354.7086038744
354.7106613226
354.7127187709
354.7162191049
354.7203340013
354.7244488978
354.7257181029
354.7236606546
354.7216032064
354.7227254509
354.7350701403
354.7474148297
354.7597595190
354.7418436874
354.7233266533
354.7048096192
354.7045691383
354.7107414830
354.7169138277
354.7169138277
354.7107414830
354.7045691383
354.7026720107
354.7129592518
354.7232464930
354.7057181029
353.2881362725
351.8705544422
350.4529726119
350.1255711423
350.1070541082
350.0885370741
349.2372478290
347.6735871743
346.1099265197
344.9715430862
344.8316366065
344.6917301269
344.4694589178
342.9202004008
341.3709418838
339.8216833667
339.3632464930
339.1472144289
338.9311823647
337.9208684035
336.3304609218
334.7400534402
333.5866265865
333.2903540414
332.9940814963
332.7212558450
332.6657047428
332.6101536406
332.5546025384
331.3227788911
329.8949098196
328.4670407482
327.5582765531
326.9719038076
326.3855310621
325.5279492318
324.2214696059
322.9149899800
321.5989712759
320.2225384102
318.8461055444
317.4696726787
316.7754041416
316.1602271209
315.5450501002
314.2956713427
312.7134936540
311.1313159653
309.9792251169
309.4319438878
308.8846626587
308.1573814295
306.5834335337
305.0094856379
303.4355377422
302.7657982632
302.1588510354
301.5519038076
300.3688577154
298.9327588510
297.4966599866
296.0586907148
294.6184769539
293.1782631931
291.8901536406
291.1597595190
290.4293653975
289.6989712759
288.3292985972
286.9425784903
285.5558583834
284.1162992652
282.6575684703
281.1988376754
279.9340414162
278.8682832331
277.8025250501
276.7706346025
275.8386105544
274.9065865063
273.9687909152
272.5923580494
271.2159251837
269.8394923180
268.3851569806
266.9079091516
265.4306613226
264.0629659319
262.7914629259
261.5199599198
260.3506613226
259.4289245157
258.5071877088
257.5742284569
256.4364595858
255.2986907148
254.1609218437
252.7993720775
251.3859051436
249.9724382098
248.6048229793
247.2715965264
245.9383700735
244.6065063460
243.2773947896
241.9482832331
240.6210420842
239.3125050100
238.0039679359
236.6954308617
235.5286573146
234.3867735471
233.2448897796
232.1356579826
231.0472678691
229.9588777555
228.8225116900
227.6045023380
226.3864929860
225.1612692051
223.8877087508
222.6141482966
221.3405878424
220.0121175685
218.6768336673
217.3415497662
215.9995858383
214.6540146961
213.3084435538
211.9906479626
210.7129726119
209.4352972612
208.1534535738
206.8510888444
205.5487241149
204.2463593854
202.9134268537
201.5781429526
200.2428590514
198.8565931864
197.4472411490
196.0378891116
194.6506613226
193.2906880428
191.9307147629
190.5827120908
189.2803473614
187.9779826319
186.6756179025
185.3911690047
184.1073213093
182.8234736139
181.5665597862
180.3197461590
179.0729325317
177.7890447562
176.4661055444
175.1431663327
173.8197194389
172.4947227789
171.1697261189
169.8450501002
168.5694321977
167.2938142953
166.0181963928
164.7819906480
163.5578089512
162.3336272545
161.1841148965
160.1018971276
159.0196793587
157.9439278557
156.8843420174
155.8247561790
154.7662925852
153.7313961256
152.6964996660
151.6616032064
150.6697795591
149.6883767535
148.7069739479
147.7232464930
146.7377287909
145.7522110888
144.8000935204
143.9174482298
143.0348029392
142.1509418838
141.2538944556
140.3568470274
139.4597995992
138.5523313293
137.6429392118
136.7335470942
135.9136138945
135.1523580494
134.3911022044
133.6156312625
132.8152839011
132.0149365397
131.2318503674
130.5714094856
129.9109686039
129.2505277221
128.6773012692
128.1156179025
127.5539345357
127.0200267201
126.5015497662
125.9830728123
125.4828189713
125.0096058784
124.5363927856
124.0605076820
123.5708350033
123.0811623246
122.5914896460
122.1113026052
121.6319171677
121.1525317301
120.7110220441
120.2871877088
119.8633533734
119.5866933868
119.4961656647
119.4056379426
119.1892050768
118.4732130929
117.7572211089
117.0412291249
116.3687374749
115.6980093520
115.0272812291
114.4069739479
113.8061990648
113.2054241817
112.6323313293
112.0891649967
111.5459986640
111.0913159653
110.9164328657
110.7415497662
110.5666666667
