85.1538461538
85.1538461538
85.1538461538
85.1538461538
85.1538461538
85.1538461538
85.3353167874
87.0424849699
88.6924926777
89.9963619547
91.4320332974
93.4798520117
95.5501464467
97.7036842917
99.7698165562
101.5709572992
103.4864189918
105.6908586404
107.8828117774
110.0480961924
111.5862802528
111.9817481116
112.7953753661
114.2636966240
116.0033913982
118.1099429628
120.2363342069
122.3859565284
124.4831355018
126.5270386928
128.6188068445
130.7527670726
132.8179127486
134.8304917527
136.9798674272
139.2195467859
141.4392477262
143.6476028981
145.8322336982
148.0053491599
150.1229690150
152.2177740096
154.3883305072
156.5849391090
158.6747186681
160.7342839525
162.7874672422
164.8392014799
167.1040388469
169.4063665793
171.6740095576
173.9371820564
176.1895329120
178.4409588408
180.4975951904
182.5454139047
184.9506243256
187.3491752736
189.4126560814
191.4931555419
193.8268074611
196.1442731617
198.3134731000
200.3815168799
201.7950208109
203.0925235086
203.8208108525
204.8985971944
207.3340527208
209.7544627717
212.1272699245
214.4709418838
216.7380299060
219.0392168953
221.4159395715
223.7804532141
226.1219361801
228.4589332511
230.7886696470
233.1102358563
235.4203946354
237.7429628488
240.0805302914
242.4754431941
244.9304763373
247.3055495607
249.6078772930
251.9167720055
254.2308463080
256.4843995684
258.6966702636
260.8818097734
263.0510097117
265.2697086481
267.5133035301
269.8694003391
272.2735316787
274.3461538462
276.3000000000
278.6405888700
281.0956220133
283.4052874981
285.6802065670
287.7604902112
289.8043934022
292.4808231848
295.2451826730
297.2942654540
299.2755202713
301.6394327116
304.0239864344
306.2505318329
308.4765531062
310.8023739787
313.1262525050
315.4168336673
317.7031601665
319.9467550486
322.1794974565
324.3369508247
326.5449668568
329.0156620934
331.4277786342
333.6008940959
335.8222136581
338.2028518576
340.5426082935
342.7705410822
344.3028981039
344.2363342069
344.6443810698
345.9795745337
346.9427932789
347.2834438107
347.5759981501
347.7991829813
348.0694003391
348.3983043009
348.6256513026
348.7431170032
348.9453984893
349.2273161708
349.4747032527
349.6939725605
349.9339139818
350.1884229998
350.4283181748
350.6593340527
350.6535070140
350.5242947433
350.7776321875
351.2005087097
351.4636812086
351.6672884230
351.7931401264
351.8949437336
351.9717126561
352.0421920765
352.1355480191
352.2334361030
352.3245105596
352.4145675967
352.5258979497
352.6394481270
352.6387852628
352.6309542161
352.7569292431
352.8850778480
352.9242330815
352.9678279636
353.1009557577
353.2240480962
353.2357946663
353.2452289194
353.2373978727
353.2500077077
353.3753044551
353.4872822568
353.5420995838
353.5925235086
353.6277632187
353.6701248651
353.7327732388
353.7803915523
353.7921381224
353.8207183598
353.8833667335
353.9431478341
353.9979651611
354.0527824881
354.1075998150
354.1487282257
354.1722213658
354.1864652382
354.1903807615
354.2141822106
354.2572529675
354.3109603823
354.3736087560
354.4271928472
354.4741791275
354.3648527825
354.1573300447
354.2194234623
354.4269462001
354.5218128565
354.5648836134
354.5712810236
354.5634499769
354.5763372900
354.5959149067
354.6123940188
354.6280561122
354.5919223062
354.5449360259
354.5823493140
354.6332511176
354.6700940342
354.7053337444
354.6748111608
354.6395714506
354.6991367350
354.7614922152
354.7497456451
354.7395406197
354.7669492832
354.7914290119
354.7796824418
354.7705256667
354.7822722368
354.7917373208
354.7878217974
354.7917064899
354.8308617234
354.8513642670
354.8043779867
354.7337135810
354.5927547402
354.5316941575
354.6687374749
354.7767072607
354.8236935409
354.8734854324
354.9283027594
354.9507476491
354.9233389857
354.9009711731
354.8853090797
354.8732850316
354.8654539849
354.8262987513
354.7558193310
354.7796824418
354.8854015724
354.9352397102
354.9430707569
354.8986742716
354.8203638045
354.8526129181
354.9465854786
354.9557114228
354.9243872360
354.8874826576
354.8483274241
354.8531062124
354.8726838292
354.8922614460
354.9118390627
354.9410359180
354.9723601048
354.9601973177
354.9406197009
354.9454293202
354.9532603669
354.9393556343
354.9236935409
354.9305996609
354.9384307076
354.8604593803
354.7864652382
354.8451980885
354.9005241252
354.9083551719
354.8977493448
354.7254663172
354.5979651611
354.7506705719
354.8823493140
354.9136735008
354.9458147063
354.9810544165
354.9837983660
354.8859102821
354.8328965624
354.8955449360
354.9470941884
354.9745028519
354.9840758440
354.9605827039
354.9431324187
354.9353013720
354.9423154000
354.9697240635
354.9881917682
354.9960228149
354.9788037614
354.9357330045
354.9091876060
354.8974410359
354.9077385540
354.9351472175
354.9531832897
354.9649298597
354.9617851087
354.9500385386
354.9618776014
354.9853707415
354.9619546786
354.9188839217
354.8555264375
354.7850470171
354.5293201788
354.2199938338
354.4028826885
354.7004624634
354.7958686604
354.8546015107
354.8580854016
354.8541698782
354.9041313396
354.9589486666
354.9466163095
354.9309542161
354.7140897179
354.4987975952
354.4478957916
354.4134114383
354.6405117928
354.8206258671
354.5504547557
354.3545552644
354.6560505627
354.8940958841
354.8118698936
354.6730383845
354.3088947125
354.0363187914
354.0598119316
354.2045629721
354.6744257746
354.7619238477
353.9866502235
353.3924310159
353.1457530446
352.6874518267
351.8808540157
350.5239247726
348.3860490211
346.2587174349
344.1443348235
342.7883921690
342.2402188993
340.5627100355
337.8414213041
336.5307846462
336.3506705719
335.4259904424
333.9850778480
332.6544627717
331.3897487282
330.3943733621
329.5368737475
327.8826422075
325.8818097734
323.4480191152
320.8559426545
319.8330044705
319.2848312009
317.1265453985
314.5736241714
312.8350084785
311.2531370433
309.6609989209
308.0673809157
305.4944966857
302.8241097580
301.8000924927
300.8721134577
298.8348234931
296.7671805149
294.1946816710
291.6394172961
289.4036534608
287.2760752274
286.2893633421
285.1655002312
283.0550331432
280.8921535378
278.4488669647
276.0199321720
273.6510405426
271.2910898721
268.9613534762
266.7731154617
264.9798057654
263.2895945738
261.8408509326
260.2073531679
258.2065207338
256.1042546632
253.8293355943
251.5433019886
249.2409742562
246.9783567134
244.7660860182
242.5463542470
240.3184214583
238.1105287498
235.9217511947
233.7501156158
231.5926622476
229.5082164329
227.4760598119
225.3785571142
223.2406813627
221.1104825035
218.9843533220
216.8312471096
214.6659626946
212.5545706798
210.4636812086
208.4233698166
206.3990442423
204.1411746570
201.8231848312
199.5995221212
197.3950824726
195.2042084168
193.0154308617
190.8195930322
188.6229844304
186.4997533529
184.3814552181
182.2783875443
180.1739633112
177.8442269154
175.5199167566
173.3154771081
171.1135039309
168.9403884692
166.7748728226
164.6683212579
162.5910590412
160.6802836442
158.7680591953
156.8494527517
154.9584707877
153.1651610914
151.3928934793
149.6818097734
148.0152150455
146.4568367504
144.8958994913
143.3296901495
141.7932634500
140.3092800987
138.8564359488
137.4507630646
136.0993525513
134.8189764144
133.4523816864
131.9879759519
130.6774780330
129.5184831201
128.3024664714
127.0377524279
125.9936025898
125.1126098351
124.3271928472
123.6028210267
122.8177740096
121.9994296285
121.3010944967
120.6589486666
119.9354401110
119.1797441036
118.5300447048
117.9153075382
117.7414521350
117.6866348081
116.6845999692
115.4786187760
114.3566517651
113.2485586558
112.2629412671
111.2918914753
110.6046092184
109.9389702482
109.7907507322
109.6615384615
