79.5583333333
79.5583333333
79.5583333333
79.5592768871
79.5609802939
79.5625000000
79.5625000000
79.5625000000
80.0990731463
80.9098947896
81.6858132933
82.3348112892
82.9838092852
83.9513694055
85.0142952572
86.0788744155
87.1469104876
88.2149465598
89.3054024716
90.3989896460
91.4903724115
92.5788493654
93.6673263193
94.8531479626
96.0404225117
96.7261940548
96.9834084836
97.3067802271
98.2743152973
99.2418503674
100.3912491650
101.6398463594
102.8970023380
104.1881847027
105.4793670675
106.8129843019
108.1603790915
109.5119822979
110.8730043420
112.2340263861
113.6038660655
114.9751085504
116.3868069472
117.8551436206
119.3234802939
120.7868570474
122.2500835003
123.7544088176
125.2959919840
126.8366399466
128.3662992652
129.8959585838
131.4353122912
132.9803022712
134.5376670007
136.1490898464
137.7605126921
139.3782398130
140.9981796927
142.5720273881
144.0352538410
145.4984802939
147.1841683367
148.9097194389
150.6681362725
152.4754509018
154.2827655311
155.9842434870
157.6808366733
159.3843770875
161.0945975284
162.8105711423
164.6110721443
166.4115731463
168.2131262525
170.0153306613
171.8096442886
173.5658567134
175.3220691383
177.1153557114
178.9226703407
180.7442635271
182.6026803607
184.4610971944
186.3251920508
188.1904225117
190.0576319305
191.9279726119
193.7983132933
195.6093353373
197.4166499666
199.2458917836
201.0974949900
202.9483466934
204.7846192385
206.6208917836
208.4643537074
210.3125501002
212.1372327989
213.8355293921
215.5338259853
216.1521292585
216.3309869739
216.9454158317
218.7697645291
220.5941132265
222.4826068804
224.3853122912
226.2753256513
228.1439629259
230.0126002004
231.9648797595
233.9237975952
235.7796092184
237.5238977956
239.2694138277
241.0494739479
242.8295340681
244.0635020040
244.9152054108
245.7497160989
246.4804776219
247.2112391450
247.9064295257
248.5860888444
249.2746910488
249.9901219105
250.7055527722
251.2895207081
251.8414245157
252.3975951904
252.9614228457
253.5252505010
254.0129759519
254.4933366733
255.0212925852
255.6038577154
256.1831162325
256.5970440882
257.0109719439
257.4073146293
257.7905811623
258.1742818971
258.5609552438
258.9476285905
259.3273380094
259.7037909152
260.0854542418
260.4840514362
260.8826486306
261.2207498330
261.5426937208
261.8669756179
262.1957331329
262.5244906480
262.7844856379
263.0365898464
263.3040581162
263.5902304609
263.8760688043
264.0941048764
264.3121409486
264.5558784235
264.8199064796
265.0752922512
265.2626670007
265.4500417502
265.6782982632
265.9269956580
266.1554024716
266.3121158985
266.4688293253
266.6123496994
266.7520290581
266.8894706079
267.0223363393
267.1552020708
267.3346609886
267.5203323313
267.6740480962
267.7864729459
267.8988977956
268.0332498330
268.1678189713
268.2875584502
268.3948730795
268.4943386774
268.5215931864
268.5488476954
268.5983132933
268.6596359385
268.7325317301
268.8500668003
268.9676018704
269.0294839679
269.0737725451
269.1378340013
269.2451486306
269.3524632599
269.4272628591
269.4971025384
269.5683784235
269.6416249165
269.7148714095
269.7066967268
269.6964762859
269.7574983300
269.8818470274
270.0015113560
270.0696476286
270.1377839011
270.1994071476
270.2573229793
270.2722528390
270.1053189713
269.9383851035
270.0202154309
270.1871492986
270.3357464930
270.4413577154
270.5469689379
270.5668587174
270.5719689379
270.5389612558
270.4503841015
270.3618069472
270.5269038076
270.7023547094
270.7524298597
270.6842935872
270.6291332665
270.7500751503
270.8710170341
270.8636439546
270.7784736139
270.7302772211
270.8546259185
270.9789746159
270.8271209085
270.5733132933
270.4512358049
270.6607548430
270.8702738811
270.7299682699
270.5221526386
270.4706496326
270.6614311957
270.8522127589
270.8576653307
270.8525551102
270.8815130261
270.9445390782
271.0107798931
271.1334251837
271.2560704743
271.2130511022
271.0631513026
270.9584418838
271.0879008016
271.2173597194
271.2675768203
271.2863142953
271.2715263861
271.1659151637
271.0603039412
271.1104041416
271.1938710755
271.2085420842
271.1097444890
271.0109468938
270.7297010688
270.4350116900
270.4222110888
270.7083834335
270.9848697395
271.0240480962
271.0632264529
271.1226118904
271.1958583834
271.2600868403
271.2720106880
271.2839345357
271.3269038076
271.3831162325
271.3893954576
271.2497160989
271.1100367401
271.1205327321
271.1665247161
271.0969689379
270.8244238477
270.5518787575
270.7711923848
271.0352204409
271.2062625251
271.2726953908
271.3363309953
271.2886356045
271.2409402138
271.2277304609
271.2396543086
271.2414328657
271.1767034068
271.1119739479
271.0460754843
270.9796426186
270.9811289245
271.1974615898
271.4137942552
271.1188042752
270.6912491650
270.5476703407
270.9360470942
271.3244238477
271.4470023380
271.5406897128
271.5085754843
271.3263109552
271.1467852371
271.2438794255
271.3409736139
271.4438293253
271.5511439546
271.6165748163
271.3678774215
271.1191800267
271.1621910488
271.3478623914
271.4451903808
271.2390781563
271.0329659319
270.9914829659
270.9965931864
271.0425851703
271.1703406814
271.2980961924
271.2097277889
271.0938961256
271.0825233801
271.2034652639
271.3244071476
271.4250083500
271.5255093520
271.2977538410
270.8003590514
270.3859051436
270.6942217769
271.0025384102
271.0053941216
270.8486806947
270.7946559786
271.1251169005
271.4555778223
271.3679024716
271.1515698063
271.0578991316
271.2265364061
271.3951736807
271.1818303273
270.9126920508
270.8564044756
271.0863643955
271.3163243153
271.3926436206
271.4658901136
270.9320641283
269.8691382766
268.8406312625
268.1677855711
267.4949398798
266.9008517034
266.3506513026
265.6792084168
264.5106713427
263.3421342685
262.1378256513
260.9215931864
259.8094188377
258.9355711423
258.0617234469
257.2463259853
256.4406145625
255.4946225785
254.3482297929
253.2018370073
251.8761439546
250.5440798263
249.8997411490
249.8912241149
249.7800016700
248.3746910488
246.9693804275
245.5533817635
244.1310370741
242.7182698731
241.3487307949
239.9791917168
238.6058951236
237.2312458250
235.8378757515
234.3984969940
232.9591182365
231.5901135605
230.2342017368
228.8803189713
227.5295173681
226.1787157649
224.6205661323
223.0517284569
221.5362140949
220.0729876420
218.6036489646
217.0365146961
215.4693804275
213.9544338677
212.4724699399
210.9760270541
209.4071893788
207.8383517034
206.3505260521
204.8941132265
203.4138527054
201.8705661323
200.3272795591
198.7656479626
197.2002171009
195.6028724115
193.9539746159
192.3050768203
190.6593687375
189.0138777555
187.3374916500
185.6289746159
183.9189545758
182.1763694055
180.4337842351
178.6759185037
176.9077822311
175.1743319973
173.6344522378
172.0945724783
170.5330494322
168.9625083500
167.4074565798
165.8965347361
164.3856128925
162.8913243153
161.4008433534
159.8796760187
158.3057281229
156.7317802271
155.4435370741
154.1796092184
152.8541249165
151.4607381430
150.0780227121
149.0474615898
148.0169004676
146.7130845023
145.2140865063
143.7831245825
142.7798179693
141.7765113560
140.7166917168
139.6316215765
138.4050183701
136.7424933200
135.0799682699
134.0802772211
133.2473112892
132.3139445558
131.1965096860
130.0790748163
129.3988059452
128.7634352037
127.9247745491
126.8482214429
125.7770040080
125.0632765531
124.3495490982
123.7404308617
123.2106713427
122.6258016032
121.6463426854
120.6668837675
120.1379759519
119.8245490982
119.4652054108
118.9524799599
118.4397545090
117.3111305945
116.0131346025
114.8568720775
113.9779141617
113.0989562458
112.1941633267
111.2862474950
110.6731546426
110.4261606546
110.1791666667
