79.6636363636
79.6636363636
79.6636363636
79.6723720168
79.6858899617
79.6954545455
79.6954545455
79.6954545455
80.4296046639
81.2117143378
82.1045181272
83.0758790308
84.0896429222
85.2444616506
86.3992803789
87.6032337402
88.8140553835
90.0471215158
91.3004281290
92.5560302423
93.8228548005
95.0896793587
96.3974767717
97.7145108399
98.6244762252
99.0609127346
99.5457460375
100.4282747313
101.3108034250
102.6232829295
104.0754964474
105.5222900346
106.9609856076
108.4034159228
109.9212880306
111.4391601385
112.9824740390
114.5370377118
116.1040626708
117.6953179085
119.2865731463
120.8568865003
122.4268992531
124.0591637821
125.7276644197
127.3967024959
129.0671342685
130.7375660412
132.4526325378
134.1713426854
135.9032792858
137.6451630534
139.3883038805
141.1359810530
142.8836582255
144.6129987247
146.3394334123
148.1022681727
149.9001548552
151.7031517581
153.5338677355
155.3645837129
157.2448533430
159.1373656404
160.9900710512
162.7937511386
164.6063581709
166.5046638732
168.4029695755
170.2984150118
172.1928584442
174.0783384952
175.9496083075
177.8213882310
179.7081071233
181.5948260157
183.4789214793
185.3617781017
187.2515485516
189.1556476590
191.0597467663
192.9619693933
194.8641373656
196.7865913645
198.7215886318
200.6351612316
202.4890508289
204.3429404263
206.2566041173
208.1761523046
210.0903261068
212.0002186191
213.9097194389
215.8176808162
217.7256421935
219.5483421388
221.3558844963
222.3255693205
222.4414374203
222.8119967207
224.7276826380
226.6433685553
228.6001275278
230.5679540900
232.4930406267
234.3623793041
236.2383767535
238.1907542357
240.1431317180
241.7939059938
243.3310894516
244.7552924030
245.9892876662
247.2208052469
248.3234833303
249.4261614137
250.4504918929
251.4353707415
252.2927946803
252.8682729095
253.4437511386
253.9859446165
254.5266624157
255.0580524686
255.5833211878
256.0892785571
256.5373018765
256.9853251958
257.4766168701
257.9729185644
258.3194206595
258.5395700492
258.7943341228
259.1979413372
259.6015485516
259.9455000911
260.2776553106
260.5940153033
260.8933412279
261.1909455274
261.4767535070
261.7625614866
262.0065403534
262.2382765531
262.4805520131
262.7373929678
262.9914283112
263.2057842959
263.4201402806
263.6276188741
263.8323191838
264.0321734378
264.2233558025
264.4145472764
264.6076607761
264.8007742758
264.9762889415
265.1423665513
265.3078702860
265.4720167608
265.6361632356
265.7912005830
265.9456913828
266.0831025688
266.2086263436
266.3400710512
266.4906995810
266.6413281108
266.7681089452
266.8917015850
267.0091728912
267.1211787211
267.2314993624
267.3338495172
267.4361996721
267.5512297322
267.6690289670
267.7769083622
267.8734651120
267.9693660047
268.0601293496
268.1508926945
268.2431226089
268.3358170887
268.4206777191
268.4940608490
268.5670431773
268.6327017672
268.6983603571
268.7262707233
268.7378575332
268.7720531973
268.8492985972
268.9265439971
268.9846602296
269.0425942795
269.0919202040
269.1363363090
269.1862178903
269.2499453452
269.3136728001
269.3738112589
269.4336764438
269.4857624340
269.5321096739
269.5780287848
269.6224448898
269.6668609947
269.7213335762
269.7773364912
269.8273820368
269.8717981417
269.9143559847
269.9471852797
269.9800145746
269.9941519402
270.0038076152
270.0440699581
270.1213153580
270.1945436327
270.2312351977
270.2679267626
270.3146930224
270.3649025323
270.4083075241
270.4411368191
270.4739661140
270.5067954090
270.5396247040
270.5632082347
270.5825195846
270.6133084351
270.6673802150
270.7214519949
270.6925578430
270.6616596830
270.6728456914
270.7095372563
270.7462288213
270.7829203862
270.8196119512
270.8244944434
270.8264255784
270.8522044088
270.8966205138
270.9342229914
270.9458098014
270.9573966114
270.9706321734
270.9841501184
270.9928402259
270.9967024959
271.0014119147
271.0110675897
271.0207232647
271.0456822736
271.0746492986
271.1019220259
271.1270267808
271.1481963928
271.1269539078
271.1057114228
271.1000000000
271.1000000000
271.0970850792
271.0893605393
271.0823647295
271.1055383494
271.1287119694
271.1117872108
271.0750956458
271.0542721807
271.0677901257
271.0813080707
271.0781016579
271.0742393879
271.0515758790
271.0168154491
271.0046820915
271.0587538714
271.1128256513
271.1094826016
271.0998269266
271.0933412279
271.0894789579
271.0859901621
271.0840590271
271.0821278921
271.0834396065
271.0853707415
271.0919930771
271.1035798870
271.1098105302
271.0808435052
271.0518764802
271.0259154673
271.0008107123
270.9978411368
271.0248770268
271.0489069047
271.0334578247
271.0180087448
271.0233284751
271.0368464201
271.0461559483
271.0480870833
271.0499453452
271.0441519402
271.0383585353
271.0363636364
271.0363636364
271.0404445254
271.0539624704
271.0674804154
271.0553652760
271.0418473310
271.0317726362
271.0240480962
271.0181818182
271.0181818182
271.0181818182
271.0216068501
271.0254691201
271.0293313901
271.0331936600
271.0353251958
271.0295317909
271.0237383859
271.0227272727
271.0227272727
271.0245490982
271.0284113682
271.0290854436
271.0059118236
270.9827382037
270.9890781563
271.0045272363
271.0096738932
271.0000182183
270.9843505192
270.8684824194
270.7526143195
270.7819730370
270.8727363819
270.9351885589
270.9448442339
270.9544999089
270.9641555839
270.9738112589
270.9946165057
271.0216523957
271.0381308071
271.0284751321
271.0188194571
271.0271998543
271.0368555292
271.0386682456
271.0348059756
271.0405629441
271.0791856440
271.1178083440
270.1116141374
268.9529331390
268.1870377118
267.7853616324
267.2593459647
266.1045272363
264.9497085079
263.6836491164
262.3917198032
261.4373200947
260.8830843505
260.2474858809
258.9092093277
257.5709327746
256.2312078703
254.8910001822
253.7229550009
252.8172526872
251.9058936054
250.8669429769
249.8279923483
248.5363545272
247.1304882492
245.6916378211
244.1872836582
242.6829294954
242.5711787211
242.4862087812
241.5713517945
240.1635543815
238.8048916014
237.5766897431
236.3484878849
235.1487065039
233.9514028056
232.6874202951
231.3723173620
230.0317999636
228.5969666606
227.1621333576
225.5913554381
223.9981690654
222.4498178175
220.9454636546
219.4320732374
217.8678538896
216.3036345418
214.7440335216
213.1856075788
211.5817999636
209.9210238659
208.2701129532
206.7194115504
205.1687101476
203.5341683367
201.8695299690
200.2166970304
198.5829568227
196.9528784842
195.4485243214
193.9441701585
192.4111586810
190.8643195482
189.2629713973
187.5461923848
185.8294133722
184.1088996174
182.3882583349
180.6960375296
179.0217434870
177.3785115686
175.8239478958
174.2693842230
172.7410548369
171.2154581891
169.7356895609
168.2931317180
166.8433047914
165.3640553835
163.8848059756
162.5001275278
161.1328839497
159.8044816907
158.5164146475
157.2375933686
156.0171160503
154.7966387320
153.5852341046
152.3763435963
151.1840316998
150.0137638914
148.8455365276
147.7023046092
146.5590726908
145.4562579705
144.3690289670
143.3087994170
142.2949535435
141.2808070687
140.2457187101
139.2106303516
138.2750136637
137.3905538349
136.5451721625
135.7881672436
135.0311623246
134.2796775369
133.5284660230
132.8050191292
132.1001548552
131.4085534706
130.7577609765
130.1069684824
129.4596192385
128.8126890144
128.1844507196
127.5722809255
126.9601111314
126.3479413372
125.7357715431
125.1476498451
124.5644470760
124.0116050282
123.4921297140
123.0188376754
122.8759336856
122.7330296958
122.1758699217
121.4941792676
120.7700036437
119.9859628348
119.2083166333
118.5285571142
117.8487975952
117.2892785571
116.7794589178
116.3891965750
116.2173255602
116.0454545455
