270.5600000000
270.5664128257
270.5728256513
270.5792384770
270.5856513026
270.6352438210
270.6929592518
270.7506746827
270.8083901136
270.8255711423
270.8239679359
270.8223647295
270.8207615230
270.8174749499
270.8126653307
270.8078557114
270.8030460922
270.8017635271
270.8065731463
270.8113827655
270.8161923848
270.8243420174
270.8451837007
270.8660253841
270.8868670675
270.9075484302
270.9251837007
270.9428189713
270.9604542418
270.9780895124
270.9957247829
271.0133600534
271.0309953240
271.0486305945
271.0662658651
271.0839011356
271.1015364061
271.1191716767
271.1349632599
271.1493921176
271.1638209753
271.1782498330
271.1926786907
271.2071075484
271.2215364061
271.2359652639
271.2483233133
271.2547361389
271.2611489646
271.2675617902
271.2744555778
271.2856780227
271.2969004676
271.3081229125
271.3193453574
271.3215096860
271.3231128925
271.3247160989
271.3263193053
271.3442484970
271.3666933868
271.3891382766
271.4115831663
271.4270140281
271.4382364729
271.4494589178
271.4606813627
271.4636740147
271.4572611890
271.4508483634
271.4444355377
271.4479091516
271.4735604542
271.4992117568
271.5248630595
271.5464261857
271.5448229793
271.5432197729
271.5416165665
271.5400133601
271.5495390782
271.5591583166
271.5687775551
271.5783967936
271.6000400802
271.6240881764
271.6481362725
271.6721843687
271.6800000000
271.6800000000
271.6800000000
271.6800000000
271.6874549098
271.7018837675
271.7163126253
271.7307414830
271.7445958584
271.7574215097
271.7702471610
271.7830728123
271.7914094856
271.7817902472
271.7721710087
271.7625517702
271.7537341349
271.7633533734
271.7729726119
271.7825918504
271.7922110888
271.7876686707
271.7812558450
271.7748430194
271.7684301937
271.7771275885
271.7915564462
271.8059853039
271.8204141617
271.8284836339
271.8316900468
271.8348964596
271.8381028724
271.8386907148
271.8354843019
271.8322778891
271.8290714763
271.8322778891
271.8547227789
271.8771676687
271.8996125585
271.9207348029
271.9287508350
271.9367668671
271.9447828991
271.9527989312
271.9428590514
271.9316366065
271.9204141617
271.9091917168
271.9166065464
271.9294321977
271.9422578490
271.9550835003
271.9570340681
271.9522244489
271.9474148297
271.9426052104
271.9429392118
271.9493520374
271.9557648631
271.9621776887
271.9676285905
271.9708350033
271.9740414162
271.9772478290
271.9815898464
271.9928122912
272.0040347361
272.0152571810
272.0264796259
272.0282431530
272.0298463594
272.0314495658
272.0330527722
272.0267201069
272.0187040748
272.0106880428
272.0026720107
272.0171008684
272.0427521710
272.0684034736
272.0940547762
272.0993319973
272.0849031396
272.0704742819
272.0560454242
272.0483500334
272.0531596526
272.0579692719
272.0627788911
272.0694321977
272.0838610554
272.0982899132
272.1127187709
272.1268804275
272.1332932532
272.1397060788
272.1461189045
272.1525317301
272.1519305277
272.1503273213
272.1487241149
272.1471209085
272.1501135605
272.1549231797
272.1597327989
272.1645424182
272.1604008016
272.1491783567
272.1379559118
272.1267334669
272.1219238477
272.1267334669
272.1315430862
272.1363527054
272.1403874415
272.1419906480
272.1435938544
272.1451970608
272.1457314629
272.1345090180
272.1232865731
272.1120641283
272.1008416834
272.1000000000
272.1000000000
272.1000000000
272.1000000000
272.1086038744
272.1198263193
272.1310487642
272.1422712091
272.1427655311
272.1363527054
272.1299398798
272.1235270541
272.1192785571
272.1176753507
272.1160721443
272.1144689379
272.1133333333
272.1133333333
272.1133333333
272.1133333333
272.0710086840
271.7535738143
271.4361389446
271.1187040748
270.8012692051
270.2259185037
269.6439545758
269.0619906480
268.4800267201
267.8784235137
267.2724114896
266.6663994656
266.0603874415
265.5060921844
264.9786372745
264.4511823647
263.9237274549
263.1477755511
262.1233266533
261.0988777555
260.0744288577
259.3419372077
259.1719973280
259.0020574482
258.8321175685
258.5260921844
257.6138677355
256.7016432866
255.7894188377
254.8790781563
254.0422044088
253.2053306613
252.3684569138
251.5315831663
251.1976887108
250.9411756847
250.6846626587
250.4281496326
249.7855310621
248.9839278557
248.1823246493
247.3807214429
246.5667735471
245.7427254509
244.9186773547
244.0946292585
243.5631930528
243.4862391450
243.4092852371
243.3323313293
243.0529993320
242.1087107548
241.1644221777
240.2201336005
239.3053039412
238.7538009352
238.2022979292
237.6507949232
237.0992919172
236.5477889112
235.9962859051
235.4447828991
234.8932798931
234.0706613226
233.1616432866
232.2526252505
231.3436072144
230.3739879760
229.3639679359
228.3539478958
227.3439278557
226.3870140281
225.4972344689
224.6074549098
223.7176753507
222.8960320641
222.2467334669
221.5974348697
220.9481362725
220.2918236473
219.5864128257
218.8810020040
218.1755911824
217.4701803607
216.6609352037
215.8481095524
215.0352839011
214.2224582498
213.3241015364
212.4054642619
211.4868269873
210.5681897128
209.6391315965
208.7044622578
207.7697929192
206.8351235805
205.8760187041
204.8916499666
203.9072812291
202.9229124916
201.9674014696
201.0696058784
200.1718102872
199.2740146961
198.3829525718
197.5236339345
196.6643152973
195.8049966600
194.9472545090
194.1825250501
193.4177955912
192.6530661323
191.8883366733
191.0479225117
190.1950167001
189.3421108884
188.4892050768
187.5375417502
186.5435537742
185.5495657983
184.5555778223
183.5390113560
182.5033400134
181.4676686707
180.4319973280
179.4934268537
178.7110621242
177.9286973948
177.1463326653
176.3163527054
175.3223647295
174.3283767535
173.3343887776
172.3415764863
171.3652237809
170.3888710755
169.4125183701
168.4361656647
167.6010688043
166.7802271209
165.9593854375
165.1385437542
164.2804275217
163.4098864395
162.5393453574
161.6688042752
160.8494856379
160.0655177021
159.2815497662
158.4975818303
157.7052772211
156.9020708083
156.0988643955
155.2956579826
154.5211088844
153.8221108884
153.1231128925
152.4241148965
151.7268002672
151.0422311289
150.3576619906
149.6730928524
148.9885237141
148.2732264529
147.5565931864
146.8399599198
146.1233266533
145.4426052104
144.7708617234
144.0991182365
143.4273747495
142.7638610554
142.1049432198
141.4460253841
140.7871075484
140.1289645959
139.4716499666
138.8143353373
138.1570207081
137.5257581830
136.9486038744
136.3714495658
135.7942952572
135.2307682031
134.7353774215
134.2399866399
133.7445958584
133.2499398798
132.8427254509
132.4355110220
132.0282965932
131.6210821643
131.2315831663
130.8452104208
130.4588376754
130.0724649299
129.6860921844
129.2997194389
128.9133466934
128.5269739479
128.1397461590
127.7517702071
127.3637942552
126.9758183033
126.6130928524
126.2924515698
125.9718102872
125.6511690047
125.3228857715
124.9669739479
124.6110621242
124.2551503006
123.9035404142
123.6213760855
123.3392117568
123.0570474282
122.7748830995
122.4335604542
122.0856646627
121.7377688711
121.3898730795
121.0728924516
120.7666800267
120.4604676019
120.1542551770
119.8564595858
119.5646760187
119.2728924516
118.9811088844
118.6947762191
118.4158183033
118.1368603874
117.8579024716
117.5840748163
117.3243553774
117.0646359385
116.8049164997
116.5540547762
116.3760988644
116.1981429526
116.0201870407
115.8422311289
115.7069205077
115.5738543754
115.4407882432
115.3077221109
114.8738543754
114.3608283233
113.8478022712
113.3347762191
112.8775951904
112.4527454910
112.0278957916
111.6030460922
111.2315030060
110.9188777555
110.6062525050
110.2936272545
110.0409084836
109.9174615898
109.7940146961
109.6705678023
109.5638744155
109.5462391450
109.5286038744
109.5109686039
109.4933333333
