83.4055555556
83.4055555556
83.4055555556
83.4050656869
83.4030505455
83.4010354041
83.4000000000
83.4000000000
83.4000000000
84.1083500334
85.0796481853
86.0509463371
86.9536628813
87.8544310844
88.8264083723
90.0576597640
91.2889111556
92.5164662659
93.7396570920
94.9628479181
96.1789690492
97.3920841683
98.6051992875
99.8430639056
101.0823758628
102.3353150746
103.6471721220
104.9590291695
105.8297372523
106.1179024716
106.4060676909
107.1655533289
108.1529726119
109.1403918949
110.5602761078
112.0192384770
113.4727120908
114.8974170563
116.3221220218
117.7834001336
119.2987864618
120.8141727900
122.2995991984
123.7686372745
125.2376753507
126.6977510577
128.1567134269
129.6236918281
131.1431084391
132.6625250501
134.1849699399
135.7124471165
137.2399242930
138.7561790247
140.2655199287
141.7748608328
143.3119906480
144.8535738143
146.3962146515
147.9478735248
149.4995323981
151.0778445780
152.7060788243
154.3343130706
155.9363393454
157.5202404810
159.1041416166
160.7183032732
162.3384769539
163.9578712982
165.5679692719
167.1780672456
168.7991427299
170.4434981073
172.0878534847
173.7367512803
175.3891672233
177.0415831663
178.6663660655
180.2845246048
181.9068915609
183.6096860387
185.3124805166
187.0111445112
188.6998329993
190.3885214874
192.0836896014
193.7844689379
195.4852482743
197.1750389668
198.8617123135
200.5463816522
202.1423736362
203.7383656201
204.9164551325
204.9366065464
204.9567579604
205.8475395235
207.5805611222
209.3135827210
210.9845246048
212.6349254064
214.2853262080
215.9898352260
217.6946448452
219.3961033177
221.0868069472
222.7775105767
224.4769316411
226.1857715431
227.8946114451
229.5655310621
231.2219772879
232.8784235137
234.5309730572
236.1833890002
237.8277666444
239.4418949009
241.0560231574
242.6747160989
244.2989200623
245.9231240258
247.5823981296
249.2569806279
250.9315631263
252.6269650412
254.3237140949
255.9980516589
257.5718770875
259.1457025161
260.0157091962
259.9351035404
259.8544978847
260.4016588733
261.2601091071
262.1185593409
262.6059340904
263.0573257626
263.4940659096
263.8507459363
264.2074259630
264.5392562904
264.8334669339
265.1276775774
265.4180138054
265.7061790247
265.9943442440
265.9814629259
265.9290692496
265.9335226008
266.3284903140
266.7234580272
267.0423402360
267.2317635271
267.4211868181
267.5760075707
267.7090069027
267.8420062347
267.3779225117
266.8136829214
266.3732910265
267.0544088176
267.7355266088
268.2620240481
268.4917501670
268.7214762859
268.8485303941
268.9029392118
268.9573480294
268.8230460922
268.6497439323
268.5100200401
268.8042306836
269.0984413271
269.2650968604
269.1542640837
269.0434313071
269.1316299265
269.3774771766
269.6233244266
269.8045980851
269.9698396794
270.1226118904
270.0057336896
269.8888554888
269.8692384770
270.0909040303
270.3125695836
270.4540748163
270.5246047651
270.5951347139
270.6765753730
270.7612113115
270.8451124471
270.8854152750
270.9257181029
270.9618347807
270.9860164774
271.0101981741
270.8732910265
270.5770652416
270.2808394567
270.4821086618
270.8528946782
271.2236806947
271.2795925184
271.3319861946
271.3263972389
271.1289133823
270.9314295257
270.9216098864
271.1190937430
271.3165775996
271.2622244489
271.1090737030
270.9559229570
271.1359719439
271.3294255177
271.4866288132
271.5027499443
271.5188710755
271.5503228680
271.6007014028
271.6510799377
271.6736250278
271.6837007348
271.6937764418
271.7264306391
271.7606880428
271.7297483857
271.3952349143
271.0607214429
270.9969717212
271.3073034959
271.6176352705
271.7542863505
271.8026497439
271.8510131374
271.8646849254
271.8747606324
271.8833333333
271.8833333333
271.8833333333
271.8896570920
271.9057782231
271.9218993543
271.6192162102
271.1335671343
270.6479180583
270.8260966377
271.0961255845
271.3578267646
271.5593409040
271.7608550434
271.8866844801
271.8806390559
271.8745936317
271.8905922957
271.9208194166
271.9510465375
271.9744154977
271.9965820530
272.0155310621
272.0034402138
271.9913493654
271.9874081496
271.9994989980
272.0115898464
272.0166666667
272.0166666667
272.0166666667
272.0199844133
272.0240146961
272.0275105767
272.0234802939
272.0194500111
272.0154197283
272.0113894456
272.0073591628
272.0022155422
271.9961701180
271.9901246938
272.0161433979
272.0504008016
272.0830995324
272.0770541082
272.0710086840
272.0723446894
272.0924961033
272.1126475173
272.1074148297
272.0792028501
272.0509908706
272.0521821421
272.0622578490
272.0718659541
272.0396236918
272.0073814295
271.9812847918
271.9732242262
271.9651636607
271.9751391672
272.0033511467
272.0315631263
272.0224782899
272.0003117346
271.9781451792
271.9876864841
271.9977621910
272.0023602761
271.9882542864
271.9741482966
271.9089401024
271.7860164774
271.6630928524
271.7268759742
271.8659207303
272.0049654865
272.0361500779
272.0623469161
272.0745156981
272.0301825874
271.9858494767
271.9620017813
271.9640169227
271.9660320641
271.9611445112
271.9530839457
271.9450233801
271.9500556669
271.9561010911
271.9618013805
271.9658316633
271.9698619461
271.9705522155
271.9665219328
271.9624916500
271.9677354709
271.9778111779
271.9878868849
271.9707414830
271.9505900690
271.9365174794
271.9586840347
271.9808505901
271.9944444444
271.9944444444
271.9944444444
271.9855600089
271.9714540191
271.9573480294
271.9309285237
271.9027165442
271.8833890002
271.9317523937
271.9801157871
272.0024270764
271.9782453796
271.9540636829
271.9577933645
271.9799599198
272.0021264752
271.9987419283
271.9906813627
271.9826207971
271.9745602316
271.9664996660
271.5917056335
270.4773324427
269.3629592518
268.7383656201
268.4763972389
268.2144288577
267.1351814741
265.8737029615
264.6571698953
264.1352482743
263.6133266533
262.8905588956
261.7076708974
260.5247828991
259.2162435983
257.8036294812
256.3910153641
255.1965152527
254.0599755066
252.9476174571
252.5405588956
252.1335003340
251.7821086618
251.5765642396
251.3710198174
250.5752282342
249.2331440659
247.8910598976
246.4322088622
244.9369739479
243.4420619016
242.0052660877
240.5684702739
239.1912936985
237.9942997105
236.7973057226
235.7271431752
234.7880872857
233.8490313961
232.5397906925
231.0969494545
229.6541082164
228.1895902917
226.7245824983
225.2533400134
223.7601202405
222.2669004676
220.7484301937
219.2008016032
217.6531730127
216.1639723892
214.6989645959
213.2339568025
211.7210754843
210.2056891561
208.7339456691
207.4442551770
206.1545646849
204.8569583612
203.5491315965
202.2413048319
200.8020151414
199.3007348029
197.7994544645
196.4227454910
195.0564796259
193.6534736139
192.0655421955
190.4776107771
188.9481741260
187.5033177466
186.0584613672
184.5544867513
183.0189490091
181.4834112670
180.0091961701
178.5421732354
177.0233800935
175.1815408595
173.3397016255
171.6730126921
170.2906256958
168.9082386996
167.5069806279
166.0943665108
164.6817523937
163.0978401247
161.4877421510
159.8890002227
158.3816744600
156.8743486974
155.4283010465
154.0942774438
152.7602538410
151.4334446671
150.1115119127
148.7895791583
147.5184146070
146.2569360944
145.0006346025
143.8016254732
142.6026163438
141.4154308617
140.2526942774
139.0899576932
137.9891449566
136.9352260076
135.8813070586
134.8470273881
133.8172901358
132.7934535738
131.8705188154
130.9475840570
130.0060120240
129.0206078824
128.0352037408
127.3236584280
126.8440547762
126.3644511245
125.7488866622
125.0959808506
124.4283233133
123.2414050323
122.0544867513
120.9597639724
120.1134045870
119.2670452015
118.4838454687
117.7604097083
117.0369739479
116.6140169227
116.2875640169
115.9611111111
