78.9571428571
78.9571428571
78.9571428571
78.9571428571
78.9571428571
78.9571428571
78.9571428571
78.9571428571
80.3897795591
81.9724305754
83.1356999714
83.9421271114
84.7294875465
85.4271829373
86.1248783281
86.9890208989
87.8920984827
89.1302175780
90.7853564271
92.4743200687
94.5492842829
96.6242484970
98.2107214429
99.6030918981
100.7592470656
101.4780847409
102.1969224163
104.1483967936
106.1176495849
108.0475236187
109.9533495563
111.8460349270
113.7005153163
115.5549957057
117.4336959634
119.3153592900
121.1890781563
123.0556398511
124.9353421128
126.8834526195
128.8315631263
130.7628399656
132.6898081878
134.6089607787
136.5178070427
138.4362725451
140.4900944747
142.5439164042
144.6125679931
146.6875322073
148.7198110507
150.6679215574
152.6160320641
154.6785857429
156.7444889780
158.7664185514
160.7598339536
162.7576295448
164.7691669052
166.7807042657
168.8213713141
170.8661322645
172.8861580303
174.8825937589
176.8847981678
178.9204981391
180.9561981105
182.8950615517
184.8069281420
186.7427283138
188.7119811051
190.6889493272
192.8061981105
194.9234468938
197.0448468365
199.1681362725
201.2865588319
203.3947466361
205.5029344403
207.5243773261
209.5419553392
211.6865731463
213.9185943315
216.1107643859
218.1676066419
220.2244488978
222.3464214143
224.4787718294
226.5449899800
228.5444460349
230.5114371600
232.2662467793
234.0210563985
235.4233896364
236.7191096479
237.9625107358
239.1283567134
240.2928285142
241.4224305754
242.5520326367
243.6735041512
244.7910249070
245.8462066991
246.7613655883
247.6765244775
248.5802891497
249.4833667335
250.3340538219
251.1465216147
251.9654308617
252.8081019181
253.6507729745
254.4396364157
255.2188806184
255.9484826796
256.6250357859
257.3008731749
257.9713856284
258.6418980819
259.3419982823
260.0517749785
260.7310334956
261.3622817063
261.9914543372
262.5351130833
263.0787718294
263.6781419983
264.3063698826
264.9230604065
265.5120240481
266.1009876897
266.4570855998
266.7953621529
267.0450615517
267.2262811337
267.3948754652
267.5126681935
267.6304609218
267.6575579731
267.6666189522
267.6770970512
267.6891783567
267.7107071285
267.8133982250
267.9160893215
268.0277125680
268.1424849699
268.3205840252
268.6044947037
268.8874606356
269.0717005439
269.2559404523
269.3564700830
269.4108359576
269.4787145720
269.5814056685
269.6840967650
269.7591611795
269.8316490123
269.8725880332
269.8876896650
269.9195390782
270.0252505010
270.1309619238
270.2193386774
270.3039078156
270.3912253078
270.4818350988
270.5136988262
269.9519181220
269.3901374177
269.7416261094
270.4393215001
270.9009447466
270.9432293158
270.9855138849
271.1420269110
271.2990838820
271.3799885485
271.4162324649
271.4460635557
271.4581448612
271.4702261666
271.5122244489
271.5575293444
271.5931291154
271.6203120527
271.6608932150
271.7666046378
271.8723160607
271.8417549384
271.7783280847
271.7601631835
271.7994274263
271.8400658460
271.8974520470
271.9548382479
272.0272545090
272.1057829946
272.1738620097
272.2221872316
272.2705124535
272.3277268823
272.3851130833
272.4034211280
272.3973804752
272.3860292013
272.3588462640
272.3316633267
272.2188233610
272.0949899800
272.1270397939
272.3022187232
272.4542513599
272.4814342972
272.5086172345
272.5453621529
272.5846263956
272.5839536215
272.5295877469
272.4796879473
272.4978099055
272.5159318637
272.5529916977
272.5982965932
272.6415974807
272.6808617234
272.7201259662
272.7769109648
272.8342971658
272.8680503865
272.8861723447
272.8892642428
272.8439593473
272.7986544518
272.7717864300
272.7476238191
272.7449040939
272.7630260521
272.7832951618
272.8165187518
272.8497423418
272.8665330661
272.8786143716
272.8383910678
272.7236186659
272.6150014314
272.6301030633
272.6452046951
272.6953478385
272.7617950186
272.8224878328
272.8708130547
272.9191382766
272.9444460349
272.9686086459
272.9590466648
272.9258230747
272.8885628400
272.8372172917
272.7858717435
272.7785714286
272.7785714286
272.7815488119
272.7875894646
272.7978814772
272.8371457200
272.8764099628
272.9225880332
272.9709132551
272.9963927856
272.9873318065
272.9762668194
272.9067993129
272.8373318065
272.8062124248
272.7941311194
272.7976238191
272.8368880618
272.8761523046
272.8899083882
272.9019896937
272.9331233896
272.9784282851
273.0123962210
273.0033352419
272.9942742628
272.9520898941
272.9037646722
272.8641139422
272.8339106785
272.8095476668
272.8306899513
272.8518322359
272.8820211852
272.9152447753
272.9426710564
272.9607930146
272.9789149728
272.9970369310
273.0151588892
272.9641425709
272.8765531062
272.8195247638
272.8376467220
272.8557686802
272.8487689665
272.8397079874
272.8559833954
272.8922273118
272.9331663327
272.9935728600
273.0539793873
273.0367306041
273.0035070140
272.9843114801
272.9812911537
272.9737618093
272.9254365875
272.8771113656
272.8798167764
272.9009590610
272.9087031205
272.8936014887
272.8786716290
272.8998139135
272.9209561981
272.9324363012
272.9384769539
272.9270827369
272.8696965359
272.8123103350
272.3674062411
271.8841540223
271.4157171486
270.9596478672
270.4937875752
269.9833524191
269.4729172631
267.5714142571
265.3544947037
263.3442742628
261.5864443172
259.8734468938
258.6411537360
257.4088605783
256.3593329516
255.3807472087
254.3227168623
253.1206269682
251.9185370741
250.3724019468
248.8229745205
247.4511594618
246.1856427140
244.8854852562
243.4870741483
242.0886630404
240.6199112511
239.1429716576
238.1405811623
237.5576581735
236.9236329802
236.0326367020
235.1416404237
233.8805181792
232.5274119668
231.0966075007
229.5653020326
228.0331377040
226.4897509304
224.9463641569
223.4520326367
221.9781133696
220.5186229602
219.0869882622
217.6553535643
216.1883338105
214.7204551961
213.2341110793
211.7360292013
210.3071714858
209.0899799599
207.8727884340
206.4772115660
205.0576581735
203.6552676782
202.2689378758
200.8826080733
199.4962782708
198.1099484684
196.7853993702
195.4775980532
194.1787145720
192.8920555397
191.6031634698
190.2772401947
188.9513169196
187.7089894074
186.5038791869
185.2829659319
184.0295304896
182.7760950472
181.5430002863
180.3107071285
179.0802175780
177.8509447466
176.6356999714
175.4668336673
174.2979673633
173.1474377326
171.9997137131
170.8701975379
169.7587174349
168.6414257086
167.4876610364
166.3338963642
165.3014600630
164.3047523619
163.2661895219
162.1667907243
161.0712567993
160.0624677927
159.0536787861
158.2250214715
157.4820211852
156.7380761523
155.9920555397
155.2460349270
154.5715860292
153.9010735757
153.2182364729
152.5265817349
151.8434869739
151.1910964787
150.5387059834
149.8863154881
149.2339249928
148.5623675923
147.8707128543
147.1876180933
146.5654308617
145.9432436301
145.3645720011
144.7997709705
144.2361580303
143.6743773261
143.1116518752
142.5166475809
141.9216432866
141.3486830804
140.7869023762
140.2260234755
139.6672630976
139.1085027197
138.5666618952
138.0260234755
137.5128685943
137.0205553965
136.5233180647
136.0068422559
135.4903664472
135.0118952190
134.5407243058
134.0666905239
133.5894789579
133.1129258517
132.6417549384
132.1705840252
131.7376180933
131.3177927283
130.8956770684
130.4698110507
130.0441168050
129.6303320928
129.2165473805
128.7772688234
128.3242198683
127.9433152018
127.7439736616
127.5446321214
127.3202977383
127.0937732608
126.2191096479
124.8237188663
123.5542943029
122.8233753221
122.0924563413
121.4711279702
120.8731033496
120.3070140281
119.7784569138
119.2613512740
118.8536072144
118.4458631549
118.2078585743
118.0326796450
117.9159175494
117.9008159175
117.8857142857
