271.4733333333
271.4909686039
271.5086038744
271.5262391450
271.5438744155
271.5615096860
271.5710086840
271.5639545758
271.5569004676
271.5498463594
271.5427922512
271.5357381430
271.5317835671
271.5294321977
271.5270808283
271.5247294589
271.5223780895
271.5200267201
271.5188376754
271.5176619906
271.5164863059
271.5153106212
271.5141349365
271.5167000668
271.5272812291
271.5378623914
271.5484435538
271.5590247161
271.5696058784
271.5702872411
271.5655845023
271.5608817635
271.5561790247
271.5514762859
271.5467735471
271.5547094188
271.5629392118
271.5711690047
271.5793987976
271.5876285905
271.5890046760
271.5748964596
271.5607882432
271.5466800267
271.5325718103
271.5184635939
271.5253039412
271.5441148965
271.5629258517
271.5817368069
271.6005477622
271.6193587174
271.6165931864
271.6130661323
271.6095390782
271.6060120240
271.6024849699
271.6020841683
271.6091382766
271.6161923848
271.6232464930
271.6303006012
271.6373547094
271.6304475618
271.6151636607
271.5998797595
271.5845958584
271.5693119572
271.5540280561
271.5567000668
271.5602271209
271.5637541750
271.5672812291
271.5708082832
271.5766733467
271.5884301937
271.6001870407
271.6119438878
271.6237007348
271.6354575818
271.6602004008
271.6931195725
271.7260387442
271.7589579158
271.7918770875
271.8247962592
271.8044889780
271.7809752839
271.7574615898
271.7339478958
271.7104342017
271.6926920508
271.6903406814
271.6879893120
271.6856379426
271.6832865731
271.6809352037
271.6785838343
271.6762324649
271.6738810955
271.6715297261
271.6691783567
271.6668269873
271.6557114228
271.6439545758
271.6321977288
271.6204408818
271.6086840347
271.6003072812
271.6014829659
271.6026586506
271.6038343353
271.6050100200
271.6061857047
271.6143086172
271.6272411490
271.6401736807
271.6531062124
271.6660387442
271.6789712759
271.6843286573
271.6890313961
271.6937341349
271.6984368737
271.7031396126
271.7051970608
271.6993186373
271.6934402138
271.6875617902
271.6816833667
271.6758049432
271.6726519706
271.6714762859
271.6703006012
271.6691249165
271.6679492318
271.6667735471
271.6645290581
271.6621776887
271.6598263193
271.6574749499
271.6551235805
271.6527722111
271.6504208417
271.6480694723
271.6457181029
271.6433667335
271.6410153641
271.6440080160
271.6510621242
271.6581162325
271.6651703407
271.6722244489
271.6792785571
271.6768336673
271.6733066132
271.6697795591
271.6662525050
271.6627254509
271.6608016032
271.6643286573
271.6678557114
271.6713827655
271.6749098196
271.6784368737
271.6780360721
271.6745090180
271.6709819639
271.6674549098
271.6639278557
271.6604008016
271.6683366733
271.6777421510
271.6871476286
271.6965531062
271.7059585838
271.7120641283
271.7061857047
271.7003072812
271.6944288577
271.6885504342
271.6826720107
271.6825651303
271.6872678691
271.6919706079
271.6966733467
271.7013760855
271.7060788243
271.7076953908
271.7088710755
271.7100467602
271.7112224449
271.7123981296
271.7145357381
271.7204141617
271.7262925852
271.7321710087
271.7380494322
271.7439278557
271.6198263193
271.3823380094
271.1448496994
270.9073613894
270.6698730795
270.4323847695
269.9573012692
269.4447027388
268.9321042084
268.4195056780
267.9069071476
267.3999866399
266.9167802271
266.4335738143
265.9503674015
265.4671609886
264.9839545758
264.5388510354
264.1285370741
263.7182231129
263.3079091516
262.8975951904
262.4872812291
261.7743620574
261.0089913160
260.2436205745
259.4782498330
258.7128790915
258.0552438210
257.8824181697
257.7095925184
257.5367668671
257.3639412158
257.1911155645
256.7080694723
255.9285905144
255.1491115564
254.3696325985
253.5901536406
252.8106746827
252.2150835003
251.6542818971
251.0934802939
250.5326786907
249.9718770875
249.4477488310
249.1020975284
248.7564462258
248.4107949232
248.0651436206
247.7194923180
247.2127722111
246.5449832999
245.8771943888
245.2094054776
244.5416165665
243.8738276553
243.6341883768
243.4825250501
243.3308617234
243.1791983968
243.0275350701
242.7961923848
242.1436873747
241.4911823647
240.8386773547
240.1861723447
239.5336673347
239.0494856379
238.7414562458
238.4334268537
238.1253974616
237.8173680695
237.5093386774
236.7896058784
235.9783834335
235.1671609886
234.3559385438
233.5447160989
232.7387040748
231.9627521710
231.1868002672
230.4108483634
229.6348964596
228.8589445558
228.2243954576
227.7447160989
227.2650367401
226.7853573814
226.3056780227
225.8259986640
225.2552571810
224.6627120908
224.0701670007
223.4776219105
222.8850768203
222.2694455578
221.5076018704
220.7457581830
219.9839144957
219.2220708083
218.4602271209
217.6852371409
216.8951770207
216.1051169005
215.3150567802
214.5249966600
213.7349365397
213.1141482966
212.5368871075
211.9596259185
211.3823647295
210.8051035404
210.2262257849
209.6360320641
209.0458383434
208.4556446226
207.8654509018
207.2752571810
206.6091783567
205.8520374081
205.0948964596
204.3377555110
203.5806145625
202.8234736139
202.0303807615
201.2273881096
200.4243954576
199.6214028056
198.8184101536
198.0317167669
197.3721576486
196.7125985304
196.0530394122
195.3934802939
194.7339211757
194.0826987308
193.4419505678
192.8012024048
192.1604542418
191.5197060788
190.8789579158
190.2073213093
189.5265998664
188.8458784235
188.1651569806
187.4844355377
186.7906078824
185.9817368069
185.1728657315
184.3639946560
183.5551235805
182.7462525050
181.9490581162
181.1672277889
180.3853974616
179.6035671343
178.8217368069
178.0399064796
177.3637007348
176.7206012024
176.0775016700
175.4344021376
174.7913026052
174.1383700735
173.3871075484
172.6358450234
171.8845824983
171.1333199733
170.3820574482
169.6609485638
168.9814028056
168.3018570474
167.6223112892
166.9427655311
166.2632197729
165.5140146961
164.7415898464
163.9691649967
163.1967401470
162.4243152973
161.6569405478
160.9480026720
160.2390647963
159.5301269205
158.8211890448
158.1122511690
157.4206279225
156.7540146961
156.0874014696
155.4207882432
154.7541750167
154.0875617902
153.4739211757
152.8790247161
152.2841282565
151.6892317969
151.0943353373
150.4972745491
149.8706346025
149.2439946560
148.6173547094
147.9907147629
147.3640748163
146.7552037408
146.1732398130
145.5912758851
145.0093119572
144.4273480294
143.8453841015
143.3130126921
142.7992384770
142.2854642619
141.7716900468
141.2579158317
140.7438076152
140.2241549766
139.7045023380
139.1848496994
138.6651970608
138.1455444222
137.6186239145
137.0801603206
136.5416967268
136.0032331329
135.4647695391
134.9263059452
134.4324515698
133.9562992652
133.4801469606
133.0039946560
132.5278423514
132.0520641283
131.5841416166
131.1162191049
130.6482965932
130.1803740815
129.7124515698
129.2599599198
128.8331863727
128.4064128257
127.9796392786
127.5528657315
127.1260921844
126.6993186373
126.2725450902
125.8457715431
125.4189979960
124.9922244489
124.5683767535
124.2274281897
123.8864796259
123.5455310621
123.2045824983
122.8636339345
122.5414963260
122.2522778891
121.9630594522
121.6738410154
121.3846225785
121.0954041416
120.8094455578
120.5249298597
120.2404141617
119.9558984636
119.6713827655
119.3930126921
119.3789044756
119.3647962592
119.3506880428
119.3365798263
119.3224716099
119.1584368737
118.7187307949
118.2790247161
117.8393186373
117.3996125585
116.9599064796
116.5490581162
116.1516766867
115.7542952572
115.3569138277
114.9595323981
114.5626853707
114.2123313293
113.8619772879
113.5116232465
113.1612692051
112.8109151637
112.5022444890
112.2741616566
112.0460788243
111.8179959920
111.5899131597
111.3618303273
111.2472545090
111.1884702739
111.1296860387
111.0709018036
111.0121175685
110.9533333333
