85.0750000000
85.0750000000
85.0750000000
85.0750000000
85.0750000000
85.0750000000
85.4519539078
87.1647795591
88.9794589178
91.0393912826
93.0231713427
94.8754884770
96.7049599198
98.5053732465
100.2874624248
102.0521918838
103.8664203407
105.7154934870
107.5302980962
109.3274674349
109.9109594188
110.0536948898
111.4555611222
113.1586548096
115.0787825651
117.0284193387
118.9564003006
120.8826277555
122.7836047094
124.6897920842
126.6426728457
128.6000626253
130.5788952906
132.5641407816
134.5689253507
136.5674724449
138.5527930862
140.5547219439
142.5822144289
144.6097069138
146.6371993988
148.6857339679
150.7521543086
152.8126002004
154.8692885772
156.9505010020
159.0428732465
161.1796593186
163.3304233467
165.4595440882
167.5843562124
169.7798096192
171.9824774549
174.2328657315
176.4777054108
178.6090055110
180.7630385772
183.0727580160
185.3577279559
187.5441758517
189.7537449900
192.0245365731
194.2896918838
196.5442635271
198.8070265531
201.0810621242
203.3534944890
205.6242860721
207.9024423848
210.1862099198
212.4990856713
214.8282690381
217.1018411824
219.3531688377
221.6172720441
223.8848196393
224.6608592184
225.1961172345
226.8983341683
228.6872119238
231.0780310621
233.4580661323
235.7158817635
237.9676853707
240.1865731463
242.4291082164
244.7518036072
246.9103707415
248.6880761523
250.0211172345
250.6115230461
251.1060370741
251.4823396794
251.6067009018
251.4996492986
251.7938001002
252.3614979960
252.7731838677
253.1073146293
253.3837299599
253.6400050100
253.8857089178
254.1290080160
254.4011147295
254.6768537074
254.9619488978
255.2465180361
255.5060370741
255.7648547094
256.0178857715
256.2744488978
256.5469438878
256.8153056112
257.0715806613
257.3204033066
257.5539704409
257.7979584168
258.0574774549
258.2969689379
258.5143161323
258.7085420842
258.8837174349
259.1133391784
259.3761022044
259.5757389780
259.7476703407
259.9694514028
260.2062625251
260.4075776553
260.6022169339
260.8087299599
261.0163451904
261.2015155311
261.3876252505
261.5919964930
261.7880385772
261.9307740481
262.0850075150
262.2828907816
262.4524298597
262.5497494990
262.6355460922
262.7004258517
262.8028431864
262.9553106212
263.1077780561
263.2602454910
263.3921843687
263.5089679359
263.5920841683
263.6569639279
263.8061623246
263.9878256513
264.1204659319
264.2404934870
264.3323396794
264.4199273547
264.4891783567
264.5579534068
264.6682489980
264.7768161323
264.8676477956
264.9616357715
265.0719313627
265.1852830661
265.3085546092
265.4258141283
265.5296217435
265.6135896794
265.6654934870
265.7203532064
265.7787449900
265.8525801603
265.9401678357
266.0062625251
266.0581663327
266.1319889780
266.2163326653
266.2982464930
266.3793461924
266.4897920842
266.6065756513
266.6594313627
266.7048471944
266.7785571142
266.8531688377
266.9277805611
266.9911197395
266.9684118236
266.9671843687
267.0580160321
267.1394789579
267.1946267535
267.2574023046
267.3352580160
267.3878882766
267.4041082164
267.4422469940
267.5038827655
267.5709293587
267.6422970942
267.7177479960
267.7956037074
267.8802980962
267.9678857715
268.0051227455
268.0278306613
268.0367610220
268.0432489980
268.0736848697
268.1061247495
268.1902680361
268.2689754509
268.2722194389
268.2833416834
268.3417334669
268.3917084168
268.4111723447
268.4296968938
268.4459168337
268.4821518036
268.5535195391
268.6163952906
268.6682990982
268.6904433868
268.6839554108
268.7360971944
268.8301728457
268.8646292585
268.8678732465
268.8900551102
268.9192510020
268.9614729459
269.0068887776
269.0181863727
269.0246743487
269.1235971944
269.2251503006
269.2316382766
269.2390656313
269.2552855711
269.2742610220
269.3067009018
269.3312500000
269.3312500000
269.3384393788
269.3611472946
269.3863852705
269.4155811623
269.4312500000
269.4312500000
269.4538827655
269.4960546092
269.5026052104
269.4863852705
269.5034193387
269.5358592184
269.5388401804
269.5323522044
269.5635646293
269.6024924850
269.6443512024
269.6865230461
269.7033441884
269.7185871743
269.7153431864
269.7165080160
269.7489478958
269.7845816633
269.8332414830
269.8731337675
269.8893537074
269.9178356713
269.9697394790
270.0270541082
270.0919338677
270.1170465932
270.1008266533
270.0644914830
270.0125876754
269.9276177355
269.8238101202
269.8882389780
270.0212424850
270.0728832665
270.1020791583
270.0923471944
270.0761272545
270.1293336673
270.1875250501
270.1940130261
270.2040080160
270.2559118236
270.2941382766
270.2552104208
270.2402555110
270.3083792585
270.3639654309
270.3899173347
270.3834043086
270.3217685371
270.3177479960
270.3858717435
270.4304984970
270.4532064128
270.4663326653
270.4728206413
270.4879258517
270.5073897796
270.5029308617
270.4899549098
270.5111723447
270.5403682365
270.5494864729
270.5559744489
270.5748872745
270.5939504008
270.6004383768
270.6069263527
270.6134143287
270.6193261523
270.6225701403
270.6258141283
270.6290581162
270.6554483968
270.7300601202
270.7685495992
270.7523296593
270.7361097194
270.7198897796
270.7177980962
270.7275300601
270.7412700401
270.7574899800
270.7535320641
270.7405561122
270.7672595190
270.8061873747
270.7880385772
270.7588426854
270.7444263527
270.7314504008
270.7823522044
270.8318136273
270.8415455912
270.8504258517
270.8536698397
270.8569138277
270.8601578156
270.8796342685
270.9412700401
270.9721317635
270.9461798597
270.9284944890
270.9220065130
270.9332915832
270.9624874749
270.9824148297
270.9953907816
270.9769914830
270.9413076152
270.9428982966
270.9591182365
270.9727705411
270.9857464930
270.9734719439
270.9572520040
271.0110345691
271.0686372745
271.0589053106
271.0497244489
271.0464804609
271.0458041082
271.0587800601
271.0740105210
271.0967184369
271.1035946894
271.0743987976
271.0648421844
271.0875501002
271.1000000000
271.1000000000
270.2108216433
268.5174599198
267.5773547094
267.1426603206
265.6989228457
263.7622620240
262.7756137275
262.1138401804
260.4457039078
258.5544589178
257.0885270541
255.6741482966
254.4257264529
253.1534694389
251.1389529058
249.3372870741
249.2237474950
248.8059994990
247.0510020040
245.4411823647
244.2473947896
242.9178857715
241.3153557114
239.5602705411
237.5814378758
235.5358216433
233.4174974950
231.4908191383
229.7196017034
228.1878131263
226.7993862725
225.1049098196
223.2785445892
221.3645040080
219.4245991984
217.4024048096
215.3651803607
213.2713176353
211.1724574148
209.2087925852
207.2544839679
205.4183867735
203.5782314629
201.7129383768
199.8497119238
197.9941508016
196.1181988978
194.1912700401
192.2445390782
190.2624624248
188.3098446894
186.3958917836
184.4031813627
182.3335170341
180.1191883768
177.7997369739
175.7279433868
173.7880385772
171.6950776553
169.5443136273
167.5802229459
165.6630260521
163.7514904810
161.8407815631
159.9730335671
158.1097444890
156.3482590180
154.6003006012
152.9847945892
151.3698271543
149.7575651303
148.1810245491
146.7179859719
145.2650926854
143.8344939880
142.4289453908
141.0632264529
139.7273171343
138.4264779559
137.1619363727
135.9292209419
134.7142034068
133.5106838677
132.4019539078
131.3379258517
130.4863852705
129.7045841683
128.9174223447
128.1291332665
127.3992109218
126.6758016032
126.0281437876
125.3818386774
124.7200651303
124.0645040080
123.4546342685
122.8635521042
122.3510020040
121.8211673347
121.2437374749
120.6806362725
120.1453782565
119.6101202405
119.0748622244
118.5632765531
118.0766783567
117.8152805611
117.7309368737
117.1474448898
116.2748121242
115.3700901804
114.4520415832
113.6124248497
112.7949398798
112.1767535070
111.5928356713
111.4808617234
111.4062500000
