268.3416666667
268.3976786907
268.4536907148
268.5097027388
268.5645791583
268.6119739479
268.6593687375
268.7067635271
268.7510354041
268.7865814963
268.8221275885
268.8576736807
268.9102538410
268.9888861055
269.0675183701
269.1461506346
269.1946893788
269.2162324649
269.2377755511
269.2593186373
269.3071225785
269.3685203741
269.4299181697
269.4913159653
269.5135354041
269.5253841015
269.5372327989
269.5490814963
269.5967017368
269.6473279893
269.6979542418
269.7485220441
269.7980711423
269.8476202405
269.8971693387
269.9417084168
269.9643286573
269.9869488978
270.0095691383
270.0277388110
270.0363560454
270.0449732799
270.0535905144
270.0743152973
270.1098613894
270.1454074816
270.1809535738
270.2020958584
270.2128674015
270.2236389446
270.2344104876
270.2544004676
270.2780978624
270.3017952572
270.3254926520
270.3391783567
270.3510270541
270.3628757515
270.3747244489
270.3949899800
270.4154559118
270.4359218437
270.4551018704
270.4637191049
270.4723363393
270.4809535738
270.4895708083
270.4981880428
270.5068052772
270.5154225117
270.5292501670
270.5518704075
270.5744906480
270.5971108884
270.6132181029
270.6229124916
270.6326068804
270.6423012692
270.6581579826
270.6775467602
270.6969355377
270.7163243153
270.7332331329
270.7493904476
270.7655477622
270.7817050768
270.7930193721
270.8037909152
270.8145624582
270.8253006012
270.8349949900
270.8446893788
270.8543837675
270.8607464930
270.8499749499
270.8392034068
270.8284318637
270.8287658651
270.8556947228
270.8826235805
270.9095524382
270.9282147629
270.9357548430
270.9432949232
270.9508350033
270.9619822979
270.9759853039
270.9899883100
271.0039913160
271.0075901804
271.0065130261
271.0054358717
271.0043587174
271.0165581162
271.0316382766
271.0467184369
271.0617985972
271.0758517034
271.0898547094
271.1038577154
271.1157481630
271.1049766199
271.0942050768
271.0834335337
271.0768704075
271.0854876420
271.0941048764
271.1027221109
271.1147211089
271.1330327321
271.1513443554
271.1696559786
271.1739896460
271.1632181029
271.1524465598
271.1416750167
271.1381596526
271.1392368069
271.1403139613
271.1413911156
271.1552939212
271.1736055444
271.1919171677
271.2102287909
271.2247661991
271.2387692051
271.2527722111
271.2664996660
271.2449565798
271.2234134937
271.2018704075
271.1845357381
271.1931529726
271.2017702071
271.2103874415
271.2230961924
271.2467935872
271.2704909820
271.2941883768
271.3065965264
271.3022879092
271.2979792919
271.2936706747
271.2928189713
271.2949732799
271.2971275885
271.2992818971
271.2971275885
271.2928189713
271.2885103540
271.2842017368
271.3022545090
271.3259519038
271.3496492986
271.3733466934
271.3729959920
271.3708416834
271.3686873747
271.3674682699
271.3803941216
271.3933199733
271.4062458250
271.4168754175
271.4179525718
271.4190297261
271.4201068804
271.4162742151
271.4022712091
271.3882682031
271.3742651971
271.3661740147
271.3650968604
271.3640197061
271.3629425518
271.3580577822
271.3505177021
271.3429776219
271.3354375418
271.3511940548
271.3759686039
271.4007431530
271.4255177021
271.4218186373
271.4132014028
271.4045841683
271.3959669339
271.3958333333
271.3958333333
271.3958333333
271.3964595858
271.4018453574
271.4072311289
271.4126169005
271.4190714763
271.4287658651
271.4384602538
271.4481546426
271.4558032732
271.4601118904
271.4644205077
271.4687291249
271.4675267201
271.4610637943
271.4546008684
271.4481379426
271.4520708083
271.4617651971
271.4714595858
271.4811539746
271.4866733467
271.4909819639
271.4952905812
271.4995991984
271.4863226453
271.4712424850
271.4561623246
271.4420424182
271.4517368069
271.4614311957
271.4711255845
271.4780644623
271.4716015364
271.4651386106
271.4586756847
271.4528640615
271.4485554442
271.4442468270
271.4399382098
271.4445140281
271.4606713427
271.4768286573
271.4929859719
271.4957331329
271.4881930528
271.4806529726
271.4731128925
271.4775968604
271.4872912492
271.4969856379
271.5066800267
271.5172678691
271.5280394122
271.5388109552
271.5495824983
271.5323981296
271.5140865063
271.4957748831
271.4804692719
271.4944722779
271.5084752839
271.5224782899
271.5292167669
271.5109051436
271.4925935204
271.4742818971
271.1967017368
270.4513109552
269.7059201737
268.9605293921
268.4339762859
268.1366816967
267.8393871075
267.5420925184
267.0250250501
266.3733466934
265.7216683367
265.0699899800
264.3227371409
263.5439545758
262.7651720107
261.9863894456
261.6264445558
261.3216098864
261.0167752171
260.7041082164
259.8940881764
259.0840681363
258.2740480962
257.4618069472
256.6367067468
255.8116065464
254.9865063460
254.2557949232
253.7689211757
253.2820474282
252.7951736807
252.2149215097
251.5007682031
250.7866148965
250.0724615898
249.7306362725
249.7026302605
249.6746242485
249.6466182365
249.0265531062
248.1206663327
247.2147795591
246.3088927856
245.4195056780
244.5340848363
243.6486639947
242.7632431530
242.1819388778
241.6207414830
241.0595440882
240.4797094188
239.6513777555
238.8230460922
237.9947144289
237.1273046092
236.1050851703
235.0828657315
234.0606462926
233.1052104208
232.2833416834
231.4614729459
230.6396042084
229.8828657315
229.2010270541
228.5191883768
227.8373496994
227.0121325985
226.0900885104
225.1680444222
224.2460003340
223.3027638611
222.3516366065
221.4005093520
220.4493820975
219.4305945224
218.4008350033
217.3710754843
216.3413159653
215.5381429526
214.7367401470
213.9353373413
213.1305945224
212.3022628591
211.4739311957
210.6455995324
209.7726285905
208.7697979292
207.7669672679
206.7641366065
205.7517034068
204.7240981964
203.6964929860
202.6688877756
201.6530310621
200.6480460922
199.6430611222
198.6380761523
197.6927104208
196.7792835671
195.8658567134
194.9524298597
194.0305694723
193.1063710755
192.1821726787
191.2579742819
190.1712007348
189.0692718771
187.9673430194
186.8759853039
186.0013360053
185.1266867067
184.2520374081
183.3426269205
182.2730126921
181.2033984636
180.1337842351
179.0865480962
178.0891032064
177.0916583166
176.0942134269
175.1267535070
174.1971693387
173.2675851703
172.3380010020
171.4096526386
170.4822227789
169.5547929192
168.6273630595
167.7326068804
166.8514946560
165.9703824315
165.0892702071
164.2622661991
163.4457832331
162.6293002672
161.8128173013
161.0161656647
160.2201486306
159.4241315965
158.6287658651
157.8392117568
157.0496576486
156.2601035404
155.4753089512
154.7062207749
153.9371325985
153.1680444222
152.4130845023
151.6827738811
150.9524632599
150.2221526386
149.5078740815
148.8098780895
148.1118820975
147.4138861055
146.7517368069
146.1108299933
145.4699231797
144.8290163661
144.1651970608
143.4941299265
142.8230627923
142.1519956580
141.5279809619
140.9096943888
140.2914078156
139.6750250501
139.1386022044
138.6021793587
138.0657565130
137.5358466934
137.0414328657
136.5470190381
136.0526052104
135.5674599198
135.1053607214
134.6432615230
134.1811623246
133.7361973948
133.3150300601
132.8938627255
132.4726953908
132.0438209753
131.6086506346
131.1734802939
130.7383099532
130.3193052772
129.9078323313
129.4963593854
129.0848864395
128.6848112892
128.2873413494
127.8898714095
127.4924014696
127.1244739479
126.7582414830
126.3920090180
126.0260270541
125.6630260521
125.3000250501
124.9370240481
124.6500000000
124.6500000000
124.6500000000
124.6500000000
124.4512358049
123.8684953240
123.2857548430
122.7030143621
122.1533817635
121.6406563126
121.1279308617
120.6152054108
120.1584919840
119.7384018036
119.3183116232
118.8982214429
118.5677688711
118.2693971276
117.9710253841
117.6726536406
117.5781563126
117.5146042084
117.4510521042
117.3875000000
