79.4388888889
79.4388888889
79.4388888889
79.4434090403
79.4486194611
79.4500000000
79.4500000000
80.1862391450
81.4080828323
82.7952571810
84.3688042752
85.8843019372
87.2859051436
88.6672010688
89.9698062792
91.2820641283
92.7175350701
94.1530060120
95.6497105322
97.1503117346
98.6298708528
100.1044199510
100.7574816299
101.0153974616
101.8176798041
103.0786016477
104.4442663104
105.9604987753
107.4861389446
109.0362391450
110.6045090180
112.2796593186
113.9538076152
115.5508016032
117.1477955912
118.7860721443
120.4299599198
122.1069694945
123.7951458473
125.4720997551
127.1420396348
128.8572700957
130.6209975507
132.3509463371
134.0182810065
135.7282008461
137.5909262970
139.4498663995
141.2683032732
143.0867401470
144.8828323313
146.6778223113
148.5369405478
150.4100868403
152.2957804498
154.1871632153
156.0597305723
157.9172456023
159.8453017145
161.8695502115
163.8589735026
165.7633823202
167.6764417724
169.6355600089
171.5946114451
173.5511244712
175.5076374972
177.5688599421
179.6426074371
181.6687931418
183.6800155867
185.6879648185
187.6939768426
189.7335671343
191.8073146293
193.8640280561
195.8908817635
197.8954909820
199.8259519038
201.7758739702
203.9043308840
206.0327877978
208.0706635493
210.1053328880
212.1508572701
214.1985526609
216.3010242708
218.4268759742
220.4698062792
222.4497661991
223.9141616566
224.7113560454
225.4729792919
226.1529392118
226.8244377644
227.4548986863
228.0844578045
228.6914718326
229.2984858606
229.9479848586
230.6018926742
230.8023936762
230.8701291472
231.9882988199
233.6947116455
235.4898908929
237.3708528167
239.2949231797
241.2905143621
243.2759519038
245.2298597194
247.1082164329
248.3821643287
249.6561122244
249.8592518370
250.0390113560
250.6530394122
251.3460253841
251.9255956357
252.4596637720
252.9028835449
253.2806390559
253.7367178802
254.2890224894
254.8528612781
255.4416388332
255.9432865731
256.0579158317
256.2024716099
256.9006680027
257.5988643955
257.8566243598
258.0754620352
258.4274549098
258.8156312625
258.9534068136
258.9586172345
259.2789467825
259.8885660209
260.4090291695
260.7893898909
260.9533177466
260.4895902917
260.1869739479
261.0232464930
261.8595190381
262.0707192162
262.2765308395
262.6770318415
263.1094967713
263.4000111334
263.6370852817
263.8432086395
264.0281785794
264.2071364952
264.3790803830
264.5887441550
264.8753173013
265.1163103986
265.1710198174
265.2327432643
265.3968715208
265.5609997773
265.1402026275
264.6764751726
265.0892451570
265.7223112892
266.1104876420
266.3762191049
266.5765419728
266.7198285460
266.5711311512
265.9875640169
265.7589067023
266.4935760410
267.1530728123
267.3380427522
267.5193943442
266.8576708974
266.1959474505
266.6970830550
267.3692273436
267.5694834113
267.6033511467
267.6087619684
267.5957359163
267.7866176798
268.2034513471
268.2381874861
267.5373858829
267.1382654197
267.8781451792
268.5645179247
268.6088065019
268.6530950790
268.3775217101
268.0831329325
268.3683478067
268.7877866845
268.6637719884
268.2834112670
268.3334224004
268.7398352260
269.0674126030
269.2836450679
269.3676130038
269.1149075930
268.9339011356
269.1605544422
269.3809285237
269.2402471610
269.0995657983
269.3852371409
269.7265197061
269.2820529949
268.5786461813
268.7195390782
269.3786573146
269.5643620574
269.2517368069
269.1821420619
269.5546871521
269.7130260521
269.1216432866
268.6478623914
269.3669004676
270.0859385438
269.7176464039
269.3008127366
269.6424849699
270.1452905812
270.1340681363
269.8943887776
269.7757626364
269.7523157426
269.8179358717
270.0029058116
270.1041416166
270.0051436206
269.9492985972
270.1160320641
270.2838566021
270.4870630149
270.6902694277
270.4983522601
270.2612781118
270.4168002672
270.6929525718
270.6510910710
270.4244377644
270.4635159207
270.7683255400
270.8194054776
270.4338343353
270.2093075039
270.5089067023
270.7660209308
270.6513916722
270.5367624137
270.2856602093
270.0303495881
270.3162101982
270.7069917613
270.6421955021
270.3868848809
270.5105099087
270.9169227344
271.0309173903
270.7730015587
270.6930416388
271.0134825206
271.2348697395
270.9899799599
270.7646849254
270.9783121799
271.1919394344
271.0427410376
270.8577710978
270.9544533511
271.1316076598
271.1288799822
271.0272767758
271.0525940770
271.1984858606
271.2304275217
271.0767201069
271.0159986640
271.2374415498
271.4092852371
271.2008684035
270.9924515698
271.1194834113
271.2523491427
271.1968937876
271.1083166333
270.6325651303
270.0047094188
270.1394900913
270.8142395903
270.9189824093
270.3354152750
270.1442997105
270.7851814741
271.2306056558
270.8320084614
270.4843576041
271.0027944778
271.5212313516
271.1522934758
270.7094077043
271.0080048987
271.5029948786
271.4973391227
271.2316076598
271.2493431307
271.5228902249
271.5905588956
271.3404586952
271.0842462703
270.8106991761
270.6246604320
271.0336784680
271.4426965041
270.8478067246
270.2486083278
270.6839234024
271.2831217992
271.1112781118
270.6553662881
270.7823981296
271.3008350033
271.4370073480
271.1348029392
271.0470941884
271.3883767535
271.6229124916
271.4327321309
271.2388109552
270.9939211757
270.7490313961
271.0137274549
271.3133266533
270.8594188377
270.2211422846
270.4778111779
271.1734023603
271.3485526609
271.0776107771
271.0382988199
271.3378980183
271.5405922957
271.4858828769
271.4260298375
271.3348474727
271.2396125585
270.6742818971
270.1089512358
270.6437096415
271.3340904030
271.5014250724
271.4883990203
270.7971498553
269.6743041639
268.5115564462
267.3053440214
266.0874081496
264.8473279893
263.6206078824
262.4430527722
261.2849588065
260.3470830550
259.4092073035
258.5479514585
257.6908372300
256.7635493209
255.8204631485
254.7366510799
253.5877532843
252.2923625028
250.8777332443
249.4554664885
248.0226007571
246.5539300824
244.9960142507
243.4457136495
241.9372968159
240.4289356491
238.9231240258
237.4173124026
236.0041304832
234.6025272768
234.0561678913
233.7852260076
232.7633155199
231.2887664217
229.8039746159
228.3085838343
226.8356379426
225.4027722111
223.9468937876
222.4124248497
220.8671788020
219.2180806057
217.5689824093
215.7921287018
214.0101647740
212.1115675796
210.1889222890
208.4259741706
206.7325873970
205.0156869294
203.2806167891
201.5376753507
199.7843687375
198.0248274326
196.2506791360
194.4726230238
192.6750278334
190.8779670452
189.0960031173
187.3140391895
185.4592518370
183.5965263861
181.7718770875
179.9586506346
178.1686484079
176.3918949009
174.6072589624
172.8148741928
171.0496103318
169.3301714540
167.6406590960
166.0462703184
164.4493765308
162.8315408595
161.2137051882
159.6669450011
158.1220552216
156.6144511245
155.1138499221
153.6613003785
152.2284346471
150.8541861501
149.5229236250
148.1847138722
146.8378200846
145.5209975507
144.2704965487
143.0237363616
141.7940770430
140.5649075930
139.3456691160
138.1264306391
137.0572923625
136.0021821421
135.0917279002
134.2215876197
133.3599087063
132.5027944778
131.6645401915
130.8438989089
130.0292696504
129.2242596304
128.4369850813
127.7023157426
126.9673346693
126.2300601202
125.4927855711
124.8043754175
124.1165998664
123.4733578268
122.8376864841
122.2038966823
121.5708305500
120.9838566021
120.4289467825
119.8168559341
119.1368960143
118.5195502115
118.0323758628
117.5286684480
116.9555221554
116.3865842797
115.8837786684
115.3809730572
114.9119906480
114.4456579826
114.2009018036
114.0133266533
113.5824315297
113.0275217101
112.2959029169
111.4075261634
110.5812736584
109.8492095302
109.1330215988
108.4608773102
107.8342908038
107.5060342908
107.1777777778
