83.8615384615
83.8615384615
83.8615384615
83.8615384615
83.8615384615
83.8615384615
83.8615384615
84.4972098042
85.3924156004
86.3911515338
87.4551256359
88.5864112841
89.7806304918
91.0264914444
92.3436180052
93.6660860182
94.9997225220
96.3450131031
97.7300138739
99.0951826730
100.3279250809
101.5258902420
101.7240095576
101.9221288731
103.2993602590
104.7559041159
106.2509865886
107.7533913982
109.3049098196
110.8733544011
112.4631647911
114.0646292585
115.6812394019
117.3102204409
118.9458609527
120.5895174965
122.2613457685
123.9838831509
125.7111993217
127.4520810852
129.1944658548
130.9445198088
132.6992600586
134.5190226607
136.3387852628
138.1799136735
140.0216895329
141.8827038693
143.7464929860
145.6316710344
147.5229767227
149.4392554339
151.3672498844
153.3188145522
155.2871666410
157.2492600586
159.2047710806
161.1911052875
163.2254971481
165.2437027902
167.2230615076
169.2172730076
171.2718436874
173.3306690304
175.4274317867
177.5239324803
179.5583243410
181.5927162016
183.6570756898
185.7244874364
187.8008247264
189.8792431016
191.9589717897
194.0392246031
196.1058809928
198.1641205488
200.2472098042
202.3531447510
204.4598581779
206.5676275628
208.6922306151
210.8513642670
212.9990519501
215.1086557731
217.2217126561
219.3569986126
221.4198628025
221.6399953754
221.8601279482
223.4752967473
225.1776553106
227.2285956528
229.3437027902
231.4231385849
233.4905503314
235.6021658702
237.7374518267
239.6896022815
241.4946893788
242.8427393248
243.6498920919
244.3330892554
244.7972020965
245.3754277786
246.2706335748
247.1106520734
247.6774934484
248.2515415446
248.9192770156
249.5870124865
250.0973870819
250.6036919994
251.2018190227
251.8126869123
252.3246338832
252.8089255434
253.3120625867
253.8238708186
254.3238091568
254.8154385694
255.2718976414
255.6919839679
256.1207646061
256.5628641899
256.9327269924
257.1326807461
257.3648219516
257.7243718206
258.0987590566
258.5995606598
259.0988669647
259.4217280715
259.7445891784
259.8935023894
260.0255819331
260.4223292739
260.8791043626
261.0274626175
261.0549791891
261.3631185448
261.8419068907
262.1337829505
262.2566903037
262.4424926777
262.7121550794
262.9050948050
262.9436180052
263.0792585170
263.5305302914
263.9189764144
263.9171419763
263.9296439032
264.2690149530
264.6083860028
264.4587020194
264.2807615230
264.5403268075
264.8778634191
265.1850470171
265.4822259904
265.5701865269
265.5481732696
265.7086326499
266.0131493757
266.1760752274
266.1742407893
266.1388777555
266.0453214121
266.0301988593
266.2283181748
266.4520348389
266.7987436411
267.1075766918
266.9534838909
266.7993910899
267.1122321566
267.4350932634
267.4811700324
267.4903422229
267.6407661477
267.8297132727
267.6407044859
267.2811546169
267.3965315246
267.8386311084
267.8496223216
267.4221982426
267.3660166487
267.8686526900
268.2708416834
268.4414444273
268.5455757669
268.3933174040
268.2877524279
268.5629181440
268.8282102667
268.3200709111
267.8119315554
268.2632341606
268.8025589641
269.0157314629
269.1569831972
268.9853630338
268.6936873747
268.7993756744
269.1424156004
269.0513411438
268.5743872360
268.5126406659
268.9950978881
269.3677971327
269.5237243718
269.5663018344
269.2489440419
269.0269770310
269.3773547094
269.7124710960
269.7326499152
269.7528287344
269.2086172345
268.6344381070
268.9724603052
269.4677585941
269.2943348235
268.9054339448
269.0211499923
269.3972098042
269.4654848158
269.2948820718
269.2919685525
269.4809156775
269.6400184985
269.7482503468
269.8023739787
269.7124865115
269.6831355018
269.9362879605
270.1469708648
269.8681362725
269.5893016803
269.8713889317
270.1630645907
269.8969092030
269.5593725913
269.7420456297
270.0630722984
269.9389779559
269.6179512872
269.6909434253
270.0303144751
270.0183906274
269.6551718822
269.5916294127
269.9713581008
270.1209572992
269.7504008016
269.5444041930
269.9571527671
270.2787498073
269.8880144905
269.5104131340
269.9011484507
270.2918837675
270.0057345460
269.6608601819
269.9399105904
270.3526591645
270.2467010945
269.9458532450
270.0485047017
270.3878757515
270.4012794820
270.1297826422
270.0987667643
270.3776013566
270.4816247880
270.2468167103
270.1054416525
270.2540311392
270.3662016340
270.2671419763
270.1656775089
270.0189224603
269.8721674117
270.0770926468
270.2990596578
270.0131493757
269.6425928781
269.8705333744
270.2869508247
270.1480422383
269.7279559118
269.8135733004
270.2850238939
270.3507399414
269.9600046246
269.8923693541
270.3656543857
270.6227377833
270.3163866194
270.1276938492
270.4725682133
270.7705796208
270.5577848004
270.3449899800
270.3078927085
270.2730383845
270.3803453060
270.5050870973
270.2102821027
269.8067057191
270.0185601973
270.4973485432
270.4261368892
269.9895406197
270.0218822260
270.5153460768
270.6813396023
270.3713195622
270.2569369508
270.5761291814
270.8009788808
270.6799059658
270.5396254047
270.2552874981
269.9842454139
270.3327886542
270.6813318946
270.3295514105
269.9204717127
270.2599737937
270.7552720826
270.6416910745
270.3041544628
270.4344920610
270.8343995684
270.9077462618
270.7004547557
270.4826422075
270.2515030060
270.2049175274
270.5094342531
270.6511484507
270.2989363342
270.0715893325
270.5448743641
270.9777786342
270.7117851087
270.4457915832
270.4644905195
270.4956759673
270.6327269924
270.7868197934
270.5242793279
270.1335440111
270.3335131802
270.8269770310
270.8854169878
270.6175890242
270.5352782488
270.6581856020
270.7595884076
270.8256281794
270.7522352397
270.3229767227
270.0663403731
270.5708108525
271.0349776476
271.0826730384
271.1303684292
270.3176661014
269.4976722676
268.5906659473
267.6734468938
266.6742176661
265.6542700786
264.6420456297
263.6331046709
262.6863187914
261.7801063666
260.8244643132
259.8210266687
258.7518729767
257.5888392169
256.3795591182
255.0697703099
253.7315245876
252.2914906737
250.8579389548
249.4711037460
248.1181671034
248.0759750270
248.0337829505
246.6510097117
245.1651148451
243.6899028827
242.2168490828
240.7100739941
239.1911592416
237.6652150455
236.1352936643
234.5457145059
232.9057268383
231.2428626484
229.5515107137
227.8480036997
226.1217974410
224.4006782796
222.6946508401
220.9886234006
219.2825959612
217.5719284723
215.7870201942
214.0021119161
212.3813550177
210.7670494836
208.9209264683
207.0387929706
205.2370587329
203.4594882072
201.6806844458
199.9012794820
198.1113149376
196.3135655927
194.5070294435
192.6909357176
190.8825574225
189.0866425158
187.2598042238
185.3556574688
183.4560197318
181.5757206721
179.6981347310
177.8471866811
175.9962386311
174.1507707723
172.3053260367
170.5324572221
168.7677277632
167.0618853091
165.3705333744
163.7335671343
162.1192616001
160.5507784800
159.0116849083
157.5017419454
156.0195159550
154.5701017419
153.1667565901
151.7762987513
150.4133112379
149.0605364575
147.7434098967
146.4341452135
145.1793895483
143.9274934484
142.7699630029
141.6124325574
140.4566132265
139.3009172191
138.2188453831
137.1512024048
136.2137891167
135.3222521967
134.4719901341
133.6446585479
132.8083089255
131.9644673963
131.1387698474
130.3352859565
129.5525204255
128.8077385540
128.0685987359
127.3458301218
126.6277478033
125.9343301989
125.2438029906
124.5962463388
123.9486896871
123.3170880222
122.6860413134
122.0869045784
121.4925466317
120.8925158008
120.2908201017
119.7275936488
119.1827655311
118.8964082010
118.7973485432
118.4110991213
117.7176815169
116.9632804070
116.1121011253
115.3013411438
114.5895791583
113.9040542624
113.3280406968
112.7903190997
112.6105441653
112.4307692308
