243.0600000000
245.9855511022
248.9307114228
251.9135671343
254.9397695391
257.9860420842
261.0352505010
264.1756613226
267.4721843687
270.6765030060
273.8487875752
277.1181663327
280.4423947896
283.8505110220
286.9650000000
289.9882264529
293.1641082164
296.1198396794
298.7739478958
301.1791583166
303.4751503006
305.4989078156
307.4834368737
309.4197294589
311.1318537074
312.7465631263
314.1128256513
315.3286372745
316.3782164329
317.3464529058
318.3032364729
319.2955110220
320.2529859719
321.1758917836
321.5643286573
321.9026853707
322.4546192385
323.1499398798
323.9733166333
324.7783166333
325.5767334669
326.3609018036
327.0814829659
327.7510420842
328.4097795591
329.0578957916
329.6761823647
330.3102505010
330.9556813627
331.4729759519
332.0133366733
332.6467034068
333.1498797595
333.5691082164
334.0685771543
334.5775450902
335.0993186373
335.5828156313
336.0442685371
336.3761022044
336.7462124248
337.2046492986
337.6810320641
338.1660120240
338.4706312625
338.7898396794
339.1366833667
339.4980460922
339.8634769539
340.1469839679
340.4439579158
340.7636573146
341.1070541082
341.4514128257
341.6534869739
341.8916332665
342.1841883768
342.4365230461
342.6800501002
342.9816533066
343.2460621242
343.4602004008
343.6720240481
343.8907515030
344.1712424850
344.3972244489
344.5570741483
344.7241082164
344.9016332665
345.1338677355
345.3444589178
345.5314529058
345.7035971944
345.8651302605
345.9887875752
346.1322444890
346.2951102204
346.4605310621
346.6281262525
346.8030561122
346.9250801603
347.0004809619
347.1391282565
347.2764929860
347.3760220441
347.4620841683
347.5374849699
347.6020240481
347.6712124248
347.7586773547
347.8725951904
348.0053006012
348.0932765531
348.1907114228
348.3234168337
348.4266232465
348.5110721443
348.5753907816
348.6324849699
348.6747094188
348.7477154309
348.8381963928
348.8902505010
348.9522144289
349.0366633267
349.1251202405
349.2153406814
349.2666132265
349.3305110220
349.4179759519
349.4512525050
349.4624048096
349.5347895792
349.5958517034
349.6380761523
349.7019438878
349.7739679359
349.8403206413
349.8909118236
349.9180561122
349.9900901804
350.0681763527
350.0470641283
350.0634368737
350.1297895792
350.1705711423
350.2054509018
350.2537074148
350.2813727455
350.2843887776
350.3234769539
350.3641583166
350.3581262525
350.3738877756
350.4130961924
350.4324248497
350.4515130261
350.4907214429
350.5038677355
350.4918036072
350.5695190381
350.6484869739
350.6665831663
350.6830661323
350.6981462926
350.7264529058
350.7493386774
350.7463226453
350.7399198397
350.7308717435
350.7545290581
350.7764829659
350.7825150301
350.7814529058
350.7754208417
350.7637775551
350.7722545090
350.8355911824
350.8711222445
350.8892184369
350.8784569138
350.8718036072
350.8778356713
350.8741983968
350.8651503006
350.9243186373
350.9650000000
350.9650000000
350.9529158317
350.9350000000
350.9350000000
350.9456212425
350.9757815631
350.9829058116
350.9802204409
350.9862525050
350.9877154309
350.9816833667
350.9734769539
350.9640480962
350.9489679359
350.9497795591
350.9739078156
350.9754909820
350.9710821643
350.9831462926
350.9900000000
350.9900000000
350.9596492986
350.9274549098
350.9485671343
350.9752104208
351.0083867735
351.0125851703
351.0056913828
350.9755310621
350.9570741483
350.9510420842
350.9175651303
350.8870440882
350.8991082164
350.9096292585
350.9186773547
350.9174248497
350.9096793587
350.8825350701
350.8716232465
350.8746392786
350.8962424850
350.9129859719
350.9039378758
350.8931863727
350.8811222445
350.8635871743
350.8537575150
350.8688376754
350.8642985972
350.8462024048
350.8196593186
350.8033266533
350.8153907816
350.8162725451
350.8102404810
350.7810420842
350.7700300601
350.8032064128
350.8013927856
350.7802805611
350.7770240481
350.7710320641
350.7589679359
350.7630961924
350.7749198397
350.7688877756
350.7564228457
350.7322945892
350.7418336673
350.7643987976
350.7493186373
350.7388476954
350.7358316633
350.7240781563
350.7110020040
350.7260821643
350.7263727455
350.7052605210
350.6750901804
350.6464028056
350.6614829659
350.6739378758
350.6829859719
350.6779659319
350.6718036072
350.6868837675
350.6866432866
350.6685470942
350.6504509018
350.6363226453
350.6453707415
350.6411623246
350.6230661323
350.6500601202
350.6737474950
350.6375551102
350.6277655311
350.6428456914
350.6269038076
350.6106012024
350.6136172345
350.6345991984
350.6707915832
350.6696693387
350.6588677355
350.6317234469
350.6319939880
350.6531062124
350.6275450902
350.6110921844
350.6352204409
350.6342384770
350.6161422846
350.6121743487
350.6125250501
350.6215731463
350.6324949900
350.6445591182
350.6420941884
350.6326252505
350.6084969940
350.5355210421
350.4359919840
349.8169038076
348.7987975952
346.9891783567
345.4643286573
344.0775050100
342.7233066132
341.3701903808
340.0190080160
338.8433066132
337.7291683367
336.3206813627
335.3829358717
335.1959418838
333.8525050100
332.0811122244
330.3770541082
328.6021743487
326.7262024048
324.8047394790
322.8655410822
320.8990881764
319.7420941884
319.6214529058
317.9796693387
315.9117835671
313.8518336673
311.7273547094
309.5286673347
307.3202404810
305.1067835671
302.8779358717
300.5838376754
298.2222845691
295.8582164329
293.4851503006
291.0723246493
288.7392184369
286.4802104208
284.0784669339
281.6578557114
279.2540781563
276.8322244489
274.3952705411
272.0359018036
269.7113026052
267.4703907816
265.2105210421
262.9364328657
260.7560320641
258.5644288577
256.3144689379
254.1528857715
252.0507114228
249.9315230461
247.8078456914
245.6755110220
243.5657815631
241.4696392786
239.4376452906
237.3976052104
235.3346392786
233.2913126253
231.2585070140
229.2556613226
227.2773046092
225.3470440882
223.4167835671
221.4867034068
219.5654909820
217.6442785571
215.7230661323
213.8762024048
212.0611122244
210.2575250501
208.4445591182
206.6168436874
204.9015531062
203.2446292585
201.8029659319
200.4051402806
199.0690380762
197.7649198397
196.4686372745
195.1506312625
193.8539478958
192.5841983968
191.3049899800
190.0315531062
188.8160921844
187.6020440882
186.3895991984
185.2187174349
184.0533967936
182.8650801603
181.7081162325
180.5831362725
179.4606813627
178.3462925852
177.2665531062
176.1663627255
175.0474148297
173.9883867735
172.9506112224
171.9583366733
170.9693687375
169.9831262525
168.9190080160
167.8979058116
167.0504008016
166.1422244489
165.1891583166
164.2360921844
163.3142885772
162.4818637275
161.5895891784
160.6576352705
159.8338176353
159.0052705411
158.1487174349
157.3148897796
156.4945290581
155.7151302605
154.9313426854
154.1351102204
153.3605911824
152.5975350701
151.8224549098
151.0452905812
150.2641382766
149.6966132265
149.2336873747
148.9622444890
148.5364929860
147.8428056112
147.1427154309
146.4437374749
145.8164028056
145.1867034068
144.5533366733
143.8956112224
143.2332164329
142.6209619238
142.0087074148
141.3964529058
140.7727254509
140.1534669339
139.6045490982
139.0260921844
138.4108216433
137.8501703407
137.3050501002
136.7651803607
136.1968537074
135.5966633267
135.1020340681
134.6258817635
134.1191883768
133.6305310621
133.1600300601
132.6489679359
132.1285571142
131.6007515030
131.1441883768
130.7521042084
130.6764629259
130.4769839679
129.6264629259
128.7210521042
127.7710020040
126.8910320641
126.0499899800
125.3080460922
124.5974849699
123.9098296593
123.2638076152
122.6364328657
122.0513226453
121.4899198397
120.9440180361
120.2581863727
119.6019839679
119.0379859719
118.5520440882
118.1117034068
117.7976052104
117.4955210421
117.2120140281
116.9146192385
116.6100000000
