260.9862068966
264.4232119411
267.9148089282
271.5515237371
275.1532997029
278.7261073872
282.2465068067
285.7613779283
289.3341856126
292.7590284016
295.9284223620
298.6925575289
301.2288715362
303.0737613157
304.5270333771
304.5609840370
305.2447239306
306.6906226246
308.0881763527
309.4681155414
310.8401216226
312.2154861447
313.5994748117
314.9237578605
316.1999032548
317.3686960127
318.5108216433
319.6152166402
320.6934904291
321.7279870085
322.7198396794
323.6884320365
324.5724690761
325.4627392716
326.4093635547
327.2468385046
327.9598023633
328.7023426163
329.4541427683
330.1271646742
330.8156727248
331.5426162670
332.2191831940
332.8562573423
333.4383732983
334.0104001106
334.5895584272
335.1481929376
335.6734296179
336.1594844862
336.6248082372
337.1530993021
337.6734987216
338.1428166678
338.5827862622
338.9901941815
339.4125285053
339.8384562228
340.1959367010
340.5651648124
340.9625872435
341.3146776311
341.6322161565
341.9413585792
342.2594015617
342.6588210905
343.0164466865
343.3080229424
343.5982793173
343.8878584756
344.1363900214
344.3874231221
344.6590284016
344.8960541773
345.0957639417
345.3060189344
345.5200400802
345.7457121139
345.9617649091
346.1554833806
346.3331421464
346.4989012508
346.6697394790
346.8422154654
347.0199571557
347.1748531546
347.2946790132
347.4465137171
347.6142699191
347.6692488425
347.7214636169
347.7893649368
347.8942920323
348.0380830627
348.1788335291
348.3180775344
348.4418975883
348.5540322023
348.6399074010
348.7164950591
348.7863934766
348.9074977541
349.0309170064
349.1108009122
349.1858751987
349.2537765186
349.3257204063
349.3996130191
349.4886531684
349.5718886048
349.6318015341
349.7154308617
349.8232741345
349.8789579158
349.9197291134
349.9796420427
350.0313800014
350.0653306613
350.1051551379
350.1490912860
350.1947481169
350.2412203718
350.2911478129
350.3451523737
350.4050653030
350.4377513648
350.4577223412
350.4700642665
350.4957293898
350.5676249050
350.6425264322
350.7204132403
350.7394789579
350.7415728008
350.7455669961
350.7566305024
350.7825927718
350.8085550411
350.8345173105
350.8864971322
350.9361827102
350.9481652961
350.9692695736
351.0032202336
351.0124179393
351.0104208417
351.0583719162
351.0918526709
351.0718816944
351.0803538111
351.1163015687
351.1350701403
351.1476124663
351.1356298805
351.1426853707
351.1886186165
351.1900628844
351.1621035174
351.1988321471
351.2432796628
351.2792274204
351.2772372331
351.2233155967
351.2305092945
351.2644599544
351.2597125285
351.2532375095
351.2452491189
351.2444682468
351.2504595398
351.2706309170
351.2907401009
351.2527952457
351.2302674314
351.2382558220
351.2328657315
351.2188860480
351.2507221339
351.2805818534
351.2666021699
351.2637620068
351.2757445926
351.2835187617
351.2895100546
351.2877064474
351.2807338816
351.2587658075
351.2649713220
351.2969248843
351.2907331905
351.2746182019
351.2566443231
351.2482482206
351.2582337088
351.2620689655
351.2620689655
351.2301015825
351.2032478751
351.2232188515
351.2362241725
351.2402183678
351.2215465414
351.1935871743
351.1793656278
351.1648745767
351.1488977956
351.1445511713
351.1505424642
351.1453113123
351.1382350909
351.1422292862
351.1441296386
351.1421325409
351.1463547785
351.1543431691
351.1605417732
351.1638242001
351.1538387119
351.1456222790
351.1396309861
351.0435215258
350.9117130813
350.7700228042
350.6928270334
350.7966761108
350.9090940502
351.0289199088
351.0161495405
350.9750328243
350.9650473361
350.9806855089
351.0425955359
351.0755787437
351.0915555248
351.0371916246
350.9851496096
350.9791583166
350.9848455532
351.0048165296
351.0348973810
351.0688480409
351.0689655172
351.0571073181
351.0131711699
350.9779144496
350.9499550826
351.0051689586
351.0740308203
351.0920046991
351.1114297561
351.1333978301
351.1146776311
351.0727385806
351.0635132334
351.0622831871
351.0822541635
351.1004008016
351.1163775828
351.1236058324
351.1272959713
351.0434178702
350.9733605141
350.9394098542
350.9494091632
350.9953424090
351.0166056250
351.0321954253
351.0441780112
351.0472876788
351.0353050929
351.0233225071
351.0113399212
351.0249948172
351.0367908230
351.0307995301
351.0312901665
351.0392785571
351.0428512197
351.0449105107
351.0528989013
351.0523875337
351.0304194596
351.0151268053
351.0051413171
351.0133992122
351.0251744869
351.0351599751
351.0383663879
351.0303779974
351.0158938567
350.9979199779
350.9965517241
350.9985211803
351.0085066685
351.0025153756
350.9785502039
350.9768709833
350.9827931726
350.9847902702
350.9798217124
350.9578536383
350.8739340750
350.7421256306
349.9263423399
348.9441089075
347.6919286850
346.4405155138
345.1903323889
343.9834772994
342.7991983968
341.5740239099
340.5912514685
340.5652891991
339.9919425057
338.8196461889
337.2979545297
335.6573837330
333.8979407090
332.1432520213
330.3997857785
328.6300946721
326.8406951835
325.3193905051
323.9586621519
323.4314283740
322.3060465759
320.2490360030
318.2212148435
316.2081404188
314.0901941815
311.9471563817
309.7363692903
307.5120378688
305.2732914104
302.9951972911
300.7039043604
298.3932623868
296.0917421049
293.8110565960
291.5130606040
289.2024186304
286.9393753023
284.6826618755
282.4119618547
280.1356989842
277.8510192799
275.5556146776
273.2549581922
271.0259899109
268.8064473775
266.6056457743
264.4107318084
262.2219127911
260.0758551586
257.9475157211
255.9344412964
253.9014649990
251.8244834497
249.8093981066
247.8382627324
245.8791237648
243.9238062332
241.9806302260
240.0487734089
238.1335567687
236.2359477576
234.3466933868
232.4821435975
230.6453527745
228.8998894340
227.1305438463
225.3371501624
223.5668716744
221.8040632990
220.0546057633
218.3293068896
216.6557390643
215.0034413655
213.3658212978
211.7212908576
210.0743003248
208.4187063783
206.8691935595
205.4712252090
204.1416695460
202.8435560777
201.4995024532
200.1756823993
198.9254992744
197.6874231221
196.4612051690
195.2380968834
194.0150438809
192.7768433419
191.5737198535
190.4433625872
189.2831179601
188.1028332527
187.0148434801
185.9308271716
184.7904844171
183.6643562988
182.5579642043
181.4847418976
180.4262801465
179.3813143528
178.3411236266
177.3146154378
176.2809481031
175.2404602308
174.2642871951
173.3052104208
172.3386151614
171.3793172552
170.4346900698
169.4949001451
168.5582613503
167.6777900629
166.8044502799
165.9277244143
165.0407988391
164.1401078018
163.2617510884
162.3930136134
161.5029161772
160.8256374819
160.8036694078
160.3961025499
159.6312141524
158.8425886255
158.0455117131
157.2167161910
156.4156865455
155.6687720268
154.9047336051
154.1298597194
153.3744454426
152.6399765047
152.0029023564
151.2854951282
150.4626908990
149.7583028125
149.1032547854
148.4599405708
147.8093082717
147.1362863658
146.4706170963
145.8115748739
145.1429548753
144.4771543086
143.8780250155
143.2588556423
142.6018105176
141.9979545297
141.4267846037
140.8645290581
140.2914034966
139.6583235436
139.0779006288
138.5646465344
138.0698984175
137.5826065925
137.0145670652
136.4567963513
135.9315596711
135.4244143459
134.9331283256
134.4579434732
133.9836085965
133.4743486974
132.9820053901
132.5206758344
132.1243867044
131.7669062262
131.6555732154
131.4369428512
130.5741966692
129.7274963721
128.9006979476
128.1457673969
127.4188238546
126.7335291272
126.0549098196
125.3938704996
124.7543915417
124.1332941746
123.5950176214
123.0749084376
122.5456775620
121.9848248221
121.3677216502
120.8340819570
120.3487872296
119.9558288992
119.5881970838
119.2926266326
119.0178771336
118.7682399281
118.5998687029
118.4620689655
