75.0424242424
75.0424242424
75.0424242424
75.2186190563
75.5957551467
75.7015121151
75.8211271027
75.9498329993
76.0763587782
76.1821157466
76.2649784417
76.3456245825
76.4459707293
76.5718527965
76.6494079067
76.7442339224
76.8367462197
76.9203497905
76.9932045910
77.0772028906
77.2098135665
77.3360114168
77.4030303030
77.4030303030
77.4569199004
77.5321430740
77.6268476347
77.7678569260
77.8243152973
77.9064006801
78.0163417745
78.1548551649
78.4956276189
79.3145442400
80.4815874173
82.0196271331
84.2099714581
86.7290459707
89.2246492986
91.6439606486
93.9801724661
96.1611161717
98.4254266108
100.8776765653
103.5559543329
106.4019918625
109.2828201858
112.2002368373
114.3772028906
114.7098439303
117.3467176778
120.2551162932
123.3404384527
126.5131110706
129.6552681120
132.4479261553
135.6712941034
139.2223537985
142.5854253962
146.1022955001
149.4289852432
152.7217404506
156.0577943766
159.0753932107
161.7965324589
164.2629805065
166.5574785936
168.8394789579
169.0878362786
170.6054836947
172.7914009838
174.9225663448
177.1011598955
179.2238234044
181.2040201615
183.0603084958
184.9239812959
186.6963442036
187.4723507621
188.2592761280
190.1335762434
191.9502459464
192.4863545272
193.7623671586
196.3945527418
199.5625614866
202.9989615595
206.6130564159
210.2884678448
213.8965203134
217.5956640554
221.2338070080
225.0164814477
229.0237140949
233.1529361754
237.2780530758
241.5041355438
245.8434141009
250.2809801421
254.8097285480
259.4528633024
264.1364122184
268.8042084168
273.4152122427
278.0580858687
282.7355498877
287.3581769600
291.7694176231
295.4073298111
298.3916985486
300.1098074938
300.5158620271
302.1586202708
304.2899556689
306.6023623004
308.8945223781
310.9180057084
312.6479383008
314.3791583166
316.0495900893
317.5977773729
319.0642740026
320.4204165908
321.7446833060
323.0374142224
324.2289427340
325.4073905387
326.4768203073
327.4751988826
328.4535373778
329.4053500941
330.3191595312
331.1594947471
331.9524685735
332.8290763345
333.6187890933
334.3299568835
335.0049918018
335.6944373596
336.3407299447
336.9485455760
337.5046578004
338.0200825894
338.5629683610
339.0729155280
339.5726847635
340.0629805065
340.5402805611
341.0455638550
341.4495536528
341.8360053440
342.2441124674
342.6036861602
342.9572660472
343.3005647659
343.6328110767
343.9547822919
344.2167547216
344.5004068744
344.8008076760
345.0982024655
345.2956154734
345.5317726362
345.7623610858
345.9809254873
346.1994898889
346.3978320277
346.4338677355
346.4592579098
346.6176109795
346.9560332787
347.2362846906
347.4791218801
347.6793890812
347.8062974434
347.8501305642
347.9464686950
348.0707718467
348.1868039109
348.3160624279
348.4780044938
348.6098196393
348.7000364365
348.7940426307
348.8859233619
348.9978138094
349.1078338495
349.1824679662
349.1166636303
349.2070565373
349.3299933200
349.4279103662
349.5219165604
349.5870164572
349.6370437845
349.6842776462
349.7427400255
349.7732920386
349.8428128985
349.9132203802
349.9619177749
349.9924697881
350.0250258092
350.0764620149
350.1293921176
350.1481933564
350.1785631870
350.1731766563
350.1777676565
350.2238962774
350.2991012328
350.3082346511
350.3212181940
350.3167729398
350.2133661262
350.2000789458
350.2960587842
350.3950203437
350.4148843141
350.4454363272
350.4797534463
350.5077913403
350.5211088844
350.5070079553
350.5038683427
350.5196635696
350.5430193721
350.5624278861
350.5906297443
350.5933260460
350.5931924455
350.6057387502
350.6503916925
350.5330479140
350.4092488006
350.3704074816
350.4916135301
350.5879698792
350.5839436449
350.5841744094
350.6260217405
350.6542235987
350.6410092913
350.6208173924
350.6067711180
350.6094249104
350.6352766138
350.6118175745
350.6052225663
350.6383737171
350.6313232526
350.6504038380
350.6619359932
350.6571385195
350.6336369709
350.6518916621
350.6838100443
350.7098985850
350.7139916196
350.6787392968
350.6571324467
350.6370620028
350.6377057145
350.7035100504
350.6608793344
350.6565069533
350.6504888565
350.6151818789
350.6480840469
350.6639885832
350.6733224024
350.6798445376
350.6845448473
350.6870468209
350.6620695937
350.6455820732
350.6708022105
350.6872532945
350.6561790247
350.6069350823
350.5800024291
350.6622578490
350.6504584927
350.6249347179
350.6402623429
350.7353130503
350.6366065464
350.6315600899
350.6432805004
350.6353251958
350.6118236473
350.6527054108
350.6210481569
350.5770875084
350.6307402684
350.6589421267
350.6137669278
350.5870954029
350.6144592215
350.6097589118
350.5828809133
350.5870650392
350.6084350519
350.6060848971
350.5944312868
350.5744519342
350.5461225481
350.5200036437
350.5599562762
350.5549341106
350.5140523471
350.4916621121
350.5903686160
350.5486366673
350.5143134754
350.5168761766
350.5616141374
350.5404627437
350.5060484606
350.5024533916
350.5226392178
350.5155887533
350.5790793709
350.5496811805
350.4986579219
350.5031942673
350.5055444222
350.4932228093
350.4710026113
350.4546426186
350.4851946317
350.4192809862
350.4070079553
350.4312928888
350.4515151515
350.4515151515
350.4657010992
350.4593611465
350.4224570353
350.3778040930
350.4268840712
350.4416955122
350.4187405113
350.3823282929
350.4105301512
350.4061942066
350.4083257424
350.4232586385
350.3762555414
350.3939636849
350.4033764499
350.3966903504
350.3849395761
350.1329993320
348.9773061274
347.4490496144
345.9320337645
344.4067832635
344.1329689682
343.2857715431
341.7588813992
340.2477318273
338.5934960831
336.5222019797
334.2934717921
332.1120908484
329.7971883160
327.4271634177
325.7130078338
324.5097406935
322.9445375600
320.3359871258
317.5482662294
314.7024291006
311.8500394729
308.8559421874
305.8728851643
302.7525414465
299.5231979110
296.4303941216
293.3074937754
290.0877330418
286.8550373474
283.7062124248
280.5170522864
277.3866095828
274.2365336734
271.0774518734
268.0786542783
265.0464322585
262.0227120908
259.0482723022
256.1640007287
253.2498087083
250.3424910427
247.5612740633
244.9239691504
242.2189409121
239.5402805611
236.8711969393
234.2615655554
231.7915528026
229.3215400498
226.8067650452
224.3270723265
221.9285176413
219.5689621668
217.1995688346
214.8784720957
212.6091455639
210.3694479869
208.2504463472
206.1209327746
204.0561668792
202.1173984332
200.3054290399
198.5678265622
196.8683670371
195.1699702435
193.4120544119
191.7826987308
190.1165361025
188.4918503674
186.9757697213
185.3988158134
183.8809376328
182.3651970608
180.8473917532
179.3761948139
178.0084775612
176.6456610190
175.2873808223
173.9428614805
172.5938725937
171.2823768750
170.0258456307
168.7995870529
167.4905507986
166.2338920265
165.0515272970
163.8758425943
162.6311896520
162.0177992348
161.5785996235
160.8495293618
159.6933624825
158.6146414040
157.4891297747
156.4267747616
155.4128377968
154.3905204348
153.3939879760
152.4624157406
151.5507196211
150.6151879517
149.5834699702
148.6425396247
147.7253962470
146.8448169065
146.0528147203
145.1260946135
144.2563551345
143.4362300358
142.6506285298
141.8797777373
141.1184915285
140.3507621303
139.5674743426
138.7590210724
138.1239327139
137.4370923666
136.7075970122
135.9680816178
135.3217890326
134.6625311229
134.0150239874
133.3852917957
132.7648509139
132.1508957309
131.6160381369
131.2298111374
130.9990465780
129.9837796806
128.9076030850
127.8902228700
126.9518005708
125.9788364608
125.1424485334
124.3293496083
123.5283050950
122.7459039291
122.0596587114
121.2522621000
120.4729458918
119.8086718892
119.2869375114
118.8509018036
118.4646019311
118.1505981660
117.9484848485
