75.1720000000
75.1720000000
75.1880881764
75.3906052104
76.1661402806
76.5244248497
76.7782044088
76.9842084168
77.0768096192
77.2389098196
77.4205210421
77.5825731463
77.7337234469
77.8955350701
78.0565210421
78.1722725451
78.3133306613
78.4633026052
78.6157034068
78.7372424850
78.8906693387
79.0537074148
79.1955030060
79.3219559118
79.3840000000
79.4057154309
79.5880240481
79.7468777555
79.8973547094
80.0478316633
80.1589178357
80.3081523046
80.4455951904
80.4340200401
80.8595911824
81.6033106212
82.6270781563
83.5964969940
85.0981402806
87.0936513026
89.6633346693
92.6536192385
95.6357034068
98.5160561122
101.0568016032
103.5531382766
106.1362885772
108.8802484970
111.8579559118
114.8931222445
117.9696352705
121.0659879760
124.2812344689
127.3917515030
130.1512545090
130.7994629259
132.9231342685
135.8222364729
139.0719599198
142.5813627255
145.9855791583
149.2830460922
152.5211943888
155.7270220441
158.8224529058
161.6897555110
162.1035671343
163.7324088176
165.9512865731
168.0029819639
170.0444168337
172.0568176353
174.0842805611
176.4166733467
178.5414589178
180.4887134269
182.2481362725
183.9793426854
185.7304128257
187.4688176353
189.1067014028
190.7565691383
192.3805290581
193.9695871743
195.5640641283
197.0067014028
198.4277034068
199.9643046092
201.2939478958
202.6048336673
203.9218917836
205.2732905812
206.4887535070
207.6939318637
208.9461883768
210.0631903808
210.8735791583
211.4721362725
211.9872304609
213.0763527054
213.9607214429
214.5370420842
215.3125771543
217.5610981964
220.6050581162
224.0544529058
227.4051543086
230.8027014028
234.2357595190
237.6475350701
241.0454108216
244.5269739479
248.1296352705
251.7295070140
255.5242324649
259.4661563126
263.5261402806
267.5758316633
271.6418436874
275.7419318637
279.9610741483
284.1071743487
288.3310941884
292.7383326653
297.1399118236
301.4982765531
305.7323286573
309.6157915832
313.0086733467
316.0433827655
318.7029338677
320.5520641283
322.1338997996
323.5748937876
324.9754869739
325.6974428858
326.3492344689
327.0850260521
328.3293547094
329.5132985972
330.6150701403
331.6160080160
332.5796392786
333.4852985972
334.3365771543
335.1265811623
335.8118797595
336.4997595190
337.1989178357
337.8066132265
338.4308537074
339.0232224449
339.5383166333
340.0506613226
340.5431422846
341.0190060120
341.4877995992
341.9124248497
342.3250180361
342.7332424850
343.0747094188
343.4389739479
343.7953266533
344.0991743487
344.3694669339
344.6681442886
344.9877114228
345.2365771543
345.4983807615
345.7614589178
346.0190060120
346.2112865731
346.4576833667
346.7100120240
346.8489138277
347.0433106212
347.2383166333
347.4184208417
347.5688977956
347.6855791583
347.8159599198
348.0127374749
348.1908296593
348.3188937876
348.3965691383
348.4255070140
348.4926012024
348.5946372745
348.7333466934
348.8548857715
348.9873426854
349.0948537074
349.1064288577
349.2480561122
349.3501322645
349.3969859719
349.5272064128
349.6408176353
349.7352785571
349.8047294589
349.8107575150
349.8648416834
349.9443607214
349.9675110220
350.0046573146
350.0623406814
350.1433667335
350.2243927856
350.2825250501
350.3232144289
350.3492585170
350.3830701403
350.3822044088
350.3682004008
350.4926332665
350.5283286573
350.5648016032
350.6545090180
350.6446172345
350.6086893788
350.5806653307
350.6385410822
350.6818917836
350.7079438878
350.7168336673
350.7284088176
350.7539559118
350.7671022044
350.7381643287
350.8430941884
350.8410100200
350.7657635271
350.8265330661
350.8264849699
350.8377795591
350.8918797595
350.8831983968
350.8745170341
350.8622284569
350.8390781563
350.9288336673
350.9615551102
350.9176272545
350.8944769539
350.8859158317
350.8859559118
350.8917434870
350.9058276553
350.8821322645
350.8477434870
350.8882565130
350.8983406814
350.9148136273
350.9471022044
350.9268456914
350.9257474950
350.9417154309
350.9764408818
350.9436392786
350.9389098196
350.9589979960
350.9213787575
350.9076553106
350.8944048096
350.8683607214
350.8993907816
350.9067575150
350.9044889780
350.9247454910
350.9158557114
350.9265170341
350.9611863727
350.9235671343
350.8819398798
350.8627735471
350.8974989980
350.9000000000
350.8921042084
350.8766893788
350.8564328657
350.8497394790
350.8676232465
350.9150380762
350.8571623246
350.8341643287
350.8268937876
350.8066372745
350.8065170341
350.8108216433
350.8166092184
350.8223967936
350.8093547094
350.7831823647
350.7455631263
350.7162645291
350.7123366733
350.7262444890
350.7378196393
350.7306052104
350.7277274549
350.7377715431
350.7753907816
350.7783807615
350.7606412826
350.7345971944
350.7919198397
350.7790300601
350.7106773547
350.7598717435
350.7065891784
350.6584448898
350.6758076152
350.6788617234
350.7063326653
350.7322084168
350.6974829659
350.7261162325
350.7400160321
350.7244488978
350.7302364729
350.7118797595
350.6956232465
350.7071983968
350.6352785571
350.6476152305
350.7123046092
350.6660040080
350.6378517034
350.6321362725
350.6524488978
350.6755991984
350.6563446894
350.6254749499
350.6312625251
350.6143246493
350.6210260521
350.6526252505
350.6584128257
350.6242965932
350.6059158317
350.6464288577
350.6257474950
350.6009218437
350.5811382766
350.5869258517
350.6068537074
350.6187494990
350.6155671343
350.6068857715
350.6097955912
350.6085691383
350.5825250501
350.5669338677
350.5584929860
350.4425731463
349.6236312625
348.1328577154
346.4179478958
344.6903567134
342.9570260521
341.2412825651
339.5644488978
337.9815470942
337.7213306613
337.0975470942
335.6942124248
333.4312705411
331.0935871743
328.7235751503
326.3535631263
326.0096032064
324.6805370741
322.3577394790
319.6694108216
317.0471022044
314.3315110220
311.4534749499
308.6320320641
305.6754148297
302.6278156313
299.5372505010
296.3782925852
293.2252905812
290.0865010020
286.9322725451
283.7864769539
280.6378116232
277.4777955912
274.3066212425
271.0946292585
267.8547414830
264.6194869739
261.5781402806
258.5751422846
255.5684969940
252.6139398798
249.6981803607
246.8081683367
243.9346372745
241.1161523046
238.3412665331
235.6151583166
232.9760240481
230.3171222445
227.6606653307
225.0186372745
222.5406412826
220.0334428858
217.5224689379
215.0627494990
212.6717114228
210.3091783567
207.9705010020
205.6901963928
203.4180040080
201.1548056112
198.9034388778
196.8227655311
194.6959919840
192.6027735471
190.8954388778
189.2155190381
187.5440881764
185.8761763527
184.2788056112
182.6963126253
181.1296272545
179.5843446894
178.0771783567
176.6269579158
175.2338597194
173.8766733467
172.4517675351
171.0484408818
169.7317675351
168.4094989980
167.0971863727
165.8154949900
164.6261482966
163.4035831663
162.2117194389
161.0640240481
159.8370581162
158.6763206413
157.5645771543
156.4938757515
155.4205450902
154.3621803607
153.4659158317
153.4514468938
152.6544128257
151.6510861723
150.7106052104
149.7441523046
148.7473747495
147.7585891784
146.8586212425
145.9955671343
145.1159759519
144.2112144289
143.3170340681
142.4635751503
141.6560961924
140.9094989980
140.1058356713
139.3033026052
138.5212825651
137.8180921844
137.0828056112
136.3331703407
135.5772424850
134.9000961924
134.2192144289
133.5438957916
132.8898997996
132.2257074148
131.5832224449
131.0094028056
130.7807935872
130.2569138277
129.4204248497
128.2050340681
127.1046733467
126.0911983968
125.1344689379
124.1708376754
123.2762484970
122.4385971944
121.6538757515
120.8609779559
120.1776112224
119.4252585170
118.3806012024
117.7183486974
117.1606573146
116.6820440882
116.3145330661
116.0377314629
115.8143086172
115.6320000000
