262.2482758621
265.7718333218
269.3622970078
273.0813765462
276.7121968074
280.3014857301
283.8604035658
287.4446340958
291.0721926612
294.2782876097
297.2779904637
299.6533757170
301.6299288232
302.9965033515
303.4886393477
303.7516964964
304.9622693663
306.3983898832
308.1435284362
309.7631055214
311.3284430931
312.7636583512
314.0990532790
315.3117061710
316.4635063230
317.5958814180
318.7066132265
319.7570658558
320.7409163154
321.7196669200
322.6913067514
323.6314767466
324.5267776933
325.3775067376
326.2264805473
327.0627461820
327.8448344966
328.5796765946
329.2723239583
329.9830764978
330.6819293760
331.3267362311
331.9403842167
332.5290304747
333.1251399350
333.7091700643
334.2520558358
334.7949416074
335.3378273789
335.8442125631
336.3414967867
336.8219818948
337.2948794140
337.7628843895
338.1854329348
338.5903945823
338.9585584963
339.3425609840
339.7356851634
340.0881763527
340.4436804644
340.8076843342
341.1524359063
341.4872158109
341.7908990395
342.0953009467
342.4010641974
342.7082578951
343.0148573008
343.2811001313
343.5403773063
343.7878999378
344.0428512197
344.2987768641
344.5213392302
344.7497063092
344.9868288301
345.1915900767
345.3867597263
345.6010020040
345.8072835326
346.0028056112
346.1791721374
346.3497339507
346.5202957639
346.6861585239
346.8463202267
347.0064819294
347.1623937530
347.2913551240
347.3834980305
347.4354985834
347.5199295142
347.6168682192
347.7416695460
347.8696220026
348.0006633958
348.1158454841
348.2265911133
348.3305922189
348.4390159630
348.5513371571
348.6436666436
348.7389468592
348.8554280976
348.9568170824
349.0462580333
349.1356989842
349.2236265635
349.3068274480
349.3802985281
349.4468592357
349.5153479373
349.5862276277
349.6631884459
349.7414207726
349.8204616129
349.8876027918
349.9566235920
350.0315043881
350.0745421878
350.0995024532
350.1366940778
350.1801672310
350.2363278281
350.2938704996
350.3518761661
350.3747564094
350.4012645982
350.4345449520
350.3887706447
350.3070969525
350.2093359132
350.2130882455
350.3857300809
350.5419528713
350.6872365420
350.7621173381
350.8186027227
350.8477230323
350.8613641075
350.8713012231
350.8983415106
350.9262732361
350.9553935457
350.9636721719
350.9688065787
350.9979268883
351.0346209661
351.0803814526
351.0962891300
351.1046092184
351.1129293069
351.1382834635
351.1819639279
351.1776587658
351.1710455394
351.2043258932
351.2228042291
351.2269642734
351.2470458158
351.2663188446
351.2704788888
351.2768640730
351.2851841614
351.2789095432
351.2742381314
351.2825582199
351.2873747495
351.2894547716
351.3084513855
351.3266947688
351.3370948794
351.3389330385
351.3347729943
351.3383525672
351.3442125631
351.3546126736
351.3688480409
351.3854882178
351.3941676456
351.4000000000
351.4000000000
351.4066685094
351.4170686200
351.4295142008
351.4433487665
351.4599889434
351.4585723170
351.4481514754
351.4356713427
351.4290512059
351.4332112501
351.4402598300
351.4479718057
351.4396517172
351.4321194112
351.4258793449
351.4196392786
351.4136618064
351.4115817843
351.4154032202
351.4278833529
351.4108216433
351.3862068966
351.3862068966
351.3853085481
351.3832285260
351.3747080368
351.3662428305
351.3724828968
351.2862207173
351.0906986387
350.9734503490
350.9101582475
351.0536797733
351.1719784396
351.2634994126
351.2758689793
351.2480961924
351.1045746666
351.0547025085
351.0942229286
351.1355193145
351.1763043328
351.2137447308
351.2041669546
351.1542464239
351.1391196185
351.1416833667
351.1895238753
351.2173934075
351.2298735402
351.2253748877
351.2232810448
351.2336811554
351.2465413586
351.2611015134
351.2096399696
351.1712597609
351.1795798494
351.1763319743
351.1659318637
351.1814940225
351.1798977265
351.1362172621
351.1300739410
351.1446340958
351.1304609218
351.1268467970
351.1455669961
351.1531200332
351.1545643010
351.1088038145
351.0830073941
351.0934075047
351.0980029024
351.1009121692
351.1237924124
351.1371363416
351.1350563195
351.1344827586
351.1342063437
351.1300462995
351.1105866906
351.0689862484
351.0633059222
351.0693524981
351.0735125423
351.0713357750
351.0609356644
351.0650887983
351.0716674729
351.0654274065
351.0659111326
351.0742312211
351.0507774169
351.0238338746
351.0217538525
351.0247529542
351.0330730426
351.0344827586
351.0334047405
351.0271646742
351.0091424228
350.9800221132
350.9615990602
350.9486904844
350.9507705065
350.9629880451
350.9837882662
350.9604726695
350.9440398037
350.9710800912
350.9189482413
350.8066270472
350.1149125838
349.2206274618
347.8956533757
346.6374749499
345.4248220579
344.2180153410
343.0145048718
341.8184921567
341.1031925921
340.6809481031
339.9901665400
339.0215465414
337.4448897796
335.7604312072
334.0173726764
332.3237371294
330.5856817082
328.7573422707
326.8841130537
324.9982654965
323.6483311450
322.5499067100
321.9009398107
320.2706792896
318.2193421325
316.1122797319
313.9795660286
311.8059429203
309.5263838021
307.2160113330
305.0236680257
302.7961923848
300.5185681708
298.1954529749
295.8609149333
293.5583304540
291.2593946514
288.9651302605
286.7179600580
284.4771128464
282.1870084998
279.9365696911
277.7317462511
275.4647916523
273.1938912307
270.9849077465
268.7626287057
266.5266049340
264.3825098473
262.2695459885
260.2165641628
258.1916108078
256.1927095570
254.0953700504
252.0225347246
250.1089143805
248.1873609288
246.2591804298
244.3494506254
242.4368253749
240.5065648538
238.6381107042
236.8160113330
234.9692073803
233.1392232741
231.3649644116
229.5770230115
227.7798839057
226.0766152996
224.3857784535
222.7113606523
221.0226522010
219.3253541566
217.6964273374
216.0589247460
214.3969870776
212.8691382766
211.4131227973
210.0521525810
208.7106627047
207.4064888397
206.1417870223
204.8951074563
203.6117338125
202.3509570866
201.1299841061
199.9192661184
198.7122728215
197.4933798632
196.3181466381
195.2115748739
194.0654757791
192.9116647087
191.8446133647
190.7551033101
189.6339713911
188.5727109391
187.5270955705
186.4496441158
185.3823025361
184.3277313247
183.2796835049
182.2384216709
181.2316909681
180.2376269781
179.2579365628
178.2799322783
177.3074079193
176.3630778799
175.4372814595
174.5303918181
173.6060880381
172.6854882178
171.7973187755
170.8841959782
169.9481860272
169.1415382489
168.3368668371
167.4611775275
166.5911892751
165.7259000760
164.9291341303
164.1267776933
163.2781286711
162.4737129431
161.7020247391
161.2049823786
160.7872572732
160.5251744869
159.9428926819
159.1483242347
158.3812314284
157.6318291756
156.9225416350
156.2106419736
155.4971943888
154.8119964066
154.1114297561
153.3751019280
152.6836984313
152.0160113330
151.3503973464
150.6883145602
150.0331075945
149.3963167715
148.7683435837
148.1484969940
147.5324511091
146.9230046299
146.3223896068
145.7251122936
145.1219058807
144.5276691314
143.9473429618
143.3532720614
142.7589938498
142.2223481446
141.6787367839
141.1254509018
140.5895722479
140.0606661599
139.5448206758
139.0336051413
138.5281597678
138.0292654274
137.5291755926
137.0091700643
136.5136963582
136.0456913828
135.5505977472
135.0528850805
134.5744799945
134.1147329141
133.6737682261
133.2188169442
132.7672932071
132.3429686960
131.9197360238
131.4974915348
131.4215396310
131.2589109253
130.5683435837
129.8032133232
128.9774445443
128.2371847143
127.5100407712
126.7924331421
126.1325409440
125.5147743763
124.9065786746
124.3172275586
123.7785018312
123.2523529818
122.7344274756
122.1790823025
121.6444820676
121.1660769815
120.7218091355
120.2974846244
120.0067928961
119.7322230668
119.4847004354
119.2905397001
119.1241379310
