72.3200000000
72.3200000000
72.3200000000
72.4718396794
73.1384529058
73.4553106212
73.6971703407
73.9244248497
74.1033426854
74.3000080160
74.4817394790
74.6087134269
74.7961603206
74.9864769539
75.1756553106
75.3747735471
75.5543406814
75.7264288577
75.8966893788
76.0612905812
76.2326412826
76.4008577154
76.5393747495
76.6945010020
76.7840000000
76.7949659319
77.0142845691
77.1952865731
77.3520801603
77.4963687375
77.6844008016
77.8573226453
77.9916553106
77.9887695391
78.3900841683
79.1267575150
80.2175791583
81.1530821643
82.4921523046
84.3053146293
86.8534509018
89.6680000000
92.5648336673
95.4772985972
98.1379799599
100.7447294589
103.3947815631
106.2545811623
109.2805050100
112.3349739479
115.3953346693
118.4686813627
121.5749899800
124.1061643287
125.4307334669
127.3531382766
130.0244008016
133.2817474950
136.6205851703
139.9571623246
143.3103086172
146.6905090180
150.1563206413
153.6022925852
156.8867655311
159.6946212425
160.6838557114
162.6344448898
166.0018597194
168.9049458918
171.4012184369
173.6134989980
175.5902525050
177.6761202405
179.7325130261
181.7389899800
183.6522565130
185.5082084168
187.3355430862
189.1449218437
190.8713106212
192.5480721443
194.1821963928
195.7780280561
197.2896913828
198.7987174349
200.3168256513
201.7048817635
203.0189178357
204.3106533066
205.6352224449
206.8920561122
208.0685370741
209.0576192385
209.2538517034
210.1225010020
211.2395591182
212.3880961924
212.5686973948
213.7652264529
215.9526412826
219.1558476954
222.4929298597
225.8569218437
229.2064609218
232.3375230461
235.6066853707
238.9406332665
242.2534989980
245.6938196393
249.2614589178
252.9427414830
256.6394148297
260.5641362725
264.5831823647
268.6174909820
272.6188056112
276.7149659319
280.8833426854
285.0446252505
289.3136593186
293.6317835671
297.9749338677
302.0669579158
306.2379158317
310.1971943888
313.3859719439
315.0290981964
316.4714388778
318.0335070140
320.3190380762
322.1260921844
323.2882164329
323.5017635271
324.6041282565
325.8110380762
327.0667975952
328.4000240481
329.3060841683
330.1644408818
331.1427815631
332.1441442886
333.0707655311
333.7978997996
334.0143326653
334.7814989980
335.6210180361
336.4167695391
337.0920400802
337.5099158317
337.8836232465
338.4290340681
339.0298276553
339.5642565130
340.0166492986
340.3600561122
340.6642164329
340.9599438878
341.2629498998
341.5858196393
341.9021322645
342.1979559118
342.4345891784
342.6831262525
342.9683847695
343.2930981964
343.5412745491
343.7836793587
344.0151022044
344.2257635271
344.4441683367
344.6678877756
344.8891623246
345.0623086172
345.2460761523
345.4336513026
345.6212264529
345.7865490982
345.9427014028
346.0894428858
346.2221883768
346.3781803607
346.5143647295
346.6170981964
346.7700440882
346.8837675351
346.9828937876
347.1012104208
347.2069018036
347.3206653307
347.4417875752
347.5370180361
347.6425891784
347.7474789579
347.8427094188
347.8698036072
347.9170581162
347.9864128257
348.0701002004
348.1424448898
348.1840000000
348.1852424850
348.2747014028
348.3460440882
348.4115270541
348.4923286573
348.5632545090
348.6135470942
348.6409619238
348.6525050100
348.6761202405
348.7283206413
348.8322084168
348.8747014028
348.9324328657
348.9964408818
348.9993266533
349.0066372745
349.0482404810
349.1434709419
349.1468697395
349.1883767535
349.2432064128
349.2576352705
349.2527615230
349.2908537074
349.3811062124
349.3984208417
349.4294268537
349.4661002004
349.5007294589
349.5458116232
349.5724969940
349.5819238477
349.5963527054
349.6086252505
349.6253787575
349.6513507014
349.6660681363
349.6855951904
349.7086813627
349.7317675351
349.7053627255
349.7038797595
349.7488977956
349.7690981964
349.7835991984
349.7943567134
349.8030140281
349.8449138277
349.8477995992
349.8185731463
349.8762885772
349.8941002004
349.8940280561
349.8882565130
349.8907575150
349.9002164329
349.9093547094
349.8949258517
349.9012024048
349.9127454910
349.9241442886
349.9299158317
349.9449058116
349.9578116232
349.9491543086
349.9780120240
349.9849058116
349.9659078156
349.9861082164
349.9797354709
349.9745090180
349.9947094188
349.9987014028
349.9936513026
349.9892024048
350.0209458918
350.0347334669
350.0456513026
350.0598717435
350.0367855711
350.0351503006
350.0419799599
350.0333226453
350.0222204409
349.9973707415
349.9632464930
350.0065330661
350.0060841683
349.9876312625
349.9732024048
350.0090340681
350.0325931864
350.0429178357
350.0631182365
350.0351743487
350.0155190381
350.0357194389
350.0502284569
350.0248336673
349.9852344689
349.9910060120
350.0063326653
350.0121763527
350.0057635271
350.0375070140
350.0441362725
350.0301883768
349.9955591182
350.0334268537
350.0279759519
349.9778356713
349.9605210421
349.9794549098
350.0030541082
350.0117114228
350.0175791583
350.0049218437
349.9901723447
350.0219158317
350.0396633267
350.0309418838
349.9916873747
349.9830300601
349.9781242485
349.9775230461
349.9832945892
349.9713346693
349.9725130261
349.9834308617
349.9401442886
349.9363046092
349.9497715431
349.9670861723
349.9734669339
349.9662845691
349.9550300601
349.9723446894
349.9691703407
349.9581883768
349.9445290581
349.9762725451
349.9625250501
349.9369378758
349.9571382766
349.9352304609
349.9295390782
349.9477515030
349.9448657315
349.9338997996
349.9203767535
349.9088336673
349.9080000000
349.9376993988
349.9700841683
349.8806252505
349.8533386774
349.8690180361
349.9238476954
349.9268777555
349.9280000000
349.9286492986
349.9315350701
349.9029498998
349.9049058116
349.9474228457
349.9387655311
349.9458196393
349.9237114228
349.8140521042
348.2994068136
346.5555671343
344.8283847695
343.7144769539
342.0941162325
340.9560000000
340.9560000000
339.1501482966
337.2571543086
335.3388697395
333.4458036072
331.4723366733
329.2898276553
326.8823326653
324.9834949900
323.8687695391
322.6449138277
320.0736913828
317.3049539078
314.5100761523
311.6942364729
308.7305490982
305.7752945892
302.7913426854
299.7468537074
296.6830060120
293.4251142285
290.0544769539
286.8224128257
283.4726092184
280.0766492986
276.6609378758
273.3827014028
269.9692905812
266.4671182365
262.9262765531
259.5309579158
256.1965450902
252.9024769539
249.5953827655
246.3395911824
243.1421563126
240.0226372745
236.9139559118
233.8873346693
230.9116232465
227.8613627255
224.9237274549
222.0814989980
219.3368176353
216.5549338677
213.8197354709
211.0978917836
208.3275511022
205.7387254509
203.2502044088
200.8331783567
198.3283286573
195.9412424850
193.5898997996
191.2004809619
188.8853547094
186.6321442886
184.4478076152
182.3815951904
180.5460040080
178.8066052104
177.1068857715
175.4613867735
173.8425891784
172.2309819639
170.5832064128
169.0289058116
167.5321523046
166.0824849699
164.6165130261
163.2494749499
161.9158156313
160.5450741483
159.2314709419
157.9212505010
156.6281362725
155.4709418838
154.2752224449
153.4210981964
153.2104368737
152.3087695391
151.2826372745
150.1768977956
149.0456753507
147.9402004008
146.8848737475
145.8881603206
144.8637114228
143.8976593186
142.9580521042
142.0057474950
141.1220521042
140.2333947896
139.3357755511
138.4844729459
137.6290020040
136.7952064128
136.0073907816
135.2277995992
134.4453867735
133.6696913828
132.9367054108
132.7840000000
132.2749018036
131.0176272545
129.6613146293
128.4292825651
127.2977394790
126.2530901804
125.2482004008
124.3114068136
123.4471503006
122.6275911824
121.8323687375
121.0181963928
120.1409218437
119.4247695391
118.8086252505
118.2857474950
117.8673106212
117.5803527054
117.3332905812
117.0880000000
