80.2720000000
80.2720000000
80.2663967936
80.5413627255
81.5711503006
81.9362725451
82.2050661323
82.4405210421
82.6400240481
82.8587655311
83.0362244489
83.1659879760
83.3596232465
83.5532585170
83.7275591182
83.8686092184
84.0915831663
84.2601603206
84.4012905812
84.5509178357
84.7299959920
84.9022284569
85.0621643287
85.2029899800
85.2280000000
85.3236152305
85.5246252505
85.6566492986
85.8187494990
85.9723687375
86.0930260521
86.2807935872
86.3291623246
86.4600801603
87.0057795591
87.9247454910
88.8151022044
89.7294108216
90.9675030060
92.9657394790
95.4569699399
98.3472144289
101.3485611222
104.2787494990
107.0295631263
109.5219318637
112.1976192385
114.8770901804
117.6288256513
120.5597595190
123.5768817635
125.7604088176
127.2493386774
128.6575951904
131.4964488978
134.6436553106
137.8087695391
141.0213547094
144.3681282565
147.6484008016
150.7402965932
154.0614348697
156.8487294589
158.8485851703
159.5967214429
162.3006733467
165.0241202405
167.5161362725
169.5375711423
171.5175791583
173.4576112224
175.3845370741
177.5086573146
179.4242324649
181.2523206413
183.0556873747
184.7896032064
186.3976032064
187.9446172345
189.5083687375
191.0423166333
192.5918717435
194.1267655311
195.5438236473
197.0342284569
198.4648496994
199.8111823647
201.1548937876
202.4724408818
203.5525290581
204.2576192385
204.8443927856
205.8928817635
207.0176272545
207.7276232465
208.5571863727
210.5125531062
213.4349979960
216.7590701403
220.3063567134
223.8793827655
227.4303727455
230.9656833667
234.3259238477
237.6691703407
241.0858597194
244.7385250501
248.6220521042
252.5916152305
256.4760561122
260.4286332665
264.4196072144
268.4473426854
272.5195511022
276.6680480962
280.8716553106
285.1205531062
289.3746613226
293.5475030060
297.7111422846
301.8926733467
305.5834789579
308.5749498998
310.9630220441
312.7761523046
314.2011302605
315.2391743487
315.9995030060
316.7388376754
318.0805931864
319.5540280561
321.0237995992
322.3117675351
323.5336032064
324.7028216433
325.8218997996
326.8751583166
327.8644008016
328.8252104208
329.7963206413
330.6358396794
331.4812024048
332.3214428858
333.0989178357
333.8441923848
334.5510781563
335.2191422846
335.8587254509
336.4960961924
337.1040881764
337.6665090180
338.1975390782
338.6311743487
339.0983967936
339.7585170341
340.2014268537
340.4597515030
340.7368256513
341.5583086172
341.9672865731
342.3102605210
342.6468056112
342.8697795591
343.2348617234
343.6340601202
344.0072625251
344.1158156313
344.4316953908
344.8156472946
345.1178356713
345.3676312625
345.6225330661
345.8811462926
346.1305250501
346.2926492986
346.4693066132
346.6808577154
346.9155671343
346.9519438878
347.0231743487
347.2335951904
347.1602484970
347.2518717435
347.4330501002
347.6325531062
347.9316152305
348.1143807615
348.1974989980
348.2415070140
348.5306132265
348.5737314629
348.3690180361
348.5362484970
348.5603446894
348.7551503006
349.2544368737
349.2104288577
349.1841683367
349.1774348697
349.1950380762
349.5288256513
349.4659879760
349.2891703407
349.7703246493
349.8826533066
349.8675991984
349.8057955912
349.8820761523
349.9157114228
349.9751342685
350.0928256513
350.2189819639
350.3213787575
350.3821723447
350.3763046092
350.4149418838
350.4491543086
350.4784929860
350.5078316633
350.5497555110
350.5821563126
350.6073106212
350.6630541082
350.6579799599
350.6463727455
350.6538036072
350.6978116232
350.7259158317
350.7390781563
350.7361442886
350.7387895792
350.7710220441
350.8152865731
350.8299559118
350.8446252505
350.8607535070
350.8799278557
350.9092665331
350.9001763527
350.8868056112
350.8843847695
350.8931863727
350.9139639279
350.9254909820
350.9049539078
350.9291783567
350.9538517034
350.9640160321
350.9288096192
350.9467975952
350.9702685371
350.9855951904
350.9679919840
351.0048336673
351.0372024048
351.0398637275
351.0369298597
351.0380040080
351.0343727455
351.0167695391
351.0188056112
351.0078236473
350.9987334669
351.0280721443
351.0396232465
351.0469498998
351.0552705411
351.0787414830
351.0339158317
350.9960000000
350.9955671343
350.9867655311
350.9880240481
350.9986212425
351.0191583166
351.0171863727
351.0125050100
351.0100440882
351.0188456914
351.0047054108
351.0063807615
351.0269178357
351.0474549098
351.0405771543
351.0234709419
351.0064368737
351.0533787575
351.0356793587
351.0059078156
351.0117755511
350.9978917836
350.9955110220
351.0068937876
351.0362324649
351.0272144289
351.0185090180
351.0151503006
351.0092825651
350.9598557114
350.9289058116
350.9424048096
350.9864128257
350.9695791583
350.9573146293
351.0101242485
351.0233186373
351.0103647295
350.9880000000
350.9880000000
351.0008256513
350.9990060120
350.9822685371
350.9705330661
350.9841042084
350.9861242485
350.9633266533
350.9515911824
350.9581803607
350.9524809619
350.9055390782
350.9323767535
350.9245130261
350.9098757515
350.9509498998
350.9302685371
350.9250420842
350.9377955912
350.9231262525
350.9153827655
350.9120000000
350.9102364729
350.8808977956
350.8883527054
350.8971543086
350.8766172345
350.9016112224
350.9155591182
350.9228537074
350.9345891784
350.8947014028
350.8795751503
350.8906533066
350.8818517034
350.8684168337
350.8149819639
350.6376432866
349.3907494990
347.7888416834
346.0491783567
344.3387334669
342.7110460922
341.1089218437
339.6926813627
338.8007855711
338.2946773547
337.2154789579
335.4596072144
333.1711903808
330.9827334669
328.7713907816
326.4797034068
323.9741803607
323.2280000000
322.3910621242
319.9207454910
317.3588537074
314.7389899800
312.0495551102
309.2565130261
306.4245130261
303.5231583166
300.5647454910
297.6162084168
294.6023567134
291.6375310621
288.7531943888
285.7841202405
282.8026372745
279.8259799599
276.8686412826
273.9084328657
270.9283206413
267.9704368737
265.1157835671
262.2272625251
259.4468216433
256.7620521042
254.0452905812
251.3566172345
248.7107494990
246.1148857715
243.5653547094
241.0075190381
238.4876633267
236.0466853707
233.5222525050
231.0668456914
228.6686252505
226.3097955912
224.0372024048
221.6931943888
219.2891543086
216.9537955912
214.7593587174
212.6256833667
210.5191903808
208.3393266533
206.2157354709
204.1741322645
202.2436472946
200.5007374749
198.7937074148
197.1248176353
195.5082565130
193.9336352705
192.3702364729
190.8196873747
189.3058116232
187.8131462926
186.3269659319
184.8471422846
183.4242164329
182.0305811623
180.6610420842
179.3143967936
177.9561763527
176.6416593186
175.3498837675
174.0472464930
172.7709018036
171.5179238477
170.2927054108
169.1162244489
167.9468376754
166.7752625251
165.6031983968
164.4824609218
163.3806252505
162.2800881764
161.1681523046
160.1258597194
159.2128336673
158.5521362725
158.3849058116
157.4845130261
156.5205210421
155.5673266533
154.5874148297
153.6336032064
152.6990300601
151.7816913828
150.8751262525
149.9875350701
149.1125851703
148.2470941884
147.4107014028
146.5819238477
145.7722805611
145.0036072144
144.2190621242
143.4391022044
142.6681523046
141.9141482966
141.2053787575
140.5110621242
139.8186212425
139.0939559118
138.4116152305
137.7435270541
137.0716713427
136.4494188377
135.8126252505
135.1813146293
134.5886733467
134.0039919840
133.4090420842
132.8072705411
132.2175631263
132.0888897796
131.6646573146
130.7332424850
129.6037034068
128.5867494990
127.6402164329
126.7424529058
125.9324649299
125.1431743487
124.3720480962
123.6180440882
122.9678316633
122.2261563126
121.4136192385
120.6684168337
120.0742124248
119.5923527054
119.2071983968
118.8433987976
118.6096673347
118.4877354709
118.4760000000
