74.2375000000
74.2375000000
74.2474261022
74.5871430361
75.0481149800
75.2180047595
75.3559807114
75.4916958918
75.6220440882
75.7419526553
75.8567823146
75.9896480461
76.1174411323
76.2294651804
76.3619175852
76.4953845190
76.5701653307
76.4909569138
76.5417835671
76.6442134269
76.7499749499
76.8208792585
76.8310996994
76.9319514028
77.0575275551
77.1752379760
77.3034256012
77.4749060621
77.5745553607
77.6030623747
77.8639842184
78.4449023046
79.3969939880
80.8125250501
82.8402492485
85.3697833166
88.0645541082
90.6911322645
93.1359218437
95.4125250501
97.6229959920
99.9569764529
102.4686497996
105.1446831162
107.9093123747
109.3942823146
110.8691257515
113.0867234469
115.9681174850
118.8571455411
121.8568449399
124.8019038076
127.8589053106
130.9769476453
134.1113915331
137.3768223948
140.6127191884
143.7321204910
146.9193825150
150.2461360220
153.6474386273
156.8208855210
159.4916270040
161.9253694890
164.1394977455
166.1511773547
168.1313877756
168.4849699399
169.8551415331
171.7483279058
173.6240042585
175.0909631764
175.5866545591
177.4420591182
179.1416583166
180.2596255010
181.2611034569
184.1126064629
187.4827592685
191.1201841182
195.0034318637
198.9833917836
202.8084230962
206.5056675852
210.3434431363
214.4042459920
218.6053481964
222.8826903808
227.4205661323
231.8983216433
236.4181926353
241.0610658818
245.7985032565
250.5052166834
255.2653870240
260.0382201904
264.8722632766
269.7118549599
274.4466745992
278.9078970441
282.4314128257
284.6771167335
286.0373559619
287.3363289078
289.6128256513
291.9456412826
294.3495741483
296.6490418337
298.8097632766
300.8475513527
302.7332226954
304.6544025551
306.4364103206
308.1192760521
309.7655748998
311.4226390281
312.9020478457
314.3068324148
315.7077843186
317.0818136273
318.3831412826
319.6274799599
320.8600764028
322.0258329158
323.1398922846
324.2155936874
325.2513151303
326.2273672345
327.2013652305
328.1422094188
329.0284068136
329.8612287074
330.7095253006
331.4669651804
332.2173722445
332.9614353707
333.6942071643
334.4149987475
335.0205598697
335.6220503507
336.2474135772
336.8501064629
337.3784130762
337.9200964429
338.4178732465
338.9040455912
339.3916457916
339.8811748497
340.3585107715
340.7979897295
341.1951214930
341.5881763527
341.9858967936
342.3773359218
342.7350513527
343.0744301102
343.4030936874
343.7264403808
344.0431425351
344.3418148798
344.5845503507
344.9051978958
345.1876127255
345.4166771042
345.6410633768
345.9221255010
346.1031625752
346.3058679860
346.5154058116
346.7189128257
346.9463176353
347.1329408818
347.3016533066
347.4778619739
347.6383704910
347.7540330661
347.9405561122
348.0864979960
348.1832289579
348.2272294589
348.1903870240
347.9987537575
348.3384331162
348.6578907816
348.8917585170
348.9799974950
348.8834544088
348.6509393788
348.8633329158
349.0959731964
349.2956287575
349.3701027054
349.0123872745
349.1242798096
349.3103770040
349.4487662826
349.5399987475
349.6654120741
349.8698208918
349.9855523547
350.0894038076
350.1736973948
350.2288952906
350.2799974950
350.3435621242
350.3939817134
350.4345628758
350.4703344188
350.5063188878
350.5446455411
350.5478018537
350.5696705912
350.5969752004
350.6167021543
350.6550288076
350.6809869739
350.6894038076
350.7066320140
350.7304170842
350.7347820641
350.6990105210
350.7504133267
350.7605147796
350.7437562625
350.7370303106
350.7344752004
350.8080222946
350.7847695391
350.7680861723
350.7888464429
350.7345628758
349.7355147796
350.4109093186
350.7907940882
350.7948960421
350.7825713928
350.7723509519
350.7596943888
350.7898421844
350.7878694890
350.7698334168
350.8228081162
350.7870365731
350.8005260521
350.8266658317
350.8457540080
350.8426540581
350.7992171844
350.8089616733
350.7884832164
350.7935934369
350.8172156814
350.7907627756
350.7933178858
350.7852580160
350.7657189379
350.7539328657
350.7538201403
350.7001628257
350.7400488477
350.7293524549
350.7150175351
350.7166833667
350.7084230962
350.6879822144
350.6801665832
350.6597131764
350.6493048597
350.6620428357
350.6186059619
350.6251440381
350.6100263026
350.5956350200
350.5930799098
350.5889215932
350.5454847194
350.5145603707
350.5046405311
350.5005761523
350.4841182365
350.4611222445
350.4971505511
350.4735533567
350.4212299599
350.4027429860
350.4831538076
350.4448271543
350.4313001002
350.4206412826
350.4115731463
350.4079471443
350.3977267034
350.3664266032
350.3597945892
350.3480711423
350.3256325150
350.3276866232
350.3098008517
350.3103456914
350.2858967936
350.2571580661
350.2590368236
350.2564817134
350.2818073647
350.2765969439
350.2869301102
350.3108279058
350.2651427856
350.2370365731
350.2292209419
350.2397983467
350.2504571643
350.2370428357
350.1833855210
350.1689065631
350.1708291583
350.1645165331
350.1569889780
350.1998747495
350.1870991984
350.1763339178
350.1459481463
350.1278118737
350.1569701904
350.1365293086
350.1343750000
350.1309431363
350.1269789579
350.1307615230
350.1561435371
350.1127066633
350.1230398297
350.1173158818
350.0840994489
350.0514090681
350.0641846192
350.0429546593
350.0309807114
350.0247432365
350.0215368236
350.0343123747
350.0165769038
350.0105273046
350.0121806112
350.0189566633
350.0176039579
349.9153995491
348.6845754008
347.2157878257
345.7053795090
344.1940944389
342.6686936373
341.3981963928
340.9554108216
340.1366044589
338.6042146794
336.6569952405
334.4417146794
332.2108279058
329.9179170842
327.5295653808
325.0349073146
322.4568011022
320.1792960922
319.2914140782
317.6017347194
314.7998434369
311.9284256012
308.9568324148
305.9786072144
302.9813001002
299.9535884269
296.8941695892
293.8203719940
290.8460232966
287.8016094689
284.7827404810
281.7884018036
278.7558805110
275.8149486473
272.8411385271
269.9105398297
267.0205598697
264.1703156313
261.4133517034
258.6169088176
255.8608091182
253.1377630261
250.4553920341
247.8291144790
245.2075713928
242.6642597695
240.1266846192
237.6349824649
235.2034819639
232.7071392786
230.3111911323
227.9327592685
225.5603707415
223.1973572144
220.8582101703
218.5739416333
216.3262963427
214.2296467936
212.2974198397
210.4691758517
208.5860596192
206.7855586172
205.0246555611
203.2847006513
201.5566570641
199.8439817134
198.2010458417
196.5346192385
194.8995866733
193.2902993487
191.7027241984
190.2003193888
188.6545152806
187.1411009519
185.6666771042
184.2263464429
182.8039203407
181.3015155311
179.9239979960
178.5738915331
177.2365167836
175.9245929359
174.6470378257
173.3455598697
172.0716119739
170.8131450401
169.5811122244
168.4125626253
167.2806487976
166.0438376754
164.8559869739
163.7451528056
162.6798972946
161.6016407816
161.4799035571
160.7008955411
159.6261648297
158.5706412826
157.5443324148
156.5401740982
155.5339366232
154.5951402806
153.6771042084
152.7064378758
151.6920591182
150.7200651303
149.8159318637
149.0051352705
148.2292960922
147.3425225451
146.4507890782
145.6558930361
144.8902116733
144.1002505010
143.3083667335
142.8228957916
141.6436560621
138.3224636774
135.7491107214
135.0727830661
134.3759706914
133.7116420341
133.0166896293
134.3817635271
134.7881763527
131.5521355210
134.3831976453
134.0791771042
131.0786698397
128.5814754509
127.9859719439
127.4787449900
126.8834043086
126.2880636273
125.9324524048
125.6147732966
124.9637963427
123.8778744990
125.9016157315
126.1121868737
125.2674286072
124.4073208918
123.5611660822
119.5547532565
118.2036510521
117.5884957415
116.9147357214
116.1419714429
115.5568512024
115.0857089178
114.6745052605
114.3237412325
114.0692635271
113.9875000000
