209.1551724138
210.0003178771
210.8375578744
211.6649575012
212.4310897657
213.1859926750
213.9335360376
214.3896828139
214.7766705825
215.2047888881
215.8612811831
216.5815216640
216.9497477714
217.6106557943
218.5099509364
220.6815976781
223.0106350632
225.5283256168
228.0300393891
230.5353534656
233.0508257895
235.5978923364
238.1958330454
240.9309100961
243.6750673761
246.4415866215
249.3319397416
252.3214705273
255.3884113054
258.6425540737
261.9069932969
265.1833183609
268.5201782876
271.8449312418
275.1367839127
278.5795936701
282.0801948725
285.6426715500
288.8292930689
291.8264114436
294.6857093497
297.3460023495
299.8620758759
302.3220924608
304.7159353189
307.0362034414
309.3279317255
311.5823785502
313.7762075876
315.8550480271
317.8598783774
319.7276276691
321.3559325548
322.8395273305
324.0750811969
325.2922534725
326.4932692972
327.6046023081
328.6677354709
329.6792481515
330.1532858821
330.6273028816
331.1707691245
331.9977541289
332.8766913137
333.7262732361
334.4970769124
335.2305645774
335.9359615783
336.5986801189
337.2322645291
337.8489323475
338.4328450003
338.9829659319
339.5039665538
340.0102826342
340.4960749084
340.9432658420
341.3812590699
341.8160320641
342.2077050653
342.5778246147
342.9238684265
343.2550134752
343.5777762421
343.9193835948
344.2298389883
344.5093359132
344.7783290719
345.0545712114
345.3429410545
345.5513786193
345.7550549375
345.9857508120
346.1954253334
346.4003800705
346.6199847972
346.8285882109
347.0268191556
347.1732223067
347.3298251676
347.4961923848
347.6837744454
347.8500380070
347.9831317808
348.0861516136
348.1857024394
348.2899592288
348.4040425679
348.5212010227
348.6365489600
348.7323543639
348.8191348214
348.9367009882
349.0519590906
349.1650887983
349.1711077327
349.2016032064
349.2725865524
349.3435698984
349.4205859996
349.5115334117
349.5842374404
349.6469283394
349.6935111603
349.7471771128
349.8063437219
349.8817635271
349.9407366457
349.9851012370
350.0208140419
350.0749637205
350.1548199848
350.1866491604
350.2262525050
350.2994540806
350.3306751434
350.3529127220
350.3928408541
350.4327689862
350.4681362725
350.4592633543
350.4766913137
350.5166194458
350.5325271232
350.5623592012
350.6111602515
350.5958814180
350.5992398590
350.6613502868
350.6571626011
350.6459194251
350.6836293276
350.7140487872
350.7447723032
350.8113191901
350.8085412204
350.7486490222
350.7218229563
350.7234607145
350.7611706171
350.7733674245
350.7888328381
350.8176698224
350.8052104208
350.7984728077
350.8539285467
350.8576255960
350.8411650888
350.8700020731
350.8815216640
350.8792066892
350.8459332458
350.8365420496
350.8565061157
350.8844032893
350.8981756617
350.8826480547
350.8949830696
350.9139244005
350.9294520075
350.9269850045
350.9156243522
350.9023149748
350.8802017829
350.8523046092
350.8988874300
350.9190588073
350.9079676595
350.8888604796
350.8758620690
350.8758620690
350.8952456637
350.9116647087
350.9027917905
350.8939188722
350.8853361896
350.8786815009
350.8745836501
350.8723170479
350.8678805888
350.8499689033
350.8166954599
350.8279662774
350.8466726557
350.8710731808
350.8598161841
350.8431690968
350.8365144081
350.8206136411
350.8050031097
350.8160942575
350.8193905051
350.8167576532
350.8012300463
350.7846451524
350.7668993159
350.7696081819
350.7667058254
350.7511782185
350.7518830765
350.7568930965
350.7635477852
350.7577085205
350.7529196324
350.7839748462
350.7767535070
350.7456360998
350.7656001658
350.7607698155
350.7297146016
350.7275862069
350.7150438809
350.6817704374
350.6904567756
350.7123626563
350.7456360998
350.7171930067
350.6784050860
350.7161149886
350.7189689724
350.6996683021
350.6930136134
350.6907539216
350.6929721512
350.6617994610
350.6430930827
350.6475295418
350.6427406537
350.6422361965
350.6577638035
350.6107663603
350.5599336604
350.6087347108
350.6262248635
350.6240066340
350.6217884044
350.6184506945
350.6140142354
350.5885011402
350.5864556700
350.6219473430
350.6089282012
350.5829313800
350.5474397070
350.5411789095
350.5444336950
350.5422154654
350.5593462788
350.5846866146
350.5625043190
350.5426024463
350.5248566098
350.5347799046
350.5395826135
350.5351461544
350.5307096953
350.5407159146
350.5850805058
350.5702370258
350.5434524221
350.5545435699
350.5502038560
350.5368944786
350.5235851012
350.5265289199
350.5442747564
350.5319328312
350.5360859650
350.5649229493
350.5518001520
350.5345449520
350.5234538042
350.5090318568
350.4956810172
350.4912445581
350.4811139520
350.4676110842
350.4520834773
350.4377375441
350.4244281667
350.4306475019
350.4401216226
350.4534309999
350.4609563955
350.4536521318
350.4159422293
350.2720060811
349.8961509225
348.7537626978
347.5550480271
346.3315043881
345.1580609495
344.0098680119
342.8830073941
341.9993020524
341.4183539493
341.2298044365
340.1292516067
338.8048303504
337.2764701817
335.7020247391
334.1042360583
332.4716191003
330.7423122106
328.9550687582
327.0984106143
325.4937184714
324.0940156174
323.5589385668
322.4063990049
320.4721028263
318.3684334186
316.2293207104
314.0621104278
311.9069932969
309.7169995163
307.3945131643
305.1433418561
302.9142906503
300.5851496096
298.2871052450
296.0126598024
293.6169718748
291.2313039873
288.8577983553
286.5360375924
284.2034828277
281.8388501140
279.5039389123
277.1780526570
274.8555663050
272.5255476470
270.1986041048
267.9182641144
265.6960956396
263.5170686200
261.2921843687
259.0826411444
256.8910303365
254.7657798355
252.6528367079
250.5499550826
248.3957708520
246.2393407505
244.1164950591
242.0089212909
239.9231151959
237.9333632783
235.9217607629
233.8958468661
231.9304954737
229.9807960749
228.0487181259
226.1085135789
224.1795867597
222.2719093359
220.3785502039
218.5009329003
216.6598023633
214.9920392509
213.4114297561
211.9030336535
210.3881072490
208.8719646189
207.4500794693
206.0111671619
204.5537903393
203.1189897035
201.7139727731
200.3564162808
199.0042913413
197.6528090664
196.2996890332
194.9591182365
193.6328864626
192.3574044641
191.0978439638
189.8503351531
188.6325271232
187.3951903808
186.1374542188
184.9750811969
183.8210697257
182.6698085827
181.5240411858
180.3908575772
179.2883974846
178.1954737060
177.1020109184
175.9862414484
174.9486282911
173.9601064197
172.9463755096
171.9514408127
170.9754198051
170.0056803262
169.0406329901
168.0823578191
167.1296385875
166.1904567756
165.2832008845
164.3179807892
163.3491120171
162.4684748808
161.5837329832
160.6997581370
159.8657038214
159.0395342409
158.2210075323
157.5610738719
156.8328450003
155.9899177666
154.9784465483
154.0399903255
153.3567756202
152.6344205653
151.9023771681
151.1903254785
150.7852394444
150.5452974915
150.0705963651
149.4674175938
148.7442747564
148.0296731394
147.3326031373
146.6604795798
146.0091838850
145.3475295418
144.6532236888
144.0398452077
143.4399004906
142.7788680810
142.1474397070
141.5351461544
140.9473153203
140.3536452215
139.7547232396
139.1881418008
138.6224932624
138.0568447239
137.5122520904
136.9716882040
136.4326584203
135.9019901873
135.3784741898
134.8727178495
134.3598092737
133.8431621864
133.3285329279
132.8257895101
132.3333425472
131.9170824407
131.4842858130
131.0273305231
130.9109183885
130.6561744178
129.9973602377
129.1878653859
128.3459816184
127.5585101237
126.8102204409
126.0881694423
125.4160458849
124.7753645221
124.1609149333
123.5398728491
122.9594015617
122.4314629259
121.8507221339
121.2505562850
120.6250155483
120.1280077396
119.6906018934
119.3312487043
119.0189966139
118.7340128533
118.4766982240
118.3620689655
118.3620689655
