201.4675675676
204.3929209771
207.3440990088
210.3256079727
213.3361696366
216.3419379299
219.3357309213
222.3855061474
225.4701511130
228.6113524346
231.8498185560
235.1944971023
238.8077560526
242.3268807886
245.8185668635
249.4160320641
253.0649840221
256.7529653902
260.5136326707
264.2861290148
268.0696094892
271.8736933326
275.7412988138
279.6897362292
283.6586632725
287.5633158208
291.3485511564
294.7304663381
297.7900666197
300.2451172616
302.2691057791
304.1179494123
305.8780750691
306.5768347506
306.8875534853
308.4406055354
310.0594919569
311.7217353626
313.2572388019
314.7412933976
316.1732600336
317.5498185560
318.8624546390
320.0891025294
321.2388398418
322.3747928289
323.5049233602
324.5316470779
325.5242755782
326.4947137518
327.4199155067
328.3132860315
329.1415804582
329.9497914748
330.7446514651
331.5220549207
332.2653360776
332.9812381520
333.6919568867
334.3609705898
334.9839462709
335.5724584304
336.1495694091
336.7128798137
337.2791908141
337.8128635650
338.2743920273
338.7631100038
339.2502681038
339.7065319829
340.1445160591
340.5706656556
340.9760385636
341.3576991821
341.7255050642
342.1063099171
342.4608785138
342.7925472567
343.1067757136
343.4208958457
343.7350159779
343.9978335048
344.2505551644
344.4944808536
344.7954395277
345.0949412338
345.3634349781
345.5803878026
345.7938958999
346.0571250609
346.2920164654
346.5094025890
346.7024373070
346.8881926014
347.0686670639
347.2441531712
347.4133456101
347.5765476900
347.7243947354
347.8801440719
348.0468558739
348.2010453339
348.3555706007
348.5135080973
348.6244380653
348.7339977252
348.8691220278
348.9849916048
349.0934571846
349.2005037101
349.2961219737
349.3852299193
349.4712181119
349.5511942805
349.6249201105
349.6442235823
349.6988355089
349.7900882847
349.8613226453
349.9322374479
350.0041867519
350.0929372258
350.1754969398
350.2404267995
350.3053566593
350.3654606510
350.4110870389
350.4467475492
350.4890591995
350.5838216974
350.6476466446
350.6943725288
350.7522829443
350.8044088176
350.8514975898
350.8672913394
350.8839083573
350.9014569680
350.9434598928
350.9770947300
350.9946433407
350.9987867627
351.0027081189
351.0114824243
351.0472295943
351.0814818827
351.0832367438
351.0934463522
351.1098250555
351.1396576938
351.1662893354
351.1901424471
351.2041813356
351.2182202242
351.2322591128
351.2151004712
351.2077614689
351.2130260521
351.2469533662
351.2606022857
351.2342793695
351.2050533499
351.1847912040
351.1883009262
351.2114715918
351.2384011266
351.2541948762
351.2407409413
351.2204354655
351.2537778259
351.2593348860
351.2451335103
351.2275848995
351.1976006066
351.1554839409
351.1540540541
351.1458322050
351.1265287331
351.1538590695
351.1720359638
351.1615067974
351.1665276499
351.1664518226
351.1418837675
351.1160428966
351.0926447490
351.0821155825
351.0772463847
351.0718084818
351.0349563993
351.0199100905
351.0211883226
351.0036397119
351.0124519309
351.0493040134
351.0447218762
351.0327357418
351.0134322699
351.0047446244
351.0022748199
351.0092942642
350.9943021177
350.9728159021
350.9500027081
350.9148404918
350.8813681417
350.8831230028
350.8826897037
350.8803498890
350.8715755836
350.8732871148
350.8837729513
350.8802632292
350.8824405568
350.8912148622
350.8870335265
350.8817689433
350.8765043601
350.8608893463
350.8412175703
350.8166495152
350.7934192710
350.7737258300
350.7649515247
350.7669501164
350.7734712669
350.7769809890
350.7678167145
350.7522179494
350.7662568380
350.7656502194
350.7516113308
350.7737420788
350.7888100525
350.7940746358
350.7756160971
350.7608947625
350.7573850404
350.7481124411
350.7341331311
350.7113199372
350.5611168283
350.4159670693
350.4686129015
350.5421220820
350.6198071819
350.6496398202
350.6305963278
350.5783783784
350.5783783784
350.5915398364
350.6178627525
350.6307100688
350.6510967882
350.6826842875
350.6231977468
350.5703136002
350.5545198505
350.5611709906
350.5775496940
350.6056274712
350.5870118616
350.5570708986
350.5588257596
350.5538536533
350.5461192656
350.5478741266
350.5182581379
350.4666522234
350.5631695824
350.6160320641
350.6212966473
350.5886908953
350.5626767048
350.5503926772
350.5877972161
350.6161295564
350.6073552510
350.5794724584
350.5511347018
350.5388506743
350.5400314142
350.5418025240
350.5154796079
350.5205708715
350.5436494611
350.5489140443
350.5325028435
350.4974056221
350.4990467421
350.5192384770
350.5613551427
350.5198234306
350.4792774739
350.4529545578
350.4633266533
350.4819151817
350.5029735146
350.4855494773
350.4632995721
350.4685641553
350.4714564264
350.4724963440
350.4689866219
350.2699994584
349.8895845746
348.6804852949
347.4623408980
346.2356930076
345.0193143043
343.8161783026
342.6298922169
342.5054054054
342.0513351026
340.7720413801
339.2954232790
337.6982776364
335.9012998971
334.0836971240
332.2542057087
330.4063369983
328.4091967719
326.3313925148
324.2395981151
322.2485457401
320.3885988193
320.1323891025
318.8683258409
316.5712126957
314.2958565780
311.9801874018
309.6058603694
307.1625575475
304.7057520446
302.2419270974
299.7544386069
297.2714401777
294.8198992580
292.3520933759
289.8786491903
287.4095596599
284.9249255267
282.4307804799
279.9318583112
277.4717164058
275.0432053296
272.6320262146
270.2183610464
267.8019173482
265.4688945458
263.1495152467
260.8418729351
258.6089747062
256.3874343281
254.1622704869
251.9479391215
249.7640307642
247.6704815035
245.5647998700
243.4468017115
241.2900774522
239.2202188160
237.2071331853
235.2136110058
233.2228836050
231.2346260088
229.2967881709
227.3831446677
225.4984238748
223.6488544657
221.7877917998
219.9013161458
218.0570925635
216.2367816715
214.4538428208
212.7288143855
211.0661810107
209.5657747928
208.0618426041
206.5620863348
205.1020419217
203.6833775659
202.2934409359
200.9018361046
199.5182743866
198.1424633050
196.7802578129
195.4523641878
194.1695607431
192.8586795212
191.5785625305
190.3624438065
189.0299626280
187.7302605210
186.5948654065
185.4172886313
184.2246438824
183.0348480745
181.8712126957
180.7342902020
179.7006770297
178.6032822402
177.4602339815
176.4178465038
175.3805936197
174.3487353085
173.3035747170
172.2655418946
171.2389481666
170.2671451010
169.3077452202
168.3566105183
167.4040946758
166.4581378974
165.5333261117
164.6246384661
163.7167903374
162.7796945242
161.8920760440
161.0316741591
160.1472241781
159.2915344202
158.4599035910
157.6561772193
157.1133456101
156.8694199209
156.3541407139
155.7155987651
154.9153821156
154.1552347939
153.3970373179
152.6266533066
151.8764177003
151.1315658344
150.3839950171
149.6664843200
148.9627850295
148.2590857390
147.5681254401
146.8869631154
146.2271353518
145.5617830255
144.8914260954
144.2919081406
143.6755619347
143.0367925039
142.4472187618
141.8455938905
141.2138439040
140.6312625251
140.0452255863
139.4240047663
138.8497752261
138.2902995180
137.7252342523
137.1683204246
136.6168390836
136.0745870119
135.5466663056
135.0296647349
134.5277744679
134.0347126686
133.5503710123
133.0491306938
132.5628229432
132.0977847587
131.6513351026
131.2097600607
130.7727996534
130.3259816931
129.8854844825
129.4695824081
129.0612847316
128.6559118236
128.2505389157
128.0062665872
127.8353951146
127.5195201213
126.9286194010
126.1234414775
125.3319991334
124.5929426420
123.9103016844
123.2755673509
122.6022748199
121.8669880301
121.3689487082
120.8827005362
120.3404484645
119.8091588583
119.2547527487
118.6177381791
118.1196555273
117.6862915019
117.2809185939
116.9375995234
116.6373232952
116.3951524671
116.2534528516
116.1972972973
