77.3636363636
77.3636363636
77.3832392057
77.6525050100
78.2475496447
78.5367097832
78.7547944374
78.9342442461
79.0852371409
79.2064978442
79.3656889537
79.5120179753
79.6529543936
79.8068986458
79.9678022712
80.0941458675
80.2183943645
80.3579036862
80.4745005162
80.6080403231
80.7420720228
80.8678022712
80.9750713548
81.0124005587
81.0995566891
81.2245946438
81.3528268659
81.4787514423
81.5847816846
81.7057508957
81.8387684460
81.8061213336
82.1448351248
82.8097103298
83.7003522196
84.5818242546
86.1304669946
88.2620756665
90.8198700431
93.5924697881
96.2135665270
98.6877026781
100.9869921662
103.1667699034
105.6759336856
108.2308617234
110.8757515030
113.5055201312
115.8164693022
116.5775368920
118.5914434930
121.5096799660
124.5383797899
127.5442460679
130.5618874112
133.6696666059
136.8793222809
139.9784660230
143.2791036619
146.5095828020
149.6821461104
153.0121515759
156.1502884557
158.4798931196
160.0058541325
160.8889050829
163.1392239024
165.2523046092
167.3306673954
169.4391813931
171.5985546851
173.6903382523
175.6682395093
177.5480233194
179.3972490435
181.1879395154
182.9286451691
184.6649845145
186.4408999818
188.0406084897
189.6283718953
190.6815084715
191.1696119512
192.5151393696
194.0219590697
194.9174166515
195.5908362179
197.3747677173
200.2858201251
203.5643043663
207.0806461408
210.7357988705
214.2943341228
217.8270905447
221.3649298597
224.9459160746
228.6816785085
232.5289002247
236.5270601810
240.6074391207
244.5973826441
248.8701281351
253.1579036862
257.4638914192
261.8142163114
266.3008623307
270.8152000972
275.2689560940
279.6483694662
284.1116961195
288.3585899071
292.4384830267
296.0970000607
298.7833910245
301.0068561365
302.0228031821
302.7894334123
304.3176899253
306.0526507561
307.8834699702
309.6944616506
311.4036983057
312.8984696666
314.4546122548
315.9153215522
317.2672617963
318.5544907998
319.7951721625
320.9681484180
322.0962956215
323.2041112528
324.2721382158
325.2840043724
326.2414829659
327.1477196818
328.0105362240
328.8912795288
329.7272241453
330.5176049068
331.2871439849
332.0165664663
332.7410700188
333.4531547944
334.1414647477
334.7594279468
335.3879941702
335.9857472521
336.5486366673
337.1409485638
337.6611161717
338.1668670675
338.6638853465
339.1419323495
339.5774032914
340.0049735835
340.4276978199
340.8475921540
341.2696726787
341.6615048278
342.0223234347
342.3611829720
342.7156373353
343.0600109310
343.3724965082
343.6752839011
344.0157466448
344.2976316269
344.5494807797
344.7873383130
345.0263010870
345.2804821765
345.4809194146
345.6946559786
345.9374992409
346.1590332180
346.3623125038
346.6080767596
346.7849638671
346.6846905933
346.8720896338
347.0350701403
347.1828505496
347.3305641586
347.4588206716
347.5942916135
347.7351915953
347.8809922876
348.0325681666
348.1270115990
348.2481872837
348.3777190745
348.4616687921
348.5911641465
348.7043845266
348.7961134390
348.8684399101
348.9687131839
349.0435659197
349.1246007166
349.2139248193
349.2745551709
349.3495536528
349.4143195482
349.4643833121
349.4993623611
349.5549462561
349.6236412218
349.6750531366
349.6944859416
349.7737717860
349.8457460375
349.9089269448
349.9653245886
350.0236230036
350.0612740633
350.0907876359
350.1064188984
350.0970911520
350.1683184551
350.2245764256
350.2635938544
350.2850549584
350.2873868950
350.3025991377
350.3326714034
350.3706564644
350.3916438938
350.3794012267
350.4044331086
350.4444646869
350.4514604968
350.4815934900
350.5248314811
350.5536284691
350.5519523896
350.5566162628
350.5631323253
350.5735896034
350.5916803304
350.6266593794
350.6052347118
350.5925487338
350.6012934961
350.6362725451
350.6270601810
350.6502823829
350.6783020587
350.6948320884
350.7344750106
350.7442885772
350.7419566406
350.7349608308
350.7279650210
350.7062610069
350.7306370316
350.7619481387
350.7363393454
350.7270115990
350.7209631384
350.7134754357
350.7052164936
350.7262039230
350.7115382280
350.6917532034
350.6792676262
350.6815995628
350.6649116415
350.6547458553
350.6701463533
350.7303212486
350.7326531852
350.7069047185
350.6781745309
350.6646565859
350.6739843323
350.6644258213
350.6682880913
350.6902593065
350.7159106091
350.6905507986
350.6573814295
350.6442642861
350.6783627862
350.6457156738
350.6496751078
350.6422602781
350.6014270966
350.5874354770
350.6171615959
350.6099107306
350.5767535070
350.6094006194
350.5779194753
350.5751503006
350.5834335337
350.5696969697
350.5696969697
350.5797534463
350.5761462319
350.5534705775
350.5697941337
350.5440335216
350.5491346329
350.5776887108
350.5590332180
350.6199186251
350.6207809559
350.5961984575
350.6018825530
350.5529118844
350.5275763649
350.5350094128
350.5688224935
350.5618266837
350.5490556871
350.5473310257
350.5508471488
350.5345235926
350.5376571324
350.5203680087
350.4877573328
350.4523167547
350.4802999939
350.4861784174
350.4908605089
350.4999939272
350.4766745612
350.4804761037
350.4959980567
350.5083378879
350.4920143317
350.4865610008
350.5010809498
350.5189591304
350.5211331754
350.5188012388
350.5147567863
350.5171919597
350.5304305581
350.5537499241
350.5361328718
350.5192384770
350.4977530819
350.4371227303
349.5042023441
348.1858079796
346.6872350762
345.1980931560
343.6753385559
342.6423878059
341.8896641768
341.1641768385
339.7673468148
338.1037529605
336.1333636971
333.9454424000
331.7557539321
329.7155523168
327.4144410032
324.9315115079
322.4801785389
322.0324467116
320.4071597741
318.0855347058
315.4147871501
312.8356652699
310.0769417623
307.1963442036
304.2804335945
301.4821096739
298.6661019008
295.7659561547
292.8492014332
289.9848909941
287.1072812291
284.2559057509
281.4731584381
278.7384405174
275.8631626890
273.0573875023
270.3113621182
267.5975040991
264.8644744034
262.1959008927
259.6067103905
257.0273456003
254.4002914921
251.9121151394
249.4380275703
246.9653185158
244.5000971640
242.0958705289
239.7915406571
237.4675229246
235.1278253477
232.8262039230
230.5424606789
228.3240238052
226.1096678205
223.8473553167
221.6530029756
219.5349001032
217.4752171009
215.4696908969
213.5365154552
211.5349972673
209.8347239934
208.3337159167
206.7106880428
205.0472156434
203.4302180118
201.8188012388
200.1808586871
198.6301208478
197.0722414526
195.5317422724
193.9969393332
192.3785753325
190.9927673529
189.6134511447
188.2094552742
186.7986336309
185.4284751321
184.1251776280
182.7758000850
181.3013785146
179.9418594765
178.5877330418
177.3077549037
176.1087386895
174.9077913403
173.7048096192
172.5963867128
171.5216918686
170.3487277585
169.2189166211
168.0855407785
166.9630047975
165.8616262829
164.7516244610
163.6868646384
162.8585352523
162.2904171980
161.7913827655
160.8503006012
159.8502641647
158.8586931439
157.8839436449
156.9160442096
155.9910852007
155.0659015000
154.1095463655
153.1767717253
152.2968300237
151.4226938726
150.5431408271
149.6826562215
148.8715795227
148.0412157649
147.2062913706
146.4064371167
145.6272423635
144.8387927370
144.0405416894
143.2419080585
142.5306673954
141.8304305581
141.1127406328
140.3861966357
139.7145988948
139.0285054958
138.3488188498
137.6701706443
136.9799174106
136.3473553167
135.6735592397
135.0228760551
134.4358595980
133.8318880185
133.5712941034
133.1657739722
132.4330114775
131.3463290217
130.3721260703
129.4473674622
128.5506710390
127.6622031943
126.8549280379
126.0950992895
125.3706443189
124.6723264711
124.0077245400
123.2557842959
122.5790125706
122.0269994535
121.5815995628
121.2074330479
120.8874111860
120.6715795227
120.6272727273
