75.5939393939
75.5939393939
75.6060363151
75.9803850124
77.0728365823
77.5016032064
77.9075059209
78.1906540353
78.2451630534
78.4374749499
78.6395275399
78.8099046578
78.9052954394
79.2102143681
79.4974069351
79.6914617113
79.7119025931
79.8469362968
80.0367705107
80.2475192810
80.4428432623
80.5552559665
80.7554502945
80.9242424242
80.9242424242
81.0091637821
81.1544968725
81.3137365640
81.4341106455
81.4943098318
81.6253719560
81.7580555049
81.8080221048
82.2780652214
82.9387684460
83.7186433473
84.5408210360
85.7863606000
87.5976316269
89.8439485031
92.3718042145
94.9814477440
97.4220744519
99.7355013056
101.9794558815
104.4173984332
106.9609461347
109.4413918747
111.6444646869
112.3922390235
114.2647537499
116.7643104391
119.1445375600
121.6519159531
124.5637274549
127.7302483755
130.9462804397
134.3044148904
137.8493168154
141.1126434688
143.4429039898
146.1219833607
149.2149450416
152.6321977288
156.2570474282
159.7666727394
162.8480779741
165.5363879274
167.8870893302
168.2389202648
169.4874172588
171.3423452967
173.1956519099
175.0878727151
177.0507985668
179.0298840104
180.9422420599
182.6735106577
184.3517884253
186.0010445133
187.6453998907
189.1156251898
190.3326471124
191.3077852675
192.0550130564
193.5268051254
194.7135543815
195.6282504403
196.3800206474
198.9124187769
201.8993562883
205.2213092852
208.8438877756
212.2938118662
215.6212546305
218.8777372928
222.1391935386
225.8937572114
229.7682152183
233.6784235137
237.5303941216
241.5201250987
245.6190259306
249.8006558572
254.0273759640
258.4316147446
262.7692172223
267.1229428554
271.6744458614
276.1711605028
280.6676565252
285.1545515273
289.6061213336
293.7194024412
297.3261857047
300.3604967511
302.6975708994
304.6470516791
306.1030303030
307.1723264711
308.0535555960
309.9500516184
311.8513026052
313.6515819518
315.3277342564
316.9101536406
318.4086415255
319.8486123763
321.2749316815
322.5683306006
323.8137122730
325.0126799053
326.1482844477
327.2362603996
328.2632234165
329.2406388535
330.1922754600
331.1026173559
331.9696605332
332.7940729945
333.5753689197
334.2928462987
335.0037347422
335.7027327382
336.3636545819
336.9814720350
337.5972854801
338.1936782656
338.7205987733
339.2475192810
339.7577032854
340.2482297929
340.7160988644
341.1472399344
341.5511629319
341.9398797595
342.3373413494
342.7531122852
343.0970486427
343.4079978138
343.8031881946
344.1273881096
344.4760855043
344.8319608915
345.1226756543
345.3769903443
345.6230339467
345.8625250501
346.0896459586
346.2824922572
346.4772879092
346.6866156556
346.9296350276
347.1445132690
347.3557357139
347.5571203012
347.7229185644
347.8065524989
347.8779862756
347.9556810591
348.0601566770
348.2385558997
348.3812291249
348.4871439849
348.5984332301
348.7435841380
348.8663630291
348.9667699034
349.0689743123
349.1533066132
349.2669642315
349.3946863424
349.4719074513
349.5451691261
349.6337159167
349.7262282140
349.7807372320
349.8569563369
349.9097285480
349.9479079371
350.0205866278
350.0716220319
350.1362361086
350.2089876723
350.2544118540
350.3233740208
350.3708022105
350.3975587539
350.4316268901
350.4539624704
350.4923483330
350.5398615413
350.5580312139
350.5917957126
350.6138519463
350.6337159167
350.6995809801
350.7013177871
350.7017064432
350.7167425761
350.7576243396
350.7810712334
350.8062245704
350.8311410700
350.8356834882
350.8460193114
350.8526871926
350.8607396611
350.8948077974
350.9057751867
350.9067589725
350.9038440517
350.9083864699
350.8994959616
350.9055383494
350.9254448291
350.9322584563
350.9161170827
350.9141373656
350.9284569138
350.9352705411
350.8867856926
350.8874172588
350.9379182608
350.9470030971
350.9522863910
350.9282868768
350.8902046517
350.9220015789
350.9007469484
350.8996113439
350.9208538289
350.9004129471
350.8761948139
350.8941337220
350.9465658590
350.9533794862
350.9376024777
350.9373838586
350.9516305338
350.9334608611
350.9453148722
350.9646019311
350.9796684278
350.9660411733
350.9374506589
350.9334365701
350.9510232586
350.9283111678
350.9261067590
350.9250622457
350.9215582681
350.9238294771
350.9205259003
350.9093884739
350.9014210239
350.9513876237
350.9531973037
350.9266229429
350.8815327625
350.8383797899
350.8358413797
350.8502641647
350.8710086840
350.8800935204
350.8597376571
350.8368069472
350.8250743912
350.8523289002
350.8630776705
350.8634420356
350.8534705775
350.8239448594
350.8401165968
350.8321005648
350.7912188012
350.7934900103
350.7520374081
350.7465597862
350.7878787879
350.7878787879
350.7933260460
350.8022529908
350.8094431287
350.7890022469
350.7920872047
350.7875144228
350.7717374142
350.7876358778
350.7800874476
350.7591486002
350.7304791401
350.7077670493
350.7192081132
350.7354952329
350.7454545455
350.7454545455
350.7364972369
350.7179146171
350.6944859416
350.6990283597
350.6910730552
350.6899799599
350.6975951904
350.6771543086
350.6709479565
350.6686767474
350.6650998968
350.6514726423
350.6750835003
350.6827837493
350.6562701160
350.6176595615
350.6444343232
350.6686888929
350.6679115807
350.6792676262
350.7064735532
350.7172283962
350.7018157527
350.6904597073
350.6352280318
350.1617477379
349.1064674804
347.5120787029
345.9701584988
344.5616991559
343.4021801178
343.0955668914
341.8077123945
340.2961923848
338.8522438817
337.1442946499
335.0056172952
332.7559178964
330.5283354588
328.2412279104
325.8710451205
323.3835853525
320.9807736685
320.5810408696
318.7601870407
316.3315904536
313.6860448169
310.9992044695
308.1576911399
305.2136697638
302.2041173256
299.2629015607
296.3131232161
293.3472034979
290.3659440092
287.4179146171
284.3282504403
281.3679176535
278.6274670553
275.5954029271
272.6568591729
269.7346511204
266.8051922026
264.0365883282
261.2713730491
258.5447197425
255.8681605636
253.1517944981
250.5299690290
247.9482237202
245.3790854436
242.8330600595
240.3290884800
237.8583044878
235.4123519767
232.9390052833
230.5712515941
228.2446590150
225.9267990527
223.6533187587
221.3681484180
219.0951660898
216.8545636728
214.7241695512
212.5788000243
210.4406327807
208.3281532762
206.3113196089
204.4801663934
202.7266958159
200.9912795288
199.3219408514
197.6757272120
196.0355073784
194.3932896095
192.7852735775
191.2266290156
189.7177810166
188.2542053805
186.7370377118
185.2215096860
183.7585656161
182.3794923180
181.0326653307
179.6498997996
178.2758425943
176.9360235623
175.5573996478
174.2861905629
172.9862573632
171.5821157466
170.3920021862
169.1548673104
167.9032003401
166.6622942855
165.4994352341
164.4076516670
163.3139005283
162.1717374142
161.0860994717
160.2418534038
159.6405781259
159.2527661383
158.2261796320
157.1899738872
156.1691747131
155.1806886500
154.1790854436
153.2174105787
152.2809679966
151.3579887047
150.4108945163
149.5194874598
148.6552134572
147.7969150422
146.9452116354
146.0982631931
145.2707171920
144.4728548005
143.6529483209
142.8661990648
142.0931681545
141.3200218619
140.5955061638
139.8631262525
139.1207445193
138.3688346390
137.7033703771
137.0097042570
136.3275885104
135.6886014453
135.0140523471
134.3629137062
133.7256391571
133.0946681241
132.4859840894
131.8897370499
131.3047914010
130.7299933200
130.1440213761
129.5874719135
129.1457035283
128.8913524018
128.4711787211
127.6206534281
126.6208659744
125.7231796927
124.7738142953
123.9028056112
123.0879273699
122.3092670189
121.5756664845
120.8910366187
120.2247160989
119.5469362968
118.6906904719
118.0021133175
117.4408453270
116.9685552924
116.5415679845
116.1965628226
115.9370073480
115.7666666667
