259.3206896552
262.8062884389
266.3634095778
270.0399419529
273.7784603690
277.5175108838
281.1134268537
284.7114573976
288.3116163361
291.6543500795
294.7821090457
297.3703199502
299.3144288577
300.8673554005
301.0267776933
301.6708589593
303.1431690968
304.6265565614
306.1103932002
307.5699744316
309.0190518969
310.4574182848
311.8182917559
313.1369774031
314.3610738719
315.5457812176
316.7062331560
317.7465482690
318.7735816461
319.7791652270
320.7469352498
321.6993642457
322.6349388432
323.5444267846
324.4269642734
325.2433280354
326.0418215742
326.8161633612
327.5996475710
328.3888397485
329.1129085758
329.8069241932
330.4497339507
331.0737198535
331.6973602377
332.3698707760
332.9926266326
333.5633059222
334.1138414761
334.6505908368
335.1533826273
335.6691659180
336.1931725520
336.6355193145
337.0775551102
337.5209453390
337.9612120793
338.3928408541
338.7641006150
339.1487457674
339.5475848248
339.9062884389
340.2694008707
340.6682399281
341.0140971598
341.3259553590
341.6503351531
341.9589592979
342.2389952318
342.5345795038
342.8342339852
343.1206343722
343.3947619377
343.6557045125
343.9166470873
344.1672862967
344.3836777002
344.6026397623
344.8232741345
345.0501485730
345.2673554005
345.4667749292
345.6708382282
345.8717573077
346.0308686338
346.2001382074
346.3804643770
346.5300117476
346.6887844655
346.8966899316
347.0739133439
347.2309031857
347.3630156865
347.4938013959
347.6232119411
347.7464584341
347.8618132817
347.9275792965
348.0054522839
348.0966761108
348.1626494368
348.2380001382
348.3610462304
348.4751917628
348.5833874646
348.7081127773
348.8214497961
348.9126736231
349.0023633474
349.0937461129
349.2061847834
349.2905673416
349.3436044503
349.4056250432
349.4716191003
349.5458710524
349.6036832285
349.6503558842
349.7011471218
349.7549927441
349.8143943059
349.8951765600
349.9814732914
350.0408748532
350.1042567894
350.1721442886
350.2060258448
350.2442540253
350.3206274618
350.3554972013
350.3618616543
350.4236403842
350.4829313800
350.5338470044
350.5482758621
350.5531131228
350.6061502315
350.6414000415
350.6562504319
350.6907124594
350.7229700781
350.7335774998
350.7529403635
350.7783981757
350.8099923986
350.8360652339
350.8509156244
350.8930067031
350.9447377514
350.9829244696
350.9975606385
350.9848317324
350.9987423122
351.0169373229
351.0317877134
351.0503697049
351.0715845484
351.0785294727
351.0884527676
351.1054246424
351.1269159008
351.1498928892
351.1689862484
351.1783359823
351.1762144980
351.1882454564
351.2075184852
351.2435837192
351.2635685163
351.2720544537
351.2642871951
351.2607352636
351.2670997167
351.2839610255
351.3062124248
351.3401561744
351.3605555939
351.3647985626
351.3655172414
351.3607283533
351.3373920254
351.3079054661
351.2739617165
351.2845622279
351.2917075530
351.2874645843
351.2862068966
351.2880312349
351.3113675627
351.3183746804
351.3056457743
351.3157349181
351.3348697395
351.3709349734
351.3617441780
351.3193144911
351.3293483519
351.3406951835
351.3491811209
351.3546955981
351.3586206897
351.3586206897
351.3462234814
351.3186441849
351.3085481307
351.2971252851
351.2653030198
351.2614539424
351.2784258172
351.2732775897
351.2764909129
351.2998272407
351.2876718955
351.2625250501
351.2688895031
351.2686269090
351.2601409716
351.2446893788
351.2351807062
351.2563955497
351.2546334047
351.2355400456
351.2044226384
351.1908852187
351.2163430309
351.2344412964
351.2479856264
351.2437426577
351.2470181743
351.2597470804
351.2447239306
351.2243245111
351.2073526363
351.1891783567
351.1700849976
351.1549858337
351.1522009536
351.1755372815
351.1563886393
351.1211042775
351.1274687306
351.1254370811
351.1127081750
351.1258931656
351.1409785087
351.1388570244
351.1403220234
351.1445649921
351.1169649644
351.0998687029
351.1104761247
351.1269159008
351.1432520213
351.1177942091
351.1090042153
351.1217331214
351.0966070071
351.0701471909
351.0765116440
351.0935733536
351.1190311658
351.1147398245
351.0545435699
350.8742174003
350.9928339437
351.2305023841
351.1626148849
351.0956464653
351.0298804506
351.0343791030
351.0567548891
351.0843341856
351.1107318084
351.1361896206
351.1043328035
351.0819086449
351.0903945823
351.0757722341
351.0512542326
351.0427682952
351.0315458503
351.0166954599
351.0393960334
351.0620966070
351.0430032479
351.0215603621
350.9982240343
351.0063990049
351.0202197498
351.0414345933
351.0497132195
351.0518347039
351.0539561882
351.0560776726
351.0581991569
351.0586206897
351.0619791307
351.0810724898
350.9915555248
350.8133508396
349.7127496372
348.4935802640
347.1718955152
345.8874023910
344.6201506461
343.3387740999
342.0744661737
340.8333978301
340.2898624836
339.8708382282
339.2025706586
338.0385806095
336.4644392233
334.6399765047
332.8238407850
331.0778591666
329.2720890056
327.4380692419
325.6263216087
324.4965240826
324.3077119757
322.6974915348
320.7005044572
318.6065994057
316.4330661323
314.1927786608
311.9641835395
309.7223205031
307.4459677977
305.1341994333
302.8047197844
300.4732084859
298.1045470251
295.6839333840
293.3237716813
290.9608527400
288.5041738650
286.0945269850
283.7248289683
281.3415382489
278.9766705825
276.6600096745
274.3461681985
272.0347453528
269.7477852256
267.4862760003
265.2608389192
263.0354018382
260.8199847972
258.6560707622
256.5115403220
254.3836915210
252.2751917628
250.1995715569
248.2011333011
246.1732361274
244.1326031373
242.1553797250
240.1868633819
238.2308548131
236.3164812383
234.4168958607
232.5351392440
230.6635823371
228.8009190795
226.9806716882
225.1791099440
223.4140349665
221.6377928270
219.8565061157
218.0977955912
216.3589523875
214.6490360030
212.9490705549
211.2877064474
209.8196392786
208.3943749568
207.0069241932
205.6521318499
204.3179807892
203.0281183056
201.7160320641
200.3944647917
199.1470319950
197.8918872227
196.6253610670
195.3918664916
194.1755649229
193.0023840785
191.8336811554
190.6689862484
189.5559740170
188.4256513026
187.2354985834
186.1448552277
185.1052380623
183.9829728422
182.8964066063
181.8632437288
180.7922534725
179.7217400318
178.7161564508
177.7161357197
176.7211595605
175.6994817221
174.6910579780
173.7257825997
172.7742588626
171.8308271716
170.9143459332
170.0029230876
169.0991707553
168.1855918734
167.2756409370
166.4037108700
165.5505770161
164.7147121830
163.8864487596
163.0498928892
162.1885702439
161.6460507221
161.2779973741
160.8579434732
160.2990878308
159.5268675282
158.7644323129
157.9991638449
157.1993642457
156.4468108631
155.7382350909
155.0050445719
154.2813558151
153.5918734020
152.8806094949
152.1579089213
151.4790339299
150.7976712045
150.1124317601
149.4531753161
148.8003938912
148.1384907747
147.5060673070
146.9014442678
146.2911616336
145.6835325824
145.0852739963
144.4897242761
143.8958192247
143.3102895446
142.7379172137
142.1863312833
141.6024048096
141.0173864971
140.4891368945
139.9532927925
139.4101927994
138.9122037178
138.4100684127
137.8796973257
137.3520212839
136.8264943680
136.3618892958
135.8834220164
135.3827517103
134.9126736231
134.4554280976
134.0184023219
133.5641282565
133.0931587313
132.6970976436
132.2924262318
131.8341856126
131.4067790754
130.9992398590
130.8825582199
130.6235781909
130.1335153065
129.3853361896
128.5705756340
127.8683643148
127.1779351807
126.4990601893
125.8127219957
125.1603966554
124.6109322092
124.0454633405
123.4708105867
122.9786262180
122.4656001658
121.9182572041
121.3246216571
120.7394720475
120.3172966623
119.9323681846
119.5844447516
119.2941469145
119.0226314698
118.7829037385
118.6931034483
118.6931034483
