

Time	Elapsed	PTC5	PTC6	PTC7	PTC10	PTC11	PTC12	PTC25	PTC26	PTC27	PTC28	PTC29	PTC30	VPRB2	VPRB3	VPRB7	VPRB8	PRESS	SVAC	HIPRB	LOPRB	HITC	LOTC	HIRATE	LORATE	AVGTC	MEAN	AIRTC	AIRTC1	AIRTC2	HILIMTC	CAPSTC	RUNTIME	SEGTIME	SEGTIMELEFT	TSET_AIR	TSET_PART	PSET	TEMPOUT	TEMPINT	PRESSOUT	COOLIP	SCROUT	PRESSIP	PRESSINT	SPREAD	AIRPARTDELTA	CAPSFLOW	SILENCE	BARLOCK	HIPSI	FANON	HYDON	FANSTARTSTOPPB	HYDPMPSTARTSTOPPB	COOLCNTRLONOFFSW	PRESSCNTRLONOFFSW	PRESSDUMPSW	PCMANUALSW	HILIMIT	BLWRMTRHILIMIT	MANINSIDE
HH:MM:SS	Mins	Deg.F	Deg.F	Deg.F	Deg.F	Deg.F	Deg.F	Deg.F	Deg.F	Deg.F	Deg.F	Deg.F	Deg.F	"Hg	"Hg	"Hg	"Hg	Psig	"Hg			Deg.F	Deg.F	Deg.F	Deg.F	Deg.F	Deg.F	Deg.F	Deg.F	Deg.F	Deg.F	Deg.F	Mins	Mins	Mins	Deg.F	Deg.F	Psig				%	%	%	%	Deg.F	Deg.F															
19:50:21	0.0	83.2	83.7	82.9	82.2	83.5	82.0	80.8	80.2	80.5	81.0	81.8	81.8	-27.0	-27.7	-27.6	-28.2	-0.3	-27.9	-27.0	-28.2	83.7	80.2	0.2	0.0	82.0	81.9	92.1	92.1	91.4	104.2	101.1	275.7	0.0	0.0	70.0	70.0	0.0	0.0	0.0	50.0	0.0	0.0	.Autoclave.Outputs.PRESSIP\OutputValue	8.0	3.5	8.4	-1.0	0.0	-1.0	-1.0	0.0	0.0	0.0	0.0	-1.0	-1.0	-1.0	0.0	0.0	-1.0	0.0
19:50:23	0.0	83.2	83.7	82.9	82.2	83.5	82.0	80.8	80.2	80.5	81.0	81.8	81.8	-27.0	-27.7	-27.6	-28.2	-0.3	-27.9	-27.0	-28.2	83.7	80.2	0.2	0.0	82.0	81.9	92.1	92.1	91.4	104.2	101.1	275.7	0.0	0.0	70.0	70.0	0.0	0.0	0.0	50.0	0.0	0.0	.Autoclave.Outputs.PRESSIP\OutputValue	8.0	3.5	8.4	-1.0	0.0	-1.0	-1.0	0.0	0.0	0.0	0.0	-1.0	-1.0	-1.0	0.0	0.0	-1.0	0.0
19:50:23	0.0	83.2	83.7	82.9	82.2	83.5	82.0	80.8	80.2	80.5	81.0	81.8	81.8	-27.0	-27.7	-27.6	-28.2	-0.3	-27.9	-27.0	-28.2	83.7	80.2	0.2	0.0	82.0	81.9	92.1	92.1	91.4	104.2	101.1	275.7	0.0	0.0	70.0	70.0	0.0	0.0	0.0	50.0	0.0	0.0	.Autoclave.Outputs.PRESSIP\OutputValue	8.0	3.5	8.4	-1.0	0.0	-1.0	-1.0	0.0	0.0	0.0	0.0	-1.0	-1.0	-1.0	0.0	0.0	-1.0	0.0
19:50:25	0.1	83.2	83.7	82.9	82.2	83.5	82.0	80.7	80.3	80.4	81.0	81.8	81.6	-27.1	-27.7	-27.6	-27.9	-0.4	-27.9	-27.1	-27.9	83.7	80.3	0.2	0.0	82.0	82.0	92.1	92.1	91.4	104.1	101.0	275.7	0.0	0.0	70.0	70.0	0.0	0.0	0.0	50.0	0.0	0.0	.Autoclave.Outputs.PRESSIP\OutputValue	8.0	3.4	8.4	-1.0	0.0	-1.0	-1.0	0.0	0.0	0.0	0.0	-1.0	-1.0	-1.0	0.0	0.0	-1.0	0.0
19:51:24	1.1	85.2	84.7	84.0	84.2	86.1	82.4	81.2	80.7	81.0	81.7	82.5	82.0	-27.1	-27.8	-27.8	-27.7	1.0	-27.9	-27.1	-27.8	86.1	80.7	2.5	0.4	83.0	83.4	93.3	93.3	92.5	96.8	98.9	1.0	1.0	0.0	90.1	88.1	1.5	25.8	-0.4	62.6	-1.0	0.0	.Autoclave.Outputs.PRESSIP\OutputValue	8.0	5.4	7.2	-1.0	0.0	-1.0	-1.0	-1.0	0.0	0.0	0.0	-1.0	-1.0	0.0	0.0	0.0	-1.0	0.0
19:52:24	2.0	86.9	85.4	85.2	85.7	88.1	82.8	81.7	81.4	81.7	82.4	83.0	82.6	-26.8	-27.5	-27.4	-27.2	2.7	-27.9	-26.8	-27.5	88.1	81.4	1.8	0.5	83.9	84.8	95.1	95.1	94.5	107.3	98.8	2.0	2.0	0.0	97.1	92.6	3.0	60.6	-0.3	62.4	0.0	21.1	.Autoclave.Outputs.PRESSIP\OutputValue	8.0	6.7	7.0	-1.0	0.0	-1.0	-1.0	-1.0	0.0	0.0	0.0	-1.0	-1.0	0.0	0.0	0.0	-1.0	0.0
19:53:24	3.1	89.7	86.9	87.2	87.3	91.5	83.7	82.7	82.2	82.5	83.2	84.2	83.4	-26.7	-27.7	-27.6	-27.5	3.5	-27.9	-26.7	-27.7	91.5	82.2	3.7	0.7	85.4	86.9	100.9	100.9	100.3	112.2	98.7	3.0	3.0	0.0	102.7	97.2	4.5	59.4	-0.1	68.1	0.0	18.8	.Autoclave.Outputs.PRESSIP\OutputValue	8.0	9.3	9.4	-1.0	0.0	-1.0	-1.0	-1.0	0.0	0.0	0.0	-1.0	-1.0	0.0	0.0	0.0	-1.0	0.0
19:54:24	4.1	92.6	88.8	89.3	89.6	94.8	84.6	83.6	83.3	83.6	84.3	85.4	84.3	-26.5	-27.6	-27.7	-27.0	5.2	-27.9	-26.5	-27.7	94.8	83.3	3.3	0.9	87.0	89.1	106.7	106.7	106.0	117.2	99.0	4.0	4.0	0.0	108.4	101.6	6.0	58.6	0.0	66.3	0.0	17.2	.Autoclave.Outputs.PRESSIP\OutputValue	8.0	11.5	11.9	-1.0	0.0	-1.0	-1.0	-1.0	0.0	0.0	0.0	-1.0	-1.0	0.0	0.0	0.0	-1.0	0.0
19:55:23	5.0	95.5	91.0	91.6	91.9	98.3	86.0	84.6	84.4	84.8	85.7	86.5	85.4	-26.4	-27.7	-27.6	-27.1	6.7	-27.9	-26.4	-27.7	98.3	84.4	3.3	1.1	88.8	91.4	112.3	112.3	111.5	123.0	99.0	5.0	5.0	0.0	114.0	106.1	7.5	59.5	0.2	65.3	0.0	18.9	.Autoclave.Outputs.PRESSIP\OutputValue	8.0	13.9	14.0	-1.0	0.0	-1.0	-1.0	-1.0	0.0	0.0	0.0	-1.0	-1.0	0.0	0.0	0.0	-1.0	0.0
19:56:24	6.0	98.7	93.1	94.1	94.3	101.5	87.3	85.8	85.7	86.4	87.0	88.0	86.8	-26.2	-27.6	-27.6	-27.4	8.4	-27.9	-26.2	-27.6	101.5	85.7	3.5	1.1	90.7	93.6	117.8	117.8	117.1	128.4	99.2	6.0	6.0	0.0	119.8	110.7	9.0	60.5	0.4	63.8	0.0	21.1	.Autoclave.Outputs.PRESSIP\OutputValue	8.0	15.8	16.3	-1.0	0.0	-1.0	-1.0	-1.0	0.0	0.0	0.0	-1.0	-1.0	0.0	0.0	0.0	-1.0	0.0
19:57:21	7.0	101.9	95.5	96.6	97.1	105.1	88.8	86.9	87.1	87.9	88.5	89.4	88.3	-26.0	-27.6	-27.7	-27.6	10.1	-27.9	-26.0	-27.7	105.1	86.9	4.5	1.4	92.8	96.0	122.5	122.5	121.8	133.6	99.4	7.0	6.9	0.0	124.1	114.9	10.4	60.8	0.6	62.0	0.0	21.6	.Autoclave.Outputs.PRESSIP\OutputValue	8.0	18.2	17.0	-1.0	0.0	-1.0	-1.0	-1.0	0.0	0.0	0.0	-1.0	-1.0	0.0	0.0	0.0	-1.0	0.0
19:57:23	7.0	102.1	95.5	96.8	97.3	105.3	89.0	87.0	87.3	88.2	88.6	89.5	88.3	-26.0	-27.6	-27.6	-27.3	10.1	-27.9	-26.0	-27.6	105.3	87.0	4.5	1.4	92.9	96.2	123.0	123.0	122.4	133.7	99.4	7.0	0.1	0.0	124.9	115.1	10.5	61.7	0.6	62.0	0.0	23.5	.Autoclave.Outputs.PRESSIP\OutputValue	8.0	18.3	17.7	-1.0	0.0	-1.0	-1.0	-1.0	0.0	0.0	0.0	-1.0	-1.0	0.0	0.0	0.0	-1.0	0.0
19:58:24	8.0	105.7	98.3	99.5	99.8	109.7	90.9	88.6	88.8	89.9	90.4	91.4	89.9	-25.5	-27.5	-27.2	-27.6	11.0	-27.0	-25.5	-27.6	109.7	88.6	3.9	1.6	95.2	99.2	127.7	127.7	127.0	137.9	99.3	8.0	1.1	0.0	129.6	119.6	12.0	62.2	0.8	67.6	0.0	24.4	.Autoclave.Outputs.PRESSIP\OutputValue	8.0	21.1	17.9	-1.0	0.0	-1.0	-1.0	-1.0	0.0	0.0	0.0	-1.0	-1.0	0.0	0.0	0.0	-1.0	0.0
19:59:24	9.0	109.2	100.9	102.3	102.7	113.3	93.0	90.4	90.9	92.1	92.3	93.4	91.9	-21.6	-22.9	-22.4	-22.4	13.0	-22.2	-21.6	-22.9	113.3	90.4	3.6	1.7	97.7	101.9	133.1	133.1	132.3	143.7	99.5	9.0	2.1	0.0	134.9	124.2	13.5	61.7	1.0	62.6	0.0	23.5	.Autoclave.Outputs.PRESSIP\OutputValue	8.0	22.9	19.7	-1.0	0.0	-1.0	-1.0	-1.0	0.0	0.0	0.0	-1.0	-1.0	0.0	0.0	0.0	-1.0	0.0
20:00:23	10.0	113.0	103.8	105.2	105.6	117.3	95.3	92.3	92.9	94.3	94.5	95.7	94.0	-16.6	-17.3	-17.0	-16.4	14.4	-17.0	-16.4	-17.3	117.3	92.3	4.3	1.9	100.3	104.8	137.6	137.8	137.0	147.4	99.5	10.0	3.1	0.0	139.9	128.6	15.0	65.1	1.2	63.7	0.0	30.1	.Autoclave.Outputs.PRESSIP\OutputValue	8.0	25.0	20.2	-1.0	0.0	-1.0	-1.0	-1.0	0.0	0.0	0.0	-1.0	-1.0	0.0	0.0	0.0	-1.0	0.0
20:01:24	11.0	116.9	106.9	108.3	108.8	121.6	97.8	94.3	94.9	96.8	96.8	97.6	96.3	-11.6	-12.0	-12.0	-12.0	16.0	-11.9	-11.6	-12.0	121.6	94.3	4.1	1.9	103.1	108.0	142.5	142.5	141.6	152.7	99.7	11.0	4.1	0.0	144.6	133.2	16.5	64.1	1.4	63.1	0.0	28.1	.Autoclave.Outputs.PRESSIP\OutputValue	8.0	27.3	20.8	-1.0	0.0	-1.0	-1.0	-1.0	0.0	0.0	0.0	-1.0	-1.0	0.0	0.0	0.0	-1.0	0.0
20:02:24	12.0	120.7	110.2	111.5	112.2	126.2	100.4	96.5	97.4	99.5	98.9	100.1	98.8	-6.7	-7.1	-7.0	-7.0	17.3	-7.0	-6.7	-7.1	126.2	96.5	4.3	2.2	106.0	111.3	147.3	147.3	146.6	156.8	99.7	12.0	5.1	0.0	149.3	137.7	18.0	63.6	1.6	65.3	0.0	27.2	.Autoclave.Outputs.PRESSIP\OutputValue	8.0	29.7	21.1	-1.0	0.0	-1.0	-1.0	-1.0	0.0	0.0	0.0	-1.0	-1.0	0.0	0.0	0.0	-1.0	0.0
20:03:23	13.0	124.8	113.4	114.7	115.4	129.8	103.1	98.6	99.8	102.1	101.4	102.3	101.4	-2.7	-3.1	-3.2	-2.9	19.0	-3.1	-2.7	-3.2	129.8	98.6	4.2	2.2	108.9	114.2	152.1	152.1	151.3	162.6	99.9	13.0	6.1	0.0	154.5	142.1	19.5	65.6	1.9	63.1	0.0	31.1	.Autoclave.Outputs.PRESSIP\OutputValue	8.0	31.2	22.3	-1.0	0.0	-1.0	-1.0	-1.0	0.0	0.0	0.0	-1.0	-1.0	0.0	0.0	0.0	-1.0	0.0
20:04:24	14.0	128.9	117.0	118.5	118.9	134.5	106.0	101.0	102.4	105.3	104.0	104.9	104.2	-1.1	-1.2	-1.3	-1.2	20.5	-1.3	-1.1	-1.3	134.5	101.0	5.2	2.6	112.1	117.7	156.6	156.6	155.8	166.3	99.9	14.0	7.1	0.0	158.7	146.7	21.0	64.0	2.1	64.4	0.0	28.0	.Autoclave.Outputs.PRESSIP\OutputValue	8.0	33.5	22.1	-1.0	0.0	-1.0	-1.0	-1.0	0.0	0.0	0.0	-1.0	-1.0	0.0	0.0	0.0	-1.0	0.0
20:05:24	15.0	133.0	120.4	121.7	122.8	138.7	109.2	103.8	105.3	108.4	106.9	107.6	107.1	-0.2	-0.4	-0.4	-0.2	21.7	-0.5	-0.2	-0.4	138.7	103.8	3.9	2.6	115.4	121.2	161.2	161.3	160.5	171.5	99.9	15.0	8.1	0.0	163.5	151.2	22.5	66.8	2.3	65.8	0.0	33.6	.Autoclave.Outputs.PRESSIP\OutputValue	8.0	34.9	22.5	-1.0	0.0	-1.0	-1.0	-1.0	0.0	0.0	0.0	-1.0	-1.0	0.0	0.0	0.0	-1.0	0.0
20:06:24	16.1	137.2	124.0	125.1	126.4	143.0	112.1	106.6	108.3	111.5	109.6	110.6	110.2	0.1	0.0	-0.1	0.2	23.3	-0.1	0.2	-0.1	143.0	106.6	4.3	2.9	118.7	124.8	166.1	166.1	165.5	175.8	100.1	16.0	9.1	0.0	168.3	155.6	24.0	66.8	2.6	64.9	0.0	33.7	.Autoclave.Outputs.PRESSIP\OutputValue	8.0	36.4	23.1	-1.0	0.0	-1.0	-1.0	-1.0	0.0	0.0	0.0	-1.0	-1.0	0.0	0.0	0.0	-1.0	0.0
20:07:23	17.0	141.4	127.8	128.8	129.7	147.4	115.5	109.4	111.2	115.2	112.6	113.3	113.4	0.2	0.1	0.1	0.2	24.6	0.0	0.2	0.1	147.4	109.4	4.8	2.9	122.1	128.4	170.3	170.3	169.7	180.4	100.2	17.0	10.1	0.0	173.1	160.1	25.5	69.0	2.8	68.1	0.0	38.0	.Autoclave.Outputs.PRESSIP\OutputValue	8.0	38.0	22.9	-1.0	0.0	-1.0	-1.0	-1.0	0.0	0.0	0.0	-1.0	-1.0	0.0	0.0	0.0	-1.0	0.0
20:08:24	18.0	145.8	132.0	132.6	133.5	152.0	118.9	112.5	114.7	118.9	115.9	116.6	116.7	0.3	0.2	0.1	0.2	26.2	0.1	0.3	0.1	152.0	112.5	4.6	3.2	125.8	132.2	175.3	175.3	174.6	184.7	100.2	18.0	11.1	0.0	177.2	164.6	27.0	64.1	3.1	65.4	0.0	28.2	.Autoclave.Outputs.PRESSIP\OutputValue	8.0	39.5	23.3	-1.0	0.0	-1.0	-1.0	-1.0	0.0	0.0	0.0	-1.0	-1.0	0.0	0.0	0.0	-1.0	0.0
20:09:24	19.1	150.1	135.5	136.1	137.3	156.1	122.3	115.7	118.1	122.4	119.3	120.0	120.2	0.4	0.2	0.2	0.1	28.0	0.1	0.4	0.1	156.1	115.7	4.7	3.1	129.4	135.9	179.7	179.7	179.0	189.8	100.4	19.0	12.1	0.0	182.6	169.1	28.5	70.2	3.3	63.3	0.0	40.5	.Autoclave.Outputs.PRESSIP\OutputValue	8.0	40.4	23.6	-1.0	0.0	-1.0	-1.0	-1.0	0.0	0.0	0.0	-1.0	-1.0	0.0	0.0	0.0	-1.0	0.0
20:10:24	20.1	154.5	139.7	140.6	141.4	160.4	126.1	119.1	121.6	126.1	122.7	123.3	123.9	0.4	0.2	0.2	0.3	29.6	0.1	0.4	0.2	160.4	119.1	5.1	3.4	133.3	139.7	184.4	184.4	183.6	194.1	100.6	20.0	13.1	0.0	187.2	173.7	30.0	69.9	3.5	61.3	0.0	39.8	.Autoclave.Outputs.PRESSIP\OutputValue	8.0	41.3	24.0	-1.0	0.0	-1.0	-1.0	-1.0	0.0	0.0	0.0	-1.0	-1.0	0.0	0.0	0.0	-1.0	0.0
20:11:23	21.0	159.1	144.0	144.7	145.1	165.2	129.7	122.6	125.1	130.4	126.1	126.5	127.6	0.4	0.2	0.2	0.2	30.7	0.1	0.4	0.2	165.2	122.6	4.6	3.5	137.2	143.9	188.9	189.0	188.3	198.1	100.4	21.0	14.1	0.0	191.1	178.1	31.5	68.5	3.8	66.1	0.0	37.0	.Autoclave.Outputs.PRESSIP\OutputValue	8.0	42.6	23.7	-1.0	0.0	-1.0	-1.0	-1.0	0.0	0.0	0.0	-1.0	-1.0	0.0	0.0	0.0	-1.0	0.0
20:12:24	22.0	163.3	148.4	148.7	148.7	169.5	133.6	126.2	129.2	134.3	129.6	130.1	131.3	0.5	0.2	0.2	0.2	32.5	0.1	0.5	0.2	169.5	126.2	4.6	3.5	141.1	147.8	193.5	193.6	193.0	204.0	100.7	22.0	15.1	0.0	196.1	182.6	33.0	69.6	4.0	63.1	0.0	39.2	.Autoclave.Outputs.PRESSIP\OutputValue	8.0	43.3	24.0	-1.0	0.0	-1.0	-1.0	-1.0	0.0	0.0	0.0	-1.0	-1.0	0.0	0.0	0.0	-1.0	0.0
20:13:24	23.1	167.8	152.8	153.5	153.2	173.8	137.3	129.7	133.2	138.6	133.4	133.8	135.2	0.5	0.3	0.2	0.3	34.1	0.1	0.5	0.2	173.8	129.7	5.0	3.6	145.2	151.7	197.9	198.1	197.4	208.6	100.7	23.0	16.1	0.0	200.7	187.1	34.5	70.4	4.3	61.3	0.0	40.8	.Autoclave.Outputs.PRESSIP\OutputValue	8.0	44.1	24.1	-1.0	0.0	-1.0	-1.0	-1.0	0.0	0.0	0.0	-1.0	-1.0	0.0	0.0	0.0	-1.0	0.0
20:14:24	24.0	172.4	157.3	157.4	156.8	178.6	141.2	133.5	136.9	142.8	137.2	137.3	139.4	0.5	0.2	0.2	0.5	35.1	0.1	0.5	0.2	178.6	133.5	4.7	3.7	149.2	156.0	202.4	202.4	201.8	212.4	100.7	24.0	17.1	0.0	204.8	191.6	36.0	68.6	4.5	67.2	0.0	37.2	.Autoclave.Outputs.PRESSIP\OutputValue	8.0	45.1	23.8	-1.0	0.0	-1.0	-1.0	-1.0	0.0	0.0	0.0	-1.0	-1.0	0.0	0.0	0.0	-1.0	0.0
20:15:24	25.0	177.0	161.7	161.9	160.8	182.9	145.2	137.5	141.2	146.9	141.0	141.3	143.5	0.5	0.3	0.2	0.2	36.8	0.1	0.5	0.2	182.9	137.5	4.6	3.7	153.4	160.2	207.0	207.0	206.4	217.2	100.8	25.0	18.1	0.0	209.6	196.1	37.5	69.6	4.8	64.5	0.0	39.1	.Autoclave.Outputs.PRESSIP\OutputValue	8.0	45.4	24.1	-1.0	0.0	-1.0	-1.0	-1.0	0.0	0.0	0.0	-1.0	-1.0	0.0	0.0	0.0	-1.0	0.0
20:16:23	26.0	181.1	166.5	166.6	165.9	187.4	149.3	141.4	145.3	151.7	145.1	145.3	147.7	0.6	0.2	0.2	0.2	38.6	0.1	0.6	0.2	187.4	141.4	4.9	3.8	157.8	164.4	211.8	211.8	211.1	221.9	100.9	26.0	19.1	0.0	214.4	200.6	39.0	70.3	5.0	62.0	0.0	40.6	.Autoclave.Outputs.PRESSIP\OutputValue	8.0	46.0	24.4	-1.0	0.0	-1.0	-1.0	-1.0	0.0	0.0	0.0	-1.0	-1.0	0.0	0.0	0.0	-1.0	0.0
20:17:23	27.0	185.6	171.3	171.6	169.1	191.8	153.3	145.4	149.7	155.9	149.3	149.1	151.9	0.6	0.3	0.2	0.3	39.6	0.1	0.6	0.2	191.8	145.4	5.3	3.3	162.0	168.6	216.1	216.1	215.4	226.2	100.8	27.0	20.1	0.0	218.7	205.1	40.0	71.2	5.2	61.3	0.0	42.4	.Autoclave.Outputs.PRESSIP\OutputValue	8.0	46.4	24.3	-1.0	0.0	-1.0	-1.0	-1.0	0.0	0.0	0.0	-1.0	-1.0	0.0	0.0	0.0	-1.0	0.0
20:18:24	28.0	190.2	176.2	176.5	173.2	196.5	157.5	149.7	154.1	160.5	153.6	153.4	156.4	0.6	0.2	0.2	0.6	40.0	0.1	0.6	0.2	196.5	149.7	5.0	3.8	166.5	173.1	220.4	220.4	219.5	230.4	100.7	28.0	21.1	0.0	223.1	209.6	40.0	71.5	5.5	58.3	0.0	43.0	.Autoclave.Outputs.PRESSIP\OutputValue	8.0	46.8	23.9	-1.0	0.0	-1.0	-1.0	-1.0	0.0	0.0	0.0	-1.0	-1.0	0.0	0.0	0.0	-1.0	0.0
20:19:23	29.0	194.6	180.8	181.4	177.2	200.6	161.6	153.7	158.4	165.0	157.3	157.3	160.7	0.7	0.2	0.2	0.3	40.3	0.1	0.7	0.2	200.6	153.7	5.4	3.8	170.7	177.1	225.0	225.0	224.2	235.4	100.8	29.0	22.1	0.0	227.4	214.1	40.0	69.5	5.7	54.6	0.0	39.1	.Autoclave.Outputs.PRESSIP\OutputValue	7.7	46.9	24.4	-1.0	0.0	-1.0	-1.0	-1.0	0.0	0.0	0.0	-1.0	-1.0	0.0	0.0	0.0	-1.0	0.0
20:20:24	30.1	198.9	185.7	186.8	181.9	205.0	165.9	157.9	163.0	169.3	161.8	161.4	165.4	0.7	0.3	0.2	0.2	40.6	0.1	0.7	0.2	205.0	157.9	5.3	4.2	175.3	181.4	229.9	229.9	229.2	240.2	100.7	30.0	23.1	0.0	232.2	218.6	40.0	70.0	6.0	50.7	0.0	39.9	.Autoclave.Outputs.PRESSIP\OutputValue	6.8	47.1	24.9	-1.0	0.0	-1.0	-1.0	-1.0	0.0	0.0	0.0	-1.0	-1.0	0.0	0.0	0.0	-1.0	0.0
20:21:23	31.0	203.5	190.3	191.0	186.2	209.1	170.1	162.2	167.3	173.9	165.9	165.5	169.8	0.7	0.3	0.2	0.2	41.0	0.1	0.7	0.2	209.1	162.2	4.6	4.2	179.6	185.6	234.4	234.5	233.8	245.1	100.7	31.0	24.1	0.0	236.9	223.1	40.0	70.6	6.2	45.5	0.0	41.3	.Autoclave.Outputs.PRESSIP\OutputValue	5.2	46.9	25.3	-1.0	0.0	-1.0	-1.0	-1.0	0.0	0.0	0.0	-1.0	-1.0	0.0	0.0	0.0	-1.0	0.0
20:22:23	32.0	207.9	195.1	195.8	190.2	213.7	174.4	166.2	171.7	177.9	170.2	169.5	174.2	0.7	0.2	0.1	0.1	40.1	0.1	0.7	0.1	213.7	166.2	5.4	4.0	183.9	189.9	239.2	239.2	238.5	249.4	100.7	32.0	25.1	0.0	241.7	227.6	40.0	70.2	6.5	53.6	0.0	40.4	.Autoclave.Outputs.PRESSIP\OutputValue	5.0	47.5	25.5	-1.0	0.0	-1.0	-1.0	-1.0	0.0	0.0	0.0	-1.0	-1.0	0.0	0.0	0.0	-1.0	0.0
20:23:23	33.0	212.0	199.9	200.9	194.1	217.8	178.9	170.2	176.0	182.5	174.3	173.6	178.6	0.7	0.2	0.2	0.1	40.5	0.1	0.7	0.1	217.8	170.2	5.2	4.0	188.2	194.0	244.0	244.0	243.2	254.8	100.8	33.0	26.1	0.0	246.3	232.1	40.0	69.7	6.7	49.6	0.0	39.5	.Autoclave.Outputs.PRESSIP\OutputValue	4.4	47.6	26.2	-1.0	0.0	-1.0	-1.0	-1.0	0.0	0.0	0.0	-1.0	-1.0	0.0	0.0	0.0	-1.0	0.0
20:24:23	34.0	216.3	204.8	206.1	198.5	222.1	183.4	174.8	180.6	187.0	178.7	178.0	183.3	0.7	0.2	0.2	0.1	40.8	0.1	0.7	0.1	222.1	174.8	4.9	4.0	192.8	198.5	248.7	248.8	248.1	259.6	100.9	34.0	27.1	0.0	251.2	236.6	40.0	70.0	7.0	45.1	0.0	40.1	.Autoclave.Outputs.PRESSIP\OutputValue	3.1	47.3	26.6	-1.0	0.0	-1.0	-1.0	-1.0	0.0	0.0	0.0	-1.0	-1.0	0.0	0.0	0.0	-1.0	0.0
20:25:23	35.0	220.6	209.7	211.0	202.4	226.2	187.6	178.8	185.1	191.6	182.9	181.9	187.8	0.7	0.2	0.2	0.2	40.0	0.1	0.7	0.2	226.2	178.8	5.4	3.9	197.1	202.5	253.1	253.1	252.3	265.0	100.8	35.0	28.1	0.0	256.1	241.1	40.0	75.0	7.2	52.0	0.0	50.0	.Autoclave.Outputs.PRESSIP\OutputValue	2.1	47.4	26.9	-1.0	0.0	-1.0	-1.0	-1.0	0.0	0.0	0.0	-1.0	-1.0	0.0	0.0	0.0	-1.0	0.0
20:25:42	35.3	222.0	211.3	212.3	204.1	227.7	188.9	180.1	186.4	193.0	184.3	183.4	189.1	0.7	0.2	0.1	-0.5	40.1	0.1	0.7	-0.5	227.7	180.1	5.0	4.1	198.5	203.9	254.7	254.8	254.1	266.1	100.8	35.3	28.4	0.0	257.3	242.5	40.0	70.9	7.3	51.4	0.0	41.7	.Autoclave.Outputs.PRESSIP\OutputValue	2.0	47.6	27.1	-1.0	0.0	-1.0	-1.0	-1.0	0.0	0.0	0.0	-1.0	-1.0	0.0	0.0	0.0	-1.0	0.0
20:26:23	36.0	225.1	215.2	216.1	206.5	230.4	192.1	183.2	189.5	196.5	187.4	186.7	192.3	0.7	0.2	0.1	0.1	40.3	0.1	0.7	0.1	230.4	183.2	5.5	4.0	201.7	206.8	258.3	258.3	257.6	269.5	100.9	36.0	0.7	0.0	260.6	245.6	40.0	73.1	7.5	48.3	0.0	46.1	.Autoclave.Outputs.PRESSIP\OutputValue	1.8	47.2	27.9	-1.0	0.0	-1.0	-1.0	-1.0	0.0	0.0	0.0	-1.0	-1.0	0.0	0.0	0.0	-1.0	0.0
20:27:24	37.0	229.4	220.0	220.9	210.4	234.8	196.4	187.4	194.0	200.8	191.7	190.7	196.7	0.7	0.2	0.1	0.2	40.6	0.1	0.7	0.1	234.8	187.4	4.8	3.9	206.1	211.1	263.1	263.1	262.3	274.4	100.9	37.0	1.7	0.0	265.7	250.1	40.0	73.5	7.7	44.3	0.0	46.9	.Autoclave.Outputs.PRESSIP\OutputValue	0.8	47.4	28.3	-1.0	0.0	-1.0	-1.0	-1.0	0.0	0.0	0.0	-1.0	-1.0	0.0	0.0	0.0	-1.0	0.0
20:28:24	38.0	233.8	225.3	225.9	214.7	239.0	200.8	191.7	198.1	205.3	195.9	195.0	201.1	0.7	0.2	0.2	0.2	40.9	0.1	0.7	0.2	239.0	191.7	5.7	4.4	210.6	215.4	267.8	267.9	267.1	279.0	100.8	38.0	2.7	0.0	270.4	254.6	40.0	74.4	8.0	40.0	0.0	48.7	.Autoclave.Outputs.PRESSIP\OutputValue	-0.7	47.3	28.8	-1.0	0.0	-1.0	-1.0	-1.0	0.0	0.0	0.0	-1.0	-1.0	0.0	0.0	0.0	-1.0	0.0
20:29:23	39.0	238.3	230.6	230.8	219.2	243.0	205.1	195.7	202.6	209.6	200.1	199.1	205.4	0.8	0.2	0.2	0.2	40.5	0.1	0.8	0.2	243.0	195.7	5.2	4.0	215.0	219.4	272.6	272.7	272.0	284.0	100.7	39.0	3.7	0.0	275.0	259.1	40.0	71.7	8.2	43.4	0.0	43.5	.Autoclave.Outputs.PRESSIP\OutputValue	-1.7	47.3	29.6	-1.0	0.0	-1.0	-1.0	-1.0	0.0	0.0	0.0	-1.0	-1.0	0.0	0.0	0.0	-1.0	0.0
20:30:24	40.0	242.8	235.4	236.2	223.8	247.5	209.6	200.2	207.4	214.2	204.7	203.5	209.8	0.8	0.3	0.2	-0.5	40.8	0.1	0.8	-0.5	247.5	200.2	5.1	4.3	219.6	223.9	277.3	277.3	276.7	288.7	100.8	40.0	4.7	0.0	279.6	263.7	40.0	70.8	8.5	39.3	0.0	41.6	.Autoclave.Outputs.PRESSIP\OutputValue	-2.9	47.3	29.8	-1.0	0.0	-1.0	-1.0	-1.0	0.0	0.0	0.0	-1.0	-1.0	0.0	0.0	0.0	-1.0	0.0
20:31:24	41.0	246.8	240.4	240.5	227.9	251.8	213.9	204.2	211.6	218.7	208.9	207.6	214.4	0.8	0.2	0.1	-0.4	39.9	0.1	0.8	-0.4	251.8	204.2	5.9	3.9	223.9	228.0	281.8	281.8	281.1	294.6	100.7	41.0	5.7	0.0	284.6	268.1	40.0	75.6	8.7	46.8	0.0	51.2	.Autoclave.Outputs.PRESSIP\OutputValue	-3.9	47.6	30.0	-1.0	0.0	-1.0	-1.0	-1.0	0.0	0.0	0.0	-1.0	-1.0	0.0	0.0	0.0	-1.0	0.0
20:32:24	42.1	251.4	245.3	245.7	232.8	256.1	218.3	208.6	216.4	223.3	213.5	212.1	219.0	0.8	0.3	0.2	0.2	40.2	0.1	0.8	0.2	256.1	208.6	5.3	4.5	228.5	232.4	286.8	286.8	286.1	297.5	100.8	42.0	6.7	0.0	287.9	272.0	40.0	63.9	9.0	44.2	0.0	27.8	.Autoclave.Outputs.PRESSIP\OutputValue	-4.1	47.5	30.7	-1.0	0.0	-1.0	-1.0	-1.0	0.0	0.0	0.0	-1.0	-1.0	0.0	0.0	0.0	-1.0	0.0
20:33:24	43.0	254.1	248.6	249.1	235.5	258.3	222.5	212.4	220.2	227.4	217.3	215.7	223.2	0.8	0.2	0.1	0.2	40.0	0.1	0.8	0.1	258.3	212.4	4.4	2.3	232.0	235.4	285.3	285.3	284.6	291.7	100.7	43.0	7.7	0.0	285.7	272.0	40.0	59.2	9.0	45.8	0.0	18.5	.Autoclave.Outputs.PRESSIP\OutputValue	-4.1	45.9	27.0	-1.0	0.0	-1.0	-1.0	-1.0	0.0	0.0	0.0	-1.0	-1.0	0.0	0.0	0.0	-1.0	0.0
20:34:23	44.0	255.8	250.7	252.1	237.7	260.0	226.1	216.3	223.9	231.2	220.7	219.1	227.0	0.8	0.2	0.1	0.2	40.0	0.1	0.8	0.1	260.0	216.3	3.8	1.3	235.0	238.2	283.7	283.7	283.0	289.6	100.7	44.0	8.7	0.0	283.9	272.0	40.0	57.3	9.0	46.5	0.0	14.5	.Autoclave.Outputs.PRESSIP\OutputValue	-4.0	43.7	23.7	-1.0	0.0	-1.0	-1.0	-1.0	0.0	0.0	0.0	-1.0	-1.0	0.0	0.0	0.0	-1.0	0.0
20:35:24	45.1	257.5	252.9	253.7	239.8	261.4	229.2	219.6	227.3	234.6	224.0	222.4	230.5	0.9	0.2	0.2	0.7	39.9	0.1	0.9	0.2	261.4	219.6	3.6	1.2	237.7	240.5	282.8	282.8	282.2	288.4	100.7	45.0	9.7	0.0	282.8	272.0	40.0	55.9	9.0	46.8	0.0	11.9	.Autoclave.Outputs.PRESSIP\OutputValue	-3.9	41.8	21.4	-1.0	0.0	-1.0	-1.0	-1.0	0.0	0.0	0.0	-1.0	-1.0	0.0	0.0	0.0	-1.0	0.0
20:36:24	46.1	259.1	254.4	255.8	241.2	262.3	232.1	223.0	230.3	237.6	227.2	225.4	233.5	0.8	0.2	0.1	0.2	39.9	0.1	0.8	0.1	262.3	223.0	3.3	1.1	240.2	242.7	281.8	281.8	281.2	287.6	100.7	46.0	10.7	0.0	281.7	272.0	40.0	56.6	9.0	46.9	0.0	13.2	.Autoclave.Outputs.PRESSIP\OutputValue	-3.7	39.3	19.5	-1.0	0.0	-1.0	-1.0	-1.0	0.0	0.0	0.0	-1.0	-1.0	0.0	0.0	0.0	-1.0	0.0
20:37:23	47.0	260.1	255.7	256.9	242.2	263.2	234.7	225.8	233.4	240.5	229.8	227.9	236.5	0.8	0.2	0.2	0.1	39.9	0.1	0.8	0.1	263.2	225.8	3.1	1.0	242.2	244.5	280.9	280.9	280.2	286.4	100.7	47.0	11.7	0.0	280.8	272.0	40.0	55.9	9.0	47.3	0.0	11.8	.Autoclave.Outputs.PRESSIP\OutputValue	-3.6	37.4	17.7	-1.0	0.0	-1.0	-1.0	-1.0	0.0	0.0	0.0	-1.0	-1.0	0.0	0.0	0.0	-1.0	0.0
20:38:23	48.0	261.2	257.0	258.0	243.9	264.0	236.8	228.7	236.0	243.2	232.3	230.3	239.1	0.9	0.2	0.1	0.2	39.9	0.1	0.9	0.1	264.0	228.7	3.1	1.0	244.2	246.4	280.1	280.1	279.4	285.4	100.7	48.0	12.7	0.0	279.9	272.0	40.0	55.2	9.0	47.7	0.0	10.4	.Autoclave.Outputs.PRESSIP\OutputValue	-3.3	35.3	16.1	-1.0	0.0	-1.0	-1.0	-1.0	0.0	0.0	0.0	-1.0	-1.0	0.0	0.0	0.0	-1.0	0.0
20:39:23	49.0	262.3	258.3	259.3	245.2	264.8	239.0	231.4	238.6	245.7	234.8	232.8	241.6	0.9	0.2	0.1	-0.5	39.9	0.1	0.9	-0.5	264.8	231.4	2.7	0.6	246.1	248.1	279.6	279.6	278.8	284.8	100.8	49.0	13.7	0.0	279.3	272.0	40.0	54.5	8.9	48.1	0.0	9.1	.Autoclave.Outputs.PRESSIP\OutputValue	-3.1	33.4	14.8	-1.0	0.0	-1.0	-1.0	-1.0	0.0	0.0	0.0	-1.0	-1.0	0.0	0.0	0.0	-1.0	0.0
20:40:23	50.0	263.0	259.1	260.2	246.1	265.3	241.1	234.1	241.0	248.0	237.1	235.0	243.6	0.8	0.2	0.1	0.2	39.9	0.1	0.8	0.1	265.3	234.1	2.7	0.7	247.8	249.7	278.9	278.9	278.2	284.0	100.7	50.0	14.7	0.0	278.5	272.0	40.0	53.8	8.9	48.6	0.0	7.7	.Autoclave.Outputs.PRESSIP\OutputValue	-2.8	31.2	13.6	-1.0	0.0	-1.0	-1.0	-1.0	0.0	0.0	0.0	-1.0	-1.0	0.0	0.0	0.0	-1.0	0.0
20:41:23	51.0	263.7	259.9	261.2	247.0	265.8	242.9	236.6	243.4	250.1	239.3	237.1	245.7	0.8	0.2	0.1	0.2	39.9	0.1	0.8	0.1	265.8	236.6	2.6	0.4	249.4	251.2	278.4	278.4	277.7	283.6	100.9	51.0	15.7	0.0	278.0	272.0	40.0	53.8	8.9	48.9	0.0	7.6	.Autoclave.Outputs.PRESSIP\OutputValue	-2.5	29.2	12.6	-1.0	0.0	-1.0	-1.0	-1.0	0.0	0.0	0.0	-1.0	-1.0	0.0	0.0	0.0	-1.0	0.0
20:42:24	52.1	264.3	260.8	261.5	248.0	266.5	244.6	238.9	245.3	252.0	241.4	239.3	247.6	0.8	0.2	0.1	0.0	39.8	0.1	0.8	0.0	266.5	238.9	2.2	0.3	250.8	252.7	278.0	277.9	277.4	283.0	100.7	52.0	16.7	0.0	277.8	272.0	40.0	55.1	8.8	49.2	0.0	10.2	.Autoclave.Outputs.PRESSIP\OutputValue	-2.3	27.6	11.5	-1.0	0.0	-1.0	-1.0	-1.0	0.0	0.0	0.0	-1.0	-1.0	0.0	0.0	0.0	-1.0	0.0
20:43:23	53.0	264.8	261.8	263.1	248.9	266.7	246.3	241.1	247.4	253.8	243.2	241.1	249.3	0.8	0.2	0.1	0.2	39.8	0.1	0.8	0.1	266.7	241.1	2.3	0.5	252.3	253.9	277.7	277.7	276.9	282.4	100.9	53.0	17.7	0.0	277.2	272.0	40.0	53.7	8.8	49.9	0.0	7.5	.Autoclave.Outputs.PRESSIP\OutputValue	-1.9	25.6	11.0	-1.0	0.0	-1.0	-1.0	-1.0	0.0	0.0	0.0	-1.0	-1.0	0.0	0.0	0.0	-1.0	0.0
20:44:23	54.0	265.6	262.7	264.0	249.5	267.0	247.6	243.2	249.2	255.4	245.1	243.1	251.0	0.8	0.2	0.1	0.2	39.8	0.1	0.8	0.1	267.0	243.1	2.1	0.2	253.6	255.1	277.2	277.2	276.5	282.3	100.9	54.0	18.7	0.0	276.7	272.0	40.0	55.7	8.8	50.0	0.0	11.4	.Autoclave.Outputs.PRESSIP\OutputValue	-1.6	23.9	10.2	-1.0	0.0	-1.0	-1.0	-1.0	0.0	0.0	0.0	-1.0	-1.0	0.0	0.0	0.0	-1.0	0.0
20:45:24	55.1	265.8	262.9	263.7	250.7	267.5	249.1	245.1	250.9	256.8	246.6	244.6	252.4	0.8	0.2	0.1	0.2	39.8	0.1	0.8	0.1	267.5	244.6	2.1	0.2	254.7	256.1	276.8	276.8	276.2	282.1	100.9	55.0	19.7	0.0	276.4	272.0	40.0	53.0	8.7	50.4	0.0	6.0	.Autoclave.Outputs.PRESSIP\OutputValue	-1.2	22.9	9.3	-1.0	0.0	-1.0	-1.0	-1.0	0.0	0.0	0.0	-1.0	-1.0	0.0	0.0	0.0	-1.0	0.0
20:46:24	56.0	266.3	263.1	264.0	251.3	267.7	250.4	247.0	252.5	258.1	248.4	246.1	253.7	0.8	0.2	0.1	0.2	39.8	0.1	0.8	0.1	267.7	246.1	1.7	-0.6	255.7	256.9	276.5	276.5	275.8	281.2	100.9	56.0	20.7	0.0	276.0	272.0	40.0	54.3	8.7	51.2	0.0	8.5	.Autoclave.Outputs.PRESSIP\OutputValue	-0.8	21.6	8.8	-1.0	0.0	-1.0	-1.0	-1.0	0.0	0.0	0.0	-1.0	-1.0	0.0	0.0	0.0	-1.0	0.0
20:47:24	57.0	266.8	263.7	265.2	251.5	268.1	251.5	248.4	254.1	259.7	249.8	247.9	254.7	0.8	0.2	0.1	-0.4	39.8	0.1	0.8	-0.4	268.1	247.9	1.8	0.2	256.8	258.0	276.2	276.1	275.5	281.4	100.8	57.0	21.7	0.0	275.8	272.0	40.0	54.2	8.6	51.4	0.0	8.5	.Autoclave.Outputs.PRESSIP\OutputValue	-0.4	20.2	8.1	-1.0	0.0	-1.0	-1.0	-1.0	0.0	0.0	0.0	-1.0	-1.0	0.0	0.0	0.0	-1.0	0.0
20:48:23	58.0	267.0	264.4	265.9	252.3	268.4	252.7	250.2	255.4	260.5	251.4	249.2	256.2	0.8	0.2	0.1	0.1	39.8	0.1	0.8	0.1	268.4	249.2	1.6	0.3	257.8	258.8	276.0	276.0	275.3	280.9	100.9	58.0	22.7	0.0	275.7	272.0	40.0	54.2	8.6	52.2	0.0	8.4	.Autoclave.Outputs.PRESSIP\OutputValue	0.0	19.2	7.6	-1.0	0.0	-1.0	-1.0	-1.0	0.0	0.0	0.0	-1.0	-1.0	0.0	0.0	0.0	-1.0	0.0
20:49:24	59.0	267.1	264.7	265.7	252.9	268.9	253.5	251.9	256.8	261.6	252.8	250.8	257.4	0.8	0.2	0.1	0.2	39.8	0.1	0.8	0.1	268.9	250.8	1.7	0.0	258.7	259.9	275.7	275.7	275.0	280.6	100.9	59.0	23.7	0.0	275.2	272.0	40.0	52.8	8.6	52.4	0.0	5.6	.Autoclave.Outputs.PRESSIP\OutputValue	0.4	18.1	6.8	-1.0	0.0	-1.0	-1.0	-1.0	0.0	0.0	0.0	-1.0	-1.0	0.0	0.0	0.0	-1.0	0.0
20:50:24	60.0	267.4	265.2	266.7	253.5	268.8	254.5	253.4	258.1	262.7	254.2	252.2	258.5	0.8	0.2	0.1	0.2	39.8	0.1	0.8	0.1	268.8	252.2	1.5	0.3	259.6	260.5	275.5	275.4	274.8	280.0	100.9	60.0	24.7	0.0	275.1	272.0	40.0	52.8	8.5	53.0	0.0	5.5	.Autoclave.Outputs.PRESSIP\OutputValue	0.8	16.6	6.7	-1.0	0.0	-1.0	-1.0	-1.0	0.0	0.0	0.0	-1.0	-1.0	0.0	0.0	0.0	-1.0	0.0
20:51:23	61.0	267.8	265.4	266.4	254.2	269.0	255.4	254.8	259.3	263.6	255.3	253.4	259.4	0.8	0.2	0.1	0.0	39.8	0.1	0.8	0.0	269.0	253.4	1.4	0.1	260.3	261.2	275.3	275.3	274.6	280.0	100.8	61.0	25.7	0.0	274.9	272.0	40.0	53.4	8.5	53.4	0.0	6.8	.Autoclave.Outputs.PRESSIP\OutputValue	1.2	15.6	6.3	-1.0	0.0	-1.0	-1.0	-1.0	0.0	0.0	0.0	-1.0	-1.0	0.0	0.0	0.0	-1.0	0.0
20:52:24	62.1	267.9	265.9	267.0	254.8	269.4	256.3	256.1	260.3	264.4	256.6	254.7	260.4	0.8	0.2	0.1	0.2	39.8	0.1	0.8	0.1	269.4	254.7	1.3	-0.6	261.2	262.1	275.1	275.1	274.4	279.9	100.9	62.0	26.7	0.0	274.7	272.0	40.0	53.3	8.4	53.4	0.0	6.7	.Autoclave.Outputs.PRESSIP\OutputValue	1.6	14.7	5.7	-1.0	0.0	-1.0	-1.0	-1.0	0.0	0.0	0.0	-1.0	-1.0	0.0	0.0	0.0	-1.0	0.0
20:53:23	63.0	268.2	266.1	267.1	255.0	269.5	257.1	257.3	261.2	265.2	257.8	255.8	261.2	0.8	0.2	0.1	0.2	39.8	0.1	0.8	0.1	269.5	255.0	1.2	0.3	261.8	262.2	274.9	274.9	274.3	279.6	100.8	63.0	27.7	0.0	274.6	272.0	40.0	54.0	8.4	54.2	0.0	7.9	.Autoclave.Outputs.PRESSIP\OutputValue	2.0	14.6	5.4	-1.0	0.0	-1.0	-1.0	-1.0	0.0	0.0	0.0	-1.0	-1.0	0.0	0.0	0.0	-1.0	0.0
20:54:23	64.0	268.4	266.5	267.8	255.7	269.4	257.8	258.4	262.2	265.9	258.8	257.0	262.0	0.8	0.2	0.1	0.2	39.8	0.1	0.8	0.1	269.4	255.7	1.3	0.1	262.5	262.5	274.8	274.8	274.1	279.7	100.7	64.0	28.7	0.0	274.6	272.0	40.0	53.9	8.3	54.4	0.0	7.9	.Autoclave.Outputs.PRESSIP\OutputValue	2.5	13.8	5.4	-1.0	0.0	-1.0	-1.0	-1.0	0.0	0.0	0.0	-1.0	-1.0	0.0	0.0	0.0	-1.0	0.0
20:55:24	65.1	269.3	266.6	268.2	256.0	269.6	258.7	259.4	263.0	266.4	259.6	258.0	262.7	0.8	0.2	0.1	0.2	39.8	0.1	0.8	0.1	269.6	256.0	1.1	-0.8	263.1	262.8	274.8	274.7	273.9	279.5	100.7	65.0	29.7	0.0	274.3	272.0	40.0	51.9	8.3	55.1	0.0	3.8	.Autoclave.Outputs.PRESSIP\OutputValue	2.9	13.7	5.2	-1.0	0.0	-1.0	-1.0	-1.0	0.0	0.0	0.0	-1.0	-1.0	0.0	0.0	0.0	-1.0	0.0
20:56:24	66.0	268.7	267.0	267.9	256.8	269.9	259.2	260.3	263.7	267.0	260.6	259.1	263.5	0.8	0.2	0.1	0.2	39.8	0.1	0.8	0.1	269.9	256.8	1.0	0.0	263.6	263.3	274.4	274.5	273.7	279.0	100.7	66.0	30.7	0.0	274.3	272.0	40.0	53.2	8.2	55.5	0.0	6.3	.Autoclave.Outputs.PRESSIP\OutputValue	3.3	13.2	4.5	-1.0	0.0	-1.0	-1.0	-1.0	0.0	0.0	0.0	-1.0	-1.0	0.0	0.0	0.0	-1.0	0.0
20:57:23	67.0	269.0	267.1	268.9	256.8	270.1	259.8	261.2	264.4	267.6	261.5	260.0	264.2	0.8	0.1	0.1	0.2	39.8	0.1	0.8	0.1	270.1	256.8	1.0	-0.2	264.2	263.4	274.4	274.4	273.8	279.1	100.6	67.0	31.7	0.0	274.0	272.0	40.0	51.8	8.2	55.7	0.0	3.6	.Autoclave.Outputs.PRESSIP\OutputValue	3.7	13.4	4.3	-1.0	0.0	-1.0	-1.0	-1.0	0.0	0.0	0.0	-1.0	-1.0	0.0	0.0	0.0	-1.0	0.0
20:58:24	68.1	268.8	267.6	269.5	257.4	270.0	260.5	262.1	265.1	268.0	262.2	260.9	264.8	0.8	0.2	0.1	0.2	39.8	0.1	0.8	0.1	270.0	257.4	1.0	0.0	264.7	263.7	274.2	274.2	273.5	279.1	100.7	68.0	32.7	0.0	273.8	272.0	40.0	53.1	8.2	56.3	0.0	6.2	.Autoclave.Outputs.PRESSIP\OutputValue	4.1	12.7	4.2	-1.0	0.0	-1.0	-1.0	-1.0	0.0	0.0	0.0	-1.0	-1.0	0.0	0.0	0.0	-1.0	0.0
20:59:24	69.0	269.2	267.7	268.9	257.8	270.2	261.0	262.8	265.7	268.4	263.0	261.7	265.4	0.8	0.2	0.1	0.1	39.8	0.1	0.8	0.1	270.2	257.8	0.9	-0.1	265.2	264.0	274.1	274.1	273.5	278.8	100.8	69.0	33.7	0.0	273.7	272.0	40.0	54.4	8.1	56.5	0.0	8.8	.Autoclave.Outputs.PRESSIP\OutputValue	4.5	12.5	3.9	-1.0	0.0	-1.0	-1.0	-1.0	0.0	0.0	0.0	-1.0	-1.0	0.0	0.0	0.0	-1.0	0.0
21:00:24	70.0	269.3	267.9	268.7	258.1	270.2	261.4	263.5	266.4	268.7	263.8	262.4	265.9	0.9	0.2	0.1	0.2	39.8	0.1	0.9	0.1	270.2	258.1	0.8	-0.5	265.5	264.1	274.1	274.1	273.4	278.8	100.8	70.0	34.7	0.0	273.8	272.0	40.0	53.7	8.1	57.1	0.0	7.3	.Autoclave.Outputs.PRESSIP\OutputValue	5.0	12.2	3.9	-1.0	0.0	-1.0	-1.0	-1.0	0.0	0.0	0.0	-1.0	-1.0	0.0	0.0	0.0	-1.0	0.0
21:01:24	71.1	269.4	267.9	268.2	258.2	270.1	261.9	264.0	266.7	269.0	264.4	263.1	266.3	0.9	0.2	0.1	0.2	39.7	0.1	0.9	0.1	270.1	258.2	0.7	-0.1	265.8	264.1	273.2	273.2	272.5	277.5	100.6	71.0	35.7	0.0	273.8	272.0	40.0	59.6	8.0	58.0	0.0	19.3	.Autoclave.Outputs.PRESSIP\OutputValue	5.4	12.0	3.1	-1.0	0.0	-1.0	-1.0	-1.0	0.0	0.0	0.0	-1.0	-1.0	0.0	0.0	0.0	-1.0	0.0
21:02:23	72.0	269.7	268.4	269.2	258.6	270.3	262.3	264.7	267.1	269.4	265.1	263.8	267.0	0.9	0.1	0.1	0.2	39.8	0.1	0.9	0.1	270.3	258.6	0.7	-0.1	266.3	264.4	273.9	273.9	273.3	278.5	100.8	72.0	36.7	0.0	273.8	272.0	40.0	55.0	8.0	57.8	0.0	9.9	.Autoclave.Outputs.PRESSIP\OutputValue	5.8	11.8	3.6	-1.0	0.0	-1.0	-1.0	-1.0	0.0	0.0	0.0	-1.0	-1.0	0.0	0.0	0.0	-1.0	0.0
21:03:23	73.0	269.8	268.6	269.8	259.0	270.5	262.6	265.2	267.6	269.7	265.6	264.4	267.3	0.9	0.2	0.1	0.2	39.8	0.1	0.9	0.1	270.5	259.0	0.7	0.1	266.7	264.7	273.9	273.9	273.1	278.7	100.7	73.0	37.7	0.0	273.5	272.0	40.0	52.9	8.0	58.3	0.0	5.8	.Autoclave.Outputs.PRESSIP\OutputValue	6.3	11.6	3.4	-1.0	0.0	-1.0	-1.0	-1.0	0.0	0.0	0.0	-1.0	-1.0	0.0	0.0	0.0	-1.0	0.0
21:04:23	74.0	269.6	268.4	269.4	259.5	270.6	263.1	265.7	268.0	269.9	266.2	264.9	267.8	0.9	0.2	0.1	0.2	39.8	0.1	0.9	0.1	270.6	259.5	0.6	-0.1	266.9	265.0	273.8	273.8	273.1	278.4	100.7	74.0	38.7	0.0	273.4	272.0	40.0	52.9	8.0	58.7	0.0	5.8	.Autoclave.Outputs.PRESSIP\OutputValue	6.7	11.2	3.2	-1.0	0.0	-1.0	-1.0	-1.0	0.0	0.0	0.0	-1.0	-1.0	0.0	0.0	0.0	-1.0	0.0
21:05:23	75.0	269.9	268.6	270.2	259.6	270.7	263.0	266.3	268.5	270.3	266.7	265.5	268.2	0.9	0.1	0.1	0.2	39.8	0.1	0.9	0.1	270.7	259.6	0.6	0.0	267.3	265.1	273.7	273.7	273.0	278.5	100.6	75.0	39.7	0.0	273.4	272.0	40.0	54.2	7.9	59.5	0.0	8.4	.Autoclave.Outputs.PRESSIP\OutputValue	7.1	11.2	3.0	-1.0	0.0	-1.0	-1.0	-1.0	0.0	0.0	0.0	-1.0	-1.0	0.0	0.0	0.0	-1.0	0.0
21:06:24	76.0	270.1	268.8	270.0	260.0	270.8	263.7	266.7	268.5	270.4	267.2	266.0	268.4	0.9	0.1	0.1	0.2	39.8	0.1	0.9	0.1	270.8	260.0	0.5	-0.3	267.6	265.4	273.6	273.7	272.9	278.4	100.6	76.0	40.7	0.0	273.3	272.0	40.0	53.5	7.9	59.7	0.0	7.0	.Autoclave.Outputs.PRESSIP\OutputValue	7.5	10.9	2.8	-1.0	0.0	-1.0	-1.0	-1.0	0.0	0.0	0.0	-1.0	-1.0	0.0	0.0	0.0	-1.0	0.0
21:06:35	76.2	270.1	268.8	269.6	260.3	270.7	263.9	266.7	268.7	270.3	267.1	266.0	268.5	0.9	0.2	0.1	0.2	39.8	0.1	0.9	0.1	270.7	260.3	0.7	-0.3	267.6	265.5	273.6	273.6	272.9	278.5	100.6	76.2	40.9	0.0	273.3	272.0	40.0	54.1	7.9	59.4	0.0	8.3	.Autoclave.Outputs.PRESSIP\OutputValue	7.6	10.5	2.9	-1.0	0.0	-1.0	-1.0	-1.0	0.0	0.0	0.0	-1.0	-1.0	0.0	0.0	0.0	-1.0	0.0
21:07:24	77.1	270.2	268.7	269.9	260.4	270.8	264.1	267.1	269.0	270.5	267.5	266.4	268.8	0.9	0.2	0.1	0.2	39.8	0.1	0.9	0.1	270.8	260.4	0.6	0.0	267.8	265.6	273.6	273.5	272.9	278.3	100.7	77.0	0.8	70.2	273.2	272.0	40.0	52.8	7.9	60.1	0.0	5.6	.Autoclave.Outputs.PRESSIP\OutputValue	7.9	10.5	2.8	-1.0	0.0	-1.0	-1.0	-1.0	0.0	0.0	0.0	-1.0	-1.0	0.0	0.0	0.0	-1.0	0.0
21:08:24	78.1	270.3	269.0	270.2	260.6	270.7	264.4	267.6	269.2	270.7	267.9	266.8	269.2	0.9	0.2	0.1	0.2	39.8	0.1	0.9	0.1	270.7	260.6	0.6	-0.3	268.1	265.6	273.5	273.5	272.8	278.4	100.7	78.0	1.8	69.2	273.2	272.0	40.0	53.4	7.8	60.0	0.0	6.8	.Autoclave.Outputs.PRESSIP\OutputValue	8.0	10.2	2.8	-1.0	0.0	-1.0	-1.0	-1.0	0.0	0.0	0.0	-1.0	-1.0	0.0	0.0	0.0	-1.0	0.0
21:09:24	79.0	270.4	269.3	270.3	260.8	270.7	264.7	267.9	269.6	270.9	268.3	267.3	269.5	0.9	0.2	0.1	0.2	39.8	0.1	0.9	0.1	270.9	260.8	0.4	-0.4	268.3	265.8	273.3	273.3	272.7	278.1	100.7	79.0	2.8	68.2	273.1	272.0	40.0	54.0	7.8	60.0	0.0	8.0	.Autoclave.Outputs.PRESSIP\OutputValue	8.0	10.2	2.4	-1.0	0.0	-1.0	-1.0	-1.0	0.0	0.0	0.0	-1.0	-1.0	0.0	0.0	0.0	-1.0	0.0
21:10:24	80.1	270.1	269.1	270.2	260.9	270.8	264.9	268.1	269.8	271.1	268.6	267.6	269.7	0.9	0.2	0.1	0.1	39.8	0.1	0.9	0.1	271.1	260.9	0.6	-0.4	268.4	266.0	273.2	273.2	272.4	278.1	100.7	80.0	3.8	67.2	273.0	272.0	40.0	54.0	7.7	60.0	0.0	7.9	.Autoclave.Outputs.PRESSIP\OutputValue	8.0	10.3	2.1	-1.0	0.0	-1.0	-1.0	-1.0	0.0	0.0	0.0	-1.0	-1.0	0.0	0.0	0.0	-1.0	0.0
21:11:23	81.0	270.1	269.2	270.0	261.0	270.6	265.1	268.5	270.0	271.2	269.0	268.0	270.0	0.9	0.2	0.1	0.1	39.8	0.1	0.9	0.1	271.2	261.0	0.4	-0.3	268.6	266.1	273.0	273.1	272.4	277.9	100.7	81.0	4.8	66.2	272.8	272.0	40.0	54.6	7.7	60.4	0.0	9.2	.Autoclave.Outputs.PRESSIP\OutputValue	8.0	10.3	1.8	-1.0	0.0	-1.0	-1.0	-1.0	0.0	0.0	0.0	-1.0	-1.0	0.0	0.0	0.0	-1.0	0.0
21:12:24	82.0	270.4	269.3	270.2	261.1	270.7	265.3	268.8	270.1	271.3	269.3	268.3	270.2	0.9	0.2	0.1	0.2	39.8	0.1	0.9	0.1	271.3	261.1	0.4	-0.2	268.8	266.2	273.0	273.0	272.3	277.9	100.6	82.0	5.8	65.2	272.8	272.0	40.0	53.9	7.7	60.2	0.0	7.8	.Autoclave.Outputs.PRESSIP\OutputValue	8.0	10.3	1.7	-1.0	0.0	-1.0	-1.0	-1.0	0.0	0.0	0.0	-1.0	-1.0	0.0	0.0	0.0	-1.0	0.0
21:13:24	83.0	270.5	269.4	270.2	261.4	270.6	265.5	268.9	270.3	271.5	269.4	268.7	270.4	0.9	0.2	0.1	0.1	39.8	0.1	0.9	0.1	271.5	261.4	0.5	-0.1	268.9	266.4	272.9	272.9	272.2	277.5	100.7	83.0	6.8	64.2	272.7	272.0	40.0	54.5	7.6	60.2	0.0	9.0	.Autoclave.Outputs.PRESSIP\OutputValue	8.0	10.2	1.4	-1.0	0.0	-1.0	-1.0	-1.0	0.0	0.0	0.0	-1.0	-1.0	0.0	0.0	0.0	-1.0	0.0
21:14:24	84.1	270.6	269.3	269.5	261.7	270.8	265.7	269.3	270.5	271.5	269.8	269.0	270.6	0.9	0.2	0.1	0.1	39.8	0.1	0.9	0.1	271.5	261.7	0.3	-0.1	269.0	266.6	272.8	272.9	272.2	277.5	100.7	84.0	7.8	63.2	272.5	272.0	40.0	53.1	7.6	60.2	0.0	6.3	.Autoclave.Outputs.PRESSIP\OutputValue	8.0	9.9	1.3	-1.0	0.0	-1.0	-1.0	-1.0	0.0	0.0	0.0	-1.0	-1.0	0.0	0.0	0.0	-1.0	0.0
21:15:24	85.0	270.3	269.6	270.6	261.9	270.6	265.7	269.5	270.7	271.5	270.0	269.2	270.8	1.0	0.2	0.1	0.2	39.8	0.1	1.0	0.1	271.5	261.9	0.3	-0.2	269.2	266.7	272.7	272.8	272.0	277.4	100.7	85.0	8.8	62.2	272.5	272.0	40.0	53.1	7.5	60.2	0.0	6.2	.Autoclave.Outputs.PRESSIP\OutputValue	8.0	9.7	1.2	-1.0	0.0	-1.0	-1.0	-1.0	0.0	0.0	0.0	-1.0	-1.0	0.0	0.0	0.0	-1.0	0.0
21:16:24	86.0	270.4	269.4	270.8	261.9	270.8	266.1	269.9	271.0	271.8	270.4	269.6	271.2	1.0	0.2	0.1	0.2	39.7	0.1	1.0	0.1	271.8	261.9	0.4	-0.1	269.4	266.8	272.7	272.7	272.0	277.0	100.6	86.0	9.8	61.2	272.2	272.0	40.0	51.1	7.5	60.6	0.0	2.1	.Autoclave.Outputs.PRESSIP\OutputValue	8.0	10.0	0.9	-1.0	0.0	-1.0	-1.0	-1.0	0.0	0.0	0.0	-1.0	-1.0	0.0	0.0	0.0	-1.0	0.0
21:17:23	87.0	270.3	269.5	271.0	262.3	270.4	266.4	270.1	271.2	271.8	270.5	269.8	271.2	1.0	0.2	0.1	0.1	39.8	0.1	1.0	0.1	271.8	262.3	0.3	-0.2	269.5	267.0	272.3	272.3	271.7	277.2	100.6	87.0	10.8	60.2	272.1	272.0	40.0	53.7	7.5	60.4	0.0	7.4	.Autoclave.Outputs.PRESSIP\OutputValue	8.0	9.6	0.5	-1.0	0.0	-1.0	-1.0	-1.0	0.0	0.0	0.0	-1.0	-1.0	0.0	0.0	0.0	-1.0	0.0
21:18:23	88.0	270.4	269.5	270.4	262.3	270.6	266.6	270.3	271.2	271.9	270.8	270.1	271.4	1.0	0.2	0.1	0.1	39.7	0.1	1.0	0.1	271.9	262.3	0.6	-0.3	269.6	267.1	272.3	272.4	271.7	277.0	100.7	88.0	11.8	59.2	272.1	272.0	40.0	53.0	7.4	60.4	0.0	6.0	.Autoclave.Outputs.PRESSIP\OutputValue	8.0	9.7	0.4	-1.0	0.0	-1.0	-1.0	-1.0	0.0	0.0	0.0	-1.0	-1.0	0.0	0.0	0.0	-1.0	0.0
21:19:23	89.0	270.4	269.6	270.7	262.4	270.6	266.4	270.4	271.4	272.0	271.0	270.2	271.5	1.0	0.2	0.1	0.2	39.7	0.1	1.0	0.1	272.0	262.4	0.2	-0.8	269.7	267.2	272.3	272.3	271.6	277.0	100.6	89.0	12.8	58.2	271.9	272.0	40.0	53.0	7.4	60.6	0.0	5.9	.Autoclave.Outputs.PRESSIP\OutputValue	8.0	9.7	0.3	-1.0	0.0	-1.0	-1.0	-1.0	0.0	0.0	0.0	-1.0	-1.0	0.0	0.0	0.0	-1.0	0.0
21:20:24	90.1	270.4	269.9	270.3	262.7	270.6	266.6	270.5	271.7	272.1	271.3	270.6	271.7	1.0	0.2	0.1	0.1	39.8	0.1	1.0	0.1	272.1	262.7	0.4	0.0	269.9	267.4	272.3	272.3	271.6	277.2	100.5	90.0	13.8	57.2	272.2	272.0	40.0	54.2	7.4	60.4	0.0	8.5	.Autoclave.Outputs.PRESSIP\OutputValue	8.0	9.5	0.2	-1.0	0.0	-1.0	-1.0	-1.0	0.0	0.0	0.0	-1.0	-1.0	0.0	0.0	0.0	-1.0	0.0
21:21:24	91.1	270.5	269.7	270.5	262.9	270.6	266.8	270.7	271.6	272.1	271.3	270.6	271.8	1.0	0.2	0.1	0.1	39.8	0.1	1.0	0.1	272.1	262.9	0.5	-0.6	269.9	267.5	272.2	272.2	271.5	276.8	100.7	91.0	14.8	56.2	272.0	272.0	40.0	52.9	7.3	60.6	0.0	5.8	.Autoclave.Outputs.PRESSIP\OutputValue	8.0	9.3	0.1	-1.0	0.0	-1.0	-1.0	-1.0	0.0	0.0	0.0	-1.0	-1.0	0.0	0.0	0.0	-1.0	0.0
21:22:24	92.0	270.4	269.8	270.2	262.9	270.4	266.8	270.8	271.5	271.9	271.3	270.6	271.7	1.0	0.2	0.1	0.2	39.8	0.1	1.0	0.1	271.9	262.9	0.2	-0.3	269.9	267.4	272.3	272.3	271.6	277.0	100.7	92.0	15.8	55.2	272.0	272.0	40.0	53.5	7.3	60.4	0.0	7.0	.Autoclave.Outputs.PRESSIP\OutputValue	8.0	9.1	0.4	-1.0	0.0	-1.0	-1.0	-1.0	0.0	0.0	0.0	-1.0	-1.0	0.0	0.0	0.0	-1.0	0.0
21:23:24	93.1	270.4	269.6	270.4	263.2	270.4	267.1	270.8	271.5	272.0	271.4	270.8	271.7	1.0	0.2	0.1	0.1	39.8	0.1	1.0	0.1	272.0	263.2	0.3	-0.2	269.9	267.6	272.3	272.3	271.6	277.0	100.7	93.0	16.8	54.2	272.1	272.0	40.0	52.8	7.2	60.4	0.0	5.6	.Autoclave.Outputs.PRESSIP\OutputValue	8.0	8.9	0.3	-1.0	0.0	-1.0	-1.0	-1.0	0.0	0.0	0.0	-1.0	-1.0	0.0	0.0	0.0	-1.0	0.0
21:24:24	94.1	270.6	269.6	270.6	263.3	270.6	267.3	271.0	271.7	272.0	271.6	270.9	271.8	1.0	0.2	0.1	0.2	39.8	0.1	1.0	0.1	272.0	263.3	0.2	-0.2	270.1	267.6	272.3	272.3	271.5	276.9	100.6	94.0	17.8	53.2	272.1	272.0	40.0	52.8	7.2	60.6	0.0	5.6	.Autoclave.Outputs.PRESSIP\OutputValue	8.0	8.8	0.3	-1.0	0.0	-1.0	-1.0	-1.0	0.0	0.0	0.0	-1.0	-1.0	0.0	0.0	0.0	-1.0	0.0
21:25:24	95.0	270.4	270.0	270.7	263.2	270.5	267.3	271.1	271.7	272.1	271.6	271.1	272.0	1.0	0.2	0.1	0.2	39.8	0.1	1.0	0.1	272.1	263.2	0.2	-0.2	270.1	267.6	272.3	272.3	271.5	277.2	100.6	95.0	18.8	52.2	271.9	272.0	40.0	52.7	7.2	60.4	0.0	5.5	.Autoclave.Outputs.PRESSIP\OutputValue	8.0	9.0	0.2	-1.0	0.0	-1.0	-1.0	-1.0	0.0	0.0	0.0	-1.0	-1.0	0.0	0.0	0.0	-1.0	0.0
21:26:24	96.0	270.5	269.9	270.9	263.6	270.6	267.5	271.2	271.8	272.1	271.7	271.2	272.1	1.0	0.2	0.1	0.2	39.8	0.1	1.0	0.1	272.1	263.6	0.8	-0.1	270.3	267.8	272.2	272.2	271.4	276.8	100.5	96.0	19.8	51.2	272.0	272.0	40.0	53.4	7.1	60.4	0.0	6.7	.Autoclave.Outputs.PRESSIP\OutputValue	8.0	8.6	0.1	-1.0	0.0	-1.0	-1.0	-1.0	0.0	0.0	0.0	-1.0	-1.0	0.0	0.0	0.0	-1.0	0.0
21:27:24	97.1	270.6	269.8	271.1	263.5	270.6	267.5	271.3	271.8	272.1	271.9	271.4	272.1	1.0	0.2	0.1	0.2	39.7	0.1	1.0	0.1	272.1	263.5	0.3	-0.3	270.3	267.8	272.2	272.2	271.4	276.6	100.6	97.0	20.8	50.2	271.9	272.0	40.0	52.7	7.1	60.8	0.0	5.3	.Autoclave.Outputs.PRESSIP\OutputValue	8.0	8.7	0.1	-1.0	0.0	-1.0	-1.0	-1.0	0.0	0.0	0.0	-1.0	-1.0	0.0	0.0	0.0	-1.0	0.0
21:28:24	98.0	270.8	269.8	270.5	263.8	270.6	267.7	271.4	271.9	272.1	272.0	271.4	272.2	1.0	0.2	0.1	0.2	39.7	0.1	1.0	0.1	272.2	263.8	0.2	-0.1	270.4	268.0	272.2	272.2	271.4	276.6	100.7	98.0	21.8	49.2	271.9	272.0	40.0	52.2	7.1	60.6	0.0	4.4	.Autoclave.Outputs.PRESSIP\OutputValue	8.0	8.4	0.0	-1.0	0.0	-1.0	-1.0	-1.0	0.0	0.0	0.0	-1.0	-1.0	0.0	0.0	0.0	-1.0	0.0
21:29:23	99.0	270.8	270.0	270.7	263.9	270.5	267.8	271.3	271.9	272.0	272.0	271.6	272.3	1.0	0.2	0.1	0.2	39.8	0.1	1.0	0.1	272.3	263.9	0.1	-0.1	270.4	268.1	272.2	272.2	271.4	276.7	100.6	99.0	22.8	48.2	271.7	272.0	40.0	52.2	7.0	60.4	0.0	4.3	.Autoclave.Outputs.PRESSIP\OutputValue	8.0	8.4	-0.1	-1.0	0.0	-1.0	-1.0	-1.0	0.0	0.0	0.0	-1.0	-1.0	0.0	0.0	0.0	-1.0	0.0
21:30:24	100.1	270.6	269.9	270.5	264.0	270.5	267.8	271.4	271.9	272.0	272.2	271.6	272.3	1.0	0.2	0.1	0.2	39.7	0.1	1.0	0.1	272.3	264.0	0.2	-0.4	270.4	268.1	272.1	272.1	271.4	276.5	100.6	100.0	23.8	47.2	271.7	272.0	40.0	52.8	7.0	60.6	0.0	5.6	.Autoclave.Outputs.PRESSIP\OutputValue	8.0	8.3	-0.2	-1.0	0.0	-1.0	-1.0	-1.0	0.0	0.0	0.0	-1.0	-1.0	0.0	0.0	0.0	-1.0	0.0
21:31:23	101.0	270.6	270.1	270.7	264.1	270.7	267.9	271.5	271.9	272.0	272.3	271.8	272.4	1.0	0.2	0.1	0.2	39.8	0.1	1.0	0.1	272.4	264.1	0.3	-0.1	270.5	268.2	272.1	272.1	271.2	276.5	100.5	101.0	24.8	46.2	271.7	272.0	40.0	52.8	7.0	60.4	0.0	5.5	.Autoclave.Outputs.PRESSIP\OutputValue	8.0	8.3	-0.3	-1.0	0.0	-1.0	-1.0	-1.0	0.0	0.0	0.0	-1.0	-1.0	0.0	0.0	0.0	-1.0	0.0
21:32:24	102.0	270.6	269.9	270.8	264.1	270.5	267.8	271.8	272.2	272.0	272.5	272.0	272.4	1.0	0.2	0.1	0.2	39.8	0.1	1.0	0.1	272.5	264.1	0.2	-0.5	270.6	268.3	271.8	271.8	271.0	276.2	100.6	102.0	25.8	45.2	271.4	272.0	40.0	52.7	6.9	60.8	0.0	5.5	.Autoclave.Outputs.PRESSIP\OutputValue	8.0	8.4	-0.7	-1.0	0.0	-1.0	-1.0	-1.0	0.0	0.0	0.0	-1.0	-1.0	0.0	0.0	0.0	-1.0	0.0
21:33:23	103.0	270.6	270.0	270.5	264.3	270.3	268.0	271.8	272.2	272.2	272.5	272.1	272.6	1.0	0.2	0.1	0.2	39.7	0.1	1.0	0.1	272.6	264.3	0.3	-0.2	270.6	268.4	271.6	271.7	271.0	276.1	100.5	103.0	26.8	44.2	271.4	272.0	40.0	53.4	6.9	60.6	0.0	6.7	.Autoclave.Outputs.PRESSIP\OutputValue	8.0	8.3	-1.0	-1.0	0.0	-1.0	-1.0	-1.0	0.0	0.0	0.0	-1.0	-1.0	0.0	0.0	0.0	-1.0	0.0
21:34:24	104.0	270.6	270.4	270.5	264.3	270.3	268.0	271.8	272.2	272.3	272.5	272.1	272.6	1.0	0.2	0.1	0.1	39.7	0.1	1.0	0.1	272.6	264.3	0.2	-0.3	270.6	268.4	271.7	271.7	271.0	276.2	100.5	104.0	27.8	43.2	271.4	272.0	40.0	52.7	6.9	60.8	0.0	5.3	.Autoclave.Outputs.PRESSIP\OutputValue	8.0	8.3	-0.9	-1.0	0.0	-1.0	-1.0	-1.0	0.0	0.0	0.0	-1.0	-1.0	0.0	0.0	0.0	-1.0	0.0
21:35:24	105.0	270.6	270.0	270.5	264.5	270.3	268.1	271.8	272.2	272.3	272.6	272.2	272.6	1.0	0.2	0.1	0.2	39.7	0.1	1.0	0.1	272.6	264.5	0.5	-0.2	270.6	268.5	271.6	271.7	270.9	276.1	100.6	105.0	28.8	42.2	271.3	272.0	40.0	53.3	6.8	60.6	0.0	6.6	.Autoclave.Outputs.PRESSIP\OutputValue	8.0	8.1	-1.0	-1.0	0.0	-1.0	-1.0	-1.0	0.0	0.0	0.0	-1.0	-1.0	0.0	0.0	0.0	-1.0	0.0
21:36:24	106.1	270.3	270.0	270.5	264.4	270.3	268.1	271.9	272.2	272.2	272.7	272.2	272.6	1.0	0.2	0.1	0.2	39.7	0.1	1.0	0.1	272.7	264.4	0.2	-0.1	270.6	268.5	271.7	271.6	270.9	276.1	100.6	106.0	29.8	41.2	271.4	272.0	40.0	52.6	6.8	60.8	0.0	5.2	.Autoclave.Outputs.PRESSIP\OutputValue	8.0	8.3	-1.0	-1.0	0.0	-1.0	-1.0	-1.0	0.0	0.0	0.0	-1.0	-1.0	0.0	0.0	0.0	-1.0	0.0
21:37:24	107.1	270.6	270.2	271.4	264.4	270.2	268.3	271.8	272.1	272.0	272.5	272.1	272.5	1.0	0.2	0.1	0.2	39.7	0.1	1.0	0.1	272.5	264.4	0.2	-0.6	270.7	268.4	271.6	271.6	270.9	276.5	100.6	107.0	30.8	40.2	271.4	272.0	40.0	53.9	6.8	60.6	0.0	7.8	.Autoclave.Outputs.PRESSIP\OutputValue	8.0	8.1	-0.9	-1.0	0.0	-1.0	-1.0	-1.0	0.0	0.0	0.0	-1.0	-1.0	0.0	0.0	0.0	-1.0	0.0
21:38:24	108.0	270.5	270.3	270.7	264.7	270.3	268.2	271.9	272.1	272.0	272.6	272.2	272.6	1.0	0.2	0.1	0.1	39.7	0.1	1.0	0.1	272.6	264.7	0.4	-0.1	270.7	268.6	271.7	271.7	271.0	276.0	100.5	108.0	31.8	39.2	271.4	272.0	40.0	52.5	6.7	60.6	0.0	5.1	.Autoclave.Outputs.PRESSIP\OutputValue	8.0	7.9	-0.9	-1.0	0.0	-1.0	-1.0	-1.0	0.0	0.0	0.0	-1.0	-1.0	0.0	0.0	0.0	-1.0	0.0
21:39:24	109.1	270.7	270.1	270.4	264.8	270.1	268.4	271.9	272.0	271.9	272.6	272.4	272.6	1.0	0.2	0.1	0.2	39.8	0.1	1.0	0.1	272.6	264.8	0.5	-0.1	270.7	268.7	271.6	271.7	270.9	276.3	100.6	109.0	32.8	38.2	271.4	272.0	40.0	52.5	6.7	60.6	0.0	5.0	.Autoclave.Outputs.PRESSIP\OutputValue	8.0	7.8	-1.0	-1.0	0.0	-1.0	-1.0	-1.0	0.0	0.0	0.0	-1.0	-1.0	0.0	0.0	0.0	-1.0	0.0
21:40:24	110.1	270.6	270.1	270.1	264.9	270.3	268.4	271.9	272.1	271.9	272.6	272.4	272.5	1.0	0.2	0.1	0.2	39.7	0.1	1.0	0.1	272.6	264.9	0.2	-0.9	270.7	268.7	271.5	271.5	270.8	276.1	100.4	110.0	33.8	37.2	271.3	272.0	40.0	52.5	6.7	60.8	0.0	4.9	.Autoclave.Outputs.PRESSIP\OutputValue	8.0	7.7	-1.1	-1.0	0.0	-1.0	-1.0	-1.0	0.0	0.0	0.0	-1.0	-1.0	0.0	0.0	0.0	-1.0	0.0
21:41:23	111.0	270.7	270.3	270.4	265.0	270.2	268.3	271.9	272.1	272.0	272.7	272.3	272.7	1.0	0.2	0.1	0.1	39.7	0.1	1.0	0.1	272.7	265.0	0.3	-0.4	270.7	268.8	271.7	271.7	270.9	276.1	100.5	111.0	34.8	36.2	271.3	272.0	40.0	51.1	6.6	60.8	0.0	2.2	.Autoclave.Outputs.PRESSIP\OutputValue	8.0	7.7	-1.0	-1.0	0.0	-1.0	-1.0	-1.0	0.0	0.0	0.0	-1.0	-1.0	0.0	0.0	0.0	-1.0	0.0
21:42:24	112.0	270.6	270.1	270.7	265.0	270.2	268.4	271.9	272.1	271.9	272.7	272.4	272.6	1.0	0.2	0.1	0.1	39.7	0.1	1.0	0.1	272.7	265.0	0.2	-0.3	270.7	268.8	271.6	271.6	270.9	276.3	100.5	112.0	35.8	35.2	271.3	272.0	40.0	52.4	6.6	60.8	0.0	4.8	.Autoclave.Outputs.PRESSIP\OutputValue	8.0	7.7	-1.1	-1.0	0.0	-1.0	-1.0	-1.0	0.0	0.0	0.0	-1.0	-1.0	0.0	0.0	0.0	-1.0	0.0
21:43:24	113.1	270.5	269.9	270.9	265.2	270.2	268.9	272.0	272.1	271.9	272.8	272.4	272.6	1.0	0.1	0.1	0.2	39.7	0.1	1.0	0.1	272.8	265.2	0.1	-0.1	270.8	269.0	271.6	271.6	270.8	276.0	100.6	113.0	36.8	34.2	271.3	272.0	40.0	51.7	6.6	60.6	0.0	3.4	.Autoclave.Outputs.PRESSIP\OutputValue	8.0	7.6	-1.2	-1.0	0.0	-1.0	-1.0	-1.0	0.0	0.0	0.0	-1.0	-1.0	0.0	0.0	0.0	-1.0	0.0
21:44:23	114.0	270.7	270.1	271.0	265.3	270.1	268.5	272.0	272.1	272.0	272.7	272.5	272.7	1.0	0.2	0.1	0.2	39.7	0.1	1.0	0.1	272.7	265.3	0.3	-0.1	270.8	269.0	271.5	271.4	270.7	276.0	100.6	114.0	37.8	33.2	271.2	272.0	40.0	51.7	6.6	60.6	0.0	3.4	.Autoclave.Outputs.PRESSIP\OutputValue	8.0	7.4	-1.2	-1.0	0.0	-1.0	-1.0	-1.0	0.0	0.0	0.0	-1.0	-1.0	0.0	0.0	0.0	-1.0	0.0
21:45:24	115.0	270.7	270.1	270.7	265.3	270.3	268.6	272.0	272.1	271.9	272.9	272.5	272.6	1.1	0.2	0.1	0.2	39.7	0.1	1.1	0.1	272.9	265.3	0.5	-0.2	270.8	269.1	271.5	271.5	270.8	276.0	100.6	115.0	38.8	32.2	271.2	272.0	40.0	52.3	6.5	60.8	0.0	4.6	.Autoclave.Outputs.PRESSIP\OutputValue	8.0	7.6	-1.4	-1.0	0.0	-1.0	-1.0	-1.0	0.0	0.0	0.0	-1.0	-1.0	0.0	0.0	0.0	-1.0	0.0
21:46:23	116.0	270.4	270.3	270.4	265.5	270.0	268.6	271.9	272.1	271.9	272.9	272.5	272.7	1.1	0.2	0.1	0.1	39.7	0.1	1.1	0.1	272.9	265.5	0.1	-0.4	270.8	269.2	271.5	271.5	270.8	276.0	100.6	116.0	39.8	31.2	271.2	272.0	40.0	51.6	6.5	60.8	0.0	3.2	.Autoclave.Outputs.PRESSIP\OutputValue	8.0	7.4	-1.4	-1.0	0.0	-1.0	-1.0	-1.0	0.0	0.0	0.0	-1.0	-1.0	0.0	0.0	0.0	-1.0	0.0
21:47:24	117.0	270.8	270.3	270.8	265.4	270.0	268.7	271.9	272.1	271.9	272.8	272.6	272.7	1.0	0.2	0.1	0.2	39.7	0.1	1.0	0.1	272.8	265.4	0.4	-0.1	270.8	269.1	271.4	271.5	270.7	275.8	100.5	117.0	40.8	30.2	271.1	272.0	40.0	52.3	6.5	60.9	0.0	4.5	.Autoclave.Outputs.PRESSIP\OutputValue	8.0	7.4	-1.4	-1.0	0.0	-1.0	-1.0	-1.0	0.0	0.0	0.0	-1.0	-1.0	0.0	0.0	0.0	-1.0	0.0
21:48:23	118.0	270.7	270.3	270.9	265.6	270.2	268.7	271.9	272.0	271.8	272.8	272.5	272.7	1.0	0.2	0.1	0.2	39.7	0.1	1.0	0.1	272.8	265.6	0.3	-0.3	270.8	269.2	271.5	271.5	270.7	276.0	100.5	118.0	41.8	29.2	271.2	272.0	40.0	52.2	6.4	60.6	0.0	4.5	.Autoclave.Outputs.PRESSIP\OutputValue	8.0	7.2	-1.3	-1.0	0.0	-1.0	-1.0	-1.0	0.0	0.0	0.0	-1.0	-1.0	0.0	0.0	0.0	-1.0	0.0
21:49:24	119.1	270.9	270.3	270.5	265.6	270.2	268.7	271.9	272.1	271.8	272.8	272.5	272.7	1.1	0.2	0.1	0.2	39.7	0.1	1.1	0.1	272.8	265.6	0.3	-0.5	270.8	269.2	271.4	271.4	270.7	276.0	100.4	119.0	42.8	28.2	271.2	272.0	40.0	52.9	6.4	60.8	0.0	5.7	.Autoclave.Outputs.PRESSIP\OutputValue	8.0	7.2	-1.4	-1.0	0.0	-1.0	-1.0	-1.0	0.0	0.0	0.0	-1.0	-1.0	0.0	0.0	0.0	-1.0	0.0
21:50:23	120.0	270.8	270.3	270.2	265.8	270.2	268.7	271.9	272.1	271.8	272.8	272.5	272.6	1.1	0.2	0.1	0.2	39.7	0.1	1.1	0.1	272.8	265.8	0.2	-0.2	270.8	269.3	271.5	271.5	270.7	276.0	100.6	120.0	43.8	27.2	271.1	272.0	40.0	52.2	6.4	60.8	0.0	4.4	.Autoclave.Outputs.PRESSIP\OutputValue	8.0	7.0	-1.3	-1.0	0.0	-1.0	-1.0	-1.0	0.0	0.0	0.0	-1.0	-1.0	0.0	0.0	0.0	-1.0	0.0
21:51:23	121.0	270.8	270.2	270.9	265.8	270.3	268.8	271.9	272.0	271.7	272.8	272.5	272.6	1.1	0.2	0.1	0.2	39.7	0.1	1.1	0.1	272.8	265.8	0.2	-0.2	270.9	269.3	271.4	271.4	270.7	275.8	100.5	121.0	44.8	26.2	271.1	272.0	40.0	52.1	6.4	60.8	0.0	4.3	.Autoclave.Outputs.PRESSIP\OutputValue	8.0	7.0	-1.4	-1.0	0.0	-1.0	-1.0	-1.0	0.0	0.0	0.0	-1.0	-1.0	0.0	0.0	0.0	-1.0	0.0
21:52:23	122.0	270.8	270.2	270.7	265.8	270.2	268.7	271.9	272.1	271.9	272.9	272.5	272.7	1.1	0.2	0.1	0.2	39.7	0.1	1.1	0.1	272.9	265.8	0.2	-0.4	270.9	269.3	271.5	271.5	270.7	276.0	100.5	122.0	45.8	25.2	271.2	272.0	40.0	52.1	6.3	60.8	0.0	4.2	.Autoclave.Outputs.PRESSIP\OutputValue	8.0	7.1	-1.4	-1.0	0.0	-1.0	-1.0	-1.0	0.0	0.0	0.0	-1.0	-1.0	0.0	0.0	0.0	-1.0	0.0
21:53:24	123.1	270.8	270.4	271.0	265.9	270.1	268.8	272.0	272.2	271.9	273.0	272.7	272.9	1.1	0.2	0.1	0.4	39.7	0.1	1.1	0.1	273.0	265.9	0.3	-0.2	271.0	269.4	271.3	271.3	270.6	275.5	100.5	123.0	46.8	24.2	271.0	272.0	40.0	52.1	6.3	60.9	0.0	4.2	.Autoclave.Outputs.PRESSIP\OutputValue	8.0	7.1	-1.7	-1.0	0.0	-1.0	-1.0	-1.0	0.0	0.0	0.0	-1.0	-1.0	0.0	0.0	0.0	-1.0	0.0
21:54:24	124.0	270.6	270.5	270.9	266.0	270.0	268.9	272.0	272.2	271.8	273.0	272.7	272.8	1.1	0.2	0.1	0.2	39.7	0.1	1.1	0.1	273.0	266.0	0.2	-0.4	271.0	269.5	271.2	271.2	270.6	275.7	100.4	124.0	47.8	23.2	271.0	272.0	40.0	52.1	6.3	60.8	0.0	4.1	.Autoclave.Outputs.PRESSIP\OutputValue	8.0	7.0	-1.8	-1.0	0.0	-1.0	-1.0	-1.0	0.0	0.0	0.0	-1.0	-1.0	0.0	0.0	0.0	-1.0	0.0
21:55:23	125.0	270.6	270.3	271.0	265.9	270.0	269.0	272.0	272.1	271.8	273.1	272.7	272.8	1.1	0.2	0.1	0.2	39.7	0.1	1.1	0.1	273.1	265.9	0.4	-0.3	270.9	269.5	271.2	271.3	270.4	275.6	100.6	125.0	48.8	22.2	271.0	272.0	40.0	52.7	6.2	60.9	0.0	5.4	.Autoclave.Outputs.PRESSIP\OutputValue	8.0	7.2	-1.9	-1.0	0.0	-1.0	-1.0	-1.0	0.0	0.0	0.0	-1.0	-1.0	0.0	0.0	0.0	-1.0	0.0
21:56:23	126.0	270.6	270.3	270.2	266.2	270.2	269.1	272.1	272.1	271.9	273.1	272.8	272.8	1.1	0.2	0.1	0.1	39.7	0.1	1.1	0.1	273.1	266.2	0.2	-0.4	271.0	269.6	271.2	271.3	270.4	275.8	100.6	126.0	49.8	21.2	271.0	272.0	40.0	52.0	6.2	60.8	0.0	4.0	.Autoclave.Outputs.PRESSIP\OutputValue	8.0	6.9	-1.9	-1.0	0.0	-1.0	-1.0	-1.0	0.0	0.0	0.0	-1.0	-1.0	0.0	0.0	0.0	-1.0	0.0
21:57:24	127.0	270.6	270.6	271.0	266.2	270.4	269.2	272.0	272.1	271.9	273.0	272.7	272.8	1.1	0.2	0.1	0.1	39.7	0.1	1.1	0.1	273.0	266.2	0.4	-0.1	271.0	269.6	271.3	271.3	270.5	275.6	100.4	127.0	50.8	20.2	271.0	272.0	40.0	52.0	6.2	60.8	0.0	4.0	.Autoclave.Outputs.PRESSIP\OutputValue	8.0	6.8	-1.7	-1.0	0.0	-1.0	-1.0	-1.0	0.0	0.0	0.0	-1.0	-1.0	0.0	0.0	0.0	-1.0	0.0
21:58:23	128.0	270.7	270.1	270.3	266.1	269.8	269.4	272.0	272.0	271.8	273.1	272.7	272.7	1.1	0.2	0.1	0.2	39.7	0.1	1.1	0.1	273.1	266.1	0.1	-0.4	270.9	269.6	271.2	271.2	270.4	275.8	100.4	128.0	51.8	19.2	271.0	272.0	40.0	52.6	6.2	60.9	0.0	5.2	.Autoclave.Outputs.PRESSIP\OutputValue	8.0	7.0	-1.9	-1.0	0.0	-1.0	-1.0	-1.0	0.0	0.0	0.0	-1.0	-1.0	0.0	0.0	0.0	-1.0	0.0
21:59:24	129.1	270.7	270.4	270.5	266.2	270.0	269.0	272.0	272.1	271.8	273.0	272.8	272.8	1.1	0.2	0.1	0.1	39.7	0.1	1.1	0.1	273.0	266.2	0.1	-0.3	270.9	269.6	271.3	271.3	270.5	275.8	100.4	129.0	52.8	18.2	270.9	272.0	40.0	51.3	6.1	60.9	0.0	2.5	.Autoclave.Outputs.PRESSIP\OutputValue	8.0	6.8	-1.7	-1.0	0.0	-1.0	-1.0	-1.0	0.0	0.0	0.0	-1.0	-1.0	0.0	0.0	0.0	-1.0	0.0
22:00:24	130.0	270.8	270.4	270.7	266.0	269.9	268.9	272.0	272.0	271.7	273.0	272.8	272.7	1.1	0.2	0.1	0.2	39.7	0.1	1.1	0.1	273.0	266.0	0.1	-0.8	270.9	269.5	271.2	271.2	270.5	275.5	100.4	130.0	53.8	17.2	271.1	272.0	40.0	51.9	6.1	61.1	0.0	3.8	.Autoclave.Outputs.PRESSIP\OutputValue	8.0	7.0	-1.8	-1.0	0.0	-1.0	-1.0	-1.0	0.0	0.0	0.0	-1.0	-1.0	0.0	0.0	0.0	-1.0	0.0
22:01:24	131.0	270.6	270.1	270.0	266.2	270.0	269.0	272.0	272.0	271.7	273.0	272.8	272.7	1.1	0.2	0.1	0.2	39.7	0.1	1.1	0.1	273.0	266.2	0.7	-0.2	270.8	269.6	271.2	271.2	270.5	275.8	100.4	131.0	54.8	16.2	271.0	272.0	40.0	51.9	6.1	60.9	0.0	3.8	.Autoclave.Outputs.PRESSIP\OutputValue	8.0	6.8	-1.8	-1.0	0.0	-1.0	-1.0	-1.0	0.0	0.0	0.0	-1.0	-1.0	0.0	0.0	0.0	-1.0	0.0
22:02:23	132.0	270.6	270.6	270.4	266.4	269.8	269.0	271.9	272.1	271.7	273.0	272.8	272.8	1.1	0.2	0.1	0.2	39.7	0.1	1.1	0.1	273.0	266.4	0.1	-0.4	270.9	269.7	271.2	271.2	270.6	275.7	100.4	132.0	55.8	15.2	271.0	272.0	40.0	52.5	6.1	60.8	0.0	5.1	.Autoclave.Outputs.PRESSIP\OutputValue	8.0	6.6	-1.8	-1.0	0.0	-1.0	-1.0	-1.0	0.0	0.0	0.0	-1.0	-1.0	0.0	0.0	0.0	-1.0	0.0
22:03:24	133.0	270.7	270.4	270.3	266.5	269.8	269.1	272.0	272.0	271.7	273.0	272.8	272.7	1.1	0.2	0.1	0.2	39.7	0.1	1.1	0.1	273.0	266.5	0.4	-0.4	270.9	269.7	271.2	271.3	270.5	275.5	100.4	133.0	56.8	14.2	271.1	272.0	40.0	52.5	6.0	60.9	0.0	5.0	.Autoclave.Outputs.PRESSIP\OutputValue	8.0	6.5	-1.8	-1.0	0.0	-1.0	-1.0	-1.0	0.0	0.0	0.0	-1.0	-1.0	0.0	0.0	0.0	-1.0	0.0
22:04:24	134.0	270.3	270.3	270.7	266.2	270.1	269.0	272.0	272.1	271.7	273.0	272.8	273.0	1.1	0.2	0.1	0.2	39.7	0.1	1.1	0.1	273.0	266.2	0.2	-0.4	270.9	269.6	271.1	271.1	270.4	275.5	100.5	134.0	57.8	13.2	270.9	272.0	40.0	52.5	6.0	60.9	0.0	5.0	.Autoclave.Outputs.PRESSIP\OutputValue	8.0	6.8	-1.9	-1.0	0.0	-1.0	-1.0	-1.0	0.0	0.0	0.0	-1.0	-1.0	0.0	0.0	0.0	-1.0	0.0
22:05:24	135.1	270.6	270.3	270.9	266.5	269.9	269.2	272.0	272.1	271.7	273.1	272.8	272.7	1.1	0.2	0.1	0.2	39.7	0.1	1.1	0.1	273.1	266.5	0.2	-0.1	271.0	269.8	271.1	271.1	270.4	275.6	100.3	135.0	58.8	12.2	270.9	272.0	40.0	53.1	6.0	60.8	0.0	6.2	.Autoclave.Outputs.PRESSIP\OutputValue	8.0	6.6	-2.0	-1.0	0.0	-1.0	-1.0	-1.0	0.0	0.0	0.0	-1.0	-1.0	0.0	0.0	0.0	-1.0	0.0
22:06:24	136.1	270.6	270.3	270.6	266.5	269.8	269.1	271.9	272.0	271.7	273.1	272.8	272.8	1.1	0.2	0.1	0.2	39.7	0.1	1.1	0.1	273.1	266.5	0.1	-0.3	270.9	269.8	271.1	271.1	270.4	275.6	100.5	136.0	59.8	11.2	271.0	272.0	40.0	52.4	6.0	60.9	0.0	4.9	.Autoclave.Outputs.PRESSIP\OutputValue	8.0	6.6	-2.0	-1.0	0.0	-1.0	-1.0	-1.0	0.0	0.0	0.0	-1.0	-1.0	0.0	0.0	0.0	-1.0	0.0
22:07:24	137.0	270.6	270.3	270.6	266.7	269.9	269.2	272.0	272.1	271.7	273.1	272.8	272.8	1.1	0.2	0.1	0.2	39.7	0.1	1.1	0.1	273.1	266.7	0.5	-0.1	271.0	269.9	271.1	271.1	270.4	275.7	100.4	137.0	60.8	10.2	270.9	272.0	40.0	53.1	5.9	60.9	0.0	6.1	.Autoclave.Outputs.PRESSIP\OutputValue	8.0	6.4	-2.0	-1.0	0.0	-1.0	-1.0	-1.0	0.0	0.0	0.0	-1.0	-1.0	0.0	0.0	0.0	-1.0	0.0
22:08:24	138.1	270.4	270.2	270.7	266.7	269.9	269.2	272.0	272.0	271.7	273.1	272.8	272.7	1.1	0.2	0.1	0.2	39.7	0.1	1.1	0.1	273.1	266.7	0.1	-0.4	271.0	269.9	271.1	271.1	270.4	275.6	100.4	138.0	61.8	9.2	270.9	272.0	40.0	52.4	5.9	60.9	0.0	4.8	.Autoclave.Outputs.PRESSIP\OutputValue	8.0	6.4	-2.0	-1.0	0.0	-1.0	-1.0	-1.0	0.0	0.0	0.0	-1.0	-1.0	0.0	0.0	0.0	-1.0	0.0
22:09:23	139.0	270.2	270.2	271.0	266.7	269.9	269.5	272.0	272.0	271.7	273.1	272.8	272.7	1.1	0.2	0.1	0.1	39.7	0.1	1.1	0.1	273.1	266.7	0.2	-0.1	271.0	269.9	271.1	271.1	270.4	275.6	100.2	139.0	62.8	8.2	270.9	272.0	40.0	53.0	5.9	60.8	0.0	6.1	.Autoclave.Outputs.PRESSIP\OutputValue	8.0	6.4	-2.0	-1.0	0.0	-1.0	-1.0	-1.0	0.0	0.0	0.0	-1.0	-1.0	0.0	0.0	0.0	-1.0	0.0
22:10:24	140.0	270.6	270.2	271.5	266.9	270.2	269.4	272.0	271.9	271.6	273.1	272.8	272.7	1.1	0.2	0.1	0.2	39.7	0.1	1.1	0.1	273.1	266.9	0.3	-0.3	271.1	270.0	271.1	271.1	270.4	275.6	100.2	140.0	63.8	7.2	270.9	272.0	40.0	52.3	5.9	60.8	0.0	4.7	.Autoclave.Outputs.PRESSIP\OutputValue	8.0	6.2	-2.0	-1.0	0.0	-1.0	-1.0	-1.0	0.0	0.0	0.0	-1.0	-1.0	0.0	0.0	0.0	-1.0	0.0
22:11:24	141.0	270.9	270.2	271.5	266.7	269.9	269.3	272.0	271.9	271.6	273.1	272.8	272.7	1.1	0.2	0.1	0.2	39.7	0.1	1.1	0.1	273.1	266.7	0.2	-0.4	271.1	269.9	271.1	271.1	270.5	275.6	100.4	141.0	64.8	6.2	270.9	272.0	40.0	52.3	5.9	60.9	0.0	4.6	.Autoclave.Outputs.PRESSIP\OutputValue	8.0	6.4	-2.0	-1.0	0.0	-1.0	-1.0	-1.0	0.0	0.0	0.0	-1.0	-1.0	0.0	0.0	0.0	-1.0	0.0
22:12:24	142.1	270.5	270.2	270.5	266.9	269.9	269.3	272.0	272.0	271.6	273.0	272.9	272.7	1.1	0.2	0.1	0.2	39.7	0.1	1.1	0.1	273.0	266.9	0.3	-0.6	271.0	269.9	271.1	271.1	270.4	275.6	100.4	142.0	65.8	5.2	270.9	272.0	40.0	53.0	5.8	60.9	0.0	5.9	.Autoclave.Outputs.PRESSIP\OutputValue	8.0	6.1	-1.9	-1.0	0.0	-1.0	-1.0	-1.0	0.0	0.0	0.0	-1.0	-1.0	0.0	0.0	0.0	-1.0	0.0
22:13:24	143.0	270.9	270.1	270.5	266.9	269.8	269.3	272.0	272.0	271.7	273.1	272.8	272.7	1.1	0.2	0.1	0.1	39.7	0.1	1.1	0.1	273.1	266.9	0.3	-0.3	271.0	270.0	271.1	271.1	270.4	275.6	100.4	143.0	66.8	4.2	271.0	272.0	40.0	52.9	5.8	60.9	0.0	5.9	.Autoclave.Outputs.PRESSIP\OutputValue	8.0	6.2	-2.0	-1.0	0.0	-1.0	-1.0	-1.0	0.0	0.0	0.0	-1.0	-1.0	0.0	0.0	0.0	-1.0	0.0
22:14:23	144.0	270.8	270.4	271.0	267.1	270.1	269.3	271.8	271.8	271.5	272.9	272.7	272.6	1.1	0.2	0.1	0.1	39.7	0.1	1.1	0.1	272.9	267.1	0.5	-0.3	271.0	270.0	271.2	271.3	270.5	276.0	100.4	144.0	67.8	3.2	271.1	272.0	40.0	52.9	5.8	60.6	0.0	5.9	.Autoclave.Outputs.PRESSIP\OutputValue	8.0	5.8	-1.7	-1.0	0.0	-1.0	-1.0	-1.0	0.0	0.0	0.0	-1.0	-1.0	0.0	0.0	0.0	-1.0	0.0
22:15:23	145.0	270.6	270.3	271.1	267.1	270.0	269.2	271.8	271.8	271.4	272.8	272.7	272.6	1.1	0.2	0.1	0.2	39.7	0.1	1.1	0.1	272.8	267.1	0.1	-0.6	271.0	269.9	271.2	271.2	270.5	275.8	100.4	145.0	68.8	2.2	271.1	272.0	40.0	52.2	5.8	60.6	0.0	4.5	.Autoclave.Outputs.PRESSIP\OutputValue	8.0	5.7	-1.6	-1.0	0.0	-1.0	-1.0	-1.0	0.0	0.0	0.0	-1.0	-1.0	0.0	0.0	0.0	-1.0	0.0
22:16:24	146.0	270.7	270.6	270.7	267.1	270.0	269.4	271.8	271.8	271.5	272.9	272.7	272.6	1.1	0.2	0.1	0.1	39.7	0.1	1.1	0.1	272.9	267.1	0.3	-0.3	271.0	270.0	271.3	271.2	270.5	275.8	100.4	146.0	69.8	1.2	271.1	272.0	40.0	52.2	5.8	60.8	0.0	4.4	.Autoclave.Outputs.PRESSIP\OutputValue	8.0	5.8	-1.6	-1.0	0.0	-1.0	-1.0	-1.0	0.0	0.0	0.0	-1.0	-1.0	0.0	0.0	0.0	-1.0	0.0
22:17:24	147.0	270.7	270.4	270.7	267.2	270.1	269.4	271.7	271.8	271.5	272.9	272.7	272.6	1.1	0.2	0.1	0.2	39.7	0.1	1.1	0.1	272.9	267.2	0.2	-0.1	271.0	270.0	271.3	271.2	270.5	275.7	100.4	147.0	70.8	0.2	271.0	272.0	40.0	52.2	5.7	60.8	0.0	4.4	.Autoclave.Outputs.PRESSIP\OutputValue	8.0	5.7	-1.6	-1.0	0.0	-1.0	-1.0	-1.0	0.0	0.0	0.0	-1.0	-1.0	0.0	0.0	0.0	-1.0	0.0
22:17:35	147.2	270.6	270.4	270.8	267.2	270.0	269.4	271.8	271.8	271.5	273.0	272.7	272.6	1.1	0.2	0.1	0.1	39.7	0.1	1.1	0.1	273.0	267.2	0.1	-0.3	271.0	270.1	271.3	271.3	270.5	275.6	100.4	147.2	71.0	0.0	271.1	272.0	40.0	52.2	5.7	60.8	0.0	4.4	.Autoclave.Outputs.PRESSIP\OutputValue	8.0	5.8	-1.7	-1.0	0.0	-1.0	-1.0	-1.0	0.0	0.0	0.0	-1.0	-1.0	0.0	0.0	0.0	-1.0	0.0
22:18:24	148.1	269.6	269.3	270.4	265.7	268.2	269.5	271.5	271.5	271.3	272.4	272.0	272.4	1.1	0.1	0.1	0.1	39.8	0.1	1.1	0.1	272.4	265.7	0.1	-1.1	270.3	269.0	264.8	264.8	264.2	255.9	100.4	148.0	0.8	0.0	268.3	268.3	40.0	75.9	5.7	59.8	0.0	51.8	.Autoclave.Outputs.PRESSIP\OutputValue	8.0	6.7	-7.6	-1.0	0.0	-1.0	-1.0	-1.0	0.0	0.0	0.0	-1.0	-1.0	0.0	0.0	0.0	-1.0	0.0
22:19:24	149.0	267.7	267.7	268.3	264.9	266.7	268.7	270.9	270.9	270.6	271.7	271.6	272.0	1.2	0.2	0.1	0.1	40.2	0.1	1.2	0.1	272.0	264.9	-0.4	-2.6	269.3	268.4	263.8	263.8	262.9	266.2	100.4	149.0	1.8	0.0	263.8	263.8	40.0	54.2	6.0	56.1	0.0	8.3	.Autoclave.Outputs.PRESSIP\OutputValue	7.7	7.1	-8.2	-1.0	0.0	-1.0	-1.0	-1.0	0.0	0.0	0.0	-1.0	-1.0	0.0	0.0	0.0	-1.0	0.0
22:20:24	150.0	265.3	264.7	265.6	262.3	263.2	267.9	270.0	269.7	269.5	270.3	270.2	271.0	1.2	0.1	0.1	0.1	39.6	0.1	1.2	0.1	271.0	262.3	-0.6	-2.9	267.5	266.6	256.0	256.0	255.2	253.5	100.3	150.0	2.8	0.0	259.3	259.3	40.0	76.2	6.0	62.4	0.0	52.5	.Autoclave.Outputs.PRESSIP\OutputValue	8.0	8.7	-15.0	-1.0	0.0	-1.0	-1.0	-1.0	0.0	0.0	0.0	-1.0	-1.0	0.0	0.0	0.0	-1.0	0.0
22:21:24	151.1	263.3	263.6	264.3	261.4	261.7	266.9	269.3	268.9	268.7	269.6	269.5	270.1	1.1	0.2	0.1	0.2	39.6	0.1	1.1	0.1	270.1	261.4	-0.6	-2.1	266.4	265.7	255.7	255.7	254.9	257.5	100.5	151.0	3.8	0.0	254.8	254.8	40.0	48.3	6.1	61.5	0.0	0.0	.Autoclave.Outputs.PRESSIP\OutputValue	8.0	8.7	-14.4	-1.0	0.0	-1.0	-1.0	-1.0	0.0	0.0	0.0	-1.0	-1.0	0.0	0.0	0.0	-1.0	0.0
22:22:24	152.1	260.1	260.7	262.0	258.8	258.3	265.7	267.8	267.4	267.1	268.0	268.0	268.7	1.2	0.2	0.1	0.2	40.1	0.1	1.2	0.1	268.7	258.3	-1.3	-3.6	264.4	263.5	248.8	248.8	248.0	251.9	100.5	152.0	4.8	0.0	250.3	250.3	40.0	64.5	6.2	57.1	0.0	29.0	.Autoclave.Outputs.PRESSIP\OutputValue	8.0	10.4	-19.9	-1.0	0.0	-1.0	-1.0	-1.0	0.0	0.0	0.0	-1.0	-1.0	0.0	0.0	0.0	-1.0	0.0
22:23:24	153.0	257.5	258.1	259.4	256.1	255.2	264.5	266.7	266.1	265.8	266.4	266.4	267.2	1.2	0.1	0.1	0.1	39.3	0.1	1.2	0.1	267.2	255.2	-1.0	-3.1	262.4	261.2	243.8	243.6	242.8	235.0	100.3	153.0	5.8	0.0	245.8	245.8	40.0	67.8	6.2	65.3	0.0	35.6	.Autoclave.Outputs.PRESSIP\OutputValue	8.0	12.0	-23.4	-1.0	0.0	-1.0	-1.0	-1.0	0.0	0.0	0.0	-1.0	-1.0	0.0	0.0	0.0	-1.0	0.0
22:24:23	154.0	255.3	256.4	256.9	254.9	253.1	262.8	265.3	264.5	264.2	265.0	265.3	265.7	1.2	0.2	0.1	0.1	39.6	0.1	1.2	0.1	265.7	253.1	-1.4	-3.1	260.8	259.4	242.4	242.3	241.6	244.2	100.3	154.0	6.8	0.0	241.3	241.3	40.0	47.4	6.4	62.4	-1.0	0.0	.Autoclave.Outputs.PRESSIP\OutputValue	8.0	12.6	-23.3	-1.0	0.0	-1.0	-1.0	-1.0	0.0	0.0	0.0	-1.0	-1.0	0.0	0.0	0.0	-1.0	0.0
22:25:23	155.0	251.5	252.8	253.9	251.6	249.3	261.1	263.4	262.4	262.1	262.9	263.2	263.7	1.2	0.2	0.1	0.1	40.0	0.1	1.2	0.1	263.7	249.3	-1.6	-3.9	258.2	256.5	235.8	235.8	235.0	238.7	100.4	155.0	7.8	0.0	236.8	236.8	40.0	61.5	6.5	57.7	0.0	23.0	.Autoclave.Outputs.PRESSIP\OutputValue	8.0	14.4	-27.9	-1.0	0.0	-1.0	-1.0	-1.0	0.0	0.0	0.0	-1.0	-1.0	0.0	0.0	0.0	-1.0	0.0
22:26:23	156.0	248.1	249.8	251.1	248.5	245.2	259.5	261.7	260.5	259.9	260.8	260.9	261.7	1.3	0.1	0.1	0.2	39.5	0.1	1.3	0.1	261.7	245.2	-1.7	-3.6	255.6	253.5	229.8	229.8	229.1	226.9	100.3	156.0	8.8	0.0	232.3	232.3	40.0	70.9	6.5	63.4	0.0	41.7	.Autoclave.Outputs.PRESSIP\OutputValue	8.0	16.5	-31.9	-1.0	0.0	-1.0	-1.0	-1.0	0.0	0.0	0.0	-1.0	-1.0	0.0	0.0	0.0	-1.0	0.0
22:26:45	156.4	246.7	248.5	250.5	248.0	244.7	258.7	260.9	259.9	259.2	260.0	260.6	260.9	1.2	0.2	0.1	0.2	39.6	0.1	1.2	0.1	260.9	244.7	-2.0	-4.1	254.9	252.8	229.6	229.7	228.9	232.4	100.3	156.4	9.2	0.0	230.8	230.8	40.0	62.7	6.5	61.7	0.0	25.5	.Autoclave.Outputs.PRESSIP\OutputValue	8.0	16.2	-31.4	-1.0	0.0	-1.0	-1.0	-1.0	0.0	0.0	0.0	-1.0	-1.0	0.0	0.0	0.0	-1.0	0.0
22:27:23	157.0	245.8	247.3	248.5	246.5	242.5	257.3	259.9	258.6	257.8	258.9	259.3	259.6	1.2	0.1	0.1	0.1	39.2	0.1	1.2	0.1	259.9	242.5	-1.7	-2.6	253.5	251.2	228.4	228.4	227.5	218.7	100.2	157.0	0.7	0.0	227.8	227.8	40.0	50.2	6.5	66.0	-1.0	0.4	.Autoclave.Outputs.PRESSIP\OutputValue	8.0	17.4	-31.5	-1.0	0.0	-1.0	-1.0	-1.0	0.0	0.0	0.0	-1.0	-1.0	0.0	0.0	0.0	-1.0	0.0
22:28:23	158.0	241.8	244.3	245.6	243.9	239.5	255.3	257.9	256.3	255.4	256.8	257.3	257.2	1.3	0.2	0.1	0.0	40.1	0.1	1.3	0.0	257.9	239.5	-2.1	-4.1	250.9	248.7	224.4	224.5	223.6	226.9	100.4	158.0	1.7	0.0	223.3	223.3	40.0	47.7	6.6	56.6	-1.0	0.0	.Autoclave.Outputs.PRESSIP\OutputValue	7.8	18.4	-33.5	-1.0	0.0	-1.0	-1.0	-1.0	0.0	0.0	0.0	-1.0	-1.0	0.0	0.0	0.0	-1.0	0.0
22:29:23	159.0	238.1	240.8	241.8	240.5	235.3	252.9	255.3	253.7	252.6	254.1	254.8	254.6	1.3	0.1	0.1	0.1	39.8	0.1	1.3	0.1	255.3	235.3	-2.3	-4.5	247.9	245.3	218.0	218.0	217.3	220.8	100.3	159.0	2.7	0.0	218.8	218.8	40.0	60.5	6.7	60.4	0.0	20.9	.Autoclave.Outputs.PRESSIP\OutputValue	8.0	20.0	-37.3	-1.0	0.0	-1.0	-1.0	-1.0	0.0	0.0	0.0	-1.0	-1.0	0.0	0.0	0.0	-1.0	0.0
22:30:23	160.0	234.6	237.1	238.8	237.2	231.7	250.8	253.1	251.2	250.2	251.6	252.3	252.1	1.3	0.1	0.1	0.2	40.1	0.1	1.3	0.1	253.1	231.7	-2.2	-3.7	245.1	242.4	212.4	212.4	211.9	211.5	100.4	160.0	3.7	0.0	214.3	214.3	40.0	67.1	6.6	57.4	0.0	34.2	.Autoclave.Outputs.PRESSIP\OutputValue	8.0	21.4	-40.7	-1.0	0.0	-1.0	-1.0	-1.0	0.0	0.0	0.0	-1.0	-1.0	0.0	0.0	0.0	-1.0	0.0
22:31:24	161.1	231.7	234.2	235.8	234.9	228.4	248.1	250.8	248.5	247.1	249.3	250.2	249.7	1.3	0.2	0.1	0.1	39.4	0.1	1.3	0.1	250.8	228.4	-2.2	-3.1	242.4	239.6	209.6	209.4	208.7	199.0	100.2	161.0	4.7	0.0	209.8	209.8	40.0	56.4	6.6	64.3	0.0	12.8	.Autoclave.Outputs.PRESSIP\OutputValue	8.0	22.4	-41.2	-1.0	0.0	-1.0	-1.0	-1.0	0.0	0.0	0.0	-1.0	-1.0	0.0	0.0	0.0	-1.0	0.0
22:32:25	162.1	227.8	231.0	232.7	232.1	225.1	245.4	248.4	246.1	244.8	246.7	247.7	246.8	1.3	0.1	0.1	0.1	39.4	0.1	1.3	0.1	248.4	225.1	-2.4	-4.0	239.5	236.8	206.9	206.7	206.0	203.0	100.3	162.0	5.7	0.0	205.3	205.3	40.0	44.4	6.7	63.2	-1.0	0.0	.Autoclave.Outputs.PRESSIP\OutputValue	8.0	23.3	-41.5	-1.0	0.0	-1.0	-1.0	-1.0	0.0	0.0	0.0	-1.0	-1.0	0.0	0.0	0.0	-1.0	0.0
22:33:23	163.0	224.1	227.8	229.2	229.5	221.4	242.8	245.6	243.0	241.5	243.9	245.1	243.9	1.3	0.2	0.1	0.1	40.0	0.1	1.3	0.1	245.6	221.4	-2.7	-4.6	236.5	233.5	201.6	201.6	200.8	203.6	100.3	163.0	6.7	0.0	200.8	200.8	40.0	49.9	6.7	58.1	0.0	0.0	.Autoclave.Outputs.PRESSIP\OutputValue	8.0	24.2	-44.0	-1.0	0.0	-1.0	-1.0	-1.0	0.0	0.0	0.0	-1.0	-1.0	0.0	0.0	0.0	-1.0	0.0
22:34:23	164.0	220.0	223.5	225.2	226.1	217.0	240.0	242.7	240.0	238.2	241.0	242.1	240.8	1.3	0.2	0.1	0.2	39.6	0.1	1.3	0.1	242.7	217.0	-2.7	-4.2	233.0	229.9	195.9	195.9	195.1	197.3	100.4	164.0	7.7	0.0	196.3	196.3	40.0	57.9	6.7	61.9	0.0	15.7	.Autoclave.Outputs.PRESSIP\OutputValue	8.0	25.7	-46.8	-1.0	0.0	-1.0	-1.0	-1.0	0.0	0.0	0.0	-1.0	-1.0	0.0	0.0	0.0	-1.0	0.0
22:35:24	165.1	216.6	220.4	222.0	222.9	213.1	237.3	239.9	237.2	235.4	238.2	239.4	238.0	1.4	0.1	0.1	0.1	39.9	0.1	1.4	0.1	239.9	213.1	-2.7	-3.6	230.0	226.5	190.8	190.7	190.0	189.1	100.4	165.0	8.7	0.0	191.8	191.8	40.0	61.8	6.7	59.1	0.0	23.5	.Autoclave.Outputs.PRESSIP\OutputValue	8.0	26.8	-49.1	-1.0	0.0	-1.0	-1.0	-1.0	0.0	0.0	0.0	-1.0	-1.0	0.0	0.0	0.0	-1.0	0.0
22:36:23	166.0	213.5	216.7	218.3	219.6	209.2	234.3	237.0	234.1	232.0	235.3	236.5	234.9	1.4	0.1	0.1	0.1	39.3	0.1	1.4	0.1	237.0	209.2	-3.0	-4.0	226.8	223.1	187.2	187.2	186.5	179.2	100.0	166.0	9.7	0.0	187.3	187.3	40.0	55.8	6.6	65.1	0.0	11.6	.Autoclave.Outputs.PRESSIP\OutputValue	8.0	27.8	-49.8	-1.0	0.0	-1.0	-1.0	-1.0	0.0	0.0	0.0	-1.0	-1.0	0.0	0.0	0.0	-1.0	0.0
22:37:24	167.1	209.0	213.6	214.5	216.6	205.6	231.3	234.0	231.0	228.6	232.4	233.7	231.7	1.4	0.1	0.1	0.2	39.1	0.1	1.4	0.1	234.0	205.6	-2.9	-4.0	223.5	219.8	184.0	183.8	183.2	177.9	100.1	167.0	10.7	0.0	182.8	182.8	40.0	47.1	6.6	66.8	-1.0	0.0	.Autoclave.Outputs.PRESSIP\OutputValue	8.0	28.4	-50.0	-1.0	0.0	-1.0	-1.0	-1.0	0.0	0.0	0.0	-1.0	-1.0	0.0	0.0	0.0	-1.0	0.0
22:38:24	168.1	205.1	209.9	210.7	213.3	201.8	228.2	230.9	227.6	225.4	229.2	230.8	228.5	1.4	0.1	0.1	0.1	39.7	0.1	1.4	0.1	230.9	201.8	-3.2	-4.2	220.1	216.3	179.9	179.9	179.2	178.1	100.2	168.0	11.7	0.0	178.3	178.3	40.0	44.4	6.6	60.4	-1.0	0.0	.Autoclave.Outputs.PRESSIP\OutputValue	8.0	29.1	-51.0	-1.0	0.0	-1.0	-1.0	-1.0	0.0	0.0	0.0	-1.0	-1.0	0.0	0.0	0.0	-1.0	0.0
22:39:23	169.0	200.8	206.2	207.0	210.0	197.7	225.2	227.5	224.2	221.7	225.8	227.6	225.0	1.4	0.2	0.1	0.1	39.5	0.1	1.4	0.1	227.6	197.7	-3.0	-4.4	216.6	212.6	175.0	175.0	174.2	176.5	100.3	169.0	12.7	0.0	173.8	173.8	40.0	47.1	6.5	62.6	-1.0	0.0	.Autoclave.Outputs.PRESSIP\OutputValue	8.0	29.9	-52.6	-1.0	0.0	-1.0	-1.0	-1.0	0.0	0.0	0.0	-1.0	-1.0	0.0	0.0	0.0	-1.0	0.0
22:40:23	170.0	196.7	202.1	202.6	206.5	193.3	221.9	224.4	220.9	218.4	222.7	224.4	221.7	1.4	0.1	0.1	0.2	39.8	0.1	1.4	0.1	224.4	193.3	-3.1	-4.5	213.0	208.8	169.8	169.8	169.1	171.0	100.4	170.0	13.7	0.0	169.3	169.3	40.0	50.4	6.5	59.8	0.0	0.9	.Autoclave.Outputs.PRESSIP\OutputValue	8.0	31.1	-54.6	-1.0	0.0	-1.0	-1.0	-1.0	0.0	0.0	0.0	-1.0	-1.0	0.0	0.0	0.0	-1.0	0.0
22:41:23	171.0	192.5	197.8	199.0	202.6	188.8	218.5	220.9	217.4	214.8	219.4	221.2	218.2	1.4	0.1	0.1	0.1	39.4	0.1	1.4	0.1	221.2	188.8	-3.1	-4.7	209.3	205.0	164.4	164.5	163.8	163.9	100.1	171.0	14.7	0.0	164.8	164.8	40.0	57.7	6.4	64.0	0.0	15.4	.Autoclave.Outputs.PRESSIP\OutputValue	8.0	32.4	-56.8	-1.0	0.0	-1.0	-1.0	-1.0	0.0	0.0	0.0	-1.0	-1.0	0.0	0.0	0.0	-1.0	0.0
22:42:23	172.0	188.7	194.5	195.4	199.2	185.3	215.1	217.9	213.9	211.2	216.1	218.0	214.7	1.4	0.2	0.1	0.1	39.5	0.1	1.4	0.1	218.0	185.3	-3.2	-4.1	205.8	201.6	160.8	160.8	160.1	156.1	100.2	172.0	15.7	0.0	160.3	160.3	40.0	50.9	6.3	62.6	-1.0	1.8	.Autoclave.Outputs.PRESSIP\OutputValue	8.0	32.7	-57.2	-1.0	0.0	-1.0	-1.0	-1.0	0.0	0.0	0.0	-1.0	-1.0	0.0	0.0	0.0	-1.0	0.0
22:43:23	173.0	184.8	190.6	191.1	195.7	181.2	211.7	214.4	210.2	207.2	212.6	214.6	211.1	1.4	0.1	0.1	0.1	39.3	0.1	1.4	0.1	214.6	181.2	-3.2	-4.3	202.1	197.9	157.4	157.2	156.6	153.1	100.1	173.0	16.7	0.0	155.8	155.8	40.0	44.2	6.2	65.1	-1.0	0.0	.Autoclave.Outputs.PRESSIP\OutputValue	8.0	33.4	-57.2	-1.0	0.0	-1.0	-1.0	-1.0	0.0	0.0	0.0	-1.0	-1.0	0.0	0.0	0.0	-1.0	0.0
22:44:24	174.1	180.7	186.6	187.2	192.2	177.0	208.1	211.0	206.7	203.4	209.3	211.3	207.4	1.4	0.1	0.1	0.2	39.1	0.1	1.4	0.1	211.3	177.0	-3.4	-5.0	198.4	194.1	153.2	153.2	152.4	152.0	100.2	174.0	17.7	0.0	151.3	151.3	40.0	42.0	6.1	67.0	-1.0	0.0	.Autoclave.Outputs.PRESSIP\OutputValue	8.0	34.3	-58.1	-1.0	0.0	-1.0	-1.0	-1.0	0.0	0.0	0.0	-1.0	-1.0	0.0	0.0	0.0	-1.0	0.0
22:45:24	175.0	176.2	182.4	183.0	188.3	172.2	204.5	207.4	202.8	199.7	205.5	207.9	203.8	1.4	0.1	0.1	0.1	39.2	0.1	1.4	0.1	207.9	172.2	-3.5	-4.6	194.5	190.0	147.4	147.4	146.6	143.9	100.3	175.0	18.7	0.0	146.8	146.8	40.0	50.6	6.0	66.4	0.0	1.2	.Autoclave.Outputs.PRESSIP\OutputValue	8.0	35.7	-60.5	-1.0	0.0	-1.0	-1.0	-1.0	0.0	0.0	0.0	-1.0	-1.0	0.0	0.0	0.0	-1.0	0.0
22:46:24	176.0	172.1	178.8	179.7	184.6	168.6	200.8	203.7	199.2	195.8	202.2	204.3	200.1	1.4	0.2	0.1	0.1	39.7	0.1	1.4	0.1	204.3	168.6	-3.3	-4.1	190.8	186.4	144.4	144.3	143.5	142.2	100.3	176.0	19.7	0.0	142.3	142.3	40.0	40.5	5.9	60.9	-1.0	0.0	.Autoclave.Outputs.PRESSIP\OutputValue	8.0	35.7	-59.9	-1.0	0.0	-1.0	-1.0	-1.0	0.0	0.0	0.0	-1.0	-1.0	0.0	0.0	0.0	-1.0	0.0
22:47:24	177.1	167.6	174.6	175.3	181.2	164.1	197.0	200.1	195.3	191.9	198.4	200.7	196.3	1.4	0.1	0.1	0.1	39.3	0.1	1.4	0.1	200.7	164.1	-3.7	-4.4	186.9	182.4	139.6	139.5	138.7	137.1	100.3	177.0	20.7	0.0	137.8	137.8	40.0	42.4	5.7	65.5	-1.0	0.0	.Autoclave.Outputs.PRESSIP\OutputValue	8.0	36.6	-61.1	-1.0	0.0	-1.0	-1.0	-1.0	0.0	0.0	0.0	-1.0	-1.0	0.0	0.0	0.0	-1.0	0.0
22:48:23	178.0	163.6	170.7	170.8	177.6	160.3	193.3	196.5	191.4	188.1	194.7	197.2	192.7	1.4	0.1	0.1	0.1	39.7	0.1	1.4	0.1	197.2	160.3	-3.5	-4.7	183.1	178.7	135.4	135.4	134.8	134.3	100.4	178.0	21.7	0.0	133.3	133.3	40.0	39.0	5.5	60.9	-1.0	0.0	.Autoclave.Outputs.PRESSIP\OutputValue	8.0	36.9	-61.8	-1.0	0.0	-1.0	-1.0	-1.0	0.0	0.0	0.0	-1.0	-1.0	0.0	0.0	0.0	-1.0	0.0
22:49:24	179.0	159.9	166.8	166.7	174.2	156.1	189.3	192.7	187.9	184.0	191.4	193.8	188.9	1.4	0.1	0.1	0.1	39.4	0.1	1.4	0.1	193.8	156.1	-3.5	-4.1	179.3	174.9	132.2	132.2	131.4	130.9	100.3	179.0	22.7	0.0	128.8	128.8	40.0	31.3	5.3	64.5	-1.0	0.0	.Autoclave.Outputs.PRESSIP\OutputValue	8.0	37.7	-61.6	-1.0	0.0	-1.0	-1.0	-1.0	0.0	0.0	0.0	-1.0	-1.0	0.0	0.0	0.0	-1.0	0.0
22:50:24	180.1	156.3	163.0	163.1	170.6	152.4	185.5	189.4	184.2	179.9	187.9	190.5	185.1	1.4	0.1	0.1	0.1	39.1	0.1	1.4	0.1	190.5	152.4	-3.3	-4.3	175.7	171.4	129.0	129.1	128.3	128.5	100.2	180.0	23.7	0.0	124.3	124.3	40.0	22.2	4.9	66.6	-1.0	0.0	.Autoclave.Outputs.PRESSIP\OutputValue	8.0	38.1	-61.5	-1.0	0.0	-1.0	-1.0	-1.0	0.0	0.0	0.0	-1.0	-1.0	0.0	0.0	0.0	-1.0	0.0
22:51:23	181.0	152.9	159.8	160.0	167.4	149.3	181.7	185.5	180.5	176.3	184.3	187.3	181.5	1.4	0.2	0.1	0.1	39.6	0.1	1.4	0.1	187.3	149.3	-3.3	-3.9	172.2	168.3	126.9	126.9	126.1	126.3	100.3	181.0	24.7	0.0	119.8	119.8	40.0	5.7	4.3	62.4	-1.0	0.0	.Autoclave.Outputs.PRESSIP\OutputValue	8.0	38.0	-60.4	-1.0	0.0	-1.0	-1.0	-1.0	0.0	0.0	0.0	-1.0	-1.0	0.0	0.0	0.0	-1.0	0.0
22:52:24	182.0	149.7	156.7	156.5	164.5	146.2	178.2	181.9	176.8	172.6	180.8	183.9	177.9	1.4	0.2	0.1	0.2	39.4	0.1	1.4	0.1	183.9	146.2	-3.0	-3.8	168.8	165.0	124.8	124.8	124.0	124.3	100.4	182.0	25.7	0.0	115.3	115.3	40.0	0.0	0.0	64.5	-1.0	0.0	.Autoclave.Outputs.PRESSIP\OutputValue	8.0	37.7	-59.1	-1.0	0.0	-1.0	-1.0	-1.0	0.0	0.0	0.0	-1.0	-1.0	0.0	0.0	0.0	-1.0	0.0
22:53:23	183.0	146.8	153.8	153.2	161.7	143.0	174.6	178.8	173.2	169.1	177.9	180.9	174.5	1.4	0.2	0.1	0.1	39.2	0.1	1.4	0.1	180.9	143.0	-3.0	-3.7	165.6	161.9	122.6	122.6	121.9	122.7	100.4	183.0	26.7	0.0	110.8	110.8	40.0	0.0	0.0	66.0	-1.0	0.0	.Autoclave.Outputs.PRESSIP\OutputValue	8.0	37.9	-58.3	-1.0	0.0	-1.0	-1.0	-1.0	0.0	0.0	0.0	-1.0	-1.0	0.0	0.0	0.0	-1.0	0.0
22:54:24	184.1	143.9	150.7	150.5	159.1	140.4	171.2	175.3	170.0	165.6	174.9	177.6	171.1	1.4	0.1	0.1	0.2	39.0	0.1	1.4	0.1	177.6	140.4	-2.4	-3.6	162.5	159.0	120.9	120.8	120.1	121.0	100.4	184.0	27.7	0.0	106.3	106.3	40.0	0.0	0.0	67.7	-1.0	0.0	.Autoclave.Outputs.PRESSIP\OutputValue	8.0	37.2	-56.7	-1.0	0.0	-1.0	-1.0	-1.0	0.0	0.0	0.0	-1.0	-1.0	0.0	0.0	0.0	-1.0	0.0
22:55:24	185.0	141.5	148.4	147.5	156.4	137.9	167.9	172.4	166.8	162.3	171.9	174.7	168.0	1.4	0.2	0.1	0.1	39.5	0.1	1.4	0.1	174.7	137.9	-2.5	-3.6	159.6	156.3	119.3	119.3	118.6	119.7	100.5	185.0	28.7	0.0	101.8	101.8	40.0	0.0	0.0	62.8	-1.0	0.0	.Autoclave.Outputs.PRESSIP\OutputValue	8.0	36.8	-55.4	-1.0	0.0	-1.0	-1.0	-1.0	0.0	0.0	0.0	-1.0	-1.0	0.0	0.0	0.0	-1.0	0.0
22:56:24	186.0	139.1	145.4	145.1	154.4	135.4	164.8	169.3	163.8	159.1	169.1	172.1	165.1	1.4	0.2	0.1	0.1	39.4	0.1	1.4	0.1	172.1	135.4	-2.6	-3.3	156.9	153.7	117.8	117.8	117.2	118.3	100.5	186.0	29.7	0.0	97.3	97.3	40.0	0.0	0.0	64.3	-1.0	0.0	.Autoclave.Outputs.PRESSIP\OutputValue	8.0	36.7	-54.3	-1.0	0.0	-1.0	-1.0	-1.0	0.0	0.0	0.0	-1.0	-1.0	0.0	0.0	0.0	-1.0	0.0
22:57:24	187.1	136.7	143.3	141.8	152.1	133.4	161.7	166.2	160.8	156.2	166.2	169.2	162.2	1.4	0.2	0.1	0.2	39.2	0.1	1.4	0.1	169.2	133.4	-2.0	-3.2	154.1	151.3	116.5	116.4	115.8	117.1	100.6	187.0	30.7	0.0	92.8	92.8	40.0	0.0	0.0	65.6	-1.0	0.0	.Autoclave.Outputs.PRESSIP\OutputValue	8.0	35.8	-52.7	-1.0	0.0	-1.0	-1.0	-1.0	0.0	0.0	0.0	-1.0	-1.0	0.0	0.0	0.0	-1.0	0.0
22:58:24	188.0	134.7	140.9	139.9	149.9	131.3	158.9	163.4	158.0	153.3	163.5	166.6	159.4	1.4	0.2	0.1	0.1	39.1	0.1	1.4	0.1	166.6	131.3	-2.1	-3.0	151.6	148.9	115.3	115.3	114.6	115.9	100.6	188.0	31.7	0.0	88.3	88.3	40.0	0.0	0.0	67.0	-1.0	0.0	.Autoclave.Outputs.PRESSIP\OutputValue	8.0	35.3	-51.3	-1.0	0.0	-1.0	-1.0	-1.0	0.0	0.0	0.0	-1.0	-1.0	0.0	0.0	0.0	-1.0	0.0
22:59:24	189.0	132.8	138.5	137.6	147.7	129.4	155.9	160.6	155.2	150.5	161.0	164.0	156.7	1.4	0.2	0.1	0.1	39.5	0.1	1.4	0.1	164.0	129.4	-1.9	-2.9	149.2	146.7	114.0	114.0	113.4	115.2	100.7	189.0	32.7	0.0	83.8	83.8	40.0	0.0	0.0	63.0	-1.0	0.0	.Autoclave.Outputs.PRESSIP\OutputValue	8.0	34.6	-50.0	-1.0	0.0	-1.0	-1.0	-1.0	0.0	0.0	0.0	-1.0	-1.0	0.0	0.0	0.0	-1.0	0.0
23:00:24	190.1	131.0	136.6	135.4	145.9	127.4	153.2	157.9	152.9	147.9	158.5	161.4	154.0	1.4	0.2	0.1	0.1	39.6	0.1	1.4	0.1	161.4	127.4	-1.6	-2.8	146.8	144.4	113.1	113.1	112.4	114.3	100.8	190.0	33.7	0.0	80.0	80.0	40.0	0.0	0.0	62.1	-1.0	0.0	.Autoclave.Outputs.PRESSIP\OutputValue	8.0	34.0	-48.3	-1.0	0.0	-1.0	-1.0	-1.0	0.0	0.0	0.0	-1.0	-1.0	0.0	0.0	0.0	-1.0	0.0
23:01:23	191.0	129.2	134.8	133.6	143.7	125.8	150.7	155.4	150.2	145.2	156.2	158.9	151.6	1.4	0.2	0.1	0.2	39.5	0.1	1.4	0.1	158.9	125.8	-1.8	-2.8	144.6	142.3	112.2	112.2	111.4	113.3	100.7	191.0	34.7	0.0	80.0	80.0	40.0	0.0	0.0	63.0	-1.0	0.0	.Autoclave.Outputs.PRESSIP\OutputValue	8.0	33.1	-46.7	-1.0	0.0	-1.0	-1.0	-1.0	0.0	0.0	0.0	-1.0	-1.0	0.0	0.0	0.0	-1.0	0.0
23:02:23	192.0	127.4	133.0	131.7	141.9	124.3	148.0	152.9	147.6	142.8	153.7	156.8	149.0	1.4	0.2	0.1	0.1	39.4	0.1	1.4	0.1	156.8	124.3	-1.6	-2.7	142.4	140.5	111.3	111.3	110.6	112.3	100.8	192.0	35.7	0.0	80.0	80.0	40.0	0.0	0.0	64.1	-1.0	0.0	.Autoclave.Outputs.PRESSIP\OutputValue	8.0	32.5	-45.5	-1.0	0.0	-1.0	-1.0	-1.0	0.0	0.0	0.0	-1.0	-1.0	0.0	0.0	0.0	-1.0	0.0
23:03:24	193.1	125.9	131.1	129.9	139.9	122.6	145.8	150.6	145.4	140.5	151.4	154.4	146.9	1.4	0.2	0.1	0.1	39.3	0.1	1.4	0.1	154.4	122.6	-1.5	-2.5	140.4	138.5	110.3	110.3	109.6	111.5	100.8	193.0	36.7	0.0	80.0	80.0	40.0	0.0	0.0	64.7	-1.0	0.0	.Autoclave.Outputs.PRESSIP\OutputValue	8.0	31.8	-44.1	-1.0	0.0	-1.0	-1.0	-1.0	0.0	0.0	0.0	-1.0	-1.0	0.0	0.0	0.0	-1.0	0.0
23:04:23	194.0	124.5	129.4	128.2	138.3	121.1	143.6	148.3	143.1	138.3	149.3	152.1	144.7	1.4	0.2	0.1	0.2	39.2	0.1	1.4	0.1	152.1	121.1	-1.3	-2.4	138.4	136.6	109.5	109.5	108.9	110.7	100.9	194.0	37.7	0.0	80.0	80.0	40.0	0.0	0.0	65.8	-1.0	0.0	.Autoclave.Outputs.PRESSIP\OutputValue	8.0	31.0	-42.6	-1.0	0.0	-1.0	-1.0	-1.0	0.0	0.0	0.0	-1.0	-1.0	0.0	0.0	0.0	-1.0	0.0
23:05:24	195.0	123.0	127.9	127.2	136.8	119.7	141.5	145.8	141.0	136.3	147.3	150.0	142.6	1.4	0.2	0.1	0.2	39.1	0.1	1.4	0.1	150.0	119.7	-1.4	-2.4	136.6	134.9	108.7	108.7	108.1	110.1	100.8	195.0	38.7	0.0	80.0	80.0	40.0	0.0	0.0	66.4	-1.0	0.0	.Autoclave.Outputs.PRESSIP\OutputValue	8.0	30.3	-41.3	-1.0	0.0	-1.0	-1.0	-1.0	0.0	0.0	0.0	-1.0	-1.0	0.0	0.0	0.0	-1.0	0.0
23:06:24	196.1	121.7	126.5	125.3	135.6	118.5	139.3	143.8	139.2	134.4	145.3	147.9	140.6	1.4	0.2	0.1	0.2	39.1	0.1	1.4	0.1	147.9	118.5	-0.8	-2.1	134.8	133.2	108.0	108.0	107.4	109.5	100.8	196.0	39.6	0.0	80.0	80.0	40.0	0.0	0.0	67.3	-1.0	0.0	.Autoclave.Outputs.PRESSIP\OutputValue	8.0	29.4	-40.1	-1.0	0.0	-1.0	-1.0	-1.0	0.0	0.0	0.0	-1.0	-1.0	0.0	0.0	0.0	-1.0	0.0
23:06:24	196.1	121.7	126.5	125.3	135.6	118.5	139.3	143.8	139.2	134.4	145.3	147.9	140.6	1.4	0.2	0.1	0.2	39.1	0.1	1.4	0.1	147.9	118.5	-0.8	-2.1	134.8	133.2	108.0	108.0	107.4	109.5	100.8	196.0	39.6	0.0	80.0	80.0	40.0	0.0	0.0	67.3	-1.0	0.0	.Autoclave.Outputs.PRESSIP\OutputValue	8.0	29.4	-39.9	-1.0	0.0	-1.0	-1.0	-1.0	0.0	0.0	0.0	-1.0	-1.0	0.0	0.0	0.0	-1.0	0.0
23:07:23	197.0	119.7	124.2	123.3	133.4	116.4	137.3	141.3	136.6	132.2	142.8	145.5	138.3	1.2	0.1	0.1	0.1	30.4	0.1	1.2	0.1	145.5	116.4	-2.0	-2.5	132.6	131.0	104.3	104.3	103.8	104.4	99.7	197.0	1.0	0.0	80.0	80.0	30.0	0.0	0.0	53.1	-1.0	0.0	.Autoclave.Outputs.PRESSIP\OutputValue	7.0	29.1	-41.2	-1.0	0.0	-1.0	-1.0	-1.0	0.0	0.0	0.0	-1.0	-1.0	0.0	0.0	0.0	-1.0	0.0
23:08:24	198.0	117.6	122.4	121.9	131.8	114.2	135.4	139.4	134.7	130.3	140.9	143.8	136.6	0.9	0.1	0.1	0.1	20.8	0.1	0.9	0.1	143.8	114.2	-1.2	-2.3	130.7	129.0	101.0	101.0	100.4	101.1	99.2	198.0	2.0	0.0	80.0	80.0	19.9	0.0	0.0	47.1	-1.0	0.0	.Autoclave.Outputs.PRESSIP\OutputValue	5.6	29.6	-42.8	-1.0	0.0	-1.0	-1.0	-1.0	0.0	0.0	0.0	-1.0	-1.0	0.0	0.0	0.0	-1.0	0.0
23:09:24	199.1	115.8	120.4	119.9	131.3	112.5	133.4	137.8	133.2	128.7	139.5	142.2	134.8	0.6	0.1	0.1	0.1	10.9	0.1	0.6	0.1	142.2	112.5	-0.8	-2.0	129.1	127.4	97.8	97.8	97.1	98.3	98.3	199.0	3.0	0.0	80.0	80.0	9.9	0.0	0.0	44.1	-1.0	0.0	.Autoclave.Outputs.PRESSIP\OutputValue	4.1	29.7	-44.4	-1.0	0.0	-1.0	-1.0	-1.0	0.0	0.0	0.0	-1.0	-1.0	0.0	0.0	0.0	-1.0	0.0
23:10:23	200.0	114.4	119.0	119.2	131.1	111.2	132.0	136.7	132.1	127.4	138.4	141.2	133.5	0.3	0.1	0.1	0.0	2.8	0.0	0.3	0.0	141.2	111.2	-0.5	-1.8	128.0	126.2	95.7	95.7	94.9	96.5	97.8	200.0	4.0	0.0	80.0	80.0	0.0	0.0	0.0	23.4	-1.0	0.0	.Autoclave.Outputs.PRESSIP\OutputValue	1.4	30.0	-45.5	-1.0	0.0	-1.0	-1.0	-1.0	0.0	0.0	0.0	-1.0	-1.0	-1.0	0.0	0.0	-1.0	0.0
23:10:51	200.5	113.9	118.9	118.9	131.1	110.8	131.5	136.3	131.7	126.9	138.1	141.0	133.0	0.1	0.0	0.1	-0.1	1.0	0.0	0.1	-0.1	141.0	110.8	-0.1	-1.4	127.7	125.9	95.4	95.4	94.7	96.9	97.9	200.5	4.5	0.0	80.0	80.0	0.0	0.0	0.0	39.6	-1.0	0.0	.Autoclave.Outputs.PRESSIP\OutputValue	-0.2	30.2	-45.6	-1.0	0.0	-1.0	-1.0	-1.0	0.0	0.0	0.0	-1.0	-1.0	-1.0	0.0	0.0	-1.0	0.0
