

Time	Elapsed	PTC5	PTC6	PTC7	PTC10	PTC11	PTC12	PTC13	PTC14	PTC15	VPRB2	VPRB3	VPRB4	PRESS	SVAC	HIPRB	LOPRB	HITC	LOTC	HIRATE	LORATE	AVGTC	MEAN	AIRTC	AIRTC1	AIRTC2	HILIMTC	CAPSTC	RUNTIME	SEGTIME	SEGTIMELEFT	TSET_AIR	TSET_PART	PSET	TEMPOUT	TEMPINT	PRESSOUT	COOLIP	SCROUT	PRESSIP	PRESSINT	SPREAD	AIRPARTDELTA	CAPSFLOW	SILENCE	BARLOCK	HIPSI	FANON	HYDON	FANSTARTSTOPPB	HYDPMPSTARTSTOPPB	COOLCNTRLONOFFSW	PRESSCNTRLONOFFSW	PRESSDUMPSW	PCMANUALSW	HILIMIT	BLWRMTRHILIMIT	MANINSIDE
HH:MM:SS	Mins	Deg.F	Deg.F	Deg.F	Deg.F	Deg.F	Deg.F	Deg.F	Deg.F	Deg.F	"Hg	"Hg	"Hg	Psig	"Hg			Deg.F	Deg.F	Deg.F	Deg.F	Deg.F	Deg.F	Deg.F	Deg.F	Deg.F	Deg.F	Deg.F	Mins	Mins	Mins	Deg.F	Deg.F	Psig				%	%	%	%	Deg.F	Deg.F															
17:05:13	0.0	83.3	82.1	81.3	81.9	81.7	81.9	80.1	81.8	81.0	-27.7	-27.7	-27.6	-0.4	-27.9	-27.6	-27.7	83.3	80.1	0.2	0.0	81.7	81.7	93.5	93.4	92.9	102.9	100.0	260.4	0.0	0.0	70.0	70.0	0.0	0.0	0.0	50.0	0.0	0.0	.Autoclave.Outputs.PRESSIP\OutputValue	8.0	3.3	10.2	-1.0	0.0	-1.0	-1.0	0.0	0.0	0.0	0.0	-1.0	-1.0	-1.0	0.0	0.0	-1.0	0.0
17:05:15	0.0	83.3	82.1	81.3	81.9	81.7	81.9	80.1	81.8	81.0	-27.7	-27.7	-27.6	-0.4	-27.9	-27.6	-27.7	83.3	80.1	0.2	0.0	81.7	81.7	93.5	93.4	92.9	102.9	100.0	260.4	0.0	0.0	70.0	70.0	0.0	0.0	0.0	50.0	0.0	0.0	.Autoclave.Outputs.PRESSIP\OutputValue	8.0	3.3	10.2	-1.0	0.0	-1.0	-1.0	0.0	0.0	0.0	0.0	-1.0	-1.0	-1.0	0.0	0.0	-1.0	0.0
17:05:16	0.1	83.3	82.1	81.3	81.9	81.7	81.9	80.1	81.8	81.0	-27.7	-27.7	-27.6	-0.4	-27.9	-27.6	-27.7	83.3	80.1	0.2	0.0	81.7	81.7	93.4	93.4	92.9	102.9	100.0	260.4	0.0	0.0	70.0	70.0	0.0	0.0	0.0	50.0	0.0	0.0	.Autoclave.Outputs.PRESSIP\OutputValue	8.0	3.3	10.2	-1.0	0.0	-1.0	-1.0	0.0	0.0	0.0	0.0	-1.0	-1.0	-1.0	0.0	0.0	-1.0	0.0
17:05:16	0.1	83.3	82.1	81.3	81.9	81.7	81.9	80.1	81.8	81.0	-27.7	-27.7	-27.6	-0.4	-27.9	-27.6	-27.7	83.3	80.1	0.2	0.0	81.7	81.7	93.4	93.4	92.9	102.9	100.0	260.4	0.0	0.0	70.0	70.0	0.0	0.0	0.0	50.0	0.0	0.0	.Autoclave.Outputs.PRESSIP\OutputValue	8.0	3.3	10.1	-1.0	0.0	-1.0	-1.0	0.0	0.0	0.0	0.0	-1.0	-1.0	-1.0	0.0	0.0	-1.0	0.0
17:06:16	1.1	83.8	82.8	82.2	82.8	82.8	82.8	81.4	82.9	81.8	-27.8	-27.9	-27.0	1.1	-27.9	-27.0	-27.9	83.8	81.4	1.3	0.5	82.6	82.6	94.4	94.3	93.7	97.5	97.7	1.0	1.0	0.0	91.8	87.8	1.5	29.1	-0.3	61.8	-1.0	0.0	.Autoclave.Outputs.PRESSIP\OutputValue	8.0	2.5	10.6	-1.0	0.0	-1.0	-1.0	-1.0	0.0	0.0	0.0	-1.0	-1.0	0.0	0.0	0.0	-1.0	0.0
17:07:16	2.1	84.7	83.5	83.0	83.5	83.8	83.7	83.1	83.9	82.7	-27.8	-27.9	-28.4	2.1	-27.9	-27.8	-28.4	84.7	82.7	1.0	0.5	83.6	83.7	97.0	97.0	96.3	109.7	97.4	2.0	2.0	0.0	99.9	92.3	3.0	67.1	-0.2	67.2	0.0	34.2	.Autoclave.Outputs.PRESSIP\OutputValue	8.0	2.0	12.3	-1.0	0.0	-1.0	-1.0	-1.0	0.0	0.0	0.0	-1.0	-1.0	0.0	0.0	0.0	-1.0	0.0
17:08:16	3.1	86.5	84.9	84.5	84.9	85.6	85.3	84.2	85.4	84.1	-27.7	-27.8	-27.1	3.7	-27.9	-27.1	-27.8	86.5	84.1	1.9	1.2	85.1	85.3	104.9	104.9	104.3	117.2	97.5	3.0	3.0	0.0	107.1	96.9	4.5	62.2	0.0	66.0	0.0	24.3	.Autoclave.Outputs.PRESSIP\OutputValue	8.0	2.4	18.4	-1.0	0.0	-1.0	-1.0	-1.0	0.0	0.0	0.0	-1.0	-1.0	0.0	0.0	0.0	-1.0	0.0
17:09:16	4.1	88.3	86.4	86.1	86.6	87.5	87.0	86.5	86.9	85.6	-27.7	-27.9	-27.1	5.3	-27.9	-27.1	-27.9	88.3	85.6	2.0	1.4	86.8	87.0	112.0	112.0	111.3	124.7	97.7	4.0	4.0	0.0	114.3	101.3	6.0	63.5	0.2	64.6	0.0	27.1	.Autoclave.Outputs.PRESSIP\OutputValue	8.0	2.7	23.7	-1.0	0.0	-1.0	-1.0	-1.0	0.0	0.0	0.0	-1.0	-1.0	0.0	0.0	0.0	-1.0	0.0
17:10:16	5.1	90.8	88.0	87.9	88.5	89.6	89.1	88.9	88.8	87.0	-27.7	-27.9	-28.0	7.0	-27.9	-27.7	-28.0	90.8	87.0	2.6	1.6	88.7	88.9	118.3	118.4	117.7	131.8	97.9	5.0	5.0	0.0	120.9	105.8	7.5	64.5	0.5	62.5	0.0	29.0	.Autoclave.Outputs.PRESSIP\OutputValue	8.0	3.8	27.5	-1.0	0.0	-1.0	-1.0	-1.0	0.0	0.0	0.0	-1.0	-1.0	0.0	0.0	0.0	-1.0	0.0
17:11:16	6.0	93.6	89.7	90.1	90.7	92.0	91.4	91.4	90.9	89.0	-27.7	-27.7	-28.1	8.0	-27.9	-27.7	-28.1	93.6	89.0	2.8	1.9	91.0	91.3	124.4	124.7	123.9	137.2	97.8	6.0	6.0	0.0	127.0	110.3	9.0	66.5	0.7	67.5	0.0	33.0	.Autoclave.Outputs.PRESSIP\OutputValue	8.0	4.6	30.8	-1.0	0.0	-1.0	-1.0	-1.0	0.0	0.0	0.0	-1.0	-1.0	0.0	0.0	0.0	-1.0	0.0
17:12:16	7.1	96.6	91.7	92.6	93.3	94.8	94.0	94.3	93.1	91.0	-27.7	-27.7	-27.4	9.8	-27.9	-27.4	-27.7	96.6	91.0	3.0	1.8	93.5	93.8	130.7	130.9	130.1	143.3	98.0	7.0	7.0	0.0	133.2	114.8	10.5	65.3	1.0	65.5	0.0	30.6	.Autoclave.Outputs.PRESSIP\OutputValue	8.0	5.6	34.1	-1.0	0.0	-1.0	-1.0	-1.0	0.0	0.0	0.0	-1.0	-1.0	0.0	0.0	0.0	-1.0	0.0
17:12:30	7.3	97.5	92.2	92.9	93.8	95.3	94.6	95.2	93.7	91.5	-27.7	-27.7	-27.8	10.0	-27.9	-27.7	-27.8	97.5	91.5	3.0	2.0	94.1	94.5	132.0	132.0	131.4	144.7	97.9	7.3	7.2	0.0	134.3	115.8	10.8	65.9	1.0	67.1	0.0	31.8	.Autoclave.Outputs.PRESSIP\OutputValue	8.0	6.0	34.7	-1.0	0.0	-1.0	-1.0	-1.0	0.0	0.0	0.0	-1.0	-1.0	0.0	0.0	0.0	-1.0	0.0
17:13:16	8.1	99.8	94.3	94.9	96.0	97.6	96.9	97.9	95.4	92.4	-27.7	-27.8	-27.5	11.5	-27.9	-27.5	-27.8	99.8	92.4	3.7	1.3	96.1	96.1	136.6	136.6	136.1	148.7	98.2	8.0	0.8	0.0	138.9	119.3	12.0	65.5	1.2	62.4	0.0	31.0	.Autoclave.Outputs.PRESSIP\OutputValue	8.0	7.4	36.8	-1.0	0.0	-1.0	-1.0	-1.0	0.0	0.0	0.0	-1.0	-1.0	0.0	0.0	0.0	-1.0	0.0
17:14:16	9.0	103.0	96.4	97.7	99.1	101.2	100.4	101.5	98.8	96.3	-24.3	-23.7	-23.9	12.5	-23.7	-23.7	-24.3	103.0	96.3	3.9	2.6	99.4	99.6	142.1	142.2	141.4	154.5	98.1	9.0	1.8	0.0	144.7	123.8	13.5	66.6	1.5	67.7	0.0	33.3	.Autoclave.Outputs.PRESSIP\OutputValue	8.0	6.7	39.1	-1.0	0.0	-1.0	-1.0	-1.0	0.0	0.0	0.0	-1.0	-1.0	0.0	0.0	0.0	-1.0	0.0
17:15:16	10.1	106.6	99.1	100.9	102.5	104.8	104.0	105.2	102.0	99.3	-18.8	-18.5	-18.9	14.3	-18.5	-18.5	-18.9	106.6	99.1	3.9	2.6	102.7	102.8	147.5	147.5	146.9	159.8	98.3	10.0	2.8	0.0	150.1	128.3	15.0	66.8	1.7	65.1	0.0	33.5	.Autoclave.Outputs.PRESSIP\OutputValue	8.0	7.5	40.9	-1.0	0.0	-1.0	-1.0	-1.0	0.0	0.0	0.0	-1.0	-1.0	0.0	0.0	0.0	-1.0	0.0
17:16:16	11.1	109.9	101.8	104.1	106.2	108.7	107.8	109.3	105.2	102.3	-13.5	-13.3	-12.6	16.1	-13.3	-12.6	-13.5	109.9	101.8	4.4	2.9	106.1	105.8	153.8	153.6	153.1	166.2	98.5	11.0	3.8	0.0	155.8	132.8	16.5	63.7	2.0	62.3	0.0	27.5	.Autoclave.Outputs.PRESSIP\OutputValue	8.0	8.1	43.9	-1.0	0.0	-1.0	-1.0	-1.0	0.0	0.0	0.0	-1.0	-1.0	0.0	0.0	0.0	-1.0	0.0
17:17:16	12.0	113.7	105.0	107.6	110.0	112.7	111.9	114.1	108.7	105.5	-8.6	-8.3	-8.4	17.1	-8.3	-8.3	-8.6	114.1	105.0	4.0	3.3	109.9	109.5	158.1	158.2	157.5	171.0	98.3	12.0	4.8	0.0	161.0	137.4	18.0	68.6	2.2	66.7	0.0	37.1	.Autoclave.Outputs.PRESSIP\OutputValue	8.0	9.1	44.0	-1.0	0.0	-1.0	-1.0	-1.0	0.0	0.0	0.0	-1.0	-1.0	0.0	0.0	0.0	-1.0	0.0
17:18:16	13.1	117.8	108.3	111.1	114.0	117.0	115.9	118.2	112.2	108.9	-4.2	-3.9	-3.9	18.7	-4.0	-3.9	-4.2	118.2	108.3	4.9	3.3	113.7	113.2	163.2	163.3	162.6	174.2	98.5	13.0	5.8	0.0	165.5	141.8	19.5	66.4	2.5	66.2	0.0	32.9	.Autoclave.Outputs.PRESSIP\OutputValue	8.0	9.9	45.0	-1.0	0.0	-1.0	-1.0	-1.0	0.0	0.0	0.0	-1.0	-1.0	0.0	0.0	0.0	-1.0	0.0
17:19:16	14.1	121.9	111.6	115.0	118.2	121.1	120.2	122.5	115.7	112.3	-1.6	-1.5	-1.5	20.4	-1.6	-1.5	-1.6	122.5	111.6	4.3	3.2	117.6	117.0	167.9	168.1	167.4	179.8	98.6	14.0	6.8	0.0	170.2	146.3	21.0	66.9	2.7	64.5	0.0	33.9	.Autoclave.Outputs.PRESSIP\OutputValue	8.0	10.9	45.4	-1.0	0.0	-1.0	-1.0	-1.0	0.0	0.0	0.0	-1.0	-1.0	0.0	0.0	0.0	-1.0	0.0
17:20:16	15.0	125.8	114.9	118.7	122.5	125.7	124.7	126.7	119.6	115.9	-0.7	-0.6	-0.4	22.0	-0.7	-0.4	-0.7	126.7	114.9	4.7	3.4	121.6	120.8	172.6	172.8	172.1	184.9	98.7	15.0	7.8	0.0	174.9	150.8	22.5	65.8	3.0	63.5	0.0	31.6	.Autoclave.Outputs.PRESSIP\OutputValue	8.0	11.8	45.9	-1.0	0.0	-1.0	-1.0	-1.0	0.0	0.0	0.0	-1.0	-1.0	0.0	0.0	0.0	-1.0	0.0
17:21:16	16.1	130.1	118.3	122.7	126.8	130.1	129.1	131.5	123.6	119.6	-0.4	-0.2	-0.2	23.6	-0.3	-0.2	-0.4	131.5	118.3	4.5	3.5	125.7	124.9	177.0	177.0	176.3	188.9	98.9	16.0	8.8	0.0	179.1	155.3	24.0	67.9	3.2	61.9	0.0	35.8	.Autoclave.Outputs.PRESSIP\OutputValue	8.0	13.2	45.5	-1.0	0.0	-1.0	-1.0	-1.0	0.0	0.0	0.0	-1.0	-1.0	0.0	0.0	0.0	-1.0	0.0
17:22:16	17.1	134.2	122.1	127.0	131.3	134.8	133.8	135.9	127.8	123.6	-0.2	0.0	-1.0	24.5	-0.1	0.0	-1.0	135.9	122.1	4.8	4.0	130.0	129.0	181.4	181.4	180.7	192.0	98.9	17.0	9.8	0.0	183.6	159.8	25.5	66.8	3.4	67.6	0.0	33.6	.Autoclave.Outputs.PRESSIP\OutputValue	8.0	13.8	45.5	-1.0	0.0	-1.0	-1.0	-1.0	0.0	0.0	0.0	-1.0	-1.0	0.0	0.0	0.0	-1.0	0.0
17:23:16	18.1	138.5	125.6	131.0	135.7	139.4	138.2	140.7	131.8	127.6	-0.1	0.0	0.1	26.3	-0.1	0.1	-0.1	140.7	125.6	4.9	3.8	134.3	133.1	185.7	185.7	185.1	196.8	99.0	18.0	10.8	0.0	187.9	164.3	27.0	65.8	3.6	64.8	0.0	31.6	.Autoclave.Outputs.PRESSIP\OutputValue	8.0	15.1	45.0	-1.0	0.0	-1.0	-1.0	-1.0	0.0	0.0	0.0	-1.0	-1.0	0.0	0.0	0.0	-1.0	0.0
17:24:16	19.1	142.9	129.9	135.7	140.4	144.2	143.1	145.6	135.9	131.8	0.0	0.0	0.3	28.0	0.0	0.3	0.0	145.6	129.9	5.3	4.1	138.8	137.7	190.2	190.2	189.6	200.6	99.1	19.0	11.8	0.0	192.0	168.8	28.5	64.7	3.9	63.0	0.0	29.3	.Autoclave.Outputs.PRESSIP\OutputValue	8.0	15.7	44.6	-1.0	0.0	-1.0	-1.0	-1.0	0.0	0.0	0.0	-1.0	-1.0	0.0	0.0	0.0	-1.0	0.0
17:25:16	20.1	147.2	134.0	140.2	145.2	149.2	147.9	150.3	140.3	136.1	0.0	0.1	0.1	29.3	0.0	0.1	0.0	150.3	134.0	5.1	4.3	143.4	142.1	193.7	193.7	193.1	205.4	99.1	20.0	12.8	0.0	196.4	173.3	30.0	69.6	4.1	65.0	0.0	39.1	.Autoclave.Outputs.PRESSIP\OutputValue	8.0	16.3	43.4	-1.0	0.0	-1.0	-1.0	-1.0	0.0	0.0	0.0	-1.0	-1.0	0.0	0.0	0.0	-1.0	0.0
17:26:16	21.1	152.0	138.1	144.7	149.9	154.2	152.9	155.5	144.6	140.6	0.0	0.1	0.1	30.7	-0.6	0.1	0.0	155.5	138.1	5.0	4.2	148.0	146.8	197.8	197.9	197.1	208.9	99.1	21.0	13.8	0.0	200.6	177.8	31.5	69.2	4.3	65.7	0.0	38.3	.Autoclave.Outputs.PRESSIP\OutputValue	8.0	17.4	42.3	-1.0	0.0	-1.0	-1.0	-1.0	0.0	0.0	0.0	-1.0	-1.0	0.0	0.0	0.0	-1.0	0.0
17:27:16	22.0	156.4	142.4	149.2	154.8	159.0	157.7	160.2	148.9	144.8	-0.1	0.0	0.0	32.3	0.0	0.0	-0.1	160.2	142.4	5.0	4.4	152.6	151.3	202.1	202.3	201.6	212.6	99.2	22.0	14.8	0.0	204.5	182.3	33.0	68.8	4.5	64.5	0.0	37.5	.Autoclave.Outputs.PRESSIP\OutputValue	8.0	17.8	41.9	-1.0	0.0	-1.0	-1.0	-1.0	0.0	0.0	0.0	-1.0	-1.0	0.0	0.0	0.0	-1.0	0.0
17:28:16	23.1	160.9	146.7	154.1	159.6	163.9	162.5	165.1	153.0	149.3	0.0	0.0	-0.2	34.1	0.0	0.0	-0.2	165.1	146.7	5.0	4.1	157.2	155.9	206.6	206.7	206.0	216.8	99.4	23.0	15.8	0.0	208.5	186.8	34.5	66.7	4.7	62.3	0.0	33.4	.Autoclave.Outputs.PRESSIP\OutputValue	8.0	18.4	41.5	-1.0	0.0	-1.0	-1.0	-1.0	0.0	0.0	0.0	-1.0	-1.0	0.0	0.0	0.0	-1.0	0.0
17:29:16	24.1	165.2	151.1	158.9	164.6	169.1	167.5	170.0	157.7	154.1	0.0	0.1	0.1	35.1	0.0	0.1	0.0	170.0	151.1	5.1	4.5	162.0	160.5	210.2	210.2	209.6	221.8	99.2	24.0	16.8	0.0	212.8	191.3	36.0	69.7	5.0	66.6	0.0	39.4	.Autoclave.Outputs.PRESSIP\OutputValue	8.0	18.9	40.2	-1.0	0.0	-1.0	-1.0	-1.0	0.0	0.0	0.0	-1.0	-1.0	0.0	0.0	0.0	-1.0	0.0
17:30:16	25.0	169.8	155.6	163.4	169.1	173.8	172.4	174.8	162.3	158.8	0.0	0.0	0.0	36.8	0.0	0.0	0.0	174.8	155.6	5.1	4.7	166.7	165.2	214.3	214.4	213.8	225.1	99.5	25.0	17.8	0.0	216.9	195.8	37.5	70.0	5.2	64.7	0.0	39.9	.Autoclave.Outputs.PRESSIP\OutputValue	8.0	19.2	39.5	-1.0	0.0	-1.0	-1.0	-1.0	0.0	0.0	0.0	-1.0	-1.0	0.0	0.0	0.0	-1.0	0.0
17:31:16	26.1	174.6	160.4	168.5	174.1	178.6	177.2	179.7	166.9	163.2	0.0	0.0	0.1	38.5	0.0	0.1	0.0	179.7	160.4	5.2	4.7	171.5	170.0	218.9	218.9	218.3	229.6	99.7	26.0	18.8	0.0	221.1	200.3	39.0	68.8	5.4	62.5	0.0	37.5	.Autoclave.Outputs.PRESSIP\OutputValue	8.0	19.3	39.2	-1.0	0.0	-1.0	-1.0	-1.0	0.0	0.0	0.0	-1.0	-1.0	0.0	0.0	0.0	-1.0	0.0
17:32:16	27.1	179.3	165.1	173.1	179.3	183.6	182.3	184.8	171.7	168.3	-0.1	0.0	-0.9	39.6	0.0	0.0	-0.9	184.8	165.1	5.2	4.6	176.4	174.9	222.9	222.9	222.2	233.9	99.5	27.0	19.8	0.0	225.0	204.8	40.0	67.0	5.6	62.1	0.0	34.0	.Autoclave.Outputs.PRESSIP\OutputValue	8.0	19.7	38.1	-1.0	0.0	-1.0	-1.0	-1.0	0.0	0.0	0.0	-1.0	-1.0	0.0	0.0	0.0	-1.0	0.0
17:33:16	28.0	183.7	170.3	178.1	184.5	188.8	187.4	189.8	176.5	173.0	0.0	0.1	0.1	39.8	0.0	0.1	0.0	189.8	170.3	5.3	4.4	181.3	180.0	226.9	226.9	226.2	237.5	99.5	28.0	20.8	0.0	228.9	209.3	40.0	68.0	5.9	59.6	0.0	36.0	.Autoclave.Outputs.PRESSIP\OutputValue	8.0	19.5	37.1	-1.0	0.0	-1.0	-1.0	-1.0	0.0	0.0	0.0	-1.0	-1.0	0.0	0.0	0.0	-1.0	0.0
17:34:16	29.1	188.3	175.3	182.5	189.1	193.7	192.2	194.6	181.5	177.9	0.0	0.1	0.1	40.1	0.0	0.1	0.0	194.6	175.3	5.6	4.5	186.1	184.9	231.2	231.4	230.5	241.3	99.5	29.0	21.8	0.0	233.2	213.9	40.0	67.0	6.1	56.5	0.0	34.0	.Autoclave.Outputs.PRESSIP\OutputValue	7.9	19.3	36.7	-1.0	0.0	-1.0	-1.0	-1.0	0.0	0.0	0.0	-1.0	-1.0	0.0	0.0	0.0	-1.0	0.0
17:35:15	30.0	192.6	180.2	186.6	193.8	198.3	196.8	199.3	186.1	182.5	0.0	0.0	0.1	40.4	0.0	0.1	0.0	199.3	180.2	4.9	4.4	190.7	189.7	235.0	234.9	234.3	245.4	99.5	30.0	22.7	0.0	237.1	218.2	40.0	69.2	6.3	53.4	0.0	38.4	.Autoclave.Outputs.PRESSIP\OutputValue	7.4	19.1	35.8	-1.0	0.0	-1.0	-1.0	-1.0	0.0	0.0	0.0	-1.0	-1.0	0.0	0.0	0.0	-1.0	0.0
17:35:16	30.1	192.7	180.2	187.0	193.8	197.3	196.9	199.4	186.3	182.7	0.0	0.1	0.1	40.4	0.0	0.1	0.0	199.4	180.2	4.9	4.4	190.7	189.8	235.1	235.1	234.3	245.7	99.5	30.0	0.0	0.0	237.2	218.3	40.0	69.2	6.3	53.1	0.0	38.3	.Autoclave.Outputs.PRESSIP\OutputValue	7.4	19.2	35.8	-1.0	0.0	-1.0	-1.0	-1.0	0.0	0.0	0.0	-1.0	-1.0	0.0	0.0	0.0	-1.0	0.0
17:36:16	31.1	197.1	185.4	192.0	198.8	203.2	201.7	204.2	191.1	187.5	0.0	0.0	-0.7	40.7	0.0	0.0	-0.7	204.2	185.4	5.7	4.4	195.7	194.8	239.2	239.2	238.6	250.0	99.5	31.0	1.0	0.0	241.6	222.8	40.0	70.0	6.5	48.9	0.0	39.9	.Autoclave.Outputs.PRESSIP\OutputValue	6.2	18.8	35.1	-1.0	0.0	-1.0	-1.0	-1.0	0.0	0.0	0.0	-1.0	-1.0	0.0	0.0	0.0	-1.0	0.0
17:37:16	32.1	201.5	190.7	196.6	203.7	207.7	206.3	209.1	195.7	192.0	0.1	0.1	-0.5	39.8	0.0	0.1	-0.5	209.1	190.7	5.1	4.5	200.4	199.9	243.0	243.0	242.3	254.0	99.3	32.0	2.0	0.0	245.8	227.3	40.0	73.4	6.7	57.0	0.0	46.8	.Autoclave.Outputs.PRESSIP\OutputValue	4.8	18.4	34.0	-1.0	0.0	-1.0	-1.0	-1.0	0.0	0.0	0.0	-1.0	-1.0	0.0	0.0	0.0	-1.0	0.0
17:38:16	33.1	206.2	195.8	201.0	208.0	212.3	211.0	213.8	200.6	197.0	-0.1	0.0	-0.1	40.0	0.0	0.0	-0.1	213.8	195.8	5.4	4.7	205.1	204.8	247.8	247.7	247.0	258.6	99.5	33.0	3.0	0.0	249.9	231.9	40.0	68.5	6.9	54.7	0.0	36.9	.Autoclave.Outputs.PRESSIP\OutputValue	4.9	18.0	34.1	-1.0	0.0	-1.0	-1.0	-1.0	0.0	0.0	0.0	-1.0	-1.0	0.0	0.0	0.0	-1.0	0.0
17:39:16	34.1	210.7	201.1	205.6	212.7	216.6	215.6	218.4	205.2	201.6	0.0	0.0	0.1	40.4	0.0	0.1	0.0	218.4	201.1	5.8	4.5	209.7	209.8	252.0	252.2	251.4	263.8	99.5	34.0	4.0	0.0	254.3	236.3	40.0	70.6	7.1	50.7	0.0	41.3	.Autoclave.Outputs.PRESSIP\OutputValue	4.5	17.4	33.6	-1.0	0.0	-1.0	-1.0	-1.0	0.0	0.0	0.0	-1.0	-1.0	0.0	0.0	0.0	-1.0	0.0
17:40:16	35.1	215.2	206.7	209.7	217.5	222.0	220.3	223.0	209.7	206.3	0.0	0.1	0.1	40.7	0.0	0.1	0.0	223.0	206.3	5.3	4.3	214.5	214.7	256.5	256.5	255.9	268.6	99.5	35.0	5.0	0.0	258.6	240.8	40.0	68.7	7.3	46.6	0.0	37.3	.Autoclave.Outputs.PRESSIP\OutputValue	3.5	16.7	33.5	-1.0	0.0	-1.0	-1.0	-1.0	0.0	0.0	0.0	-1.0	-1.0	0.0	0.0	0.0	-1.0	0.0
17:41:16	36.1	219.9	211.8	214.4	222.1	226.3	224.9	227.7	214.4	210.9	0.0	0.0	0.4	41.0	0.0	0.4	0.0	227.7	210.9	5.8	3.6	219.2	219.3	261.0	261.0	260.3	272.6	99.5	36.0	6.0	0.0	263.0	245.3	40.0	69.5	7.6	42.2	0.0	39.0	.Autoclave.Outputs.PRESSIP\OutputValue	1.9	16.8	33.3	-1.0	0.0	-1.0	-1.0	-1.0	0.0	0.0	0.0	-1.0	-1.0	0.0	0.0	0.0	-1.0	0.0
17:42:16	37.1	224.4	216.5	218.9	226.7	231.2	229.5	232.4	219.1	215.5	0.0	0.0	-0.4	40.0	-0.3	0.0	-0.4	232.4	215.5	5.6	4.6	223.8	224.0	265.4	265.3	264.7	276.8	99.4	37.0	7.0	0.0	267.3	249.8	40.0	68.4	7.8	52.2	0.0	36.9	.Autoclave.Outputs.PRESSIP\OutputValue	2.1	16.9	33.0	-1.0	0.0	-1.0	-1.0	-1.0	0.0	0.0	0.0	-1.0	-1.0	0.0	0.0	0.0	-1.0	0.0
17:43:16	38.0	229.1	220.5	223.1	231.3	235.8	234.0	236.9	223.5	220.1	0.0	0.1	-0.1	40.3	0.0	0.1	-0.1	236.9	220.1	4.9	4.3	228.3	228.5	269.8	269.8	269.1	281.1	99.5	38.0	8.0	0.0	271.8	254.3	40.0	69.4	8.0	49.1	0.0	38.8	.Autoclave.Outputs.PRESSIP\OutputValue	1.8	16.8	32.9	-1.0	0.0	-1.0	-1.0	-1.0	0.0	0.0	0.0	-1.0	-1.0	0.0	0.0	0.0	-1.0	0.0
17:44:16	39.1	233.6	225.3	227.5	235.5	239.6	238.4	241.6	228.0	224.6	-0.1	0.0	-0.1	40.6	0.0	0.0	-0.1	241.6	224.6	5.1	4.3	232.7	233.1	274.0	274.2	273.4	286.4	99.6	39.0	9.0	0.0	276.2	258.8	40.0	70.0	8.2	44.9	0.0	40.0	.Autoclave.Outputs.PRESSIP\OutputValue	1.0	17.0	32.4	-1.0	0.0	-1.0	-1.0	-1.0	0.0	0.0	0.0	-1.0	-1.0	0.0	0.0	0.0	-1.0	0.0
17:45:16	40.1	238.1	230.3	232.1	240.1	244.8	243.0	246.1	232.6	229.4	0.0	0.1	0.1	40.9	0.0	0.1	0.0	246.1	229.4	5.6	4.6	237.4	237.8	278.5	278.6	278.0	290.6	99.5	40.0	10.0	0.0	280.5	263.3	40.0	72.3	8.4	41.0	0.0	44.6	.Autoclave.Outputs.PRESSIP\OutputValue	-0.5	16.7	32.4	-1.0	0.0	-1.0	-1.0	-1.0	0.0	0.0	0.0	-1.0	-1.0	0.0	0.0	0.0	-1.0	0.0
17:46:16	41.0	242.8	234.8	236.4	244.7	249.5	247.6	250.8	237.1	234.2	0.0	0.1	0.1	40.0	0.0	0.1	0.0	250.8	234.2	5.0	4.2	242.0	242.5	283.0	283.2	282.4	296.9	99.5	41.0	11.0	0.0	284.9	267.8	40.0	69.1	8.6	49.0	0.0	38.3	.Autoclave.Outputs.PRESSIP\OutputValue	-1.1	16.6	32.2	-1.0	0.0	-1.0	-1.0	-1.0	0.0	0.0	0.0	-1.0	-1.0	0.0	0.0	0.0	-1.0	0.0
17:47:16	42.1	247.4	239.4	240.7	249.0	254.0	252.2	255.2	241.6	238.8	0.1	0.1	0.1	40.2	0.0	0.1	0.1	255.2	238.8	5.1	4.1	246.5	247.0	287.6	287.6	287.0	299.5	99.5	42.0	12.0	0.0	288.8	272.0	40.0	64.3	8.8	47.0	0.0	28.6	.Autoclave.Outputs.PRESSIP\OutputValue	-1.3	16.4	32.4	-1.0	0.0	-1.0	-1.0	-1.0	0.0	0.0	0.0	-1.0	-1.0	0.0	0.0	0.0	-1.0	0.0
17:48:16	43.1	251.5	240.9	243.0	252.3	255.4	254.8	257.5	244.7	241.8	0.0	0.1	0.1	39.8	0.0	0.1	0.0	257.5	240.9	4.3	1.7	249.1	249.2	281.3	281.2	280.5	288.2	99.7	43.0	13.0	0.0	286.6	272.0	40.0	92.5	9.0	51.2	0.0	85.1	.Autoclave.Outputs.PRESSIP\OutputValue	-0.8	16.6	23.8	-1.0	0.0	-1.0	-1.0	-1.0	0.0	0.0	0.0	-1.0	-1.0	0.0	0.0	0.0	-1.0	0.0
17:49:16	44.0	254.0	243.9	246.0	255.5	259.3	258.0	260.5	248.4	245.5	0.0	0.1	0.1	39.9	0.0	0.1	0.0	260.5	243.9	3.9	2.6	252.3	252.2	282.7	282.8	282.0	290.5	99.7	44.0	14.0	0.0	283.5	272.0	40.0	62.8	9.3	50.6	0.0	25.6	.Autoclave.Outputs.PRESSIP\OutputValue	-0.5	16.6	22.2	-1.0	0.0	-1.0	-1.0	-1.0	0.0	0.0	0.0	-1.0	-1.0	0.0	0.0	0.0	-1.0	0.0
17:50:16	45.1	256.7	246.3	248.5	258.4	261.8	260.6	262.4	251.6	248.4	0.0	0.1	0.1	39.8	0.0	0.1	0.0	262.4	246.3	3.3	2.2	255.0	254.4	281.8	281.8	281.0	287.7	99.6	45.0	15.0	0.0	281.5	272.0	40.0	54.8	9.3	52.0	0.0	9.6	.Autoclave.Outputs.PRESSIP\OutputValue	-0.1	16.1	19.4	-1.0	0.0	-1.0	-1.0	-1.0	0.0	0.0	0.0	-1.0	-1.0	0.0	0.0	0.0	-1.0	0.0
17:51:16	46.1	258.8	248.4	250.8	260.7	263.6	262.8	264.1	254.3	251.1	0.0	0.1	0.1	39.7	0.0	0.1	0.0	264.1	248.4	2.9	1.7	257.2	256.3	280.2	280.2	279.5	286.0	99.6	46.0	16.0	0.0	279.9	272.0	40.0	54.1	9.3	52.9	0.0	8.2	.Autoclave.Outputs.PRESSIP\OutputValue	0.3	15.7	16.1	-1.0	0.0	-1.0	-1.0	-1.0	0.0	0.0	0.0	-1.0	-1.0	0.0	0.0	0.0	-1.0	0.0
17:52:16	47.1	260.4	250.0	252.7	262.4	265.3	264.7	265.4	256.8	253.5	0.0	0.1	0.1	39.7	0.0	0.1	0.0	265.4	250.0	2.5	1.2	259.0	257.7	279.0	279.0	278.3	284.4	99.6	47.0	17.0	0.0	278.6	272.0	40.0	53.4	9.2	54.1	0.0	6.8	.Autoclave.Outputs.PRESSIP\OutputValue	0.9	15.4	13.6	-1.0	0.0	-1.0	-1.0	-1.0	0.0	0.0	0.0	-1.0	-1.0	0.0	0.0	0.0	-1.0	0.0
17:53:16	48.1	261.8	251.8	254.5	264.0	266.9	266.3	266.6	258.9	255.5	0.0	0.1	0.1	39.7	0.0	0.1	0.0	266.9	251.8	2.2	1.2	260.7	259.4	277.8	277.8	277.1	283.5	99.6	48.0	18.0	0.0	277.0	272.0	40.0	52.1	9.2	54.9	0.0	4.2	.Autoclave.Outputs.PRESSIP\OutputValue	1.6	15.1	10.9	-1.0	0.0	-1.0	-1.0	-1.0	0.0	0.0	0.0	-1.0	-1.0	0.0	0.0	0.0	-1.0	0.0
17:54:16	49.1	262.6	252.6	255.3	265.0	267.5	267.2	266.7	260.5	257.0	0.0	0.0	0.1	39.5	0.0	0.1	0.0	267.5	252.6	1.6	0.3	261.6	260.1	274.7	274.7	274.0	280.4	99.6	49.0	19.0	0.0	276.5	272.0	40.0	68.9	9.3	57.6	0.0	37.9	.Autoclave.Outputs.PRESSIP\OutputValue	2.8	14.9	7.2	-1.0	0.0	-1.0	-1.0	-1.0	0.0	0.0	0.0	-1.0	-1.0	0.0	0.0	0.0	-1.0	0.0
17:55:16	50.1	263.4	254.3	256.9	266.3	268.8	268.5	267.6	262.0	258.8	0.0	0.1	0.1	39.5	0.0	0.1	0.0	268.8	254.3	1.9	0.8	263.0	261.6	275.6	275.6	274.9	281.3	99.7	50.0	20.0	0.0	275.2	272.0	40.0	54.3	9.4	58.6	0.0	8.6	.Autoclave.Outputs.PRESSIP\OutputValue	3.7	14.5	6.8	-1.0	0.0	-1.0	-1.0	-1.0	0.0	0.0	0.0	-1.0	-1.0	0.0	0.0	0.0	-1.0	0.0
17:56:16	51.0	264.1	255.9	258.5	267.0	269.6	269.4	268.2	263.2	260.2	0.0	0.1	0.1	39.5	0.0	0.1	0.0	269.6	255.9	1.7	0.6	264.0	262.8	274.9	274.9	274.2	280.2	99.7	51.0	21.0	0.0	274.4	272.0	40.0	53.6	9.4	59.7	0.0	7.2	.Autoclave.Outputs.PRESSIP\OutputValue	4.7	13.7	5.3	-1.0	0.0	-1.0	-1.0	-1.0	0.0	0.0	0.0	-1.0	-1.0	0.0	0.0	0.0	-1.0	0.0
17:57:16	52.1	264.9	256.6	259.7	267.9	270.3	270.0	268.6	264.5	261.4	0.0	0.1	0.1	39.5	0.0	0.1	0.0	270.3	256.6	1.2	0.4	264.9	263.5	274.3	274.3	273.6	279.2	99.7	52.0	22.0	0.0	273.8	272.0	40.0	54.2	9.3	60.9	0.0	8.4	.Autoclave.Outputs.PRESSIP\OutputValue	5.7	13.7	4.0	-1.0	0.0	-1.0	-1.0	-1.0	0.0	0.0	0.0	-1.0	-1.0	0.0	0.0	0.0	-1.0	0.0
17:58:16	53.1	265.4	256.9	260.0	268.0	269.5	269.7	264.3	264.9	261.9	0.0	0.1	0.1	40.1	0.0	0.1	0.0	269.7	256.9	0.8	-0.7	264.5	263.3	269.3	269.3	268.6	270.7	99.8	53.0	23.0	0.0	274.0	272.0	40.0	87.6	9.4	55.7	0.0	75.3	.Autoclave.Outputs.PRESSIP\OutputValue	6.5	12.8	-0.4	-1.0	0.0	-1.0	-1.0	-1.0	0.0	0.0	0.0	-1.0	-1.0	0.0	0.0	0.0	-1.0	0.0
17:59:16	54.0	265.5	258.5	261.3	268.7	270.6	270.4	268.6	265.8	263.1	0.0	0.1	0.1	40.4	0.0	0.1	0.0	270.6	258.5	1.4	-4.0	265.8	264.6	272.4	272.4	271.7	278.9	99.8	54.0	24.0	0.0	273.4	272.0	40.0	63.9	9.6	52.0	0.0	27.8	.Autoclave.Outputs.PRESSIP\OutputValue	5.9	12.1	1.8	-1.0	0.0	-1.0	-1.0	-1.0	0.0	0.0	0.0	-1.0	-1.0	0.0	0.0	0.0	-1.0	0.0
18:00:16	55.1	266.0	259.8	262.6	269.5	271.0	270.8	269.2	266.5	264.0	0.0	0.1	0.1	40.4	0.0	0.1	0.0	271.0	259.8	5.1	0.4	266.6	265.4	273.2	273.3	272.6	278.2	99.8	55.0	25.0	0.0	273.2	272.0	40.0	56.6	9.6	51.0	0.0	13.2	.Autoclave.Outputs.PRESSIP\OutputValue	5.0	11.2	2.2	-1.0	0.0	-1.0	-1.0	-1.0	0.0	0.0	0.0	-1.0	-1.0	0.0	0.0	0.0	-1.0	0.0
18:00:38	55.4	266.1	260.2	262.9	269.5	270.6	271.0	269.3	266.8	264.4	0.0	0.1	0.1	40.4	0.0	0.1	0.0	271.0	260.2	1.1	0.1	266.8	265.6	273.4	273.4	272.6	278.9	99.9	55.4	25.4	0.0	272.8	272.0	40.0	51.9	9.6	50.5	0.0	3.8	.Autoclave.Outputs.PRESSIP\OutputValue	4.7	10.8	2.2	-1.0	0.0	-1.0	-1.0	-1.0	0.0	0.0	0.0	-1.0	-1.0	0.0	0.0	0.0	-1.0	0.0
18:01:16	56.1	266.5	260.6	263.1	269.4	271.0	270.7	269.1	267.0	264.7	0.0	0.1	0.1	40.2	0.0	0.1	0.0	271.0	260.6	1.1	0.1	266.9	265.8	271.9	271.9	271.1	273.2	99.7	56.0	0.6	70.4	272.8	272.0	40.0	63.2	9.6	52.3	0.0	26.4	.Autoclave.Outputs.PRESSIP\OutputValue	4.3	10.4	0.9	-1.0	0.0	-1.0	-1.0	-1.0	0.0	0.0	0.0	-1.0	-1.0	0.0	0.0	0.0	-1.0	0.0
18:02:16	57.0	266.9	261.5	264.2	268.3	270.8	271.2	269.7	267.7	265.6	0.0	0.1	0.1	40.4	0.0	0.1	0.0	271.2	261.5	1.0	-0.3	267.3	266.4	273.0	273.1	272.4	278.6	99.7	57.0	1.6	69.4	272.9	272.0	40.0	56.6	9.7	49.3	0.0	13.2	.Autoclave.Outputs.PRESSIP\OutputValue	3.5	9.7	1.8	-1.0	0.0	-1.0	-1.0	-1.0	0.0	0.0	0.0	-1.0	-1.0	0.0	0.0	0.0	-1.0	0.0
18:03:16	58.1	267.6	262.1	264.8	269.9	270.7	271.1	269.6	268.0	266.0	-0.1	0.1	0.1	40.1	0.0	0.1	-0.1	271.1	262.1	0.7	0.0	267.8	266.6	272.1	272.1	271.3	271.8	99.6	58.0	2.6	68.4	272.8	272.0	40.0	61.3	9.7	51.5	0.0	22.5	.Autoclave.Outputs.PRESSIP\OutputValue	2.8	9.0	1.0	-1.0	0.0	-1.0	-1.0	-1.0	0.0	0.0	0.0	-1.0	-1.0	0.0	0.0	0.0	-1.0	0.0
18:04:16	59.1	267.5	262.7	265.2	270.3	271.2	271.1	269.8	268.4	266.6	0.0	0.1	0.1	40.5	0.0	0.1	0.0	271.2	262.7	0.9	-0.1	268.1	267.0	272.2	272.2	271.5	279.0	99.8	59.0	3.6	67.4	272.9	272.0	40.0	62.1	9.8	47.3	0.0	24.1	.Autoclave.Outputs.PRESSIP\OutputValue	2.1	8.5	1.0	-1.0	0.0	-1.0	-1.0	-1.0	0.0	0.0	0.0	-1.0	-1.0	0.0	0.0	0.0	-1.0	0.0
18:05:16	60.0	268.0	263.9	266.3	270.3	271.2	271.4	270.4	268.8	267.2	0.0	0.1	0.1	40.4	0.0	0.1	0.0	271.4	263.9	1.2	-0.7	268.6	267.7	273.0	273.0	272.4	278.2	99.8	60.0	4.6	66.4	272.6	272.0	40.0	54.0	9.8	46.8	0.0	8.1	.Autoclave.Outputs.PRESSIP\OutputValue	1.2	7.5	1.6	-1.0	0.0	-1.0	-1.0	-1.0	0.0	0.0	0.0	-1.0	-1.0	0.0	0.0	0.0	-1.0	0.0
18:06:16	61.1	268.4	264.2	266.2	270.7	271.0	271.1	270.1	269.0	267.4	0.0	0.1	0.1	40.4	0.0	0.1	0.0	271.1	264.2	0.5	-0.8	268.7	267.7	271.0	271.0	270.4	277.9	99.9	61.0	5.6	65.4	272.8	272.0	40.0	69.5	9.9	46.7	0.0	38.9	.Autoclave.Outputs.PRESSIP\OutputValue	0.6	6.9	-0.1	-1.0	0.0	-1.0	-1.0	-1.0	0.0	0.0	0.0	-1.0	-1.0	0.0	0.0	0.0	-1.0	0.0
18:07:16	62.1	268.7	264.9	267.1	270.3	271.6	271.4	270.6	269.3	268.1	0.0	0.1	0.1	40.4	0.0	0.1	0.0	271.6	264.9	1.1	0.1	269.1	268.3	272.9	272.8	272.1	277.9	99.8	62.0	6.6	64.4	272.6	272.0	40.0	55.5	9.9	45.6	0.0	10.9	.Autoclave.Outputs.PRESSIP\OutputValue	-0.3	6.7	1.3	-1.0	0.0	-1.0	-1.0	-1.0	0.0	0.0	0.0	-1.0	-1.0	0.0	0.0	0.0	-1.0	0.0
18:08:16	63.1	269.1	265.7	267.6	271.0	271.5	271.5	270.9	269.6	268.5	0.0	0.1	0.1	40.4	0.0	0.1	0.0	271.5	265.7	0.7	0.0	269.5	268.6	272.9	272.8	272.1	277.2	99.7	63.0	7.6	63.4	272.4	272.0	40.0	54.1	9.8	44.5	0.0	8.2	.Autoclave.Outputs.PRESSIP\OutputValue	-1.3	5.8	1.4	-1.0	0.0	-1.0	-1.0	-1.0	0.0	0.0	0.0	-1.0	-1.0	0.0	0.0	0.0	-1.0	0.0
18:09:16	64.1	269.4	266.0	267.9	271.1	271.9	271.5	270.9	270.0	268.8	0.0	0.1	0.1	40.5	0.0	0.1	0.0	271.9	266.0	0.6	0.0	269.7	269.0	272.8	272.9	272.2	278.1	99.8	64.0	8.6	62.4	272.5	272.0	40.0	50.7	9.8	43.1	0.0	1.5	.Autoclave.Outputs.PRESSIP\OutputValue	-2.1	5.9	0.9	-1.0	0.0	-1.0	-1.0	-1.0	0.0	0.0	0.0	-1.0	-1.0	0.0	0.0	0.0	-1.0	0.0
18:10:16	65.1	269.5	266.5	268.5	271.3	271.4	271.5	271.1	270.2	269.1	0.0	0.1	0.1	40.5	0.0	0.1	0.0	271.5	266.5	0.5	0.0	269.9	269.0	272.9	272.9	272.1	278.4	99.8	65.0	9.7	61.4	272.4	272.0	40.0	54.7	9.8	42.2	0.0	9.4	.Autoclave.Outputs.PRESSIP\OutputValue	-3.0	5.0	1.4	-1.0	0.0	-1.0	-1.0	-1.0	0.0	0.0	0.0	-1.0	-1.0	0.0	0.0	0.0	-1.0	0.0
18:11:16	66.1	269.7	266.8	268.8	270.8	271.6	271.5	271.1	270.4	269.4	0.0	0.1	0.1	40.5	0.0	0.1	0.0	271.6	266.8	0.4	-0.9	270.0	269.2	272.7	272.7	271.9	278.6	99.8	66.0	10.6	60.4	272.5	272.0	40.0	56.0	9.7	41.1	0.0	12.0	.Autoclave.Outputs.PRESSIP\OutputValue	-3.9	4.8	1.1	-1.0	0.0	-1.0	-1.0	-1.0	0.0	0.0	0.0	-1.0	-1.0	0.0	0.0	0.0	-1.0	0.0
18:12:16	67.0	270.0	266.7	268.4	270.4	271.0	271.0	270.8	270.3	269.3	0.0	0.1	0.1	40.4	0.0	0.1	0.0	271.0	266.7	0.3	-0.6	269.8	268.9	270.3	270.2	269.5	274.5	99.8	67.0	11.6	59.4	272.9	272.0	40.0	74.0	9.8	41.9	0.0	48.1	.Autoclave.Outputs.PRESSIP\OutputValue	-4.6	4.3	-0.7	-1.0	0.0	-1.0	-1.0	-1.0	0.0	0.0	0.0	-1.0	-1.0	0.0	0.0	0.0	-1.0	0.0
18:13:16	68.1	269.8	267.7	269.2	271.2	271.3	271.3	271.3	270.7	269.8	0.0	0.1	0.1	40.5	0.0	0.1	0.0	271.3	267.7	0.7	-0.2	270.3	269.5	272.7	272.7	272.0	278.8	100.0	68.0	12.7	58.3	272.6	272.0	40.0	54.8	9.9	39.3	0.0	9.6	.Autoclave.Outputs.PRESSIP\OutputValue	-5.6	3.6	1.4	-1.0	0.0	-1.0	-1.0	-1.0	0.0	0.0	0.0	-1.0	-1.0	0.0	0.0	0.0	-1.0	0.0
18:14:16	69.1	270.1	267.8	269.5	271.3	272.0	271.5	271.5	270.8	270.1	0.0	0.1	0.1	40.5	0.0	0.1	0.0	272.0	267.8	0.6	0.0	270.5	269.9	272.9	272.9	272.1	277.7	99.9	69.0	13.6	57.4	272.4	272.0	40.0	53.4	9.8	39.6	0.0	6.9	.Autoclave.Outputs.PRESSIP\OutputValue	-6.0	4.2	0.9	-1.0	0.0	-1.0	-1.0	-1.0	0.0	0.0	0.0	-1.0	-1.0	0.0	0.0	0.0	-1.0	0.0
18:15:16	70.0	270.0	267.9	269.3	270.6	271.0	271.1	271.1	270.7	269.9	0.0	0.1	0.1	40.4	0.0	0.1	0.0	271.1	267.9	0.1	-0.5	270.2	269.5	271.0	271.0	270.3	277.4	99.9	70.0	14.6	56.4	272.9	272.0	40.0	70.2	10.0	39.6	0.0	40.4	.Autoclave.Outputs.PRESSIP\OutputValue	-6.0	3.2	-0.1	-1.0	0.0	-1.0	-1.0	-1.0	0.0	0.0	0.0	-1.0	-1.0	0.0	0.0	0.0	-1.0	0.0
18:16:16	71.1	270.3	268.4	269.7	270.8	271.2	271.2	271.5	270.9	270.3	0.0	0.1	0.1	40.5	0.0	0.1	0.0	271.5	268.4	0.9	0.0	270.5	270.0	272.7	272.8	272.0	278.3	99.9	71.0	15.6	55.4	272.5	272.0	40.0	56.2	10.0	38.8	0.0	12.5	.Autoclave.Outputs.PRESSIP\OutputValue	-6.0	3.1	1.2	-1.0	0.0	-1.0	-1.0	-1.0	0.0	0.0	0.0	-1.0	-1.0	0.0	0.0	0.0	-1.0	0.0
18:17:16	72.1	270.6	268.4	269.5	271.0	270.7	271.1	271.2	270.8	270.2	0.0	0.1	0.1	40.5	0.0	0.1	0.0	271.2	268.4	0.3	-1.1	270.4	269.8	271.1	271.1	270.3	277.0	100.1	72.0	16.6	54.4	272.9	272.0	40.0	69.6	10.0	39.4	0.0	39.2	.Autoclave.Outputs.PRESSIP\OutputValue	-6.0	2.8	-0.1	-1.0	0.0	-1.0	-1.0	-1.0	0.0	0.0	0.0	-1.0	-1.0	0.0	0.0	0.0	-1.0	0.0
18:18:16	73.0	270.4	269.0	270.1	270.8	271.1	271.2	271.5	271.1	270.6	0.0	0.1	0.1	40.5	0.0	0.1	0.0	271.5	269.0	0.5	-0.4	270.7	270.3	272.7	272.7	271.9	278.0	99.8	73.0	17.7	53.3	272.5	272.0	40.0	55.0	10.1	38.8	0.0	9.9	.Autoclave.Outputs.PRESSIP\OutputValue	-6.0	2.5	1.2	-1.0	0.0	-1.0	-1.0	-1.0	0.0	0.0	0.0	-1.0	-1.0	0.0	0.0	0.0	-1.0	0.0
18:19:16	74.1	270.8	269.1	270.1	271.2	271.5	271.3	271.6	271.1	270.6	0.0	0.1	0.1	40.6	0.0	0.1	0.0	271.6	269.1	0.7	-0.4	270.8	270.4	272.3	272.2	271.6	278.6	99.9	74.0	18.6	52.4	272.4	272.0	40.0	58.9	10.0	38.7	0.0	17.9	.Autoclave.Outputs.PRESSIP\OutputValue	-6.0	2.5	0.7	-1.0	0.0	-1.0	-1.0	-1.0	0.0	0.0	0.0	-1.0	-1.0	0.0	0.0	0.0	-1.0	0.0
18:20:16	75.1	270.9	269.3	270.5	271.4	271.0	271.4	271.9	271.3	270.8	0.0	0.1	0.1	40.5	0.0	0.1	0.0	271.9	269.3	0.5	0.0	271.0	270.6	272.9	272.8	272.1	277.6	99.9	75.0	19.6	51.4	272.2	272.0	40.0	51.6	10.0	39.0	0.0	3.1	.Autoclave.Outputs.PRESSIP\OutputValue	-6.0	2.6	1.0	-1.0	0.0	-1.0	-1.0	-1.0	0.0	0.0	0.0	-1.0	-1.0	0.0	0.0	0.0	-1.0	0.0
18:21:16	76.1	270.9	269.6	270.6	270.8	271.4	271.4	271.9	271.5	271.0	0.0	0.1	0.1	40.5	0.0	0.1	0.0	271.9	269.6	0.4	-0.6	271.0	270.8	272.7	272.7	271.9	277.7	99.9	76.0	20.6	50.4	272.0	272.0	40.0	53.5	9.9	38.7	0.0	7.0	.Autoclave.Outputs.PRESSIP\OutputValue	-6.0	2.3	0.8	-1.0	0.0	-1.0	-1.0	-1.0	0.0	0.0	0.0	-1.0	-1.0	0.0	0.0	0.0	-1.0	0.0
18:22:16	77.1	271.1	269.8	271.0	271.5	271.3	271.5	272.0	271.5	271.1	0.0	0.1	0.1	40.5	0.0	0.1	0.0	272.0	269.8	0.7	-0.1	271.2	270.9	272.6	272.6	271.8	277.6	100.0	77.0	21.6	49.4	272.0	272.0	40.0	53.4	9.9	38.8	0.0	6.9	.Autoclave.Outputs.PRESSIP\OutputValue	-6.0	2.2	0.6	-1.0	0.0	-1.0	-1.0	-1.0	0.0	0.0	0.0	-1.0	-1.0	0.0	0.0	0.0	-1.0	0.0
18:23:16	78.1	270.9	269.1	270.2	270.8	270.5	270.9	271.3	271.2	270.7	0.0	0.1	0.1	40.4	0.0	0.1	0.0	271.3	269.1	-0.2	-5.2	270.6	270.2	269.7	269.8	269.0	276.5	100.1	78.0	22.6	48.4	272.7	272.0	40.0	77.7	10.1	39.2	0.0	55.4	.Autoclave.Outputs.PRESSIP\OutputValue	-6.0	2.2	-1.6	-1.0	0.0	-1.0	-1.0	-1.0	0.0	0.0	0.0	-1.0	-1.0	0.0	0.0	0.0	-1.0	0.0
18:24:16	79.1	270.9	270.1	270.5	271.2	271.3	271.1	271.7	271.3	271.0	0.0	0.1	0.1	40.6	0.0	0.1	0.0	271.7	270.1	5.0	0.0	271.0	270.9	272.3	272.3	271.6	278.6	100.1	79.0	23.7	47.3	272.3	272.0	40.0	57.8	10.2	38.5	0.0	15.6	.Autoclave.Outputs.PRESSIP\OutputValue	-6.0	1.6	0.6	-1.0	0.0	-1.0	-1.0	-1.0	0.0	0.0	0.0	-1.0	-1.0	0.0	0.0	0.0	-1.0	0.0
18:25:16	80.1	270.9	270.2	271.1	271.3	271.4	271.2	271.8	271.5	271.1	0.0	0.1	0.1	40.6	0.0	0.1	0.0	271.8	270.2	0.5	0.0	271.2	271.0	272.8	272.8	272.0	277.8	100.1	80.0	24.6	46.4	272.2	272.0	40.0	53.8	10.2	38.5	0.0	7.5	.Autoclave.Outputs.PRESSIP\OutputValue	-6.0	1.6	1.0	-1.0	0.0	-1.0	-1.0	-1.0	0.0	0.0	0.0	-1.0	-1.0	0.0	0.0	0.0	-1.0	0.0
18:26:16	81.1	271.2	270.4	271.2	271.3	270.8	271.2	272.0	271.5	271.2	0.0	0.1	0.1	40.5	0.0	0.1	0.0	272.0	270.4	0.3	-0.1	271.2	271.2	272.8	272.8	272.0	277.8	100.1	81.0	25.6	45.4	272.1	272.0	40.0	53.0	10.1	38.7	0.0	6.1	.Autoclave.Outputs.PRESSIP\OutputValue	-6.0	1.6	0.8	-1.0	0.0	-1.0	-1.0	-1.0	0.0	0.0	0.0	-1.0	-1.0	0.0	0.0	0.0	-1.0	0.0
18:27:16	82.1	271.4	270.5	271.3	271.3	271.0	271.3	271.9	271.6	271.2	0.0	0.0	0.1	40.5	0.0	0.1	0.0	271.9	270.5	0.3	0.0	271.3	271.2	272.7	272.7	272.0	277.5	100.1	82.0	26.6	44.4	272.0	272.0	40.0	53.6	10.1	38.7	0.0	7.3	.Autoclave.Outputs.PRESSIP\OutputValue	-6.0	1.4	0.8	-1.0	0.0	-1.0	-1.0	-1.0	0.0	0.0	0.0	-1.0	-1.0	0.0	0.0	0.0	-1.0	0.0
18:28:16	83.0	271.4	270.5	271.2	271.3	271.0	271.3	272.2	271.6	271.5	0.0	0.1	0.1	40.6	0.0	0.1	0.0	272.2	270.5	0.4	-0.1	271.3	271.4	272.6	272.5	271.9	277.9	99.9	83.0	27.6	43.4	271.8	272.0	40.0	53.6	10.0	38.7	0.0	7.1	.Autoclave.Outputs.PRESSIP\OutputValue	-6.0	1.7	0.4	-1.0	0.0	-1.0	-1.0	-1.0	0.0	0.0	0.0	-1.0	-1.0	0.0	0.0	0.0	-1.0	0.0
18:29:16	84.1	271.4	270.1	271.0	271.1	271.3	270.9	271.6	271.4	270.9	0.0	0.1	0.1	39.9	0.0	0.1	0.0	271.6	270.1	0.1	-0.5	271.1	270.9	270.5	270.5	269.8	263.4	99.9	84.0	28.7	42.3	272.4	272.0	40.0	68.8	9.9	44.9	0.0	37.7	.Autoclave.Outputs.PRESSIP\OutputValue	-6.0	1.5	-1.1	-1.0	0.0	-1.0	-1.0	-1.0	0.0	0.0	0.0	-1.0	-1.0	0.0	0.0	0.0	-1.0	0.0
18:30:16	85.1	270.9	270.0	270.6	270.9	270.5	270.7	271.5	271.5	271.0	0.0	0.1	0.1	40.5	0.0	0.1	0.0	271.5	270.0	0.3	-0.7	270.9	270.8	271.0	271.0	270.3	277.3	100.1	85.0	29.6	41.4	272.5	272.0	40.0	68.5	10.3	39.0	0.0	37.0	.Autoclave.Outputs.PRESSIP\OutputValue	-6.0	1.5	-0.5	-1.0	0.0	-1.0	-1.0	-1.0	0.0	0.0	0.0	-1.0	-1.0	0.0	0.0	0.0	-1.0	0.0
18:31:16	86.0	270.9	270.5	271.1	271.0	271.6	271.0	271.8	271.5	271.3	0.0	0.1	0.1	40.6	0.0	0.1	0.0	271.8	270.5	0.7	-0.8	271.2	271.2	272.6	272.6	271.9	278.2	100.1	86.0	30.6	40.4	272.2	272.0	40.0	55.9	10.3	38.5	0.0	11.7	.Autoclave.Outputs.PRESSIP\OutputValue	-6.0	1.3	0.8	-1.0	0.0	-1.0	-1.0	-1.0	0.0	0.0	0.0	-1.0	-1.0	0.0	0.0	0.0	-1.0	0.0
18:32:16	87.1	271.0	270.6	271.2	271.2	271.2	271.1	271.4	271.7	271.3	0.0	0.1	0.1	40.6	0.0	0.1	0.0	271.7	270.6	0.2	0.0	271.2	271.2	272.8	272.7	272.0	277.8	100.1	87.0	31.6	39.4	272.0	272.0	40.0	53.8	10.2	38.5	0.0	7.6	.Autoclave.Outputs.PRESSIP\OutputValue	-6.0	1.1	1.1	-1.0	0.0	-1.0	-1.0	-1.0	0.0	0.0	0.0	-1.0	-1.0	0.0	0.0	0.0	-1.0	0.0
18:33:16	88.1	271.2	270.8	271.4	271.2	271.3	271.1	272.0	271.6	271.4	0.0	0.1	0.1	40.6	0.0	0.1	0.0	272.0	270.8	0.5	0.1	271.3	271.4	272.7	272.7	272.0	277.5	100.2	88.0	32.6	38.4	272.0	272.0	40.0	53.1	10.2	38.5	0.0	6.1	.Autoclave.Outputs.PRESSIP\OutputValue	-6.0	1.2	0.7	-1.0	0.0	-1.0	-1.0	-1.0	0.0	0.0	0.0	-1.0	-1.0	0.0	0.0	0.0	-1.0	0.0
18:34:16	89.0	271.5	270.8	271.6	271.3	271.3	271.2	272.0	271.7	271.6	0.0	0.1	0.1	40.6	0.0	0.1	0.0	272.0	270.8	0.3	-0.1	271.5	271.4	272.7	272.7	272.0	277.7	100.1	89.0	33.6	37.4	272.0	272.0	40.0	51.7	10.1	38.7	0.0	3.3	.Autoclave.Outputs.PRESSIP\OutputValue	-6.0	1.2	0.7	-1.0	0.0	-1.0	-1.0	-1.0	0.0	0.0	0.0	-1.0	-1.0	0.0	0.0	0.0	-1.0	0.0
18:35:16	90.1	271.6	271.0	271.5	271.3	271.2	271.2	272.0	271.8	271.6	0.0	0.1	0.1	40.6	0.0	0.1	0.0	272.0	271.0	0.1	-0.8	271.5	271.5	272.5	272.5	271.8	277.5	100.2	90.0	34.6	36.4	271.8	272.0	40.0	52.9	10.0	38.5	0.0	5.9	.Autoclave.Outputs.PRESSIP\OutputValue	-6.0	1.0	0.5	-1.0	0.0	-1.0	-1.0	-1.0	0.0	0.0	0.0	-1.0	-1.0	0.0	0.0	0.0	-1.0	0.0
18:36:16	91.1	271.5	271.0	271.8	271.3	271.0	271.2	272.3	271.8	271.6	0.0	0.1	0.1	40.5	0.0	0.1	0.0	272.3	271.0	1.4	-0.1	271.5	271.7	272.5	272.5	271.8	277.3	100.2	91.0	35.6	35.4	271.7	272.0	40.0	52.2	10.0	38.7	0.0	4.4	.Autoclave.Outputs.PRESSIP\OutputValue	-6.0	1.3	0.2	-1.0	0.0	-1.0	-1.0	-1.0	0.0	0.0	0.0	-1.0	-1.0	0.0	0.0	0.0	-1.0	0.0
18:37:17	92.1	271.6	271.0	272.0	271.3	271.2	271.1	272.2	271.9	271.6	0.0	0.1	0.1	40.6	0.0	0.1	0.0	272.2	271.0	0.2	-0.2	271.6	271.6	272.5	272.5	271.8	277.1	100.1	92.0	36.6	34.4	271.7	272.0	40.0	52.1	9.9	38.5	0.0	4.2	.Autoclave.Outputs.PRESSIP\OutputValue	-6.0	1.2	0.3	-1.0	0.0	-1.0	-1.0	-1.0	0.0	0.0	0.0	-1.0	-1.0	0.0	0.0	0.0	-1.0	0.0
18:38:16	93.1	271.8	271.2	271.5	271.3	271.4	271.1	272.3	272.0	271.7	0.0	0.1	0.1	40.6	0.0	0.1	0.0	272.3	271.1	0.3	-0.2	271.6	271.7	272.4	272.3	271.7	277.2	100.1	93.0	37.6	33.4	271.7	272.0	40.0	52.7	9.8	38.5	0.0	5.4	.Autoclave.Outputs.PRESSIP\OutputValue	-6.0	1.2	0.1	-1.0	0.0	-1.0	-1.0	-1.0	0.0	0.0	0.0	-1.0	-1.0	0.0	0.0	0.0	-1.0	0.0
18:39:16	94.1	271.6	271.3	271.7	270.9	271.7	271.2	272.2	271.9	271.7	0.0	0.1	0.1	40.5	-0.1	0.1	0.0	272.2	270.9	0.3	-0.3	271.6	271.5	272.5	272.5	271.7	277.1	100.1	94.0	38.6	32.4	271.7	272.0	40.0	52.0	9.8	38.7	0.0	4.0	.Autoclave.Outputs.PRESSIP\OutputValue	-6.0	1.4	0.3	-1.0	0.0	-1.0	-1.0	-1.0	0.0	0.0	0.0	-1.0	-1.0	0.0	0.0	0.0	-1.0	0.0
18:40:16	95.1	271.6	271.2	271.7	271.4	271.0	271.2	272.3	272.0	271.7	0.0	0.1	0.1	40.6	0.0	0.1	0.0	272.3	271.0	0.9	-0.1	271.6	271.7	272.3	272.3	271.6	277.1	100.1	95.0	39.7	31.3	271.7	272.0	40.0	53.2	9.7	38.5	0.0	6.5	.Autoclave.Outputs.PRESSIP\OutputValue	-6.0	1.3	0.0	-1.0	0.0	-1.0	-1.0	-1.0	0.0	0.0	0.0	-1.0	-1.0	0.0	0.0	0.0	-1.0	0.0
18:41:16	96.0	271.6	271.3	271.7	271.4	270.9	271.3	272.3	271.9	271.7	0.0	0.1	0.1	40.6	0.0	0.1	0.0	272.3	270.9	0.2	-1.4	271.6	271.6	272.3	272.3	271.6	277.0	100.1	96.0	40.7	30.3	271.7	272.0	40.0	53.2	9.6	38.5	0.0	6.4	.Autoclave.Outputs.PRESSIP\OutputValue	-6.0	1.4	0.0	-1.0	0.0	-1.0	-1.0	-1.0	0.0	0.0	0.0	-1.0	-1.0	0.0	0.0	0.0	-1.0	0.0
18:42:16	97.1	271.7	271.3	271.7	271.5	271.4	271.3	272.3	271.9	271.7	0.0	0.1	0.1	40.6	0.0	0.1	0.0	272.3	271.3	0.1	-0.6	271.7	271.8	272.5	272.3	271.7	277.0	100.1	97.0	41.6	29.4	271.8	272.0	40.0	54.4	9.5	38.7	0.0	8.9	.Autoclave.Outputs.PRESSIP\OutputValue	-6.0	1.0	0.2	-1.0	0.0	-1.0	-1.0	-1.0	0.0	0.0	0.0	-1.0	-1.0	0.0	0.0	0.0	-1.0	0.0
18:43:16	98.1	271.7	271.4	271.8	271.5	271.1	271.4	272.3	272.0	271.8	0.0	0.1	0.1	40.6	0.0	0.1	0.0	272.3	271.1	0.7	-0.2	271.7	271.7	272.3	272.3	271.6	277.1	100.3	98.0	42.7	28.4	271.8	272.0	40.0	53.7	9.5	38.5	0.0	7.4	.Autoclave.Outputs.PRESSIP\OutputValue	-6.0	1.2	0.0	-1.0	0.0	-1.0	-1.0	-1.0	0.0	0.0	0.0	-1.0	-1.0	0.0	0.0	0.0	-1.0	0.0
18:44:16	99.0	271.8	271.4	271.9	271.5	271.5	271.3	272.3	272.0	271.8	0.0	0.1	0.1	40.6	0.0	0.1	0.0	272.3	271.3	0.2	-0.1	271.7	271.8	272.4	272.4	271.7	277.2	100.2	99.0	43.6	27.4	271.7	272.0	40.0	53.0	9.4	38.3	0.0	6.0	.Autoclave.Outputs.PRESSIP\OutputValue	-6.0	1.0	0.1	-1.0	0.0	-1.0	-1.0	-1.0	0.0	0.0	0.0	-1.0	-1.0	0.0	0.0	0.0	-1.0	0.0
18:45:16	100.1	271.8	271.4	271.8	271.5	271.2	271.3	272.2	272.0	271.8	0.0	0.1	0.1	40.6	0.0	0.1	0.0	272.2	271.2	0.1	-0.2	271.7	271.7	272.3	272.3	271.5	277.0	100.2	100.0	44.6	26.4	271.7	272.0	40.0	52.9	9.3	38.3	0.0	5.8	.Autoclave.Outputs.PRESSIP\OutputValue	-6.0	1.0	0.1	-1.0	0.0	-1.0	-1.0	-1.0	0.0	0.0	0.0	-1.0	-1.0	0.0	0.0	0.0	-1.0	0.0
18:46:16	101.1	271.8	271.3	271.9	271.5	271.2	271.4	272.3	272.0	271.8	0.0	0.1	0.1	40.6	0.0	0.1	0.0	272.3	271.2	0.5	-0.6	271.7	271.8	272.3	272.3	271.6	277.0	100.2	101.0	45.7	25.3	271.7	272.0	40.0	53.5	9.3	38.7	0.0	7.0	.Autoclave.Outputs.PRESSIP\OutputValue	-6.0	1.1	0.0	-1.0	0.0	-1.0	-1.0	-1.0	0.0	0.0	0.0	-1.0	-1.0	0.0	0.0	0.0	-1.0	0.0
18:47:16	102.0	271.7	271.3	271.8	270.9	270.9	271.2	272.4	272.0	271.8	0.0	0.1	0.1	40.6	0.0	0.1	0.0	272.4	270.9	0.5	-0.2	271.6	271.6	272.3	272.3	271.6	277.0	100.2	102.0	46.6	24.4	271.7	272.0	40.0	52.8	9.2	38.5	0.0	5.6	.Autoclave.Outputs.PRESSIP\OutputValue	-6.0	1.6	-0.1	-1.0	0.0	-1.0	-1.0	-1.0	0.0	0.0	0.0	-1.0	-1.0	0.0	0.0	0.0	-1.0	0.0
18:48:16	103.1	271.8	271.5	271.8	270.7	271.0	271.3	272.3	271.9	271.8	0.0	0.1	0.1	40.6	0.0	0.1	0.0	272.3	270.7	0.7	-0.5	271.6	271.5	272.3	272.2	271.6	277.0	100.2	103.0	47.6	23.4	271.8	272.0	40.0	52.7	9.2	38.3	0.0	5.4	.Autoclave.Outputs.PRESSIP\OutputValue	-6.0	1.7	0.0	-1.0	0.0	-1.0	-1.0	-1.0	0.0	0.0	0.0	-1.0	-1.0	0.0	0.0	0.0	-1.0	0.0
18:49:16	104.1	271.8	271.5	272.0	270.9	271.4	271.2	272.3	272.0	272.0	0.0	0.1	0.1	40.6	0.0	0.1	0.0	272.3	270.9	0.3	-0.6	271.7	271.6	272.3	272.3	271.5	277.1	100.1	104.0	48.6	22.4	271.7	272.0	40.0	53.3	9.1	38.5	0.0	6.7	.Autoclave.Outputs.PRESSIP\OutputValue	-6.0	1.5	0.0	-1.0	0.0	-1.0	-1.0	-1.0	0.0	0.0	0.0	-1.0	-1.0	0.0	0.0	0.0	-1.0	0.0
18:50:16	105.0	271.6	271.4	271.9	270.9	271.0	271.2	272.3	272.0	271.8	0.0	0.1	0.1	40.6	0.0	0.1	0.0	272.3	270.9	0.1	-0.5	271.6	271.6	272.3	272.2	271.5	276.9	100.3	105.0	49.6	21.4	271.8	272.0	40.0	53.3	9.0	38.3	0.0	6.5	.Autoclave.Outputs.PRESSIP\OutputValue	-6.0	1.5	0.0	-1.0	0.0	-1.0	-1.0	-1.0	0.0	0.0	0.0	-1.0	-1.0	0.0	0.0	0.0	-1.0	0.0
18:51:16	106.1	271.8	271.6	271.9	270.9	271.1	271.3	272.2	272.0	271.9	0.0	0.1	0.1	40.6	0.0	0.1	0.0	272.2	270.9	0.7	-0.2	271.6	271.5	272.3	272.3	271.5	277.1	100.2	106.0	50.6	20.4	271.8	272.0	40.0	53.2	9.0	38.3	0.0	6.4	.Autoclave.Outputs.PRESSIP\OutputValue	-6.0	1.4	0.1	-1.0	0.0	-1.0	-1.0	-1.0	0.0	0.0	0.0	-1.0	-1.0	0.0	0.0	0.0	-1.0	0.0
18:52:16	107.1	271.8	271.6	271.9	270.8	271.1	271.2	272.2	272.0	271.8	0.0	0.1	0.1	40.6	0.0	0.1	0.0	272.2	270.8	0.1	-0.2	271.6	271.5	272.2	272.2	271.6	276.9	100.4	107.0	51.7	19.4	271.8	272.0	40.0	53.1	8.9	38.3	0.0	6.3	.Autoclave.Outputs.PRESSIP\OutputValue	-6.0	1.5	0.0	-1.0	0.0	-1.0	-1.0	-1.0	0.0	0.0	0.0	-1.0	-1.0	0.0	0.0	0.0	-1.0	0.0
18:53:16	108.1	271.7	271.5	271.7	270.9	270.8	271.2	269.4	272.2	271.9	0.0	0.1	0.1	40.5	0.0	0.1	0.0	272.2	269.4	0.1	-0.7	271.3	270.8	272.3	272.3	271.7	276.0	100.3	108.0	52.6	18.4	271.7	272.0	40.0	52.4	8.8	38.8	0.0	4.8	.Autoclave.Outputs.PRESSIP\OutputValue	-6.0	2.8	0.1	-1.0	0.0	-1.0	-1.0	-1.0	0.0	0.0	0.0	-1.0	-1.0	0.0	0.0	0.0	-1.0	0.0
18:54:16	109.1	271.8	271.4	271.7	270.9	271.5	271.1	272.2	272.0	271.9	0.0	0.1	0.1	40.6	0.0	0.1	0.0	272.2	270.9	0.5	-0.3	271.6	271.5	272.4	272.4	271.7	277.0	100.4	109.0	53.7	17.4	271.8	272.0	40.0	52.4	8.8	38.1	0.0	4.8	.Autoclave.Outputs.PRESSIP\OutputValue	-6.0	1.4	0.2	-1.0	0.0	-1.0	-1.0	-1.0	0.0	0.0	0.0	-1.0	-1.0	0.0	0.0	0.0	-1.0	0.0
18:55:16	110.1	271.6	271.7	271.9	271.3	271.7	271.2	272.2	272.0	271.8	0.0	0.1	0.1	40.6	0.0	0.1	0.0	272.2	271.2	0.5	-0.3	271.7	271.7	272.2	272.2	271.5	277.2	100.2	110.0	54.6	16.4	271.8	272.0	40.0	53.7	8.8	38.1	0.0	7.4	.Autoclave.Outputs.PRESSIP\OutputValue	-6.0	1.0	0.0	-1.0	0.0	-1.0	-1.0	-1.0	0.0	0.0	0.0	-1.0	-1.0	0.0	0.0	0.0	-1.0	0.0
18:56:16	111.1	271.7	271.5	271.8	271.4	270.5	271.2	272.2	272.0	271.9	0.0	0.1	0.1	40.6	0.0	0.1	0.0	272.2	270.5	0.3	-0.2	271.6	271.4	272.3	272.3	271.5	277.1	100.2	111.0	55.6	15.4	271.9	272.0	40.0	52.3	8.7	38.1	0.0	4.6	.Autoclave.Outputs.PRESSIP\OutputValue	-6.0	1.7	0.1	-1.0	0.0	-1.0	-1.0	-1.0	0.0	0.0	0.0	-1.0	-1.0	0.0	0.0	0.0	-1.0	0.0
18:57:16	112.0	271.8	271.5	271.9	271.3	270.8	271.2	272.2	272.0	271.9	0.1	0.1	0.1	40.6	0.0	0.1	0.1	272.2	270.8	0.2	0.0	271.6	271.5	272.2	272.2	271.5	276.8	100.2	112.0	56.6	14.4	271.8	272.0	40.0	53.6	8.7	38.1	0.0	7.2	.Autoclave.Outputs.PRESSIP\OutputValue	-6.0	1.4	0.0	-1.0	0.0	-1.0	-1.0	-1.0	0.0	0.0	0.0	-1.0	-1.0	0.0	0.0	0.0	-1.0	0.0
18:58:16	113.1	271.8	271.3	272.0	270.8	271.1	271.2	272.2	272.0	271.8	0.0	0.1	0.1	40.6	0.0	0.1	0.0	272.2	270.8	0.7	-0.6	271.6	271.5	272.2	272.3	271.5	276.8	100.2	113.0	57.7	13.4	271.7	272.0	40.0	52.9	8.6	38.3	0.0	5.7	.Autoclave.Outputs.PRESSIP\OutputValue	-6.0	1.5	0.0	-1.0	0.0	-1.0	-1.0	-1.0	0.0	0.0	0.0	-1.0	-1.0	0.0	0.0	0.0	-1.0	0.0
18:59:16	114.1	271.7	271.4	271.9	270.8	271.2	271.2	272.3	272.0	271.8	0.0	0.1	0.1	40.6	0.0	0.1	0.0	272.3	270.8	0.1	-0.7	271.6	271.5	272.2	272.2	271.5	276.8	100.2	114.0	58.6	12.4	271.8	272.0	40.0	53.5	8.6	38.5	0.0	6.9	.Autoclave.Outputs.PRESSIP\OutputValue	-6.0	1.6	-0.1	-1.0	0.0	-1.0	-1.0	-1.0	0.0	0.0	0.0	-1.0	-1.0	0.0	0.0	0.0	-1.0	0.0
19:00:16	115.0	271.9	271.7	271.9	270.8	271.0	271.1	272.3	272.0	271.9	0.0	0.1	0.1	40.6	0.0	0.1	0.0	272.3	270.8	0.2	-0.1	271.6	271.5	272.3	272.3	271.5	276.8	100.4	115.0	59.6	11.4	271.7	272.0	40.0	52.1	8.5	38.5	0.0	4.2	.Autoclave.Outputs.PRESSIP\OutputValue	-6.0	1.6	0.0	-1.0	0.0	-1.0	-1.0	-1.0	0.0	0.0	0.0	-1.0	-1.0	0.0	0.0	0.0	-1.0	0.0
19:01:16	116.1	271.8	271.5	271.9	270.8	271.1	271.1	272.3	272.0	271.8	0.0	0.1	0.1	40.6	0.0	0.1	0.0	272.3	270.8	0.5	-0.3	271.6	271.5	272.2	272.2	271.5	276.9	100.2	116.0	60.6	10.4	271.8	272.0	40.0	53.4	8.5	38.3	0.0	6.7	.Autoclave.Outputs.PRESSIP\OutputValue	-6.0	1.6	-0.1	-1.0	0.0	-1.0	-1.0	-1.0	0.0	0.0	0.0	-1.0	-1.0	0.0	0.0	0.0	-1.0	0.0
19:02:16	117.1	271.7	271.7	272.0	270.8	271.1	271.1	272.2	272.0	271.9	0.0	0.1	0.1	40.6	0.0	0.1	0.0	272.2	270.8	0.3	-0.6	271.6	271.5	272.3	272.2	271.5	277.0	100.4	117.0	61.7	9.3	271.9	272.0	40.0	53.3	8.4	38.3	0.0	6.6	.Autoclave.Outputs.PRESSIP\OutputValue	-6.0	1.5	0.1	-1.0	0.0	-1.0	-1.0	-1.0	0.0	0.0	0.0	-1.0	-1.0	0.0	0.0	0.0	-1.0	0.0
19:03:16	118.0	271.8	271.6	271.9	270.7	271.5	271.3	271.1	272.0	271.9	0.0	0.1	0.1	40.6	0.0	0.1	0.0	272.0	270.7	0.5	-0.2	271.5	271.3	272.2	272.3	271.6	277.3	100.4	118.0	62.6	8.4	271.9	272.0	40.0	54.2	8.4	37.9	0.0	8.3	.Autoclave.Outputs.PRESSIP\OutputValue	-6.0	1.3	0.2	-1.0	0.0	-1.0	-1.0	-1.0	0.0	0.0	0.0	-1.0	-1.0	0.0	0.0	0.0	-1.0	0.0
19:04:16	119.1	271.8	271.5	271.9	270.8	271.5	271.2	272.2	272.1	271.8	0.0	0.1	0.1	40.6	0.0	0.1	0.0	272.2	270.8	0.2	-0.6	271.7	271.5	272.3	272.3	271.5	276.8	100.3	119.0	63.6	7.4	271.8	272.0	40.0	52.5	8.3	38.3	0.0	5.1	.Autoclave.Outputs.PRESSIP\OutputValue	-6.0	1.5	0.1	-1.0	0.0	-1.0	-1.0	-1.0	0.0	0.0	0.0	-1.0	-1.0	0.0	0.0	0.0	-1.0	0.0
19:05:16	120.1	271.8	271.7	272.1	270.8	271.2	271.1	272.2	272.1	271.9	0.0	0.1	0.1	40.6	0.0	0.1	0.0	272.2	270.8	0.2	-0.4	271.7	271.5	272.3	272.3	271.5	276.8	100.3	120.0	64.6	6.4	271.7	272.0	40.0	51.8	8.3	38.3	0.0	3.7	.Autoclave.Outputs.PRESSIP\OutputValue	-6.0	1.5	0.1	-1.0	0.0	-1.0	-1.0	-1.0	0.0	0.0	0.0	-1.0	-1.0	0.0	0.0	0.0	-1.0	0.0
19:06:16	121.1	271.8	271.5	272.2	270.7	271.3	271.2	272.2	272.0	271.8	0.0	0.1	0.1	40.6	0.0	0.1	0.0	272.2	270.7	0.6	-0.2	271.6	271.4	272.2	272.2	271.4	276.8	100.4	121.0	65.6	5.4	271.8	272.0	40.0	52.4	8.2	38.1	0.0	4.9	.Autoclave.Outputs.PRESSIP\OutputValue	-6.0	1.6	0.0	-1.0	0.0	-1.0	-1.0	-1.0	0.0	0.0	0.0	-1.0	-1.0	0.0	0.0	0.0	-1.0	0.0
19:07:16	122.1	271.8	271.5	272.1	270.3	270.8	271.2	272.3	272.0	271.9	0.0	0.1	0.1	40.6	0.0	0.1	0.0	272.3	270.3	0.2	-0.4	271.6	271.3	272.1	272.1	271.4	276.8	100.4	122.0	66.6	4.4	271.8	272.0	40.0	54.4	8.2	38.1	0.0	8.8	.Autoclave.Outputs.PRESSIP\OutputValue	-6.0	2.1	-0.2	-1.0	0.0	-1.0	-1.0	-1.0	0.0	0.0	0.0	-1.0	-1.0	0.0	0.0	0.0	-1.0	0.0
19:08:16	123.1	271.8	271.5	272.2	271.0	271.5	271.2	272.2	271.9	271.8	0.0	0.0	0.1	40.6	0.0	0.1	0.0	272.2	271.0	0.7	-0.1	271.7	271.6	272.2	272.1	271.4	276.9	100.3	123.0	67.6	3.4	271.8	272.0	40.0	52.3	8.1	38.1	0.0	4.7	.Autoclave.Outputs.PRESSIP\OutputValue	-6.0	1.3	0.0	-1.0	0.0	-1.0	-1.0	-1.0	0.0	0.0	0.0	-1.0	-1.0	0.0	0.0	0.0	-1.0	0.0
19:09:16	124.1	271.8	271.6	272.1	270.6	271.4	271.2	272.2	272.0	271.8	0.0	0.1	0.1	40.6	0.0	0.1	0.0	272.2	270.6	0.1	-0.7	271.6	271.4	272.2	272.2	271.4	276.7	100.4	124.0	68.6	2.4	271.8	272.0	40.0	53.6	8.1	38.3	0.0	7.3	.Autoclave.Outputs.PRESSIP\OutputValue	-6.0	1.7	0.0	-1.0	0.0	-1.0	-1.0	-1.0	0.0	0.0	0.0	-1.0	-1.0	0.0	0.0	0.0	-1.0	0.0
19:10:16	125.1	271.8	271.7	272.1	270.8	271.7	271.2	272.2	272.0	271.8	0.0	0.1	0.1	40.6	0.0	0.1	0.0	272.2	270.8	0.3	-0.1	271.7	271.5	272.2	272.1	271.5	276.8	100.3	125.0	69.6	1.4	271.8	272.0	40.0	52.9	8.0	38.3	0.0	5.8	.Autoclave.Outputs.PRESSIP\OutputValue	-6.0	1.5	0.0	-1.0	0.0	-1.0	-1.0	-1.0	0.0	0.0	0.0	-1.0	-1.0	0.0	0.0	0.0	-1.0	0.0
19:11:16	126.1	271.8	271.7	272.1	270.8	271.2	271.2	272.2	271.9	271.8	0.0	0.1	0.1	40.6	0.0	0.1	0.0	272.2	270.8	0.1	-0.1	271.6	271.5	272.2	272.2	271.4	277.0	100.4	126.0	70.6	0.4	271.9	272.0	40.0	53.5	8.0	38.1	0.0	7.1	.Autoclave.Outputs.PRESSIP\OutputValue	-6.0	1.5	0.0	-1.0	0.0	-1.0	-1.0	-1.0	0.0	0.0	0.0	-1.0	-1.0	0.0	0.0	0.0	-1.0	0.0
19:11:38	126.4	271.9	271.8	272.1	270.8	270.7	271.2	272.2	272.1	271.8	0.0	0.1	0.1	40.6	0.0	0.1	0.0	272.2	270.7	1.3	-0.3	271.6	271.5	272.2	272.3	271.5	276.8	100.3	126.4	71.0	0.0	271.8	272.0	40.0	50.9	8.0	38.1	0.0	1.8	.Autoclave.Outputs.PRESSIP\OutputValue	-6.0	1.5	0.0	-1.0	0.0	-1.0	-1.0	-1.0	0.0	0.0	0.0	-1.0	-1.0	0.0	0.0	0.0	-1.0	0.0
19:12:16	127.1	271.7	270.3	271.2	270.1	270.2	269.9	270.6	271.1	270.6	0.0	0.1	0.1	39.8	0.0	0.1	0.0	271.7	269.9	0.0	-0.8	270.6	270.8	265.8	265.8	265.0	258.2	100.2	127.0	0.6	0.0	269.1	269.1	40.0	77.3	8.0	46.1	0.0	54.6	.Autoclave.Outputs.PRESSIP\OutputValue	-5.9	1.8	-5.9	-1.0	0.0	-1.0	-1.0	-1.0	0.0	0.0	0.0	-1.0	-1.0	0.0	0.0	0.0	-1.0	0.0
19:13:16	128.0	270.8	269.5	269.9	269.3	268.6	269.3	270.1	270.8	270.3	0.0	0.1	0.1	40.1	0.0	0.1	0.0	270.8	268.6	-0.6	-2.2	269.9	269.7	264.8	264.9	264.1	267.2	100.2	128.0	1.6	0.0	264.6	264.6	40.0	54.9	8.2	43.2	0.0	9.8	.Autoclave.Outputs.PRESSIP\OutputValue	-6.0	2.2	-6.0	-1.0	0.0	-1.0	-1.0	-1.0	0.0	0.0	0.0	-1.0	-1.0	0.0	0.0	0.0	-1.0	0.0
19:14:16	129.1	269.6	267.4	268.0	267.7	266.7	267.2	267.5	269.4	268.7	0.0	0.1	0.1	39.7	0.0	0.1	0.0	269.6	266.7	-1.2	-2.5	268.0	268.2	257.2	257.2	256.5	258.2	100.4	129.0	2.6	0.0	260.1	260.1	40.0	75.8	8.2	48.1	0.0	51.6	.Autoclave.Outputs.PRESSIP\OutputValue	-5.4	2.9	-12.4	-1.0	0.0	-1.0	-1.0	-1.0	0.0	0.0	0.0	-1.0	-1.0	0.0	0.0	0.0	-1.0	0.0
19:15:16	130.1	267.9	266.4	266.8	266.5	265.3	265.9	266.3	268.5	267.8	0.0	0.1	0.1	39.5	0.0	0.1	0.0	268.5	265.3	-0.6	-1.4	266.8	266.9	256.8	256.8	256.0	256.7	100.2	130.0	3.6	0.0	255.6	255.6	40.0	49.1	8.3	50.5	-1.0	0.0	.Autoclave.Outputs.PRESSIP\OutputValue	-4.7	3.2	-11.7	-1.0	0.0	-1.0	-1.0	-1.0	0.0	0.0	0.0	-1.0	-1.0	0.0	0.0	0.0	-1.0	0.0
19:16:16	131.0	265.8	263.9	264.4	264.2	262.6	263.5	263.7	266.7	265.8	0.0	0.1	0.1	40.2	0.0	0.1	0.0	266.7	262.6	-1.9	-3.0	264.5	264.7	250.4	250.4	249.5	254.0	100.3	131.0	4.6	0.0	251.1	251.1	40.0	61.4	8.5	44.1	0.0	22.7	.Autoclave.Outputs.PRESSIP\OutputValue	-4.4	4.1	-16.3	-1.0	0.0	-1.0	-1.0	-1.0	0.0	0.0	0.0	-1.0	-1.0	0.0	0.0	0.0	-1.0	0.0
19:17:16	132.1	263.5	261.6	261.9	262.3	259.7	260.7	260.6	264.6	263.6	0.0	0.0	0.1	39.7	0.0	0.1	0.0	264.6	259.7	-2.0	-3.0	262.1	262.2	243.6	243.6	242.8	242.9	100.3	132.0	5.6	0.0	246.6	246.6	40.0	76.9	8.5	49.2	0.0	53.7	.Autoclave.Outputs.PRESSIP\OutputValue	-3.9	4.9	-21.0	-1.0	0.0	-1.0	-1.0	-1.0	0.0	0.0	0.0	-1.0	-1.0	0.0	0.0	0.0	-1.0	0.0
19:18:17	133.1	260.8	259.5	260.1	260.0	257.4	258.3	258.1	262.5	261.6	0.0	0.1	0.1	39.7	0.0	0.1	0.0	262.5	257.4	-1.7	-2.8	259.8	260.0	241.1	240.8	240.0	230.0	100.4	133.0	6.6	0.0	242.1	242.1	40.0	63.4	8.6	50.0	0.0	26.7	.Autoclave.Outputs.PRESSIP\OutputValue	-3.1	5.1	-21.4	-1.0	0.0	-1.0	-1.0	-1.0	0.0	0.0	0.0	-1.0	-1.0	0.0	0.0	0.0	-1.0	0.0
19:19:01	133.8	258.9	258.1	258.3	258.3	256.2	256.5	256.4	260.9	260.4	0.0	0.1	0.1	40.1	0.0	0.1	0.0	260.9	256.2	-2.4	-3.3	258.2	258.6	238.5	238.6	237.9	241.5	100.3	133.8	7.4	0.0	238.8	238.8	40.0	58.9	8.7	45.3	0.0	17.8	.Autoclave.Outputs.PRESSIP\OutputValue	-3.1	4.7	-22.6	-1.0	0.0	-1.0	-1.0	-1.0	0.0	0.0	0.0	-1.0	-1.0	0.0	0.0	0.0	-1.0	0.0
19:19:16	134.0	258.2	257.4	257.8	257.6	255.3	256.0	255.9	260.6	260.0	0.0	0.1	0.1	40.0	0.0	0.1	0.0	260.6	255.3	-1.9	-2.8	257.6	258.0	238.8	238.8	238.0	240.0	100.3	134.0	0.3	0.0	237.6	237.6	40.0	49.0	8.7	46.5	-1.0	0.0	.Autoclave.Outputs.PRESSIP\OutputValue	-3.2	5.3	-21.8	-1.0	0.0	-1.0	-1.0	-1.0	0.0	0.0	0.0	-1.0	-1.0	0.0	0.0	0.0	-1.0	0.0
19:20:16	135.1	255.3	255.0	254.9	254.5	252.5	252.7	252.4	257.8	257.2	0.0	0.1	0.1	39.8	0.0	0.1	0.0	257.8	252.4	-2.6	-3.7	254.7	255.1	232.7	232.7	232.0	235.7	100.4	135.0	1.3	0.0	233.1	233.1	40.0	59.6	8.8	49.6	0.0	19.3	.Autoclave.Outputs.PRESSIP\OutputValue	-2.4	5.4	-25.1	-1.0	0.0	-1.0	-1.0	-1.0	0.0	0.0	0.0	-1.0	-1.0	0.0	0.0	0.0	-1.0	0.0
19:21:16	136.1	252.4	252.0	252.1	251.4	248.4	249.3	249.0	254.7	254.3	0.0	0.1	0.1	40.1	0.0	0.1	0.0	254.7	248.4	-2.5	-3.6	251.5	251.6	226.9	226.9	226.1	227.6	100.5	136.0	2.3	0.0	228.6	228.6	40.0	69.0	8.8	47.2	0.0	38.1	.Autoclave.Outputs.PRESSIP\OutputValue	-1.8	6.3	-27.8	-1.0	0.0	-1.0	-1.0	-1.0	0.0	0.0	0.0	-1.0	-1.0	0.0	0.0	0.0	-1.0	0.0
19:22:16	137.1	249.2	248.9	249.5	248.1	245.1	245.8	245.4	251.9	251.4	0.0	0.1	0.1	39.6	0.0	0.1	0.0	251.9	245.1	-3.0	-3.6	248.4	248.5	221.8	221.8	220.9	218.1	100.4	137.0	3.3	0.0	224.1	224.1	40.0	73.1	8.9	52.7	0.0	46.2	.Autoclave.Outputs.PRESSIP\OutputValue	-1.5	6.8	-30.1	-1.0	0.0	-1.0	-1.0	-1.0	0.0	0.0	0.0	-1.0	-1.0	0.0	0.0	0.0	-1.0	0.0
19:23:16	138.1	246.0	246.6	247.0	245.0	241.6	242.8	242.5	249.0	248.7	0.0	0.0	0.1	39.0	0.0	0.1	0.0	249.0	241.6	-2.2	-3.2	245.5	245.3	219.9	219.6	218.8	209.3	100.2	138.0	4.3	0.0	219.6	219.6	40.0	55.1	8.9	59.1	0.0	10.2	.Autoclave.Outputs.PRESSIP\OutputValue	-0.8	7.4	-29.1	-1.0	0.0	-1.0	-1.0	-1.0	0.0	0.0	0.0	-1.0	-1.0	0.0	0.0	0.0	-1.0	0.0
19:24:16	139.1	242.6	244.0	243.9	241.6	238.3	239.5	239.4	246.0	246.2	0.0	0.1	0.1	40.0	0.0	0.1	0.0	246.2	238.3	-2.8	-4.3	242.4	242.3	216.5	216.5	215.8	217.7	100.4	139.0	5.3	0.0	215.1	215.1	40.0	47.2	8.9	49.2	-1.0	0.0	.Autoclave.Outputs.PRESSIP\OutputValue	-0.7	7.9	-29.7	-1.0	0.0	-1.0	-1.0	-1.0	0.0	0.0	0.0	-1.0	-1.0	0.0	0.0	0.0	-1.0	0.0
19:25:16	140.1	239.3	240.4	240.5	237.8	235.1	235.7	235.6	242.7	243.0	0.0	0.0	0.1	39.7	0.0	0.1	0.0	243.0	235.1	-3.1	-4.1	238.9	239.1	211.1	211.1	210.5	212.4	100.4	140.0	6.3	0.0	210.6	210.6	40.0	53.2	9.0	53.0	0.0	6.5	.Autoclave.Outputs.PRESSIP\OutputValue	0.1	7.9	-31.9	-1.0	0.0	-1.0	-1.0	-1.0	0.0	0.0	0.0	-1.0	-1.0	0.0	0.0	0.0	-1.0	0.0
19:26:16	141.0	235.8	237.3	237.2	234.3	230.9	231.9	231.8	239.2	239.7	0.0	0.1	0.1	40.1	0.0	0.1	0.0	239.7	230.9	-3.3	-4.9	235.3	235.3	206.1	206.1	205.5	207.1	100.5	141.0	7.3	0.0	206.1	206.1	40.0	57.4	9.0	50.1	0.0	14.7	.Autoclave.Outputs.PRESSIP\OutputValue	0.7	8.8	-33.6	-1.0	0.0	-1.0	-1.0	-1.0	0.0	0.0	0.0	-1.0	-1.0	0.0	0.0	0.0	-1.0	0.0
19:27:16	142.1	232.2	234.0	233.6	229.3	227.1	228.1	228.1	235.6	236.3	0.0	0.1	0.1	39.7	0.0	0.1	0.0	236.3	227.1	-3.2	-4.2	231.6	231.7	201.1	201.1	200.4	201.8	100.5	142.0	8.3	0.0	201.6	201.6	40.0	60.7	9.0	54.0	0.0	21.5	.Autoclave.Outputs.PRESSIP\OutputValue	1.3	9.2	-35.2	-1.0	0.0	-1.0	-1.0	-1.0	0.0	0.0	0.0	-1.0	-1.0	0.0	0.0	0.0	-1.0	0.0
19:28:16	143.1	228.8	231.1	230.1	226.2	222.9	224.0	224.2	231.8	232.9	0.0	0.1	0.1	40.0	0.0	0.1	0.0	232.9	222.9	-3.1	-4.0	228.0	227.9	195.7	195.7	195.1	194.0	100.5	143.0	9.3	0.0	197.1	197.1	40.0	65.4	9.0	52.4	0.0	30.8	.Autoclave.Outputs.PRESSIP\OutputValue	2.1	10.0	-37.2	-1.0	0.0	-1.0	-1.0	-1.0	0.0	0.0	0.0	-1.0	-1.0	0.0	0.0	0.0	-1.0	0.0
19:29:16	144.0	225.0	227.6	227.1	222.0	219.1	220.0	220.3	228.1	229.4	0.0	0.0	0.1	39.6	0.0	0.1	0.0	229.4	219.1	-3.1	-4.0	224.3	224.3	191.4	191.4	190.7	187.5	100.4	144.0	10.3	0.0	192.6	192.6	40.0	65.4	9.0	56.7	0.0	30.8	.Autoclave.Outputs.PRESSIP\OutputValue	2.4	10.3	-38.0	-1.0	0.0	-1.0	-1.0	-1.0	0.0	0.0	0.0	-1.0	-1.0	0.0	0.0	0.0	-1.0	0.0
19:30:16	145.1	221.3	224.3	223.5	218.0	214.4	216.2	216.4	224.4	225.7	0.0	0.1	0.1	39.1	0.0	0.1	0.0	225.7	214.4	-2.9	-4.0	220.5	220.0	187.5	187.5	186.8	180.2	100.5	145.0	11.3	0.0	188.1	188.1	40.0	60.0	8.9	62.7	0.0	20.1	.Autoclave.Outputs.PRESSIP\OutputValue	3.4	11.3	-38.2	-1.0	0.0	-1.0	-1.0	-1.0	0.0	0.0	0.0	-1.0	-1.0	0.0	0.0	0.0	-1.0	0.0
19:31:16	146.1	217.6	221.5	220.4	215.2	211.1	212.3	212.8	220.7	222.3	-0.1	0.0	0.1	39.6	0.0	0.1	-0.1	222.3	211.1	-2.7	-4.0	217.1	216.7	184.1	183.9	183.2	175.8	100.5	146.0	12.3	0.0	183.6	183.6	40.0	54.0	8.9	58.9	0.0	8.0	.Autoclave.Outputs.PRESSIP\OutputValue	4.7	11.2	-38.2	-1.0	0.0	-1.0	-1.0	-1.0	0.0	0.0	0.0	-1.0	-1.0	0.0	0.0	0.0	-1.0	0.0
19:32:16	147.0	213.3	218.2	216.8	210.6	206.8	208.4	209.2	216.9	218.8	0.0	0.0	0.1	39.4	0.0	0.1	0.0	218.8	206.8	-3.6	-4.6	213.2	212.8	180.7	180.7	179.9	176.0	100.1	147.0	13.3	0.0	179.1	179.1	40.0	45.3	8.9	61.0	-1.0	0.0	.Autoclave.Outputs.PRESSIP\OutputValue	5.3	12.0	-38.1	-1.0	0.0	-1.0	-1.0	-1.0	0.0	0.0	0.0	-1.0	-1.0	0.0	0.0	0.0	-1.0	0.0
19:33:16	148.1	209.4	214.8	213.0	206.4	202.7	204.3	205.2	212.9	215.0	0.0	0.0	0.1	39.1	0.0	0.1	0.0	215.0	202.7	-3.4	-4.2	209.3	208.8	176.1	176.1	175.1	171.7	100.1	148.0	14.3	0.0	174.6	174.6	40.0	47.3	8.8	65.1	-1.0	0.0	.Autoclave.Outputs.PRESSIP\OutputValue	6.5	12.3	-38.9	-1.0	0.0	-1.0	-1.0	-1.0	0.0	0.0	0.0	-1.0	-1.0	0.0	0.0	0.0	-1.0	0.0
19:34:19	149.1	205.7	211.0	209.6	202.5	199.8	200.3	201.2	209.0	211.3	0.0	0.1	0.1	39.5	0.0	0.1	0.0	211.3	199.8	-3.6	-4.5	205.6	205.5	171.9	171.9	171.2	168.1	100.3	149.0	15.2	0.0	170.3	170.2	40.0	46.1	8.8	62.1	-1.0	0.0	.Autoclave.Outputs.PRESSIP\OutputValue	7.3	11.5	-39.4	-1.0	0.0	-1.0	-1.0	-1.0	0.0	0.0	0.0	-1.0	-1.0	0.0	0.0	0.0	-1.0	0.0
19:35:16	150.0	201.7	207.6	205.7	198.6	194.9	196.2	197.0	204.8	207.2	0.0	0.0	0.1	39.1	0.0	0.1	0.0	207.6	194.9	-4.0	-4.4	201.5	201.2	167.2	167.2	166.3	162.6	100.2	150.0	16.3	0.0	165.6	165.6	40.0	45.9	8.7	67.0	-1.0	0.0	.Autoclave.Outputs.PRESSIP\OutputValue	8.0	12.7	-40.4	-1.0	0.0	-1.0	-1.0	-1.0	0.0	0.0	0.0	-1.0	-1.0	0.0	0.0	0.0	-1.0	0.0
19:36:16	151.1	197.7	203.9	202.0	194.4	191.1	191.9	192.8	200.8	203.3	0.0	0.1	0.0	39.6	0.0	0.1	0.0	203.9	191.1	-3.3	-4.3	197.5	197.5	162.8	162.7	162.1	160.0	100.2	151.0	17.3	0.0	161.1	161.1	40.0	45.8	8.7	62.3	-1.0	0.0	.Autoclave.Outputs.PRESSIP\OutputValue	8.0	12.8	-41.1	-1.0	0.0	-1.0	-1.0	-1.0	0.0	0.0	0.0	-1.0	-1.0	0.0	0.0	0.0	-1.0	0.0
19:37:16	152.1	193.6	200.0	198.2	190.1	186.7	187.7	188.8	196.6	199.3	-0.1	0.1	0.1	39.2	0.0	0.1	-0.1	200.0	186.7	-3.8	-4.4	193.4	193.3	158.4	158.3	157.6	155.5	100.4	152.0	18.3	0.0	156.6	156.6	40.0	45.1	8.6	65.8	-1.0	0.0	.Autoclave.Outputs.PRESSIP\OutputValue	8.0	13.3	-41.6	-1.0	0.0	-1.0	-1.0	-1.0	0.0	0.0	0.0	-1.0	-1.0	0.0	0.0	0.0	-1.0	0.0
19:38:16	153.1	189.4	196.6	194.2	185.7	182.8	183.3	184.6	192.6	195.4	0.0	0.1	0.1	39.7	0.0	0.1	0.0	196.6	182.8	-3.9	-4.5	189.4	189.7	153.2	153.2	152.6	154.1	100.4	153.0	19.3	0.0	152.1	152.1	40.0	49.7	8.5	60.8	-1.0	0.0	.Autoclave.Outputs.PRESSIP\OutputValue	8.0	13.8	-43.4	-1.0	0.0	-1.0	-1.0	-1.0	0.0	0.0	0.0	-1.0	-1.0	0.0	0.0	0.0	-1.0	0.0
19:39:16	154.1	185.2	192.2	190.2	182.0	176.9	178.8	180.1	188.1	191.1	0.0	0.1	0.1	39.1	0.0	0.1	0.0	192.2	176.9	-3.8	-4.7	185.0	184.5	147.5	147.5	146.7	144.7	100.3	154.0	20.3	0.0	147.6	147.6	40.0	57.0	8.4	67.0	0.0	14.0	.Autoclave.Outputs.PRESSIP\OutputValue	8.0	15.3	-44.7	-1.0	0.0	-1.0	-1.0	-1.0	0.0	0.0	0.0	-1.0	-1.0	0.0	0.0	0.0	-1.0	0.0
19:40:16	155.1	180.8	188.8	186.4	177.3	173.6	174.6	176.1	184.1	187.1	0.0	0.1	0.1	39.5	0.0	0.1	0.0	188.8	173.6	-3.7	-4.7	181.0	181.2	144.3	144.2	143.3	140.4	100.5	155.0	21.3	0.0	143.1	143.1	40.0	48.9	8.3	62.6	-1.0	0.0	.Autoclave.Outputs.PRESSIP\OutputValue	8.0	15.2	-44.5	-1.0	0.0	-1.0	-1.0	-1.0	0.0	0.0	0.0	-1.0	-1.0	0.0	0.0	0.0	-1.0	0.0
19:41:16	156.1	176.7	185.0	182.3	173.2	169.3	170.4	172.1	179.9	183.3	0.0	0.0	0.1	39.3	0.0	0.1	0.0	185.0	169.3	-3.9	-4.6	176.9	177.1	140.8	140.8	140.1	138.2	100.3	156.0	22.3	0.0	138.6	138.6	40.0	41.4	8.2	64.9	-1.0	0.0	.Autoclave.Outputs.PRESSIP\OutputValue	8.0	15.7	-44.2	-1.0	0.0	-1.0	-1.0	-1.0	0.0	0.0	0.0	-1.0	-1.0	0.0	0.0	0.0	-1.0	0.0
19:42:16	157.0	172.7	181.2	178.8	168.9	164.1	166.3	168.0	175.6	179.1	0.0	0.0	0.1	39.6	0.0	0.1	0.0	181.2	164.1	-3.7	-4.6	172.7	172.6	135.9	135.9	135.1	133.3	100.5	157.0	23.3	0.0	134.1	134.1	40.0	44.0	8.0	62.3	-1.0	0.0	.Autoclave.Outputs.PRESSIP\OutputValue	8.0	17.1	-45.3	-1.0	0.0	-1.0	-1.0	-1.0	0.0	0.0	0.0	-1.0	-1.0	0.0	0.0	0.0	-1.0	0.0
19:43:16	158.1	168.5	177.8	174.8	164.6	160.2	161.8	163.6	171.3	174.9	0.0	0.0	0.1	39.3	0.0	0.1	0.0	177.8	160.2	-3.5	-4.6	168.6	169.0	131.3	131.2	130.5	129.4	100.3	158.0	24.3	0.0	129.6	129.6	40.0	45.1	7.9	65.8	-1.0	0.0	.Autoclave.Outputs.PRESSIP\OutputValue	8.0	17.6	-46.5	-1.0	0.0	-1.0	-1.0	-1.0	0.0	0.0	0.0	-1.0	-1.0	0.0	0.0	0.0	-1.0	0.0
19:44:16	159.1	164.7	173.9	171.0	160.6	156.5	157.8	159.8	167.2	171.3	0.0	0.0	0.1	39.7	0.0	0.1	0.0	173.9	156.5	-3.8	-4.2	164.7	165.2	128.4	128.4	127.6	127.0	100.4	159.0	25.3	0.0	125.1	125.1	40.0	34.2	7.6	61.3	-1.0	0.0	.Autoclave.Outputs.PRESSIP\OutputValue	8.0	17.4	-45.5	-1.0	0.0	-1.0	-1.0	-1.0	0.0	0.0	0.0	-1.0	-1.0	0.0	0.0	0.0	-1.0	0.0
19:45:16	160.0	160.6	170.6	167.4	157.0	152.8	153.9	155.9	163.2	167.2	0.0	0.1	0.1	39.3	0.0	0.1	0.0	170.6	152.8	-3.4	-4.5	160.9	161.7	125.3	125.3	124.5	124.1	100.4	160.0	26.3	0.0	120.6	120.6	40.0	24.5	7.2	64.5	-1.0	0.0	.Autoclave.Outputs.PRESSIP\OutputValue	8.0	17.8	-45.3	-1.0	0.0	-1.0	-1.0	-1.0	0.0	0.0	0.0	-1.0	-1.0	0.0	0.0	0.0	-1.0	0.0
19:46:16	161.1	156.7	167.2	163.6	153.3	149.4	150.1	152.3	159.3	163.2	-0.1	0.1	0.1	39.2	-0.2	0.1	-0.1	167.2	149.4	-3.3	-4.4	157.2	158.3	122.7	122.5	122.0	121.9	100.4	161.0	27.3	0.0	116.1	116.1	40.0	10.6	6.7	66.6	-1.0	0.0	.Autoclave.Outputs.PRESSIP\OutputValue	8.0	17.8	-44.4	-1.0	0.0	-1.0	-1.0	-1.0	0.0	0.0	0.0	-1.0	-1.0	0.0	0.0	0.0	-1.0	0.0
19:47:16	162.1	153.2	164.2	160.6	149.1	145.1	146.6	148.9	155.7	159.8	0.0	0.1	0.1	39.6	0.0	0.1	0.0	164.2	145.1	-3.1	-4.4	153.7	154.6	120.7	120.6	120.0	120.2	100.4	162.0	28.3	0.0	111.6	111.6	40.0	0.0	0.0	61.7	-1.0	0.0	.Autoclave.Outputs.PRESSIP\OutputValue	8.0	19.1	-43.4	-1.0	0.0	-1.0	-1.0	-1.0	0.0	0.0	0.0	-1.0	-1.0	0.0	0.0	0.0	-1.0	0.0
19:48:16	163.0	149.8	161.0	157.2	145.3	142.1	143.1	145.7	152.1	156.3	0.0	0.1	0.1	39.4	0.0	0.1	0.0	161.0	142.1	-3.1	-3.8	150.3	151.5	118.4	118.5	117.7	118.1	100.4	163.0	29.3	0.0	107.1	107.1	40.0	0.0	0.0	63.4	-1.0	0.0	.Autoclave.Outputs.PRESSIP\OutputValue	8.0	18.9	-42.5	-1.0	0.0	-1.0	-1.0	-1.0	0.0	0.0	0.0	-1.0	-1.0	0.0	0.0	0.0	-1.0	0.0
19:49:16	164.1	146.5	157.7	154.3	142.9	139.6	140.0	142.4	148.5	152.9	0.0	0.1	0.1	39.3	0.0	0.1	0.0	157.7	139.6	-2.6	-3.5	147.2	148.6	116.6	116.6	116.0	116.5	100.4	164.0	30.3	0.0	102.6	102.6	40.0	0.0	0.0	65.5	-1.0	0.0	.Autoclave.Outputs.PRESSIP\OutputValue	8.0	18.1	-41.0	-1.0	0.0	-1.0	-1.0	-1.0	0.0	0.0	0.0	-1.0	-1.0	0.0	0.0	0.0	-1.0	0.0
19:50:16	165.1	143.6	154.8	151.4	139.8	136.6	137.0	139.5	145.2	149.8	0.0	0.1	0.1	39.1	0.0	0.1	0.0	154.8	136.6	-2.9	-3.3	144.2	145.7	115.1	115.1	114.4	115.0	100.4	165.0	31.3	0.0	98.1	98.1	40.0	0.0	0.0	67.0	-1.0	0.0	.Autoclave.Outputs.PRESSIP\OutputValue	8.0	18.2	-39.6	-1.0	0.0	-1.0	-1.0	-1.0	0.0	0.0	0.0	-1.0	-1.0	0.0	0.0	0.0	-1.0	0.0
19:51:16	166.1	140.8	152.2	148.8	137.1	133.9	134.3	137.1	142.2	146.8	0.0	0.1	0.1	39.8	0.0	0.1	0.0	152.2	133.9	-2.7	-3.1	141.5	143.0	113.9	113.9	113.4	114.0	100.5	166.0	32.3	0.0	93.6	93.6	40.0	0.0	0.0	60.0	-1.0	0.0	.Autoclave.Outputs.PRESSIP\OutputValue	8.0	18.3	-38.2	-1.0	0.0	-1.0	-1.0	-1.0	0.0	0.0	0.0	-1.0	-1.0	0.0	0.0	0.0	-1.0	0.0
19:52:16	167.1	138.1	149.1	146.0	134.3	131.4	131.7	134.4	139.4	143.8	0.0	0.1	0.1	39.6	0.0	0.1	0.0	149.1	131.4	-2.6	-3.2	138.7	140.2	112.3	112.3	111.6	112.6	100.5	167.0	33.3	0.0	89.1	89.1	40.0	0.0	0.0	61.9	-1.0	0.0	.Autoclave.Outputs.PRESSIP\OutputValue	8.0	17.7	-36.7	-1.0	0.0	-1.0	-1.0	-1.0	0.0	0.0	0.0	-1.0	-1.0	0.0	0.0	0.0	-1.0	0.0
19:52:46	167.6	136.9	147.9	144.5	133.0	130.0	130.5	133.0	138.0	142.3	0.0	0.1	0.1	39.5	0.0	0.1	0.0	147.9	130.0	-2.5	-3.0	137.3	138.9	111.5	111.5	110.7	111.9	100.4	167.5	33.8	0.0	86.9	86.9	40.0	0.0	0.0	62.6	-1.0	0.0	.Autoclave.Outputs.PRESSIP\OutputValue	8.0	17.9	-36.5	-1.0	0.0	-1.0	-1.0	-1.0	0.0	0.0	0.0	-1.0	-1.0	0.0	0.0	0.0	-1.0	0.0
19:53:16	168.1	135.6	146.7	143.0	131.5	128.5	129.0	131.6	136.5	140.9	0.0	0.0	0.1	35.4	0.0	0.1	0.0	146.7	128.5	-2.4	-3.1	135.9	137.6	109.1	109.0	108.3	108.3	99.7	168.0	0.5	0.0	84.6	84.6	35.0	0.0	0.0	54.1	-1.0	0.0	.Autoclave.Outputs.PRESSIP\OutputValue	7.5	18.2	-37.5	-1.0	0.0	-1.0	-1.0	-1.0	0.0	0.0	0.0	-1.0	-1.0	0.0	0.0	0.0	-1.0	0.0
19:54:16	169.1	132.8	144.1	140.7	128.9	126.0	126.4	128.9	133.9	138.0	-0.1	0.0	0.1	25.8	0.0	0.1	-0.1	144.1	126.0	-2.7	-2.9	133.3	135.0	104.2	104.2	103.5	104.0	98.8	169.0	1.5	0.0	80.1	80.1	25.0	0.0	0.0	48.7	-1.0	0.0	.Autoclave.Outputs.PRESSIP\OutputValue	6.1	18.1	-39.8	-1.0	0.0	-1.0	-1.0	-1.0	0.0	0.0	0.0	-1.0	-1.0	0.0	0.0	0.0	-1.0	0.0
19:55:16	170.1	130.0	142.2	138.5	126.4	123.4	124.1	126.6	131.4	135.5	0.0	0.1	0.1	15.7	0.0	0.1	0.0	142.2	123.4	-2.2	-2.6	130.9	132.8	100.7	100.6	99.8	100.9	98.3	170.0	2.5	0.0	80.0	80.0	15.0	0.0	0.0	46.2	-1.0	0.0	.Autoclave.Outputs.PRESSIP\OutputValue	4.7	18.7	-41.4	-1.0	0.0	-1.0	-1.0	-1.0	0.0	0.0	0.0	-1.0	-1.0	-1.0	0.0	0.0	-1.0	0.0
19:56:16	171.1	127.7	140.7	136.9	124.6	121.6	122.0	124.7	129.4	133.4	-0.1	0.1	0.1	6.3	0.0	0.1	-0.1	140.7	121.6	-1.0	-2.4	129.0	131.2	97.0	97.0	96.3	97.4	97.3	171.0	3.5	0.0	80.0	80.0	5.0	0.0	0.0	40.8	-1.0	0.0	.Autoclave.Outputs.PRESSIP\OutputValue	3.0	19.0	-43.6	-1.0	0.0	-1.0	-1.0	-1.0	0.0	0.0	0.0	-1.0	-1.0	-1.0	0.0	0.0	-1.0	0.0
19:57:15	172.0	126.1	140.2	135.9	123.0	120.5	120.9	123.3	128.0	132.2	-0.1	0.0	0.0	1.0	0.0	0.0	-0.1	140.2	120.5	-0.3	-1.8	127.8	130.4	96.0	95.9	95.3	97.2	97.1	172.0	4.5	0.0	80.0	80.0	0.0	0.0	0.0	39.0	-1.0	0.0	.Autoclave.Outputs.PRESSIP\OutputValue	-0.7	19.6	-44.1	-1.0	0.0	-1.0	-1.0	-1.0	0.0	0.0	0.0	-1.0	-1.0	-1.0	0.0	0.0	-1.0	0.0
