

Time	Elapsed	PTC5	PTC6	PTC7	PTC10	PTC11	PTC12	PTC13	PTC14	PTC15	PTC16	PTC17	PTC25	PTC26	PTC27	PTC28	PTC29	PTC30	VPRB2	VPRB3	VPRB4	VPRB7	VPRB8	PRESS	SVAC	HIPRB	LOPRB	HITC	LOTC	HIRATE	LORATE	AVGTC	MEAN	AIRTC	AIRTC1	AIRTC2	HILIMTC	CAPSTC	RUNTIME	SEGTIME	SEGTIMELEFT	TSET_AIR	TSET_PART	PSET	TEMPOUT	TEMPINT	PRESSOUT	COOLIP	SCROUT	PRESSIP	PRESSINT	SPREAD	AIRPARTDELTA	CAPSFLOW	SILENCE	BARLOCK	HIPSI	FANON	HYDON	FANSTARTSTOPPB	HYDPMPSTARTSTOPPB	COOLCNTRLONOFFSW	PRESSCNTRLONOFFSW	PRESSDUMPSW	PCMANUALSW	HILIMIT	BLWRMTRHILIMIT	MANINSIDE
HH:MM:SS	Mins	Deg.F	Deg.F	Deg.F	Deg.F	Deg.F	Deg.F	Deg.F	Deg.F	Deg.F	Deg.F	Deg.F	Deg.F	Deg.F	Deg.F	Deg.F	Deg.F	Deg.F	"Hg	"Hg	"Hg	"Hg	"Hg	Psig	"Hg			Deg.F	Deg.F	Deg.F	Deg.F	Deg.F	Deg.F	Deg.F	Deg.F	Deg.F	Deg.F	Deg.F	Mins	Mins	Mins	Deg.F	Deg.F	Psig				%	%	%	%	Deg.F	Deg.F															
22:28:28	0.0	83.2	83.7	83.0	80.2	80.3	82.9	81.4	85.7	82.9	80.6	80.5	82.6	81.0	81.1	82.2	82.3	82.2	-27.0	-27.6	-27.4	-27.7	-27.3	-0.3	-27.9	-27.0	-27.7	85.7	80.2	0.3	0.0	82.1	83.0	95.0	94.9	94.3	112.6	103.8	292.2	0.0	0.0	70.0	70.0	0.0	0.0	0.0	50.0	0.0	0.0	.Autoclave.Outputs.PRESSIP\OutputValue	8.0	5.3	9.4	-1.0	0.0	-1.0	-1.0	0.0	0.0	0.0	0.0	-1.0	-1.0	-1.0	0.0	0.0	-1.0	0.0
22:28:30	0.0	83.2	83.7	83.0	80.2	80.3	82.9	81.4	85.7	82.9	80.6	80.5	82.6	81.0	81.1	82.2	82.3	82.2	-27.0	-27.6	-27.4	-27.7	-27.3	-0.3	-27.9	-27.0	-27.7	85.7	80.2	0.3	0.0	82.1	83.0	95.0	94.9	94.3	112.6	103.8	292.2	0.0	0.0	70.0	70.0	0.0	0.0	0.0	50.0	0.0	0.0	.Autoclave.Outputs.PRESSIP\OutputValue	8.0	5.3	9.4	-1.0	0.0	-1.0	-1.0	0.0	0.0	0.0	0.0	-1.0	-1.0	-1.0	0.0	0.0	-1.0	0.0
22:28:31	0.1	83.2	83.7	83.0	80.2	80.3	82.9	81.4	85.7	82.9	80.6	80.5	82.6	81.0	81.1	82.2	82.3	82.2	-27.0	-27.6	-27.4	-27.7	-27.3	-0.3	-27.9	-27.0	-27.7	85.7	80.2	0.3	0.0	82.1	83.0	95.0	94.9	94.3	112.6	103.7	292.2	0.0	0.0	70.0	70.0	0.0	0.0	0.0	50.0	0.0	0.0	.Autoclave.Outputs.PRESSIP\OutputValue	8.0	5.5	9.4	-1.0	0.0	-1.0	-1.0	0.0	0.0	0.0	0.0	-1.0	-1.0	-1.0	0.0	0.0	-1.0	0.0
22:28:31	0.1	83.2	83.7	83.0	80.2	80.3	82.9	81.4	85.7	82.9	80.6	80.5	82.6	81.0	81.1	82.2	82.3	82.2	-27.0	-27.6	-27.4	-27.7	-27.3	-0.3	-27.9	-27.0	-27.7	85.7	80.2	0.3	0.0	82.1	83.0	95.0	94.9	94.3	112.6	103.7	292.2	0.0	0.0	70.0	70.0	0.0	0.0	0.0	50.0	0.0	0.0	.Autoclave.Outputs.PRESSIP\OutputValue	8.0	5.5	9.3	-1.0	0.0	-1.0	-1.0	0.0	0.0	0.0	0.0	-1.0	-1.0	-1.0	0.0	0.0	-1.0	0.0
22:29:31	1.1	84.5	85.8	85.2	81.0	80.9	83.8	81.9	86.1	83.3	81.7	81.5	83.3	81.7	81.5	83.1	82.8	82.8	-27.0	-27.8	-27.7	-27.9	-27.6	0.5	-27.9	-27.0	-27.9	86.1	80.9	2.1	0.3	83.0	83.5	95.5	95.4	94.8	99.1	100.5	1.0	1.0	0.0	94.3	90.2	1.5	38.9	-0.3	68.1	-1.0	0.0	.Autoclave.Outputs.PRESSIP\OutputValue	8.0	5.2	9.4	-1.0	0.0	-1.0	-1.0	-1.0	0.0	0.0	0.0	-1.0	-1.0	0.0	0.0	0.0	-1.0	0.0
22:30:31	2.0	86.1	87.8	87.2	81.5	81.6	84.9	82.8	87.1	84.2	82.7	82.8	84.2	82.5	82.1	84.1	83.6	83.4	-26.9	-27.8	-27.6	-27.8	-27.7	2.3	-27.9	-26.9	-27.8	87.8	81.5	2.0	0.5	84.0	84.6	99.5	99.5	98.9	112.6	100.4	2.0	2.0	0.0	101.6	94.7	3.0	61.1	-0.2	65.3	0.0	22.2	.Autoclave.Outputs.PRESSIP\OutputValue	8.0	6.3	11.8	-1.0	0.0	-1.0	-1.0	-1.0	0.0	0.0	0.0	-1.0	-1.0	0.0	0.0	0.0	-1.0	0.0
22:31:31	3.1	88.4	90.3	89.7	82.5	82.6	86.3	83.7	89.3	86.0	84.0	84.5	85.5	84.0	82.8	85.4	84.4	84.2	-26.7	-27.8	-27.6	-27.8	-27.6	3.8	-27.9	-26.7	-27.8	90.3	82.5	2.7	0.8	85.5	86.4	106.2	106.2	105.4	117.4	100.4	3.0	3.0	0.0	108.0	99.2	4.5	60.4	0.0	64.8	0.0	20.8	.Autoclave.Outputs.PRESSIP\OutputValue	8.0	7.8	16.0	-1.0	0.0	-1.0	-1.0	-1.0	0.0	0.0	0.0	-1.0	-1.0	0.0	0.0	0.0	-1.0	0.0
22:32:31	4.1	91.0	93.0	92.7	83.6	83.8	88.0	84.9	91.9	88.4	85.6	86.6	87.0	85.5	83.8	87.0	85.4	85.2	-26.6	-27.8	-27.6	-27.8	-27.6	5.5	-27.9	-26.6	-27.8	93.0	83.6	3.0	0.9	87.3	88.3	112.5	112.5	111.9	124.6	100.6	4.0	4.0	0.0	114.3	103.7	6.0	60.4	0.2	62.9	0.0	20.9	.Autoclave.Outputs.PRESSIP\OutputValue	8.0	9.4	19.6	-1.0	0.0	-1.0	-1.0	-1.0	0.0	0.0	0.0	-1.0	-1.0	0.0	0.0	0.0	-1.0	0.0
22:33:31	5.1	93.9	95.9	96.0	84.9	85.0	89.9	86.2	95.2	91.1	87.3	89.0	88.6	87.5	84.9	88.1	86.6	86.3	-26.4	-27.8	-27.6	-27.9	-27.6	7.0	-27.9	-26.4	-27.9	96.0	84.9	3.3	1.1	89.2	90.5	118.3	118.3	117.7	130.7	100.7	5.0	5.0	0.0	120.5	108.2	7.5	62.5	0.4	63.4	0.0	25.0	.Autoclave.Outputs.PRESSIP\OutputValue	8.0	11.1	22.3	-1.0	0.0	-1.0	-1.0	-1.0	0.0	0.0	0.0	-1.0	-1.0	0.0	0.0	0.0	-1.0	0.0
22:34:31	6.0	96.6	98.9	99.2	86.5	86.4	92.0	87.8	98.8	94.1	89.1	91.6	90.5	89.7	86.4	89.9	88.1	87.6	-26.2	-27.7	-27.5	-27.8	-27.6	8.3	-27.9	-26.2	-27.8	99.2	86.4	3.7	1.4	91.4	92.8	124.1	124.2	123.4	135.4	100.7	6.0	6.0	0.0	126.1	112.7	9.0	62.3	0.6	65.1	0.0	24.5	.Autoclave.Outputs.PRESSIP\OutputValue	8.0	12.8	24.8	-1.0	0.0	-1.0	-1.0	-1.0	0.0	0.0	0.0	-1.0	-1.0	0.0	0.0	0.0	-1.0	0.0
22:35:24	6.9	99.4	101.7	102.0	88.0	87.8	93.9	89.0	102.2	96.9	90.8	93.9	92.1	91.7	87.7	91.4	89.3	88.7	-26.1	-27.7	-27.5	-27.8	-27.6	10.0	-27.9	-26.1	-27.8	102.2	87.7	3.9	1.4	93.3	94.9	128.9	129.0	128.2	140.7	100.9	6.9	6.9	0.0	130.9	116.6	10.3	62.9	0.8	62.2	0.0	25.8	.Autoclave.Outputs.PRESSIP\OutputValue	8.0	14.5	26.6	-1.0	0.0	-1.0	-1.0	-1.0	0.0	0.0	0.0	-1.0	-1.0	0.0	0.0	0.0	-1.0	0.0
22:35:31	7.1	99.7	102.0	102.4	88.0	88.1	94.3	89.5	102.6	97.5	91.1	94.4	92.5	92.0	87.9	91.9	89.8	89.1	-26.0	-27.7	-27.5	-27.7	-27.6	10.0	-27.9	-26.0	-27.7	102.6	87.9	3.9	1.4	93.7	95.2	129.7	129.7	129.0	140.5	100.8	7.0	0.1	0.0	131.7	117.2	10.5	62.9	0.9	63.0	0.0	25.8	.Autoclave.Outputs.PRESSIP\OutputValue	8.0	14.7	27.1	-1.0	0.0	-1.0	-1.0	-1.0	0.0	0.0	0.0	-1.0	-1.0	0.0	0.0	0.0	-1.0	0.0
22:36:31	8.1	103.0	105.5	106.0	89.9	89.7	96.5	91.2	106.7	101.4	93.3	97.4	94.6	94.6	89.5	93.8	91.5	90.7	-25.5	-27.5	-27.4	-27.4	-27.4	11.7	-26.8	-25.5	-27.5	106.7	89.5	4.2	1.6	96.2	98.1	134.6	134.6	133.8	145.6	101.1	8.0	1.1	0.0	136.6	121.7	12.0	62.5	1.1	61.3	0.0	25.0	.Autoclave.Outputs.PRESSIP\OutputValue	8.0	17.2	27.9	-1.0	0.0	-1.0	-1.0	-1.0	0.0	0.0	0.0	-1.0	-1.0	0.0	0.0	0.0	-1.0	0.0
22:37:31	9.0	106.3	108.9	109.5	92.0	91.8	98.6	93.4	111.0	105.2	96.0	100.8	97.2	97.4	91.4	95.9	93.4	92.6	-21.5	-22.5	-23.0	-22.5	-22.8	12.5	-21.9	-21.5	-23.0	111.0	91.4	4.3	1.9	98.9	101.2	139.2	139.2	138.5	149.5	100.9	9.0	2.1	0.0	141.4	126.2	13.5	63.7	1.3	67.7	0.0	27.4	.Autoclave.Outputs.PRESSIP\OutputValue	8.0	19.6	28.2	-1.0	0.0	-1.0	-1.0	-1.0	0.0	0.0	0.0	-1.0	-1.0	0.0	0.0	0.0	-1.0	0.0
22:38:31	10.1	110.0	112.3	113.2	94.1	94.0	101.4	95.7	115.3	109.2	98.7	104.3	99.6	100.4	93.5	98.2	95.5	94.7	-16.4	-17.1	-17.1	-17.1	-17.1	14.2	-16.6	-16.4	-17.1	115.3	93.5	4.3	2.1	101.8	104.4	143.9	144.0	143.2	154.1	101.1	10.0	3.1	0.0	146.1	130.7	15.0	65.1	1.5	65.7	0.0	30.3	.Autoclave.Outputs.PRESSIP\OutputValue	8.0	21.8	28.6	-1.0	0.0	-1.0	-1.0	-1.0	0.0	0.0	0.0	-1.0	-1.0	0.0	0.0	0.0	-1.0	0.0
22:39:31	11.1	113.9	115.8	117.2	96.4	96.2	104.1	98.1	119.8	113.5	101.4	107.8	102.2	103.6	95.7	100.5	97.9	96.8	-11.4	-11.8	-11.9	-11.8	-11.9	15.9	-11.4	-11.4	-11.9	119.8	95.7	4.6	2.1	104.8	107.7	148.7	148.8	148.1	158.2	101.2	11.0	4.1	0.0	150.4	135.2	16.5	63.4	1.7	64.5	0.0	26.7	.Autoclave.Outputs.PRESSIP\OutputValue	8.0	24.1	28.9	-1.0	0.0	-1.0	-1.0	-1.0	0.0	0.0	0.0	-1.0	-1.0	0.0	0.0	0.0	-1.0	0.0
22:40:31	12.0	117.7	119.5	121.0	98.6	98.4	106.9	100.5	123.9	118.0	104.4	111.5	105.0	106.9	98.1	103.3	100.1	99.2	-6.7	-7.0	-7.0	-7.0	-7.0	17.5	-6.7	-6.7	-7.0	123.9	98.1	4.6	2.3	107.8	111.0	153.1	153.2	152.4	163.4	101.3	12.0	5.1	0.0	155.3	139.7	18.0	64.8	1.9	62.4	0.0	29.6	.Autoclave.Outputs.PRESSIP\OutputValue	8.0	25.8	29.2	-1.0	0.0	-1.0	-1.0	-1.0	0.0	0.0	0.0	-1.0	-1.0	0.0	0.0	0.0	-1.0	0.0
22:41:31	13.1	121.7	123.5	125.0	101.1	100.8	109.3	103.2	128.4	122.0	107.5	115.3	108.1	110.5	100.7	105.7	102.6	101.4	-2.9	-3.2	-3.1	-3.2	-3.2	18.5	-3.0	-2.9	-3.2	128.4	100.7	4.5	2.2	111.0	114.5	157.5	157.5	156.9	167.1	101.3	13.0	6.1	0.0	159.9	144.2	19.5	65.7	2.1	67.9	0.0	31.4	.Autoclave.Outputs.PRESSIP\OutputValue	8.0	27.7	29.1	-1.0	0.0	-1.0	-1.0	-1.0	0.0	0.0	0.0	-1.0	-1.0	0.0	0.0	0.0	-1.0	0.0
22:42:31	14.1	126.0	127.5	129.1	103.6	103.1	112.6	106.0	132.7	126.5	110.7	119.2	111.3	114.1	103.3	108.7	105.3	104.0	-1.2	-1.3	-1.3	-1.5	-1.4	20.2	-1.3	-1.2	-1.5	132.7	103.1	4.5	2.4	114.3	117.9	162.1	162.2	161.5	172.0	101.3	14.0	7.1	0.0	164.5	148.7	21.0	66.5	2.4	65.6	0.0	33.1	.Autoclave.Outputs.PRESSIP\OutputValue	8.0	29.6	29.4	-1.0	0.0	-1.0	-1.0	-1.0	0.0	0.0	0.0	-1.0	-1.0	0.0	0.0	0.0	-1.0	0.0
22:43:31	15.0	130.7	131.3	132.8	106.1	105.5	115.9	109.1	137.3	131.0	113.9	123.3	114.5	117.9	106.1	111.6	108.2	106.9	-0.4	-0.5	-0.5	-0.7	-0.6	22.2	-0.5	-0.4	-0.7	137.3	105.5	4.9	2.4	117.8	121.4	166.8	166.8	166.1	176.3	101.6	15.0	8.1	0.0	169.0	153.2	22.5	62.1	2.6	61.2	0.0	24.2	.Autoclave.Outputs.PRESSIP\OutputValue	8.0	31.8	29.5	-1.0	0.0	-1.0	-1.0	-1.0	0.0	0.0	0.0	-1.0	-1.0	0.0	0.0	0.0	-1.0	0.0
22:44:31	16.1	134.5	135.5	137.1	108.6	108.2	118.8	112.2	141.8	135.2	117.5	127.5	117.8	121.8	109.0	114.5	111.0	109.7	0.0	-0.1	-0.1	-0.3	-0.2	23.2	-0.1	0.0	-0.3	141.8	108.2	4.6	2.8	121.2	125.0	171.2	171.2	170.5	180.5	101.4	16.0	9.1	0.0	173.5	157.7	24.0	66.3	2.9	66.0	0.0	32.5	.Autoclave.Outputs.PRESSIP\OutputValue	8.0	33.6	29.4	-1.0	0.0	-1.0	-1.0	-1.0	0.0	0.0	0.0	-1.0	-1.0	0.0	0.0	0.0	-1.0	0.0
22:45:31	17.1	138.9	139.5	141.6	111.4	110.9	122.0	115.5	146.4	139.7	121.1	131.7	121.4	125.8	112.1	118.1	114.2	112.7	0.1	0.0	0.1	-0.1	0.0	24.9	0.0	0.1	-0.1	146.4	110.9	4.9	2.7	124.9	128.7	175.6	175.6	174.9	184.9	101.6	17.0	10.1	0.0	178.0	162.2	25.5	67.2	3.1	64.3	0.0	34.4	.Autoclave.Outputs.PRESSIP\OutputValue	8.0	35.5	29.2	-1.0	0.0	-1.0	-1.0	-1.0	0.0	0.0	0.0	-1.0	-1.0	0.0	0.0	0.0	-1.0	0.0
22:46:31	18.0	143.7	143.8	146.2	114.2	113.7	125.3	119.0	151.0	144.4	124.9	136.0	125.1	129.9	115.4	121.2	117.2	115.7	0.2	0.1	0.1	0.0	0.1	26.4	0.1	0.2	0.0	151.0	113.7	4.6	2.8	128.6	132.4	179.9	179.9	179.2	189.7	101.5	18.0	11.1	0.0	182.5	166.7	27.0	68.0	3.3	64.9	0.0	36.0	.Autoclave.Outputs.PRESSIP\OutputValue	8.0	37.3	28.9	-1.0	0.0	-1.0	-1.0	-1.0	0.0	0.0	0.0	-1.0	-1.0	0.0	0.0	0.0	-1.0	0.0
22:47:31	19.1	148.9	147.8	150.5	117.4	116.6	128.5	122.7	155.4	148.8	128.8	140.4	128.9	133.9	118.8	124.8	120.6	119.0	0.2	0.2	0.1	0.0	0.1	27.6	0.1	0.2	0.0	155.4	116.6	5.2	2.9	132.5	136.0	184.5	184.5	183.8	193.8	101.6	19.0	12.1	0.0	187.0	171.2	28.5	68.8	3.6	67.1	0.0	37.6	.Autoclave.Outputs.PRESSIP\OutputValue	8.0	38.8	29.1	-1.0	0.0	-1.0	-1.0	-1.0	0.0	0.0	0.0	-1.0	-1.0	0.0	0.0	0.0	-1.0	0.0
22:48:31	20.1	153.4	151.6	154.9	120.6	119.6	132.6	126.3	159.7	153.4	132.5	144.9	132.7	138.3	122.2	128.6	124.2	122.3	0.3	0.1	0.1	0.0	0.1	29.3	0.1	0.3	0.0	159.7	119.6	5.1	3.1	136.3	139.7	188.9	188.9	188.3	198.4	101.7	20.0	13.1	0.0	191.5	175.6	30.0	68.5	3.8	64.8	0.0	36.9	.Autoclave.Outputs.PRESSIP\OutputValue	8.0	40.1	29.2	-1.0	0.0	-1.0	-1.0	-1.0	0.0	0.0	0.0	-1.0	-1.0	0.0	0.0	0.0	-1.0	0.0
22:49:32	21.1	158.2	156.0	159.1	123.8	122.6	136.0	130.0	164.6	158.3	136.7	149.5	137.0	142.6	125.8	132.3	127.7	125.8	0.3	0.2	0.2	0.1	0.1	31.0	0.1	0.3	0.1	164.6	122.6	5.1	3.1	140.4	143.6	193.2	193.2	192.5	203.0	101.7	21.0	14.1	0.0	195.3	180.2	31.5	66.5	4.1	63.0	0.0	33.0	.Autoclave.Outputs.PRESSIP\OutputValue	8.0	42.0	28.6	-1.0	0.0	-1.0	-1.0	-1.0	0.0	0.0	0.0	-1.0	-1.0	0.0	0.0	0.0	-1.0	0.0
22:50:31	22.0	163.3	159.9	164.1	127.1	125.9	139.4	134.0	169.3	163.2	140.8	154.2	141.0	147.1	129.5	136.2	131.3	129.4	0.3	0.2	0.2	0.1	0.1	32.5	0.1	0.3	0.1	169.3	125.9	5.2	3.1	144.4	147.6	197.4	197.6	196.9	207.6	101.7	22.0	15.1	0.0	199.9	184.7	33.0	69.6	4.3	64.1	0.0	39.1	.Autoclave.Outputs.PRESSIP\OutputValue	8.0	43.4	28.1	-1.0	0.0	-1.0	-1.0	-1.0	0.0	0.0	0.0	-1.0	-1.0	0.0	0.0	0.0	-1.0	0.0
22:51:31	23.1	168.7	164.5	168.6	130.7	129.1	143.0	137.9	173.9	168.0	145.1	158.9	145.3	151.7	133.4	139.8	135.0	133.0	0.4	0.1	0.2	0.1	0.1	33.7	0.1	0.4	0.1	173.9	129.1	5.6	3.4	148.6	151.5	201.8	201.8	201.2	210.9	101.8	23.0	16.1	0.0	204.4	189.2	34.5	69.9	4.6	65.6	0.0	39.8	.Autoclave.Outputs.PRESSIP\OutputValue	8.0	44.8	27.9	-1.0	0.0	-1.0	-1.0	-1.0	0.0	0.0	0.0	-1.0	-1.0	0.0	0.0	0.0	-1.0	0.0
22:52:31	24.1	173.5	169.1	173.1	134.3	132.5	147.2	142.1	178.7	172.5	149.3	163.5	149.5	156.3	137.2	144.1	139.0	136.9	0.4	0.2	0.2	0.1	0.1	35.5	0.1	0.4	0.1	178.7	132.5	5.0	3.5	152.9	155.6	206.3	206.4	205.6	215.5	101.8	24.0	17.1	0.0	208.7	193.7	36.0	68.9	4.8	62.5	0.0	37.8	.Autoclave.Outputs.PRESSIP\OutputValue	8.0	46.2	27.6	-1.0	0.0	-1.0	-1.0	-1.0	0.0	0.0	0.0	-1.0	-1.0	0.0	0.0	0.0	-1.0	0.0
22:53:31	25.0	178.8	173.4	177.7	137.7	135.6	150.4	146.2	183.2	177.3	153.8	168.2	153.9	161.0	141.4	148.2	142.8	140.8	0.4	0.2	0.2	0.1	0.1	36.7	0.2	0.4	0.1	183.2	135.6	5.3	3.0	157.1	159.4	210.6	210.6	210.0	219.6	101.8	25.0	18.1	0.0	213.2	198.2	37.5	70.3	5.1	66.1	0.0	40.6	.Autoclave.Outputs.PRESSIP\OutputValue	8.0	47.6	27.4	-1.0	0.0	-1.0	-1.0	-1.0	0.0	0.0	0.0	-1.0	-1.0	0.0	0.0	0.0	-1.0	0.0
22:54:31	26.1	183.2	177.4	182.3	141.3	139.1	154.4	150.6	187.8	182.0	158.3	173.0	158.2	165.6	145.6	152.2	146.9	144.9	0.5	0.2	0.2	0.1	0.1	38.5	0.2	0.5	0.1	187.8	139.1	5.0	3.5	161.3	163.4	215.3	215.3	214.6	224.4	102.0	26.0	19.1	0.0	217.6	202.7	39.0	69.8	5.3	63.1	0.0	39.6	.Autoclave.Outputs.PRESSIP\OutputValue	8.0	48.7	27.5	-1.0	0.0	-1.0	-1.0	-1.0	0.0	0.0	0.0	-1.0	-1.0	0.0	0.0	0.0	-1.0	0.0
22:55:31	27.1	188.1	182.2	187.2	145.0	142.7	158.3	155.1	192.5	186.7	162.9	177.9	163.2	170.5	149.8	156.5	151.0	149.1	0.5	0.2	0.2	0.1	0.1	39.5	0.2	0.5	0.1	192.5	142.7	5.2	3.5	165.8	167.6	219.6	219.6	218.8	228.8	102.0	27.0	20.1	0.0	222.2	207.2	40.0	70.9	5.6	63.2	0.0	41.8	.Autoclave.Outputs.PRESSIP\OutputValue	8.0	49.8	27.1	-1.0	0.0	-1.0	-1.0	-1.0	0.0	0.0	0.0	-1.0	-1.0	0.0	0.0	0.0	-1.0	0.0
22:56:31	28.0	192.8	186.3	192.2	148.5	146.1	161.6	159.4	197.0	191.3	167.8	182.6	167.6	175.4	154.0	160.8	155.3	153.2	0.5	0.2	0.2	0.1	0.1	39.8	0.2	0.5	0.1	197.0	146.1	5.2	3.4	170.1	171.5	223.7	223.7	223.0	233.9	101.7	28.0	21.1	0.0	226.5	211.7	40.0	73.6	5.8	60.0	0.0	47.2	.Autoclave.Outputs.PRESSIP\OutputValue	8.0	50.9	26.7	-1.0	0.0	-1.0	-1.0	-1.0	0.0	0.0	0.0	-1.0	-1.0	0.0	0.0	0.0	-1.0	0.0
22:57:31	29.1	197.5	190.8	196.8	152.5	149.6	165.2	163.8	201.6	195.8	172.6	187.5	172.3	180.3	158.3	165.1	159.0	157.3	0.5	0.2	0.2	0.1	0.1	40.1	0.1	0.5	0.1	201.6	149.6	5.1	3.4	174.5	175.6	228.4	228.3	227.6	237.8	101.9	29.0	22.1	0.0	230.9	216.2	40.0	69.8	6.1	57.0	0.0	39.6	.Autoclave.Outputs.PRESSIP\OutputValue	8.0	52.0	26.8	-1.0	0.0	-1.0	-1.0	-1.0	0.0	0.0	0.0	-1.0	-1.0	0.0	0.0	0.0	-1.0	0.0
22:58:31	30.1	202.0	195.2	201.0	155.9	153.2	168.8	168.4	205.7	200.8	177.2	192.6	177.0	185.2	162.7	169.7	163.4	161.5	0.5	0.2	0.2	0.1	0.0	40.4	0.1	0.5	0.0	205.7	153.2	5.0	3.6	178.8	179.4	232.9	233.0	232.3	242.8	101.8	30.0	23.1	0.0	235.2	220.7	40.0	72.3	6.3	53.4	0.0	44.7	.Autoclave.Outputs.PRESSIP\OutputValue	7.5	52.5	27.2	-1.0	0.0	-1.0	-1.0	-1.0	0.0	0.0	0.0	-1.0	-1.0	0.0	0.0	0.0	-1.0	0.0
22:59:31	31.0	206.5	199.6	205.5	159.5	156.8	172.6	172.7	210.4	205.2	182.0	197.3	181.7	189.9	167.1	174.0	167.8	165.8	0.5	0.2	0.2	0.1	-0.1	40.7	0.1	0.5	-0.1	210.4	156.8	5.3	3.6	183.2	183.6	237.4	237.4	236.6	247.3	101.9	31.0	24.1	0.0	239.9	225.2	40.0	71.2	6.6	49.1	0.0	42.5	.Autoclave.Outputs.PRESSIP\OutputValue	6.3	53.6	27.0	-1.0	0.0	-1.0	-1.0	-1.0	0.0	0.0	0.0	-1.0	-1.0	0.0	0.0	0.0	-1.0	0.0
23:00:31	32.1	211.2	203.6	210.0	163.5	160.4	176.5	177.0	215.1	210.6	186.5	202.0	186.2	194.7	171.4	178.3	172.0	170.1	0.5	0.1	0.2	0.0	-0.1	39.9	0.1	0.5	-0.1	215.1	160.4	5.1	3.6	187.6	187.7	241.6	241.6	240.9	250.9	101.5	32.0	25.1	0.0	244.5	229.7	40.0	74.0	6.8	56.3	0.0	48.0	.Autoclave.Outputs.PRESSIP\OutputValue	4.9	54.7	26.5	-1.0	0.0	-1.0	-1.0	-1.0	0.0	0.0	0.0	-1.0	-1.0	0.0	0.0	0.0	-1.0	0.0
23:01:31	33.1	216.0	208.0	214.2	167.6	164.1	180.3	181.4	219.1	214.4	191.2	206.6	190.9	199.5	175.8	182.7	176.3	174.5	0.6	0.1	0.2	0.0	-0.2	40.2	0.1	0.6	-0.2	219.1	164.1	4.7	3.8	191.9	191.6	246.7	246.7	245.9	256.9	101.6	33.0	26.1	0.0	249.0	234.2	40.0	70.3	7.1	52.7	0.0	40.7	.Autoclave.Outputs.PRESSIP\OutputValue	4.8	55.0	27.6	-1.0	0.0	-1.0	-1.0	-1.0	0.0	0.0	0.0	-1.0	-1.0	0.0	0.0	0.0	-1.0	0.0
23:02:31	34.1	220.6	211.6	219.0	171.3	167.9	183.9	185.9	223.5	219.4	195.8	211.4	195.7	204.4	180.5	187.0	180.4	178.7	0.6	0.2	0.2	0.1	-0.1	40.5	0.1	0.6	-0.1	223.5	167.9	5.1	3.6	196.3	195.7	251.3	251.3	250.6	261.7	101.6	34.0	27.1	0.0	254.2	238.7	40.0	75.1	7.3	49.0	0.0	50.2	.Autoclave.Outputs.PRESSIP\OutputValue	4.1	55.6	27.8	-1.0	0.0	-1.0	-1.0	-1.0	0.0	0.0	0.0	-1.0	-1.0	0.0	0.0	0.0	-1.0	0.0
23:03:31	35.1	225.2	216.8	223.3	175.3	171.9	188.3	190.4	227.8	224.2	200.7	216.3	200.6	209.0	185.0	191.3	185.0	183.3	0.6	0.2	0.2	0.0	-0.1	40.8	0.1	0.6	-0.1	227.8	171.9	5.1	4.1	200.8	199.8	256.0	256.1	255.4	266.5	101.6	35.0	28.1	0.0	258.6	243.2	40.0	74.9	7.6	44.4	0.0	49.7	.Autoclave.Outputs.PRESSIP\OutputValue	2.8	55.9	28.2	-1.0	0.0	-1.0	-1.0	-1.0	0.0	0.0	0.0	-1.0	-1.0	0.0	0.0	0.0	-1.0	0.0
23:04:31	36.1	229.4	220.6	228.1	179.3	175.9	192.7	195.0	232.1	228.8	205.4	221.0	205.1	213.7	189.3	195.9	189.2	187.7	0.8	0.3	0.3	0.2	0.2	40.0	0.1	0.8	0.2	232.1	175.9	5.1	4.1	205.2	204.0	260.3	260.5	259.7	271.8	101.5	36.0	29.1	0.0	263.3	247.7	40.0	74.9	7.8	51.7	0.0	49.8	.Autoclave.Outputs.PRESSIP\OutputValue	1.8	56.2	28.2	-1.0	0.0	-1.0	-1.0	-1.0	0.0	0.0	0.0	-1.0	-1.0	0.0	0.0	0.0	-1.0	0.0
23:05:31	37.1	234.0	225.3	232.3	183.5	179.6	196.8	199.6	236.4	233.6	210.2	225.7	209.7	218.5	193.8	200.4	193.7	191.9	0.8	0.3	0.3	0.3	0.1	40.3	0.1	0.8	0.1	236.4	179.6	5.3	3.8	209.7	208.0	265.6	265.6	264.8	276.3	101.7	37.0	30.1	0.0	267.7	252.0	40.0	71.2	8.1	48.4	0.0	42.5	.Autoclave.Outputs.PRESSIP\OutputValue	1.5	56.8	29.2	-1.0	0.0	-1.0	-1.0	-1.0	0.0	0.0	0.0	-1.0	-1.0	0.0	0.0	0.0	-1.0	0.0
23:05:38	37.2	234.7	225.7	233.0	184.1	180.1	197.3	200.5	237.1	233.9	210.7	226.2	210.2	219.1	194.3	201.0	194.2	192.4	0.8	0.3	0.3	0.2	0.2	40.3	0.1	0.8	0.2	237.1	180.1	5.2	3.9	210.2	208.6	266.0	266.1	265.3	276.1	101.7	37.1	30.2	0.0	267.4	252.0	40.0	63.3	8.1	48.4	0.0	26.5	.Autoclave.Outputs.PRESSIP\OutputValue	1.4	57.0	29.4	-1.0	0.0	-1.0	-1.0	-1.0	0.0	0.0	0.0	-1.0	-1.0	0.0	0.0	0.0	-1.0	0.0
23:06:31	38.0	238.1	229.3	236.3	187.4	183.6	200.6	204.0	240.8	237.9	214.7	230.2	214.3	223.2	198.1	204.6	197.7	196.2	0.8	0.3	0.4	0.2	0.2	40.5	0.1	0.8	0.2	240.8	183.6	5.0	3.8	213.9	212.2	268.6	268.6	268.0	279.6	101.7	38.0	0.9	0.0	271.3	256.0	40.0	74.0	8.3	45.5	0.0	48.0	.Autoclave.Outputs.PRESSIP\OutputValue	0.8	57.2	27.8	-1.0	0.0	-1.0	-1.0	-1.0	0.0	0.0	0.0	-1.0	-1.0	0.0	0.0	0.0	-1.0	0.0
23:07:31	39.1	242.9	233.4	240.6	191.2	187.5	204.9	209.0	244.7	242.3	219.3	234.9	218.8	227.7	202.6	209.0	202.0	200.5	0.9	0.3	0.4	0.2	0.2	40.9	0.1	0.9	0.2	244.7	187.5	4.8	4.0	218.3	216.1	273.7	273.7	272.9	284.4	101.6	39.0	1.9	0.0	276.6	260.5	40.0	76.2	8.6	40.9	0.0	52.3	.Autoclave.Outputs.PRESSIP\OutputValue	-0.6	57.2	29.0	-1.0	0.0	-1.0	-1.0	-1.0	0.0	0.0	0.0	-1.0	-1.0	0.0	0.0	0.0	-1.0	0.0
23:08:31	40.1	246.7	237.6	245.2	195.5	191.4	208.8	213.6	248.8	246.9	223.9	239.3	223.3	232.3	207.1	213.1	206.5	205.0	0.9	0.3	0.4	0.2	0.3	39.9	0.1	0.9	0.2	248.8	191.4	4.7	3.9	222.6	220.1	278.0	277.9	277.2	289.6	101.5	40.0	2.9	0.0	280.6	265.0	40.0	74.3	8.8	50.0	0.0	48.6	.Autoclave.Outputs.PRESSIP\OutputValue	-1.4	57.4	29.2	-1.0	0.0	-1.0	-1.0	-1.0	0.0	0.0	0.0	-1.0	-1.0	0.0	0.0	0.0	-1.0	0.0
23:09:31	41.0	251.2	241.9	249.5	199.5	195.4	213.3	217.7	253.3	251.5	228.5	244.0	228.0	237.0	211.5	218.0	210.8	209.3	0.9	0.3	0.4	0.3	0.3	40.1	0.1	0.9	0.3	253.3	195.4	5.1	3.9	227.1	224.3	282.9	283.0	282.2	293.6	101.5	41.0	3.9	0.0	285.4	269.5	40.0	73.7	9.1	47.0	0.0	47.5	.Autoclave.Outputs.PRESSIP\OutputValue	-1.4	57.9	29.6	-1.0	0.0	-1.0	-1.0	-1.0	0.0	0.0	0.0	-1.0	-1.0	0.0	0.0	0.0	-1.0	0.0
23:10:31	42.1	255.3	246.0	253.2	204.0	199.1	217.0	222.4	257.9	256.1	232.6	248.5	232.5	241.5	216.0	222.4	215.1	213.7	1.0	0.3	0.4	0.2	0.3	40.2	0.1	1.0	0.2	257.9	199.1	4.9	3.7	231.4	228.5	286.3	286.3	285.5	293.1	101.4	42.0	4.9	0.0	286.2	272.0	40.0	56.3	9.3	46.3	0.0	12.7	.Autoclave.Outputs.PRESSIP\OutputValue	-1.9	58.8	28.4	-1.0	0.0	-1.0	-1.0	-1.0	0.0	0.0	0.0	-1.0	-1.0	0.0	0.0	0.0	-1.0	0.0
23:11:31	43.1	256.7	247.8	254.3	206.9	202.7	219.7	226.1	262.0	260.2	235.9	251.8	234.9	245.4	220.0	225.5	218.9	217.5	1.0	0.3	0.4	0.3	0.3	40.0	0.1	1.0	0.3	262.0	202.7	4.3	1.3	234.5	232.3	282.3	282.3	281.6	287.0	101.5	43.0	5.9	0.0	282.0	272.0	40.0	55.7	9.2	48.1	0.0	11.3	.Autoclave.Outputs.PRESSIP\OutputValue	-2.0	59.3	20.3	-1.0	0.0	-1.0	-1.0	-1.0	0.0	0.0	0.0	-1.0	-1.0	0.0	0.0	0.0	-1.0	0.0
23:12:31	44.0	257.2	248.4	254.3	209.2	205.8	221.8	229.0	264.3	262.2	238.5	254.0	236.6	248.1	223.5	228.2	222.0	220.8	0.9	0.2	0.3	0.2	0.2	39.8	0.1	0.9	0.2	264.3	205.8	3.8	0.2	236.7	235.0	277.3	277.3	276.6	282.3	101.4	44.0	6.9	0.0	279.6	272.0	40.0	71.7	9.3	50.3	0.0	43.5	.Autoclave.Outputs.PRESSIP\OutputValue	-1.7	58.5	13.0	-1.0	0.0	-1.0	-1.0	-1.0	0.0	0.0	0.0	-1.0	-1.0	0.0	0.0	0.0	-1.0	0.0
23:13:31	45.1	258.4	249.7	255.8	211.5	208.5	223.9	232.0	266.3	264.1	241.4	256.0	239.0	250.5	226.7	231.0	225.2	224.0	0.9	0.3	0.3	0.2	0.2	39.9	0.1	0.9	0.2	266.3	208.5	3.3	0.8	239.1	237.4	277.8	277.8	277.1	282.9	101.4	45.0	7.9	0.0	277.9	272.0	40.0	57.8	9.4	50.0	0.0	15.7	.Autoclave.Outputs.PRESSIP\OutputValue	-1.4	57.8	11.5	-1.0	0.0	-1.0	-1.0	-1.0	0.0	0.0	0.0	-1.0	-1.0	0.0	0.0	0.0	-1.0	0.0
23:14:31	46.1	259.3	251.1	256.6	213.6	211.1	225.3	235.0	267.5	265.8	243.7	257.7	241.0	252.6	229.8	233.6	228.1	227.0	0.9	0.2	0.3	0.2	0.2	39.7	0.1	0.9	0.2	267.5	211.1	3.2	0.7	241.1	239.3	276.1	276.1	275.4	278.5	101.4	46.0	8.9	0.0	276.7	272.0	40.0	61.2	9.4	52.3	0.0	22.3	.Autoclave.Outputs.PRESSIP\OutputValue	-1.0	56.4	8.6	-1.0	0.0	-1.0	-1.0	-1.0	0.0	0.0	0.0	-1.0	-1.0	0.0	0.0	0.0	-1.0	0.0
23:15:31	47.0	259.9	252.5	257.4	215.5	213.4	227.1	237.3	268.2	266.6	245.9	259.0	242.8	254.4	232.5	236.0	230.8	229.8	0.9	0.2	0.3	0.2	0.3	39.8	0.1	0.9	0.2	268.2	213.4	2.9	0.6	242.9	240.8	275.7	275.8	275.0	281.1	101.4	47.0	9.9	0.0	275.6	272.0	40.0	55.2	9.4	51.8	0.0	10.4	.Autoclave.Outputs.PRESSIP\OutputValue	-0.6	54.8	7.5	-1.0	0.0	-1.0	-1.0	-1.0	0.0	0.0	0.0	-1.0	-1.0	0.0	0.0	0.0	-1.0	0.0
23:16:31	48.1	260.6	253.2	258.0	217.3	215.4	228.6	239.2	268.7	267.1	247.9	260.0	244.4	255.9	235.2	238.1	233.3	232.4	0.9	0.2	0.3	0.2	0.2	39.8	0.1	0.9	0.2	268.7	215.4	2.8	0.0	244.4	242.0	274.8	274.6	273.9	281.4	101.3	48.0	10.9	0.0	275.4	272.0	40.0	62.6	9.5	51.8	0.0	25.2	.Autoclave.Outputs.PRESSIP\OutputValue	0.0	53.3	6.1	-1.0	0.0	-1.0	-1.0	-1.0	0.0	0.0	0.0	-1.0	-1.0	0.0	0.0	0.0	-1.0	0.0
23:17:31	49.1	261.5	254.7	258.8	219.3	217.6	230.3	242.3	269.3	267.8	249.7	261.2	246.4	257.5	237.7	240.5	235.7	234.9	0.8	0.2	0.3	0.2	0.2	39.8	0.1	0.8	0.2	269.3	217.6	2.6	1.0	246.2	243.5	274.8	274.8	274.0	279.8	101.3	49.0	11.9	0.0	274.9	272.0	40.0	57.9	9.5	52.8	0.0	15.8	.Autoclave.Outputs.PRESSIP\OutputValue	0.4	51.7	5.5	-1.0	0.0	-1.0	-1.0	-1.0	0.0	0.0	0.0	-1.0	-1.0	0.0	0.0	0.0	-1.0	0.0
23:18:31	50.1	262.0	255.6	259.6	221.1	219.6	231.8	244.3	269.6	268.6	251.5	262.2	248.0	258.9	240.0	242.5	238.0	237.3	0.8	0.2	0.3	0.2	0.2	39.7	0.1	0.8	0.2	269.6	219.6	2.6	-0.2	247.7	244.6	274.2	274.2	273.5	278.6	101.3	50.0	12.9	0.0	274.4	272.0	40.0	58.6	9.4	53.6	0.0	17.1	.Autoclave.Outputs.PRESSIP\OutputValue	0.9	50.0	4.6	-1.0	0.0	-1.0	-1.0	-1.0	0.0	0.0	0.0	-1.0	-1.0	0.0	0.0	0.0	-1.0	0.0
23:19:31	51.0	262.9	256.3	260.4	222.9	221.7	233.2	245.9	269.7	268.4	253.1	263.1	249.5	260.0	242.2	244.4	240.2	239.6	0.8	0.2	0.3	0.2	0.2	39.8	0.1	0.8	0.2	269.7	221.7	2.2	0.3	249.0	245.7	274.3	274.4	273.6	279.5	101.3	51.0	13.9	0.0	274.4	272.0	40.0	54.6	9.4	53.7	0.0	9.1	.Autoclave.Outputs.PRESSIP\OutputValue	1.4	48.0	4.6	-1.0	0.0	-1.0	-1.0	-1.0	0.0	0.0	0.0	-1.0	-1.0	0.0	0.0	0.0	-1.0	0.0
23:20:31	52.1	263.3	257.1	261.0	224.5	223.6	234.5	248.6	270.1	269.5	254.6	264.0	251.2	261.3	244.3	246.3	242.2	241.5	0.7	0.2	0.3	0.2	0.2	39.8	0.1	0.7	0.2	270.1	223.6	2.8	0.3	250.4	246.9	274.0	274.0	273.3	279.1	101.3	52.0	14.9	0.0	274.0	272.0	40.0	54.5	9.4	54.2	0.0	9.1	.Autoclave.Outputs.PRESSIP\OutputValue	1.8	46.5	3.9	-1.0	0.0	-1.0	-1.0	-1.0	0.0	0.0	0.0	-1.0	-1.0	0.0	0.0	0.0	-1.0	0.0
23:21:31	53.1	263.8	257.9	261.5	226.2	225.4	235.8	249.9	270.6	269.5	255.9	264.6	252.4	262.3	246.3	248.0	244.1	243.5	0.7	0.2	0.4	0.2	0.2	39.8	0.1	0.7	0.2	270.6	225.4	2.0	0.2	251.6	248.0	273.8	273.8	273.0	279.0	101.2	53.0	15.9	0.0	273.5	272.0	40.0	54.5	9.4	54.4	0.0	9.0	.Autoclave.Outputs.PRESSIP\OutputValue	2.3	45.2	3.2	-1.0	0.0	-1.0	-1.0	-1.0	0.0	0.0	0.0	-1.0	-1.0	0.0	0.0	0.0	-1.0	0.0
23:22:31	54.0	264.2	258.9	262.1	227.6	227.1	237.1	251.2	271.0	270.2	257.1	265.3	253.7	263.3	248.1	249.7	246.0	245.4	0.7	0.2	0.3	0.2	0.2	39.7	0.0	0.7	0.2	271.0	227.1	2.0	-0.5	252.8	249.1	273.9	273.9	273.1	278.5	101.3	54.0	16.9	0.0	273.5	272.0	40.0	55.8	9.4	55.3	0.0	11.7	.Autoclave.Outputs.PRESSIP\OutputValue	2.7	43.9	2.9	-1.0	0.0	-1.0	-1.0	-1.0	0.0	0.0	0.0	-1.0	-1.0	0.0	0.0	0.0	-1.0	0.0
23:23:31	55.1	264.1	258.9	262.1	228.9	228.6	237.9	252.0	270.5	269.5	258.0	265.5	254.3	263.8	249.7	251.1	247.6	246.9	0.7	0.3	0.3	0.2	0.2	39.8	0.1	0.7	0.2	270.5	228.6	1.8	-0.3	253.5	249.6	272.2	272.2	271.6	280.2	101.3	55.0	17.9	0.0	273.9	272.0	40.0	68.7	9.5	55.2	0.0	37.3	.Autoclave.Outputs.PRESSIP\OutputValue	3.4	41.9	1.7	-1.0	0.0	-1.0	-1.0	-1.0	0.0	0.0	0.0	-1.0	-1.0	0.0	0.0	0.0	-1.0	0.0
23:24:31	56.1	264.9	259.7	262.8	230.6	230.2	239.1	253.8	270.1	269.8	259.2	266.2	255.9	264.7	251.5	252.6	249.4	248.7	0.7	0.2	0.3	0.2	0.2	39.7	0.1	0.7	0.2	270.1	230.2	1.8	0.1	254.7	250.2	273.0	273.0	272.2	276.0	101.3	56.0	18.9	0.0	273.5	272.0	40.0	60.7	9.5	57.0	0.0	21.3	.Autoclave.Outputs.PRESSIP\OutputValue	3.8	39.9	2.9	-1.0	0.0	-1.0	-1.0	-1.0	0.0	0.0	0.0	-1.0	-1.0	0.0	0.0	0.0	-1.0	0.0
23:25:31	57.0	265.7	260.8	263.6	232.0	231.8	240.1	255.2	270.6	270.3	260.4	266.9	257.2	265.4	253.1	254.2	251.0	250.4	0.7	0.2	0.3	0.2	0.2	39.8	0.0	0.7	0.2	270.6	231.8	1.7	-0.1	255.8	251.2	273.7	273.6	272.9	278.6	101.3	57.0	19.9	0.0	273.3	272.0	40.0	54.0	9.6	56.2	0.0	8.0	.Autoclave.Outputs.PRESSIP\OutputValue	4.2	38.8	3.1	-1.0	0.0	-1.0	-1.0	-1.0	0.0	0.0	0.0	-1.0	-1.0	0.0	0.0	0.0	-1.0	0.0
23:26:31	58.1	265.7	261.2	263.9	233.3	233.4	241.2	256.4	271.1	270.3	261.2	267.4	258.0	266.0	254.5	255.4	252.5	251.8	0.7	0.2	0.3	0.2	0.2	39.8	0.0	0.7	0.2	271.1	233.3	1.6	0.2	256.7	252.2	273.2	273.2	272.6	279.0	101.3	58.0	20.9	0.0	273.2	272.0	40.0	58.7	9.6	56.3	0.0	17.4	.Autoclave.Outputs.PRESSIP\OutputValue	4.7	37.8	2.1	-1.0	0.0	-1.0	-1.0	-1.0	0.0	0.0	0.0	-1.0	-1.0	0.0	0.0	0.0	-1.0	0.0
23:27:31	59.1	266.0	261.5	264.0	234.5	234.9	242.2	257.8	271.3	270.4	261.9	267.7	258.7	266.6	255.9	256.5	253.9	253.2	0.6	0.2	0.3	0.2	0.2	39.6	0.0	0.6	0.2	271.3	234.5	1.5	-0.5	257.5	252.9	272.0	272.0	271.3	274.4	101.3	59.0	21.9	0.0	272.4	272.0	40.0	59.3	9.5	58.7	0.0	18.7	.Autoclave.Outputs.PRESSIP\OutputValue	5.2	36.8	0.7	-1.0	0.0	-1.0	-1.0	-1.0	0.0	0.0	0.0	-1.0	-1.0	0.0	0.0	0.0	-1.0	0.0
23:28:31	60.0	266.4	262.1	264.7	236.0	236.2	243.0	258.7	271.0	270.3	262.9	268.1	259.7	267.0	257.0	257.8	255.1	254.5	0.6	0.2	0.3	0.1	0.2	39.8	0.0	0.6	0.1	271.0	236.0	1.5	0.1	258.3	253.5	273.4	273.4	272.7	278.5	101.3	60.0	22.9	0.0	273.3	272.0	40.0	54.7	9.6	57.4	0.0	9.4	.Autoclave.Outputs.PRESSIP\OutputValue	5.6	35.0	2.4	-1.0	0.0	-1.0	-1.0	-1.0	0.0	0.0	0.0	-1.0	-1.0	0.0	0.0	0.0	-1.0	0.0
23:29:31	61.1	266.5	262.0	264.3	236.9	237.6	243.7	259.6	271.3	270.6	263.3	268.3	260.3	267.5	258.1	258.7	256.3	255.6	0.6	0.2	0.3	0.2	0.2	39.7	0.0	0.6	0.2	271.3	236.9	1.4	-0.1	258.9	254.1	271.3	271.3	270.5	274.6	101.3	61.0	23.9	0.0	272.7	272.0	40.0	66.7	9.6	59.4	0.0	33.5	.Autoclave.Outputs.PRESSIP\OutputValue	6.1	34.4	0.0	-1.0	0.0	-1.0	-1.0	-1.0	0.0	0.0	0.0	-1.0	-1.0	0.0	0.0	0.0	-1.0	0.0
23:30:31	62.1	267.1	262.9	265.2	238.2	238.8	244.7	260.4	271.0	270.7	264.3	268.7	261.3	267.8	259.2	259.9	257.5	257.0	0.6	0.2	0.3	0.2	0.2	39.8	0.0	0.6	0.2	271.0	238.2	1.3	-0.6	259.7	254.6	273.2	273.2	272.6	278.9	101.2	62.0	24.9	0.0	272.8	272.0	40.0	54.8	9.7	58.1	0.0	9.6	.Autoclave.Outputs.PRESSIP\OutputValue	6.5	32.8	2.2	-1.0	0.0	-1.0	-1.0	-1.0	0.0	0.0	0.0	-1.0	-1.0	0.0	0.0	0.0	-1.0	0.0
23:31:31	63.0	267.1	263.2	265.3	239.3	240.1	245.5	260.9	270.7	270.9	264.8	269.0	261.9	268.3	260.2	260.7	258.7	258.1	0.6	0.2	0.3	0.2	0.2	39.8	0.0	0.6	0.2	270.9	239.3	1.3	-0.5	260.3	255.1	272.2	272.2	271.5	276.5	101.2	63.0	25.9	0.0	272.9	272.0	40.0	62.1	9.7	59.3	0.0	24.2	.Autoclave.Outputs.PRESSIP\OutputValue	6.9	31.6	1.3	-1.0	0.0	-1.0	-1.0	-1.0	0.0	0.0	0.0	-1.0	-1.0	0.0	0.0	0.0	-1.0	0.0
23:32:31	64.1	267.5	263.7	266.0	240.4	241.4	246.5	262.1	270.5	271.5	265.5	269.4	263.0	268.7	261.2	261.8	259.8	259.2	0.6	0.3	0.3	0.1	0.2	39.6	0.0	0.6	0.1	271.5	240.4	1.3	-0.1	261.1	255.9	273.2	273.1	272.4	273.2	101.1	64.0	26.9	0.0	271.7	272.0	40.0	52.8	9.6	60.9	-1.0	5.5	.Autoclave.Outputs.PRESSIP\OutputValue	7.2	31.1	1.7	-1.0	0.0	-1.0	-1.0	-1.0	0.0	0.0	0.0	-1.0	-1.0	0.0	0.0	0.0	-1.0	0.0
23:33:31	65.1	267.3	263.4	265.4	241.1	242.5	246.5	262.7	271.5	270.9	265.4	268.9	262.7	268.4	261.9	262.1	260.5	259.9	0.6	0.2	0.3	0.1	0.2	39.8	0.0	0.6	0.1	271.5	241.1	1.2	-0.9	261.2	256.3	270.6	270.6	269.9	277.4	101.1	65.0	27.9	0.0	272.9	272.0	40.0	73.7	9.9	59.8	0.0	47.4	.Autoclave.Outputs.PRESSIP\OutputValue	8.0	30.4	-0.9	-1.0	0.0	-1.0	-1.0	-1.0	0.0	0.0	0.0	-1.0	-1.0	0.0	0.0	0.0	-1.0	0.0
23:34:31	66.1	267.3	264.1	266.4	242.3	243.5	247.5	263.4	271.3	271.0	266.2	269.5	263.9	269.1	262.6	263.2	261.5	261.0	0.6	0.2	0.3	0.2	0.2	39.9	0.0	0.6	0.2	271.3	242.3	1.6	-0.8	262.0	256.8	273.2	273.2	272.4	278.8	101.1	66.0	28.9	0.0	273.4	272.0	40.0	59.1	10.0	59.2	0.0	18.2	.Autoclave.Outputs.PRESSIP\OutputValue	8.0	29.0	1.9	-1.0	0.0	-1.0	-1.0	-1.0	0.0	0.0	0.0	-1.0	-1.0	0.0	0.0	0.0	-1.0	0.0
23:35:31	67.0	267.8	264.3	266.4	243.2	244.6	248.1	264.1	270.9	271.6	266.5	269.7	264.5	269.5	263.3	263.8	262.3	261.7	0.6	0.2	0.3	0.2	0.2	39.6	0.0	0.6	0.2	271.6	243.2	1.1	-0.1	262.5	257.4	271.8	271.8	271.2	272.9	101.0	67.0	29.9	0.0	272.9	272.0	40.0	63.8	10.0	61.3	0.0	27.5	.Autoclave.Outputs.PRESSIP\OutputValue	8.0	28.4	0.2	-1.0	0.0	-1.0	-1.0	-1.0	0.0	0.0	0.0	-1.0	-1.0	0.0	0.0	0.0	-1.0	0.0
23:36:31	68.1	268.2	264.8	266.8	244.2	245.6	248.7	264.6	271.1	271.1	267.2	269.8	265.1	269.6	264.0	264.5	263.0	262.6	0.6	0.2	0.3	0.2	0.2	39.9	0.0	0.6	0.2	271.1	244.2	1.1	-0.5	263.0	257.6	273.0	273.0	272.2	278.6	101.0	68.0	30.9	0.0	272.9	272.0	40.0	53.2	10.0	59.2	0.0	6.3	.Autoclave.Outputs.PRESSIP\OutputValue	8.0	26.9	1.9	-1.0	0.0	-1.0	-1.0	-1.0	0.0	0.0	0.0	-1.0	-1.0	0.0	0.0	0.0	-1.0	0.0
23:37:31	69.1	267.8	264.6	266.5	245.0	246.6	249.3	265.3	271.4	271.4	267.3	270.1	265.2	269.8	264.5	264.8	263.6	263.2	0.6	0.2	0.3	0.2	0.2	39.4	0.0	0.6	0.2	271.4	245.0	1.0	-0.5	263.3	258.2	271.0	270.8	270.1	267.7	101.1	69.0	31.9	0.0	272.5	272.0	40.0	67.1	10.0	63.8	0.0	34.2	.Autoclave.Outputs.PRESSIP\OutputValue	8.0	26.4	-0.4	-1.0	0.0	-1.0	-1.0	-1.0	0.0	0.0	0.0	-1.0	-1.0	0.0	0.0	0.0	-1.0	0.0
23:38:31	70.0	268.0	264.9	266.9	245.6	247.5	249.7	265.4	271.0	271.0	267.6	269.9	265.5	269.7	264.8	265.4	264.1	263.8	0.6	0.2	0.3	0.1	0.2	39.9	0.0	0.6	0.1	271.0	245.6	0.9	-0.4	263.6	258.3	271.7	271.7	271.0	278.4	101.2	70.0	32.9	0.0	272.9	272.0	40.0	66.0	10.2	59.4	0.0	32.0	.Autoclave.Outputs.PRESSIP\OutputValue	8.0	25.4	0.7	-1.0	0.0	-1.0	-1.0	-1.0	0.0	0.0	0.0	-1.0	-1.0	0.0	0.0	0.0	-1.0	0.0
23:39:31	71.1	268.7	265.6	267.5	246.5	248.4	250.6	266.0	271.1	270.8	268.2	270.3	266.4	270.1	265.4	266.2	264.9	264.5	0.6	0.2	0.3	0.2	0.2	39.9	0.0	0.6	0.2	271.1	246.5	1.1	0.2	264.2	258.8	273.1	273.2	272.4	278.5	101.1	71.0	33.9	0.0	272.9	272.0	40.0	55.4	10.2	59.1	0.0	10.7	.Autoclave.Outputs.PRESSIP\OutputValue	8.0	24.6	2.0	-1.0	0.0	-1.0	-1.0	-1.0	0.0	0.0	0.0	-1.0	-1.0	0.0	0.0	0.0	-1.0	0.0
23:40:31	72.1	268.4	265.5	267.3	247.1	249.4	250.8	266.2	271.7	270.9	268.1	270.1	266.4	270.2	265.9	266.3	265.1	264.9	0.6	0.2	0.3	0.1	0.2	39.8	0.0	0.6	0.1	271.7	247.1	1.1	-0.3	264.4	259.4	271.3	271.3	270.6	277.9	101.1	72.0	34.9	0.0	272.4	272.0	40.0	65.4	10.3	59.6	0.0	30.9	.Autoclave.Outputs.PRESSIP\OutputValue	8.0	24.6	-0.4	-1.0	0.0	-1.0	-1.0	-1.0	0.0	0.0	0.0	-1.0	-1.0	0.0	0.0	0.0	-1.0	0.0
23:41:31	73.0	268.7	266.1	267.9	248.0	250.2	251.6	266.8	271.3	271.3	268.7	270.6	267.2	270.5	266.5	266.9	265.9	265.5	0.6	0.2	0.3	0.1	0.2	39.9	0.0	0.6	0.1	271.3	248.0	1.1	-0.1	264.9	259.6	273.2	273.2	272.4	278.3	101.0	73.0	35.9	0.0	272.7	272.0	40.0	54.8	10.3	59.2	0.0	9.6	.Autoclave.Outputs.PRESSIP\OutputValue	8.0	23.3	1.9	-1.0	0.0	-1.0	-1.0	-1.0	0.0	0.0	0.0	-1.0	-1.0	0.0	0.0	0.0	-1.0	0.0
23:42:31	74.1	268.9	266.0	267.6	248.8	250.9	252.0	266.9	271.5	271.3	268.7	270.4	267.3	270.5	266.7	267.2	266.1	266.0	0.6	0.2	0.3	0.2	0.2	39.9	0.0	0.6	0.2	271.5	248.8	0.8	-0.4	265.1	260.1	271.6	271.6	270.8	278.4	101.1	74.0	36.9	0.0	272.7	272.0	40.0	66.2	10.4	59.1	0.0	32.4	.Autoclave.Outputs.PRESSIP\OutputValue	8.0	22.7	0.1	-1.0	0.0	-1.0	-1.0	-1.0	0.0	0.0	0.0	-1.0	-1.0	0.0	0.0	0.0	-1.0	0.0
23:43:31	75.1	268.7	266.2	267.9	249.4	251.8	252.6	267.5	271.9	271.2	268.9	270.8	267.7	270.9	267.3	267.6	266.6	266.5	0.5	0.2	0.3	0.2	0.2	39.3	0.0	0.5	0.2	271.9	249.4	0.9	-0.7	265.5	260.6	271.4	271.1	270.3	265.8	100.9	75.0	37.9	0.0	272.6	272.0	40.0	68.9	10.4	64.3	0.0	37.7	.Autoclave.Outputs.PRESSIP\OutputValue	8.0	22.5	-0.5	-1.0	0.0	-1.0	-1.0	-1.0	0.0	0.0	0.0	-1.0	-1.0	0.0	0.0	0.0	-1.0	0.0
23:44:31	76.0	268.7	266.2	267.6	249.9	252.4	252.6	267.4	270.9	270.9	269.0	270.3	267.7	270.5	267.3	267.8	266.9	266.8	0.6	0.2	0.3	0.2	0.2	39.9	0.0	0.6	0.2	270.9	249.9	0.8	-0.7	265.5	260.4	271.2	271.2	270.5	277.9	101.1	76.0	38.9	0.0	272.5	272.0	40.0	67.8	10.7	59.2	0.0	35.6	.Autoclave.Outputs.PRESSIP\OutputValue	8.0	21.0	0.3	-1.0	0.0	-1.0	-1.0	-1.0	0.0	0.0	0.0	-1.0	-1.0	0.0	0.0	0.0	-1.0	0.0
23:45:31	77.1	269.2	266.9	268.6	250.9	253.1	253.5	268.2	271.1	271.0	269.3	270.7	268.4	271.0	267.8	268.5	267.5	267.3	0.5	0.2	0.3	0.2	0.2	39.9	0.0	0.5	0.2	271.1	250.9	1.0	-0.4	266.1	261.0	273.3	273.1	272.6	278.3	101.0	77.0	39.9	0.0	272.9	272.0	40.0	53.8	10.7	59.1	0.0	7.6	.Autoclave.Outputs.PRESSIP\OutputValue	8.0	20.2	2.2	-1.0	0.0	-1.0	-1.0	-1.0	0.0	0.0	0.0	-1.0	-1.0	0.0	0.0	0.0	-1.0	0.0
23:46:31	78.1	268.8	266.5	268.1	251.3	253.9	253.7	268.0	271.3	271.0	269.2	270.5	268.2	270.9	267.9	268.4	267.6	267.5	0.5	0.2	0.3	0.2	0.2	39.9	0.0	0.5	0.2	271.3	251.3	0.8	-0.7	266.0	261.3	270.7	270.6	270.0	276.8	101.1	78.0	40.9	0.0	272.7	272.0	40.0	72.0	10.8	59.6	0.0	43.9	.Autoclave.Outputs.PRESSIP\OutputValue	8.0	20.0	-0.6	-1.0	0.0	-1.0	-1.0	-1.0	0.0	0.0	0.0	-1.0	-1.0	0.0	0.0	0.0	-1.0	0.0
23:47:31	79.1	269.4	267.2	268.9	252.1	254.5	254.3	268.5	270.8	270.9	269.6	270.8	269.0	271.1	268.3	269.1	268.2	268.0	0.6	0.2	0.3	0.1	0.2	39.9	0.0	0.6	0.1	271.1	252.1	0.9	-0.5	266.5	261.6	273.2	273.3	272.5	277.9	101.1	79.0	41.9	0.0	272.8	272.0	40.0	56.7	10.9	59.4	0.0	13.4	.Autoclave.Outputs.PRESSIP\OutputValue	8.0	19.0	2.2	-1.0	0.0	-1.0	-1.0	-1.0	0.0	0.0	0.0	-1.0	-1.0	0.0	0.0	0.0	-1.0	0.0
23:48:31	80.1	269.2	267.0	268.6	252.6	255.1	254.6	268.4	271.5	270.6	269.6	270.7	268.9	271.1	268.5	269.1	268.4	268.3	0.5	0.2	0.3	0.2	0.2	39.9	0.0	0.5	0.2	271.5	252.6	0.6	-0.6	266.6	262.0	272.0	272.0	271.3	278.9	101.0	80.0	42.9	0.0	272.9	272.0	40.0	62.8	11.0	58.9	0.0	25.6	.Autoclave.Outputs.PRESSIP\OutputValue	8.0	18.9	0.5	-1.0	0.0	-1.0	-1.0	-1.0	0.0	0.0	0.0	-1.0	-1.0	0.0	0.0	0.0	-1.0	0.0
23:49:31	81.1	269.7	267.5	269.3	253.3	255.7	255.3	268.6	271.1	271.3	269.9	271.1	269.5	271.4	268.8	269.5	268.7	268.6	0.6	0.2	0.3	0.1	0.2	39.9	0.0	0.6	0.1	271.4	253.3	0.9	0.2	267.0	262.3	273.2	273.2	272.4	278.1	100.9	81.0	43.9	0.0	272.6	272.0	40.0	55.0	11.0	58.9	0.0	10.0	.Autoclave.Outputs.PRESSIP\OutputValue	8.0	18.1	1.9	-1.0	0.0	-1.0	-1.0	-1.0	0.0	0.0	0.0	-1.0	-1.0	0.0	0.0	0.0	-1.0	0.0
23:50:31	82.1	268.8	266.8	268.1	253.4	256.4	255.0	268.3	271.6	270.8	269.4	270.5	268.6	271.1	268.8	269.1	268.6	268.5	0.6	0.2	0.3	0.1	0.2	39.8	0.0	0.6	0.1	271.6	253.4	0.5	-1.4	266.7	262.5	269.0	269.0	268.3	275.5	100.9	82.0	44.9	0.0	272.5	272.0	40.0	83.0	11.1	59.6	0.0	65.9	.Autoclave.Outputs.PRESSIP\OutputValue	8.0	18.2	-2.6	-1.0	0.0	-1.0	-1.0	-1.0	0.0	0.0	0.0	-1.0	-1.0	0.0	0.0	0.0	-1.0	0.0
23:51:31	83.0	269.7	267.7	269.1	254.2	256.7	255.8	269.2	271.0	271.0	270.0	270.8	269.5	271.2	269.1	269.8	269.1	269.0	0.6	0.2	0.3	0.1	0.2	40.0	0.0	0.6	0.1	271.2	254.2	1.1	0.1	267.2	262.7	272.7	272.7	272.0	278.9	100.9	83.0	45.9	0.0	272.8	272.0	40.0	55.8	11.3	58.5	0.0	11.5	.Autoclave.Outputs.PRESSIP\OutputValue	8.0	17.0	1.6	-1.0	0.0	-1.0	-1.0	-1.0	0.0	0.0	0.0	-1.0	-1.0	0.0	0.0	0.0	-1.0	0.0
23:52:31	84.1	269.1	267.1	268.2	254.5	257.4	255.9	269.3	271.2	271.0	269.8	271.0	269.3	271.5	269.5	269.6	269.1	269.0	0.5	0.2	0.3	0.1	0.2	39.4	0.0	0.5	0.1	271.5	254.5	0.8	-1.4	267.2	263.0	269.3	269.1	268.4	265.7	100.9	84.0	46.9	0.0	272.2	272.0	40.0	80.4	11.3	64.0	0.0	60.9	.Autoclave.Outputs.PRESSIP\OutputValue	8.0	17.0	-2.1	-1.0	0.0	-1.0	-1.0	-1.0	0.0	0.0	0.0	-1.0	-1.0	0.0	0.0	0.0	-1.0	0.0
23:53:31	85.1	269.7	267.7	269.3	255.0	257.7	256.3	269.4	271.1	271.8	270.2	270.8	269.5	271.1	269.3	270.0	269.4	269.3	0.5	0.2	0.3	0.1	0.2	39.9	0.0	0.5	0.1	271.8	255.0	0.4	-0.5	267.5	263.4	271.8	271.8	271.1	278.6	100.9	85.0	47.9	0.0	272.8	272.0	40.0	66.3	11.6	58.7	0.0	32.6	.Autoclave.Outputs.PRESSIP\OutputValue	8.0	16.8	0.0	-1.0	0.0	-1.0	-1.0	-1.0	0.0	0.0	0.0	-1.0	-1.0	0.0	0.0	0.0	-1.0	0.0
23:54:31	86.0	269.9	268.3	269.6	255.7	258.3	256.8	269.8	271.1	270.7	270.4	271.2	270.3	271.5	269.8	270.5	269.9	269.7	0.5	0.2	0.3	0.2	0.2	39.9	0.0	0.5	0.2	271.5	255.7	1.0	0.2	267.9	263.6	273.0	273.0	272.3	278.0	100.9	86.0	48.9	0.0	272.4	272.0	40.0	54.9	11.6	58.9	-1.0	9.8	.Autoclave.Outputs.PRESSIP\OutputValue	8.0	15.8	1.6	-1.0	0.0	-1.0	-1.0	-1.0	0.0	0.0	0.0	-1.0	-1.0	0.0	0.0	0.0	-1.0	0.0
23:55:31	87.1	269.4	267.8	269.2	255.9	258.8	256.8	269.4	271.1	270.7	270.2	270.7	269.8	271.4	269.7	270.3	269.8	269.8	0.5	0.2	0.3	0.2	0.2	39.9	0.0	0.5	0.2	271.4	255.9	0.5	-0.9	267.7	263.6	271.0	271.0	270.3	277.8	100.9	87.0	49.9	0.0	272.6	272.0	40.0	68.9	11.7	59.1	0.0	37.7	.Autoclave.Outputs.PRESSIP\OutputValue	8.0	15.5	-0.3	-1.0	0.0	-1.0	-1.0	-1.0	0.0	0.0	0.0	-1.0	-1.0	0.0	0.0	0.0	-1.0	0.0
23:56:31	88.1	270.2	268.6	269.9	256.5	259.2	257.5	269.0	271.1	271.2	270.6	271.2	270.6	271.6	269.9	270.9	270.2	270.2	0.5	0.2	0.3	0.1	0.2	39.9	0.0	0.5	0.1	271.6	256.5	0.8	-0.3	268.1	264.0	273.1	273.1	272.5	278.2	100.9	88.0	50.9	0.0	272.4	272.0	40.0	55.1	11.7	58.9	0.0	10.2	.Autoclave.Outputs.PRESSIP\OutputValue	8.0	15.1	1.6	-1.0	0.0	-1.0	-1.0	-1.0	0.0	0.0	0.0	-1.0	-1.0	0.0	0.0	0.0	-1.0	0.0
23:57:31	89.0	268.9	267.4	268.3	256.5	259.7	257.3	269.5	271.2	271.2	270.0	270.8	269.7	271.7	270.0	270.3	270.0	270.0	0.5	0.2	0.3	0.1	0.2	39.6	0.0	0.5	0.1	271.7	256.5	0.5	-1.3	267.8	264.1	268.1	268.1	267.3	270.5	100.9	89.0	51.9	0.0	272.3	272.0	40.0	87.6	11.8	61.5	0.0	75.2	.Autoclave.Outputs.PRESSIP\OutputValue	8.0	15.2	-3.5	-1.0	0.0	-1.0	-1.0	-1.0	0.0	0.0	0.0	-1.0	-1.0	0.0	0.0	0.0	-1.0	0.0
23:58:31	90.1	269.7	268.5	269.5	257.3	260.0	257.9	270.3	271.4	271.0	270.5	270.9	270.3	271.4	270.2	271.0	270.4	270.3	0.6	0.2	0.3	0.1	0.2	39.9	0.0	0.6	0.1	271.4	257.3	1.1	-0.9	268.3	264.3	272.3	272.3	271.6	278.5	100.9	90.0	52.9	0.0	272.5	272.0	40.0	61.4	12.0	58.7	0.0	22.8	.Autoclave.Outputs.PRESSIP\OutputValue	8.0	14.1	0.9	-1.0	0.0	-1.0	-1.0	-1.0	0.0	0.0	0.0	-1.0	-1.0	0.0	0.0	0.0	-1.0	0.0
23:59:31	91.1	270.3	268.9	270.0	257.8	260.5	258.4	270.3	271.2	270.9	270.8	271.3	270.9	271.8	270.4	271.2	270.6	270.6	0.5	0.2	0.3	0.2	0.2	39.9	0.0	0.5	0.2	271.8	257.8	0.9	-0.1	268.6	264.8	273.0	273.0	272.4	277.9	100.8	91.0	53.9	0.0	272.2	272.0	40.0	54.0	12.0	58.9	0.0	8.0	.Autoclave.Outputs.PRESSIP\OutputValue	8.0	14.0	1.3	-1.0	0.0	-1.0	-1.0	-1.0	0.0	0.0	0.0	-1.0	-1.0	0.0	0.0	0.0	-1.0	0.0
00:00:31	92.0	269.2	268.1	269.2	257.7	260.8	258.2	269.7	271.0	271.2	270.3	270.5	270.1	271.5	270.2	270.9	270.5	270.5	0.5	0.2	0.4	0.2	0.2	39.9	0.0	0.5	0.2	271.5	257.7	0.3	-1.3	268.2	264.6	269.6	269.8	269.0	277.7	100.9	92.0	54.9	0.0	272.7	272.0	40.0	80.2	12.2	58.9	0.0	60.5	.Autoclave.Outputs.PRESSIP\OutputValue	8.0	13.8	-1.8	-1.0	0.0	-1.0	-1.0	-1.0	0.0	0.0	0.0	-1.0	-1.0	0.0	0.0	0.0	-1.0	0.0
00:01:31	93.1	270.1	269.0	270.0	258.5	261.1	258.8	270.4	271.2	270.8	270.7	271.0	270.9	271.6	270.4	271.3	270.9	270.8	0.5	0.2	0.3	0.1	0.2	39.9	0.0	0.5	0.1	271.6	258.5	1.1	-0.6	268.7	265.0	272.9	272.9	272.2	278.4	100.9	93.0	55.9	0.0	272.3	272.0	40.0	56.3	12.3	58.7	0.0	12.6	.Autoclave.Outputs.PRESSIP\OutputValue	8.0	13.1	1.4	-1.0	0.0	-1.0	-1.0	-1.0	0.0	0.0	0.0	-1.0	-1.0	0.0	0.0	0.0	-1.0	0.0
00:02:31	94.1	269.0	267.9	268.8	258.5	261.6	258.7	269.8	271.5	271.1	270.0	270.7	270.1	271.6	270.5	270.9	270.6	270.6	0.5	0.2	0.3	0.1	0.2	39.7	0.0	0.5	0.1	271.6	258.5	0.5	-1.4	268.3	265.0	268.2	268.2	267.5	271.3	100.7	94.0	56.9	0.0	272.4	272.0	40.0	89.1	12.4	61.3	0.0	78.1	.Autoclave.Outputs.PRESSIP\OutputValue	8.0	13.1	-3.3	-1.0	0.0	-1.0	-1.0	-1.0	0.0	0.0	0.0	-1.0	-1.0	0.0	0.0	0.0	-1.0	0.0
00:03:31	95.1	270.0	268.9	270.0	259.1	261.8	259.1	270.3	271.0	270.4	270.6	270.9	270.8	271.5	270.5	271.4	271.0	270.9	0.5	0.2	0.3	0.1	0.2	40.0	0.0	0.5	0.1	271.5	259.1	1.3	-0.3	268.7	265.3	272.3	272.3	271.5	278.8	100.9	95.0	57.9	0.0	272.5	272.0	40.0	61.9	12.6	58.5	0.0	23.9	.Autoclave.Outputs.PRESSIP\OutputValue	8.0	12.4	0.9	-1.0	0.0	-1.0	-1.0	-1.0	0.0	0.0	0.0	-1.0	-1.0	0.0	0.0	0.0	-1.0	0.0
00:04:31	96.0	270.6	269.3	270.5	259.7	262.2	259.7	270.6	271.0	270.2	270.9	271.2	271.3	271.9	270.7	271.7	271.2	271.3	0.5	0.2	0.3	0.2	0.2	39.9	0.0	0.5	0.2	271.9	259.7	0.7	0.1	269.1	265.8	273.2	273.1	272.5	277.9	100.8	96.0	58.9	0.0	272.1	272.0	40.0	53.2	12.5	58.7	-1.0	6.4	.Autoclave.Outputs.PRESSIP\OutputValue	8.0	12.2	1.4	-1.0	0.0	-1.0	-1.0	-1.0	0.0	0.0	0.0	-1.0	-1.0	0.0	0.0	0.0	-1.0	0.0
00:05:31	97.1	269.4	268.6	269.5	259.5	262.6	259.4	270.2	270.9	270.3	270.3	270.6	270.3	271.5	270.5	271.2	271.0	271.0	0.5	0.2	0.3	0.1	0.2	39.9	0.0	0.5	0.1	271.5	259.4	0.5	-1.3	268.6	265.4	269.8	269.8	269.1	277.9	100.7	97.0	59.9	0.0	272.5	272.0	40.0	78.8	12.7	58.7	0.0	57.6	.Autoclave.Outputs.PRESSIP\OutputValue	8.0	12.0	-1.6	-1.0	0.0	-1.0	-1.0	-1.0	0.0	0.0	0.0	-1.0	-1.0	0.0	0.0	0.0	-1.0	0.0
00:06:31	98.1	270.5	269.3	270.3	260.1	262.6	260.1	270.6	271.1	270.9	270.8	271.0	271.2	271.7	270.8	271.8	271.3	271.4	0.5	0.2	0.3	0.2	0.2	39.9	0.0	0.5	0.2	271.8	260.1	1.1	-1.0	269.1	265.9	272.9	272.9	272.2	278.4	100.6	98.0	60.9	0.0	272.2	272.0	40.0	55.9	12.8	58.7	0.0	11.9	.Autoclave.Outputs.PRESSIP\OutputValue	8.0	11.7	1.1	-1.0	0.0	-1.0	-1.0	-1.0	0.0	0.0	0.0	-1.0	-1.0	0.0	0.0	0.0	-1.0	0.0
00:06:41	98.2	270.2	269.4	270.5	260.3	262.8	260.2	270.6	270.9	271.0	270.8	271.0	271.3	271.7	270.8	271.8	271.3	271.5	0.5	0.2	0.3	0.1	0.2	39.9	0.0	0.5	0.1	271.8	260.2	1.0	-0.6	269.2	266.0	272.9	273.0	272.2	278.1	100.7	98.2	61.0	0.0	272.3	272.0	40.0	55.3	12.8	58.7	0.0	10.5	.Autoclave.Outputs.PRESSIP\OutputValue	8.0	11.6	1.2	-1.0	0.0	-1.0	-1.0	-1.0	0.0	0.0	0.0	-1.0	-1.0	0.0	0.0	0.0	-1.0	0.0
00:07:31	99.0	268.8	268.3	268.8	260.0	263.1	259.9	270.3	271.2	271.2	270.1	270.7	270.4	271.8	270.8	271.2	271.0	271.1	0.5	0.2	0.3	0.1	0.2	39.6	0.0	0.5	0.1	271.8	259.9	0.8	-1.1	268.7	265.8	268.0	267.9	267.1	268.9	100.8	99.0	0.8	70.2	272.3	272.0	40.0	88.9	12.8	62.3	0.0	77.8	.Autoclave.Outputs.PRESSIP\OutputValue	8.0	11.8	-3.7	-1.0	0.0	-1.0	-1.0	-1.0	0.0	0.0	0.0	-1.0	-1.0	0.0	0.0	0.0	-1.0	0.0
00:08:31	100.1	269.7	269.2	270.0	260.5	263.2	260.2	270.4	271.1	270.6	270.7	270.9	271.0	271.6	270.8	271.7	271.4	271.4	0.5	0.2	0.3	0.1	0.2	40.0	0.0	0.5	0.1	271.7	260.2	0.9	-0.6	269.1	266.0	272.0	272.0	271.3	278.0	100.7	100.0	1.8	69.2	272.3	272.0	40.0	62.9	13.1	58.5	0.0	25.8	.Autoclave.Outputs.PRESSIP\OutputValue	8.0	11.5	0.3	-1.0	0.0	-1.0	-1.0	-1.0	0.0	0.0	0.0	-1.0	-1.0	0.0	0.0	0.0	-1.0	0.0
00:09:31	101.1	269.8	268.7	269.5	260.7	263.5	260.4	270.8	271.5	270.7	270.4	270.9	270.8	271.8	270.9	271.5	271.4	271.3	0.5	0.2	0.3	0.2	0.2	39.3	0.0	0.5	0.2	271.8	260.4	0.4	-0.2	269.1	266.1	269.4	269.4	268.6	264.3	100.6	101.0	2.8	68.2	272.2	272.0	40.0	79.1	13.1	64.5	0.0	58.2	.Autoclave.Outputs.PRESSIP\OutputValue	8.0	11.3	-2.3	-1.0	0.0	-1.0	-1.0	-1.0	0.0	0.0	0.0	-1.0	-1.0	0.0	0.0	0.0	-1.0	0.0
00:10:31	102.0	269.9	269.2	270.1	260.9	263.8	260.4	270.7	270.6	270.6	270.6	270.7	270.8	271.4	270.7	271.7	271.4	271.4	0.5	0.3	0.3	0.1	0.2	39.9	0.0	0.5	0.1	271.7	260.4	0.2	-0.4	269.1	266.1	271.7	271.7	271.0	277.5	100.8	102.0	3.8	67.2	272.4	272.0	40.0	65.8	13.3	59.2	0.0	31.6	.Autoclave.Outputs.PRESSIP\OutputValue	8.0	11.3	0.0	-1.0	0.0	-1.0	-1.0	-1.0	0.0	0.0	0.0	-1.0	-1.0	0.0	0.0	0.0	-1.0	0.0
00:11:31	103.1	270.1	269.3	270.1	261.4	264.0	261.0	270.7	271.5	271.4	270.7	271.0	271.2	271.7	270.9	271.8	271.6	271.6	0.5	0.2	0.3	0.2	0.2	39.3	0.0	0.5	0.2	271.8	261.0	0.6	0.0	269.4	266.4	271.2	271.2	270.5	263.7	100.5	103.0	4.8	66.2	272.2	272.0	40.0	66.4	13.3	65.1	0.0	32.9	.Autoclave.Outputs.PRESSIP\OutputValue	8.0	10.8	-0.6	-1.0	0.0	-1.0	-1.0	-1.0	0.0	0.0	0.0	-1.0	-1.0	0.0	0.0	0.0	-1.0	0.0
00:12:31	104.1	270.1	269.2	270.1	261.5	264.2	260.9	270.4	271.1	270.6	270.7	270.7	270.9	271.4	270.7	271.7	271.4	271.5	0.5	0.2	0.3	0.1	0.2	39.9	0.0	0.5	0.1	271.7	260.9	0.3	-0.7	269.2	266.3	271.1	271.1	270.5	277.5	100.8	104.0	5.8	65.2	272.3	272.0	40.0	69.4	13.6	58.9	0.0	38.8	.Autoclave.Outputs.PRESSIP\OutputValue	8.0	10.8	-0.6	-1.0	0.0	-1.0	-1.0	-1.0	0.0	0.0	0.0	-1.0	-1.0	0.0	0.0	0.0	-1.0	0.0
00:13:31	105.0	270.7	269.8	270.6	261.9	264.5	261.4	270.8	270.6	270.9	270.9	271.0	271.5	271.6	271.0	272.1	271.7	271.6	0.5	0.2	0.3	0.2	0.2	39.6	0.0	0.5	0.2	272.1	261.4	0.7	0.0	269.6	266.8	272.7	272.6	271.9	272.5	100.6	105.0	6.8	64.2	272.0	272.0	40.0	56.1	13.6	61.3	-1.0	12.1	.Autoclave.Outputs.PRESSIP\OutputValue	8.0	10.7	0.6	-1.0	0.0	-1.0	-1.0	-1.0	0.0	0.0	0.0	-1.0	-1.0	0.0	0.0	0.0	-1.0	0.0
00:14:31	106.1	269.6	269.2	269.9	261.9	264.6	261.3	270.6	271.1	270.8	270.6	270.6	270.8	271.3	270.7	271.7	271.6	271.6	0.5	0.2	0.3	0.1	0.2	39.9	0.0	0.5	0.1	271.7	261.3	0.3	-0.9	269.3	266.5	270.8	270.9	270.2	277.4	100.7	106.0	7.8	63.2	272.2	272.0	40.0	71.6	13.8	59.1	0.0	43.3	.Autoclave.Outputs.PRESSIP\OutputValue	8.0	10.4	-0.9	-1.0	0.0	-1.0	-1.0	-1.0	0.0	0.0	0.0	-1.0	-1.0	0.0	0.0	0.0	-1.0	0.0
00:15:31	107.1	270.6	269.8	270.7	262.5	264.9	261.9	271.0	271.0	270.6	271.0	271.0	271.5	271.7	270.9	272.1	271.8	271.8	0.5	0.2	0.3	0.1	0.2	40.0	0.0	0.5	0.1	272.1	261.9	0.7	-0.8	269.7	267.0	272.8	272.7	272.1	278.1	100.6	107.0	8.8	62.2	271.8	272.0	40.0	55.0	13.8	58.7	-1.0	9.9	.Autoclave.Outputs.PRESSIP\OutputValue	8.0	10.2	0.7	-1.0	0.0	-1.0	-1.0	-1.0	0.0	0.0	0.0	-1.0	-1.0	0.0	0.0	0.0	-1.0	0.0
00:16:31	108.0	269.7	269.2	269.9	262.4	265.0	261.6	270.5	270.6	270.3	270.5	270.4	270.7	271.3	270.7	271.8	271.5	271.6	0.5	0.2	0.3	0.2	0.2	39.9	0.0	0.5	0.2	271.8	261.6	0.4	-1.0	269.3	266.7	270.2	270.2	269.5	277.6	100.7	108.0	9.8	61.2	272.3	272.0	40.0	75.9	14.1	58.9	0.0	51.8	.Autoclave.Outputs.PRESSIP\OutputValue	8.0	10.2	-1.6	-1.0	0.0	-1.0	-1.0	-1.0	0.0	0.0	0.0	-1.0	-1.0	0.0	0.0	0.0	-1.0	0.0
00:17:31	109.1	270.5	269.9	270.8	262.8	265.2	262.0	270.7	271.0	270.8	270.9	271.0	271.4	271.6	270.9	272.2	271.8	271.8	0.5	0.3	0.3	0.2	0.2	40.0	0.0	0.5	0.2	272.2	262.0	1.1	0.1	269.7	267.1	272.6	272.6	271.9	278.3	100.7	109.0	10.8	60.2	271.9	272.0	40.0	57.2	14.1	58.5	0.0	14.5	.Autoclave.Outputs.PRESSIP\OutputValue	8.0	10.2	0.4	-1.0	0.0	-1.0	-1.0	-1.0	0.0	0.0	0.0	-1.0	-1.0	0.0	0.0	0.0	-1.0	0.0
00:18:31	110.1	269.6	269.1	269.7	262.5	265.4	261.8	269.7	270.9	270.3	270.4	270.4	270.7	271.2	270.8	271.7	271.5	271.6	0.5	0.2	0.3	0.1	0.2	39.9	0.0	0.5	0.1	271.7	261.8	0.6	-1.2	269.3	266.8	269.5	269.4	268.8	277.3	100.7	110.0	11.8	59.2	272.4	272.0	40.0	80.8	14.3	59.1	0.0	61.6	.Autoclave.Outputs.PRESSIP\OutputValue	8.0	9.9	-2.2	-1.0	0.0	-1.0	-1.0	-1.0	0.0	0.0	0.0	-1.0	-1.0	0.0	0.0	0.0	-1.0	0.0
00:19:31	111.1	270.6	269.8	270.8	263.1	265.5	262.3	270.5	270.4	270.1	270.8	270.8	271.3	271.5	270.9	272.1	271.8	271.8	0.5	0.2	0.3	0.2	0.2	39.9	0.0	0.5	0.2	272.1	262.3	1.1	-0.5	269.7	267.2	272.6	272.5	271.9	278.5	100.7	111.0	12.8	58.2	271.9	272.0	40.0	57.5	14.4	58.7	0.0	15.0	.Autoclave.Outputs.PRESSIP\OutputValue	8.0	9.8	0.5	-1.0	0.0	-1.0	-1.0	-1.0	0.0	0.0	0.0	-1.0	-1.0	0.0	0.0	0.0	-1.0	0.0
00:20:31	112.0	269.4	269.1	269.6	263.0	265.7	262.1	270.5	270.6	270.4	270.2	270.3	270.6	271.4	270.9	271.7	271.6	271.6	0.6	0.2	0.3	0.2	0.2	39.9	0.0	0.6	0.2	271.7	262.1	0.4	-1.1	269.3	266.9	269.2	269.2	268.4	276.3	100.7	112.0	13.8	57.2	272.3	272.0	40.0	83.7	14.6	59.1	0.0	67.4	.Autoclave.Outputs.PRESSIP\OutputValue	8.0	9.6	-2.5	-1.0	0.0	-1.0	-1.0	-1.0	0.0	0.0	0.0	-1.0	-1.0	0.0	0.0	0.0	-1.0	0.0
00:21:31	113.1	270.4	269.8	270.6	263.4	265.7	262.5	270.1	270.9	269.9	270.7	270.7	271.4	271.5	271.0	272.2	271.9	271.9	0.5	0.2	0.3	0.1	0.2	40.0	0.0	0.5	0.1	272.2	262.5	1.1	-0.7	269.7	267.4	272.5	272.5	271.8	278.6	100.8	113.0	14.8	56.2	271.8	272.0	40.0	57.8	14.6	58.5	0.0	15.5	.Autoclave.Outputs.PRESSIP\OutputValue	8.0	9.7	0.3	-1.0	0.0	-1.0	-1.0	-1.0	0.0	0.0	0.0	-1.0	-1.0	0.0	0.0	0.0	-1.0	0.0
00:22:31	114.1	268.8	269.0	269.7	263.3	265.9	262.2	270.4	270.5	270.3	270.1	270.2	270.7	271.2	270.9	271.7	271.6	271.7	0.5	0.2	0.3	0.1	0.2	39.9	0.0	0.5	0.1	271.7	262.2	1.0	-1.5	269.3	267.0	268.8	268.8	268.1	275.8	100.7	114.0	15.8	55.2	272.3	272.0	40.0	86.6	14.8	59.1	0.0	73.2	.Autoclave.Outputs.PRESSIP\OutputValue	8.0	9.5	-2.9	-1.0	0.0	-1.0	-1.0	-1.0	0.0	0.0	0.0	-1.0	-1.0	0.0	0.0	0.0	-1.0	0.0
00:23:31	115.0	270.5	269.9	270.7	263.8	265.9	262.8	270.8	270.3	270.2	270.7	270.7	271.3	271.5	271.0	272.1	271.9	271.8	0.5	0.2	0.3	0.1	0.2	40.0	0.0	0.5	0.1	272.1	262.8	1.5	-0.6	269.8	267.5	272.3	272.3	271.7	278.4	100.6	115.0	16.8	54.2	271.8	272.0	40.0	59.3	14.9	58.1	0.0	18.7	.Autoclave.Outputs.PRESSIP\OutputValue	8.0	9.3	0.2	-1.0	0.0	-1.0	-1.0	-1.0	0.0	0.0	0.0	-1.0	-1.0	0.0	0.0	0.0	-1.0	0.0
00:24:31	116.1	269.7	269.2	269.7	263.5	266.2	262.6	270.4	270.3	269.9	270.1	270.1	270.7	271.3	270.9	271.7	271.6	271.6	0.5	0.2	0.3	0.1	0.2	39.9	0.0	0.5	0.1	271.7	262.6	0.8	-0.9	269.4	267.2	268.7	268.7	268.0	275.5	100.7	116.0	17.8	53.2	272.3	272.0	40.0	86.9	15.0	59.2	0.0	73.7	.Autoclave.Outputs.PRESSIP\OutputValue	8.0	9.1	-3.0	-1.0	0.0	-1.0	-1.0	-1.0	0.0	0.0	0.0	-1.0	-1.0	0.0	0.0	0.0	-1.0	0.0
00:25:31	117.1	270.4	269.9	270.7	264.1	266.3	263.1	270.8	270.4	270.5	270.7	270.7	271.3	271.4	270.9	272.2	271.8	271.9	0.5	0.2	0.3	0.2	0.2	40.0	0.0	0.5	0.2	272.2	263.1	1.3	-0.7	269.8	267.7	272.3	272.3	271.7	278.7	100.6	117.0	18.8	52.2	271.9	272.0	40.0	59.6	15.1	58.3	0.0	19.2	.Autoclave.Outputs.PRESSIP\OutputValue	8.0	9.1	0.1	-1.0	0.0	-1.0	-1.0	-1.0	0.0	0.0	0.0	-1.0	-1.0	0.0	0.0	0.0	-1.0	0.0
00:26:31	118.0	269.1	269.2	269.5	263.9	266.5	262.8	271.0	270.2	270.8	270.1	270.2	270.6	271.3	270.9	271.6	271.6	271.6	0.5	0.2	0.3	0.2	0.2	39.8	0.0	0.5	0.2	271.6	262.8	0.3	-1.3	269.5	267.2	268.6	268.6	267.8	274.8	100.6	118.0	19.8	51.2	272.4	272.0	40.0	89.1	15.3	59.6	0.0	78.2	.Autoclave.Outputs.PRESSIP\OutputValue	8.0	8.8	-3.0	-1.0	0.0	-1.0	-1.0	-1.0	0.0	0.0	0.0	-1.0	-1.0	0.0	0.0	0.0	-1.0	0.0
00:27:31	119.1	270.5	269.9	270.7	264.5	266.5	263.3	270.8	270.4	270.0	270.7	270.6	271.4	271.3	270.9	272.1	271.8	271.8	0.5	0.2	0.3	0.2	0.2	40.0	0.0	0.5	0.2	272.1	263.3	1.4	0.0	269.8	267.7	272.3	272.3	271.6	278.7	100.6	119.0	20.8	50.2	271.9	272.0	40.0	60.5	15.4	58.1	0.0	21.0	.Autoclave.Outputs.PRESSIP\OutputValue	8.0	8.8	0.2	-1.0	0.0	-1.0	-1.0	-1.0	0.0	0.0	0.0	-1.0	-1.0	0.0	0.0	0.0	-1.0	0.0
00:28:31	120.1	269.4	269.2	269.7	264.2	266.7	263.2	270.5	270.0	269.9	270.1	270.2	270.7	271.2	270.8	271.7	271.6	271.6	0.6	0.2	0.3	0.1	0.2	39.9	0.0	0.6	0.1	271.7	263.2	0.4	-0.9	269.5	267.5	268.9	268.9	268.3	276.0	100.7	120.0	21.8	49.2	272.3	272.0	40.0	86.0	15.6	59.2	0.0	72.1	.Autoclave.Outputs.PRESSIP\OutputValue	8.0	8.5	-2.8	-1.0	0.0	-1.0	-1.0	-1.0	0.0	0.0	0.0	-1.0	-1.0	0.0	0.0	0.0	-1.0	0.0
00:29:31	121.0	270.4	270.2	270.8	264.8	266.8	263.7	271.0	270.7	270.4	270.7	270.7	271.3	271.3	271.0	272.1	271.8	271.9	0.5	0.2	0.3	0.1	0.2	40.0	0.0	0.5	0.1	272.1	263.7	1.1	-0.3	270.0	267.9	272.5	272.5	271.8	278.6	100.6	121.0	22.8	48.2	271.8	272.0	40.0	58.8	15.6	58.5	0.0	17.5	.Autoclave.Outputs.PRESSIP\OutputValue	8.0	8.4	0.4	-1.0	0.0	-1.0	-1.0	-1.0	0.0	0.0	0.0	-1.0	-1.0	0.0	0.0	0.0	-1.0	0.0
00:30:31	122.1	269.7	269.4	270.0	264.6	266.9	263.4	270.7	270.2	270.7	270.2	270.2	270.7	271.0	270.7	271.7	271.6	271.6	0.5	0.2	0.3	0.1	0.2	39.9	0.0	0.5	0.1	271.7	263.4	0.9	-1.0	269.6	267.6	269.5	269.6	268.9	277.5	100.6	122.0	23.8	47.2	272.3	272.0	40.0	82.3	15.8	58.7	0.0	64.6	.Autoclave.Outputs.PRESSIP\OutputValue	8.0	8.3	-2.2	-1.0	0.0	-1.0	-1.0	-1.0	0.0	0.0	0.0	-1.0	-1.0	0.0	0.0	0.0	-1.0	0.0
00:31:31	123.1	270.4	270.3	270.9	265.0	266.9	264.0	270.8	270.3	270.3	270.7	270.7	271.5	271.4	270.9	272.3	272.0	271.9	0.5	0.2	0.3	0.1	0.2	40.0	0.0	0.5	0.1	272.3	264.0	1.1	-0.8	270.0	268.2	272.8	272.8	272.0	278.4	100.6	123.0	24.8	46.2	271.8	272.0	40.0	57.0	15.9	58.5	-1.0	14.0	.Autoclave.Outputs.PRESSIP\OutputValue	8.0	8.3	0.5	-1.0	0.0	-1.0	-1.0	-1.0	0.0	0.0	0.0	-1.0	-1.0	0.0	0.0	0.0	-1.0	0.0
00:32:31	124.1	270.2	269.6	270.1	264.8	267.1	263.7	270.8	269.9	270.0	270.2	270.2	270.8	271.0	270.7	271.9	271.7	271.8	0.5	0.2	0.3	0.1	0.2	40.0	0.0	0.5	0.1	271.9	263.7	0.2	-1.1	269.7	267.8	270.2	270.2	269.5	278.0	100.6	124.0	25.8	45.2	272.1	272.0	40.0	77.2	16.1	58.7	0.0	54.4	.Autoclave.Outputs.PRESSIP\OutputValue	8.0	8.2	-1.7	-1.0	0.0	-1.0	-1.0	-1.0	0.0	0.0	0.0	-1.0	-1.0	0.0	0.0	0.0	-1.0	0.0
00:33:31	125.1	270.8	270.3	270.9	265.3	267.2	264.2	270.6	269.6	270.8	270.6	270.8	271.5	271.4	270.9	272.2	271.9	272.0	0.5	0.2	0.3	0.2	0.2	39.9	0.0	0.5	0.2	272.2	264.2	1.2	-0.3	270.1	268.2	273.0	272.9	272.2	277.9	100.4	125.0	26.8	44.2	271.7	272.0	40.0	55.2	16.1	58.7	-1.0	10.5	.Autoclave.Outputs.PRESSIP\OutputValue	8.0	8.0	0.8	-1.0	0.0	-1.0	-1.0	-1.0	0.0	0.0	0.0	-1.0	-1.0	0.0	0.0	0.0	-1.0	0.0
00:34:31	126.1	269.9	269.7	270.2	265.1	267.2	264.1	270.5	270.1	269.9	270.2	270.1	270.8	271.0	270.8	271.9	271.8	271.8	0.5	0.2	0.4	0.1	0.2	39.9	0.0	0.5	0.1	271.9	264.1	0.0	-0.8	269.7	268.0	270.5	270.5	269.8	278.0	100.4	126.0	27.8	43.2	272.1	272.0	40.0	76.1	16.3	58.7	0.0	52.3	.Autoclave.Outputs.PRESSIP\OutputValue	8.0	7.8	-1.4	-1.0	0.0	-1.0	-1.0	-1.0	0.0	0.0	0.0	-1.0	-1.0	0.0	0.0	0.0	-1.0	0.0
00:35:31	127.1	270.9	270.4	271.0	265.6	267.4	264.4	270.8	270.2	270.3	270.5	270.7	271.5	271.4	271.0	272.3	271.9	272.0	0.5	0.2	0.3	0.2	0.2	39.6	0.0	0.5	0.2	272.3	264.4	1.6	-0.1	270.1	268.4	272.7	272.7	272.0	272.1	100.5	127.0	28.8	42.2	271.8	272.0	40.0	58.1	16.3	61.9	-1.0	16.3	.Autoclave.Outputs.PRESSIP\OutputValue	8.0	7.9	0.4	-1.0	0.0	-1.0	-1.0	-1.0	0.0	0.0	0.0	-1.0	-1.0	0.0	0.0	0.0	-1.0	0.0
00:36:31	128.0	270.2	269.8	270.4	265.3	267.4	264.2	270.6	270.1	270.1	270.3	270.1	270.9	271.0	270.9	271.9	271.8	271.8	0.5	0.2	0.3	0.2	0.2	39.9	0.0	0.5	0.2	271.9	264.2	0.3	-1.2	269.8	268.1	270.8	271.0	270.2	277.9	100.6	128.0	29.8	41.2	272.0	272.0	40.0	72.4	16.6	59.1	0.0	44.8	.Autoclave.Outputs.PRESSIP\OutputValue	8.0	7.7	-1.1	-1.0	0.0	-1.0	-1.0	-1.0	0.0	0.0	0.0	-1.0	-1.0	0.0	0.0	0.0	-1.0	0.0
00:37:31	129.1	270.4	269.9	270.5	265.8	267.5	264.7	270.6	270.6	270.4	270.4	270.7	271.4	271.4	270.9	272.1	271.9	272.0	0.5	0.2	0.3	0.1	0.1	39.3	0.0	0.5	0.1	272.1	264.7	1.0	0.0	270.1	268.4	271.3	271.1	270.4	263.7	100.4	129.0	30.8	40.2	271.9	272.0	40.0	68.4	16.6	64.9	0.0	36.7	.Autoclave.Outputs.PRESSIP\OutputValue	8.0	7.4	-0.8	-1.0	0.0	-1.0	-1.0	-1.0	0.0	0.0	0.0	-1.0	-1.0	0.0	0.0	0.0	-1.0	0.0
00:38:31	130.1	270.5	270.0	270.6	265.7	267.5	264.5	270.5	270.3	270.1	270.4	270.3	271.1	271.1	270.9	272.0	271.8	271.9	0.5	0.2	0.3	0.1	0.2	39.9	0.0	0.5	0.1	272.0	264.5	0.0	-0.9	270.0	268.3	271.4	271.4	270.7	277.7	100.6	130.0	31.8	39.2	271.9	272.0	40.0	68.0	16.8	58.7	0.0	35.9	.Autoclave.Outputs.PRESSIP\OutputValue	8.0	7.5	-0.6	-1.0	0.0	-1.0	-1.0	-1.0	0.0	0.0	0.0	-1.0	-1.0	0.0	0.0	0.0	-1.0	0.0
00:39:31	131.0	270.0	269.6	269.9	265.8	267.8	264.7	270.6	270.8	270.0	270.1	270.6	271.0	271.4	271.0	271.8	271.8	271.9	0.5	0.2	0.3	0.2	0.1	39.4	0.0	0.5	0.1	271.9	264.7	0.6	-0.6	269.9	268.3	269.4	269.2	268.4	263.6	100.4	131.0	32.8	38.2	272.2	272.0	40.0	82.6	16.8	64.7	0.0	65.3	.Autoclave.Outputs.PRESSIP\OutputValue	8.0	7.2	-2.5	-1.0	0.0	-1.0	-1.0	-1.0	0.0	0.0	0.0	-1.0	-1.0	0.0	0.0	0.0	-1.0	0.0
00:40:31	132.1	270.3	270.1	270.7	265.9	267.6	264.8	270.5	270.1	269.9	270.5	270.4	271.2	271.2	270.9	272.1	271.9	271.9	0.5	0.3	0.3	0.2	0.2	39.9	0.0	0.5	0.2	272.1	264.8	0.6	-0.8	270.0	268.5	271.7	271.7	270.9	277.8	100.5	132.0	33.8	37.2	271.9	272.0	40.0	66.9	17.1	59.1	0.0	33.7	.Autoclave.Outputs.PRESSIP\OutputValue	8.0	7.3	-0.4	-1.0	0.0	-1.0	-1.0	-1.0	0.0	0.0	0.0	-1.0	-1.0	0.0	0.0	0.0	-1.0	0.0
00:41:31	133.1	269.9	269.2	269.6	265.9	267.8	264.8	270.3	270.1	270.6	269.8	270.3	270.7	271.4	271.0	271.7	271.6	271.8	0.5	0.2	0.3	0.1	0.2	39.6	0.0	0.5	0.1	271.8	264.8	0.3	-1.1	269.8	268.3	268.2	268.2	267.4	268.8	100.5	133.0	34.8	36.2	272.3	272.0	40.0	92.2	17.1	62.1	0.0	84.5	.Autoclave.Outputs.PRESSIP\OutputValue	8.0	7.0	-3.6	-1.0	0.0	-1.0	-1.0	-1.0	0.0	0.0	0.0	-1.0	-1.0	0.0	0.0	0.0	-1.0	0.0
00:42:32	134.1	270.5	270.3	270.7	266.2	267.8	265.0	270.6	270.0	270.2	270.4	270.5	271.2	271.3	270.9	272.1	271.9	272.0	0.5	0.2	0.3	0.1	0.1	39.9	0.0	0.5	0.1	272.1	265.0	0.7	-0.3	270.1	268.6	272.0	271.9	271.3	278.0	100.4	134.0	35.8	35.2	271.8	272.0	40.0	64.4	17.3	58.9	0.0	28.9	.Autoclave.Outputs.PRESSIP\OutputValue	8.0	7.1	-0.1	-1.0	0.0	-1.0	-1.0	-1.0	0.0	0.0	0.0	-1.0	-1.0	0.0	0.0	0.0	-1.0	0.0
00:43:31	135.1	269.1	269.4	269.7	266.1	268.1	264.9	270.2	270.1	270.3	269.8	270.1	270.6	271.2	270.9	271.6	271.6	271.7	0.5	0.2	0.3	0.1	0.2	39.8	0.0	0.5	0.1	271.7	264.9	0.3	-1.1	269.7	268.3	268.3	268.2	267.6	273.3	100.5	135.0	36.8	34.2	272.3	272.0	40.0	91.9	17.4	60.4	0.0	83.7	.Autoclave.Outputs.PRESSIP\OutputValue	8.0	6.8	-3.4	-1.0	0.0	-1.0	-1.0	-1.0	0.0	0.0	0.0	-1.0	-1.0	0.0	0.0	0.0	-1.0	0.0
00:44:31	136.1	270.8	270.6	270.9	266.4	268.0	265.3	270.9	270.1	269.9	270.5	270.5	271.3	271.3	270.9	272.3	272.0	272.0	0.5	0.2	0.3	0.1	0.2	40.0	0.0	0.5	0.1	272.3	265.3	1.8	-0.2	270.2	268.8	272.3	272.4	271.6	278.8	100.6	136.0	37.8	33.2	271.8	272.0	40.0	62.0	17.5	58.5	0.0	24.0	.Autoclave.Outputs.PRESSIP\OutputValue	8.0	7.0	0.0	-1.0	0.0	-1.0	-1.0	-1.0	0.0	0.0	0.0	-1.0	-1.0	0.0	0.0	0.0	-1.0	0.0
00:45:31	137.0	270.1	269.8	270.0	266.2	268.0	265.0	270.6	269.7	270.4	270.1	270.1	270.7	271.1	270.8	271.8	271.7	271.8	0.5	0.2	0.3	0.1	0.2	39.9	0.0	0.5	0.1	271.8	265.0	0.7	-1.5	269.9	268.4	269.4	269.4	268.8	277.1	100.5	137.0	38.8	32.2	272.1	272.0	40.0	83.5	17.7	59.1	0.0	67.0	.Autoclave.Outputs.PRESSIP\OutputValue	8.0	6.8	-2.4	-1.0	0.0	-1.0	-1.0	-1.0	0.0	0.0	0.0	-1.0	-1.0	0.0	0.0	0.0	-1.0	0.0
00:46:31	138.1	271.1	270.6	271.0	266.7	268.1	265.5	270.6	270.3	269.6	270.6	270.7	271.5	271.4	270.9	272.3	272.1	272.1	0.5	0.2	0.3	0.1	0.2	39.9	0.0	0.5	0.1	272.3	265.5	1.4	-0.5	270.3	268.9	272.9	272.8	272.1	278.0	100.3	138.0	39.8	31.2	271.7	272.0	40.0	57.5	17.7	58.5	-1.0	15.0	.Autoclave.Outputs.PRESSIP\OutputValue	8.0	6.8	0.6	-1.0	0.0	-1.0	-1.0	-1.0	0.0	0.0	0.0	-1.0	-1.0	0.0	0.0	0.0	-1.0	0.0
00:47:31	139.1	270.3	270.2	270.3	266.4	268.2	265.2	270.5	270.5	270.1	270.2	270.2	270.8	271.1	270.7	272.0	271.8	271.8	0.5	0.2	0.3	0.1	0.2	40.0	0.0	0.5	0.1	272.0	265.2	0.6	-1.1	270.0	268.6	270.5	270.5	269.8	278.2	100.3	139.0	40.8	30.2	272.1	272.0	40.0	75.8	18.0	58.5	0.0	51.5	.Autoclave.Outputs.PRESSIP\OutputValue	8.0	6.8	-1.5	-1.0	0.0	-1.0	-1.0	-1.0	0.0	0.0	0.0	-1.0	-1.0	0.0	0.0	0.0	-1.0	0.0
00:48:31	140.1	271.0	270.5	271.0	266.9	268.3	265.7	270.8	270.7	270.1	270.5	270.8	271.4	271.5	271.0	272.2	272.0	272.1	0.5	0.2	0.3	0.1	0.1	39.3	0.0	0.5	0.1	272.2	265.7	1.1	-0.5	270.4	269.0	272.0	271.6	271.0	265.8	100.2	140.0	41.8	29.2	271.8	272.0	40.0	64.4	17.9	64.1	0.0	28.8	.Autoclave.Outputs.PRESSIP\OutputValue	8.0	6.5	-0.2	-1.0	0.0	-1.0	-1.0	-1.0	0.0	0.0	0.0	-1.0	-1.0	0.0	0.0	0.0	-1.0	0.0
00:49:31	141.0	270.7	270.3	270.7	266.7	268.2	265.5	270.5	270.2	270.1	270.5	270.4	271.1	271.1	270.8	272.1	271.8	271.9	0.5	0.2	0.3	0.1	0.2	39.9	0.0	0.5	0.1	272.1	265.5	0.1	-1.0	270.2	268.8	271.4	271.4	270.7	277.8	100.4	141.0	42.8	28.2	272.0	272.0	40.0	70.0	18.2	58.9	0.0	40.0	.Autoclave.Outputs.PRESSIP\OutputValue	8.0	6.6	-0.7	-1.0	0.0	-1.0	-1.0	-1.0	0.0	0.0	0.0	-1.0	-1.0	0.0	0.0	0.0	-1.0	0.0
00:50:31	142.1	269.7	269.8	269.8	266.8	268.3	265.7	271.0	270.5	270.4	270.0	270.5	270.9	271.4	270.9	271.8	271.8	271.8	0.5	0.2	0.3	0.1	0.2	39.4	0.0	0.5	0.1	271.8	265.7	0.7	-0.9	270.1	268.8	268.9	268.9	268.2	263.9	100.4	142.0	43.8	27.2	272.1	272.0	40.0	87.3	18.2	64.3	0.0	74.6	.Autoclave.Outputs.PRESSIP\OutputValue	8.0	6.1	-2.9	-1.0	0.0	-1.0	-1.0	-1.0	0.0	0.0	0.0	-1.0	-1.0	0.0	0.0	0.0	-1.0	0.0
00:51:31	143.1	270.8	270.5	270.8	266.9	268.4	265.9	270.6	270.6	270.1	270.4	270.4	271.1	271.1	270.8	272.1	271.9	271.9	0.5	0.2	0.3	0.1	0.2	39.9	0.0	0.5	0.1	272.1	265.9	0.1	-0.7	270.3	269.0	271.9	272.0	271.3	278.0	100.4	143.0	44.8	26.2	271.9	272.0	40.0	66.2	18.4	58.9	0.0	32.4	.Autoclave.Outputs.PRESSIP\OutputValue	8.0	6.2	-0.2	-1.0	0.0	-1.0	-1.0	-1.0	0.0	0.0	0.0	-1.0	-1.0	0.0	0.0	0.0	-1.0	0.0
00:52:31	144.0	269.2	269.5	269.7	266.7	268.4	265.5	269.7	270.3	270.2	269.8	270.1	270.6	271.3	270.9	271.7	271.7	271.8	0.5	0.2	0.3	0.1	0.2	39.7	0.0	0.5	0.1	271.8	265.5	0.5	-1.0	269.8	268.7	268.2	268.2	267.4	272.4	100.5	144.0	45.8	25.2	272.2	272.0	40.0	93.0	18.5	60.6	0.0	85.9	.Autoclave.Outputs.PRESSIP\OutputValue	8.0	6.3	-3.6	-1.0	0.0	-1.0	-1.0	-1.0	0.0	0.0	0.0	-1.0	-1.0	0.0	0.0	0.0	-1.0	0.0
00:53:31	145.1	270.8	270.4	271.0	267.2	268.4	265.8	270.5	270.6	270.0	270.4	270.4	271.3	271.4	271.0	272.3	272.1	272.1	0.5	0.2	0.3	0.1	0.1	40.0	0.0	0.5	0.1	272.3	265.8	2.1	-0.2	270.3	269.1	272.3	272.3	271.6	278.7	100.4	145.0	46.8	24.2	271.7	272.0	40.0	62.4	18.6	58.1	0.0	24.8	.Autoclave.Outputs.PRESSIP\OutputValue	8.0	6.5	0.0	-1.0	0.0	-1.0	-1.0	-1.0	0.0	0.0	0.0	-1.0	-1.0	0.0	0.0	0.0	-1.0	0.0
00:54:31	146.1	269.8	269.8	270.0	266.9	268.5	265.7	270.2	270.0	269.5	270.0	270.0	270.8	271.2	270.8	271.9	271.8	271.8	0.5	0.2	0.3	0.1	0.2	39.9	0.0	0.5	0.1	271.9	265.7	0.1	-2.0	269.9	268.8	269.4	269.4	268.8	277.2	100.4	146.0	47.8	23.2	272.1	272.0	40.0	83.9	18.8	58.7	0.0	67.8	.Autoclave.Outputs.PRESSIP\OutputValue	8.0	6.2	-2.5	-1.0	0.0	-1.0	-1.0	-1.0	0.0	0.0	0.0	-1.0	-1.0	0.0	0.0	0.0	-1.0	0.0
00:55:31	147.0	270.9	270.6	271.3	267.2	268.5	266.3	270.8	269.9	270.1	270.5	270.6	271.5	271.4	270.9	272.4	272.2	272.1	0.5	0.2	0.3	0.1	0.2	39.8	0.0	0.5	0.1	272.4	266.3	0.9	-0.3	270.4	269.4	272.8	272.9	272.0	275.4	100.4	147.0	48.8	22.2	271.6	272.0	40.0	58.6	18.8	60.0	-1.0	17.2	.Autoclave.Outputs.PRESSIP\OutputValue	8.0	6.1	0.4	-1.0	0.0	-1.0	-1.0	-1.0	0.0	0.0	0.0	-1.0	-1.0	0.0	0.0	0.0	-1.0	0.0
00:56:31	148.1	270.4	270.1	270.5	267.2	268.6	266.0	271.5	270.1	269.9	270.2	270.2	271.0	271.1	270.9	272.1	272.0	272.0	0.5	0.2	0.3	0.1	0.2	39.9	0.0	0.5	0.1	272.1	266.0	0.7	-0.8	270.2	269.1	270.8	270.9	270.2	278.3	100.3	148.0	49.8	21.2	271.9	272.0	40.0	74.8	19.0	58.7	0.0	49.6	.Autoclave.Outputs.PRESSIP\OutputValue	8.0	6.1	-1.3	-1.0	0.0	-1.0	-1.0	-1.0	0.0	0.0	0.0	-1.0	-1.0	0.0	0.0	0.0	-1.0	0.0
00:57:31	149.1	270.1	270.1	270.4	267.4	268.6	266.2	270.6	270.2	270.1	270.2	270.6	271.3	271.4	271.0	272.1	271.9	272.0	0.5	0.2	0.3	0.1	0.1	39.3	0.0	0.5	0.1	272.1	266.2	0.6	-0.3	270.3	269.2	270.7	270.6	269.8	262.5	100.2	149.0	50.8	20.2	271.9	272.0	40.0	74.1	19.0	65.5	0.0	48.2	.Autoclave.Outputs.PRESSIP\OutputValue	8.0	5.9	-1.4	-1.0	0.0	-1.0	-1.0	-1.0	0.0	0.0	0.0	-1.0	-1.0	0.0	0.0	0.0	-1.0	0.0
00:58:31	150.0	270.4	270.4	270.9	267.4	268.6	266.3	270.6	270.5	269.4	270.4	270.3	271.2	271.2	270.9	272.1	272.1	272.0	0.5	0.1	0.3	0.1	0.1	39.9	0.0	0.5	0.1	272.1	266.3	0.2	-0.3	270.3	269.2	271.7	271.7	270.9	278.1	100.5	150.0	51.8	19.2	271.8	272.0	40.0	67.7	19.2	58.7	0.0	35.4	.Autoclave.Outputs.PRESSIP\OutputValue	8.0	5.8	-0.4	-1.0	0.0	-1.0	-1.0	-1.0	0.0	0.0	0.0	-1.0	-1.0	0.0	0.0	0.0	-1.0	0.0
00:59:31	151.1	269.7	269.6	269.8	267.3	268.7	266.2	270.4	270.4	270.1	269.8	270.3	270.7	271.4	270.9	271.7	271.8	271.8	0.5	0.1	0.3	0.2	0.1	39.6	0.0	0.5	0.1	271.8	266.2	0.7	-1.0	270.0	269.0	268.4	268.3	267.6	269.7	100.3	151.0	52.8	18.2	272.2	272.0	40.0	92.4	19.3	62.1	0.0	84.8	.Autoclave.Outputs.PRESSIP\OutputValue	8.0	5.6	-3.4	-1.0	0.0	-1.0	-1.0	-1.0	0.0	0.0	0.0	-1.0	-1.0	0.0	0.0	0.0	-1.0	0.0
01:00:31	152.1	271.0	270.6	271.0	267.7	268.6	266.5	270.5	270.3	270.2	270.4	270.4	271.4	271.3	270.9	272.2	272.1	272.1	0.5	0.2	0.3	0.1	0.1	40.0	0.0	0.5	0.1	272.2	266.5	0.7	-0.9	270.4	269.4	272.3	272.3	271.5	278.5	100.3	152.0	53.8	17.2	271.8	272.0	40.0	63.9	19.4	58.5	0.0	27.8	.Autoclave.Outputs.PRESSIP\OutputValue	8.0	5.7	0.1	-1.0	0.0	-1.0	-1.0	-1.0	0.0	0.0	0.0	-1.0	-1.0	0.0	0.0	0.0	-1.0	0.0
01:01:31	153.0	269.9	269.7	270.1	267.3	268.7	266.2	270.2	270.7	269.9	270.0	270.0	270.6	271.1	270.9	271.8	271.8	271.8	0.5	0.2	0.3	0.1	0.1	39.9	0.0	0.5	0.1	271.8	266.2	0.1	-1.2	270.0	269.0	269.0	269.0	268.4	276.4	100.4	153.0	54.8	16.2	272.1	272.0	40.0	88.0	19.6	59.2	0.0	76.1	.Autoclave.Outputs.PRESSIP\OutputValue	8.0	5.6	-2.8	-1.0	0.0	-1.0	-1.0	-1.0	0.0	0.0	0.0	-1.0	-1.0	0.0	0.0	0.0	-1.0	0.0
01:02:31	154.1	271.2	270.8	271.4	267.7	268.7	266.8	270.6	270.1	270.4	270.6	270.6	271.4	271.4	270.9	272.2	272.1	272.0	0.5	0.2	0.3	0.1	0.1	39.9	0.0	0.5	0.1	272.2	266.8	1.3	-0.1	270.5	269.5	272.9	272.9	272.2	278.0	100.4	154.0	55.8	15.2	271.8	272.0	40.0	60.1	19.6	58.5	-1.0	20.1	.Autoclave.Outputs.PRESSIP\OutputValue	8.0	5.4	0.7	-1.0	0.0	-1.0	-1.0	-1.0	0.0	0.0	0.0	-1.0	-1.0	0.0	0.0	0.0	-1.0	0.0
01:03:31	155.1	270.6	270.3	270.7	267.6	268.7	266.4	270.4	270.1	269.7	270.3	270.2	270.9	271.0	270.7	272.0	271.9	271.8	0.5	0.2	0.3	0.1	0.1	40.0	0.0	0.5	0.1	272.0	266.4	0.2	-0.6	270.2	269.2	271.0	271.0	270.2	278.4	100.5	155.0	56.8	14.2	272.1	272.0	40.0	73.6	19.8	58.7	0.0	47.2	.Autoclave.Outputs.PRESSIP\OutputValue	8.0	5.6	-1.0	-1.0	0.0	-1.0	-1.0	-1.0	0.0	0.0	0.0	-1.0	-1.0	0.0	0.0	0.0	-1.0	0.0
01:04:31	156.1	270.6	270.3	270.6	267.8	268.8	266.7	270.6	270.3	270.4	270.4	270.6	271.2	271.4	271.0	272.1	271.9	271.9	0.5	0.2	0.3	0.1	0.1	39.2	0.0	0.5	0.1	272.1	266.7	0.7	0.0	270.4	269.4	270.8	270.8	270.1	262.4	100.2	156.0	57.8	13.2	271.9	272.0	40.0	73.6	19.8	65.6	0.0	47.1	.Autoclave.Outputs.PRESSIP\OutputValue	8.0	5.4	-1.3	-1.0	0.0	-1.0	-1.0	-1.0	0.0	0.0	0.0	-1.0	-1.0	0.0	0.0	0.0	-1.0	0.0
01:05:31	157.0	270.6	270.4	271.0	267.8	268.8	266.7	270.2	269.9	269.9	270.3	270.3	271.1	271.1	270.7	272.1	271.9	271.9	0.5	0.2	0.3	0.1	0.1	39.9	0.0	0.5	0.1	272.1	266.7	0.0	-0.5	270.3	269.4	271.8	271.8	271.1	278.0	100.3	157.0	58.8	12.2	271.9	272.0	40.0	69.1	20.0	58.7	0.0	38.3	.Autoclave.Outputs.PRESSIP\OutputValue	8.0	5.4	-0.3	-1.0	0.0	-1.0	-1.0	-1.0	0.0	0.0	0.0	-1.0	-1.0	0.0	0.0	0.0	-1.0	0.0
01:06:31	158.1	270.1	269.8	269.8	267.7	268.9	266.6	270.4	269.9	269.6	269.8	270.1	270.7	271.2	270.8	271.6	271.7	271.8	0.5	0.2	0.3	0.1	0.1	39.8	0.0	0.5	0.1	271.8	266.6	0.5	-1.0	270.0	269.2	268.6	268.6	267.9	272.7	100.3	158.0	59.8	11.2	272.2	272.0	40.0	91.9	20.1	60.8	0.0	83.7	.Autoclave.Outputs.PRESSIP\OutputValue	8.0	5.2	-3.2	-1.0	0.0	-1.0	-1.0	-1.0	0.0	0.0	0.0	-1.0	-1.0	0.0	0.0	0.0	-1.0	0.0
01:07:31	159.1	271.0	270.7	271.2	268.0	268.9	266.9	270.5	270.1	270.0	270.4	270.5	271.4	271.3	270.9	272.2	272.0	272.0	0.5	0.2	0.3	0.1	0.1	40.0	-0.4	0.5	0.1	272.2	266.9	1.2	-0.3	270.5	269.6	272.5	272.5	271.9	278.9	100.3	159.0	60.8	10.2	271.8	272.0	40.0	63.3	20.2	58.5	0.0	26.6	.Autoclave.Outputs.PRESSIP\OutputValue	8.0	5.3	0.3	-1.0	0.0	-1.0	-1.0	-1.0	0.0	0.0	0.0	-1.0	-1.0	0.0	0.0	0.0	-1.0	0.0
01:08:31	160.0	270.2	269.9	270.4	267.8	269.0	266.7	270.4	270.1	270.0	270.1	270.1	270.8	271.1	270.7	271.9	271.9	271.8	0.5	0.2	0.3	0.1	0.1	39.9	0.0	0.5	0.1	271.9	266.7	0.1	-0.8	270.2	269.3	269.8	269.8	269.2	277.7	100.3	160.0	61.8	9.2	272.0	272.0	40.0	82.8	20.3	58.7	0.0	65.6	.Autoclave.Outputs.PRESSIP\OutputValue	8.0	5.2	-2.1	-1.0	0.0	-1.0	-1.0	-1.0	0.0	0.0	0.0	-1.0	-1.0	0.0	0.0	0.0	-1.0	0.0
01:09:31	161.1	270.8	270.6	271.1	268.2	269.0	267.1	270.9	270.0	270.1	270.4	270.6	271.6	271.5	271.0	272.3	272.1	272.1	0.5	0.2	0.3	0.2	0.2	39.4	0.0	0.5	0.2	272.3	267.1	0.9	0.0	270.6	269.7	271.9	271.8	271.2	266.1	100.1	161.0	62.8	8.2	271.7	272.0	40.0	66.8	20.3	64.0	0.0	33.6	.Autoclave.Outputs.PRESSIP\OutputValue	8.0	5.2	-0.4	-1.0	0.0	-1.0	-1.0	-1.0	0.0	0.0	0.0	-1.0	-1.0	0.0	0.0	0.0	-1.0	0.0
01:10:31	162.1	270.7	270.4	270.9	268.0	269.0	267.1	270.4	270.1	270.4	270.4	270.3	271.1	271.3	270.9	272.2	272.0	272.0	0.5	0.2	0.4	0.2	0.2	39.9	0.0	0.5	0.2	272.2	267.1	0.0	-0.6	270.4	269.7	271.5	271.5	270.8	277.9	100.4	162.0	63.8	7.2	271.8	272.0	40.0	71.0	20.6	58.9	0.0	42.1	.Autoclave.Outputs.PRESSIP\OutputValue	8.0	5.1	-0.7	-1.0	0.0	-1.0	-1.0	-1.0	0.0	0.0	0.0	-1.0	-1.0	0.0	0.0	0.0	-1.0	0.0
01:11:31	163.0	270.0	269.7	269.8	268.0	269.1	266.9	270.4	270.5	270.1	269.9	270.2	270.7	271.3	270.9	271.7	271.8	271.8	0.6	0.2	0.4	0.2	0.2	39.7	0.0	0.6	0.2	271.8	266.9	0.3	-0.7	270.2	269.4	268.3	268.3	267.5	270.7	100.4	163.0	64.8	6.2	272.2	272.0	40.0	94.4	20.6	61.3	0.0	88.8	.Autoclave.Outputs.PRESSIP\OutputValue	8.0	4.9	-3.5	-1.0	0.0	-1.0	-1.0	-1.0	0.0	0.0	0.0	-1.0	-1.0	0.0	0.0	0.0	-1.0	0.0
01:12:31	164.1	271.0	270.7	271.0	268.3	269.0	267.2	270.9	270.2	270.1	270.4	270.5	271.3	271.3	270.9	272.3	272.1	272.0	0.5	0.2	0.3	0.1	0.2	40.0	0.0	0.5	0.1	272.3	267.2	1.0	-0.1	270.5	269.8	272.5	272.5	271.8	278.5	100.6	164.0	65.8	5.2	271.7	272.0	40.0	63.9	20.7	58.5	0.0	27.7	.Autoclave.Outputs.PRESSIP\OutputValue	8.0	5.1	0.2	-1.0	0.0	-1.0	-1.0	-1.0	0.0	0.0	0.0	-1.0	-1.0	0.0	0.0	0.0	-1.0	0.0
01:13:31	165.1	270.0	270.0	270.4	268.0	269.1	266.9	270.4	270.2	270.2	270.0	270.1	270.8	271.0	270.7	271.9	271.8	271.8	0.5	0.2	0.3	0.1	0.2	39.9	0.0	0.5	0.1	271.9	266.9	0.5	-0.8	270.2	269.4	269.9	269.9	269.1	277.7	100.4	165.0	66.8	4.2	272.1	272.0	40.0	84.0	20.9	58.9	0.0	68.1	.Autoclave.Outputs.PRESSIP\OutputValue	8.0	5.0	-2.0	-1.0	0.0	-1.0	-1.0	-1.0	0.0	0.0	0.0	-1.0	-1.0	0.0	0.0	0.0	-1.0	0.0
01:14:31	166.0	270.9	270.9	271.0	268.5	269.1	267.4	271.5	270.3	269.9	270.5	270.7	271.5	271.4	270.9	272.3	272.1	272.1	0.5	0.2	0.3	0.1	0.2	39.5	0.0	0.5	0.1	272.3	267.4	1.1	-0.2	270.7	269.9	272.6	272.4	271.8	268.2	100.2	166.0	67.8	3.2	271.7	272.0	40.0	62.7	20.9	63.0	-1.0	25.4	.Autoclave.Outputs.PRESSIP\OutputValue	8.0	4.9	0.3	-1.0	0.0	-1.0	-1.0	-1.0	0.0	0.0	0.0	-1.0	-1.0	0.0	0.0	0.0	-1.0	0.0
01:15:31	167.1	270.7	270.5	271.0	268.3	269.1	267.3	270.6	270.3	269.7	270.2	270.3	271.1	271.2	270.9	272.2	272.1	272.0	0.5	0.2	0.3	0.2	0.2	39.9	0.0	0.5	0.2	272.2	267.3	0.5	-1.0	270.4	269.8	271.6	271.6	270.8	278.4	100.4	167.0	68.8	2.2	271.8	272.0	40.0	70.9	21.1	58.7	0.0	41.8	.Autoclave.Outputs.PRESSIP\OutputValue	8.0	4.9	-0.6	-1.0	0.0	-1.0	-1.0	-1.0	0.0	0.0	0.0	-1.0	-1.0	0.0	0.0	0.0	-1.0	0.0
01:16:31	168.1	269.9	269.7	270.0	268.2	269.2	267.3	270.3	270.3	269.9	269.7	270.2	270.7	271.3	270.8	271.7	271.7	271.8	0.5	0.2	0.3	0.1	0.2	39.6	0.0	0.5	0.1	271.8	267.3	0.2	-0.7	270.2	269.6	268.4	268.4	267.7	268.9	100.4	168.0	69.8	1.2	272.2	272.0	40.0	94.3	21.1	62.1	0.0	88.5	.Autoclave.Outputs.PRESSIP\OutputValue	8.0	4.5	-3.4	-1.0	0.0	-1.0	-1.0	-1.0	0.0	0.0	0.0	-1.0	-1.0	0.0	0.0	0.0	-1.0	0.0
01:17:31	169.1	270.9	270.7	271.1	268.5	269.1	267.5	270.6	269.7	269.6	270.4	270.5	271.4	271.2	270.8	272.3	272.1	272.0	0.5	0.2	0.3	0.1	0.2	40.0	0.0	0.5	0.1	272.3	267.5	1.1	-0.2	270.5	269.9	272.5	272.5	271.8	278.5	100.4	169.0	70.8	0.2	271.8	272.0	40.0	64.4	21.3	58.7	0.0	28.8	.Autoclave.Outputs.PRESSIP\OutputValue	8.0	4.8	0.2	-1.0	0.0	-1.0	-1.0	-1.0	0.0	0.0	0.0	-1.0	-1.0	0.0	0.0	0.0	-1.0	0.0
01:17:41	169.2	271.3	270.8	271.2	268.6	269.2	267.6	270.8	270.1	269.9	270.5	270.5	271.4	271.3	270.9	272.2	272.1	272.0	0.5	0.2	0.4	0.1	0.2	40.0	0.0	0.5	0.1	272.2	267.6	1.2	-0.1	270.6	269.9	272.7	272.7	272.0	278.9	100.4	169.2	71.0	0.0	271.7	272.0	40.0	62.4	21.3	58.5	-1.0	24.8	.Autoclave.Outputs.PRESSIP\OutputValue	8.0	4.6	0.5	-1.0	0.0	-1.0	-1.0	-1.0	0.0	0.0	0.0	-1.0	-1.0	0.0	0.0	0.0	-1.0	0.0
01:18:31	170.1	269.4	269.3	269.4	267.9	269.1	267.1	270.2	270.3	269.4	269.6	269.8	270.2	270.9	270.7	271.5	271.5	271.6	0.5	0.2	0.3	0.1	0.2	39.6	0.0	0.5	0.1	271.6	267.1	0.6	-1.7	269.9	269.4	267.0	267.0	266.4	271.3	100.4	170.0	0.8	0.0	268.3	268.2	40.0	77.8	21.4	61.7	0.0	55.5	.Autoclave.Outputs.PRESSIP\OutputValue	8.0	4.5	-4.6	-1.0	0.0	-1.0	-1.0	-1.0	0.0	0.0	0.0	-1.0	-1.0	0.0	0.0	0.0	-1.0	0.0
01:19:31	171.1	267.3	267.6	267.3	267.2	269.0	266.3	269.4	269.3	269.1	268.6	268.8	268.7	270.2	270.2	270.7	270.9	271.1	0.5	0.2	0.3	0.1	0.2	40.1	0.0	0.5	0.1	271.1	266.3	-0.3	-2.1	268.9	268.7	261.8	261.8	261.0	263.2	100.4	171.0	1.8	0.0	263.8	263.7	40.0	83.1	21.4	56.6	0.0	66.1	.Autoclave.Outputs.PRESSIP\OutputValue	8.0	4.8	-9.3	-1.0	0.0	-1.0	-1.0	-1.0	0.0	0.0	0.0	-1.0	-1.0	0.0	0.0	0.0	-1.0	0.0
01:20:32	172.1	265.3	265.6	265.0	266.2	268.3	265.0	268.7	268.4	267.9	267.4	267.4	267.2	269.0	269.6	269.5	270.2	270.4	0.5	0.2	0.3	0.1	0.1	39.6	0.0	0.5	0.1	270.4	265.0	-0.5	-1.8	267.7	267.7	257.2	257.2	256.5	253.2	100.4	172.0	2.8	0.0	259.2	259.2	40.0	83.0	21.4	61.7	0.0	66.0	.Autoclave.Outputs.PRESSIP\OutputValue	8.0	5.4	-13.2	-1.0	0.0	-1.0	-1.0	-1.0	0.0	0.0	0.0	-1.0	-1.0	0.0	0.0	0.0	-1.0	0.0
01:21:31	173.0	263.0	263.9	262.9	265.1	267.6	263.9	267.6	266.7	266.1	266.2	265.7	265.6	267.4	268.7	268.4	269.4	269.6	0.5	0.2	0.2	0.1	0.1	39.1	0.0	0.5	0.1	269.6	262.9	-0.8	-2.7	266.3	266.2	254.0	253.7	253.0	244.1	100.3	173.0	3.8	0.0	254.8	254.7	40.0	74.5	21.4	67.0	0.0	49.0	.Autoclave.Outputs.PRESSIP\OutputValue	8.0	6.7	-15.6	-1.0	0.0	-1.0	-1.0	-1.0	0.0	0.0	0.0	-1.0	-1.0	0.0	0.0	0.0	-1.0	0.0
01:22:31	174.1	261.1	262.0	260.9	263.8	266.6	262.5	266.3	263.9	263.9	264.7	263.6	264.1	265.6	267.6	267.3	268.5	268.7	0.5	0.2	0.3	0.1	0.1	39.2	0.0	0.5	0.1	268.7	260.9	-1.0	-2.7	264.8	264.8	251.1	251.1	250.4	242.4	100.4	174.0	4.8	0.0	250.3	250.2	40.0	63.2	21.5	65.8	-1.0	26.3	.Autoclave.Outputs.PRESSIP\OutputValue	8.0	7.8	-17.6	-1.0	0.0	-1.0	-1.0	-1.0	0.0	0.0	0.0	-1.0	-1.0	0.0	0.0	0.0	-1.0	0.0
01:23:31	175.1	258.4	259.8	258.5	262.3	265.2	260.9	265.1	261.6	260.7	263.0	261.1	262.2	263.6	266.3	265.9	267.2	267.5	0.5	0.2	0.3	0.1	0.2	39.7	0.0	0.5	0.1	267.5	258.4	-1.2	-2.8	262.9	262.9	247.4	247.4	246.7	244.4	100.4	175.0	5.8	0.0	245.8	245.7	40.0	58.0	21.5	61.3	-1.0	15.9	.Autoclave.Outputs.PRESSIP\OutputValue	8.0	9.1	-20.1	-1.0	0.0	-1.0	-1.0	-1.0	0.0	0.0	0.0	-1.0	-1.0	0.0	0.0	0.0	-1.0	0.0
01:24:31	176.0	255.5	257.5	255.7	260.8	263.9	259.1	262.9	258.9	258.1	260.8	258.3	259.9	261.1	264.8	264.2	265.7	266.1	0.5	0.2	0.3	0.1	0.1	39.6	0.0	0.5	0.1	266.1	255.5	-1.2	-3.0	260.8	260.8	243.0	242.9	242.2	245.0	100.4	176.0	6.8	0.0	241.3	241.2	40.0	57.9	21.5	61.3	-1.0	15.8	.Autoclave.Outputs.PRESSIP\OutputValue	8.0	10.6	-23.1	-1.0	0.0	-1.0	-1.0	-1.0	0.0	0.0	0.0	-1.0	-1.0	0.0	0.0	0.0	-1.0	0.0
01:25:31	177.1	252.6	254.7	252.6	258.9	262.6	257.1	261.2	255.5	255.0	258.5	255.5	257.5	258.6	263.2	262.3	264.1	264.6	0.5	0.2	0.3	0.1	0.2	40.0	0.0	0.5	0.1	264.6	252.6	-1.5	-4.1	258.5	258.6	238.2	238.2	237.4	241.8	100.4	177.0	7.8	0.0	236.7	236.7	40.0	59.9	21.5	57.7	-1.0	19.8	.Autoclave.Outputs.PRESSIP\OutputValue	8.0	12.0	-26.4	-1.0	0.0	-1.0	-1.0	-1.0	0.0	0.0	0.0	-1.0	-1.0	0.0	0.0	0.0	-1.0	0.0
01:26:31	178.1	249.3	251.7	249.4	257.2	261.0	255.2	259.0	251.7	252.3	255.9	252.3	254.9	256.0	261.2	260.2	262.2	262.8	0.5	0.2	0.3	0.1	0.2	39.7	0.0	0.5	0.1	262.8	249.3	-1.5	-3.3	256.0	256.0	233.2	233.2	232.5	236.3	100.4	178.0	8.8	0.0	232.2	232.2	40.0	63.2	21.5	60.8	0.0	26.4	.Autoclave.Outputs.PRESSIP\OutputValue	8.0	13.5	-29.6	-1.0	0.0	-1.0	-1.0	-1.0	0.0	0.0	0.0	-1.0	-1.0	0.0	0.0	0.0	-1.0	0.0
01:27:28	179.0	246.1	248.8	246.3	255.4	259.5	253.0	257.1	249.1	248.3	253.6	249.4	252.4	253.3	259.3	258.1	260.4	260.9	0.5	0.2	0.3	0.1	0.2	40.2	0.0	0.5	0.1	260.9	246.1	-1.7	-4.0	253.6	253.5	228.5	228.5	227.7	231.3	100.5	179.0	9.8	0.0	228.1	228.0	40.0	66.6	21.5	56.4	0.0	33.3	.Autoclave.Outputs.PRESSIP\OutputValue	7.9	14.8	-32.5	-1.0	0.0	-1.0	-1.0	-1.0	0.0	0.0	0.0	-1.0	-1.0	0.0	0.0	0.0	-1.0	0.0
01:27:31	179.0	246.4	248.5	246.1	255.4	259.4	252.9	256.7	248.6	248.8	253.3	249.2	252.3	253.2	259.2	258.0	260.3	260.9	0.5	0.2	0.3	0.1	0.2	40.1	0.0	0.5	0.1	260.9	246.1	-1.7	-4.0	253.5	253.5	228.7	228.7	227.8	231.3	100.5	179.0	0.1	0.0	227.8	227.7	40.0	64.6	21.5	56.5	0.0	29.2	.Autoclave.Outputs.PRESSIP\OutputValue	7.9	14.8	-32.2	-1.0	0.0	-1.0	-1.0	-1.0	0.0	0.0	0.0	-1.0	-1.0	0.0	0.0	0.0	-1.0	0.0
01:28:31	180.1	242.8	245.5	242.7	253.3	257.6	250.8	254.4	244.6	244.5	250.5	245.9	249.6	250.1	257.1	255.8	258.3	258.9	0.5	0.2	0.3	0.1	0.1	39.9	0.0	0.5	0.1	258.9	242.7	-1.8	-3.9	250.7	250.8	224.1	224.1	223.3	227.1	100.3	180.0	1.1	0.0	223.3	223.2	40.0	64.0	21.4	59.4	0.0	28.0	.Autoclave.Outputs.PRESSIP\OutputValue	8.0	16.2	-34.8	-1.0	0.0	-1.0	-1.0	-1.0	0.0	0.0	0.0	-1.0	-1.0	0.0	0.0	0.0	-1.0	0.0
01:29:31	181.1	239.4	242.5	239.8	251.3	255.8	248.5	252.0	240.6	240.9	247.7	242.5	246.9	247.0	254.9	253.4	256.1	256.9	0.5	0.2	0.3	0.1	0.1	39.5	0.0	0.5	0.1	256.9	239.4	-1.7	-3.4	248.0	248.1	219.7	219.7	219.0	222.5	100.4	181.0	2.1	0.0	218.7	218.7	40.0	63.2	21.4	62.6	0.0	26.3	.Autoclave.Outputs.PRESSIP\OutputValue	8.0	17.5	-37.2	-1.0	0.0	-1.0	-1.0	-1.0	0.0	0.0	0.0	-1.0	-1.0	0.0	0.0	0.0	-1.0	0.0
01:30:31	182.0	235.8	239.5	236.3	249.5	253.9	246.2	249.4	236.8	237.2	244.8	239.1	243.9	243.9	252.5	251.1	253.7	254.6	0.5	0.2	0.3	0.2	0.2	40.0	0.0	0.5	0.2	254.6	235.8	-1.9	-5.1	245.2	245.2	215.3	215.3	214.6	217.9	100.4	182.0	3.1	0.0	214.2	214.2	40.0	63.8	21.3	57.9	0.0	27.6	.Autoclave.Outputs.PRESSIP\OutputValue	8.0	18.8	-39.3	-1.0	0.0	-1.0	-1.0	-1.0	0.0	0.0	0.0	-1.0	-1.0	0.0	0.0	0.0	-1.0	0.0
01:31:31	183.1	232.6	236.2	232.8	247.2	251.9	243.9	246.7	232.9	233.3	241.8	235.6	241.0	240.5	250.0	248.4	251.3	252.3	0.5	0.2	0.3	0.1	0.2	39.7	0.0	0.5	0.1	252.3	232.6	-2.0	-4.3	242.3	242.4	211.2	211.2	210.5	213.5	100.4	183.0	4.1	0.0	209.8	209.7	40.0	59.9	21.3	60.6	-1.0	19.8	.Autoclave.Outputs.PRESSIP\OutputValue	8.0	19.7	-41.1	-1.0	0.0	-1.0	-1.0	-1.0	0.0	0.0	0.0	-1.0	-1.0	0.0	0.0	0.0	-1.0	0.0
01:32:31	184.1	229.1	233.0	229.1	245.2	249.9	241.5	243.8	228.0	229.7	238.7	232.0	238.0	237.1	247.3	245.9	248.9	249.9	0.5	0.2	0.3	0.1	0.2	39.3	0.0	0.5	0.1	249.9	228.0	-2.0	-5.1	239.2	239.0	207.1	207.0	206.5	206.7	100.2	184.0	5.1	0.0	205.3	205.2	40.0	57.1	21.2	65.1	-1.0	14.3	.Autoclave.Outputs.PRESSIP\OutputValue	8.0	21.9	-42.8	-1.0	0.0	-1.0	-1.0	-1.0	0.0	0.0	0.0	-1.0	-1.0	0.0	0.0	0.0	-1.0	0.0
01:33:31	185.1	225.4	229.3	225.9	242.8	247.7	238.9	241.1	224.7	225.1	235.4	228.3	234.8	233.6	244.6	243.0	246.3	247.3	0.5	0.1	0.2	0.1	0.2	39.5	0.0	0.5	0.1	247.7	224.7	-2.2	-4.3	236.1	236.2	202.5	202.4	201.6	198.3	100.4	185.0	6.1	0.0	200.7	200.7	40.0	57.6	21.1	63.0	-1.0	15.2	.Autoclave.Outputs.PRESSIP\OutputValue	8.0	23.0	-45.2	-1.0	0.0	-1.0	-1.0	-1.0	0.0	0.0	0.0	-1.0	-1.0	0.0	0.0	0.0	-1.0	0.0
01:34:31	186.0	221.7	225.5	222.0	240.6	245.3	236.4	238.1	220.3	221.1	232.0	224.6	231.8	230.0	241.6	240.2	243.6	244.7	0.4	0.1	0.2	0.1	0.1	39.1	0.0	0.4	0.1	245.3	220.3	-2.3	-4.8	232.9	232.8	197.6	197.5	196.8	192.1	100.3	186.0	7.1	0.0	196.3	196.2	40.0	60.3	21.0	67.0	-1.0	20.6	.Autoclave.Outputs.PRESSIP\OutputValue	8.0	25.0	-47.7	-1.0	0.0	-1.0	-1.0	-1.0	0.0	0.0	0.0	-1.0	-1.0	0.0	0.0	0.0	-1.0	0.0
01:35:31	187.1	217.4	222.0	218.2	238.2	243.1	233.4	235.0	216.0	217.0	228.6	220.8	228.7	226.3	238.7	237.0	240.7	242.0	0.5	0.2	0.2	0.1	0.2	39.6	0.0	0.5	0.1	243.1	216.0	-2.3	-4.3	229.6	229.6	193.0	192.8	192.1	187.2	100.5	187.0	8.1	0.0	191.8	191.7	40.0	60.9	20.9	61.9	-1.0	21.7	.Autoclave.Outputs.PRESSIP\OutputValue	8.0	27.1	-50.1	-1.0	0.0	-1.0	-1.0	-1.0	0.0	0.0	0.0	-1.0	-1.0	0.0	0.0	0.0	-1.0	0.0
01:36:31	188.1	213.7	218.7	214.0	235.9	240.7	230.9	231.5	212.0	213.2	225.0	216.9	225.1	222.6	235.5	233.9	237.8	239.1	0.5	0.2	0.2	0.1	0.2	39.3	0.0	0.5	0.1	240.7	212.0	-2.3	-4.3	226.3	226.4	188.2	188.1	187.3	183.3	100.4	188.0	9.1	0.0	187.3	187.2	40.0	62.8	20.8	64.9	-1.0	25.6	.Autoclave.Outputs.PRESSIP\OutputValue	8.0	28.7	-52.5	-1.0	0.0	-1.0	-1.0	-1.0	0.0	0.0	0.0	-1.0	-1.0	0.0	0.0	0.0	-1.0	0.0
01:37:31	189.0	209.9	214.7	209.9	233.2	238.2	228.2	228.3	207.6	208.3	221.4	212.8	221.3	218.8	232.3	230.7	234.7	236.2	0.5	0.1	0.2	0.1	0.1	39.0	0.0	0.5	0.1	238.2	207.6	-2.5	-4.5	222.7	222.9	183.5	183.5	182.8	179.1	100.3	189.0	10.1	0.0	182.7	182.7	40.0	63.9	20.7	68.1	-1.0	27.8	.Autoclave.Outputs.PRESSIP\OutputValue	8.0	30.6	-54.7	-1.0	0.0	-1.0	-1.0	-1.0	0.0	0.0	0.0	-1.0	-1.0	0.0	0.0	0.0	-1.0	0.0
01:38:31	190.1	205.9	211.1	206.9	230.8	235.7	225.5	225.3	203.4	204.2	218.1	208.8	218.1	214.9	229.1	227.7	231.8	233.3	0.4	0.2	0.3	0.1	0.2	39.3	0.0	0.4	0.1	235.7	203.4	-2.5	-4.3	219.5	219.6	180.1	179.9	179.2	175.8	100.4	190.0	11.1	0.0	178.2	178.2	40.0	56.5	20.6	64.9	-1.0	13.0	.Autoclave.Outputs.PRESSIP\OutputValue	8.0	32.3	-55.6	-1.0	0.0	-1.0	-1.0	-1.0	0.0	0.0	0.0	-1.0	-1.0	0.0	0.0	0.0	-1.0	0.0
01:39:31	191.1	201.9	207.1	202.1	227.9	233.1	222.6	221.5	198.6	200.0	214.1	204.7	214.1	210.7	225.7	224.2	228.6	230.1	0.5	0.2	0.2	0.1	0.1	39.0	0.0	0.5	0.1	233.1	198.6	-2.7	-4.8	215.7	215.9	174.7	174.8	173.9	172.5	100.4	191.0	12.1	0.0	173.7	173.7	40.0	62.5	20.5	67.3	-1.0	24.9	.Autoclave.Outputs.PRESSIP\OutputValue	8.0	34.5	-58.4	-1.0	0.0	-1.0	-1.0	-1.0	0.0	0.0	0.0	-1.0	-1.0	0.0	0.0	0.0	-1.0	0.0
01:40:31	192.0	197.8	203.3	198.1	225.5	230.4	219.3	217.9	194.6	195.7	210.5	200.6	210.7	206.7	222.2	220.7	225.3	226.8	0.5	0.2	0.3	0.1	0.1	39.4	0.0	0.5	0.1	230.4	194.6	-2.6	-4.8	212.1	212.5	170.4	170.3	169.6	168.1	100.5	192.0	13.1	0.0	169.3	169.2	40.0	61.1	20.4	64.1	-1.0	22.2	.Autoclave.Outputs.PRESSIP\OutputValue	8.0	35.8	-60.0	-1.0	0.0	-1.0	-1.0	-1.0	0.0	0.0	0.0	-1.0	-1.0	0.0	0.0	0.0	-1.0	0.0
01:41:31	193.1	194.1	199.2	194.2	222.7	227.9	216.6	214.5	189.9	191.4	206.6	196.5	207.1	202.7	218.9	217.4	222.1	223.7	0.4	0.2	0.2	0.1	0.2	39.1	0.0	0.4	0.1	227.9	189.9	-2.8	-4.8	208.6	208.9	166.1	166.1	165.4	164.1	100.3	193.0	14.1	0.0	164.7	164.7	40.0	59.6	20.3	67.3	-1.0	19.2	.Autoclave.Outputs.PRESSIP\OutputValue	8.0	38.0	-61.8	-1.0	0.0	-1.0	-1.0	-1.0	0.0	0.0	0.0	-1.0	-1.0	0.0	0.0	0.0	-1.0	0.0
01:42:31	194.1	189.7	195.5	190.4	220.3	225.0	213.3	210.9	185.8	187.3	202.8	192.5	203.1	198.6	215.3	214.0	218.7	220.5	0.5	0.1	0.2	0.1	0.2	39.4	0.0	0.5	0.1	225.0	185.8	-2.3	-4.2	204.9	205.4	161.8	161.8	161.0	159.6	100.4	194.0	15.1	0.0	160.3	160.2	40.0	57.6	20.1	64.1	-1.0	15.2	.Autoclave.Outputs.PRESSIP\OutputValue	8.0	39.2	-63.2	-1.0	0.0	-1.0	-1.0	-1.0	0.0	0.0	0.0	-1.0	-1.0	0.0	0.0	0.0	-1.0	0.0
01:43:31	195.0	185.8	191.9	186.6	217.6	222.1	210.2	207.3	181.3	183.2	198.9	188.3	199.5	194.5	211.7	210.6	215.3	217.1	0.5	0.1	0.2	0.1	0.1	39.1	0.0	0.5	0.1	222.1	181.3	-2.6	-4.5	201.3	201.7	157.4	157.4	156.6	155.5	100.4	195.0	16.1	0.0	155.7	155.7	40.0	57.3	20.0	67.2	-1.0	14.7	.Autoclave.Outputs.PRESSIP\OutputValue	8.0	40.8	-64.7	-1.0	0.0	-1.0	-1.0	-1.0	0.0	0.0	0.0	-1.0	-1.0	0.0	0.0	0.0	-1.0	0.0
01:44:31	196.1	181.7	188.0	182.6	214.5	219.2	207.3	203.6	177.6	178.7	195.0	184.1	195.9	190.6	208.1	207.0	211.8	213.6	0.4	0.2	0.3	0.1	0.1	39.4	0.0	0.4	0.1	219.2	177.6	-3.0	-4.8	197.6	198.4	153.3	153.2	152.4	151.1	100.4	196.0	17.1	0.0	151.3	151.2	40.0	54.6	19.8	64.0	-1.0	9.1	.Autoclave.Outputs.PRESSIP\OutputValue	8.0	41.6	-65.9	-1.0	0.0	-1.0	-1.0	-1.0	0.0	0.0	0.0	-1.0	-1.0	0.0	0.0	0.0	-1.0	0.0
01:45:31	197.1	177.3	183.9	178.2	211.3	216.1	203.9	199.7	172.9	174.5	191.1	180.0	192.0	186.3	204.4	203.2	208.3	210.2	0.5	0.2	0.3	0.1	0.2	39.0	0.0	0.5	0.1	216.1	172.9	-3.1	-4.9	193.7	194.5	148.8	148.8	148.0	146.8	100.4	197.0	18.1	0.0	146.8	146.7	40.0	54.3	19.6	67.7	-1.0	8.7	.Autoclave.Outputs.PRESSIP\OutputValue	8.0	43.2	-67.3	-1.0	0.0	-1.0	-1.0	-1.0	0.0	0.0	0.0	-1.0	-1.0	0.0	0.0	0.0	-1.0	0.0
01:46:31	198.0	173.6	179.3	174.2	208.6	212.9	201.1	195.8	168.5	169.9	187.2	175.7	188.2	182.2	200.6	199.7	204.7	206.5	0.5	0.2	0.2	0.1	0.2	39.3	0.0	0.5	0.1	212.9	168.5	-2.9	-4.6	189.9	190.7	144.4	144.3	143.6	142.8	100.4	198.0	19.1	0.0	142.2	142.2	40.0	53.5	19.4	64.7	-1.0	6.9	.Autoclave.Outputs.PRESSIP\OutputValue	8.0	44.4	-68.5	-1.0	0.0	-1.0	-1.0	-1.0	0.0	0.0	0.0	-1.0	-1.0	0.0	0.0	0.0	-1.0	0.0
01:47:31	199.1	169.6	175.7	170.0	205.6	209.7	197.6	192.1	164.2	165.9	183.2	171.6	184.3	178.1	196.8	196.0	201.2	203.0	0.5	0.1	0.3	0.1	0.1	39.5	0.0	0.5	0.1	209.7	164.2	-3.0	-4.6	186.2	186.9	140.1	140.1	139.4	138.6	100.4	199.0	20.1	0.0	137.8	137.7	40.0	51.3	19.2	62.6	-1.0	2.7	.Autoclave.Outputs.PRESSIP\OutputValue	8.0	45.5	-69.6	-1.0	0.0	-1.0	-1.0	-1.0	0.0	0.0	0.0	-1.0	-1.0	0.0	0.0	0.0	-1.0	0.0
01:48:31	200.1	165.4	172.0	166.0	202.7	206.4	194.5	188.3	159.6	161.7	179.4	167.5	180.4	174.0	193.0	192.4	197.5	199.4	0.5	0.1	0.2	0.1	0.2	39.3	0.0	0.5	0.1	206.4	159.6	-3.1	-4.5	182.4	183.0	136.2	136.2	135.3	134.8	100.2	200.0	21.1	0.0	133.2	133.2	40.0	47.7	18.9	64.9	-1.0	0.0	.Autoclave.Outputs.PRESSIP\OutputValue	8.0	46.8	-70.2	-1.0	0.0	-1.0	-1.0	-1.0	0.0	0.0	0.0	-1.0	-1.0	0.0	0.0	0.0	-1.0	0.0
01:49:31	201.1	161.4	167.7	162.4	200.0	203.2	191.2	184.7	155.5	157.5	175.5	163.5	176.8	169.9	189.1	188.8	193.9	195.7	0.5	0.2	0.2	0.1	0.2	39.0	0.0	0.5	0.1	203.2	155.5	-2.6	-4.4	178.6	179.3	132.9	132.8	132.0	131.8	100.3	201.0	22.1	0.0	128.7	128.7	40.0	39.2	18.5	67.7	-1.0	0.0	.Autoclave.Outputs.PRESSIP\OutputValue	8.0	47.7	-70.3	-1.0	0.0	-1.0	-1.0	-1.0	0.0	0.0	0.0	-1.0	-1.0	0.0	0.0	0.0	-1.0	0.0
01:50:31	202.0	157.7	164.2	158.9	196.7	200.1	187.6	180.9	151.6	153.2	171.9	159.6	173.3	166.0	185.3	185.3	190.2	192.2	0.5	0.2	0.2	0.1	0.1	39.4	0.0	0.5	0.1	200.1	151.6	-3.3	-4.2	175.0	175.8	130.1	130.1	129.3	129.3	100.4	202.0	23.1	0.0	124.2	124.2	40.0	27.5	18.1	64.0	-1.0	0.0	.Autoclave.Outputs.PRESSIP\OutputValue	8.0	48.5	-70.0	-1.0	0.0	-1.0	-1.0	-1.0	0.0	0.0	0.0	-1.0	-1.0	0.0	0.0	0.0	-1.0	0.0
01:51:31	203.1	154.6	160.7	155.5	194.3	196.9	185.2	177.4	147.7	149.5	168.1	156.0	169.7	162.1	181.6	181.7	186.9	188.8	0.5	0.2	0.3	0.1	0.2	39.2	0.0	0.5	0.1	196.9	147.7	-2.3	-4.0	171.6	172.3	127.5	127.5	126.7	127.0	100.3	203.0	24.1	0.0	119.7	119.7	40.0	13.5	17.4	66.0	-1.0	0.0	.Autoclave.Outputs.PRESSIP\OutputValue	8.0	49.2	-69.4	-1.0	0.0	-1.0	-1.0	-1.0	0.0	0.0	0.0	-1.0	-1.0	0.0	0.0	0.0	-1.0	0.0
01:52:31	204.1	151.2	157.4	152.6	191.9	193.8	181.9	173.9	144.2	146.2	164.6	152.5	166.4	158.7	178.0	178.5	183.3	185.4	0.5	0.2	0.3	0.1	0.2	39.2	0.0	0.5	0.1	193.8	144.2	-2.5	-3.9	168.3	169.0	125.1	125.1	124.4	125.1	100.2	204.0	25.1	0.0	115.3	115.2	40.0	0.0	0.0	65.6	-1.0	0.0	.Autoclave.Outputs.PRESSIP\OutputValue	8.0	49.6	-68.7	-1.0	0.0	-1.0	-1.0	-1.0	0.0	0.0	0.0	-1.0	-1.0	0.0	0.0	0.0	-1.0	0.0
01:53:31	205.0	148.2	154.4	149.7	189.0	190.6	178.8	170.5	140.9	143.2	161.3	149.4	163.2	155.1	174.4	175.2	180.0	182.0	0.5	0.2	0.3	0.1	0.2	39.5	0.0	0.5	0.1	190.6	140.9	-2.9	-3.7	165.1	165.7	123.3	123.3	122.6	123.4	100.4	205.0	26.1	0.0	110.7	110.7	40.0	0.0	0.0	62.6	-1.0	0.0	.Autoclave.Outputs.PRESSIP\OutputValue	8.0	49.7	-67.2	-1.0	0.0	-1.0	-1.0	-1.0	0.0	0.0	0.0	-1.0	-1.0	0.0	0.0	0.0	-1.0	0.0
01:54:31	206.1	145.3	151.4	146.7	186.2	187.7	176.2	167.2	138.2	140.3	158.1	146.3	160.4	152.0	171.0	171.9	176.7	178.8	0.5	0.2	0.3	0.1	0.2	39.4	0.0	0.5	0.1	187.7	138.2	-2.6	-3.5	162.0	162.9	121.4	121.3	120.8	121.7	100.1	206.0	27.1	0.0	106.2	106.2	40.0	0.0	0.0	64.3	-1.0	0.0	.Autoclave.Outputs.PRESSIP\OutputValue	8.0	49.5	-66.2	-1.0	0.0	-1.0	-1.0	-1.0	0.0	0.0	0.0	-1.0	-1.0	0.0	0.0	0.0	-1.0	0.0
01:55:31	207.1	143.0	148.5	144.0	184.0	184.9	173.8	163.9	135.3	137.3	155.0	143.6	157.5	148.9	167.7	168.6	173.6	175.6	0.5	0.2	0.3	0.1	0.2	39.2	0.0	0.5	0.1	184.9	135.3	-2.3	-3.5	159.1	160.1	119.6	119.6	119.0	120.0	100.2	207.0	28.1	0.0	101.7	101.7	40.0	0.0	0.0	65.8	-1.0	0.0	.Autoclave.Outputs.PRESSIP\OutputValue	8.0	49.6	-65.2	-1.0	0.0	-1.0	-1.0	-1.0	0.0	0.0	0.0	-1.0	-1.0	0.0	0.0	0.0	-1.0	0.0
01:56:31	208.0	140.3	145.9	141.6	181.5	182.0	171.0	161.0	132.8	134.6	152.0	140.8	154.7	146.0	164.4	165.8	170.4	172.4	0.6	0.2	0.3	0.1	0.2	39.0	0.0	0.6	0.1	182.0	132.8	-2.4	-3.2	156.3	157.4	118.0	117.9	117.3	118.4	100.2	208.0	29.1	0.0	97.2	97.2	40.0	0.0	0.0	67.7	-1.0	0.0	.Autoclave.Outputs.PRESSIP\OutputValue	8.0	49.2	-63.9	-1.0	0.0	-1.0	-1.0	-1.0	0.0	0.0	0.0	-1.0	-1.0	0.0	0.0	0.0	-1.0	0.0
01:57:31	209.1	137.6	143.3	138.9	178.7	179.1	168.6	158.1	130.2	132.2	149.2	138.3	152.2	143.3	161.4	162.9	167.3	169.4	0.6	0.2	0.3	0.1	0.2	39.5	0.0	0.6	0.1	179.1	130.2	-2.3	-3.2	153.6	154.6	116.8	116.8	116.1	117.3	100.3	209.0	30.1	0.0	92.7	92.7	40.0	0.0	0.0	62.4	-1.0	0.0	.Autoclave.Outputs.PRESSIP\OutputValue	8.0	48.9	-62.2	-1.0	0.0	-1.0	-1.0	-1.0	0.0	0.0	0.0	-1.0	-1.0	0.0	0.0	0.0	-1.0	0.0
01:58:31	210.1	135.4	140.9	137.2	176.9	176.4	166.2	155.3	128.4	130.0	146.7	135.9	149.4	140.7	158.3	160.0	164.5	166.4	0.6	0.2	0.3	0.1	0.2	39.4	0.0	0.6	0.1	176.9	128.4	-1.6	-3.2	151.1	152.7	115.2	115.2	114.6	116.2	100.2	210.0	31.1	0.0	88.2	88.2	40.0	0.0	0.0	64.1	-1.0	0.0	.Autoclave.Outputs.PRESSIP\OutputValue	8.0	48.5	-61.7	-1.0	0.0	-1.0	-1.0	-1.0	0.0	0.0	0.0	-1.0	-1.0	0.0	0.0	0.0	-1.0	0.0
01:59:31	211.0	133.3	138.8	134.7	174.5	173.6	164.1	152.6	126.1	127.6	144.1	133.8	147.0	138.2	155.6	157.2	161.8	163.6	0.6	0.2	0.3	0.1	0.2	39.3	0.0	0.6	0.1	174.5	126.1	-2.0	-3.1	148.6	150.3	114.1	114.1	113.4	115.0	100.2	211.0	32.1	0.0	83.8	83.7	40.0	0.0	0.0	65.1	-1.0	0.0	.Autoclave.Outputs.PRESSIP\OutputValue	8.0	48.4	-60.4	-1.0	0.0	-1.0	-1.0	-1.0	0.0	0.0	0.0	-1.0	-1.0	0.0	0.0	0.0	-1.0	0.0
02:00:31	212.1	131.4	136.7	133.1	172.2	170.9	161.7	150.1	124.3	126.0	141.6	131.6	144.7	135.8	152.8	154.6	159.0	160.9	0.6	0.2	0.3	0.1	0.2	39.2	0.0	0.6	0.1	172.2	124.3	-1.5	-2.9	146.3	148.3	112.8	112.8	112.1	113.9	100.3	212.0	33.1	0.0	80.0	80.0	40.0	0.0	0.0	66.4	-1.0	0.0	.Autoclave.Outputs.PRESSIP\OutputValue	8.0	47.9	-59.4	-1.0	0.0	-1.0	-1.0	-1.0	0.0	0.0	0.0	-1.0	-1.0	0.0	0.0	0.0	-1.0	0.0
02:01:31	213.1	129.4	134.6	131.4	170.0	168.3	159.3	147.5	122.8	124.4	139.4	129.6	142.2	133.5	150.0	152.2	156.3	158.1	0.7	0.2	0.3	0.1	0.2	39.0	0.0	0.7	0.1	170.0	122.8	-1.6	-2.8	144.1	146.4	111.7	111.6	111.0	112.9	100.2	213.0	34.1	0.0	80.0	80.0	40.0	0.0	0.0	67.7	-1.0	0.0	.Autoclave.Outputs.PRESSIP\OutputValue	8.0	47.2	-58.3	-1.0	0.0	-1.0	-1.0	-1.0	0.0	0.0	0.0	-1.0	-1.0	0.0	0.0	0.0	-1.0	0.0
02:02:31	214.1	127.8	132.9	129.6	167.8	165.7	157.0	145.1	121.5	122.5	137.2	127.8	140.1	131.6	147.4	149.8	153.8	155.7	0.7	0.2	0.3	0.1	0.2	39.6	0.0	0.7	0.1	167.8	121.5	-1.6	-2.7	142.0	144.7	110.7	110.7	110.2	111.9	100.2	214.0	35.1	0.0	80.0	80.0	40.0	0.0	0.0	62.3	-1.0	0.0	.Autoclave.Outputs.PRESSIP\OutputValue	8.0	46.3	-57.1	-1.0	0.0	-1.0	-1.0	-1.0	0.0	0.0	0.0	-1.0	-1.0	0.0	0.0	0.0	-1.0	0.0
02:03:31	215.1	126.0	131.4	127.8	165.7	163.1	155.3	142.8	119.4	120.9	135.1	126.0	138.0	129.5	145.0	147.3	151.3	153.1	0.7	0.2	0.2	0.1	0.2	39.5	0.0	0.7	0.1	165.7	119.4	-1.4	-2.7	139.9	142.6	109.8	109.7	109.1	111.1	100.2	215.0	36.1	0.0	80.0	80.0	40.0	0.0	0.0	63.2	-1.0	0.0	.Autoclave.Outputs.PRESSIP\OutputValue	8.0	46.3	-55.9	-1.0	0.0	-1.0	-1.0	-1.0	0.0	0.0	0.0	-1.0	-1.0	0.0	0.0	0.0	-1.0	0.0
02:04:31	216.1	124.3	129.3	126.0	163.5	160.6	153.1	140.5	118.2	119.1	133.0	124.4	136.0	127.7	142.6	145.1	149.1	150.7	0.8	0.2	0.3	0.2	0.2	39.4	0.0	0.8	0.2	163.5	118.2	-1.2	-2.6	137.8	140.9	108.9	108.8	108.1	110.1	100.2	216.0	37.1	0.0	80.0	80.0	40.0	0.0	0.0	64.5	-1.0	0.0	.Autoclave.Outputs.PRESSIP\OutputValue	8.0	45.3	-54.6	-1.0	0.0	-1.0	-1.0	-1.0	0.0	0.0	0.0	-1.0	-1.0	0.0	0.0	0.0	-1.0	0.0
02:05:31	217.1	122.7	127.6	124.9	161.4	158.3	151.1	138.5	116.7	117.9	131.0	122.8	134.1	126.0	140.4	142.9	146.8	148.5	0.8	0.2	0.3	0.1	0.2	39.3	0.0	0.8	0.1	161.4	116.7	-1.5	-2.4	136.0	139.1	107.9	107.9	107.3	109.4	100.1	217.0	38.1	0.0	80.0	80.0	40.0	0.0	0.0	65.1	-1.0	0.0	.Autoclave.Outputs.PRESSIP\OutputValue	8.0	44.7	-53.5	-1.0	0.0	-1.0	-1.0	-1.0	0.0	0.0	0.0	-1.0	-1.0	0.0	0.0	0.0	-1.0	0.0
02:06:31	218.0	121.4	126.1	122.9	159.4	155.9	149.4	136.3	115.7	116.7	129.2	121.3	132.2	124.2	138.1	140.7	144.5	146.2	0.8	0.2	0.3	0.1	0.2	39.2	0.0	0.8	0.1	159.4	115.7	-1.0	-2.3	134.1	137.6	107.2	107.2	106.5	108.7	100.2	218.0	39.1	0.0	80.0	80.0	40.0	0.0	0.0	66.2	-1.0	0.0	.Autoclave.Outputs.PRESSIP\OutputValue	8.0	43.7	-52.2	-1.0	0.0	-1.0	-1.0	-1.0	0.0	0.0	0.0	-1.0	-1.0	0.0	0.0	0.0	-1.0	0.0
02:07:31	219.1	119.9	124.7	121.6	157.4	153.7	147.4	134.3	114.5	115.3	127.5	119.9	130.5	122.7	136.1	138.8	142.4	143.9	0.9	0.2	0.3	0.2	0.2	39.1	0.0	0.9	0.2	157.4	114.5	-1.1	-2.3	132.4	136.0	106.5	106.4	105.7	107.8	100.2	219.0	40.1	0.0	80.0	80.0	40.0	0.0	0.0	67.0	-1.0	0.0	.Autoclave.Outputs.PRESSIP\OutputValue	8.0	42.9	-50.9	-1.0	0.0	-1.0	-1.0	-1.0	0.0	0.0	0.0	-1.0	-1.0	0.0	0.0	0.0	-1.0	0.0
02:08:31	220.1	119.0	123.1	120.3	155.6	151.5	145.8	132.5	113.4	114.3	126.0	118.5	128.8	121.2	134.1	136.7	140.4	141.9	0.9	0.2	0.3	0.1	0.2	39.0	0.0	0.9	0.1	155.6	113.4	-0.9	-2.3	130.8	134.5	105.7	105.7	105.0	107.3	100.1	220.0	41.1	0.0	80.0	80.0	40.0	0.0	0.0	67.5	-1.0	0.0	.Autoclave.Outputs.PRESSIP\OutputValue	8.0	42.2	-49.9	-1.0	0.0	-1.0	-1.0	-1.0	0.0	0.0	0.0	-1.0	-1.0	0.0	0.0	0.0	-1.0	0.0
02:09:31	221.0	117.7	122.0	119.3	153.4	149.2	144.1	130.7	112.1	113.2	124.4	117.3	127.2	119.7	132.2	134.9	138.4	139.9	0.9	0.2	0.3	0.1	0.2	39.6	0.0	0.9	0.1	153.4	112.1	-1.1	-2.2	129.2	132.8	105.4	105.3	104.6	106.9	100.2	221.0	42.1	0.0	80.0	80.0	40.0	0.0	0.0	62.3	-1.0	0.0	.Autoclave.Outputs.PRESSIP\OutputValue	8.0	41.3	-48.0	-1.0	0.0	-1.0	-1.0	-1.0	0.0	0.0	0.0	-1.0	-1.0	0.0	0.0	0.0	-1.0	0.0
02:10:31	222.1	116.3	120.7	117.8	151.8	147.2	142.5	128.9	111.5	112.2	123.0	116.1	125.6	118.4	130.4	133.2	136.5	137.9	0.9	0.2	0.3	0.1	0.2	39.5	0.0	0.9	0.1	151.8	111.5	-0.9	-2.3	127.6	131.7	104.5	104.5	103.9	106.1	100.2	222.0	43.1	0.0	80.0	80.0	40.0	0.0	0.0	62.8	-1.0	0.0	.Autoclave.Outputs.PRESSIP\OutputValue	8.0	40.3	-47.3	-1.0	0.0	-1.0	-1.0	-1.0	0.0	0.0	0.0	-1.0	-1.0	0.0	0.0	0.0	-1.0	0.0
02:11:31	223.1	115.2	119.6	117.0	149.7	145.0	140.9	127.5	110.4	111.0	121.5	114.9	124.1	117.1	128.6	131.4	134.7	136.0	1.0	0.2	0.3	0.1	0.2	39.4	0.0	1.0	0.1	149.7	110.4	-0.6	-2.2	126.1	130.1	103.9	103.9	103.3	105.7	100.1	223.0	44.1	0.0	80.0	80.0	40.0	0.0	0.0	63.8	-1.0	0.0	.Autoclave.Outputs.PRESSIP\OutputValue	8.0	39.3	-45.8	-1.0	0.0	-1.0	-1.0	-1.0	0.0	0.0	0.0	-1.0	-1.0	0.0	0.0	0.0	-1.0	0.0
02:12:31	224.0	114.3	118.3	115.9	148.3	143.1	139.4	125.9	109.3	110.3	120.2	113.9	122.6	115.9	127.0	129.8	133.0	134.2	1.0	0.2	0.3	0.2	0.2	39.4	0.1	1.0	0.2	148.3	109.3	-0.7	-2.1	124.8	128.8	103.4	103.4	102.6	105.1	100.2	224.0	45.1	0.0	80.0	80.0	40.0	0.0	0.0	64.0	-1.0	0.0	.Autoclave.Outputs.PRESSIP\OutputValue	8.0	39.0	-44.9	-1.0	0.0	-1.0	-1.0	-1.0	0.0	0.0	0.0	-1.0	-1.0	0.0	0.0	0.0	-1.0	0.0
02:12:44	224.3	114.0	117.9	115.7	147.9	142.7	139.1	125.6	109.6	110.1	119.9	113.6	122.4	115.6	126.6	129.6	132.6	133.8	1.0	0.2	0.3	0.1	0.2	39.4	0.1	1.0	0.1	147.9	109.6	-0.6	-2.1	124.5	128.8	103.2	103.2	102.6	104.9	100.2	224.2	45.3	0.0	80.0	80.0	40.0	0.0	0.0	64.1	-1.0	0.0	.Autoclave.Outputs.PRESSIP\OutputValue	8.0	38.3	-44.8	-1.0	0.0	-1.0	-1.0	-1.0	0.0	0.0	0.0	-1.0	-1.0	0.0	0.0	0.0	-1.0	0.0
02:13:31	225.1	112.7	116.6	114.1	146.6	141.1	137.7	124.2	109.0	109.3	118.5	112.6	120.9	114.6	125.3	127.9	131.0	132.3	0.9	0.2	0.3	0.1	0.2	32.4	0.0	0.9	0.1	146.6	109.0	-1.0	-1.9	123.2	127.8	100.3	100.3	99.6	101.1	99.3	225.0	0.8	0.0	80.0	80.0	32.0	0.0	0.0	54.4	-1.0	0.0	.Autoclave.Outputs.PRESSIP\OutputValue	7.1	37.6	-46.3	-1.0	0.0	-1.0	-1.0	-1.0	0.0	0.0	0.0	-1.0	-1.0	-1.0	0.0	0.0	-1.0	0.0
02:14:31	226.1	111.1	115.0	112.4	145.1	139.1	136.1	122.6	107.4	108.1	116.9	111.0	119.1	112.9	123.6	126.4	129.4	130.6	0.6	0.2	0.2	0.1	0.2	22.4	0.0	0.6	0.1	145.1	107.4	-1.0	-2.2	121.6	126.3	96.7	96.8	96.1	97.5	98.5	226.0	1.8	0.0	80.0	80.0	22.1	0.0	0.0	50.6	-1.0	0.0	.Autoclave.Outputs.PRESSIP\OutputValue	5.8	37.7	-48.4	-1.0	0.0	-1.0	-1.0	-1.0	0.0	0.0	0.0	-1.0	-1.0	-1.0	0.0	0.0	-1.0	0.0
02:15:31	227.0	109.8	113.4	111.4	143.8	137.0	135.2	121.3	105.9	106.9	115.6	109.8	117.8	111.5	122.2	125.1	127.9	129.2	0.4	0.1	0.1	0.1	0.1	12.8	0.0	0.4	0.1	143.8	105.9	-1.0	-1.9	120.2	124.9	93.8	93.8	93.1	94.9	97.7	227.0	2.8	0.0	80.0	80.0	12.0	0.0	0.0	47.2	-1.0	0.0	.Autoclave.Outputs.PRESSIP\OutputValue	4.3	37.9	-50.0	-1.0	0.0	-1.0	-1.0	-1.0	0.0	0.0	0.0	-1.0	-1.0	-1.0	0.0	0.0	-1.0	0.0
02:16:31	228.1	108.7	112.7	110.5	143.2	135.2	134.6	120.3	104.6	105.5	114.5	108.6	117.0	110.4	121.0	124.1	126.6	127.8	0.1	0.2	0.1	0.1	0.1	4.0	0.0	0.2	0.1	143.2	104.6	-0.5	-1.8	119.1	123.9	91.2	91.2	90.6	92.6	96.9	228.0	3.8	0.0	80.0	80.0	2.0	0.0	0.0	32.6	-1.0	0.0	.Autoclave.Outputs.PRESSIP\OutputValue	2.2	38.6	-52.0	-1.0	0.0	-1.0	-1.0	-1.0	0.0	0.0	0.0	-1.0	-1.0	-1.0	0.0	0.0	-1.0	0.0
02:17:12	228.7	108.5	112.4	110.5	143.2	134.3	134.2	119.9	103.6	104.8	114.0	108.2	116.9	109.8	120.5	123.8	125.9	127.1	0.0	0.1	0.1	0.1	0.0	1.0	0.0	0.1	0.0	143.2	103.6	-0.3	-1.5	118.7	123.4	91.0	91.0	90.2	93.0	96.9	228.7	4.5	0.0	80.0	80.0	0.0	0.0	0.0	39.3	-1.0	0.0	.Autoclave.Outputs.PRESSIP\OutputValue	-0.5	39.6	-52.3	-1.0	0.0	-1.0	-1.0	-1.0	0.0	0.0	0.0	-1.0	-1.0	-1.0	0.0	0.0	-1.0	0.0
