

Time	Elapsed	PTC10	PTC11	PTC12	PTC13	PTC14	PTC15	VPRB2	VPRB3	PRESS	SVAC	HIPRB	LOPRB	HITC	LOTC	HIRATE	LORATE	AVGTC	MEAN	AIRTC	AIRTC1	AIRTC2	HILIMTC	CAPSTC	RUNTIME	SEGTIME	SEGTIMELEFT	TSET_AIR	TSET_PART	PSET	TEMPOUT	TEMPINT	PRESSOUT	COOLIP	SCROUT	PRESSIP	PRESSINT	SPREAD	AIRPARTDELTA	CAPSFLOW	SILENCE	BARLOCK	HIPSI	FANON	HYDON	FANSTARTSTOPPB	HYDPMPSTARTSTOPPB	COOLCNTRLONOFFSW	PRESSCNTRLONOFFSW	PRESSDUMPSW	PCMANUALSW	HILIMIT	BLWRMTRHILIMIT	MANINSIDE
HH:MM:SS	Mins	Deg.F	Deg.F	Deg.F	Deg.F	Deg.F	Deg.F	"Hg	"Hg	Psig	"Hg			Deg.F	Deg.F	Deg.F	Deg.F	Deg.F	Deg.F	Deg.F	Deg.F	Deg.F	Deg.F	Deg.F	Mins	Mins	Mins	Deg.F	Deg.F	Psig				%	%	%	%	Deg.F	Deg.F															
01:06:14	0.0	73.8	74.1	74.3	67.5	73.4	72.1	-27.7	-27.9	-0.4	-28.1	-27.8	-27.9	74.3	67.7	0.2	0.1	72.6	71.0	88.7	88.7	88.1	100.2	99.3	557.1	0.0	0.0	70.0	70.0	0.0	0.0	0.0	50.0	0.0	0.0	.Autoclave.Outputs.PRESSIP\OutputValue	8.0	6.6	14.4	-1.0	0.0	-1.0	-1.0	0.0	0.0	0.0	0.0	-1.0	-1.0	-1.0	0.0	0.0	-1.0	0.0
01:06:16	0.0	73.8	74.1	74.3	67.5	73.4	72.1	-27.7	-27.9	-0.4	-28.1	-27.8	-27.9	74.3	67.7	0.2	0.1	72.6	71.0	88.7	88.7	88.1	100.2	99.3	557.1	0.0	0.0	70.0	70.0	0.0	0.0	0.0	50.0	0.0	0.0	.Autoclave.Outputs.PRESSIP\OutputValue	8.0	6.6	14.4	-1.0	0.0	-1.0	-1.0	0.0	0.0	0.0	0.0	-1.0	-1.0	-1.0	0.0	0.0	-1.0	0.0
01:06:18	0.1	73.8	74.1	74.3	67.5	73.4	72.1	-27.7	-27.9	-0.4	-28.1	-27.7	-27.9	74.3	67.5	0.2	0.1	72.5	70.9	88.7	88.8	88.1	100.2	99.4	557.1	0.0	0.0	70.0	70.0	0.0	0.0	0.0	50.0	0.0	0.0	.Autoclave.Outputs.PRESSIP\OutputValue	8.0	6.8	14.4	-1.0	0.0	-1.0	-1.0	0.0	0.0	0.0	0.0	-1.0	-1.0	-1.0	0.0	0.0	-1.0	0.0
01:06:18	0.1	73.8	74.1	74.3	67.5	73.4	72.1	-27.7	-27.9	-0.4	-28.1	-27.7	-27.9	74.3	67.5	0.2	0.1	72.5	70.9	88.7	88.8	88.1	100.2	99.4	557.1	0.0	0.0	70.0	70.0	0.0	0.0	0.0	50.0	0.0	0.0	.Autoclave.Outputs.PRESSIP\OutputValue	8.0	6.8	14.4	-1.0	0.0	-1.0	-1.0	0.0	0.0	0.0	0.0	-1.0	-1.0	-1.0	0.0	0.0	-1.0	0.0
01:07:18	1.1	74.6	74.9	74.6	69.4	75.0	74.7	-27.8	-27.8	1.1	-28.1	-27.8	-27.8	75.0	69.4	2.6	0.4	73.9	72.2	90.2	90.2	89.5	93.7	97.2	1.0	1.0	0.0	82.6	78.9	1.5	0.0	0.0	62.0	-1.0	0.0	.Autoclave.Outputs.PRESSIP\OutputValue	8.0	5.6	15.2	-1.0	0.0	-1.0	-1.0	-1.0	0.0	0.0	0.0	-1.0	-1.0	0.0	0.0	0.0	-1.0	0.0
01:08:18	2.1	74.9	75.3	75.1	69.4	75.8	75.7	-27.8	-27.9	2.6	-28.0	-27.8	-27.9	75.8	69.4	1.1	0.4	74.4	72.6	90.6	90.5	89.9	93.4	97.1	2.0	2.0	0.0	91.0	83.4	3.0	50.4	-0.3	62.1	0.0	0.8	.Autoclave.Outputs.PRESSIP\OutputValue	8.0	6.4	14.8	-1.0	0.0	-1.0	-1.0	-1.0	0.0	0.0	0.0	-1.0	-1.0	0.0	0.0	0.0	-1.0	0.0
01:09:18	3.1	76.1	76.4	76.0	68.8	76.7	77.7	-27.8	-27.9	3.6	-28.1	-27.8	-27.9	77.7	68.8	1.7	0.7	75.3	73.2	96.2	96.2	95.5	106.4	97.0	3.0	3.0	0.0	97.9	87.9	4.5	59.4	-0.1	67.3	0.0	18.8	.Autoclave.Outputs.PRESSIP\OutputValue	8.0	8.9	18.5	-1.0	0.0	-1.0	-1.0	-1.0	0.0	0.0	0.0	-1.0	-1.0	0.0	0.0	0.0	-1.0	0.0
01:10:18	4.1	77.2	77.6	76.9	70.5	78.1	79.9	-27.7	-27.9	5.1	-28.1	-27.7	-27.9	79.9	70.5	2.3	-0.5	76.7	75.2	102.9	102.9	102.1	114.6	97.0	4.1	4.0	0.0	104.9	92.4	6.0	61.0	0.1	67.1	0.0	22.0	.Autoclave.Outputs.PRESSIP\OutputValue	8.0	9.4	23.0	-1.0	0.0	-1.0	-1.0	-1.0	0.0	0.0	0.0	-1.0	-1.0	0.0	0.0	0.0	-1.0	0.0
01:11:18	5.1	78.9	78.9	78.1	72.6	79.7	82.2	-27.7	-27.9	6.7	-28.1	-27.7	-27.9	82.2	72.6	2.8	1.3	78.4	77.4	109.4	109.4	108.8	121.2	97.2	5.0	5.0	0.0	111.6	96.9	7.5	63.0	0.3	66.4	0.0	26.1	.Autoclave.Outputs.PRESSIP\OutputValue	8.0	9.6	27.2	-1.0	0.0	-1.0	-1.0	-1.0	0.0	0.0	0.0	-1.0	-1.0	0.0	0.0	0.0	-1.0	0.0
01:12:18	6.1	80.6	80.8	79.6	74.2	81.7	84.6	-27.7	-27.9	8.4	-28.1	-27.7	-27.9	84.6	74.2	2.5	1.5	80.3	79.4	115.9	115.9	115.3	128.7	97.3	6.1	6.0	0.0	118.3	101.4	9.0	63.3	0.5	63.9	0.0	26.7	.Autoclave.Outputs.PRESSIP\OutputValue	8.0	10.4	31.3	-1.0	0.0	-1.0	-1.0	-1.0	0.0	0.0	0.0	-1.0	-1.0	0.0	0.0	0.0	-1.0	0.0
01:13:11	7.0	82.2	82.4	81.2	75.4	84.3	86.7	-27.7	-27.9	10.0	-28.1	-27.7	-27.9	86.7	75.4	2.6	0.5	82.0	81.0	121.7	121.9	121.3	133.8	97.3	6.9	6.9	0.0	123.7	105.3	10.3	61.4	0.7	61.5	0.0	22.8	.Autoclave.Outputs.PRESSIP\OutputValue	8.0	11.3	34.8	-1.0	0.0	-1.0	-1.0	-1.0	0.0	0.0	0.0	-1.0	-1.0	0.0	0.0	0.0	-1.0	0.0
01:13:18	7.1	82.5	82.6	81.3	75.1	84.2	87.1	-27.7	-27.9	10.0	-28.1	-27.7	-27.9	87.1	75.1	2.6	-0.1	82.1	81.1	122.5	122.5	121.9	133.7	97.4	7.0	0.1	0.0	124.6	105.9	10.5	62.1	0.7	63.2	0.0	24.1	.Autoclave.Outputs.PRESSIP\OutputValue	8.0	12.0	35.4	-1.0	0.0	-1.0	-1.0	-1.0	0.0	0.0	0.0	-1.0	-1.0	0.0	0.0	0.0	-1.0	0.0
01:14:18	8.1	84.7	84.9	83.6	77.7	85.6	89.9	-27.6	-27.2	11.4	-26.9	-27.2	-27.6	89.9	77.7	3.0	1.0	84.4	83.8	128.2	128.4	127.7	141.8	97.4	8.0	1.1	0.0	130.8	110.4	12.0	66.3	1.0	65.8	0.0	32.6	.Autoclave.Outputs.PRESSIP\OutputValue	8.0	12.2	38.3	-1.0	0.0	-1.0	-1.0	-1.0	0.0	0.0	0.0	-1.0	-1.0	0.0	0.0	0.0	-1.0	0.0
01:15:18	9.1	87.6	87.4	86.1	80.2	87.9	93.0	-23.8	-22.0	12.7	-22.0	-22.0	-23.8	93.0	80.2	3.1	1.3	87.0	86.6	134.3	134.3	133.6	147.1	97.5	9.1	2.1	0.0	136.8	114.9	13.5	66.0	1.2	66.2	0.0	32.0	.Autoclave.Outputs.PRESSIP\OutputValue	8.0	12.8	41.3	-1.0	0.0	-1.0	-1.0	-1.0	0.0	0.0	0.0	-1.0	-1.0	0.0	0.0	0.0	-1.0	0.0
01:16:18	10.1	90.2	90.2	88.9	81.5	90.3	96.1	-17.8	-16.8	14.4	-16.8	-16.8	-17.8	96.1	81.5	3.3	2.2	89.5	88.8	140.4	140.3	139.6	152.2	97.5	10.1	3.1	0.0	142.6	119.4	15.0	64.2	1.4	64.2	0.0	28.5	.Autoclave.Outputs.PRESSIP\OutputValue	8.0	14.6	44.3	-1.0	0.0	-1.0	-1.0	-1.0	0.0	0.0	0.0	-1.0	-1.0	0.0	0.0	0.0	-1.0	0.0
01:17:18	11.1	93.0	92.7	91.5	85.5	93.6	99.3	-12.4	-11.6	16.2	-11.7	-11.6	-12.4	99.3	85.5	4.6	2.2	92.6	92.4	146.0	146.0	145.3	159.5	97.7	11.1	4.1	0.0	148.4	123.9	16.5	65.2	1.7	61.5	0.0	30.4	.Autoclave.Outputs.PRESSIP\OutputValue	8.0	13.8	46.7	-1.0	0.0	-1.0	-1.0	-1.0	0.0	0.0	0.0	-1.0	-1.0	0.0	0.0	0.0	-1.0	0.0
01:18:18	12.1	95.8	95.7	94.4	84.1	95.3	102.6	-7.4	-6.8	17.1	-6.9	-6.8	-7.4	102.6	84.1	3.2	-0.4	94.7	93.3	151.6	151.6	150.9	164.0	97.7	12.1	5.1	0.0	154.2	128.4	18.0	67.4	1.9	67.1	0.0	34.8	.Autoclave.Outputs.PRESSIP\OutputValue	8.0	18.5	49.0	-1.0	0.0	-1.0	-1.0	-1.0	0.0	0.0	0.0	-1.0	-1.0	0.0	0.0	0.0	-1.0	0.0
01:19:18	13.1	99.2	99.1	97.7	89.7	97.9	105.7	-3.4	-2.9	18.9	-3.0	-2.9	-3.4	105.7	89.7	3.5	2.3	98.2	97.7	156.9	156.9	156.4	171.0	97.9	13.0	6.1	0.0	159.8	132.9	19.5	69.5	2.2	64.2	0.0	38.9	.Autoclave.Outputs.PRESSIP\OutputValue	8.0	16.0	51.2	-1.0	0.0	-1.0	-1.0	-1.0	0.0	0.0	0.0	-1.0	-1.0	0.0	0.0	0.0	-1.0	0.0
01:20:18	14.1	102.7	102.4	101.1	91.9	101.6	109.6	-1.4	-1.2	20.7	-1.3	-1.2	-1.4	109.6	91.9	4.0	3.2	101.6	100.7	162.8	162.9	162.3	175.6	97.9	14.0	7.1	0.0	165.4	137.4	21.0	66.9	2.4	60.9	0.0	33.8	.Autoclave.Outputs.PRESSIP\OutputValue	8.0	17.7	53.2	-1.0	0.0	-1.0	-1.0	-1.0	0.0	0.0	0.0	-1.0	-1.0	0.0	0.0	0.0	-1.0	0.0
01:21:18	15.1	106.2	106.2	105.0	95.2	104.0	113.2	-0.7	-0.6	21.8	-0.6	-0.6	-0.7	113.2	95.2	3.9	2.4	105.0	104.2	168.3	168.4	167.7	181.0	97.9	15.0	8.1	0.0	170.5	141.9	22.5	66.6	2.7	65.2	0.0	33.2	.Autoclave.Outputs.PRESSIP\OutputValue	8.0	18.0	55.1	-1.0	0.0	-1.0	-1.0	-1.0	0.0	0.0	0.0	-1.0	-1.0	0.0	0.0	0.0	-1.0	0.0
01:22:18	16.1	109.7	109.9	108.6	98.0	107.6	117.3	-0.3	-0.2	23.5	-0.3	-0.2	-0.3	117.3	98.0	4.0	2.4	108.5	107.6	173.7	173.7	173.2	186.0	98.0	16.0	9.1	0.0	175.7	146.4	24.0	64.8	2.9	62.6	0.0	29.6	.Autoclave.Outputs.PRESSIP\OutputValue	8.0	19.3	56.4	-1.0	0.0	-1.0	-1.0	-1.0	0.0	0.0	0.0	-1.0	-1.0	0.0	0.0	0.0	-1.0	0.0
01:23:18	17.1	113.6	113.8	112.6	100.8	110.1	120.7	-0.2	-0.1	24.6	-0.2	-0.1	-0.2	120.7	100.8	4.1	2.3	111.9	110.7	178.4	178.5	177.9	190.7	98.0	17.1	10.1	0.0	180.8	150.9	25.5	67.7	3.2	67.1	0.0	35.5	.Autoclave.Outputs.PRESSIP\OutputValue	8.0	19.9	57.7	-1.0	0.0	-1.0	-1.0	-1.0	0.0	0.0	0.0	-1.0	-1.0	0.0	0.0	0.0	-1.0	0.0
01:24:18	18.1	117.6	118.1	116.8	104.6	114.1	125.0	-0.1	0.0	26.3	-0.1	0.0	-0.1	125.0	104.6	4.4	3.0	116.0	114.8	184.1	184.1	183.7	196.0	98.0	18.1	11.1	0.0	186.1	155.4	27.0	64.7	3.4	65.4	0.0	29.5	.Autoclave.Outputs.PRESSIP\OutputValue	8.0	20.4	59.1	-1.0	0.0	-1.0	-1.0	-1.0	0.0	0.0	0.0	-1.0	-1.0	0.0	0.0	0.0	-1.0	0.0
01:25:18	19.1	122.2	122.4	121.2	107.5	116.7	128.1	-0.1	0.0	28.0	-0.1	0.0	-0.1	128.1	107.5	4.7	2.5	119.7	117.8	189.0	189.1	188.6	201.9	98.0	19.0	12.1	0.0	191.8	159.9	28.5	70.0	3.7	63.0	0.0	40.0	.Autoclave.Outputs.PRESSIP\OutputValue	8.0	20.6	60.9	-1.0	0.0	-1.0	-1.0	-1.0	0.0	0.0	0.0	-1.0	-1.0	0.0	0.0	0.0	-1.0	0.0
01:26:18	20.1	126.6	126.8	125.9	110.9	119.9	132.0	-0.1	0.0	29.1	-0.1	0.0	-0.1	132.0	110.9	4.5	2.6	123.7	121.4	194.3	194.2	193.6	208.8	97.9	20.0	13.1	0.0	196.7	164.4	30.0	67.0	4.0	67.6	0.0	34.1	.Autoclave.Outputs.PRESSIP\OutputValue	8.0	21.1	62.3	-1.0	0.0	-1.0	-1.0	-1.0	0.0	0.0	0.0	-1.0	-1.0	0.0	0.0	0.0	-1.0	0.0
01:27:18	21.1	130.6	131.1	130.5	114.0	123.5	136.4	-0.1	0.0	30.8	-0.1	0.0	-0.1	136.4	114.0	4.6	3.3	127.7	125.2	198.8	198.8	198.4	211.9	98.0	21.0	14.1	0.0	201.3	168.9	31.5	69.3	4.2	64.9	0.0	38.6	.Autoclave.Outputs.PRESSIP\OutputValue	8.0	22.4	62.4	-1.0	0.0	-1.0	-1.0	-1.0	0.0	0.0	0.0	-1.0	-1.0	0.0	0.0	0.0	-1.0	0.0
01:28:18	22.1	134.9	135.5	135.0	117.2	127.3	140.6	0.0	0.0	32.5	-0.1	0.0	0.0	140.6	117.2	4.7	3.4	131.7	128.9	203.4	203.4	203.0	216.7	98.2	22.1	15.1	0.0	205.9	173.4	33.0	68.9	4.4	63.4	0.0	37.8	.Autoclave.Outputs.PRESSIP\OutputValue	8.0	23.4	62.8	-1.0	0.0	-1.0	-1.0	-1.0	0.0	0.0	0.0	-1.0	-1.0	0.0	0.0	0.0	-1.0	0.0
01:29:18	23.1	139.3	140.0	139.9	121.5	132.0	144.7	-0.1	0.0	34.1	-0.1	0.0	-0.1	144.7	121.5	4.9	4.4	136.2	133.1	208.5	208.6	208.1	221.1	98.3	23.0	16.1	0.0	211.1	177.9	34.5	69.0	4.7	61.6	0.0	38.1	.Autoclave.Outputs.PRESSIP\OutputValue	8.0	23.2	63.8	-1.0	0.0	-1.0	-1.0	-1.0	0.0	0.0	0.0	-1.0	-1.0	0.0	0.0	0.0	-1.0	0.0
01:30:18	24.1	144.2	144.9	144.8	125.2	134.2	149.1	-0.1	0.0	35.2	-0.7	0.0	-0.1	149.1	125.2	4.9	2.3	140.4	137.1	212.7	212.8	212.4	225.1	98.3	24.1	17.1	0.0	215.5	182.4	36.0	73.4	4.9	66.3	0.0	46.9	.Autoclave.Outputs.PRESSIP\OutputValue	8.0	23.9	63.6	-1.0	0.0	-1.0	-1.0	-1.0	0.0	0.0	0.0	-1.0	-1.0	0.0	0.0	0.0	-1.0	0.0
01:31:18	25.1	148.4	149.7	149.7	128.5	138.3	153.1	0.0	0.1	37.0	-0.1	0.1	0.0	153.1	128.5	4.9	3.2	144.6	140.8	217.6	217.7	217.1	231.3	98.4	25.0	18.1	0.0	220.6	186.9	37.5	76.2	5.1	63.0	0.0	52.3	.Autoclave.Outputs.PRESSIP\OutputValue	8.0	24.6	64.5	-1.0	0.0	-1.0	-1.0	-1.0	0.0	0.0	0.0	-1.0	-1.0	0.0	0.0	0.0	-1.0	0.0
01:32:18	26.1	153.4	154.4	154.7	132.8	143.2	157.6	0.0	0.0	38.3	-0.1	0.0	0.0	157.6	132.8	5.1	3.4	149.3	145.2	222.7	222.7	222.2	235.3	98.3	26.0	19.1	0.0	225.3	191.4	39.0	71.5	5.4	67.0	0.0	43.0	.Autoclave.Outputs.PRESSIP\OutputValue	8.0	24.8	65.1	-1.0	0.0	-1.0	-1.0	-1.0	0.0	0.0	0.0	-1.0	-1.0	0.0	0.0	0.0	-1.0	0.0
01:33:18	27.1	158.6	159.1	159.6	136.3	147.0	160.8	0.0	0.1	39.8	-0.1	0.1	0.0	160.8	136.3	5.2	3.3	153.6	148.5	228.0	228.1	227.7	241.1	98.5	27.1	20.1	0.0	230.6	195.9	40.0	68.8	5.6	60.0	0.0	37.5	.Autoclave.Outputs.PRESSIP\OutputValue	8.0	24.5	67.2	-1.0	0.0	-1.0	-1.0	-1.0	0.0	0.0	0.0	-1.0	-1.0	0.0	0.0	0.0	-1.0	0.0
01:34:18	28.1	163.5	164.6	164.7	140.2	152.1	165.6	0.0	0.0	40.1	-0.1	0.0	0.0	165.6	140.2	7.0	3.7	158.4	152.9	232.7	232.7	232.0	245.7	98.4	28.1	21.1	0.0	235.3	200.4	40.0	65.7	5.9	56.8	0.0	31.4	.Autoclave.Outputs.PRESSIP\OutputValue	8.0	25.4	67.1	-1.0	0.0	-1.0	-1.0	-1.0	0.0	0.0	0.0	-1.0	-1.0	0.0	0.0	0.0	-1.0	0.0
01:35:18	29.1	168.6	170.0	169.8	145.1	153.8	169.4	0.0	0.0	40.4	-0.1	0.0	0.0	170.0	145.1	5.4	4.0	162.8	157.5	237.3	237.3	236.7	249.9	98.3	29.1	22.1	0.0	239.8	204.9	40.0	71.3	6.1	53.2	0.0	42.6	.Autoclave.Outputs.PRESSIP\OutputValue	7.5	24.9	67.3	-1.0	0.0	-1.0	-1.0	-1.0	0.0	0.0	0.0	-1.0	-1.0	0.0	0.0	0.0	-1.0	0.0
01:36:18	30.1	173.8	174.7	175.0	149.1	158.2	174.0	0.0	0.0	40.7	-0.1	0.0	0.0	175.0	149.1	5.3	3.9	167.5	162.0	241.6	241.7	241.1	254.4	98.4	30.1	23.1	0.0	244.0	209.4	40.0	68.9	6.3	48.9	0.0	37.9	.Autoclave.Outputs.PRESSIP\OutputValue	6.3	25.9	66.6	-1.0	0.0	-1.0	-1.0	-1.0	0.0	0.0	0.0	-1.0	-1.0	0.0	0.0	0.0	-1.0	0.0
01:37:18	31.1	178.2	179.3	179.9	152.8	162.0	177.7	0.0	0.0	39.7	-0.1	0.0	0.0	179.9	152.8	5.0	2.3	171.6	166.3	245.7	245.7	245.0	257.4	98.2	31.0	24.1	0.0	247.9	213.9	40.0	68.9	6.5	57.5	0.0	37.8	.Autoclave.Outputs.PRESSIP\OutputValue	4.7	27.1	65.8	-1.0	0.0	-1.0	-1.0	-1.0	0.0	0.0	0.0	-1.0	-1.0	-1.0	0.0	0.0	-1.0	0.0
01:38:18	32.1	183.0	184.4	184.9	157.5	165.0	181.2	0.0	0.0	40.1	-0.1	0.0	0.0	184.9	157.5	5.2	3.9	176.0	171.2	250.0	250.0	249.3	261.4	98.2	32.0	25.1	0.0	251.9	218.4	40.0	67.7	6.8	53.7	0.0	35.4	.Autoclave.Outputs.PRESSIP\OutputValue	4.7	27.4	65.1	-1.0	0.0	-1.0	-1.0	-1.0	0.0	0.0	0.0	-1.0	-1.0	0.0	0.0	0.0	-1.0	0.0
01:39:18	33.1	187.8	189.1	189.8	161.1	168.9	185.7	0.0	0.0	40.4	-0.1	0.0	0.0	189.8	161.1	4.9	3.7	180.4	175.4	254.1	254.1	253.3	265.7	98.3	33.1	26.1	0.0	255.9	222.9	40.0	66.9	7.0	49.9	0.0	33.7	.Autoclave.Outputs.PRESSIP\OutputValue	4.1	28.7	64.3	-1.0	0.0	-1.0	-1.0	-1.0	0.0	0.0	0.0	-1.0	-1.0	0.0	0.0	0.0	-1.0	0.0
01:40:18	34.1	191.6	193.6	194.5	165.3	173.2	189.5	0.0	0.0	40.7	-0.1	0.0	0.0	194.5	165.3	4.9	3.7	184.6	179.9	258.6	258.5	257.8	270.0	98.3	34.1	27.1	0.0	260.2	227.4	40.0	65.6	7.2	45.9	0.0	31.2	.Autoclave.Outputs.PRESSIP\OutputValue	3.0	29.2	64.1	-1.0	0.0	-1.0	-1.0	-1.0	0.0	0.0	0.0	-1.0	-1.0	0.0	0.0	0.0	-1.0	0.0
01:41:18	35.1	196.6	198.1	199.4	169.3	177.4	193.1	0.0	0.0	41.0	-0.1	0.0	0.0	199.4	169.3	5.0	4.1	189.0	184.3	262.4	262.4	261.6	274.3	98.4	35.1	28.1	0.0	264.4	231.9	40.0	67.8	7.4	41.5	0.0	35.6	.Autoclave.Outputs.PRESSIP\OutputValue	1.2	30.1	63.0	-1.0	0.0	-1.0	-1.0	-1.0	0.0	0.0	0.0	-1.0	-1.0	0.0	0.0	0.0	-1.0	0.0
01:42:18	36.1	201.5	203.0	204.2	173.2	179.9	196.7	0.1	0.0	40.1	-0.1	0.1	0.0	204.2	173.2	4.9	2.6	193.1	188.7	266.6	266.7	266.0	279.6	98.2	36.0	29.1	0.0	268.5	236.4	40.0	67.8	7.6	49.5	0.0	35.7	.Autoclave.Outputs.PRESSIP\OutputValue	1.0	31.0	62.4	-1.0	0.0	-1.0	-1.0	-1.0	0.0	0.0	0.0	-1.0	-1.0	0.0	0.0	0.0	-1.0	0.0
01:43:18	37.1	205.8	207.5	209.0	177.2	184.4	202.3	0.0	0.0	40.4	-0.1	0.0	0.0	209.0	177.2	5.6	4.1	197.7	193.1	270.8	270.8	270.0	283.8	98.4	37.1	30.1	0.0	272.8	240.9	40.0	68.8	7.8	46.5	0.0	37.7	.Autoclave.Outputs.PRESSIP\OutputValue	0.5	31.8	61.8	-1.0	0.0	-1.0	-1.0	-1.0	0.0	0.0	0.0	-1.0	-1.0	0.0	0.0	0.0	-1.0	0.0
01:43:51	37.6	208.2	210.0	211.6	180.2	186.0	204.9	0.1	0.1	40.6	-0.1	0.1	0.1	211.6	180.2	4.8	3.9	200.2	195.9	273.0	273.1	272.3	286.4	98.4	37.6	30.6	0.0	275.2	243.3	40.0	68.6	7.9	44.1	0.0	37.2	.Autoclave.Outputs.PRESSIP\OutputValue	0.0	31.4	61.7	-1.0	0.0	-1.0	-1.0	-1.0	0.0	0.0	0.0	-1.0	-1.0	0.0	0.0	0.0	-1.0	0.0
01:44:18	38.1	210.4	211.9	213.8	182.1	188.3	206.7	0.0	0.0	40.7	-0.1	0.0	0.0	213.8	182.1	4.9	3.4	202.2	197.9	274.9	274.9	274.0	287.6	98.4	38.0	0.5	0.0	276.9	245.4	40.0	69.5	8.0	42.6	0.0	39.1	.Autoclave.Outputs.PRESSIP\OutputValue	-0.6	31.7	61.1	-1.0	0.0	-1.0	-1.0	-1.0	0.0	0.0	0.0	-1.0	-1.0	0.0	0.0	0.0	-1.0	0.0
01:45:18	39.1	215.3	216.9	218.6	185.9	191.2	211.0	0.0	0.0	40.9	-0.1	0.0	0.0	218.6	185.9	4.9	3.7	206.5	202.2	279.6	279.6	278.9	291.1	98.5	39.1	1.5	0.0	281.2	249.9	40.0	66.4	8.2	38.6	0.0	32.9	.Autoclave.Outputs.PRESSIP\OutputValue	-2.3	32.7	61.0	-1.0	0.0	-1.0	-1.0	-1.0	0.0	0.0	0.0	-1.0	-1.0	0.0	0.0	0.0	-1.0	0.0
01:46:18	40.1	220.0	221.5	223.1	189.4	195.3	215.1	0.1	0.1	40.1	-0.1	0.1	0.1	223.1	189.4	4.7	4.0	210.7	206.2	283.9	284.0	283.2	296.7	98.3	40.0	2.5	0.0	285.7	254.4	40.0	67.2	8.4	46.2	0.0	34.4	.Autoclave.Outputs.PRESSIP\OutputValue	-2.7	33.7	60.8	-1.0	0.0	-1.0	-1.0	-1.0	0.0	0.0	0.0	-1.0	-1.0	0.0	0.0	0.0	-1.0	0.0
01:47:18	41.1	224.5	226.1	228.0	194.4	199.2	219.4	0.1	0.0	40.4	-0.1	0.1	0.0	228.0	194.4	5.3	3.7	215.3	211.2	287.9	287.9	287.2	301.1	98.4	41.1	3.5	0.0	289.7	258.9	40.0	67.5	8.6	42.9	0.0	35.0	.Autoclave.Outputs.PRESSIP\OutputValue	-3.2	33.7	59.9	-1.0	0.0	-1.0	-1.0	-1.0	0.0	0.0	0.0	-1.0	-1.0	0.0	0.0	0.0	-1.0	0.0
01:48:18	42.1	228.7	230.2	232.4	197.3	203.0	222.4	0.1	0.1	40.4	-0.1	0.1	0.1	232.4	197.3	4.7	3.3	219.0	214.8	289.4	289.4	288.7	299.5	98.4	42.1	4.5	0.0	290.0	263.4	40.0	60.4	8.7	42.0	0.0	20.9	.Autoclave.Outputs.PRESSIP\OutputValue	-4.0	35.2	57.0	-1.0	0.0	-1.0	-1.0	-1.0	0.0	0.0	0.0	-1.0	-1.0	0.0	0.0	0.0	-1.0	0.0
01:49:18	43.1	232.7	234.2	236.5	200.8	206.7	225.4	0.1	0.0	40.4	-0.1	0.1	0.0	236.5	200.8	4.3	3.0	222.7	218.6	289.7	289.7	288.9	298.9	98.5	43.1	5.5	0.0	290.0	267.9	40.0	58.5	8.8	41.0	0.0	17.0	.Autoclave.Outputs.PRESSIP\OutputValue	-4.8	35.8	53.2	-1.0	0.0	-1.0	-1.0	-1.0	0.0	0.0	0.0	-1.0	-1.0	0.0	0.0	0.0	-1.0	0.0
01:50:18	44.1	236.1	237.9	240.3	204.3	208.9	228.4	0.1	0.0	40.4	-0.1	0.1	0.0	240.3	204.3	3.9	2.9	226.0	222.3	289.8	289.8	289.1	298.0	98.5	44.0	6.5	0.0	290.0	272.0	40.0	57.8	8.8	40.2	0.0	15.7	.Autoclave.Outputs.PRESSIP\OutputValue	-5.6	36.1	49.5	-1.0	0.0	-1.0	-1.0	-1.0	0.0	0.0	0.0	-1.0	-1.0	0.0	0.0	0.0	-1.0	0.0
01:51:18	45.1	239.5	241.3	243.7	206.9	211.1	231.2	0.1	0.0	40.4	-0.1	0.1	0.0	243.7	206.9	3.6	1.8	228.9	225.3	289.9	290.0	289.2	297.8	98.4	45.0	7.5	0.0	290.0	272.0	40.0	57.2	8.8	39.6	0.0	14.4	.Autoclave.Outputs.PRESSIP\OutputValue	-6.0	36.9	46.2	-1.0	0.0	-1.0	-1.0	-1.0	0.0	0.0	0.0	-1.0	-1.0	0.0	0.0	0.0	-1.0	0.0
01:52:18	46.1	242.8	244.7	247.0	210.1	213.8	234.0	0.1	0.0	40.5	-0.1	0.1	0.0	247.0	210.1	3.4	2.7	232.1	228.5	289.9	289.8	289.1	297.9	98.4	46.1	8.5	0.0	290.0	272.0	40.0	57.2	8.8	39.0	0.0	14.4	.Autoclave.Outputs.PRESSIP\OutputValue	-6.0	37.0	42.9	-1.0	0.0	-1.0	-1.0	-1.0	0.0	0.0	0.0	-1.0	-1.0	0.0	0.0	0.0	-1.0	0.0
01:53:18	47.1	245.8	247.6	250.1	212.2	215.2	236.7	0.1	0.0	40.5	-0.1	0.1	0.0	250.1	212.2	3.1	1.5	234.6	231.1	290.1	290.2	289.3	297.3	98.5	47.0	9.5	0.0	290.0	272.0	40.0	55.9	8.8	39.0	0.0	11.7	.Autoclave.Outputs.PRESSIP\OutputValue	-6.0	38.0	40.0	-1.0	0.0	-1.0	-1.0	-1.0	0.0	0.0	0.0	-1.0	-1.0	0.0	0.0	0.0	-1.0	0.0
01:54:18	48.1	248.7	250.6	252.9	215.8	218.2	238.9	0.1	0.0	40.5	-0.1	0.1	0.0	252.9	215.8	3.4	2.3	237.5	234.3	290.0	290.0	289.2	297.5	98.6	48.1	10.5	0.0	290.0	272.0	40.0	56.5	8.8	38.8	0.0	13.1	.Autoclave.Outputs.PRESSIP\OutputValue	-6.0	37.2	37.1	-1.0	0.0	-1.0	-1.0	-1.0	0.0	0.0	0.0	-1.0	-1.0	0.0	0.0	0.0	-1.0	0.0
01:55:18	49.1	251.3	253.1	255.5	217.9	221.6	240.9	0.1	0.0	40.4	-0.1	0.1	0.0	255.5	217.9	3.4	2.1	240.1	236.7	289.2	289.1	288.4	294.6	98.5	49.0	11.5	0.0	288.6	272.0	40.0	52.4	8.8	39.8	0.0	4.7	.Autoclave.Outputs.PRESSIP\OutputValue	-6.0	37.6	33.7	-1.0	0.0	-1.0	-1.0	-1.0	0.0	0.0	0.0	-1.0	-1.0	0.0	0.0	0.0	-1.0	0.0
01:56:18	50.1	253.5	255.5	257.7	220.1	222.9	242.6	0.1	0.0	40.3	-0.1	0.1	0.0	257.7	220.1	3.0	0.9	242.1	238.9	287.0	287.0	286.2	292.1	98.4	50.0	12.5	0.0	286.4	272.0	40.0	52.9	8.7	40.5	0.0	5.9	.Autoclave.Outputs.PRESSIP\OutputValue	-6.0	37.6	29.3	-1.0	0.0	-1.0	-1.0	-1.0	0.0	0.0	0.0	-1.0	-1.0	0.0	0.0	0.0	-1.0	0.0
01:57:18	51.1	255.8	257.5	259.6	221.8	224.7	244.0	0.1	0.0	40.1	-0.1	0.1	0.0	259.6	221.8	2.2	1.5	243.9	240.7	285.4	285.4	284.6	287.5	98.5	51.0	13.5	0.0	284.3	272.0	40.0	48.9	8.6	42.8	-1.0	0.0	.Autoclave.Outputs.PRESSIP\OutputValue	-6.0	37.8	25.8	-1.0	0.0	-1.0	-1.0	-1.0	0.0	0.0	0.0	-1.0	-1.0	0.0	0.0	0.0	-1.0	0.0
01:58:18	52.1	256.8	258.6	260.8	223.7	225.6	244.8	0.1	-0.1	40.1	-0.1	0.1	-0.1	260.8	223.7	1.6	0.7	245.1	242.3	280.4	280.4	279.7	288.3	98.7	52.0	14.5	0.0	283.2	272.0	40.0	75.9	9.0	43.3	0.0	51.8	.Autoclave.Outputs.PRESSIP\OutputValue	-5.7	37.1	19.6	-1.0	0.0	-1.0	-1.0	-1.0	0.0	0.0	0.0	-1.0	-1.0	0.0	0.0	0.0	-1.0	0.0
01:59:18	53.1	258.8	260.6	262.3	226.0	228.2	246.7	0.0	-0.1	40.1	-0.1	0.0	-0.1	262.3	226.0	2.9	1.6	247.1	244.2	281.8	281.8	281.0	288.0	98.4	53.0	15.5	0.0	281.7	272.0	40.0	56.0	9.1	42.9	0.0	12.0	.Autoclave.Outputs.PRESSIP\OutputValue	-5.9	36.3	19.5	-1.0	0.0	-1.0	-1.0	-1.0	0.0	0.0	0.0	-1.0	-1.0	0.0	0.0	0.0	-1.0	0.0
02:00:18	54.1	260.3	262.2	263.7	227.6	229.6	247.8	0.1	0.0	40.1	-0.1	0.1	0.0	263.7	227.6	1.9	0.9	248.5	245.7	280.9	280.9	280.2	286.1	98.7	54.1	16.5	0.0	280.3	272.0	40.0	52.6	9.0	43.4	0.0	5.2	.Autoclave.Outputs.PRESSIP\OutputValue	-6.0	36.1	17.2	-1.0	0.0	-1.0	-1.0	-1.0	0.0	0.0	0.0	-1.0	-1.0	0.0	0.0	0.0	-1.0	0.0
02:01:18	55.1	261.7	263.5	264.8	229.1	230.9	248.8	0.0	0.0	40.0	-0.1	0.0	0.0	264.8	229.1	1.8	1.1	249.8	247.0	279.6	279.6	278.9	284.4	98.6	55.1	17.5	0.0	279.2	272.0	40.0	54.5	8.9	44.3	0.0	9.1	.Autoclave.Outputs.PRESSIP\OutputValue	-6.0	35.7	14.8	-1.0	0.0	-1.0	-1.0	-1.0	0.0	0.0	0.0	-1.0	-1.0	0.0	0.0	0.0	-1.0	0.0
02:02:18	56.1	263.0	264.5	265.8	231.0	232.3	249.9	0.1	0.0	39.9	-0.1	0.1	0.0	265.8	231.0	2.0	1.1	251.1	248.4	278.8	278.8	278.3	283.7	98.5	56.0	18.5	0.0	278.2	272.0	40.0	52.5	8.9	44.8	0.0	4.9	.Autoclave.Outputs.PRESSIP\OutputValue	-5.9	34.8	13.0	-1.0	0.0	-1.0	-1.0	-1.0	0.0	0.0	0.0	-1.0	-1.0	0.0	0.0	0.0	-1.0	0.0
02:03:18	57.1	264.0	265.7	266.5	232.4	233.7	251.0	0.1	0.1	39.9	-0.1	0.1	0.1	266.5	232.4	1.7	0.8	252.2	249.5	278.2	278.2	277.5	283.2	98.6	57.1	19.5	0.0	277.5	272.0	40.0	52.4	8.8	44.9	0.0	4.8	.Autoclave.Outputs.PRESSIP\OutputValue	-5.8	34.1	11.7	-1.0	0.0	-1.0	-1.0	-1.0	0.0	0.0	0.0	-1.0	-1.0	0.0	0.0	0.0	-1.0	0.0
02:04:18	58.1	265.0	266.4	267.3	234.2	235.1	252.0	0.0	0.0	39.8	-0.1	0.0	0.0	267.3	234.2	1.6	0.7	253.3	250.8	277.4	277.4	276.6	281.8	98.5	58.1	20.5	0.0	276.7	272.0	40.0	51.7	8.7	46.1	0.0	3.3	.Autoclave.Outputs.PRESSIP\OutputValue	-5.5	33.1	10.1	-1.0	0.0	-1.0	-1.0	-1.0	0.0	0.0	0.0	-1.0	-1.0	0.0	0.0	0.0	-1.0	0.0
02:05:18	59.1	265.8	267.1	267.9	235.9	236.9	252.9	0.1	0.1	39.8	-0.1	0.1	0.1	267.9	235.9	1.9	0.5	254.4	251.9	276.6	276.6	276.2	281.5	98.5	59.0	21.5	0.0	276.1	272.0	40.0	52.3	8.7	46.4	0.0	4.6	.Autoclave.Outputs.PRESSIP\OutputValue	-5.2	32.0	8.7	-1.0	0.0	-1.0	-1.0	-1.0	0.0	0.0	0.0	-1.0	-1.0	0.0	0.0	0.0	-1.0	0.0
02:06:19	60.1	266.5	267.7	268.4	237.1	238.0	254.1	0.1	0.0	39.8	-0.1	0.1	0.0	268.4	237.1	1.2	0.6	255.3	252.8	276.0	276.0	275.5	280.9	98.5	60.1	22.5	0.0	275.7	272.0	40.0	54.2	8.6	47.1	0.0	8.4	.Autoclave.Outputs.PRESSIP\OutputValue	-4.9	31.3	7.6	-1.0	0.0	-1.0	-1.0	-1.0	0.0	0.0	0.0	-1.0	-1.0	0.0	0.0	0.0	-1.0	0.0
02:07:18	61.1	267.1	268.2	268.8	238.8	239.2	254.9	0.1	0.0	39.8	-0.1	0.1	0.0	268.8	238.8	1.7	0.4	256.2	253.8	275.8	275.8	275.3	280.8	98.5	61.0	23.5	0.0	275.2	272.0	40.0	52.2	8.6	47.3	0.0	4.3	.Autoclave.Outputs.PRESSIP\OutputValue	-4.5	30.0	7.0	-1.0	0.0	-1.0	-1.0	-1.0	0.0	0.0	0.0	-1.0	-1.0	0.0	0.0	0.0	-1.0	0.0
02:08:18	62.1	267.6	268.7	269.2	240.3	240.6	255.6	0.1	0.1	39.8	-0.1	0.1	0.1	269.2	240.3	1.5	0.3	257.0	254.8	275.3	275.4	274.9	279.7	98.3	62.1	24.5	0.0	274.8	272.0	40.0	52.8	8.5	48.5	0.0	5.5	.Autoclave.Outputs.PRESSIP\OutputValue	-4.0	28.9	6.1	-1.0	0.0	-1.0	-1.0	-1.0	0.0	0.0	0.0	-1.0	-1.0	0.0	0.0	0.0	-1.0	0.0
02:09:18	63.1	268.3	269.1	269.4	241.6	241.5	256.4	0.0	0.0	39.8	-0.1	0.0	0.0	269.4	241.5	1.4	0.3	257.7	255.5	275.3	275.3	274.6	280.4	98.5	63.0	25.5	0.0	274.5	272.0	40.0	50.7	8.4	48.8	0.0	1.4	.Autoclave.Outputs.PRESSIP\OutputValue	-3.6	27.9	5.9	-1.0	0.0	-1.0	-1.0	-1.0	0.0	0.0	0.0	-1.0	-1.0	0.0	0.0	0.0	-1.0	0.0
02:10:18	64.1	268.6	269.3	269.9	243.0	242.9	257.3	0.0	0.0	39.8	-0.1	0.0	0.0	269.9	242.9	1.7	0.2	258.5	256.4	274.7	274.7	274.2	279.5	98.4	64.1	26.5	0.0	274.1	272.0	40.0	52.6	8.4	49.3	0.0	5.3	.Autoclave.Outputs.PRESSIP\OutputValue	-3.1	27.0	4.8	-1.0	0.0	-1.0	-1.0	-1.0	0.0	0.0	0.0	-1.0	-1.0	0.0	0.0	0.0	-1.0	0.0
02:11:18	65.1	269.0	269.6	270.1	244.1	244.0	257.9	0.0	0.0	39.8	-0.1	0.0	0.0	270.1	244.0	1.2	0.3	259.1	257.1	274.6	274.6	274.1	280.3	98.5	65.1	27.5	0.0	274.0	272.0	40.0	51.3	8.3	49.6	0.0	2.5	.Autoclave.Outputs.PRESSIP\OutputValue	-2.6	26.1	4.5	-1.0	0.0	-1.0	-1.0	-1.0	0.0	0.0	0.0	-1.0	-1.0	0.0	0.0	0.0	-1.0	0.0
02:12:18	66.1	269.3	269.9	270.2	245.3	245.2	258.6	0.0	0.0	39.7	-0.1	0.0	0.0	270.2	245.2	1.3	0.1	259.8	257.7	274.3	274.2	273.8	278.8	98.3	66.0	28.5	0.0	273.7	272.0	40.0	52.5	8.3	50.5	0.0	5.1	.Autoclave.Outputs.PRESSIP\OutputValue	-2.1	25.0	4.1	-1.0	0.0	-1.0	-1.0	-1.0	0.0	0.0	0.0	-1.0	-1.0	0.0	0.0	0.0	-1.0	0.0
02:13:18	67.1	269.6	270.2	270.5	246.7	246.2	259.2	0.0	0.0	39.7	-0.1	0.0	0.0	270.5	246.2	1.4	0.2	260.4	258.4	274.3	274.3	273.8	278.7	98.6	67.1	29.5	0.0	273.6	272.0	40.0	50.5	8.2	51.4	0.0	0.9	.Autoclave.Outputs.PRESSIP\OutputValue	-1.5	24.3	3.8	-1.0	0.0	-1.0	-1.0	-1.0	0.0	0.0	0.0	-1.0	-1.0	0.0	0.0	0.0	-1.0	0.0
02:14:18	68.1	269.9	270.4	270.6	247.7	247.3	259.7	0.0	0.0	39.7	-0.1	0.0	0.0	270.6	247.3	1.4	0.1	260.9	259.0	274.1	274.0	273.4	279.1	98.5	68.1	30.5	0.0	273.4	272.0	40.0	50.4	8.2	52.0	0.0	0.8	.Autoclave.Outputs.PRESSIP\OutputValue	-0.9	23.3	3.5	-1.0	0.0	-1.0	-1.0	-1.0	0.0	0.0	0.0	-1.0	-1.0	0.0	0.0	0.0	-1.0	0.0
02:15:18	69.1	270.1	270.5	270.7	249.1	248.3	260.3	0.0	0.0	39.7	-0.1	0.0	0.0	270.7	248.3	1.3	0.1	261.5	259.5	273.7	273.7	273.2	278.7	98.4	69.1	31.5	0.0	273.2	272.0	40.0	52.4	8.1	52.4	0.0	4.7	.Autoclave.Outputs.PRESSIP\OutputValue	-0.4	22.4	3.0	-1.0	0.0	-1.0	-1.0	-1.0	0.0	0.0	0.0	-1.0	-1.0	0.0	0.0	0.0	-1.0	0.0
02:16:18	70.1	270.3	270.7	270.8	249.9	249.0	260.9	0.0	0.0	39.7	-0.1	0.0	0.0	270.8	249.0	0.8	0.1	261.9	259.9	273.6	273.5	272.9	278.3	98.5	70.1	32.5	0.0	273.1	272.0	40.0	53.0	8.1	52.9	0.0	6.0	.Autoclave.Outputs.PRESSIP\OutputValue	0.2	21.8	2.8	-1.0	0.0	-1.0	-1.0	-1.0	0.0	0.0	0.0	-1.0	-1.0	0.0	0.0	0.0	-1.0	0.0
02:17:18	71.1	270.4	270.7	270.9	251.1	250.2	261.4	0.0	0.0	39.7	-0.1	0.0	0.0	270.9	250.2	1.3	0.0	262.5	260.6	273.5	273.5	272.9	278.7	98.4	71.0	33.5	0.0	273.0	272.0	40.0	52.9	8.0	53.3	0.0	5.9	.Autoclave.Outputs.PRESSIP\OutputValue	0.7	20.7	2.6	-1.0	0.0	-1.0	-1.0	-1.0	0.0	0.0	0.0	-1.0	-1.0	0.0	0.0	0.0	-1.0	0.0
02:18:18	72.1	270.7	270.9	271.1	252.2	251.2	261.8	0.0	0.0	39.7	-0.1	0.0	0.0	271.1	251.2	1.1	0.0	263.0	261.2	273.2	273.4	272.7	278.4	98.5	72.1	34.5	0.0	272.9	272.0	40.0	53.6	8.0	54.2	0.0	7.1	.Autoclave.Outputs.PRESSIP\OutputValue	1.3	19.9	2.1	-1.0	0.0	-1.0	-1.0	-1.0	0.0	0.0	0.0	-1.0	-1.0	0.0	0.0	0.0	-1.0	0.0
02:19:18	73.1	270.8	270.8	271.0	253.1	252.1	262.3	0.0	0.0	39.7	-0.1	0.0	0.0	271.0	252.1	0.9	0.1	263.4	261.6	273.2	273.1	272.5	278.5	98.5	73.0	35.5	0.0	272.9	272.0	40.0	53.5	7.9	54.4	0.0	7.0	.Autoclave.Outputs.PRESSIP\OutputValue	1.9	18.9	2.2	-1.0	0.0	-1.0	-1.0	-1.0	0.0	0.0	0.0	-1.0	-1.0	0.0	0.0	0.0	-1.0	0.0
02:20:18	74.1	270.9	271.1	271.1	254.0	252.4	262.8	0.0	0.1	39.7	-0.1	0.1	0.0	271.1	252.4	1.0	-0.1	263.7	261.8	273.2	273.2	272.6	277.9	98.5	74.1	36.5	0.0	272.8	272.0	40.0	52.1	7.9	55.4	0.0	4.2	.Autoclave.Outputs.PRESSIP\OutputValue	2.4	18.7	2.1	-1.0	0.0	-1.0	-1.0	-1.0	0.0	0.0	0.0	-1.0	-1.0	0.0	0.0	0.0	-1.0	0.0
02:21:18	75.1	270.9	271.0	271.2	254.8	253.6	263.1	0.1	0.0	39.7	-0.1	0.1	0.0	271.2	253.6	0.9	0.1	264.1	262.4	273.2	273.2	272.5	278.4	98.4	75.1	37.5	0.0	272.8	272.0	40.0	52.7	7.8	55.8	0.0	5.5	.Autoclave.Outputs.PRESSIP\OutputValue	3.0	17.6	2.0	-1.0	0.0	-1.0	-1.0	-1.0	0.0	0.0	0.0	-1.0	-1.0	0.0	0.0	0.0	-1.0	0.0
02:22:18	76.1	271.0	271.1	271.2	255.7	254.8	263.6	0.0	0.0	39.7	-0.1	0.0	0.0	271.2	254.8	1.2	0.0	264.6	263.0	273.1	273.1	272.4	278.1	98.5	76.1	38.5	0.0	272.8	272.0	40.0	52.7	7.8	56.3	0.0	5.4	.Autoclave.Outputs.PRESSIP\OutputValue	3.6	16.4	1.9	-1.0	0.0	-1.0	-1.0	-1.0	0.0	0.0	0.0	-1.0	-1.0	0.0	0.0	0.0	-1.0	0.0
02:23:18	77.1	271.1	271.2	271.3	256.3	255.4	264.0	0.0	0.0	39.7	-0.1	0.0	0.0	271.3	255.4	0.7	0.0	264.9	263.4	273.0	273.2	272.3	278.2	98.5	77.0	39.5	0.0	272.7	272.0	40.0	54.0	7.7	57.1	0.0	8.0	.Autoclave.Outputs.PRESSIP\OutputValue	4.1	15.9	1.7	-1.0	0.0	-1.0	-1.0	-1.0	0.0	0.0	0.0	-1.0	-1.0	0.0	0.0	0.0	-1.0	0.0
02:24:18	78.1	271.2	271.2	271.4	257.1	256.2	264.4	0.0	0.0	39.7	-0.1	0.0	0.0	271.4	256.2	0.9	0.0	265.3	263.8	273.1	273.1	272.3	278.2	98.5	78.0	40.5	0.0	272.6	272.0	40.0	51.9	7.7	57.5	0.0	3.9	.Autoclave.Outputs.PRESSIP\OutputValue	4.7	15.2	1.7	-1.0	0.0	-1.0	-1.0	-1.0	0.0	0.0	0.0	-1.0	-1.0	0.0	0.0	0.0	-1.0	0.0
02:25:18	79.1	271.2	271.3	271.3	257.9	256.9	264.8	0.0	0.0	39.7	-0.2	0.0	0.0	271.3	256.9	0.8	0.0	265.6	264.1	273.0	273.0	272.2	277.7	98.5	79.1	41.5	0.0	272.6	272.0	40.0	52.6	7.6	58.0	0.0	5.1	.Autoclave.Outputs.PRESSIP\OutputValue	5.3	14.4	1.7	-1.0	0.0	-1.0	-1.0	-1.0	0.0	0.0	0.0	-1.0	-1.0	0.0	0.0	0.0	-1.0	0.0
02:26:18	80.1	271.4	271.3	271.4	258.4	257.4	265.0	0.0	0.0	39.7	-0.1	0.0	0.0	271.4	257.4	0.8	0.0	265.8	264.4	272.9	272.9	272.1	277.9	98.5	80.1	42.5	0.0	272.6	272.0	40.0	53.2	7.6	59.0	0.0	6.4	.Autoclave.Outputs.PRESSIP\OutputValue	5.9	14.0	1.5	-1.0	0.0	-1.0	-1.0	-1.0	0.0	0.0	0.0	-1.0	-1.0	0.0	0.0	0.0	-1.0	0.0
02:27:18	81.1	271.3	271.1	271.5	259.0	258.2	265.4	0.0	0.0	39.7	-0.1	0.0	0.0	271.5	258.2	0.6	-0.3	266.1	264.9	272.9	272.9	272.1	277.9	98.6	81.1	43.5	0.0	272.6	272.0	40.0	53.8	7.6	59.4	0.0	7.6	.Autoclave.Outputs.PRESSIP\OutputValue	6.5	13.3	1.4	-1.0	0.0	-1.0	-1.0	-1.0	0.0	0.0	0.0	-1.0	-1.0	0.0	0.0	0.0	-1.0	0.0
02:28:18	82.1	271.3	271.2	271.4	259.5	258.8	265.7	0.0	0.0	39.7	-0.1	0.0	0.0	271.4	258.8	0.7	0.0	266.3	265.1	273.0	273.0	272.2	277.7	98.7	82.1	44.5	0.0	272.6	272.0	40.0	52.9	7.5	60.0	0.0	5.8	.Autoclave.Outputs.PRESSIP\OutputValue	7.1	12.6	1.6	-1.0	0.0	-1.0	-1.0	-1.0	0.0	0.0	0.0	-1.0	-1.0	0.0	0.0	0.0	-1.0	0.0
02:29:18	83.1	271.4	271.4	271.5	260.2	259.4	266.0	0.0	0.1	39.7	-0.1	0.1	0.0	271.5	259.4	0.6	0.0	266.7	265.5	272.9	273.0	272.1	277.7	98.7	83.1	45.5	0.0	272.5	272.0	40.0	53.1	7.5	60.4	0.0	6.1	.Autoclave.Outputs.PRESSIP\OutputValue	7.6	12.1	1.4	-1.0	0.0	-1.0	-1.0	-1.0	0.0	0.0	0.0	-1.0	-1.0	0.0	0.0	0.0	-1.0	0.0
02:30:18	84.1	271.4	271.3	271.5	260.6	259.7	266.3	0.0	0.0	39.7	-0.1	0.0	0.0	271.5	259.7	0.6	-0.1	266.8	265.6	272.8	272.8	272.0	277.9	98.7	84.1	46.5	0.0	272.5	272.0	40.0	53.7	7.4	60.9	0.0	7.4	.Autoclave.Outputs.PRESSIP\OutputValue	8.0	11.8	1.3	-1.0	0.0	-1.0	-1.0	-1.0	0.0	0.0	0.0	-1.0	-1.0	0.0	0.0	0.0	-1.0	0.0
02:30:56	84.7	271.3	271.3	271.4	261.0	260.3	266.4	0.0	0.0	39.7	-0.1	0.0	0.0	271.4	260.3	0.4	0.0	267.0	265.9	272.9	272.9	272.0	277.9	98.6	84.7	47.1	0.0	272.5	272.0	40.0	53.0	7.4	60.8	0.0	6.0	.Autoclave.Outputs.PRESSIP\OutputValue	8.0	11.1	1.4	-1.0	0.0	-1.0	-1.0	-1.0	0.0	0.0	0.0	-1.0	-1.0	0.0	0.0	0.0	-1.0	0.0
02:31:18	85.1	271.4	271.4	271.4	261.2	260.4	266.5	0.0	0.0	39.7	-0.1	0.0	0.0	271.4	260.4	0.5	0.0	267.1	265.9	272.9	272.9	272.1	277.7	98.7	85.0	0.4	70.6	272.6	272.0	40.0	53.7	7.4	60.9	0.0	7.3	.Autoclave.Outputs.PRESSIP\OutputValue	8.0	11.0	1.5	-1.0	0.0	-1.0	-1.0	-1.0	0.0	0.0	0.0	-1.0	-1.0	0.0	0.0	0.0	-1.0	0.0
02:32:18	86.1	271.3	271.4	271.4	261.6	261.0	266.8	0.0	0.0	39.7	-0.1	0.0	0.0	271.4	261.0	0.5	-0.1	267.3	266.2	272.8	272.8	272.0	277.8	98.6	86.1	1.4	69.6	272.5	272.0	40.0	53.0	7.4	60.9	0.0	5.9	.Autoclave.Outputs.PRESSIP\OutputValue	8.0	10.4	1.4	-1.0	0.0	-1.0	-1.0	-1.0	0.0	0.0	0.0	-1.0	-1.0	0.0	0.0	0.0	-1.0	0.0
02:33:18	87.1	271.5	271.4	271.6	262.0	261.5	267.0	0.0	0.0	39.7	-0.1	0.0	0.0	271.6	261.5	0.6	0.1	267.5	266.6	272.7	272.8	272.0	277.7	98.8	87.0	2.4	68.6	272.4	272.0	40.0	52.9	7.3	61.1	0.0	5.8	.Autoclave.Outputs.PRESSIP\OutputValue	8.0	10.1	1.1	-1.0	0.0	-1.0	-1.0	-1.0	0.0	0.0	0.0	-1.0	-1.0	0.0	0.0	0.0	-1.0	0.0
02:34:18	88.1	271.5	271.4	271.6	262.4	262.0	267.0	0.0	0.1	39.7	-0.1	0.1	0.0	271.6	262.0	0.4	0.0	267.7	266.8	272.8	272.8	271.9	277.7	98.9	88.0	3.4	67.6	272.4	272.0	40.0	52.9	7.3	60.9	0.0	5.7	.Autoclave.Outputs.PRESSIP\OutputValue	8.0	9.6	1.2	-1.0	0.0	-1.0	-1.0	-1.0	0.0	0.0	0.0	-1.0	-1.0	0.0	0.0	0.0	-1.0	0.0
02:35:18	89.1	271.5	271.4	271.6	262.9	262.3	267.3	0.0	0.0	39.7	-0.1	0.0	0.0	271.6	262.3	0.5	-0.1	267.8	267.0	272.7	272.7	271.9	277.8	98.7	89.0	4.4	66.6	272.4	272.0	40.0	52.8	7.2	60.9	0.0	5.7	.Autoclave.Outputs.PRESSIP\OutputValue	8.0	9.3	1.1	-1.0	0.0	-1.0	-1.0	-1.0	0.0	0.0	0.0	-1.0	-1.0	0.0	0.0	0.0	-1.0	0.0
02:36:18	90.1	271.6	271.3	271.6	263.3	262.6	267.5	0.0	0.0	39.7	-0.1	0.0	0.0	271.6	262.6	0.4	0.0	268.0	267.1	272.6	272.6	271.9	277.7	98.7	90.1	5.4	65.6	272.4	272.0	40.0	52.8	7.2	60.9	0.0	5.6	.Autoclave.Outputs.PRESSIP\OutputValue	8.0	9.0	1.0	-1.0	0.0	-1.0	-1.0	-1.0	0.0	0.0	0.0	-1.0	-1.0	0.0	0.0	0.0	-1.0	0.0
02:37:18	91.1	271.5	271.5	271.7	263.5	263.0	267.7	0.0	0.1	39.7	-0.1	0.1	0.0	271.7	263.0	0.3	-0.1	268.2	267.4	272.7	272.7	271.9	277.3	98.7	91.0	6.4	64.6	272.4	272.0	40.0	52.8	7.2	61.1	0.0	5.5	.Autoclave.Outputs.PRESSIP\OutputValue	8.0	8.7	1.0	-1.0	0.0	-1.0	-1.0	-1.0	0.0	0.0	0.0	-1.0	-1.0	0.0	0.0	0.0	-1.0	0.0
02:38:18	92.1	271.6	271.4	271.7	263.8	263.4	267.7	0.0	0.0	39.7	-0.1	0.0	0.0	271.7	263.4	0.4	0.0	268.3	267.6	272.7	272.7	271.9	277.5	98.7	92.0	7.4	63.6	272.4	272.0	40.0	52.7	7.1	61.1	0.0	5.5	.Autoclave.Outputs.PRESSIP\OutputValue	8.0	8.3	1.0	-1.0	0.0	-1.0	-1.0	-1.0	0.0	0.0	0.0	-1.0	-1.0	0.0	0.0	0.0	-1.0	0.0
02:39:18	93.1	271.5	271.4	271.6	264.2	263.6	268.0	0.0	0.0	39.7	-0.1	0.0	0.0	271.6	263.6	0.3	-0.1	268.4	267.6	272.7	272.6	271.8	277.6	98.7	93.1	8.4	62.6	272.4	272.0	40.0	52.7	7.1	60.9	0.0	5.4	.Autoclave.Outputs.PRESSIP\OutputValue	8.0	8.0	1.1	-1.0	0.0	-1.0	-1.0	-1.0	0.0	0.0	0.0	-1.0	-1.0	0.0	0.0	0.0	-1.0	0.0
02:40:18	94.1	271.6	271.4	271.7	264.5	264.2	268.2	0.0	0.1	39.7	-0.1	0.1	0.0	271.7	264.2	0.4	0.0	268.6	268.0	272.7	272.7	272.0	277.2	98.8	94.0	9.4	61.6	272.4	272.0	40.0	52.7	7.1	61.1	0.0	5.3	.Autoclave.Outputs.PRESSIP\OutputValue	8.0	7.5	1.0	-1.0	0.0	-1.0	-1.0	-1.0	0.0	0.0	0.0	-1.0	-1.0	0.0	0.0	0.0	-1.0	0.0
02:41:18	95.1	271.6	271.5	271.7	264.8	264.4	268.4	0.0	0.1	39.7	-0.1	0.1	0.0	271.7	264.4	0.4	-0.1	268.7	268.1	272.6	272.6	272.0	277.3	98.7	95.1	10.4	60.6	272.3	272.0	40.0	52.0	7.0	61.1	0.0	3.9	.Autoclave.Outputs.PRESSIP\OutputValue	8.0	7.3	0.9	-1.0	0.0	-1.0	-1.0	-1.0	0.0	0.0	0.0	-1.0	-1.0	0.0	0.0	0.0	-1.0	0.0
02:42:18	96.1	271.6	271.5	271.6	265.1	264.6	268.5	0.0	0.0	39.7	-0.1	0.0	0.0	271.6	264.6	0.3	0.0	268.8	268.1	272.5	272.4	271.9	277.3	98.6	96.0	11.4	59.6	272.3	272.0	40.0	53.2	7.0	61.1	0.0	6.5	.Autoclave.Outputs.PRESSIP\OutputValue	8.0	7.0	0.9	-1.0	0.0	-1.0	-1.0	-1.0	0.0	0.0	0.0	-1.0	-1.0	0.0	0.0	0.0	-1.0	0.0
02:43:18	97.1	271.7	271.6	271.6	265.5	264.9	268.7	0.0	0.0	39.7	-0.1	0.0	0.0	271.7	264.9	0.5	0.0	269.0	268.3	272.7	272.7	272.2	277.2	98.6	97.0	12.4	58.6	272.3	272.0	40.0	51.9	6.9	61.1	0.0	3.7	.Autoclave.Outputs.PRESSIP\OutputValue	8.0	6.8	1.1	-1.0	0.0	-1.0	-1.0	-1.0	0.0	0.0	0.0	-1.0	-1.0	0.0	0.0	0.0	-1.0	0.0
02:44:18	98.1	271.7	271.6	271.7	265.7	265.3	268.7	0.0	0.0	39.7	-0.1	0.0	0.0	271.7	265.3	0.4	0.0	269.1	268.5	272.6	272.6	272.2	277.2	98.5	98.1	13.4	57.6	272.3	272.0	40.0	51.6	6.9	61.1	0.0	3.2	.Autoclave.Outputs.PRESSIP\OutputValue	8.0	6.4	0.9	-1.0	0.0	-1.0	-1.0	-1.0	0.0	0.0	0.0	-1.0	-1.0	0.0	0.0	0.0	-1.0	0.0
02:45:18	99.1	271.7	271.7	271.7	266.0	265.4	268.9	0.0	0.0	39.7	-0.1	0.0	0.0	271.7	265.4	0.4	0.0	269.2	268.6	272.8	272.8	272.1	277.2	98.6	99.0	14.4	56.6	272.2	272.0	40.0	51.6	6.9	60.9	0.0	3.1	.Autoclave.Outputs.PRESSIP\OutputValue	8.0	6.3	1.1	-1.0	0.0	-1.0	-1.0	-1.0	0.0	0.0	0.0	-1.0	-1.0	0.0	0.0	0.0	-1.0	0.0
02:46:18	100.1	271.8	271.6	271.7	266.2	265.6	269.0	0.0	0.0	39.7	-0.1	0.0	0.0	271.8	265.6	0.3	0.0	269.3	268.7	272.7	272.6	272.0	277.3	98.6	100.1	15.4	55.6	272.3	272.0	40.0	51.5	6.8	60.9	0.0	3.0	.Autoclave.Outputs.PRESSIP\OutputValue	8.0	6.2	1.0	-1.0	0.0	-1.0	-1.0	-1.0	0.0	0.0	0.0	-1.0	-1.0	0.0	0.0	0.0	-1.0	0.0
02:47:18	101.1	271.8	271.7	271.6	266.4	265.9	269.1	0.0	0.0	39.7	-0.1	0.0	0.0	271.8	265.9	0.2	0.0	269.4	268.8	272.4	272.4	271.8	277.3	98.5	101.0	16.4	54.6	272.3	272.0	40.0	54.8	6.8	60.9	0.0	9.6	.Autoclave.Outputs.PRESSIP\OutputValue	8.0	5.9	0.7	-1.0	0.0	-1.0	-1.0	-1.0	0.0	0.0	0.0	-1.0	-1.0	0.0	0.0	0.0	-1.0	0.0
02:48:18	102.1	271.9	271.7	271.7	266.8	266.3	269.4	0.0	0.0	39.7	-0.1	0.0	0.0	271.9	266.3	0.5	-0.1	269.6	269.1	272.8	272.8	272.2	277.7	98.5	102.1	17.4	53.6	272.1	272.0	40.0	50.8	6.8	60.8	0.0	1.6	.Autoclave.Outputs.PRESSIP\OutputValue	8.0	5.6	1.0	-1.0	0.0	-1.0	-1.0	-1.0	0.0	0.0	0.0	-1.0	-1.0	0.0	0.0	0.0	-1.0	0.0
02:49:18	103.1	271.9	271.7	271.7	267.0	266.5	269.4	0.0	0.0	39.7	-0.1	0.0	0.0	271.9	266.5	0.3	-0.1	269.7	269.2	272.5	272.5	272.1	277.4	98.5	103.0	18.4	52.6	272.2	272.0	40.0	52.1	6.7	60.9	0.0	4.1	.Autoclave.Outputs.PRESSIP\OutputValue	8.0	5.4	0.7	-1.0	0.0	-1.0	-1.0	-1.0	0.0	0.0	0.0	-1.0	-1.0	0.0	0.0	0.0	-1.0	0.0
02:50:18	104.1	271.9	271.5	271.7	267.2	266.6	269.6	0.0	0.0	39.7	-0.1	0.0	0.0	271.9	266.6	0.3	-0.1	269.8	269.2	272.3	272.3	271.8	277.3	98.5	104.1	19.4	51.6	272.2	272.0	40.0	53.4	6.7	60.8	0.0	6.7	.Autoclave.Outputs.PRESSIP\OutputValue	8.0	5.3	0.5	-1.0	0.0	-1.0	-1.0	-1.0	0.0	0.0	0.0	-1.0	-1.0	0.0	0.0	0.0	-1.0	0.0
02:51:18	105.1	271.8	271.7	271.6	267.4	266.7	269.6	0.0	0.0	39.7	-0.1	0.0	0.0	271.8	266.7	0.3	-0.1	269.8	269.2	272.3	272.3	271.9	277.1	98.5	105.1	20.4	50.6	272.2	272.0	40.0	54.0	6.6	60.9	0.0	8.0	.Autoclave.Outputs.PRESSIP\OutputValue	8.0	5.1	0.6	-1.0	0.0	-1.0	-1.0	-1.0	0.0	0.0	0.0	-1.0	-1.0	0.0	0.0	0.0	-1.0	0.0
02:52:18	106.1	271.9	271.6	271.6	267.7	267.1	269.7	0.0	0.0	39.7	-0.1	0.0	0.0	271.9	267.1	0.2	-0.1	269.9	269.5	272.3	272.3	271.8	277.0	98.4	106.1	21.4	49.6	272.1	272.0	40.0	52.6	6.6	60.9	0.0	5.2	.Autoclave.Outputs.PRESSIP\OutputValue	8.0	4.8	0.5	-1.0	0.0	-1.0	-1.0	-1.0	0.0	0.0	0.0	-1.0	-1.0	0.0	0.0	0.0	-1.0	0.0
02:53:18	107.1	271.9	271.7	271.6	267.7	267.3	269.8	0.0	0.0	39.7	-0.1	0.0	0.0	271.9	267.3	0.2	-0.2	270.0	269.6	272.3	272.3	271.8	277.2	98.5	107.1	22.4	48.6	272.2	272.0	40.0	53.3	6.6	60.9	0.0	6.5	.Autoclave.Outputs.PRESSIP\OutputValue	8.0	4.6	0.5	-1.0	0.0	-1.0	-1.0	-1.0	0.0	0.0	0.0	-1.0	-1.0	0.0	0.0	0.0	-1.0	0.0
02:54:18	108.1	271.8	271.5	271.5	268.0	267.4	269.9	0.0	0.0	39.8	-0.1	0.0	0.0	271.8	267.4	0.3	-0.1	270.0	269.6	272.3	272.3	271.9	278.0	98.3	108.1	23.4	47.6	272.2	272.0	40.0	53.9	6.5	60.8	0.0	7.8	.Autoclave.Outputs.PRESSIP\OutputValue	8.0	4.4	0.6	-1.0	0.0	-1.0	-1.0	-1.0	0.0	0.0	0.0	-1.0	-1.0	0.0	0.0	0.0	-1.0	0.0
02:55:18	109.1	271.7	271.6	271.5	268.1	267.6	269.9	0.0	0.0	39.7	-0.1	0.0	0.0	271.7	267.6	0.2	-0.1	270.1	269.6	272.8	272.8	272.2	277.2	98.4	109.1	24.4	46.6	272.2	272.0	40.0	50.5	6.5	60.9	0.0	1.0	.Autoclave.Outputs.PRESSIP\OutputValue	8.0	4.1	1.2	-1.0	0.0	-1.0	-1.0	-1.0	0.0	0.0	0.0	-1.0	-1.0	0.0	0.0	0.0	-1.0	0.0
02:56:18	110.1	271.8	271.6	271.6	268.3	267.6	270.0	0.0	0.0	39.7	-0.1	0.0	0.0	271.8	267.6	0.2	-0.2	270.2	269.7	272.7	272.7	272.1	277.6	98.5	110.0	25.4	45.6	272.3	272.0	40.0	51.2	6.5	60.6	0.0	2.3	.Autoclave.Outputs.PRESSIP\OutputValue	8.0	4.2	1.0	-1.0	0.0	-1.0	-1.0	-1.0	0.0	0.0	0.0	-1.0	-1.0	0.0	0.0	0.0	-1.0	0.0
02:57:18	111.1	271.7	271.6	271.5	268.5	268.0	270.2	0.0	0.0	39.7	-0.1	0.0	0.0	271.7	268.0	0.3	0.0	270.3	269.8	272.5	272.6	272.0	277.7	98.3	111.1	26.4	44.6	272.3	272.0	40.0	51.8	6.4	60.8	0.0	3.6	.Autoclave.Outputs.PRESSIP\OutputValue	8.0	3.7	0.9	-1.0	0.0	-1.0	-1.0	-1.0	0.0	0.0	0.0	-1.0	-1.0	0.0	0.0	0.0	-1.0	0.0
02:58:18	112.1	271.8	271.5	271.6	268.7	268.2	270.3	0.0	0.0	39.7	-0.1	0.0	0.0	271.8	268.2	0.1	-0.1	270.4	270.0	272.5	272.5	272.0	277.2	98.3	112.0	27.4	43.6	272.2	272.0	40.0	52.4	6.4	60.6	0.0	4.9	.Autoclave.Outputs.PRESSIP\OutputValue	8.0	3.6	0.8	-1.0	0.0	-1.0	-1.0	-1.0	0.0	0.0	0.0	-1.0	-1.0	0.0	0.0	0.0	-1.0	0.0
02:59:18	113.1	271.8	271.7	271.5	268.8	268.4	270.3	0.0	0.0	39.7	-0.1	0.0	0.0	271.8	268.4	0.3	-0.1	270.4	270.1	272.5	272.5	271.9	277.3	98.3	113.1	28.4	42.6	272.2	272.0	40.0	53.1	6.4	60.8	0.0	6.1	.Autoclave.Outputs.PRESSIP\OutputValue	8.0	3.4	0.8	-1.0	0.0	-1.0	-1.0	-1.0	0.0	0.0	0.0	-1.0	-1.0	0.0	0.0	0.0	-1.0	0.0
03:00:18	114.1	271.7	271.5	271.5	269.0	268.5	270.3	0.0	0.0	39.7	-0.1	0.0	0.0	271.7	268.5	0.1	0.0	270.4	270.1	272.5	272.5	271.8	277.3	98.3	114.1	29.4	41.6	272.3	272.0	40.0	53.7	6.3	60.8	0.0	7.4	.Autoclave.Outputs.PRESSIP\OutputValue	8.0	3.2	0.9	-1.0	0.0	-1.0	-1.0	-1.0	0.0	0.0	0.0	-1.0	-1.0	0.0	0.0	0.0	-1.0	0.0
03:01:18	115.1	271.7	271.5	271.5	269.1	268.7	270.5	0.0	0.0	39.7	-0.1	0.0	0.0	271.7	268.7	0.3	0.0	270.5	270.2	272.7	272.7	271.9	277.3	98.3	115.0	30.4	40.6	272.3	272.0	40.0	51.7	6.3	60.6	0.0	3.4	.Autoclave.Outputs.PRESSIP\OutputValue	8.0	3.0	1.1	-1.0	0.0	-1.0	-1.0	-1.0	0.0	0.0	0.0	-1.0	-1.0	0.0	0.0	0.0	-1.0	0.0
03:02:18	116.1	271.7	271.5	271.5	269.3	268.9	270.7	0.0	0.0	39.7	-0.1	0.0	0.0	271.7	268.9	0.2	-0.2	270.6	270.3	272.6	272.6	271.9	277.2	98.4	116.1	31.4	39.6	272.3	272.0	40.0	52.3	6.3	60.8	0.0	4.6	.Autoclave.Outputs.PRESSIP\OutputValue	8.0	2.8	1.0	-1.0	0.0	-1.0	-1.0	-1.0	0.0	0.0	0.0	-1.0	-1.0	0.0	0.0	0.0	-1.0	0.0
03:03:18	117.1	271.6	271.4	271.5	269.3	268.9	270.7	0.0	0.1	39.7	-0.1	0.1	0.0	271.6	268.9	0.2	0.0	270.6	270.2	272.7	272.5	271.8	277.2	98.3	117.1	32.4	38.6	272.3	272.0	40.0	51.6	6.3	60.6	0.0	3.3	.Autoclave.Outputs.PRESSIP\OutputValue	8.0	2.7	1.2	-1.0	0.0	-1.0	-1.0	-1.0	0.0	0.0	0.0	-1.0	-1.0	0.0	0.0	0.0	-1.0	0.0
03:04:18	118.1	271.6	271.4	271.5	269.5	269.1	270.8	0.0	0.0	39.7	-0.1	0.0	0.0	271.6	269.1	0.0	-0.1	270.7	270.3	272.7	272.7	271.8	277.7	98.5	118.0	33.4	37.6	272.3	272.0	40.0	52.3	6.2	60.4	0.0	4.5	.Autoclave.Outputs.PRESSIP\OutputValue	8.0	2.5	1.2	-1.0	0.0	-1.0	-1.0	-1.0	0.0	0.0	0.0	-1.0	-1.0	0.0	0.0	0.0	-1.0	0.0
03:05:18	119.1	271.6	271.3	271.4	269.6	269.2	270.9	0.0	0.0	39.7	-0.1	0.0	0.0	271.6	269.2	0.2	0.0	270.7	270.4	272.6	272.6	271.8	277.3	98.5	119.1	34.4	36.6	272.5	272.0	40.0	53.6	6.2	60.8	0.0	7.2	.Autoclave.Outputs.PRESSIP\OutputValue	8.0	2.4	1.1	-1.0	0.0	-1.0	-1.0	-1.0	0.0	0.0	0.0	-1.0	-1.0	0.0	0.0	0.0	-1.0	0.0
03:06:18	120.1	271.6	271.3	271.5	269.6	269.4	271.0	0.0	0.1	39.7	-0.1	0.1	0.0	271.6	269.4	0.2	0.0	270.7	270.5	272.5	272.5	271.8	277.5	98.4	120.1	35.4	35.6	272.4	272.0	40.0	54.2	6.2	60.4	0.0	8.4	.Autoclave.Outputs.PRESSIP\OutputValue	8.0	2.2	1.0	-1.0	0.0	-1.0	-1.0	-1.0	0.0	0.0	0.0	-1.0	-1.0	0.0	0.0	0.0	-1.0	0.0
03:07:18	121.1	271.5	271.5	271.5	269.8	269.6	271.1	0.0	0.1	39.7	-0.1	0.1	0.0	271.5	269.6	0.1	0.0	270.8	270.6	272.7	272.7	271.9	277.5	98.4	121.0	36.4	34.6	272.4	272.0	40.0	51.8	6.2	60.6	0.0	3.5	.Autoclave.Outputs.PRESSIP\OutputValue	8.0	1.9	1.2	-1.0	0.0	-1.0	-1.0	-1.0	0.0	0.0	0.0	-1.0	-1.0	0.0	0.0	0.0	-1.0	0.0
03:08:18	122.1	271.6	271.4	271.5	269.9	269.7	271.1	0.0	0.0	39.7	-0.1	0.0	0.0	271.6	269.7	0.1	0.0	270.9	270.6	272.7	272.7	271.9	277.1	98.5	122.1	37.4	33.6	272.4	272.0	40.0	52.2	6.1	60.8	0.0	4.3	.Autoclave.Outputs.PRESSIP\OutputValue	8.0	1.9	1.2	-1.0	0.0	-1.0	-1.0	-1.0	0.0	0.0	0.0	-1.0	-1.0	0.0	0.0	0.0	-1.0	0.0
03:09:18	123.1	271.5	271.5	271.5	270.0	269.8	271.2	0.0	0.1	39.7	-0.1	0.1	0.0	271.5	269.8	0.2	-0.2	270.9	270.7	272.8	272.8	271.9	277.2	98.6	123.0	38.4	32.6	272.5	272.0	40.0	52.4	6.1	60.8	0.0	4.7	.Autoclave.Outputs.PRESSIP\OutputValue	8.0	1.7	1.3	-1.0	0.0	-1.0	-1.0	-1.0	0.0	0.0	0.0	-1.0	-1.0	0.0	0.0	0.0	-1.0	0.0
03:10:18	124.1	271.5	271.4	271.5	270.1	270.0	271.4	0.0	0.0	39.7	-0.1	0.0	0.0	271.5	270.0	0.2	0.0	271.0	270.8	272.6	272.6	271.8	277.8	98.5	124.0	39.4	31.6	272.4	272.0	40.0	53.0	6.1	60.8	0.0	6.0	.Autoclave.Outputs.PRESSIP\OutputValue	8.0	1.5	1.1	-1.0	0.0	-1.0	-1.0	-1.0	0.0	0.0	0.0	-1.0	-1.0	0.0	0.0	0.0	-1.0	0.0
03:11:18	125.1	271.6	271.4	271.6	270.1	269.9	271.3	0.0	0.1	39.7	-0.1	0.1	0.0	271.6	269.9	0.2	-0.1	271.0	270.8	272.6	272.6	271.8	277.3	98.6	125.1	40.4	30.6	272.4	272.0	40.0	52.8	6.1	60.6	0.0	5.5	.Autoclave.Outputs.PRESSIP\OutputValue	8.0	1.7	1.0	-1.0	0.0	-1.0	-1.0	-1.0	0.0	0.0	0.0	-1.0	-1.0	0.0	0.0	0.0	-1.0	0.0
03:12:18	126.1	271.6	271.3	271.6	270.3	270.2	271.3	0.0	0.0	39.7	-0.1	0.0	0.0	271.6	270.2	0.2	-0.1	271.1	270.9	272.6	272.6	271.8	277.0	98.6	126.0	41.4	29.6	272.4	272.0	40.0	52.7	6.0	60.8	0.0	5.5	.Autoclave.Outputs.PRESSIP\OutputValue	8.0	1.4	1.0	-1.0	0.0	-1.0	-1.0	-1.0	0.0	0.0	0.0	-1.0	-1.0	0.0	0.0	0.0	-1.0	0.0
03:13:18	127.1	271.6	271.3	271.5	270.3	270.1	271.4	0.0	0.0	39.7	-0.1	0.0	0.0	271.6	270.1	0.2	0.0	271.0	270.8	272.5	272.5	271.7	277.2	98.5	127.1	42.4	28.6	272.5	272.0	40.0	52.9	6.0	60.8	0.0	5.9	.Autoclave.Outputs.PRESSIP\OutputValue	8.0	1.5	1.0	-1.0	0.0	-1.0	-1.0	-1.0	0.0	0.0	0.0	-1.0	-1.0	0.0	0.0	0.0	-1.0	0.0
03:14:18	128.1	271.6	271.4	271.6	270.4	270.1	271.4	0.0	0.0	39.7	-0.1	0.0	0.0	271.6	270.1	0.1	-0.1	271.1	270.9	272.6	272.6	271.9	277.3	98.5	128.0	43.4	27.6	272.4	272.0	40.0	52.3	6.0	60.6	0.0	4.5	.Autoclave.Outputs.PRESSIP\OutputValue	8.0	1.5	1.0	-1.0	0.0	-1.0	-1.0	-1.0	0.0	0.0	0.0	-1.0	-1.0	0.0	0.0	0.0	-1.0	0.0
03:15:18	129.1	271.6	271.4	271.6	270.4	270.3	271.4	0.0	0.0	39.7	-0.1	0.0	0.0	271.6	270.3	0.2	-0.1	271.1	271.0	272.5	272.5	271.8	277.3	98.6	129.1	44.4	26.6	272.4	272.0	40.0	52.9	6.0	60.6	0.0	5.8	.Autoclave.Outputs.PRESSIP\OutputValue	8.0	1.3	0.9	-1.0	0.0	-1.0	-1.0	-1.0	0.0	0.0	0.0	-1.0	-1.0	0.0	0.0	0.0	-1.0	0.0
03:16:18	130.1	271.5	271.5	271.6	270.6	270.2	271.4	0.0	0.0	39.7	-0.1	0.0	0.0	271.6	270.2	0.1	-0.1	271.1	270.9	272.5	272.6	271.7	277.1	98.7	130.1	45.4	25.6	272.4	272.0	40.0	52.6	6.0	60.9	0.0	5.3	.Autoclave.Outputs.PRESSIP\OutputValue	8.0	1.4	0.9	-1.0	0.0	-1.0	-1.0	-1.0	0.0	0.0	0.0	-1.0	-1.0	0.0	0.0	0.0	-1.0	0.0
03:17:18	131.1	271.6	271.5	271.6	270.6	270.5	271.4	0.0	0.1	39.7	-0.1	0.1	0.0	271.6	270.5	0.2	-0.1	271.2	271.1	272.6	272.7	271.8	277.3	98.7	131.1	46.4	24.6	272.4	272.0	40.0	51.5	5.9	60.9	0.0	3.0	.Autoclave.Outputs.PRESSIP\OutputValue	8.0	1.1	1.0	-1.0	0.0	-1.0	-1.0	-1.0	0.0	0.0	0.0	-1.0	-1.0	0.0	0.0	0.0	-1.0	0.0
03:18:18	132.1	271.6	271.5	271.6	270.6	270.7	271.4	0.0	0.0	39.7	-0.1	0.0	0.0	271.6	270.6	0.3	-0.1	271.2	271.1	272.7	272.7	271.8	277.4	98.7	132.0	47.4	23.6	272.4	272.0	40.0	51.5	5.9	60.6	0.0	3.0	.Autoclave.Outputs.PRESSIP\OutputValue	8.0	1.0	1.1	-1.0	0.0	-1.0	-1.0	-1.0	0.0	0.0	0.0	-1.0	-1.0	0.0	0.0	0.0	-1.0	0.0
03:19:18	133.1	271.6	271.3	271.6	270.7	270.6	271.5	0.0	0.0	39.7	-0.1	0.0	0.0	271.6	270.6	0.1	-0.2	271.2	271.1	272.5	272.5	271.7	277.3	98.7	133.0	48.4	22.6	272.4	272.0	40.0	53.7	5.9	60.6	0.0	7.4	.Autoclave.Outputs.PRESSIP\OutputValue	8.0	1.0	0.9	-1.0	0.0	-1.0	-1.0	-1.0	0.0	0.0	0.0	-1.0	-1.0	0.0	0.0	0.0	-1.0	0.0
03:20:18	134.1	271.6	271.4	271.6	270.8	270.7	271.6	0.0	0.0	39.7	-0.1	0.0	0.0	271.6	270.7	0.2	0.0	271.3	271.2	272.5	272.5	271.7	277.4	98.6	134.1	49.4	21.6	272.4	272.0	40.0	53.2	5.9	60.8	0.0	6.5	.Autoclave.Outputs.PRESSIP\OutputValue	8.0	0.9	0.9	-1.0	0.0	-1.0	-1.0	-1.0	0.0	0.0	0.0	-1.0	-1.0	0.0	0.0	0.0	-1.0	0.0
03:21:18	135.1	271.6	271.4	271.6	270.9	270.6	271.6	0.0	0.0	39.7	-0.1	0.0	0.0	271.6	270.6	0.2	-0.1	271.3	271.1	272.5	272.5	271.7	277.3	98.8	135.1	50.4	20.6	272.4	272.0	40.0	52.8	5.8	60.9	0.0	5.5	.Autoclave.Outputs.PRESSIP\OutputValue	8.0	1.0	0.9	-1.0	0.0	-1.0	-1.0	-1.0	0.0	0.0	0.0	-1.0	-1.0	0.0	0.0	0.0	-1.0	0.0
03:22:18	136.1	271.5	271.5	271.7	270.9	270.7	271.6	0.0	0.0	39.7	-0.1	0.0	0.0	271.7	270.7	0.2	-0.2	271.3	271.2	272.5	272.5	271.7	277.1	98.7	136.1	51.4	19.6	272.4	272.0	40.0	53.4	5.8	60.9	0.0	6.8	.Autoclave.Outputs.PRESSIP\OutputValue	8.0	1.0	0.8	-1.0	0.0	-1.0	-1.0	-1.0	0.0	0.0	0.0	-1.0	-1.0	0.0	0.0	0.0	-1.0	0.0
03:23:18	137.1	271.5	271.5	271.6	271.0	270.6	271.7	0.0	0.0	39.7	-0.1	0.0	0.0	271.7	270.6	0.1	-0.1	271.3	271.2	272.5	272.5	271.9	277.2	98.7	137.1	52.4	18.6	272.4	272.0	40.0	52.1	5.8	60.9	0.0	4.1	.Autoclave.Outputs.PRESSIP\OutputValue	8.0	1.1	0.8	-1.0	0.0	-1.0	-1.0	-1.0	0.0	0.0	0.0	-1.0	-1.0	0.0	0.0	0.0	-1.0	0.0
03:24:18	138.1	271.7	271.5	271.8	271.1	270.8	271.6	0.0	0.0	39.7	-0.1	0.0	0.0	271.8	270.8	0.1	0.0	271.4	271.3	272.4	272.4	271.8	277.5	98.7	138.0	53.4	17.6	272.2	272.0	40.0	51.6	5.8	60.9	0.0	3.2	.Autoclave.Outputs.PRESSIP\OutputValue	8.0	1.0	0.6	-1.0	0.0	-1.0	-1.0	-1.0	0.0	0.0	0.0	-1.0	-1.0	0.0	0.0	0.0	-1.0	0.0
03:25:19	139.1	271.5	271.5	271.6	271.0	271.0	271.7	0.0	0.0	39.7	-0.1	0.0	0.0	271.7	271.0	0.1	-0.1	271.4	271.4	272.5	272.5	272.0	276.9	98.7	139.1	54.4	16.6	272.3	272.0	40.0	52.2	5.8	60.9	0.0	4.4	.Autoclave.Outputs.PRESSIP\OutputValue	8.0	0.7	0.8	-1.0	0.0	-1.0	-1.0	-1.0	0.0	0.0	0.0	-1.0	-1.0	0.0	0.0	0.0	-1.0	0.0
03:26:18	140.1	271.6	271.5	271.6	271.2	270.8	271.7	0.0	0.0	39.7	-0.1	0.0	0.0	271.7	270.8	0.2	-0.1	271.4	271.3	272.3	272.3	271.9	277.2	98.6	140.0	55.4	15.6	272.3	272.0	40.0	53.5	5.7	60.8	0.0	7.1	.Autoclave.Outputs.PRESSIP\OutputValue	8.0	0.9	0.6	-1.0	0.0	-1.0	-1.0	-1.0	0.0	0.0	0.0	-1.0	-1.0	0.0	0.0	0.0	-1.0	0.0
03:27:18	141.1	271.6	271.5	271.6	271.2	271.0	271.7	0.0	0.0	39.7	-0.1	0.0	0.0	271.7	271.0	0.2	-0.1	271.4	271.4	272.8	272.8	272.2	277.1	98.8	141.1	56.4	14.6	272.2	272.0	40.0	50.2	5.7	60.9	0.0	0.3	.Autoclave.Outputs.PRESSIP\OutputValue	8.0	0.7	1.1	-1.0	0.0	-1.0	-1.0	-1.0	0.0	0.0	0.0	-1.0	-1.0	0.0	0.0	0.0	-1.0	0.0
03:28:18	142.1	271.6	271.5	271.4	271.3	271.1	271.7	0.0	0.0	39.7	-0.1	0.0	0.0	271.7	271.1	0.1	0.0	271.4	271.4	272.3	272.3	271.8	277.4	98.7	142.0	57.4	13.6	272.3	272.0	40.0	53.9	5.7	60.8	0.0	7.9	.Autoclave.Outputs.PRESSIP\OutputValue	8.0	0.6	0.6	-1.0	0.0	-1.0	-1.0	-1.0	0.0	0.0	0.0	-1.0	-1.0	0.0	0.0	0.0	-1.0	0.0
03:29:18	143.1	271.6	271.5	271.6	271.4	271.0	271.7	0.0	0.0	39.7	-0.1	0.0	0.0	271.7	271.0	0.0	-0.2	271.5	271.4	272.6	272.5	271.9	276.8	98.7	143.1	58.4	12.6	272.4	272.0	40.0	51.4	5.6	60.9	0.0	2.9	.Autoclave.Outputs.PRESSIP\OutputValue	8.0	0.7	0.9	-1.0	0.0	-1.0	-1.0	-1.0	0.0	0.0	0.0	-1.0	-1.0	0.0	0.0	0.0	-1.0	0.0
03:30:18	144.1	271.7	271.5	271.5	271.4	271.2	271.8	0.0	0.0	39.7	-0.1	0.0	0.0	271.8	271.2	0.2	0.0	271.5	271.5	272.6	272.7	272.1	276.9	98.7	144.0	59.4	11.6	272.2	272.0	40.0	50.8	5.6	61.1	0.0	1.5	.Autoclave.Outputs.PRESSIP\OutputValue	8.0	0.6	0.8	-1.0	0.0	-1.0	-1.0	-1.0	0.0	0.0	0.0	-1.0	-1.0	0.0	0.0	0.0	-1.0	0.0
03:31:18	145.1	271.7	271.5	271.5	271.5	271.4	271.8	0.0	0.1	39.7	-0.1	0.1	0.0	271.8	271.4	0.2	0.0	271.6	271.6	272.3	272.4	271.7	277.6	98.7	145.1	60.4	10.6	272.2	272.0	40.0	52.7	5.6	60.6	0.0	5.5	.Autoclave.Outputs.PRESSIP\OutputValue	8.0	0.4	0.5	-1.0	0.0	-1.0	-1.0	-1.0	0.0	0.0	0.0	-1.0	-1.0	0.0	0.0	0.0	-1.0	0.0
03:32:18	146.1	271.8	271.5	271.6	271.6	271.2	271.7	0.0	0.0	39.7	-0.1	0.0	0.0	271.8	271.2	0.1	-0.2	271.6	271.5	272.7	272.7	272.1	276.9	98.7	146.0	61.4	9.6	272.1	272.0	40.0	50.0	5.6	60.9	0.0	0.1	.Autoclave.Outputs.PRESSIP\OutputValue	8.0	0.6	1.0	-1.0	0.0	-1.0	-1.0	-1.0	0.0	0.0	0.0	-1.0	-1.0	0.0	0.0	0.0	-1.0	0.0
03:33:18	147.1	271.7	271.5	271.5	271.6	271.4	271.8	0.0	0.0	39.7	-0.1	0.0	0.0	271.8	271.4	0.2	-0.1	271.6	271.6	272.6	272.6	271.9	277.0	98.7	147.0	62.4	8.6	272.2	272.0	40.0	51.3	5.5	60.9	0.0	2.7	.Autoclave.Outputs.PRESSIP\OutputValue	8.0	0.4	0.8	-1.0	0.0	-1.0	-1.0	-1.0	0.0	0.0	0.0	-1.0	-1.0	0.0	0.0	0.0	-1.0	0.0
03:34:18	148.1	271.7	271.5	271.5	271.5	271.3	271.8	0.0	0.0	39.7	-0.1	0.0	0.0	271.8	271.3	0.1	0.0	271.6	271.6	272.5	272.5	271.9	276.7	98.7	148.0	63.4	7.6	272.3	272.0	40.0	51.7	5.5	60.8	0.0	3.5	.Autoclave.Outputs.PRESSIP\OutputValue	8.0	0.5	0.7	-1.0	0.0	-1.0	-1.0	-1.0	0.0	0.0	0.0	-1.0	-1.0	0.0	0.0	0.0	-1.0	0.0
03:35:18	149.1	271.8	271.5	271.5	271.6	271.2	271.8	0.0	0.0	39.7	-0.1	0.0	0.0	271.8	271.2	0.1	-0.1	271.6	271.5	272.5	272.5	272.1	277.0	98.7	149.1	64.4	6.6	272.3	272.0	40.0	51.5	5.5	60.8	0.0	3.0	.Autoclave.Outputs.PRESSIP\OutputValue	8.0	0.6	0.7	-1.0	0.0	-1.0	-1.0	-1.0	0.0	0.0	0.0	-1.0	-1.0	0.0	0.0	0.0	-1.0	0.0
03:36:18	150.1	271.7	271.6	271.5	271.7	271.3	271.8	0.0	0.0	39.7	-0.1	0.0	0.0	271.8	271.3	0.2	-0.1	271.6	271.6	272.3	272.3	271.7	277.5	98.8	150.0	65.4	5.6	272.2	272.0	40.0	52.6	5.5	60.6	0.0	5.2	.Autoclave.Outputs.PRESSIP\OutputValue	8.0	0.5	0.5	-1.0	0.0	-1.0	-1.0	-1.0	0.0	0.0	0.0	-1.0	-1.0	0.0	0.0	0.0	-1.0	0.0
03:37:18	151.1	271.8	271.5	271.4	271.6	271.3	271.7	0.0	0.1	39.7	-0.1	0.1	0.0	271.8	271.3	0.1	-0.1	271.6	271.5	272.3	272.3	272.0	276.9	98.8	151.1	66.4	4.6	272.3	272.0	40.0	53.0	5.4	60.8	0.0	6.0	.Autoclave.Outputs.PRESSIP\OutputValue	8.0	0.5	0.6	-1.0	0.0	-1.0	-1.0	-1.0	0.0	0.0	0.0	-1.0	-1.0	0.0	0.0	0.0	-1.0	0.0
03:38:18	152.1	271.7	271.5	271.4	271.7	271.3	271.7	0.0	0.0	39.7	-0.1	0.0	0.0	271.7	271.3	0.1	-0.2	271.6	271.5	272.2	272.3	271.7	277.4	98.8	152.0	67.4	3.6	272.2	272.0	40.0	53.2	5.4	60.8	0.0	6.5	.Autoclave.Outputs.PRESSIP\OutputValue	8.0	0.4	0.5	-1.0	0.0	-1.0	-1.0	-1.0	0.0	0.0	0.0	-1.0	-1.0	0.0	0.0	0.0	-1.0	0.0
03:39:18	153.1	271.7	271.5	271.6	271.7	271.5	271.8	0.0	0.0	39.7	-0.1	0.0	0.0	271.8	271.5	0.1	0.0	271.6	271.7	272.3	272.3	271.7	277.0	98.7	153.0	68.4	2.6	272.2	272.0	40.0	52.5	5.4	60.8	0.0	5.1	.Autoclave.Outputs.PRESSIP\OutputValue	8.0	0.3	0.5	-1.0	0.0	-1.0	-1.0	-1.0	0.0	0.0	0.0	-1.0	-1.0	0.0	0.0	0.0	-1.0	0.0
03:40:18	154.1	271.6	271.5	271.4	271.8	271.6	271.8	0.0	0.1	39.7	-0.1	0.1	0.0	271.8	271.4	0.1	-0.1	271.6	271.6	272.2	272.2	271.7	277.0	98.8	154.0	69.4	1.6	272.2	272.0	40.0	53.2	5.4	60.8	0.0	6.4	.Autoclave.Outputs.PRESSIP\OutputValue	8.0	0.4	0.4	-1.0	0.0	-1.0	-1.0	-1.0	0.0	0.0	0.0	-1.0	-1.0	0.0	0.0	0.0	-1.0	0.0
03:41:18	155.1	271.7	271.5	271.4	271.8	271.5	271.7	0.0	0.0	39.7	-0.1	0.0	0.0	271.8	271.4	0.3	0.0	271.6	271.6	272.3	272.3	271.7	276.9	98.8	155.1	70.4	0.6	272.2	272.0	40.0	52.5	5.4	60.9	0.0	5.0	.Autoclave.Outputs.PRESSIP\OutputValue	8.0	0.4	0.5	-1.0	0.0	-1.0	-1.0	-1.0	0.0	0.0	0.0	-1.0	-1.0	0.0	0.0	0.0	-1.0	0.0
03:41:56	155.7	271.7	271.4	271.4	271.8	271.5	271.8	0.0	0.1	39.7	-0.1	0.1	0.0	271.8	271.4	0.2	-0.1	271.6	271.6	272.2	272.2	271.6	277.2	98.8	155.7	71.0	0.0	272.2	272.0	40.0	52.3	5.4	60.8	0.0	4.5	.Autoclave.Outputs.PRESSIP\OutputValue	8.0	0.4	0.5	-1.0	0.0	-1.0	-1.0	-1.0	0.0	0.0	0.0	-1.0	-1.0	0.0	0.0	0.0	-1.0	0.0
03:42:18	156.1	271.6	271.4	271.4	271.7	271.4	271.1	0.0	0.0	39.1	-0.1	0.0	0.0	271.7	271.1	0.1	-0.7	271.4	271.4	271.7	271.5	270.7	264.8	98.8	156.1	0.4	0.0	270.3	270.3	40.0	44.2	5.3	66.4	-1.0	0.0	.Autoclave.Outputs.PRESSIP\OutputValue	8.0	0.6	0.0	-1.0	0.0	-1.0	-1.0	-1.0	0.0	0.0	0.0	-1.0	-1.0	0.0	0.0	0.0	-1.0	0.0
03:43:18	157.1	270.5	270.0	270.6	270.7	270.2	269.8	0.0	0.1	40.3	-0.1	0.1	0.0	270.7	269.8	-0.8	-2.0	270.3	270.3	264.6	264.6	263.9	268.5	99.0	157.1	1.4	0.0	265.8	265.8	40.0	61.8	5.6	55.3	0.0	23.6	.Autoclave.Outputs.PRESSIP\OutputValue	7.8	0.9	-6.1	-1.0	0.0	-1.0	-1.0	-1.0	0.0	0.0	0.0	-1.0	-1.0	0.0	0.0	0.0	-1.0	0.0
03:44:18	158.1	269.8	269.4	269.8	270.3	269.4	268.4	-0.1	0.0	39.5	-0.1	0.0	-0.1	270.3	268.4	-0.3	-0.7	269.5	269.4	262.2	262.1	261.2	254.7	98.8	158.0	2.4	0.0	261.4	261.3	40.0	47.9	5.5	61.9	-1.0	0.0	.Autoclave.Outputs.PRESSIP\OutputValue	7.6	1.9	-8.1	-1.0	0.0	-1.0	-1.0	-1.0	0.0	0.0	0.0	-1.0	-1.0	0.0	0.0	0.0	-1.0	0.0
03:45:18	159.1	268.5	267.7	268.6	269.3	268.2	267.0	-0.1	0.0	39.7	-0.1	0.0	-0.1	269.3	267.0	-1.1	-2.0	268.2	268.2	256.4	256.4	255.6	259.3	98.9	159.0	3.4	0.0	256.9	256.8	40.0	56.8	5.8	60.8	0.0	13.6	.Autoclave.Outputs.PRESSIP\OutputValue	8.0	2.3	-12.9	-1.0	0.0	-1.0	-1.0	-1.0	0.0	0.0	0.0	-1.0	-1.0	0.0	0.0	0.0	-1.0	0.0
03:46:18	160.1	267.1	266.2	267.4	268.2	266.9	263.8	-0.1	0.0	39.7	-0.1	0.0	-0.1	268.2	263.8	-0.8	-2.7	266.6	266.0	250.1	250.0	249.0	240.2	98.9	160.1	4.4	0.0	252.3	252.3	40.0	68.7	5.7	61.3	0.0	37.4	.Autoclave.Outputs.PRESSIP\OutputValue	8.0	4.4	-18.1	-1.0	0.0	-1.0	-1.0	-1.0	0.0	0.0	0.0	-1.0	-1.0	0.0	0.0	0.0	-1.0	0.0
03:47:18	161.1	265.9	264.8	265.8	267.7	265.8	263.6	-0.1	0.1	40.0	-0.1	0.1	-0.1	267.7	263.6	-0.7	-1.7	265.6	265.7	248.6	248.6	247.9	249.4	99.0	161.1	5.4	0.0	247.8	247.8	40.0	48.9	5.9	58.0	0.0	0.0	.Autoclave.Outputs.PRESSIP\OutputValue	7.9	4.1	-19.1	-1.0	0.0	-1.0	-1.0	-1.0	0.0	0.0	0.0	-1.0	-1.0	0.0	0.0	0.0	-1.0	0.0
03:48:18	162.1	263.7	262.4	263.8	266.2	264.1	261.0	-0.1	0.0	39.6	-0.1	0.0	-0.1	266.2	261.0	-1.4	-2.7	263.5	263.6	240.9	240.9	240.2	243.0	98.9	162.0	6.4	0.0	243.4	243.3	40.0	70.4	6.0	61.5	0.0	40.9	.Autoclave.Outputs.PRESSIP\OutputValue	8.0	5.2	-25.3	-1.0	0.0	-1.0	-1.0	-1.0	0.0	0.0	0.0	-1.0	-1.0	0.0	0.0	0.0	-1.0	0.0
03:49:18	163.1	262.0	260.7	262.0	264.7	262.7	258.3	-0.2	0.0	39.8	-0.1	0.0	-0.2	264.7	258.3	-0.9	-2.4	261.7	261.5	237.4	237.3	236.5	227.9	99.0	163.1	7.4	0.0	238.8	238.8	40.0	63.7	6.0	60.4	0.0	27.4	.Autoclave.Outputs.PRESSIP\OutputValue	8.0	6.4	-27.3	-1.0	0.0	-1.0	-1.0	-1.0	0.0	0.0	0.0	-1.0	-1.0	0.0	0.0	0.0	-1.0	0.0
03:50:18	164.1	260.2	258.7	259.9	264.0	261.9	257.5	-0.1	0.1	40.0	-0.1	0.1	-0.1	264.0	257.5	-1.0	-2.2	260.4	260.8	235.6	235.6	234.9	235.8	99.1	164.0	8.4	0.0	234.4	234.3	40.0	45.2	6.1	58.2	-1.0	0.0	.Autoclave.Outputs.PRESSIP\OutputValue	7.8	6.5	-28.4	-1.0	0.0	-1.0	-1.0	-1.0	0.0	0.0	0.0	-1.0	-1.0	0.0	0.0	0.0	-1.0	0.0
03:51:18	165.1	257.7	256.2	257.4	262.3	259.8	255.1	-0.1	0.0	39.7	-0.1	0.0	-0.1	262.3	255.1	-1.4	-2.8	258.1	258.7	229.8	229.8	229.0	232.1	99.0	165.0	9.4	0.0	229.8	229.8	40.0	54.7	6.2	60.8	0.0	9.3	.Autoclave.Outputs.PRESSIP\OutputValue	8.0	7.2	-32.5	-1.0	0.0	-1.0	-1.0	-1.0	0.0	0.0	0.0	-1.0	-1.0	0.0	0.0	0.0	-1.0	0.0
03:51:55	165.7	256.3	254.7	256.3	260.9	258.4	252.2	-0.2	0.0	39.8	-0.1	0.0	-0.2	260.9	252.2	-1.2	-2.4	256.5	256.6	225.6	225.5	224.5	215.4	99.1	165.7	10.0	0.0	227.1	227.1	40.0	64.6	6.2	60.0	0.0	29.2	.Autoclave.Outputs.PRESSIP\OutputValue	8.0	8.7	-35.4	-1.0	0.0	-1.0	-1.0	-1.0	0.0	0.0	0.0	-1.0	-1.0	0.0	0.0	0.0	-1.0	0.0
03:52:18	166.1	255.4	253.7	255.1	260.6	257.2	252.1	-0.2	0.0	40.2	-0.1	0.0	-0.2	260.6	252.1	-2.1	-3.2	255.7	256.4	223.6	223.6	222.7	225.1	99.1	166.1	0.4	0.0	225.3	225.3	40.0	66.0	6.3	56.0	0.0	32.0	.Autoclave.Outputs.PRESSIP\OutputValue	7.9	8.5	-37.0	-1.0	0.0	-1.0	-1.0	-1.0	0.0	0.0	0.0	-1.0	-1.0	0.0	0.0	0.0	-1.0	0.0
03:53:18	167.1	252.6	250.9	252.5	258.8	255.4	248.6	-0.2	0.0	39.6	-0.1	0.0	-0.2	258.8	248.6	-1.4	-2.8	253.1	253.7	218.4	218.2	217.4	214.2	99.0	167.1	1.4	0.0	220.8	220.8	40.0	70.7	6.3	62.1	0.0	41.3	.Autoclave.Outputs.PRESSIP\OutputValue	8.0	10.2	-40.4	-1.0	0.0	-1.0	-1.0	-1.0	0.0	0.0	0.0	-1.0	-1.0	0.0	0.0	0.0	-1.0	0.0
03:54:18	168.1	250.4	248.5	249.7	257.3	254.0	247.1	-0.2	0.0	39.2	-0.1	0.0	-0.2	257.3	247.1	-1.1	-3.0	251.2	252.2	217.1	216.9	216.1	208.7	98.9	168.0	2.4	0.0	216.3	216.3	40.0	49.5	6.3	66.0	-1.0	0.0	.Autoclave.Outputs.PRESSIP\OutputValue	8.0	10.2	-40.2	-1.0	0.0	-1.0	-1.0	-1.0	0.0	0.0	0.0	-1.0	-1.0	0.0	0.0	0.0	-1.0	0.0
03:55:18	169.1	247.7	245.8	246.7	255.8	252.1	245.0	-0.2	0.0	39.4	-0.1	0.0	-0.2	255.8	245.0	-1.8	-3.0	248.9	250.4	212.9	212.9	212.1	214.4	99.0	169.1	3.4	0.0	211.8	211.8	40.0	47.5	6.4	64.0	-1.0	0.0	.Autoclave.Outputs.PRESSIP\OutputValue	8.0	10.8	-42.9	-1.0	0.0	-1.0	-1.0	-1.0	0.0	0.0	0.0	-1.0	-1.0	0.0	0.0	0.0	-1.0	0.0
03:56:18	170.1	244.7	242.5	243.8	253.6	249.8	242.0	-0.2	0.0	39.9	-0.1	0.0	-0.2	253.6	242.0	-2.4	-3.3	246.1	247.8	207.0	207.0	206.2	208.6	99.1	170.0	4.4	0.0	207.4	207.3	40.0	57.7	6.4	59.2	0.0	15.3	.Autoclave.Outputs.PRESSIP\OutputValue	8.0	11.6	-46.6	-1.0	0.0	-1.0	-1.0	-1.0	0.0	0.0	0.0	-1.0	-1.0	0.0	0.0	0.0	-1.0	0.0
03:57:18	171.1	241.3	239.4	240.4	251.0	247.1	238.4	-0.2	0.0	39.4	-0.1	0.0	-0.2	251.0	238.4	-2.6	-3.7	242.9	244.7	200.7	200.8	200.1	201.1	99.2	171.1	5.4	0.0	202.9	202.8	40.0	69.0	6.4	63.8	0.0	38.0	.Autoclave.Outputs.PRESSIP\OutputValue	8.0	12.6	-50.3	-1.0	0.0	-1.0	-1.0	-1.0	0.0	0.0	0.0	-1.0	-1.0	0.0	0.0	0.0	-1.0	0.0
03:58:18	172.1	238.4	236.1	237.5	249.5	244.5	235.1	-0.2	0.0	39.5	-0.1	0.0	-0.2	249.5	235.1	-1.2	-3.3	240.2	242.3	197.2	197.2	196.5	188.9	99.1	172.1	6.4	0.0	198.3	198.3	40.0	61.6	6.4	62.6	0.0	23.2	.Autoclave.Outputs.PRESSIP\OutputValue	8.0	14.4	-52.4	-1.0	0.0	-1.0	-1.0	-1.0	0.0	0.0	0.0	-1.0	-1.0	0.0	0.0	0.0	-1.0	0.0
03:59:18	173.1	235.5	233.1	234.2	247.6	243.5	232.8	-0.2	0.0	39.3	-0.1	0.0	-0.2	247.6	232.8	-1.1	-3.4	237.8	240.2	194.2	194.2	193.5	186.5	99.0	173.0	7.4	0.0	193.9	193.8	40.0	52.3	6.4	65.1	0.0	4.7	.Autoclave.Outputs.PRESSIP\OutputValue	8.0	14.8	-53.5	-1.0	0.0	-1.0	-1.0	-1.0	0.0	0.0	0.0	-1.0	-1.0	0.0	0.0	0.0	-1.0	0.0
04:00:18	174.1	232.4	230.0	230.7	245.2	241.2	230.1	-0.2	0.0	39.2	-0.1	0.0	-0.2	245.2	230.0	-2.2	-3.7	234.9	237.6	190.8	190.8	190.0	186.6	99.0	174.1	8.4	0.0	189.3	189.3	40.0	44.9	6.4	66.0	-1.0	0.0	.Autoclave.Outputs.PRESSIP\OutputValue	8.0	15.2	-54.5	-1.0	0.0	-1.0	-1.0	-1.0	0.0	0.0	0.0	-1.0	-1.0	0.0	0.0	0.0	-1.0	0.0
04:01:18	175.1	228.8	226.4	227.1	243.1	238.4	227.2	-0.2	0.0	39.9	-0.1	0.0	-0.2	243.1	226.4	-2.1	-3.8	231.8	234.8	185.8	185.8	185.1	186.4	99.1	175.1	9.4	0.0	184.8	184.8	40.0	48.4	6.4	59.6	0.0	0.0	.Autoclave.Outputs.PRESSIP\OutputValue	8.0	16.7	-57.4	-1.0	0.0	-1.0	-1.0	-1.0	0.0	0.0	0.0	-1.0	-1.0	0.0	0.0	0.0	-1.0	0.0
04:02:18	176.1	225.5	222.8	223.5	240.5	235.7	223.7	-0.2	0.0	39.5	-0.1	0.0	-0.2	240.5	222.8	-2.6	-3.7	228.6	231.7	180.6	180.8	180.1	181.7	99.2	176.0	10.4	0.0	180.4	180.3	40.0	53.1	6.4	62.4	0.0	6.1	.Autoclave.Outputs.PRESSIP\OutputValue	8.0	17.7	-60.0	-1.0	0.0	-1.0	-1.0	-1.0	0.0	0.0	0.0	-1.0	-1.0	0.0	0.0	0.0	-1.0	0.0
04:03:18	177.1	221.9	219.5	220.0	238.0	232.3	220.3	-0.2	0.1	39.8	-0.1	0.1	-0.2	238.0	219.5	-2.7	-3.7	225.3	228.8	175.5	175.5	174.7	176.3	99.2	177.0	11.4	0.0	175.9	175.8	40.0	57.7	6.4	59.6	0.0	15.4	.Autoclave.Outputs.PRESSIP\OutputValue	8.0	18.5	-62.6	-1.0	0.0	-1.0	-1.0	-1.0	0.0	0.0	0.0	-1.0	-1.0	0.0	0.0	0.0	-1.0	0.0
04:04:18	178.1	218.4	215.4	216.3	235.4	230.7	216.7	-0.3	0.0	39.3	-0.1	0.0	-0.3	235.4	215.4	-2.2	-3.7	222.1	225.4	170.5	170.5	169.9	167.7	99.0	178.1	12.4	0.0	171.3	171.3	40.0	60.3	6.3	64.9	0.0	20.5	.Autoclave.Outputs.PRESSIP\OutputValue	8.0	20.0	-65.0	-1.0	0.0	-1.0	-1.0	-1.0	0.0	0.0	0.0	-1.0	-1.0	0.0	0.0	0.0	-1.0	0.0
04:05:18	179.1	214.9	212.4	212.7	233.0	226.8	213.2	-0.3	0.0	39.6	-0.1	0.0	-0.3	233.0	212.4	-2.4	-3.8	218.8	222.7	166.5	166.5	166.0	160.2	99.0	179.0	13.4	0.0	166.9	166.9	40.0	55.8	6.2	62.4	0.0	11.7	.Autoclave.Outputs.PRESSIP\OutputValue	8.0	20.6	-66.6	-1.0	0.0	-1.0	-1.0	-1.0	0.0	0.0	0.0	-1.0	-1.0	0.0	0.0	0.0	-1.0	0.0
04:06:19	180.1	211.0	208.3	208.9	230.6	224.8	209.9	-0.2	0.0	39.2	-0.1	0.0	-0.2	230.6	208.3	-2.4	-3.9	215.6	219.5	162.5	162.4	161.9	156.4	99.0	180.0	14.4	0.0	162.4	162.3	40.0	53.6	6.2	66.0	0.0	7.2	.Autoclave.Outputs.PRESSIP\OutputValue	8.0	22.4	-68.2	-1.0	0.0	-1.0	-1.0	-1.0	0.0	0.0	0.0	-1.0	-1.0	0.0	0.0	0.0	-1.0	0.0
04:07:18	181.1	207.7	204.9	205.2	227.9	222.3	207.0	-0.2	0.1	39.3	-0.1	0.1	-0.2	227.9	204.9	-2.6	-3.9	212.5	216.4	159.5	159.5	159.0	154.0	98.9	181.0	15.4	0.0	157.9	157.8	40.0	43.5	6.1	65.3	-1.0	0.0	.Autoclave.Outputs.PRESSIP\OutputValue	8.0	23.1	-68.5	-1.0	0.0	-1.0	-1.0	-1.0	0.0	0.0	0.0	-1.0	-1.0	0.0	0.0	0.0	-1.0	0.0
04:08:18	182.1	203.9	201.2	201.2	224.9	219.6	203.8	-0.2	0.0	39.5	-0.1	0.0	-0.2	224.9	201.2	-3.0	-4.0	209.1	213.1	155.0	155.0	154.3	153.5	98.9	182.0	16.4	0.0	153.4	153.3	40.0	43.5	6.0	63.0	-1.0	0.0	.Autoclave.Outputs.PRESSIP\OutputValue	8.0	23.8	-70.0	-1.0	0.0	-1.0	-1.0	-1.0	0.0	0.0	0.0	-1.0	-1.0	0.0	0.0	0.0	-1.0	0.0
04:09:18	183.1	200.2	197.0	197.1	222.1	216.0	200.0	-0.2	0.1	39.2	-0.1	0.1	-0.2	222.1	197.0	-2.7	-4.2	205.4	209.6	149.5	149.5	148.9	149.6	99.0	183.0	17.4	0.0	148.9	148.8	40.0	50.1	6.0	66.2	0.0	0.3	.Autoclave.Outputs.PRESSIP\OutputValue	8.0	25.2	-72.7	-1.0	0.0	-1.0	-1.0	-1.0	0.0	0.0	0.0	-1.0	-1.0	0.0	0.0	0.0	-1.0	0.0
04:10:18	184.1	196.5	193.1	193.3	219.1	213.3	195.8	-0.3	0.0	39.4	-0.1	0.0	-0.3	219.1	193.1	-2.9	-3.8	201.9	206.1	144.3	144.2	143.7	141.3	98.9	184.1	18.4	0.0	144.3	144.3	40.0	54.5	5.8	64.3	0.0	9.1	.Autoclave.Outputs.PRESSIP\OutputValue	8.0	26.1	-74.9	-1.0	0.0	-1.0	-1.0	-1.0	0.0	0.0	0.0	-1.0	-1.0	0.0	0.0	0.0	-1.0	0.0
04:11:18	185.1	192.2	189.4	189.4	216.4	210.9	192.6	-0.3	0.0	39.1	-0.1	0.0	-0.3	216.4	189.4	-2.7	-4.3	198.5	202.9	141.8	141.8	141.1	137.8	98.9	185.0	19.4	0.0	139.9	139.8	40.0	41.2	5.7	67.2	-1.0	0.0	.Autoclave.Outputs.PRESSIP\OutputValue	8.0	27.1	-74.7	-1.0	0.0	-1.0	-1.0	-1.0	0.0	0.0	0.0	-1.0	-1.0	0.0	0.0	0.0	-1.0	0.0
04:12:18	186.1	188.4	185.3	185.4	213.4	207.1	188.7	-0.3	0.0	39.3	-0.1	0.0	-0.3	213.4	185.3	-3.5	-4.1	194.7	199.3	136.8	136.8	136.2	133.1	98.7	186.1	20.4	0.0	135.3	135.3	40.0	43.7	5.6	64.7	-1.0	0.0	.Autoclave.Outputs.PRESSIP\OutputValue	8.0	28.1	-76.6	-1.0	0.0	-1.0	-1.0	-1.0	0.0	0.0	0.0	-1.0	-1.0	0.0	0.0	0.0	-1.0	0.0
04:13:18	187.1	184.3	181.3	181.1	209.4	203.4	185.2	-0.2	0.0	39.7	-0.1	0.0	-0.2	209.4	181.1	-3.1	-4.2	190.8	195.2	132.5	132.5	131.8	129.9	98.9	187.1	21.4	0.0	130.8	130.8	40.0	44.2	5.5	61.3	-1.0	0.0	.Autoclave.Outputs.PRESSIP\OutputValue	8.0	28.3	-76.9	-1.0	0.0	-1.0	-1.0	-1.0	0.0	0.0	0.0	-1.0	-1.0	0.0	0.0	0.0	-1.0	0.0
04:14:18	188.1	180.6	177.6	177.1	207.3	201.3	181.8	-0.2	0.0	39.3	-0.1	0.0	-0.2	207.3	177.1	-2.2	-4.1	187.6	192.2	128.7	128.8	128.2	126.3	98.9	188.0	22.4	0.0	126.4	126.3	40.0	38.9	5.3	64.7	-1.0	0.0	.Autoclave.Outputs.PRESSIP\OutputValue	8.0	30.2	-78.6	-1.0	0.0	-1.0	-1.0	-1.0	0.0	0.0	0.0	-1.0	-1.0	0.0	0.0	0.0	-1.0	0.0
04:15:18	189.1	176.7	173.3	173.2	203.6	198.2	178.3	-0.2	0.0	39.1	-0.1	0.0	-0.2	203.6	173.2	-2.7	-4.3	183.9	188.4	125.8	125.8	125.1	123.6	98.7	189.0	23.4	0.0	121.9	121.8	40.0	27.2	5.0	67.5	-1.0	0.0	.Autoclave.Outputs.PRESSIP\OutputValue	8.0	30.4	-77.8	-1.0	0.0	-1.0	-1.0	-1.0	0.0	0.0	0.0	-1.0	-1.0	0.0	0.0	0.0	-1.0	0.0
04:16:18	190.1	172.8	169.5	169.2	201.2	194.5	175.1	-0.2	0.0	39.6	-0.1	0.0	-0.2	201.2	169.2	-3.1	-3.9	180.4	185.2	123.3	123.1	122.8	121.5	98.5	190.0	24.4	0.0	117.3	117.3	40.0	12.7	4.5	62.1	-1.0	0.0	.Autoclave.Outputs.PRESSIP\OutputValue	8.0	32.0	-77.8	-1.0	0.0	-1.0	-1.0	-1.0	0.0	0.0	0.0	-1.0	-1.0	0.0	0.0	0.0	-1.0	0.0
04:17:18	191.1	169.4	166.2	165.4	197.5	191.6	172.4	-0.2	0.0	39.4	-0.1	0.0	-0.2	197.5	165.4	-2.4	-3.9	177.1	181.4	120.6	120.6	120.0	119.4	98.7	191.0	25.4	0.0	112.8	112.8	40.0	0.0	0.0	64.1	-1.0	0.0	.Autoclave.Outputs.PRESSIP\OutputValue	8.0	32.1	-76.8	-1.0	0.0	-1.0	-1.0	-1.0	0.0	0.0	0.0	-1.0	-1.0	0.0	0.0	0.0	-1.0	0.0
04:18:18	192.1	165.9	163.0	161.9	195.5	189.6	168.7	-0.2	0.0	39.2	-0.1	0.0	-0.2	195.5	161.9	-2.5	-3.6	174.1	178.7	118.1	118.1	117.8	117.5	98.7	192.0	26.4	0.0	108.4	108.3	40.0	0.0	0.0	65.8	-1.0	0.0	.Autoclave.Outputs.PRESSIP\OutputValue	8.0	33.6	-77.3	-1.0	0.0	-1.0	-1.0	-1.0	0.0	0.0	0.0	-1.0	-1.0	0.0	0.0	0.0	-1.0	0.0
04:19:18	193.1	162.6	159.5	158.5	192.2	187.2	166.2	-0.2	0.0	39.6	-0.1	0.0	-0.2	192.2	158.5	-2.4	-3.7	171.0	175.3	116.8	116.8	116.4	116.2	98.7	193.1	27.4	0.0	103.8	103.8	40.0	0.0	0.0	61.7	-1.0	0.0	.Autoclave.Outputs.PRESSIP\OutputValue	8.0	33.7	-75.3	-1.0	0.0	-1.0	-1.0	-1.0	0.0	0.0	0.0	-1.0	-1.0	0.0	0.0	0.0	-1.0	0.0
04:20:18	194.1	159.3	156.2	155.1	189.4	183.5	163.2	-0.2	0.0	39.5	-0.1	0.0	-0.2	189.4	155.1	-2.5	-3.9	167.8	172.2	115.1	115.1	114.5	114.4	98.7	194.0	28.4	0.0	99.4	99.3	40.0	0.0	0.0	63.4	-1.0	0.0	.Autoclave.Outputs.PRESSIP\OutputValue	8.0	34.3	-74.2	-1.0	0.0	-1.0	-1.0	-1.0	0.0	0.0	0.0	-1.0	-1.0	0.0	0.0	0.0	-1.0	0.0
04:21:18	195.1	156.0	153.1	151.9	186.7	181.0	160.4	-0.1	0.0	39.3	-0.1	0.0	-0.1	186.7	151.9	-2.8	-3.4	164.8	169.3	113.3	113.3	112.8	113.0	98.7	195.1	29.4	0.0	94.8	94.8	40.0	0.0	0.0	64.9	-1.0	0.0	.Autoclave.Outputs.PRESSIP\OutputValue	8.0	34.8	-73.3	-1.0	0.0	-1.0	-1.0	-1.0	0.0	0.0	0.0	-1.0	-1.0	0.0	0.0	0.0	-1.0	0.0
04:22:18	196.1	152.7	149.9	148.8	183.7	179.0	157.6	-0.1	0.0	39.2	-0.1	0.0	-0.1	183.7	148.8	-1.5	-3.3	161.9	166.2	111.8	111.8	111.3	111.6	98.5	196.1	30.4	0.0	90.3	90.3	40.0	0.0	0.0	66.4	-1.0	0.0	.Autoclave.Outputs.PRESSIP\OutputValue	8.0	34.9	-71.8	-1.0	0.0	-1.0	-1.0	-1.0	0.0	0.0	0.0	-1.0	-1.0	0.0	0.0	0.0	-1.0	0.0
04:23:18	197.1	149.7	147.2	145.6	180.7	176.4	154.9	-0.1	0.0	39.0	-0.1	0.0	-0.1	180.7	145.6	-2.7	-3.2	159.1	163.1	110.4	110.4	109.7	110.3	98.5	197.1	31.4	0.0	85.8	85.8	40.0	0.0	0.0	67.5	-1.0	0.0	.Autoclave.Outputs.PRESSIP\OutputValue	8.0	35.1	-70.2	-1.0	0.0	-1.0	-1.0	-1.0	0.0	0.0	0.0	-1.0	-1.0	0.0	0.0	0.0	-1.0	0.0
04:24:18	198.1	147.0	144.4	142.9	178.0	174.4	152.6	-0.1	0.0	39.5	-0.1	0.0	-0.1	178.0	142.9	-2.0	-2.9	156.5	160.4	109.4	109.4	108.7	109.4	98.5	198.0	32.4	0.0	81.4	81.3	40.0	0.0	0.0	62.6	-1.0	0.0	.Autoclave.Outputs.PRESSIP\OutputValue	8.0	35.1	-68.5	-1.0	0.0	-1.0	-1.0	-1.0	0.0	0.0	0.0	-1.0	-1.0	0.0	0.0	0.0	-1.0	0.0
04:25:18	199.1	144.1	141.7	140.1	175.7	171.6	150.3	-0.1	0.0	39.4	-0.1	0.0	-0.1	175.7	140.1	-2.5	-2.9	153.9	157.9	108.0	108.0	107.4	108.4	98.5	199.0	33.4	0.0	80.0	80.0	40.0	0.0	0.0	63.6	-1.0	0.0	.Autoclave.Outputs.PRESSIP\OutputValue	8.0	35.6	-67.6	-1.0	0.0	-1.0	-1.0	-1.0	0.0	0.0	0.0	-1.0	-1.0	0.0	0.0	0.0	-1.0	0.0
04:26:18	200.1	141.7	139.4	137.6	173.2	169.6	148.1	-0.1	0.0	39.3	-0.1	0.0	-0.1	173.2	137.6	-2.1	-2.7	151.6	155.4	107.0	107.0	106.1	107.6	98.5	200.1	34.4	0.0	80.0	80.0	40.0	0.0	0.0	64.9	-1.0	0.0	.Autoclave.Outputs.PRESSIP\OutputValue	8.0	35.6	-66.1	-1.0	0.0	-1.0	-1.0	-1.0	0.0	0.0	0.0	-1.0	-1.0	0.0	0.0	0.0	-1.0	0.0
04:27:18	201.1	139.2	136.8	135.3	170.7	167.8	145.9	-0.1	0.0	39.2	-0.1	0.0	-0.1	170.7	135.3	-1.6	-2.6	149.3	153.0	106.2	106.2	105.3	106.8	98.5	201.1	35.4	0.0	80.0	80.0	40.0	0.0	0.0	65.8	-1.0	0.0	.Autoclave.Outputs.PRESSIP\OutputValue	8.0	35.4	-64.4	-1.0	0.0	-1.0	-1.0	-1.0	0.0	0.0	0.0	-1.0	-1.0	0.0	0.0	0.0	-1.0	0.0
04:28:18	202.1	136.8	134.5	133.1	168.4	165.5	143.6	-0.1	0.0	39.1	-0.1	0.0	-0.1	168.4	133.1	-2.1	-3.2	147.0	150.7	105.2	105.3	104.5	105.9	98.5	202.0	36.4	0.0	80.0	80.0	40.0	0.0	0.0	66.6	-1.0	0.0	.Autoclave.Outputs.PRESSIP\OutputValue	8.0	35.3	-63.1	-1.0	0.0	-1.0	-1.0	-1.0	0.0	0.0	0.0	-1.0	-1.0	0.0	0.0	0.0	-1.0	0.0
04:29:18	203.1	134.5	132.5	131.0	166.1	162.6	141.5	-0.1	0.0	39.1	-0.1	0.0	-0.1	166.1	131.0	-1.9	-2.8	144.7	148.5	104.1	104.2	103.5	105.2	98.6	203.0	37.4	0.0	80.0	80.0	40.0	0.0	0.0	67.5	-1.0	0.0	.Autoclave.Outputs.PRESSIP\OutputValue	8.0	35.1	-61.9	-1.0	0.0	-1.0	-1.0	-1.0	0.0	0.0	0.0	-1.0	-1.0	0.0	0.0	0.0	-1.0	0.0
04:30:18	204.1	132.4	130.3	128.8	163.6	161.5	139.9	-0.1	0.0	39.6	-0.1	0.0	-0.1	163.6	128.8	-1.9	-2.2	142.7	146.2	103.9	103.9	103.2	104.6	98.5	204.0	38.4	0.0	80.0	80.0	40.0	0.0	0.0	62.4	-1.0	0.0	.Autoclave.Outputs.PRESSIP\OutputValue	8.0	34.8	-59.6	-1.0	0.0	-1.0	-1.0	-1.0	0.0	0.0	0.0	-1.0	-1.0	0.0	0.0	0.0	-1.0	0.0
04:31:18	205.1	130.2	128.3	126.9	161.5	158.5	137.9	-0.1	0.1	39.5	-0.1	0.1	-0.1	161.5	126.9	-1.8	-2.8	140.5	144.2	103.1	103.1	102.3	104.1	98.6	205.1	39.4	0.0	80.0	80.0	40.0	0.0	0.0	63.4	-1.0	0.0	.Autoclave.Outputs.PRESSIP\OutputValue	8.0	34.6	-58.3	-1.0	0.0	-1.0	-1.0	-1.0	0.0	0.0	0.0	-1.0	-1.0	0.0	0.0	0.0	-1.0	0.0
04:32:18	206.1	128.3	126.4	125.2	159.6	157.4	136.2	-0.1	0.0	39.4	-0.1	0.0	-0.1	159.6	125.2	-1.1	-2.2	138.8	142.4	102.6	102.6	101.8	103.4	98.6	206.1	40.4	0.0	80.0	80.0	40.0	0.0	0.0	63.8	-1.0	0.0	.Autoclave.Outputs.PRESSIP\OutputValue	8.0	34.4	-56.9	-1.0	0.0	-1.0	-1.0	-1.0	0.0	0.0	0.0	-1.0	-1.0	0.0	0.0	0.0	-1.0	0.0
04:33:18	207.1	126.5	124.7	123.3	157.1	155.0	134.6	-0.1	0.1	39.3	-0.1	0.1	-0.1	157.1	123.3	-1.7	-2.6	136.9	140.2	101.7	101.7	101.0	102.9	98.6	207.1	41.4	0.0	80.0	80.0	40.0	0.0	0.0	64.7	-1.0	0.0	.Autoclave.Outputs.PRESSIP\OutputValue	8.0	33.7	-55.3	-1.0	0.0	-1.0	-1.0	-1.0	0.0	0.0	0.0	-1.0	-1.0	0.0	0.0	0.0	-1.0	0.0
04:34:18	208.1	124.7	122.9	121.5	155.2	153.3	132.7	-0.1	0.1	39.3	-0.1	0.1	-0.1	155.2	121.5	-1.6	-1.9	135.1	138.4	101.0	101.0	100.3	102.3	98.6	208.1	42.4	0.0	80.0	80.0	40.0	0.0	0.0	65.3	-1.0	0.0	.Autoclave.Outputs.PRESSIP\OutputValue	8.0	33.6	-54.1	-1.0	0.0	-1.0	-1.0	-1.0	0.0	0.0	0.0	-1.0	-1.0	0.0	0.0	0.0	-1.0	0.0
04:35:18	209.1	123.0	121.2	120.0	153.0	151.0	131.2	-0.1	0.0	39.2	-0.1	0.0	-0.1	153.0	120.0	-1.5	-2.3	133.2	136.5	100.7	100.7	99.9	101.8	98.5	209.0	43.4	0.0	80.0	80.0	40.0	0.0	0.0	65.8	-1.0	0.0	.Autoclave.Outputs.PRESSIP\OutputValue	8.0	32.9	-52.2	-1.0	0.0	-1.0	-1.0	-1.0	0.0	0.0	0.0	-1.0	-1.0	0.0	0.0	0.0	-1.0	0.0
04:36:18	210.1	121.5	119.7	118.4	151.2	149.2	129.7	-0.1	0.0	39.2	-0.1	0.0	-0.1	151.2	118.4	-1.5	-1.8	131.6	134.8	100.0	100.0	99.3	101.3	98.6	210.1	44.4	0.0	80.0	80.0	40.0	0.0	0.0	66.4	-1.0	0.0	.Autoclave.Outputs.PRESSIP\OutputValue	8.0	32.7	-51.1	-1.0	0.0	-1.0	-1.0	-1.0	0.0	0.0	0.0	-1.0	-1.0	0.0	0.0	0.0	-1.0	0.0
04:37:18	211.1	119.9	118.2	117.1	149.3	147.0	128.4	-0.1	0.1	39.1	-0.1	0.1	-0.1	149.3	117.1	-1.5	-2.0	130.0	133.2	99.6	99.5	98.9	101.0	98.6	211.1	45.4	0.0	80.0	80.0	40.0	0.0	0.0	67.0	-1.0	0.0	.Autoclave.Outputs.PRESSIP\OutputValue	8.0	32.1	-49.6	-1.0	0.0	-1.0	-1.0	-1.0	0.0	0.0	0.0	-1.0	-1.0	0.0	0.0	0.0	-1.0	0.0
04:38:01	211.8	118.8	117.2	116.1	148.0	145.8	127.4	-0.1	0.0	39.1	-0.1	0.0	-0.1	148.0	116.1	-1.2	-1.6	128.9	132.1	99.3	99.3	98.6	100.7	98.6	211.8	46.1	0.0	80.0	80.0	40.0	0.0	0.0	67.3	-1.0	0.0	.Autoclave.Outputs.PRESSIP\OutputValue	8.0	31.8	-48.7	-1.0	0.0	-1.0	-1.0	-1.0	0.0	0.0	0.0	-1.0	-1.0	0.0	0.0	0.0	-1.0	0.0
04:38:18	212.1	118.3	116.7	115.7	147.2	145.7	127.0	-0.1	0.0	37.6	-0.1	0.0	-0.1	147.2	115.7	-1.2	-2.4	128.4	131.5	98.7	98.5	97.9	99.0	98.2	212.0	0.3	0.0	80.0	80.0	37.1	0.0	0.0	53.4	-1.0	0.0	.Autoclave.Outputs.PRESSIP\OutputValue	7.8	31.4	-48.4	-1.0	0.0	-1.0	-1.0	-1.0	0.0	0.0	0.0	-1.0	-1.0	0.0	0.0	0.0	-1.0	0.0
04:39:18	213.1	116.7	115.2	114.3	145.3	144.8	125.3	-0.1	0.0	27.8	-0.1	0.0	-0.1	145.3	114.3	-1.4	-2.0	126.9	129.8	93.9	93.9	93.3	94.9	97.3	213.0	1.3	0.0	80.0	80.0	27.1	0.0	0.0	50.4	-1.0	0.0	.Autoclave.Outputs.PRESSIP\OutputValue	6.6	30.9	-51.3	-1.0	0.0	-1.0	-1.0	-1.0	0.0	0.0	0.0	-1.0	-1.0	0.0	0.0	0.0	-1.0	0.0
04:40:18	214.1	115.3	113.9	112.8	143.6	143.2	124.2	-0.2	0.0	18.0	-0.1	0.0	-0.2	143.6	112.8	-1.1	-1.6	125.5	128.2	90.4	90.4	89.9	92.2	96.6	214.1	2.3	0.0	80.0	80.0	17.1	0.0	0.0	44.7	-1.0	0.0	.Autoclave.Outputs.PRESSIP\OutputValue	5.1	30.7	-53.1	-1.0	0.0	-1.0	-1.0	-1.0	0.0	0.0	0.0	-1.0	-1.0	-1.0	0.0	0.0	-1.0	0.0
04:41:18	215.1	114.1	112.9	111.7	142.7	142.9	123.5	-0.2	0.0	8.1	-0.1	0.0	-0.2	142.9	111.7	-0.3	-1.3	124.6	127.3	87.4	87.4	86.9	89.3	95.7	215.0	3.3	0.0	80.0	80.0	7.1	0.0	0.0	42.6	-1.0	0.0	.Autoclave.Outputs.PRESSIP\OutputValue	3.6	31.2	-55.5	-1.0	0.0	-1.0	-1.0	-1.0	0.0	0.0	0.0	-1.0	-1.0	-1.0	0.0	0.0	-1.0	0.0
04:42:18	216.1	113.1	112.4	110.8	141.9	142.8	123.2	-0.4	0.0	1.7	-0.1	0.0	-0.4	142.8	110.8	0.0	-0.9	124.0	126.8	86.6	86.6	86.1	88.7	95.4	216.1	4.3	0.0	80.0	80.0	0.0	3.9	-0.5	32.5	-1.0	0.0	.Autoclave.Outputs.PRESSIP\OutputValue	-0.3	32.0	-56.2	-1.0	0.0	-1.0	-1.0	-1.0	0.0	0.0	0.0	-1.0	-1.0	-1.0	0.0	0.0	-1.0	0.0
04:42:31	216.3	113.0	112.2	110.6	141.7	142.6	123.1	-0.5	0.0	1.0	-0.1	0.0	-0.5	142.6	110.6	0.1	-0.9	123.9	126.6	86.7	86.8	86.1	88.9	95.4	216.3	4.5	0.0	80.0	80.0	0.0	2.4	-0.7	38.9	-1.0	0.0	.Autoclave.Outputs.PRESSIP\OutputValue	-0.9	32.0	-55.9	-1.0	0.0	-1.0	-1.0	-1.0	0.0	0.0	0.0	-1.0	-1.0	-1.0	0.0	0.0	-1.0	0.0
