

Time	Elapsed	PTC6	PTC7	PTC10	PTC11	PTC12	PTC14	PTC15	VPRB2	VPRB3	VPRB8	PRESS	SVAC	HIPRB	LOPRB	HITC	LOTC	HIRATE	LORATE	AVGTC	MEAN	AIRTC	AIRTC1	AIRTC2	HILIMTC	CAPSTC	RUNTIME	SEGTIME	SEGTIMELEFT	TSET_AIR	TSET_PART	PSET	TEMPOUT	TEMPINT	PRESSOUT	COOLIP	SCROUT	PRESSIP	PRESSINT	SPREAD	AIRPARTDELTA	CAPSFLOW	SILENCE	BARLOCK	HIPSI	FANON	HYDON	FANSTARTSTOPPB	HYDPMPSTARTSTOPPB	COOLCNTRLONOFFSW	PRESSCNTRLONOFFSW	PRESSDUMPSW	PCMANUALSW	HILIMIT	BLWRMTRHILIMIT	MANINSIDE
HH:MM:SS	Mins	Deg.F	Deg.F	Deg.F	Deg.F	Deg.F	Deg.F	Deg.F	"Hg	"Hg	"Hg	Psig	"Hg			Deg.F	Deg.F	Deg.F	Deg.F	Deg.F	Deg.F	Deg.F	Deg.F	Deg.F	Deg.F	Deg.F	Mins	Mins	Mins	Deg.F	Deg.F	Psig				%	%	%	%	Deg.F	Deg.F															
17:30:11	0.0	81.2	81.6	81.3	80.0	80.8	88.8	85.0	-27.5	-27.6	-27.4	-0.4	-28.0	-27.4	-27.6	88.8	80.0	0.2	0.0	82.7	84.4	94.8	94.8	94.2	104.0	100.7	567.4	0.0	0.0	70.0	70.0	0.0	0.0	0.0	50.0	0.0	0.0	.Autoclave.Outputs.PRESSIP\OutputValue	8.0	8.8	6.0	-1.0	0.0	-1.0	-1.0	0.0	0.0	0.0	0.0	-1.0	-1.0	-1.0	0.0	0.0	-1.0	0.0
17:30:13	0.0	81.2	81.6	81.3	80.0	80.8	88.8	85.0	-27.5	-27.6	-27.4	-0.4	-28.0	-27.4	-27.6	88.8	80.0	0.2	0.0	82.7	84.4	94.8	94.8	94.2	104.0	100.7	567.4	0.0	0.0	70.0	70.0	0.0	0.0	0.0	50.0	0.0	0.0	.Autoclave.Outputs.PRESSIP\OutputValue	8.0	8.8	6.0	-1.0	0.0	-1.0	-1.0	0.0	0.0	0.0	0.0	-1.0	-1.0	-1.0	0.0	0.0	-1.0	0.0
17:30:14	0.1	81.2	81.6	81.3	80.0	80.8	88.8	85.0	-27.5	-27.6	-27.4	-0.4	-28.0	-27.4	-27.6	88.8	80.0	0.2	0.0	82.7	84.4	94.8	94.8	94.2	104.0	100.7	567.4	0.0	0.0	70.0	70.0	0.0	0.0	0.0	50.0	0.0	0.0	.Autoclave.Outputs.PRESSIP\OutputValue	8.0	8.8	6.0	-1.0	0.0	-1.0	-1.0	0.0	0.0	0.0	0.0	-1.0	-1.0	-1.0	0.0	0.0	-1.0	0.0
17:30:14	0.1	81.2	81.6	81.3	80.0	80.8	88.8	85.0	-27.5	-27.6	-27.4	-0.4	-28.0	-27.4	-27.6	88.8	80.0	0.2	0.0	82.7	84.4	94.8	94.8	94.2	104.0	100.7	567.4	0.0	0.0	70.0	70.0	0.0	0.0	0.0	50.0	0.0	0.0	.Autoclave.Outputs.PRESSIP\OutputValue	8.0	8.8	6.0	-1.0	0.0	-1.0	-1.0	0.0	0.0	0.0	0.0	-1.0	-1.0	-1.0	0.0	0.0	-1.0	0.0
17:31:14	1.1	81.4	82.4	81.7	80.4	81.5	89.3	85.7	-27.3	-27.3	-27.1	1.1	-28.0	-27.1	-27.3	89.3	80.4	0.9	0.3	83.2	84.9	95.0	95.0	94.4	100.4	98.2	1.0	1.0	0.0	97.1	93.3	1.5	61.6	-0.2	61.4	0.0	23.1	.Autoclave.Outputs.PRESSIP\OutputValue	8.0	8.9	5.7	-1.0	0.0	-1.0	-1.0	-1.0	0.0	0.0	0.0	-1.0	-1.0	0.0	0.0	0.0	-1.0	0.0
17:32:14	2.1	82.0	83.8	82.9	81.2	82.7	90.4	87.6	-27.4	-27.4	-27.1	2.1	-28.0	-27.1	-27.4	90.4	81.2	1.8	0.6	84.4	85.8	103.0	103.0	102.4	115.7	97.8	2.0	2.0	0.0	105.2	97.8	3.0	62.6	0.1	66.5	0.0	25.1	.Autoclave.Outputs.PRESSIP\OutputValue	8.0	9.2	12.6	-1.0	0.0	-1.0	-1.0	-1.0	0.0	0.0	0.0	-1.0	-1.0	0.0	0.0	0.0	-1.0	0.0
17:33:14	3.1	83.0	85.1	84.5	82.5	84.2	92.3	89.7	-27.4	-27.4	-27.2	4.1	-28.0	-27.2	-27.4	92.3	82.5	2.3	0.9	85.9	87.4	110.3	110.3	109.6	123.4	98.1	3.0	3.0	0.0	112.3	102.3	4.5	62.0	0.3	62.2	0.0	24.1	.Autoclave.Outputs.PRESSIP\OutputValue	8.0	9.8	18.0	-1.0	0.0	-1.0	-1.0	-1.0	0.0	0.0	0.0	-1.0	-1.0	0.0	0.0	0.0	-1.0	0.0
17:34:14	4.1	84.1	86.8	86.4	83.8	85.7	94.7	92.6	-27.4	-27.4	-27.1	5.1	-28.0	-27.1	-27.4	94.7	83.8	2.7	1.1	87.7	89.3	116.6	116.7	116.1	129.3	98.1	4.0	4.0	0.0	119.1	106.8	6.0	64.2	0.5	68.2	0.0	28.3	.Autoclave.Outputs.PRESSIP\OutputValue	8.0	10.9	21.9	-1.0	0.0	-1.0	-1.0	-1.0	0.0	0.0	0.0	-1.0	-1.0	0.0	0.0	0.0	-1.0	0.0
17:35:14	5.1	85.2	88.5	88.3	85.4	87.2	97.3	94.9	-27.4	-27.4	-27.6	6.7	-28.0	-27.4	-27.6	97.3	85.2	2.6	1.1	89.6	91.2	123.0	123.0	122.4	134.6	98.3	5.0	5.0	0.0	125.3	111.3	7.5	63.7	0.7	65.8	0.0	27.3	.Autoclave.Outputs.PRESSIP\OutputValue	8.0	12.1	25.7	-1.0	0.0	-1.0	-1.0	-1.0	0.0	0.0	0.0	-1.0	-1.0	0.0	0.0	0.0	-1.0	0.0
17:36:14	6.0	86.7	90.3	90.4	86.9	89.0	100.4	97.7	-27.4	-27.4	-27.7	8.6	-28.0	-27.4	-27.7	100.4	86.7	3.1	1.5	91.6	93.5	129.1	129.1	128.5	141.0	98.4	6.0	6.0	0.0	131.1	115.8	9.0	62.6	0.9	62.0	0.0	25.3	.Autoclave.Outputs.PRESSIP\OutputValue	8.0	13.7	28.7	-1.0	0.0	-1.0	-1.0	-1.0	0.0	0.0	0.0	-1.0	-1.0	0.0	0.0	0.0	-1.0	0.0
17:37:14	7.1	88.3	92.3	92.6	88.8	90.7	104.0	100.7	-27.4	-27.3	-27.4	9.5	-28.0	-27.3	-27.4	104.0	88.3	3.7	1.6	93.9	96.1	134.4	134.6	133.9	145.6	98.4	7.0	7.0	0.0	136.7	120.3	10.5	64.2	1.1	67.4	0.0	28.3	.Autoclave.Outputs.PRESSIP\OutputValue	8.0	15.7	30.4	-1.0	0.0	-1.0	-1.0	-1.0	0.0	0.0	0.0	-1.0	-1.0	0.0	0.0	0.0	-1.0	0.0
17:37:19	7.1	88.3	92.3	92.7	89.0	90.9	104.3	101.1	-27.4	-27.3	-26.8	10.1	-28.0	-26.8	-27.4	104.3	88.3	3.9	1.5	94.1	96.3	134.9	134.9	134.2	146.4	98.5	7.1	7.1	0.0	137.0	120.6	10.6	62.4	1.2	64.4	0.0	24.9	.Autoclave.Outputs.PRESSIP\OutputValue	8.0	16.0	30.7	-1.0	0.0	-1.0	-1.0	-1.0	0.0	0.0	0.0	-1.0	-1.0	0.0	0.0	0.0	-1.0	0.0
17:38:14	8.1	90.2	94.5	95.0	90.7	92.7	107.8	103.5	-27.3	-27.2	-27.1	11.5	-27.6	-27.1	-27.3	107.8	90.2	3.6	1.9	96.4	99.0	139.8	139.8	139.2	150.7	98.5	8.0	0.9	0.0	141.9	124.8	12.0	63.6	1.3	63.4	0.0	27.2	.Autoclave.Outputs.PRESSIP\OutputValue	8.0	17.6	32.0	-1.0	0.0	-1.0	-1.0	-1.0	0.0	0.0	0.0	-1.0	-1.0	0.0	0.0	0.0	-1.0	0.0
17:39:14	9.0	92.3	97.3	97.9	93.3	95.2	111.9	107.0	-23.4	-23.2	-22.7	13.0	-22.9	-22.7	-23.4	111.9	92.3	4.3	2.1	99.3	102.1	144.9	145.0	144.3	155.3	98.6	9.0	1.9	0.0	146.9	129.3	13.5	63.3	1.6	62.6	0.0	26.6	.Autoclave.Outputs.PRESSIP\OutputValue	8.0	19.6	33.0	-1.0	0.0	-1.0	-1.0	-1.0	0.0	0.0	0.0	-1.0	-1.0	0.0	0.0	0.0	-1.0	0.0
17:40:14	10.1	94.5	100.0	100.8	95.9	97.7	115.9	110.8	-17.8	-17.7	-17.9	14.6	-17.7	-17.7	-17.9	115.9	94.5	4.1	2.4	102.2	105.2	149.6	149.7	149.1	160.4	98.7	10.0	2.9	0.0	151.8	133.8	15.0	63.9	1.8	63.0	0.0	27.8	.Autoclave.Outputs.PRESSIP\OutputValue	8.0	21.4	33.7	-1.0	0.0	-1.0	-1.0	-1.0	0.0	0.0	0.0	-1.0	-1.0	0.0	0.0	0.0	-1.0	0.0
17:41:14	11.1	97.1	102.8	103.8	98.5	100.4	120.1	114.6	-12.6	-12.6	-12.1	15.6	-12.7	-12.1	-12.6	120.1	97.1	4.5	2.5	105.3	108.6	154.2	154.2	153.4	164.1	98.7	11.0	3.9	0.0	156.4	138.3	16.5	64.0	2.0	66.9	0.0	28.1	.Autoclave.Outputs.PRESSIP\OutputValue	8.0	23.0	34.1	-1.0	0.0	-1.0	-1.0	-1.0	0.0	0.0	0.0	-1.0	-1.0	0.0	0.0	0.0	-1.0	0.0
17:42:14	12.0	99.6	105.4	106.8	101.0	103.1	124.6	118.2	-7.7	-7.6	-7.3	17.2	-7.8	-7.3	-7.7	124.6	99.6	4.3	2.5	108.4	112.1	158.9	158.9	158.2	168.6	98.9	12.0	4.9	0.0	160.9	142.8	18.0	64.8	2.2	66.3	0.0	29.7	.Autoclave.Outputs.PRESSIP\OutputValue	8.0	25.0	34.3	-1.0	0.0	-1.0	-1.0	-1.0	0.0	0.0	0.0	-1.0	-1.0	0.0	0.0	0.0	-1.0	0.0
17:43:14	13.1	102.4	108.6	109.8	103.6	105.6	129.0	122.1	-3.4	-3.2	-3.3	18.8	-3.6	-3.2	-3.4	129.0	102.4	4.5	2.6	111.6	115.7	163.4	163.4	162.8	173.2	99.0	13.0	5.9	0.0	165.6	147.3	19.5	64.4	2.4	64.9	0.0	28.8	.Autoclave.Outputs.PRESSIP\OutputValue	8.0	26.6	34.4	-1.0	0.0	-1.0	-1.0	-1.0	0.0	0.0	0.0	-1.0	-1.0	0.0	0.0	0.0	-1.0	0.0
17:44:14	14.1	105.3	111.5	112.9	106.2	108.4	133.5	125.9	-1.5	-1.3	-1.2	20.6	-1.7	-1.2	-1.5	133.5	105.3	4.6	2.7	114.8	119.4	168.1	168.1	167.4	178.0	99.2	14.0	6.9	0.0	170.1	151.8	21.0	64.1	2.6	61.5	0.0	28.3	.Autoclave.Outputs.PRESSIP\OutputValue	8.0	28.2	34.6	-1.0	0.0	-1.0	-1.0	-1.0	0.0	0.0	0.0	-1.0	-1.0	0.0	0.0	0.0	-1.0	0.0
17:45:14	15.0	108.3	115.0	116.0	108.9	111.2	138.2	130.1	-0.7	-0.5	-0.5	21.5	-1.0	-0.5	-0.7	138.2	108.3	4.6	2.6	118.3	123.2	172.3	172.3	171.6	181.8	99.1	15.0	7.9	0.0	174.4	156.3	22.5	65.5	2.8	67.6	0.0	31.0	.Autoclave.Outputs.PRESSIP\OutputValue	8.0	29.9	34.1	-1.0	0.0	-1.0	-1.0	-1.0	0.0	0.0	0.0	-1.0	-1.0	0.0	0.0	0.0	-1.0	0.0
17:46:14	16.1	111.4	118.2	119.2	111.6	114.2	142.6	134.3	-0.2	-0.1	-0.3	23.2	-0.6	-0.1	-0.3	142.6	111.4	4.5	2.8	121.7	127.0	176.8	176.8	176.1	186.3	99.2	16.0	8.9	0.0	179.0	160.8	24.0	66.3	3.1	66.0	0.0	32.6	.Autoclave.Outputs.PRESSIP\OutputValue	8.0	31.2	34.2	-1.0	0.0	-1.0	-1.0	-1.0	0.0	0.0	0.0	-1.0	-1.0	0.0	0.0	0.0	-1.0	0.0
17:47:14	17.1	114.7	121.8	122.5	114.5	117.3	147.2	137.8	-0.1	0.0	-0.7	24.9	-0.4	0.0	-0.7	147.2	114.5	4.9	3.0	125.1	130.9	181.2	181.2	180.6	190.5	99.4	17.0	9.9	0.0	183.5	165.3	25.5	66.8	3.3	63.9	0.0	33.6	.Autoclave.Outputs.PRESSIP\OutputValue	8.0	32.7	34.0	-1.0	0.0	-1.0	-1.0	-1.0	0.0	0.0	0.0	-1.0	-1.0	0.0	0.0	0.0	-1.0	0.0
17:48:14	18.1	118.1	125.4	125.6	117.5	120.6	151.7	141.6	-0.1	0.1	0.1	26.5	-0.4	0.1	-0.1	151.7	117.5	4.4	2.8	128.7	134.6	185.8	185.8	185.2	195.2	99.5	18.0	10.9	0.0	188.1	169.8	27.0	66.4	3.5	62.9	0.0	32.8	.Autoclave.Outputs.PRESSIP\OutputValue	8.0	34.2	34.1	-1.0	0.0	-1.0	-1.0	-1.0	0.0	0.0	0.0	-1.0	-1.0	0.0	0.0	0.0	-1.0	0.0
17:49:14	19.1	121.7	129.1	129.2	120.5	123.8	156.4	145.9	0.0	0.1	0.0	27.6	-0.3	0.1	0.0	156.4	120.5	4.7	3.2	132.4	138.5	190.0	189.9	189.3	199.7	99.4	19.0	11.9	0.0	192.3	174.3	28.5	67.1	3.7	68.1	0.0	34.3	.Autoclave.Outputs.PRESSIP\OutputValue	8.0	35.9	33.6	-1.0	0.0	-1.0	-1.0	-1.0	0.0	0.0	0.0	-1.0	-1.0	0.0	0.0	0.0	-1.0	0.0
17:50:14	20.1	125.2	132.9	132.7	123.7	127.4	160.8	150.3	0.0	0.1	0.1	29.2	-0.3	0.1	0.0	160.8	123.7	4.5	3.2	136.1	142.3	194.5	194.5	193.7	203.7	99.4	20.0	12.9	0.0	196.8	178.8	30.0	68.0	4.0	65.8	0.0	36.1	.Autoclave.Outputs.PRESSIP\OutputValue	8.0	37.1	33.7	-1.0	0.0	-1.0	-1.0	-1.0	0.0	0.0	0.0	-1.0	-1.0	0.0	0.0	0.0	-1.0	0.0
17:51:14	21.1	129.1	136.8	136.2	127.0	130.9	165.3	154.5	0.0	0.1	0.0	31.2	-0.3	0.1	0.0	165.3	127.0	4.8	3.3	140.0	146.1	199.2	199.2	198.5	208.7	99.8	21.0	13.9	0.0	201.0	183.3	31.5	64.1	4.2	61.3	0.0	28.3	.Autoclave.Outputs.PRESSIP\OutputValue	8.0	38.3	33.9	-1.0	0.0	-1.0	-1.0	-1.0	0.0	0.0	0.0	-1.0	-1.0	0.0	0.0	0.0	-1.0	0.0
17:52:14	22.0	133.1	141.1	139.9	130.3	134.6	169.8	158.8	0.0	0.1	0.1	32.1	-0.3	0.1	0.0	169.8	130.3	4.6	3.4	143.9	150.0	203.3	203.4	202.7	213.0	99.6	22.0	14.9	0.0	205.8	187.8	33.0	69.9	4.4	66.6	0.0	39.8	.Autoclave.Outputs.PRESSIP\OutputValue	8.0	39.5	33.5	-1.0	0.0	-1.0	-1.0	-1.0	0.0	0.0	0.0	-1.0	-1.0	0.0	0.0	0.0	-1.0	0.0
17:53:14	23.1	137.2	145.0	143.7	133.7	138.3	174.6	163.9	0.0	0.1	0.0	33.8	-0.3	0.1	0.0	174.6	133.7	5.6	3.4	148.0	154.1	208.0	208.0	207.3	216.9	99.7	23.0	15.9	0.0	210.3	192.3	34.5	67.9	4.6	64.6	0.0	35.8	.Autoclave.Outputs.PRESSIP\OutputValue	8.0	40.9	33.4	-1.0	0.0	-1.0	-1.0	-1.0	0.0	0.0	0.0	-1.0	-1.0	0.0	0.0	0.0	-1.0	0.0
17:54:14	24.1	141.4	149.3	147.6	137.5	142.3	178.7	168.6	0.0	0.1	0.1	35.7	-0.3	0.1	0.0	178.7	137.5	5.0	3.8	152.2	158.1	212.6	212.7	211.9	222.5	99.8	24.0	16.9	0.0	214.8	196.8	36.0	66.8	4.9	60.6	0.0	33.5	.Autoclave.Outputs.PRESSIP\OutputValue	8.0	41.2	33.9	-1.0	0.0	-1.0	-1.0	-1.0	0.0	0.0	0.0	-1.0	-1.0	0.0	0.0	0.0	-1.0	0.0
17:55:14	25.0	145.7	153.6	151.6	140.9	146.2	183.4	173.4	0.0	0.1	0.0	36.8	-0.3	0.1	0.0	183.4	140.9	4.6	3.6	156.4	162.1	216.8	216.8	216.1	225.6	99.8	25.0	17.9	0.0	219.0	201.3	37.5	67.2	5.1	65.1	0.0	34.5	.Autoclave.Outputs.PRESSIP\OutputValue	8.0	42.5	33.4	-1.0	0.0	-1.0	-1.0	-1.0	0.0	0.0	0.0	-1.0	-1.0	0.0	0.0	0.0	-1.0	0.0
17:56:14	26.1	150.0	157.7	155.6	144.6	150.3	188.0	178.7	0.1	0.1	0.0	38.7	-0.3	0.1	0.0	188.0	144.6	5.4	3.9	160.7	166.3	221.5	221.5	220.7	231.2	100.1	26.0	18.9	0.0	223.5	205.8	39.0	66.6	5.3	61.4	0.0	33.1	.Autoclave.Outputs.PRESSIP\OutputValue	8.0	43.4	33.5	-1.0	0.0	-1.0	-1.0	-1.0	0.0	0.0	0.0	-1.0	-1.0	0.0	0.0	0.0	-1.0	0.0
17:57:14	27.1	154.6	162.2	159.5	148.4	154.3	192.5	182.7	0.1	0.1	0.1	39.6	-0.3	0.1	0.1	192.5	148.4	4.6	3.2	164.9	170.4	225.8	225.8	225.2	235.0	99.9	27.0	19.9	0.0	228.2	210.3	40.0	69.5	5.6	61.7	0.0	39.0	.Autoclave.Outputs.PRESSIP\OutputValue	8.0	44.1	33.3	-1.0	0.0	-1.0	-1.0	-1.0	0.0	0.0	0.0	-1.0	-1.0	0.0	0.0	0.0	-1.0	0.0
17:58:14	28.0	159.3	166.7	163.7	152.2	158.3	196.8	187.6	0.1	0.1	0.0	40.0	-0.3	0.1	0.0	196.8	152.2	4.9	4.0	169.2	174.5	230.5	230.4	229.7	240.0	99.9	28.0	20.9	0.0	232.7	214.8	40.0	68.2	5.8	58.1	0.0	36.4	.Autoclave.Outputs.PRESSIP\OutputValue	8.0	44.6	33.7	-1.0	0.0	-1.0	-1.0	-1.0	0.0	0.0	0.0	-1.0	-1.0	0.0	0.0	0.0	-1.0	0.0
17:59:14	29.1	164.0	171.2	167.5	155.9	162.5	201.5	192.4	0.1	0.1	0.0	40.3	-0.3	0.1	0.0	201.5	155.9	4.8	3.7	173.6	178.7	235.0	235.0	234.2	244.5	99.7	29.0	21.9	0.0	236.9	219.3	40.0	67.2	6.0	54.6	0.0	34.4	.Autoclave.Outputs.PRESSIP\OutputValue	7.7	45.6	33.5	-1.0	0.0	-1.0	-1.0	-1.0	0.0	0.0	0.0	-1.0	-1.0	0.0	0.0	0.0	-1.0	0.0
18:00:14	30.1	168.8	175.4	171.7	159.6	166.6	205.7	197.3	0.0	0.1	0.1	40.6	-0.3	0.1	0.0	205.7	159.6	5.1	4.0	177.9	182.6	239.7	239.9	239.0	249.5	99.7	30.0	22.9	0.0	241.7	223.8	40.0	66.6	6.2	50.7	0.0	33.3	.Autoclave.Outputs.PRESSIP\OutputValue	6.8	46.1	34.0	-1.0	0.0	-1.0	-1.0	-1.0	0.0	0.0	0.0	-1.0	-1.0	0.0	0.0	0.0	-1.0	0.0
18:01:14	31.0	173.5	180.1	175.7	163.5	170.8	209.8	202.4	0.0	0.1	0.0	40.9	-0.3	0.1	0.0	209.8	163.5	5.1	3.9	182.3	186.6	244.3	244.3	243.5	254.3	99.9	31.0	23.9	0.0	246.5	228.3	40.0	69.5	6.4	45.9	0.0	39.0	.Autoclave.Outputs.PRESSIP\OutputValue	5.2	46.3	34.5	-1.0	0.0	-1.0	-1.0	-1.0	0.0	0.0	0.0	-1.0	-1.0	0.0	0.0	0.0	-1.0	0.0
18:02:14	32.1	178.2	184.9	179.4	167.3	175.1	214.4	207.2	0.1	0.1	0.0	40.0	-0.3	0.1	0.0	214.4	167.3	5.4	4.0	186.6	190.8	249.0	249.0	248.4	258.4	99.9	32.0	24.9	0.0	251.1	232.8	40.0	68.4	6.7	54.7	0.0	36.8	.Autoclave.Outputs.PRESSIP\OutputValue	4.9	47.1	34.6	-1.0	0.0	-1.0	-1.0	-1.0	0.0	0.0	0.0	-1.0	-1.0	0.0	0.0	0.0	-1.0	0.0
18:03:14	33.1	183.1	189.2	183.7	171.3	179.5	219.1	211.7	0.0	0.1	0.1	40.4	-0.3	0.1	0.0	219.1	171.3	4.9	4.0	191.1	195.2	253.6	253.6	252.9	263.7	99.7	33.0	25.9	0.0	255.6	237.3	40.0	68.6	6.9	50.9	0.0	37.2	.Autoclave.Outputs.PRESSIP\OutputValue	4.5	47.8	34.5	-1.0	0.0	-1.0	-1.0	-1.0	0.0	0.0	0.0	-1.0	-1.0	0.0	0.0	0.0	-1.0	0.0
18:04:14	34.1	187.8	193.8	187.9	175.1	183.8	223.0	215.9	0.0	0.1	0.0	40.7	-0.3	0.1	0.0	223.0	175.1	4.9	3.9	195.3	199.0	258.4	258.4	257.6	268.4	99.9	34.0	26.9	0.0	260.8	241.8	40.0	71.0	7.1	46.6	0.0	42.1	.Autoclave.Outputs.PRESSIP\OutputValue	3.4	47.9	35.4	-1.0	0.0	-1.0	-1.0	-1.0	0.0	0.0	0.0	-1.0	-1.0	0.0	0.0	0.0	-1.0	0.0
18:05:14	35.1	192.7	198.6	191.4	179.2	188.1	227.2	220.7	0.0	0.1	0.0	40.2	-0.3	0.1	0.0	227.2	179.2	5.1	3.8	199.7	203.2	263.0	263.0	262.3	272.9	99.8	35.0	27.9	0.0	265.2	246.3	40.0	69.7	7.3	50.2	0.0	39.3	.Autoclave.Outputs.PRESSIP\OutputValue	1.8	48.0	35.8	-1.0	0.0	-1.0	-1.0	-1.0	0.0	0.0	0.0	-1.0	-1.0	-1.0	0.0	0.0	-1.0	0.0
18:05:29	35.3	193.9	199.7	192.4	180.1	189.1	228.3	221.7	0.0	0.1	0.3	39.9	-0.3	0.3	0.0	228.3	180.1	5.3	3.8	200.7	204.2	263.7	263.8	263.1	275.0	99.7	35.3	28.2	0.0	266.2	247.3	40.0	73.1	7.4	52.5	0.0	46.2	.Autoclave.Outputs.PRESSIP\OutputValue	1.9	48.2	35.3	-1.0	0.0	-1.0	-1.0	-1.0	0.0	0.0	0.0	-1.0	-1.0	0.0	0.0	0.0	-1.0	0.0
18:06:14	36.1	197.6	203.0	195.7	183.3	192.4	231.6	225.2	0.0	0.1	0.0	40.1	-0.3	0.1	0.0	231.6	183.3	4.9	4.2	204.1	207.4	267.8	267.8	267.1	277.6	99.9	36.0	0.8	0.0	270.0	250.8	40.0	70.2	7.5	50.6	0.0	40.4	.Autoclave.Outputs.PRESSIP\OutputValue	1.8	48.3	36.2	-1.0	0.0	-1.0	-1.0	-1.0	0.0	0.0	0.0	-1.0	-1.0	0.0	0.0	0.0	-1.0	0.0
18:07:15	37.1	202.7	207.8	199.7	187.5	196.7	236.4	230.6	0.1	0.1	0.0	40.5	-0.3	0.1	0.0	236.4	187.5	5.4	3.9	208.8	211.9	272.3	272.4	271.7	282.8	99.9	37.0	1.8	0.0	274.6	255.3	40.0	68.2	7.8	46.6	0.0	36.5	.Autoclave.Outputs.PRESSIP\OutputValue	1.2	48.9	35.9	-1.0	0.0	-1.0	-1.0	-1.0	0.0	0.0	0.0	-1.0	-1.0	0.0	0.0	0.0	-1.0	0.0
18:08:14	38.0	207.9	211.9	203.3	191.7	201.2	240.5	234.8	0.0	0.1	0.1	40.8	-0.3	0.1	0.0	240.5	191.7	5.4	4.2	213.0	216.1	277.2	277.2	276.3	287.5	99.8	38.0	2.8	0.0	279.3	259.8	40.0	71.1	8.0	42.4	0.0	42.2	.Autoclave.Outputs.PRESSIP\OutputValue	0.0	48.8	36.7	-1.0	0.0	-1.0	-1.0	-1.0	0.0	0.0	0.0	-1.0	-1.0	0.0	0.0	0.0	-1.0	0.0
18:09:14	39.1	212.9	216.6	207.7	195.6	205.5	244.8	239.0	0.0	0.1	0.0	39.9	-0.3	0.1	0.0	244.8	195.6	5.1	4.0	217.4	220.2	281.2	281.2	280.5	292.0	99.9	39.0	3.8	0.0	284.0	264.3	40.0	74.5	8.2	49.7	0.0	49.1	.Autoclave.Outputs.PRESSIP\OutputValue	-1.3	49.2	36.4	-1.0	0.0	-1.0	-1.0	-1.0	0.0	0.0	0.0	-1.0	-1.0	0.0	0.0	0.0	-1.0	0.0
18:10:14	40.1	217.7	221.2	211.3	199.6	209.9	249.5	243.2	0.1	0.1	0.0	40.2	-0.3	0.1	0.0	249.5	199.6	5.0	3.8	221.8	224.5	286.1	286.3	285.5	296.8	99.9	40.0	4.8	0.0	288.4	268.8	40.0	70.0	8.4	46.9	0.0	40.0	.Autoclave.Outputs.PRESSIP\OutputValue	-1.4	49.9	36.6	-1.0	0.0	-1.0	-1.0	-1.0	0.0	0.0	0.0	-1.0	-1.0	0.0	0.0	0.0	-1.0	0.0
18:11:14	41.0	222.5	225.5	215.4	203.4	214.2	253.7	247.4	0.0	0.1	0.0	40.3	-0.3	0.1	0.0	253.7	203.4	4.9	3.9	226.0	228.5	289.2	289.2	288.4	296.8	100.0	41.0	5.8	0.0	290.0	272.0	40.0	62.3	8.5	45.6	0.0	24.5	.Autoclave.Outputs.PRESSIP\OutputValue	-1.9	50.3	35.5	-1.0	0.0	-1.0	-1.0	-1.0	0.0	0.0	0.0	-1.0	-1.0	0.0	0.0	0.0	-1.0	0.0
18:12:14	42.1	227.0	229.3	218.6	206.6	217.9	257.2	250.2	0.0	0.1	0.1	40.1	-0.3	0.1	0.0	257.2	206.6	4.5	2.7	229.5	231.9	287.0	287.0	286.3	291.1	100.1	42.0	6.8	0.0	286.6	272.0	40.0	55.6	8.5	46.9	0.0	11.2	.Autoclave.Outputs.PRESSIP\OutputValue	-2.2	50.6	29.8	-1.0	0.0	-1.0	-1.0	-1.0	0.0	0.0	0.0	-1.0	-1.0	0.0	0.0	0.0	-1.0	0.0
18:13:14	43.1	230.7	232.6	220.4	209.3	220.4	260.5	252.1	0.0	0.1	0.1	40.0	-0.3	0.1	0.0	260.5	209.3	3.9	1.8	232.3	234.9	283.8	283.8	283.1	288.1	99.9	43.0	7.8	0.0	283.5	272.0	40.0	55.6	8.5	48.2	0.0	11.2	.Autoclave.Outputs.PRESSIP\OutputValue	-2.3	51.2	23.3	-1.0	0.0	-1.0	-1.0	-1.0	0.0	0.0	0.0	-1.0	-1.0	0.0	0.0	0.0	-1.0	0.0
18:14:14	44.0	233.5	235.0	221.9	210.9	222.3	262.9	252.6	0.0	0.1	0.1	39.8	-0.3	0.1	0.0	262.9	210.9	3.2	0.9	234.2	236.9	278.7	278.7	278.1	284.2	99.9	44.0	8.8	0.0	281.1	272.0	40.0	71.7	8.5	50.2	0.0	43.3	.Autoclave.Outputs.PRESSIP\OutputValue	-1.8	52.0	15.8	-1.0	0.0	-1.0	-1.0	-1.0	0.0	0.0	0.0	-1.0	-1.0	0.0	0.0	0.0	-1.0	0.0
18:15:14	45.1	236.2	237.8	223.2	212.4	224.3	264.3	253.9	0.0	0.1	0.1	39.8	-0.3	0.1	0.0	264.3	212.4	2.7	0.8	236.0	238.3	279.6	279.5	278.9	284.4	99.9	45.0	9.8	0.0	279.5	272.0	40.0	54.4	8.6	50.3	0.0	8.8	.Autoclave.Outputs.PRESSIP\OutputValue	-1.5	51.9	15.3	-1.0	0.0	-1.0	-1.0	-1.0	0.0	0.0	0.0	-1.0	-1.0	0.0	0.0	0.0	-1.0	0.0
18:16:14	46.1	239.0	240.3	224.5	214.3	226.5	266.2	254.4	0.0	0.1	0.1	39.8	-0.3	0.1	0.0	266.2	214.3	2.8	1.3	237.9	240.2	278.1	278.1	277.5	282.7	99.9	46.0	10.8	0.0	277.9	272.0	40.0	54.4	8.6	51.3	0.0	8.7	.Autoclave.Outputs.PRESSIP\OutputValue	-1.1	51.9	11.9	-1.0	0.0	-1.0	-1.0	-1.0	0.0	0.0	0.0	-1.0	-1.0	0.0	0.0	0.0	-1.0	0.0
18:17:14	47.1	241.3	242.4	225.8	215.7	228.3	267.6	255.3	0.0	0.1	0.1	39.7	-0.3	0.1	0.0	267.6	215.7	2.3	0.8	239.5	241.6	276.9	276.9	276.2	281.0	100.0	47.0	11.8	0.0	276.5	272.0	40.0	53.7	8.6	52.2	0.0	7.3	.Autoclave.Outputs.PRESSIP\OutputValue	-0.6	51.9	9.3	-1.0	0.0	-1.0	-1.0	-1.0	0.0	0.0	0.0	-1.0	-1.0	0.0	0.0	0.0	-1.0	0.0
18:18:14	48.1	243.4	244.4	227.2	217.0	229.9	268.5	255.5	0.0	0.1	0.0	39.7	-0.3	0.1	0.0	268.5	217.0	2.2	0.0	240.8	242.8	275.8	275.8	275.1	280.5	100.0	48.0	12.8	0.0	275.7	272.0	40.0	53.6	8.5	53.2	0.0	7.3	.Autoclave.Outputs.PRESSIP\OutputValue	0.0	51.5	7.3	-1.0	0.0	-1.0	-1.0	-1.0	0.0	0.0	0.0	-1.0	-1.0	0.0	0.0	0.0	-1.0	0.0
18:19:14	49.1	245.4	246.3	228.5	218.4	231.6	269.3	256.0	-0.1	0.1	0.0	39.6	-0.3	0.1	-0.1	269.3	218.4	2.1	0.7	242.2	243.9	275.2	275.1	274.4	279.8	100.0	49.0	13.8	0.0	274.6	272.0	40.0	52.3	8.5	54.2	0.0	4.5	.Autoclave.Outputs.PRESSIP\OutputValue	0.7	50.9	5.9	-1.0	0.0	-1.0	-1.0	-1.0	0.0	0.0	0.0	-1.0	-1.0	0.0	0.0	0.0	-1.0	0.0
18:20:14	50.1	247.1	248.1	229.7	219.7	233.2	270.2	256.4	0.0	0.1	0.1	39.6	-0.3	0.1	0.0	270.2	219.7	1.9	0.3	243.5	245.0	274.6	274.6	273.7	279.3	100.0	50.0	14.8	0.0	273.9	272.0	40.0	51.6	8.4	54.9	0.0	3.1	.Autoclave.Outputs.PRESSIP\OutputValue	1.4	50.5	4.4	-1.0	0.0	-1.0	-1.0	-1.0	0.0	0.0	0.0	-1.0	-1.0	0.0	0.0	0.0	-1.0	0.0
18:21:14	51.0	248.8	249.7	230.7	221.0	234.7	270.3	257.6	0.0	0.1	0.1	39.6	-0.3	0.1	0.0	270.3	221.0	1.8	0.5	244.7	245.7	274.1	274.1	273.3	278.9	100.1	51.0	15.8	0.0	273.7	272.0	40.0	53.5	8.4	55.6	0.0	7.0	.Autoclave.Outputs.PRESSIP\OutputValue	2.1	49.3	3.8	-1.0	0.0	-1.0	-1.0	-1.0	0.0	0.0	0.0	-1.0	-1.0	0.0	0.0	0.0	-1.0	0.0
18:22:14	52.1	250.3	251.2	231.8	222.2	236.2	270.4	258.4	0.0	0.1	0.0	39.6	-0.3	0.1	0.0	270.4	222.2	1.6	0.3	245.8	246.3	273.9	273.9	273.1	278.5	100.0	52.0	16.8	0.0	273.3	272.0	40.0	53.5	8.4	56.7	0.0	7.0	.Autoclave.Outputs.PRESSIP\OutputValue	2.8	48.2	3.5	-1.0	0.0	-1.0	-1.0	-1.0	0.0	0.0	0.0	-1.0	-1.0	0.0	0.0	0.0	-1.0	0.0
18:23:14	53.1	251.7	252.5	232.9	223.4	237.6	270.7	259.1	0.0	0.1	0.1	39.6	-0.3	0.1	0.0	270.7	223.4	1.5	0.2	246.8	247.1	273.6	273.6	272.9	278.3	100.0	53.0	17.8	0.0	273.4	272.0	40.0	55.4	8.3	57.0	0.0	10.9	.Autoclave.Outputs.PRESSIP\OutputValue	3.5	47.3	2.9	-1.0	0.0	-1.0	-1.0	-1.0	0.0	0.0	0.0	-1.0	-1.0	0.0	0.0	0.0	-1.0	0.0
18:24:14	54.0	253.1	253.7	233.9	224.5	239.1	271.0	260.0	0.0	0.1	0.1	39.6	-0.3	0.1	0.0	271.0	224.5	1.5	0.2	247.9	247.8	273.3	273.3	272.6	278.2	100.0	54.0	18.8	0.0	273.1	272.0	40.0	54.1	8.3	57.7	0.0	8.1	.Autoclave.Outputs.PRESSIP\OutputValue	4.2	46.5	2.3	-1.0	0.0	-1.0	-1.0	-1.0	0.0	0.0	0.0	-1.0	-1.0	0.0	0.0	0.0	-1.0	0.0
18:25:14	55.1	254.3	255.0	234.9	225.7	240.3	271.0	260.4	0.0	0.1	0.0	39.6	-0.3	0.1	0.0	271.0	225.7	1.4	0.2	248.8	248.4	273.4	273.3	272.6	277.7	100.1	55.0	19.8	0.0	272.9	272.0	40.0	52.7	8.2	58.4	0.0	5.4	.Autoclave.Outputs.PRESSIP\OutputValue	4.9	45.3	2.4	-1.0	0.0	-1.0	-1.0	-1.0	0.0	0.0	0.0	-1.0	-1.0	0.0	0.0	0.0	-1.0	0.0
18:26:14	56.1	255.5	256.2	236.0	226.9	241.6	271.2	260.9	0.0	0.1	0.1	39.6	-0.3	0.1	0.0	271.2	226.9	1.3	-0.2	249.8	249.1	273.1	273.1	272.4	278.0	100.2	56.0	20.8	0.0	272.7	272.0	40.0	53.3	8.2	59.3	0.0	6.7	.Autoclave.Outputs.PRESSIP\OutputValue	5.6	44.3	1.9	-1.0	0.0	-1.0	-1.0	-1.0	0.0	0.0	0.0	-1.0	-1.0	0.0	0.0	0.0	-1.0	0.0
18:27:14	57.0	256.5	257.2	237.0	227.8	242.8	271.5	261.3	0.1	0.1	0.1	39.6	-0.3	0.1	0.1	271.5	227.8	1.3	0.3	250.6	249.7	273.0	273.0	272.3	277.6	100.0	57.0	21.8	0.0	272.7	272.0	40.0	54.0	8.2	59.8	0.0	7.9	.Autoclave.Outputs.PRESSIP\OutputValue	6.3	43.7	1.5	-1.0	0.0	-1.0	-1.0	-1.0	0.0	0.0	0.0	-1.0	-1.0	0.0	0.0	0.0	-1.0	0.0
18:28:14	58.1	257.5	258.2	238.0	228.8	243.8	271.2	261.6	0.0	0.1	0.1	39.7	-0.3	0.1	0.0	271.2	228.8	1.2	-0.3	251.3	250.0	272.9	272.9	272.2	277.8	100.1	58.0	22.8	0.0	272.5	272.0	40.0	53.3	8.1	60.3	0.0	6.5	.Autoclave.Outputs.PRESSIP\OutputValue	7.0	42.4	1.7	-1.0	0.0	-1.0	-1.0	-1.0	0.0	0.0	0.0	-1.0	-1.0	0.0	0.0	0.0	-1.0	0.0
18:29:14	59.1	258.3	259.3	238.8	229.9	245.0	271.5	262.3	0.0	0.1	0.0	39.6	-0.3	0.1	0.0	271.5	229.9	1.2	0.2	252.2	250.7	272.9	272.9	272.2	277.6	100.1	59.0	23.8	0.0	272.6	272.0	40.0	54.6	8.1	61.3	0.0	9.1	.Autoclave.Outputs.PRESSIP\OutputValue	7.6	41.6	1.4	-1.0	0.0	-1.0	-1.0	-1.0	0.0	0.0	0.0	-1.0	-1.0	0.0	0.0	0.0	-1.0	0.0
18:30:14	60.0	259.2	259.9	239.8	230.8	246.1	271.5	262.7	0.1	0.1	0.0	39.7	-0.3	0.1	0.0	271.5	230.8	0.9	0.0	252.9	251.2	272.5	272.4	271.7	278.3	100.2	60.0	24.8	0.0	272.5	272.0	40.0	53.9	8.1	61.3	0.0	7.8	.Autoclave.Outputs.PRESSIP\OutputValue	8.0	40.7	1.0	-1.0	0.0	-1.0	-1.0	-1.0	0.0	0.0	0.0	-1.0	-1.0	0.0	0.0	0.0	-1.0	0.0
18:31:14	61.1	260.0	260.7	241.3	231.8	247.2	271.1	263.4	0.0	0.1	0.0	39.7	-0.3	0.1	0.0	271.1	231.8	1.5	0.1	253.6	251.5	272.9	272.9	272.1	277.8	100.1	61.0	25.8	0.0	272.7	272.0	40.0	54.5	8.1	61.3	0.0	9.0	.Autoclave.Outputs.PRESSIP\OutputValue	8.0	39.3	1.8	-1.0	0.0	-1.0	-1.0	-1.0	0.0	0.0	0.0	-1.0	-1.0	0.0	0.0	0.0	-1.0	0.0
18:32:14	62.1	260.8	261.5	242.4	232.6	248.1	271.3	263.4	0.0	0.1	0.1	39.7	-0.3	0.1	0.0	271.3	232.6	1.2	-0.2	254.3	252.0	272.8	272.8	272.1	277.9	100.2	62.0	26.8	0.0	272.8	272.0	40.0	55.8	8.0	61.1	0.0	11.6	.Autoclave.Outputs.PRESSIP\OutputValue	8.0	38.7	1.5	-1.0	0.0	-1.0	-1.0	-1.0	0.0	0.0	0.0	-1.0	-1.0	0.0	0.0	0.0	-1.0	0.0
18:33:14	63.1	261.5	262.1	243.7	233.6	249.1	271.5	263.8	-0.1	0.1	0.1	39.7	-0.3	0.1	-0.1	271.5	233.6	1.3	-0.3	255.0	252.6	272.7	272.6	272.0	278.0	100.2	63.0	27.8	0.0	272.5	272.0	40.0	55.1	8.0	60.8	0.0	10.2	.Autoclave.Outputs.PRESSIP\OutputValue	8.0	37.9	1.2	-1.0	0.0	-1.0	-1.0	-1.0	0.0	0.0	0.0	-1.0	-1.0	0.0	0.0	0.0	-1.0	0.0
18:34:14	64.1	262.1	262.9	244.7	234.4	250.0	271.4	264.2	0.0	0.1	0.0	39.7	-0.3	0.1	0.0	271.4	234.4	0.9	0.2	255.7	252.9	272.9	272.7	272.1	277.8	100.3	64.0	28.8	0.0	272.5	272.0	40.0	54.4	8.0	60.9	0.0	8.8	.Autoclave.Outputs.PRESSIP\OutputValue	8.0	37.0	1.5	-1.0	0.0	-1.0	-1.0	-1.0	0.0	0.0	0.0	-1.0	-1.0	0.0	0.0	0.0	-1.0	0.0
18:35:14	65.1	262.7	263.4	245.4	235.3	250.8	271.8	264.4	0.0	0.1	0.0	39.7	-0.3	0.1	0.0	271.8	235.3	0.9	0.3	256.3	253.6	272.9	272.8	272.1	277.9	100.4	65.0	29.8	0.0	272.5	272.0	40.0	53.1	7.9	60.9	0.0	6.1	.Autoclave.Outputs.PRESSIP\OutputValue	8.0	36.5	1.1	-1.0	0.0	-1.0	-1.0	-1.0	0.0	0.0	0.0	-1.0	-1.0	0.0	0.0	0.0	-1.0	0.0
18:36:14	66.1	263.3	264.0	246.3	236.2	251.8	271.3	264.8	0.0	0.1	0.0	39.7	-0.3	0.1	0.0	271.3	236.2	1.0	-0.2	256.8	253.8	272.8	272.8	272.2	277.8	100.2	66.0	30.8	0.0	272.6	272.0	40.0	53.7	7.9	60.6	0.0	7.4	.Autoclave.Outputs.PRESSIP\OutputValue	8.0	35.1	1.5	-1.0	0.0	-1.0	-1.0	-1.0	0.0	0.0	0.0	-1.0	-1.0	0.0	0.0	0.0	-1.0	0.0
18:37:14	67.0	263.9	264.5	247.1	236.9	252.7	271.8	265.4	0.0	0.1	0.0	39.7	-0.3	0.1	0.0	271.8	236.9	0.9	-0.1	257.5	254.4	272.8	272.8	272.0	277.5	100.3	67.0	31.8	0.0	272.7	272.0	40.0	55.0	7.9	60.9	0.0	10.0	.Autoclave.Outputs.PRESSIP\OutputValue	8.0	34.9	1.0	-1.0	0.0	-1.0	-1.0	-1.0	0.0	0.0	0.0	-1.0	-1.0	0.0	0.0	0.0	-1.0	0.0
18:38:14	68.1	264.4	265.0	245.8	237.9	253.4	271.8	265.7	0.0	0.1	0.0	39.7	-0.3	0.1	0.0	271.8	237.9	0.9	-0.9	257.7	254.9	272.7	272.7	272.0	278.0	100.2	68.0	32.8	0.0	272.5	272.0	40.0	54.3	7.8	60.8	0.0	8.6	.Autoclave.Outputs.PRESSIP\OutputValue	8.0	33.9	0.9	-1.0	0.0	-1.0	-1.0	-1.0	0.0	0.0	0.0	-1.0	-1.0	0.0	0.0	0.0	-1.0	0.0
18:39:14	69.1	264.8	265.5	246.0	238.5	254.1	271.8	265.7	0.0	0.1	0.1	39.7	-0.3	0.1	0.0	271.8	238.5	0.7	-0.2	258.1	255.2	272.6	272.6	271.9	277.3	100.1	69.0	33.8	0.0	272.2	272.0	40.0	52.9	7.8	61.1	0.0	5.8	.Autoclave.Outputs.PRESSIP\OutputValue	8.0	33.3	0.8	-1.0	0.0	-1.0	-1.0	-1.0	0.0	0.0	0.0	-1.0	-1.0	0.0	0.0	0.0	-1.0	0.0
18:40:14	70.0	265.4	265.8	246.8	239.3	254.8	271.5	266.3	0.0	0.1	0.1	39.7	-0.3	0.1	0.0	271.5	239.3	0.9	0.1	258.6	255.4	272.7	272.7	272.0	277.4	100.2	70.0	34.8	0.0	272.4	272.0	40.0	53.5	7.7	60.8	0.0	7.1	.Autoclave.Outputs.PRESSIP\OutputValue	8.0	32.2	1.2	-1.0	0.0	-1.0	-1.0	-1.0	0.0	0.0	0.0	-1.0	-1.0	0.0	0.0	0.0	-1.0	0.0
18:41:14	71.1	265.7	266.4	247.5	240.1	255.5	271.6	266.4	0.0	0.1	0.1	39.7	-0.3	0.1	0.0	271.6	240.1	0.8	-0.1	259.0	255.9	272.6	272.6	271.9	277.5	100.3	71.0	35.8	0.0	272.5	272.0	40.0	50.8	7.7	60.6	0.0	1.7	.Autoclave.Outputs.PRESSIP\OutputValue	8.0	31.5	1.0	-1.0	0.0	-1.0	-1.0	-1.0	0.0	0.0	0.0	-1.0	-1.0	0.0	0.0	0.0	-1.0	0.0
18:42:14	72.1	266.1	266.7	248.2	240.8	256.2	271.8	266.1	0.1	0.1	0.1	39.7	-0.3	0.1	0.1	271.8	240.8	0.8	-0.2	259.4	256.3	272.6	272.5	271.9	277.4	100.4	72.0	36.8	0.0	272.3	272.0	40.0	54.1	7.7	60.8	0.0	8.3	.Autoclave.Outputs.PRESSIP\OutputValue	8.0	31.0	0.8	-1.0	0.0	-1.0	-1.0	-1.0	0.0	0.0	0.0	-1.0	-1.0	0.0	0.0	0.0	-1.0	0.0
18:43:14	73.0	266.5	267.2	248.8	241.3	256.8	271.5	266.3	0.0	0.1	0.1	39.7	-0.3	0.1	0.0	271.5	241.3	0.7	-0.4	259.8	256.4	272.5	272.6	272.0	276.4	100.2	73.0	37.7	0.0	272.4	272.0	40.0	54.8	7.6	60.9	0.0	9.5	.Autoclave.Outputs.PRESSIP\OutputValue	8.0	30.2	1.0	-1.0	0.0	-1.0	-1.0	-1.0	0.0	0.0	0.0	-1.0	-1.0	0.0	0.0	0.0	-1.0	0.0
18:44:14	74.1	266.8	267.4	249.6	241.9	257.3	271.8	266.9	0.0	0.1	0.1	39.8	-0.3	0.1	0.0	271.8	241.9	0.8	0.1	260.2	256.9	272.7	272.7	271.9	277.5	100.4	74.0	38.8	0.0	271.9	272.0	40.0	50.1	7.7	60.4	0.0	0.2	.Autoclave.Outputs.PRESSIP\OutputValue	8.0	29.9	0.9	-1.0	0.0	-1.0	-1.0	-1.0	0.0	0.0	0.0	-1.0	-1.0	0.0	0.0	0.0	-1.0	0.0
18:45:14	75.1	267.2	267.7	249.8	242.7	257.8	271.8	266.8	0.0	0.1	0.1	39.8	-0.3	0.1	0.0	271.8	242.7	0.7	0.0	260.5	257.3	272.7	272.7	271.8	277.8	100.4	75.0	39.8	0.0	272.2	272.0	40.0	53.4	7.6	60.4	0.0	6.8	.Autoclave.Outputs.PRESSIP\OutputValue	8.0	29.1	0.9	-1.0	0.0	-1.0	-1.0	-1.0	0.0	0.0	0.0	-1.0	-1.0	0.0	0.0	0.0	-1.0	0.0
18:46:14	76.0	267.5	267.9	249.5	243.2	258.4	272.2	267.2	0.0	0.1	0.1	39.8	-0.3	0.1	0.0	272.2	243.2	0.6	-0.1	260.8	257.7	272.6	272.5	271.9	277.4	100.2	76.0	40.8	0.0	272.1	272.0	40.0	53.4	7.6	60.6	0.0	6.8	.Autoclave.Outputs.PRESSIP\OutputValue	8.0	29.0	0.4	-1.0	0.0	-1.0	-1.0	-1.0	0.0	0.0	0.0	-1.0	-1.0	0.0	0.0	0.0	-1.0	0.0
18:47:14	77.1	267.8	268.1	250.1	243.8	258.9	271.9	267.3	0.0	0.1	0.0	39.8	-0.3	0.1	0.0	271.9	243.8	0.6	-0.1	261.1	257.9	272.6	272.5	271.8	277.0	100.4	77.0	41.8	0.0	272.2	272.0	40.0	52.7	7.6	60.8	0.0	5.4	.Autoclave.Outputs.PRESSIP\OutputValue	8.0	28.1	0.7	-1.0	0.0	-1.0	-1.0	-1.0	0.0	0.0	0.0	-1.0	-1.0	0.0	0.0	0.0	-1.0	0.0
18:48:14	78.1	268.0	268.3	250.6	244.4	259.4	271.8	267.5	0.0	0.1	0.1	39.8	-0.3	0.1	0.0	271.8	244.4	0.5	0.1	261.4	258.1	272.5	272.5	271.9	277.3	100.4	78.0	42.8	0.0	272.4	272.0	40.0	53.3	7.5	60.2	0.0	6.6	.Autoclave.Outputs.PRESSIP\OutputValue	8.0	27.4	0.7	-1.0	0.0	-1.0	-1.0	-1.0	0.0	0.0	0.0	-1.0	-1.0	0.0	0.0	0.0	-1.0	0.0
18:49:14	79.1	268.2	268.6	250.9	245.0	259.8	271.9	267.8	0.0	0.1	0.1	39.7	-0.3	0.1	0.0	271.9	245.0	0.7	-0.4	261.7	258.5	272.5	272.5	271.8	277.2	100.3	79.0	43.8	0.0	272.0	272.0	40.0	51.3	7.5	60.6	0.0	2.6	.Autoclave.Outputs.PRESSIP\OutputValue	8.0	26.9	0.6	-1.0	0.0	-1.0	-1.0	-1.0	0.0	0.0	0.0	-1.0	-1.0	0.0	0.0	0.0	-1.0	0.0
18:50:14	80.1	268.5	268.8	251.5	245.8	260.2	271.5	267.9	0.0	0.1	0.1	39.8	-0.3	0.1	0.0	271.5	245.8	0.7	0.1	262.0	258.7	272.5	272.5	271.8	277.6	100.5	80.0	44.8	0.0	272.4	272.0	40.0	54.6	7.5	60.0	0.0	9.2	.Autoclave.Outputs.PRESSIP\OutputValue	8.0	25.7	1.0	-1.0	0.0	-1.0	-1.0	-1.0	0.0	0.0	0.0	-1.0	-1.0	0.0	0.0	0.0	-1.0	0.0
18:51:14	81.1	268.6	269.1	252.0	246.3	260.8	272.0	267.9	0.0	0.1	0.1	39.8	-0.3	0.1	0.0	272.0	246.3	0.6	-0.4	262.4	259.2	272.6	272.6	271.7	277.2	100.3	81.0	45.8	0.0	272.2	272.0	40.0	49.9	7.4	60.4	0.0	0.0	.Autoclave.Outputs.PRESSIP\OutputValue	8.0	25.7	0.6	-1.0	0.0	-1.0	-1.0	-1.0	0.0	0.0	0.0	-1.0	-1.0	0.0	0.0	0.0	-1.0	0.0
18:52:14	82.1	268.9	269.4	252.6	246.7	261.2	272.0	267.9	0.0	0.1	0.1	39.8	-0.3	0.1	0.0	272.0	246.7	0.6	0.2	262.7	259.4	272.7	272.6	271.9	277.3	100.4	82.0	46.8	0.0	272.4	272.0	40.0	51.9	7.4	60.2	0.0	3.7	.Autoclave.Outputs.PRESSIP\OutputValue	8.0	25.3	0.7	-1.0	0.0	-1.0	-1.0	-1.0	0.0	0.0	0.0	-1.0	-1.0	0.0	0.0	0.0	-1.0	0.0
18:53:14	83.0	269.1	269.5	252.9	247.2	261.6	271.8	268.2	0.0	0.1	0.1	39.8	-0.3	0.1	0.0	271.8	247.2	0.6	0.0	262.9	259.5	272.5	272.5	271.8	277.3	100.4	83.0	47.8	0.0	272.4	272.0	40.0	54.5	7.4	60.2	0.0	9.0	.Autoclave.Outputs.PRESSIP\OutputValue	8.0	24.6	0.7	-1.0	0.0	-1.0	-1.0	-1.0	0.0	0.0	0.0	-1.0	-1.0	0.0	0.0	0.0	-1.0	0.0
18:54:14	84.1	269.2	269.7	253.4	247.7	262.0	271.8	268.2	0.0	0.1	0.0	39.8	-0.3	0.1	0.0	271.8	247.7	0.7	-0.2	263.1	259.8	272.4	272.4	271.7	277.2	100.3	84.0	48.8	0.0	272.0	272.0	40.0	52.5	7.3	60.2	0.0	4.9	.Autoclave.Outputs.PRESSIP\OutputValue	8.0	24.1	0.6	-1.0	0.0	-1.0	-1.0	-1.0	0.0	0.0	0.0	-1.0	-1.0	0.0	0.0	0.0	-1.0	0.0
18:55:14	85.1	269.4	269.8	253.8	248.2	262.4	271.9	268.2	0.0	0.1	0.1	39.8	-0.3	0.1	0.0	271.9	248.2	0.6	-0.3	263.4	260.1	272.4	272.5	271.7	277.2	100.3	85.0	49.8	0.0	271.9	272.0	40.0	51.1	7.3	60.2	0.0	2.2	.Autoclave.Outputs.PRESSIP\OutputValue	8.0	23.7	0.5	-1.0	0.0	-1.0	-1.0	-1.0	0.0	0.0	0.0	-1.0	-1.0	0.0	0.0	0.0	-1.0	0.0
18:56:14	86.0	269.4	269.9	254.2	248.7	262.7	271.9	268.2	0.0	0.1	0.0	39.8	-0.3	0.1	0.0	271.9	248.7	0.4	0.0	263.6	260.3	272.2	272.2	271.6	277.0	100.3	86.0	50.8	0.0	272.1	272.0	40.0	53.7	7.3	60.4	0.0	7.4	.Autoclave.Outputs.PRESSIP\OutputValue	8.0	23.2	0.3	-1.0	0.0	-1.0	-1.0	-1.0	0.0	0.0	0.0	-1.0	-1.0	0.0	0.0	0.0	-1.0	0.0
18:57:14	87.1	269.6	270.0	254.5	249.2	263.0	271.8	268.3	0.0	0.1	0.1	39.8	-0.3	0.1	0.0	271.8	249.2	0.6	0.0	263.8	260.5	272.3	272.3	271.7	277.2	100.3	87.0	51.8	0.0	272.2	272.0	40.0	54.4	7.2	60.0	0.0	8.7	.Autoclave.Outputs.PRESSIP\OutputValue	8.0	22.6	0.5	-1.0	0.0	-1.0	-1.0	-1.0	0.0	0.0	0.0	-1.0	-1.0	0.0	0.0	0.0	-1.0	0.0
18:58:14	88.1	269.7	270.2	254.9	249.6	263.3	271.8	268.7	0.0	0.1	0.1	39.8	-0.3	0.1	0.0	271.8	249.6	0.4	0.0	264.0	260.7	272.4	272.5	271.7	277.0	100.4	88.0	52.8	0.0	272.1	272.0	40.0	53.7	7.2	60.2	0.0	7.3	.Autoclave.Outputs.PRESSIP\OutputValue	8.0	22.2	0.6	-1.0	0.0	-1.0	-1.0	-1.0	0.0	0.0	0.0	-1.0	-1.0	0.0	0.0	0.0	-1.0	0.0
18:59:14	89.0	269.8	270.4	255.2	250.1	263.6	272.0	268.9	0.0	0.1	0.1	39.8	-0.3	0.1	0.0	272.0	250.1	0.5	-0.3	264.3	261.1	272.5	272.5	271.7	277.2	100.3	89.0	53.8	0.0	272.3	272.0	40.0	53.6	7.2	60.0	0.0	7.2	.Autoclave.Outputs.PRESSIP\OutputValue	8.0	21.9	0.5	-1.0	0.0	-1.0	-1.0	-1.0	0.0	0.0	0.0	-1.0	-1.0	0.0	0.0	0.0	-1.0	0.0
19:00:14	90.1	270.1	270.4	255.6	250.4	263.9	272.0	268.6	0.0	0.1	0.0	39.8	-0.3	0.1	0.0	272.0	250.4	0.3	-0.3	264.4	261.2	272.5	272.5	271.7	277.5	100.5	90.0	54.8	0.0	272.2	272.0	40.0	52.9	7.1	59.8	0.0	5.8	.Autoclave.Outputs.PRESSIP\OutputValue	8.0	21.6	0.5	-1.0	0.0	-1.0	-1.0	-1.0	0.0	0.0	0.0	-1.0	-1.0	0.0	0.0	0.0	-1.0	0.0
19:01:14	91.1	270.2	270.6	255.9	250.9	264.2	272.2	268.8	0.0	0.1	0.1	39.8	-0.3	0.1	0.0	272.2	250.9	0.6	0.1	264.7	261.6	272.4	272.4	271.7	277.0	100.4	91.0	55.8	0.0	272.1	272.0	40.0	52.2	7.1	60.0	0.0	4.4	.Autoclave.Outputs.PRESSIP\OutputValue	8.0	21.3	0.2	-1.0	0.0	-1.0	-1.0	-1.0	0.0	0.0	0.0	-1.0	-1.0	0.0	0.0	0.0	-1.0	0.0
19:02:14	92.1	270.2	270.7	256.2	251.4	264.5	272.2	269.2	0.0	0.1	0.1	39.8	-0.3	0.1	0.0	272.2	251.4	0.4	0.0	264.9	261.8	272.4	272.5	271.7	276.9	100.5	92.0	56.8	0.0	271.9	272.0	40.0	51.5	7.1	60.0	0.0	3.0	.Autoclave.Outputs.PRESSIP\OutputValue	8.0	20.8	0.2	-1.0	0.0	-1.0	-1.0	-1.0	0.0	0.0	0.0	-1.0	-1.0	0.0	0.0	0.0	-1.0	0.0
19:03:14	93.1	270.3	270.7	256.4	251.7	264.7	271.6	269.1	0.0	0.1	0.1	39.8	-0.3	0.1	0.0	271.6	251.7	0.3	-0.5	264.9	261.7	272.2	272.2	271.6	276.8	100.4	93.0	57.8	0.0	272.3	272.0	40.0	54.8	7.0	60.0	0.0	9.6	.Autoclave.Outputs.PRESSIP\OutputValue	8.0	19.9	0.6	-1.0	0.0	-1.0	-1.0	-1.0	0.0	0.0	0.0	-1.0	-1.0	0.0	0.0	0.0	-1.0	0.0
19:04:14	94.1	270.4	270.8	256.8	252.1	265.1	271.9	269.0	0.0	0.1	0.1	39.8	-0.3	0.1	0.0	271.9	252.1	0.4	0.0	265.2	262.0	272.3	272.2	271.5	276.8	100.4	94.0	58.8	0.0	272.3	272.0	40.0	53.4	7.0	60.4	0.0	6.9	.Autoclave.Outputs.PRESSIP\OutputValue	8.0	19.8	0.4	-1.0	0.0	-1.0	-1.0	-1.0	0.0	0.0	0.0	-1.0	-1.0	0.0	0.0	0.0	-1.0	0.0
19:05:14	95.1	270.5	270.9	257.2	252.5	265.2	271.7	269.1	0.0	0.1	0.1	39.8	-0.3	0.1	0.0	271.7	252.5	0.4	-0.2	265.3	262.1	272.3	272.3	271.6	277.0	100.5	95.0	59.8	0.0	272.3	272.0	40.0	52.7	7.0	59.8	0.0	5.5	.Autoclave.Outputs.PRESSIP\OutputValue	8.0	19.2	0.6	-1.0	0.0	-1.0	-1.0	-1.0	0.0	0.0	0.0	-1.0	-1.0	0.0	0.0	0.0	-1.0	0.0
19:06:14	96.0	270.6	270.9	257.4	253.0	265.4	271.9	269.6	0.0	0.1	0.0	39.8	-0.3	0.1	0.0	271.9	253.0	0.4	-0.1	265.5	262.5	272.3	272.3	271.6	277.0	100.4	96.0	60.8	0.0	271.8	272.0	40.0	50.7	6.9	59.8	0.0	1.4	.Autoclave.Outputs.PRESSIP\OutputValue	8.0	18.9	0.4	-1.0	0.0	-1.0	-1.0	-1.0	0.0	0.0	0.0	-1.0	-1.0	0.0	0.0	0.0	-1.0	0.0
19:07:14	97.1	270.6	271.0	257.5	253.3	265.7	271.7	269.4	0.0	0.1	0.1	39.8	-0.3	0.1	0.0	271.7	253.3	0.4	0.0	265.6	262.5	272.4	272.4	271.7	276.8	100.4	97.0	61.8	0.0	271.6	272.0	40.0	50.0	6.9	60.0	0.0	0.0	.Autoclave.Outputs.PRESSIP\OutputValue	8.0	18.4	0.7	-1.0	0.0	-1.0	-1.0	-1.0	0.0	0.0	0.0	-1.0	-1.0	0.0	0.0	0.0	-1.0	0.0
19:08:14	98.1	270.7	271.0	258.0	253.7	265.7	271.7	269.2	0.0	0.1	0.0	39.8	-0.3	0.1	0.0	271.7	253.7	0.4	-0.1	265.7	262.7	272.3	272.4	271.7	277.1	100.6	98.0	62.8	0.0	271.9	272.0	40.0	54.0	6.9	60.0	0.0	8.0	.Autoclave.Outputs.PRESSIP\OutputValue	8.0	18.0	0.6	-1.0	0.0	-1.0	-1.0	-1.0	0.0	0.0	0.0	-1.0	-1.0	0.0	0.0	0.0	-1.0	0.0
19:09:14	99.0	270.7	271.0	258.3	254.0	266.0	271.9	269.1	0.0	0.1	0.1	39.8	-0.3	0.1	0.0	271.9	254.0	0.3	-0.5	265.9	263.0	272.3	272.3	271.5	277.3	100.5	99.0	63.8	0.0	272.2	272.0	40.0	52.6	6.8	59.8	0.0	5.2	.Autoclave.Outputs.PRESSIP\OutputValue	8.0	17.9	0.4	-1.0	0.0	-1.0	-1.0	-1.0	0.0	0.0	0.0	-1.0	-1.0	0.0	0.0	0.0	-1.0	0.0
19:10:14	100.1	270.6	271.2	258.5	254.3	266.2	272.2	269.3	0.0	0.1	0.1	39.8	-0.3	0.1	0.0	272.2	254.3	0.4	-0.1	266.0	263.3	272.3	272.4	271.7	277.2	100.6	100.0	64.8	0.0	272.0	272.0	40.0	52.6	6.8	59.8	0.0	5.2	.Autoclave.Outputs.PRESSIP\OutputValue	8.0	17.9	0.1	-1.0	0.0	-1.0	-1.0	-1.0	0.0	0.0	0.0	-1.0	-1.0	0.0	0.0	0.0	-1.0	0.0
19:11:14	101.1	270.8	271.2	258.8	255.0	266.4	272.2	269.7	0.0	0.1	0.1	39.8	-0.3	0.1	0.0	272.2	255.0	0.4	-0.2	266.3	263.6	272.3	272.4	271.7	276.9	100.6	101.0	65.8	0.0	272.1	272.0	40.0	52.6	6.8	59.8	0.0	5.1	.Autoclave.Outputs.PRESSIP\OutputValue	8.0	17.2	0.1	-1.0	0.0	-1.0	-1.0	-1.0	0.0	0.0	0.0	-1.0	-1.0	0.0	0.0	0.0	-1.0	0.0
19:12:14	102.0	270.9	271.3	259.1	255.1	266.6	272.0	269.6	0.0	0.1	0.1	39.8	-0.3	0.1	0.0	272.0	255.1	0.3	-0.2	266.4	263.6	272.3	272.3	271.6	277.2	100.6	102.0	66.8	0.0	272.3	272.0	40.0	52.5	6.7	59.6	0.0	5.1	.Autoclave.Outputs.PRESSIP\OutputValue	8.0	16.9	0.3	-1.0	0.0	-1.0	-1.0	-1.0	0.0	0.0	0.0	-1.0	-1.0	0.0	0.0	0.0	-1.0	0.0
19:13:14	103.1	270.8	271.3	259.3	255.4	266.8	272.0	269.3	0.0	0.1	0.1	39.8	-0.3	0.1	0.0	272.0	255.4	0.4	-0.2	266.4	263.7	272.3	272.3	271.5	276.8	100.6	103.0	67.8	0.0	272.2	272.0	40.0	53.8	6.7	60.0	0.0	7.7	.Autoclave.Outputs.PRESSIP\OutputValue	8.0	16.6	0.3	-1.0	0.0	-1.0	-1.0	-1.0	0.0	0.0	0.0	-1.0	-1.0	0.0	0.0	0.0	-1.0	0.0
19:14:14	104.1	271.0	271.2	259.5	255.7	267.0	272.0	269.3	0.0	0.1	0.1	39.8	-0.3	0.1	0.0	272.0	255.7	0.4	-0.2	266.5	263.9	272.3	272.3	271.5	276.8	100.6	104.0	68.8	0.0	272.0	272.0	40.0	52.5	6.7	59.8	0.0	4.9	.Autoclave.Outputs.PRESSIP\OutputValue	8.0	16.3	0.3	-1.0	0.0	-1.0	-1.0	-1.0	0.0	0.0	0.0	-1.0	-1.0	0.0	0.0	0.0	-1.0	0.0
19:15:14	105.0	271.0	271.4	259.7	256.0	267.1	272.2	269.4	0.0	0.1	0.1	39.8	-0.3	0.1	0.0	272.2	256.0	0.4	-0.5	266.7	264.1	272.2	272.4	271.6	277.0	100.6	105.0	69.8	0.0	272.3	272.0	40.0	52.4	6.6	59.6	0.0	4.9	.Autoclave.Outputs.PRESSIP\OutputValue	8.0	16.2	0.0	-1.0	0.0	-1.0	-1.0	-1.0	0.0	0.0	0.0	-1.0	-1.0	0.0	0.0	0.0	-1.0	0.0
19:16:14	106.1	271.0	271.4	260.0	256.3	267.3	272.0	269.3	0.0	0.1	0.0	39.8	-0.3	0.1	0.0	272.0	256.3	0.2	0.0	266.8	264.2	272.2	272.3	271.6	276.9	100.5	106.0	70.8	0.0	271.8	272.0	40.0	53.7	6.6	59.8	0.0	7.5	.Autoclave.Outputs.PRESSIP\OutputValue	8.0	15.7	0.2	-1.0	0.0	-1.0	-1.0	-1.0	0.0	0.0	0.0	-1.0	-1.0	0.0	0.0	0.0	-1.0	0.0
19:17:14	107.1	271.0	271.5	260.3	256.6	267.4	271.9	269.7	0.0	0.1	0.1	39.8	-0.3	0.1	0.0	271.9	256.6	0.4	-0.2	266.9	264.3	272.3	272.3	271.5	277.0	100.5	107.0	71.8	0.0	272.0	272.0	40.0	52.4	6.6	59.8	0.0	4.7	.Autoclave.Outputs.PRESSIP\OutputValue	8.0	15.3	0.4	-1.0	0.0	-1.0	-1.0	-1.0	0.0	0.0	0.0	-1.0	-1.0	0.0	0.0	0.0	-1.0	0.0
19:18:14	108.1	271.1	271.5	260.5	256.8	267.5	272.0	269.6	0.0	0.1	-0.1	39.8	-0.3	0.1	-0.1	272.0	256.8	0.4	0.0	267.0	264.4	272.2	272.2	271.5	276.9	100.4	108.0	72.8	0.0	271.9	272.0	40.0	52.3	6.5	59.6	0.0	4.7	.Autoclave.Outputs.PRESSIP\OutputValue	8.0	15.2	0.2	-1.0	0.0	-1.0	-1.0	-1.0	0.0	0.0	0.0	-1.0	-1.0	0.0	0.0	0.0	-1.0	0.0
19:19:14	109.1	271.0	271.5	260.5	257.1	267.6	271.9	269.5	0.0	0.1	0.1	39.8	-0.3	0.1	0.0	271.9	257.1	0.3	0.0	267.0	264.5	272.2	272.2	271.4	276.8	100.5	109.0	73.8	0.0	272.1	272.0	40.0	51.0	6.5	59.8	0.0	1.9	.Autoclave.Outputs.PRESSIP\OutputValue	8.0	14.8	0.3	-1.0	0.0	-1.0	-1.0	-1.0	0.0	0.0	0.0	-1.0	-1.0	0.0	0.0	0.0	-1.0	0.0
19:20:14	110.1	271.1	271.5	260.9	257.5	267.8	271.8	269.9	0.0	0.1	0.1	39.9	-0.3	0.1	0.0	271.8	257.5	0.5	-0.3	267.2	264.7	272.3	272.3	271.6	276.7	100.5	110.0	74.8	0.0	272.0	272.0	40.0	52.3	6.5	59.4	0.0	4.6	.Autoclave.Outputs.PRESSIP\OutputValue	8.0	14.3	0.5	-1.0	0.0	-1.0	-1.0	-1.0	0.0	0.0	0.0	-1.0	-1.0	0.0	0.0	0.0	-1.0	0.0
19:21:14	111.1	271.2	271.4	261.2	257.7	267.8	272.1	269.8	0.0	0.1	0.0	39.9	-0.3	0.1	0.0	272.1	257.7	0.3	-0.5	267.3	264.9	272.3	272.3	271.5	277.0	100.5	111.0	75.8	0.0	272.0	272.0	40.0	52.3	6.5	59.4	0.0	4.5	.Autoclave.Outputs.PRESSIP\OutputValue	8.0	14.4	0.2	-1.0	0.0	-1.0	-1.0	-1.0	0.0	0.0	0.0	-1.0	-1.0	0.0	0.0	0.0	-1.0	0.0
19:22:14	112.0	271.1	271.6	261.2	258.0	268.1	271.8	269.1	0.1	0.1	0.0	39.8	-0.3	0.1	0.0	271.8	258.0	0.3	-0.5	267.3	264.9	272.2	272.2	271.5	277.0	100.5	112.0	76.8	0.0	272.2	272.0	40.0	54.2	6.4	59.8	0.0	8.4	.Autoclave.Outputs.PRESSIP\OutputValue	8.0	13.8	0.4	-1.0	0.0	-1.0	-1.0	-1.0	0.0	0.0	0.0	-1.0	-1.0	0.0	0.0	0.0	-1.0	0.0
19:23:15	113.1	271.3	271.6	261.6	258.3	268.1	272.3	270.3	0.0	0.1	0.0	39.8	-0.3	0.1	0.0	272.3	258.3	0.5	0.1	267.6	265.3	272.2	272.2	271.5	276.5	100.4	113.0	77.8	0.0	271.7	272.0	40.0	50.9	6.4	59.8	0.0	1.7	.Autoclave.Outputs.PRESSIP\OutputValue	8.0	14.0	-0.1	-1.0	0.0	-1.0	-1.0	-1.0	0.0	0.0	0.0	-1.0	-1.0	0.0	0.0	0.0	-1.0	0.0
19:24:14	114.1	271.2	271.6	261.6	258.4	268.2	272.3	269.9	0.0	0.1	0.1	39.8	-0.3	0.1	0.0	272.3	258.4	0.3	-0.1	267.6	265.4	272.2	272.2	271.4	276.6	100.4	114.0	78.8	0.0	271.8	272.0	40.0	51.5	6.4	59.6	0.0	3.0	.Autoclave.Outputs.PRESSIP\OutputValue	8.0	13.9	-0.1	-1.0	0.0	-1.0	-1.0	-1.0	0.0	0.0	0.0	-1.0	-1.0	0.0	0.0	0.0	-1.0	0.0
19:25:14	115.0	271.4	271.5	261.8	258.8	268.2	272.2	269.8	0.1	0.1	0.0	39.8	-0.3	0.1	0.0	272.2	258.8	0.3	-0.1	267.7	265.5	272.1	272.1	271.4	276.7	100.5	115.0	79.8	0.0	272.0	272.0	40.0	53.5	6.3	59.6	0.0	6.9	.Autoclave.Outputs.PRESSIP\OutputValue	8.0	13.4	-0.1	-1.0	0.0	-1.0	-1.0	-1.0	0.0	0.0	0.0	-1.0	-1.0	0.0	0.0	0.0	-1.0	0.0
19:26:14	116.1	271.3	271.7	262.0	258.9	268.3	272.2	270.1	0.0	0.1	0.1	39.8	-0.3	0.1	0.0	272.2	258.9	0.3	-0.6	267.8	265.6	272.3	272.3	271.5	276.5	100.5	116.0	80.8	0.0	271.9	272.0	40.0	52.1	6.3	59.8	0.0	4.2	.Autoclave.Outputs.PRESSIP\OutputValue	8.0	13.3	0.1	-1.0	0.0	-1.0	-1.0	-1.0	0.0	0.0	0.0	-1.0	-1.0	0.0	0.0	0.0	-1.0	0.0
19:27:14	117.1	271.3	271.6	262.1	259.2	268.5	272.1	270.0	0.0	0.1	0.0	39.9	-0.3	0.1	0.0	272.1	259.2	0.7	-0.1	267.8	265.7	272.1	272.1	271.4	276.7	100.4	117.0	81.8	0.0	271.8	272.0	40.0	52.1	6.3	59.4	0.0	4.1	.Autoclave.Outputs.PRESSIP\OutputValue	8.0	12.9	0.0	-1.0	0.0	-1.0	-1.0	-1.0	0.0	0.0	0.0	-1.0	-1.0	0.0	0.0	0.0	-1.0	0.0
19:28:14	118.0	271.3	271.7	262.5	259.6	268.7	272.2	270.5	0.0	0.1	0.0	39.8	-0.3	0.1	0.0	272.2	259.6	0.4	-0.2	268.1	265.9	272.3	272.2	271.4	276.8	100.5	118.0	82.8	0.0	271.9	272.0	40.0	50.7	6.2	59.6	0.0	1.4	.Autoclave.Outputs.PRESSIP\OutputValue	8.0	12.6	0.1	-1.0	0.0	-1.0	-1.0	-1.0	0.0	0.0	0.0	-1.0	-1.0	0.0	0.0	0.0	-1.0	0.0
19:29:14	119.1	271.3	271.8	262.6	259.8	268.8	272.0	270.1	0.0	0.1	0.1	39.8	-0.3	0.1	0.0	272.0	259.8	0.3	-0.1	268.1	265.9	272.3	272.2	271.5	276.8	100.6	119.0	83.8	0.0	272.1	272.0	40.0	52.0	6.2	59.6	0.0	4.0	.Autoclave.Outputs.PRESSIP\OutputValue	8.0	12.2	0.3	-1.0	0.0	-1.0	-1.0	-1.0	0.0	0.0	0.0	-1.0	-1.0	0.0	0.0	0.0	-1.0	0.0
19:30:14	120.1	271.3	271.9	262.8	259.9	268.8	272.2	270.0	0.0	0.1	0.1	39.9	-0.3	0.1	0.0	272.2	259.9	0.2	-0.1	268.1	266.1	272.1	272.2	271.4	276.7	100.6	120.0	84.8	0.0	272.0	272.0	40.0	51.3	6.2	59.4	0.0	2.6	.Autoclave.Outputs.PRESSIP\OutputValue	8.0	12.3	-0.1	-1.0	0.0	-1.0	-1.0	-1.0	0.0	0.0	0.0	-1.0	-1.0	0.0	0.0	0.0	-1.0	0.0
19:30:25	120.2	271.3	271.8	262.8	260.2	268.8	272.1	270.1	0.0	0.1	0.1	39.8	-0.3	0.1	0.0	272.1	260.2	0.2	-0.6	268.2	266.2	272.2	272.2	271.5	276.9	100.6	120.2	84.9	0.0	272.0	272.0	40.0	54.0	6.2	59.8	0.0	8.0	.Autoclave.Outputs.PRESSIP\OutputValue	8.0	11.9	0.2	-1.0	0.0	-1.0	-1.0	-1.0	0.0	0.0	0.0	-1.0	-1.0	0.0	0.0	0.0	-1.0	0.0
19:31:14	121.0	271.3	271.7	262.9	260.3	268.9	272.1	269.9	0.0	0.1	0.1	39.9	-0.3	0.1	0.0	272.1	260.3	0.4	-0.2	268.2	266.2	272.2	272.2	271.5	276.8	100.6	121.0	0.8	70.2	272.0	272.0	40.0	52.6	6.2	59.4	0.0	5.3	.Autoclave.Outputs.PRESSIP\OutputValue	8.0	11.8	0.1	-1.0	0.0	-1.0	-1.0	-1.0	0.0	0.0	0.0	-1.0	-1.0	0.0	0.0	0.0	-1.0	0.0
19:32:14	122.1	271.3	271.9	263.0	260.4	269.0	271.9	270.3	0.0	0.1	0.0	39.8	-0.3	0.1	0.0	271.9	260.4	0.5	-0.1	268.3	266.2	272.1	272.1	271.5	276.9	100.6	122.0	1.8	69.2	272.1	272.0	40.0	53.5	6.1	59.6	0.0	7.0	.Autoclave.Outputs.PRESSIP\OutputValue	8.0	11.5	0.2	-1.0	0.0	-1.0	-1.0	-1.0	0.0	0.0	0.0	-1.0	-1.0	0.0	0.0	0.0	-1.0	0.0
19:33:14	123.1	271.3	271.7	263.3	260.7	269.2	272.1	269.8	0.0	0.1	0.1	39.9	-0.3	0.1	0.0	272.1	260.7	0.3	-0.4	268.3	266.4	272.2	272.2	271.4	276.7	100.5	123.0	2.8	68.2	272.1	272.0	40.0	51.9	6.1	59.4	0.0	3.8	.Autoclave.Outputs.PRESSIP\OutputValue	8.0	11.4	0.1	-1.0	0.0	-1.0	-1.0	-1.0	0.0	0.0	0.0	-1.0	-1.0	0.0	0.0	0.0	-1.0	0.0
19:34:14	124.1	271.3	271.6	263.3	260.7	269.1	272.0	269.9	0.0	0.1	0.1	39.8	-0.3	0.1	0.0	272.0	260.7	0.1	-0.1	268.3	266.4	272.3	272.2	271.5	276.7	100.5	124.0	3.8	67.2	272.2	272.0	40.0	51.9	6.1	59.6	0.0	3.8	.Autoclave.Outputs.PRESSIP\OutputValue	8.0	11.3	0.3	-1.0	0.0	-1.0	-1.0	-1.0	0.0	0.0	0.0	-1.0	-1.0	0.0	0.0	0.0	-1.0	0.0
19:35:14	125.1	271.3	271.8	263.5	260.9	269.1	272.2	270.1	0.0	0.1	0.0	39.9	-0.3	0.1	0.0	272.2	260.9	0.1	-0.2	268.4	266.6	272.1	272.2	271.3	277.0	100.5	125.0	4.8	66.2	271.9	272.0	40.0	49.9	6.1	59.6	0.0	0.0	.Autoclave.Outputs.PRESSIP\OutputValue	8.0	11.3	-0.1	-1.0	0.0	-1.0	-1.0	-1.0	0.0	0.0	0.0	-1.0	-1.0	0.0	0.0	0.0	-1.0	0.0
19:36:14	126.1	271.3	271.8	263.5	261.1	269.2	272.0	270.0	0.1	0.1	0.1	39.8	-0.3	0.1	0.1	272.0	261.1	0.3	-0.1	268.4	266.6	272.1	272.1	271.5	276.5	100.5	126.0	5.8	65.2	271.8	272.0	40.0	53.2	6.0	59.6	0.0	6.3	.Autoclave.Outputs.PRESSIP\OutputValue	8.0	10.9	0.1	-1.0	0.0	-1.0	-1.0	-1.0	0.0	0.0	0.0	-1.0	-1.0	0.0	0.0	0.0	-1.0	0.0
19:37:14	127.1	271.3	271.7	263.8	261.4	269.2	271.8	270.4	0.0	0.1	0.0	39.8	-0.9	0.1	0.0	271.8	261.4	0.3	-0.2	268.5	266.6	272.0	272.0	271.4	276.6	100.6	127.0	6.8	64.2	272.1	272.0	40.0	54.5	6.0	59.6	0.0	9.0	.Autoclave.Outputs.PRESSIP\OutputValue	8.0	10.4	0.2	-1.0	0.0	-1.0	-1.0	-1.0	0.0	0.0	0.0	-1.0	-1.0	0.0	0.0	0.0	-1.0	0.0
19:38:14	128.0	271.2	271.8	263.9	261.4	269.2	272.1	269.6	0.0	0.1	0.0	39.8	-0.3	0.1	0.0	272.1	261.4	0.2	-0.3	268.5	266.8	272.0	272.0	271.4	276.6	100.4	128.0	7.8	63.2	271.7	272.0	40.0	51.8	6.0	59.6	0.0	3.6	.Autoclave.Outputs.PRESSIP\OutputValue	8.0	10.7	-0.1	-1.0	0.0	-1.0	-1.0	-1.0	0.0	0.0	0.0	-1.0	-1.0	0.0	0.0	0.0	-1.0	0.0
19:39:14	129.1	271.4	271.7	263.9	261.6	269.4	272.2	270.0	0.0	0.1	0.1	39.8	-0.3	0.1	0.0	272.2	261.6	0.2	-0.5	268.6	266.9	272.1	272.0	271.4	276.6	100.6	129.0	8.8	62.2	271.5	272.0	40.0	52.4	6.0	59.4	0.0	4.9	.Autoclave.Outputs.PRESSIP\OutputValue	8.0	10.6	-0.1	-1.0	0.0	-1.0	-1.0	-1.0	0.0	0.0	0.0	-1.0	-1.0	0.0	0.0	0.0	-1.0	0.0
19:40:14	130.1	271.3	271.6	264.1	261.7	269.4	272.2	270.2	0.0	0.1	0.1	39.8	-0.3	0.1	0.0	272.2	261.7	0.2	-0.1	268.6	267.0	272.1	272.1	271.4	276.8	100.7	130.0	9.8	61.2	271.9	272.0	40.0	53.8	6.0	59.6	0.0	7.5	.Autoclave.Outputs.PRESSIP\OutputValue	8.0	10.5	-0.1	-1.0	0.0	-1.0	-1.0	-1.0	0.0	0.0	0.0	-1.0	-1.0	0.0	0.0	0.0	-1.0	0.0
19:41:14	131.0	271.4	271.6	264.1	262.0	269.4	272.0	270.1	0.0	0.1	0.1	39.9	-0.3	0.1	0.0	272.0	262.0	0.4	-0.1	268.7	267.0	272.2	272.2	271.5	276.7	100.6	131.0	10.8	60.2	272.0	272.0	40.0	51.1	5.9	59.6	0.0	2.2	.Autoclave.Outputs.PRESSIP\OutputValue	8.0	10.0	0.2	-1.0	0.0	-1.0	-1.0	-1.0	0.0	0.0	0.0	-1.0	-1.0	0.0	0.0	0.0	-1.0	0.0
19:42:14	132.1	271.4	271.6	264.4	262.1	269.4	272.0	270.2	0.0	0.1	0.1	39.8	-0.3	0.1	0.0	272.0	262.1	0.3	-0.2	268.7	267.1	272.0	272.0	271.3	276.6	100.6	132.0	11.8	59.2	271.9	272.0	40.0	53.1	5.9	59.6	0.0	6.1	.Autoclave.Outputs.PRESSIP\OutputValue	8.0	9.9	0.0	-1.0	0.0	-1.0	-1.0	-1.0	0.0	0.0	0.0	-1.0	-1.0	0.0	0.0	0.0	-1.0	0.0
19:43:14	133.1	271.5	271.7	264.3	262.2	269.5	272.0	270.0	0.0	0.1	0.1	39.9	-0.3	0.1	0.0	272.0	262.2	0.2	-0.2	268.7	267.1	272.1	272.1	271.4	276.9	100.7	133.0	12.8	58.2	272.2	272.0	40.0	53.0	5.9	59.4	0.0	6.1	.Autoclave.Outputs.PRESSIP\OutputValue	8.0	9.8	0.1	-1.0	0.0	-1.0	-1.0	-1.0	0.0	0.0	0.0	-1.0	-1.0	0.0	0.0	0.0	-1.0	0.0
19:44:14	134.0	271.4	271.7	264.6	262.5	269.6	271.9	270.3	0.0	0.1	0.0	39.9	-0.3	0.1	0.0	271.9	262.5	0.4	-0.2	268.9	267.2	272.2	272.3	271.5	276.9	100.7	134.0	13.8	57.2	271.9	272.0	40.0	52.4	5.9	59.6	0.0	4.7	.Autoclave.Outputs.PRESSIP\OutputValue	8.0	9.4	0.3	-1.0	0.0	-1.0	-1.0	-1.0	0.0	0.0	0.0	-1.0	-1.0	0.0	0.0	0.0	-1.0	0.0
19:45:14	135.1	271.4	271.9	264.7	262.7	269.7	271.9	269.9	0.1	0.1	0.1	39.8	-0.3	0.1	0.1	271.9	262.7	0.4	-0.2	268.9	267.3	272.2	272.2	271.5	277.1	100.7	135.0	14.8	56.2	271.8	272.0	40.0	51.0	5.9	59.6	0.0	2.0	.Autoclave.Outputs.PRESSIP\OutputValue	8.0	9.2	0.3	-1.0	0.0	-1.0	-1.0	-1.0	0.0	0.0	0.0	-1.0	-1.0	0.0	0.0	0.0	-1.0	0.0
19:46:14	136.1	271.5	271.7	264.9	263.0	269.8	272.0	270.1	0.0	0.1	0.0	39.8	-0.3	0.1	0.0	272.0	263.0	0.4	-0.5	269.0	267.5	272.3	272.3	271.6	276.9	100.6	136.0	15.8	55.2	271.9	272.0	40.0	51.7	5.9	59.4	0.0	3.3	.Autoclave.Outputs.PRESSIP\OutputValue	8.0	9.0	0.3	-1.0	0.0	-1.0	-1.0	-1.0	0.0	0.0	0.0	-1.0	-1.0	0.0	0.0	0.0	-1.0	0.0
19:47:14	137.1	271.3	271.8	265.0	263.0	269.8	272.7	270.0	0.0	0.1	0.0	39.9	-0.3	0.1	0.0	272.7	263.0	0.2	-0.1	269.1	267.9	272.3	272.3	271.6	276.8	100.6	137.0	16.8	54.2	272.0	272.0	40.0	52.3	5.8	59.4	0.0	4.6	.Autoclave.Outputs.PRESSIP\OutputValue	8.0	9.7	-0.4	-1.0	0.0	-1.0	-1.0	-1.0	0.0	0.0	0.0	-1.0	-1.0	0.0	0.0	0.0	-1.0	0.0
19:48:14	138.1	271.3	271.8	265.2	263.1	269.8	272.2	270.2	0.0	0.1	0.1	39.9	-0.3	0.1	0.0	272.2	263.1	0.3	0.0	269.1	267.7	272.2	272.2	271.4	277.1	100.6	138.0	17.8	53.2	272.2	272.0	40.0	52.3	5.8	59.2	0.0	4.6	.Autoclave.Outputs.PRESSIP\OutputValue	8.0	9.1	0.0	-1.0	0.0	-1.0	-1.0	-1.0	0.0	0.0	0.0	-1.0	-1.0	0.0	0.0	0.0	-1.0	0.0
19:49:14	139.1	271.3	271.7	265.1	263.2	269.8	271.8	270.3	0.0	0.1	0.0	39.8	-0.3	0.1	0.0	271.8	263.2	0.1	-0.2	269.0	267.5	272.2	272.2	271.5	276.8	100.7	139.0	18.8	52.2	271.8	272.0	40.0	50.3	5.8	59.6	0.0	0.5	.Autoclave.Outputs.PRESSIP\OutputValue	8.0	8.6	0.4	-1.0	0.0	-1.0	-1.0	-1.0	0.0	0.0	0.0	-1.0	-1.0	0.0	0.0	0.0	-1.0	0.0
19:50:14	140.1	271.3	271.7	265.2	263.3	269.7	272.1	270.1	0.0	0.1	0.0	39.8	-0.3	0.1	0.0	272.1	263.3	0.5	-0.2	269.1	267.7	271.4	271.4	270.7	274.9	100.6	140.0	19.8	51.2	272.0	272.0	40.0	56.9	5.8	60.2	0.0	13.9	.Autoclave.Outputs.PRESSIP\OutputValue	8.0	8.8	-0.7	-1.0	0.0	-1.0	-1.0	-1.0	0.0	0.0	0.0	-1.0	-1.0	0.0	0.0	0.0	-1.0	0.0
19:51:14	141.0	271.3	271.7	265.3	263.5	269.8	272.0	270.0	0.0	0.1	0.0	39.9	-0.3	0.1	0.0	272.0	263.5	0.2	0.0	269.1	267.8	272.0	272.0	271.3	276.8	100.6	141.0	20.8	50.2	272.0	272.0	40.0	54.3	5.8	59.4	0.0	8.5	.Autoclave.Outputs.PRESSIP\OutputValue	8.0	8.5	0.0	-1.0	0.0	-1.0	-1.0	-1.0	0.0	0.0	0.0	-1.0	-1.0	0.0	0.0	0.0	-1.0	0.0
19:52:14	142.1	271.3	271.6	265.4	263.7	269.9	272.1	269.6	0.0	0.1	0.0	39.8	-0.3	0.1	0.0	272.1	263.7	0.2	-0.1	269.1	267.9	272.2	272.2	271.4	276.9	100.7	142.0	21.8	49.2	271.9	272.0	40.0	51.6	5.8	59.8	0.0	3.2	.Autoclave.Outputs.PRESSIP\OutputValue	8.0	8.4	0.1	-1.0	0.0	-1.0	-1.0	-1.0	0.0	0.0	0.0	-1.0	-1.0	0.0	0.0	0.0	-1.0	0.0
19:53:14	143.1	271.3	271.7	265.3	263.8	270.0	271.6	270.0	0.1	0.1	0.0	39.9	-0.3	0.1	0.0	271.7	263.8	0.3	-0.1	269.1	267.7	272.1	272.1	271.4	276.9	100.6	143.0	22.8	48.2	272.0	272.0	40.0	55.1	5.8	59.2	0.0	10.3	.Autoclave.Outputs.PRESSIP\OutputValue	8.0	7.8	0.5	-1.0	0.0	-1.0	-1.0	-1.0	0.0	0.0	0.0	-1.0	-1.0	0.0	0.0	0.0	-1.0	0.0
19:54:14	144.0	271.3	271.6	265.6	263.9	269.9	272.0	269.9	0.1	0.1	0.1	39.9	-0.3	0.1	0.1	272.0	263.9	0.1	-0.5	269.2	268.0	272.2	272.2	271.5	277.0	100.5	144.0	23.8	47.2	272.1	272.0	40.0	53.6	5.8	59.6	0.0	7.1	.Autoclave.Outputs.PRESSIP\OutputValue	8.0	8.1	0.2	-1.0	0.0	-1.0	-1.0	-1.0	0.0	0.0	0.0	-1.0	-1.0	0.0	0.0	0.0	-1.0	0.0
19:55:14	145.1	271.5	271.6	265.8	264.1	270.1	271.7	270.0	0.0	0.1	0.1	39.8	-0.3	0.1	0.0	271.7	264.1	0.3	-0.2	269.3	267.9	272.2	272.2	271.5	276.7	100.6	145.0	24.8	46.2	272.3	272.0	40.0	54.2	5.7	59.6	0.0	8.4	.Autoclave.Outputs.PRESSIP\OutputValue	8.0	7.6	0.5	-1.0	0.0	-1.0	-1.0	-1.0	0.0	0.0	0.0	-1.0	-1.0	0.0	0.0	0.0	-1.0	0.0
19:56:14	146.1	271.4	271.8	265.9	264.3	270.1	272.0	270.2	0.0	0.1	0.0	39.9	-0.8	0.1	0.0	272.0	264.3	0.3	-0.1	269.4	268.2	272.2	272.2	271.5	276.7	100.7	146.0	25.8	45.2	272.0	272.0	40.0	52.2	5.7	59.4	0.0	4.4	.Autoclave.Outputs.PRESSIP\OutputValue	8.0	7.7	0.2	-1.0	0.0	-1.0	-1.0	-1.0	0.0	0.0	0.0	-1.0	-1.0	0.0	0.0	0.0	-1.0	0.0
19:57:14	147.0	271.4	271.8	265.8	264.3	270.1	271.6	270.0	0.0	0.1	0.0	39.9	-0.3	0.1	0.0	271.8	264.3	0.3	0.0	269.3	268.0	272.2	272.2	271.4	276.7	100.6	147.0	26.8	44.2	272.1	272.0	40.0	53.7	5.7	59.4	0.0	7.5	.Autoclave.Outputs.PRESSIP\OutputValue	8.0	7.4	0.5	-1.0	0.0	-1.0	-1.0	-1.0	0.0	0.0	0.0	-1.0	-1.0	0.0	0.0	0.0	-1.0	0.0
19:58:14	148.1	271.3	271.8	266.0	264.6	270.1	271.8	270.2	0.0	0.1	0.0	39.9	-0.3	0.1	0.0	271.8	264.6	0.3	-0.2	269.4	268.2	272.3	272.3	271.6	276.7	100.6	148.0	27.8	43.2	272.3	272.0	40.0	54.2	5.7	59.4	0.0	8.3	.Autoclave.Outputs.PRESSIP\OutputValue	8.0	7.2	0.5	-1.0	0.0	-1.0	-1.0	-1.0	0.0	0.0	0.0	-1.0	-1.0	0.0	0.0	0.0	-1.0	0.0
19:59:14	149.1	271.4	271.9	266.2	264.6	270.2	272.1	270.0	0.0	0.1	0.1	39.9	-0.3	0.1	0.0	272.1	264.6	0.1	-0.4	269.5	268.4	272.2	272.2	271.4	277.0	100.6	149.0	28.8	42.2	272.1	272.0	40.0	52.8	5.7	59.4	0.0	5.6	.Autoclave.Outputs.PRESSIP\OutputValue	8.0	7.5	0.1	-1.0	0.0	-1.0	-1.0	-1.0	0.0	0.0	0.0	-1.0	-1.0	0.0	0.0	0.0	-1.0	0.0
20:00:14	150.0	271.2	271.7	266.1	264.7	270.0	272.1	269.9	0.0	0.1	0.1	39.9	-0.3	0.1	0.0	272.1	264.7	0.7	-0.3	269.4	268.4	271.6	271.7	270.9	277.0	100.6	150.0	29.8	41.2	272.3	272.0	40.0	56.2	5.7	59.2	0.0	12.3	.Autoclave.Outputs.PRESSIP\OutputValue	8.0	7.4	-0.5	-1.0	0.0	-1.0	-1.0	-1.0	0.0	0.0	0.0	-1.0	-1.0	0.0	0.0	0.0	-1.0	0.0
20:01:14	151.1	271.3	271.7	266.2	264.8	270.2	272.1	269.8	0.0	0.1	0.0	39.9	-0.3	0.1	0.0	272.1	264.8	0.3	-0.3	269.4	268.5	272.2	272.1	271.5	277.1	100.6	151.0	30.8	40.2	272.2	272.0	40.0	52.8	5.7	59.2	0.0	5.6	.Autoclave.Outputs.PRESSIP\OutputValue	8.0	7.3	0.1	-1.0	0.0	-1.0	-1.0	-1.0	0.0	0.0	0.0	-1.0	-1.0	0.0	0.0	0.0	-1.0	0.0
20:02:14	152.1	271.3	271.8	266.4	265.0	270.2	272.0	270.1	0.0	0.1	0.0	39.8	-0.3	0.1	0.0	272.0	265.0	0.2	0.0	269.5	268.5	272.2	272.2	271.5	276.9	100.6	152.0	31.8	39.2	272.1	272.0	40.0	53.5	5.7	59.6	0.0	6.9	.Autoclave.Outputs.PRESSIP\OutputValue	8.0	7.0	0.2	-1.0	0.0	-1.0	-1.0	-1.0	0.0	0.0	0.0	-1.0	-1.0	0.0	0.0	0.0	-1.0	0.0
20:03:14	153.1	271.3	271.7	266.4	265.0	270.2	272.3	270.3	0.1	0.1	0.0	39.9	-0.3	0.1	0.0	272.3	265.0	0.3	-0.1	269.6	268.7	272.0	272.0	271.3	276.8	100.6	153.0	32.8	38.2	272.0	272.0	40.0	53.5	5.7	59.4	0.0	6.9	.Autoclave.Outputs.PRESSIP\OutputValue	8.0	7.3	-0.3	-1.0	0.0	-1.0	-1.0	-1.0	0.0	0.0	0.0	-1.0	-1.0	0.0	0.0	0.0	-1.0	0.0
20:04:14	154.1	271.5	271.8	266.5	265.1	270.3	272.2	270.4	0.0	0.1	0.0	39.9	-0.3	0.1	0.0	272.2	265.1	0.1	-0.2	269.7	268.7	272.1	272.1	271.3	276.7	100.6	154.0	33.8	37.2	272.0	272.0	40.0	53.4	5.6	59.4	0.0	6.9	.Autoclave.Outputs.PRESSIP\OutputValue	8.0	7.1	-0.1	-1.0	0.0	-1.0	-1.0	-1.0	0.0	0.0	0.0	-1.0	-1.0	0.0	0.0	0.0	-1.0	0.0
20:05:14	155.1	271.4	271.7	266.5	265.2	270.2	271.9	270.4	0.1	0.1	0.0	39.9	-0.3	0.1	0.0	271.9	265.2	0.3	-0.1	269.6	268.6	272.2	272.2	271.5	276.9	100.6	155.0	34.8	36.2	271.8	272.0	40.0	52.1	5.6	59.4	0.0	4.2	.Autoclave.Outputs.PRESSIP\OutputValue	8.0	6.7	0.3	-1.0	0.0	-1.0	-1.0	-1.0	0.0	0.0	0.0	-1.0	-1.0	0.0	0.0	0.0	-1.0	0.0
20:06:14	156.1	271.3	271.7	266.5	265.2	270.2	272.4	270.1	0.1	0.3	0.0	39.9	-0.3	0.3	0.0	272.4	265.2	0.1	-0.3	269.6	268.8	272.2	272.2	271.4	277.1	100.6	156.0	35.8	35.2	271.7	272.0	40.0	50.1	5.6	59.1	0.0	0.2	.Autoclave.Outputs.PRESSIP\OutputValue	8.0	7.2	-0.2	-1.0	0.0	-1.0	-1.0	-1.0	0.0	0.0	0.0	-1.0	-1.0	0.0	0.0	0.0	-1.0	0.0
20:07:14	157.0	271.4	271.8	266.6	265.5	270.3	272.0	270.0	0.1	0.3	0.1	39.9	-0.3	0.3	0.1	272.0	265.5	0.2	-0.1	269.7	268.8	272.2	272.2	271.4	276.8	100.6	157.0	36.8	34.2	272.1	272.0	40.0	54.1	5.6	59.4	0.0	8.1	.Autoclave.Outputs.PRESSIP\OutputValue	8.0	6.5	0.2	-1.0	0.0	-1.0	-1.0	-1.0	0.0	0.0	0.0	-1.0	-1.0	0.0	0.0	0.0	-1.0	0.0
20:08:14	158.1	271.5	271.6	266.7	265.6	270.2	272.2	270.2	0.1	0.4	0.0	39.9	-0.3	0.4	0.0	272.2	265.6	0.2	-0.1	269.7	268.9	272.1	272.1	271.4	276.8	100.6	158.0	37.8	33.2	272.2	272.0	40.0	52.7	5.6	59.4	0.0	5.4	.Autoclave.Outputs.PRESSIP\OutputValue	8.0	6.6	-0.1	-1.0	0.0	-1.0	-1.0	-1.0	0.0	0.0	0.0	-1.0	-1.0	0.0	0.0	0.0	-1.0	0.0
20:09:14	159.1	271.4	271.7	266.8	265.6	270.2	272.0	270.6	0.0	0.4	0.1	39.9	-0.3	0.4	0.0	272.0	265.6	0.1	-0.6	269.8	268.8	272.1	272.1	271.4	276.9	100.6	159.0	38.8	32.2	272.1	272.0	40.0	53.4	5.6	59.4	0.0	6.8	.Autoclave.Outputs.PRESSIP\OutputValue	8.0	6.4	0.1	-1.0	0.0	-1.0	-1.0	-1.0	0.0	0.0	0.0	-1.0	-1.0	0.0	0.0	0.0	-1.0	0.0
20:10:14	160.0	271.5	271.7	266.9	265.7	270.4	272.0	270.1	0.0	0.5	0.0	39.9	-0.3	0.5	0.0	272.0	265.7	0.5	-0.5	269.8	268.9	272.1	272.1	271.4	276.9	100.6	160.0	39.8	31.2	272.2	272.0	40.0	52.7	5.6	59.2	0.0	5.4	.Autoclave.Outputs.PRESSIP\OutputValue	8.0	6.3	0.1	-1.0	0.0	-1.0	-1.0	-1.0	0.0	0.0	0.0	-1.0	-1.0	0.0	0.0	0.0	-1.0	0.0
20:11:14	161.1	271.4	271.8	267.0	265.8	270.4	272.0	270.1	0.0	0.5	0.1	39.9	-0.3	0.5	0.0	272.0	265.8	0.4	0.0	269.8	268.9	272.1	272.1	271.4	276.8	100.7	161.0	40.8	30.2	272.0	272.0	40.0	51.3	5.6	59.2	0.0	2.7	.Autoclave.Outputs.PRESSIP\OutputValue	8.0	6.2	0.1	-1.0	0.0	-1.0	-1.0	-1.0	0.0	0.0	0.0	-1.0	-1.0	0.0	0.0	0.0	-1.0	0.0
20:12:14	162.1	271.5	271.7	267.1	266.0	270.4	272.1	270.0	0.0	0.5	0.0	39.9	-0.3	0.5	0.0	272.1	266.0	0.1	-0.2	269.8	269.1	272.1	272.1	271.3	276.7	100.6	162.0	41.8	29.2	271.6	272.0	40.0	50.7	5.5	59.4	0.0	1.3	.Autoclave.Outputs.PRESSIP\OutputValue	8.0	6.1	0.0	-1.0	0.0	-1.0	-1.0	-1.0	0.0	0.0	0.0	-1.0	-1.0	0.0	0.0	0.0	-1.0	0.0
20:13:14	163.0	271.5	271.6	267.3	266.1	270.5	272.2	270.3	0.0	0.5	0.1	39.9	-0.3	0.5	0.0	272.2	266.1	0.2	-0.3	269.9	269.2	272.1	272.1	271.4	277.1	100.6	163.0	42.8	28.2	272.3	272.0	40.0	54.9	5.5	59.1	0.0	9.8	.Autoclave.Outputs.PRESSIP\OutputValue	8.0	6.1	-0.1	-1.0	0.0	-1.0	-1.0	-1.0	0.0	0.0	0.0	-1.0	-1.0	0.0	0.0	0.0	-1.0	0.0
20:14:14	164.1	271.5	271.7	267.3	266.2	270.5	272.2	270.2	0.1	0.5	0.1	39.9	-0.3	0.5	0.1	272.2	266.2	0.3	-0.2	269.9	269.2	272.0	272.1	271.4	276.8	100.6	164.0	43.8	27.2	272.0	272.0	40.0	53.3	5.5	59.2	0.0	6.6	.Autoclave.Outputs.PRESSIP\OutputValue	8.0	6.0	-0.2	-1.0	0.0	-1.0	-1.0	-1.0	0.0	0.0	0.0	-1.0	-1.0	0.0	0.0	0.0	-1.0	0.0
20:15:14	165.1	271.5	271.8	267.3	266.3	270.5	271.8	270.1	0.1	0.5	0.0	39.9	-0.3	0.5	0.0	271.8	266.3	0.2	-0.3	269.9	269.1	272.2	272.2	271.5	276.6	100.6	165.0	44.8	26.2	272.0	272.0	40.0	52.0	5.5	59.4	0.0	3.9	.Autoclave.Outputs.PRESSIP\OutputValue	8.0	5.5	0.4	-1.0	0.0	-1.0	-1.0	-1.0	0.0	0.0	0.0	-1.0	-1.0	0.0	0.0	0.0	-1.0	0.0
20:16:14	166.0	271.4	271.9	267.2	266.2	270.4	272.0	270.2	0.1	0.5	0.1	39.9	-0.3	0.5	0.1	272.0	266.2	0.0	-0.2	269.9	269.1	272.1	272.1	271.5	276.7	100.6	166.0	45.8	25.2	272.2	272.0	40.0	53.3	5.5	59.2	0.0	6.6	.Autoclave.Outputs.PRESSIP\OutputValue	8.0	5.8	0.1	-1.0	0.0	-1.0	-1.0	-1.0	0.0	0.0	0.0	-1.0	-1.0	0.0	0.0	0.0	-1.0	0.0
20:17:14	167.1	271.3	271.8	267.3	266.3	270.5	271.9	270.3	0.1	0.5	0.1	39.9	-0.3	0.5	0.1	271.9	266.3	0.3	0.0	269.9	269.1	272.1	272.2	271.5	277.1	100.7	167.0	46.8	24.2	272.0	272.0	40.0	51.9	5.5	59.2	0.0	3.9	.Autoclave.Outputs.PRESSIP\OutputValue	8.0	5.6	0.2	-1.0	0.0	-1.0	-1.0	-1.0	0.0	0.0	0.0	-1.0	-1.0	0.0	0.0	0.0	-1.0	0.0
20:18:14	168.1	271.3	271.7	267.3	266.4	270.5	271.8	270.1	0.1	0.5	0.0	39.9	-0.3	0.5	0.0	271.8	266.4	0.2	-0.3	269.9	269.1	272.1	272.1	271.4	277.0	100.6	168.0	47.8	23.2	272.2	272.0	40.0	51.9	5.5	59.2	0.0	3.8	.Autoclave.Outputs.PRESSIP\OutputValue	8.0	5.4	0.3	-1.0	0.0	-1.0	-1.0	-1.0	0.0	0.0	0.0	-1.0	-1.0	0.0	0.0	0.0	-1.0	0.0
20:19:14	169.1	271.4	271.9	267.4	266.5	270.5	272.1	270.2	0.1	0.5	0.1	39.9	-0.3	0.5	0.1	272.1	266.5	0.3	-0.1	270.0	269.3	272.2	272.2	271.4	277.0	100.6	169.0	48.8	22.2	271.7	272.0	40.0	49.9	5.4	59.2	0.0	0.0	.Autoclave.Outputs.PRESSIP\OutputValue	8.0	5.6	0.1	-1.0	0.0	-1.0	-1.0	-1.0	0.0	0.0	0.0	-1.0	-1.0	0.0	0.0	0.0	-1.0	0.0
20:20:14	170.1	271.3	271.8	267.3	266.6	270.4	271.5	270.3	0.0	0.6	0.0	39.8	-0.3	0.6	0.0	271.8	266.6	0.2	-0.2	269.9	269.2	272.2	272.2	271.4	276.7	100.7	170.0	49.8	21.2	272.2	272.0	40.0	52.6	5.4	59.6	0.0	5.1	.Autoclave.Outputs.PRESSIP\OutputValue	8.0	5.1	0.5	-1.0	0.0	-1.0	-1.0	-1.0	0.0	0.0	0.0	-1.0	-1.0	0.0	0.0	0.0	-1.0	0.0
20:21:14	171.1	271.5	271.7	267.4	266.6	270.5	271.8	269.8	0.1	0.5	0.1	39.9	-0.3	0.5	0.1	271.8	266.6	0.2	-0.1	269.9	269.2	272.2	272.1	271.4	276.6	100.6	171.0	50.8	20.2	272.1	272.0	40.0	53.2	5.4	59.4	0.0	6.4	.Autoclave.Outputs.PRESSIP\OutputValue	8.0	5.2	0.4	-1.0	0.0	-1.0	-1.0	-1.0	0.0	0.0	0.0	-1.0	-1.0	0.0	0.0	0.0	-1.0	0.0
20:22:14	172.1	271.5	271.7	267.4	266.7	270.6	272.0	270.1	0.1	0.5	0.1	39.9	-0.3	0.5	0.1	272.0	266.7	0.3	-0.5	270.0	269.4	272.1	272.1	271.5	276.8	100.6	172.0	51.8	19.2	272.2	272.0	40.0	54.1	5.4	59.4	0.0	8.2	.Autoclave.Outputs.PRESSIP\OutputValue	8.0	5.3	0.1	-1.0	0.0	-1.0	-1.0	-1.0	0.0	0.0	0.0	-1.0	-1.0	0.0	0.0	0.0	-1.0	0.0
20:23:14	173.0	271.3	271.7	267.6	266.9	270.5	271.9	270.1	0.1	0.5	0.0	39.9	-0.3	0.5	0.0	271.9	266.9	0.4	-0.2	270.0	269.4	272.1	272.2	271.4	276.8	100.6	173.0	52.8	18.2	272.2	272.0	40.0	52.5	5.4	59.2	0.0	5.0	.Autoclave.Outputs.PRESSIP\OutputValue	8.0	5.0	0.2	-1.0	0.0	-1.0	-1.0	-1.0	0.0	0.0	0.0	-1.0	-1.0	0.0	0.0	0.0	-1.0	0.0
20:24:14	174.1	271.4	271.8	267.7	266.9	270.6	271.7	270.1	0.1	0.5	0.0	39.9	-0.3	0.5	0.0	271.8	266.9	0.1	-0.1	270.0	269.3	272.3	272.2	271.5	276.9	100.7	174.0	53.8	17.2	272.0	272.0	40.0	51.8	5.4	59.4	0.0	3.7	.Autoclave.Outputs.PRESSIP\OutputValue	8.0	4.8	0.6	-1.0	0.0	-1.0	-1.0	-1.0	0.0	0.0	0.0	-1.0	-1.0	0.0	0.0	0.0	-1.0	0.0
20:25:14	175.1	271.5	271.7	267.6	266.9	270.6	272.0	270.1	0.1	0.5	0.1	39.9	-0.3	0.5	0.1	272.0	266.9	0.3	-0.1	270.1	269.5	272.1	272.1	271.4	276.7	100.6	175.0	54.8	16.2	272.1	272.0	40.0	53.8	5.4	59.2	0.0	7.6	.Autoclave.Outputs.PRESSIP\OutputValue	8.0	5.1	0.1	-1.0	0.0	-1.0	-1.0	-1.0	0.0	0.0	0.0	-1.0	-1.0	0.0	0.0	0.0	-1.0	0.0
20:26:14	176.0	271.3	271.9	267.9	267.2	270.6	272.2	270.3	0.1	0.6	0.0	39.9	-0.3	0.6	0.0	272.2	267.2	0.3	-0.1	270.2	269.7	272.2	272.2	271.4	276.6	100.7	176.0	55.8	15.2	271.9	272.0	40.0	51.1	5.3	59.4	0.0	2.3	.Autoclave.Outputs.PRESSIP\OutputValue	8.0	5.0	0.0	-1.0	0.0	-1.0	-1.0	-1.0	0.0	0.0	0.0	-1.0	-1.0	0.0	0.0	0.0	-1.0	0.0
20:27:14	177.1	271.3	271.9	267.9	267.2	270.7	271.8	270.6	0.1	0.6	0.1	39.8	-0.3	0.6	0.1	271.9	267.2	0.2	-0.1	270.2	269.5	272.0	272.0	271.3	276.8	100.6	177.0	56.8	14.2	271.9	272.0	40.0	52.5	5.3	59.4	0.0	4.9	.Autoclave.Outputs.PRESSIP\OutputValue	8.0	4.6	0.2	-1.0	0.0	-1.0	-1.0	-1.0	0.0	0.0	0.0	-1.0	-1.0	0.0	0.0	0.0	-1.0	0.0
20:28:14	178.1	271.3	271.8	267.9	267.2	270.6	272.0	270.3	0.1	0.6	0.0	39.9	-0.3	0.6	0.0	272.0	267.2	0.2	-0.2	270.2	269.6	272.0	272.0	271.3	276.7	100.6	178.0	57.8	13.2	271.9	272.0	40.0	52.4	5.3	59.4	0.0	4.9	.Autoclave.Outputs.PRESSIP\OutputValue	8.0	4.8	0.0	-1.0	0.0	-1.0	-1.0	-1.0	0.0	0.0	0.0	-1.0	-1.0	0.0	0.0	0.0	-1.0	0.0
20:29:14	179.0	271.5	271.8	268.0	267.3	270.6	272.0	270.6	0.1	0.6	0.0	39.9	-0.3	0.6	0.0	272.0	267.3	0.2	-0.1	270.3	269.7	272.0	272.1	271.3	276.6	100.7	179.0	58.8	12.2	272.0	272.0	40.0	53.1	5.3	59.4	0.0	6.2	.Autoclave.Outputs.PRESSIP\OutputValue	8.0	4.7	0.0	-1.0	0.0	-1.0	-1.0	-1.0	0.0	0.0	0.0	-1.0	-1.0	0.0	0.0	0.0	-1.0	0.0
20:30:14	180.1	271.5	271.8	267.9	267.4	270.8	272.2	270.2	0.1	0.5	0.0	39.8	-0.3	0.5	0.0	272.2	267.4	0.1	-0.2	270.3	269.8	272.1	272.1	271.3	276.5	100.8	180.0	59.8	11.2	272.0	272.0	40.0	53.1	5.3	59.4	0.0	6.1	.Autoclave.Outputs.PRESSIP\OutputValue	8.0	4.8	-0.1	-1.0	0.0	-1.0	-1.0	-1.0	0.0	0.0	0.0	-1.0	-1.0	0.0	0.0	0.0	-1.0	0.0
20:31:14	181.1	271.5	271.7	268.0	267.4	270.6	271.6	270.5	0.1	0.6	0.0	39.9	-0.3	0.6	0.0	271.7	267.4	0.0	-0.3	270.2	269.5	272.1	272.0	271.4	276.7	100.7	181.0	60.8	10.2	272.1	272.0	40.0	52.4	5.3	59.2	0.0	4.8	.Autoclave.Outputs.PRESSIP\OutputValue	8.0	4.2	0.5	-1.0	0.0	-1.0	-1.0	-1.0	0.0	0.0	0.0	-1.0	-1.0	0.0	0.0	0.0	-1.0	0.0
20:32:14	182.1	271.4	271.8	267.9	267.5	270.5	272.0	270.1	0.1	0.6	0.1	39.9	-0.3	0.6	0.1	272.0	267.5	0.2	-0.1	270.2	269.8	272.1	272.1	271.4	276.5	100.6	182.0	61.8	9.2	272.0	272.0	40.0	52.4	5.2	59.2	0.0	4.8	.Autoclave.Outputs.PRESSIP\OutputValue	8.0	4.5	0.1	-1.0	0.0	-1.0	-1.0	-1.0	0.0	0.0	0.0	-1.0	-1.0	0.0	0.0	0.0	-1.0	0.0
20:33:14	183.1	271.6	271.6	268.1	267.4	270.6	271.9	270.5	0.1	0.6	0.1	39.9	-0.3	0.6	0.1	271.9	267.4	0.2	0.0	270.2	269.7	272.1	272.1	271.4	276.7	100.7	183.0	62.8	8.2	272.2	272.0	40.0	53.7	5.2	59.4	0.0	7.4	.Autoclave.Outputs.PRESSIP\OutputValue	8.0	4.5	0.2	-1.0	0.0	-1.0	-1.0	-1.0	0.0	0.0	0.0	-1.0	-1.0	0.0	0.0	0.0	-1.0	0.0
20:34:14	184.1	271.4	271.6	268.1	267.4	270.6	271.9	270.3	0.0	0.6	0.0	39.9	-0.3	0.6	0.0	271.9	267.4	0.2	-0.1	270.2	269.7	272.0	272.0	271.4	276.6	100.6	184.0	63.8	7.2	272.2	272.0	40.0	50.3	5.2	59.4	0.0	0.7	.Autoclave.Outputs.PRESSIP\OutputValue	8.0	4.5	0.1	-1.0	0.0	-1.0	-1.0	-1.0	0.0	0.0	0.0	-1.0	-1.0	0.0	0.0	0.0	-1.0	0.0
20:35:14	185.1	271.5	271.7	268.1	267.6	270.6	272.0	270.8	0.1	0.6	0.1	39.9	-0.3	0.6	0.1	272.0	267.6	0.3	-0.1	270.3	269.8	272.1	272.1	271.4	276.8	100.6	185.0	64.8	6.2	272.2	272.0	40.0	52.3	5.2	59.2	0.0	4.7	.Autoclave.Outputs.PRESSIP\OutputValue	8.0	4.4	0.1	-1.0	0.0	-1.0	-1.0	-1.0	0.0	0.0	0.0	-1.0	-1.0	0.0	0.0	0.0	-1.0	0.0
20:36:14	186.0	271.4	271.7	268.2	267.7	270.6	272.0	270.2	0.0	0.6	0.0	39.9	-0.3	0.6	0.0	272.0	267.7	0.5	-0.1	270.3	269.9	272.1	272.2	271.3	276.7	100.6	186.0	65.8	5.2	272.2	272.0	40.0	50.3	5.2	59.2	0.0	0.6	.Autoclave.Outputs.PRESSIP\OutputValue	8.0	4.3	0.1	-1.0	0.0	-1.0	-1.0	-1.0	0.0	0.0	0.0	-1.0	-1.0	0.0	0.0	0.0	-1.0	0.0
20:37:14	187.1	271.4	272.1	268.1	267.9	270.7	271.8	270.2	0.1	0.6	0.0	39.9	-0.3	0.6	0.0	272.1	267.9	0.4	-0.3	270.3	270.0	272.0	272.0	271.3	276.6	100.6	187.0	66.8	4.2	271.7	272.0	40.0	51.0	5.2	59.4	0.0	1.9	.Autoclave.Outputs.PRESSIP\OutputValue	8.0	4.1	0.0	-1.0	0.0	-1.0	-1.0	-1.0	0.0	0.0	0.0	-1.0	-1.0	0.0	0.0	0.0	-1.0	0.0
20:38:14	188.1	271.3	271.7	268.4	267.9	270.7	272.0	270.4	0.1	0.6	0.0	39.9	-0.3	0.6	0.0	272.0	267.9	0.2	-0.5	270.3	270.0	272.0	272.0	271.4	276.6	100.6	188.0	67.8	3.2	271.8	272.0	40.0	51.6	5.2	59.4	0.0	3.3	.Autoclave.Outputs.PRESSIP\OutputValue	8.0	4.1	0.0	-1.0	0.0	-1.0	-1.0	-1.0	0.0	0.0	0.0	-1.0	-1.0	0.0	0.0	0.0	-1.0	0.0
20:39:14	189.0	271.3	271.9	268.4	267.9	270.8	272.0	270.4	0.1	0.6	0.1	39.9	-0.3	0.6	0.1	272.0	267.9	0.1	-0.1	270.4	270.0	272.0	272.0	271.3	276.7	100.7	189.0	68.8	2.2	272.1	272.0	40.0	52.3	5.2	59.4	0.0	4.6	.Autoclave.Outputs.PRESSIP\OutputValue	8.0	4.1	0.0	-1.0	0.0	-1.0	-1.0	-1.0	0.0	0.0	0.0	-1.0	-1.0	0.0	0.0	0.0	-1.0	0.0
20:40:14	190.1	271.4	271.9	268.4	267.9	270.7	271.9	270.1	0.1	0.6	0.1	39.9	-0.3	0.6	0.1	271.9	267.9	0.2	-0.2	270.3	269.9	272.0	272.0	271.3	276.7	100.7	190.0	69.8	1.2	272.0	272.0	40.0	52.9	5.1	59.2	0.0	5.9	.Autoclave.Outputs.PRESSIP\OutputValue	8.0	4.0	0.1	-1.0	0.0	-1.0	-1.0	-1.0	0.0	0.0	0.0	-1.0	-1.0	0.0	0.0	0.0	-1.0	0.0
20:41:15	191.1	271.3	271.7	268.4	268.1	270.7	272.0	270.1	0.1	0.6	0.1	39.9	-0.3	0.6	0.1	272.0	268.1	0.2	0.0	270.3	270.1	272.1	272.1	271.4	276.7	100.6	191.0	70.8	0.2	271.8	272.0	40.0	50.3	5.1	59.2	0.0	0.5	.Autoclave.Outputs.PRESSIP\OutputValue	8.0	3.9	0.1	-1.0	0.0	-1.0	-1.0	-1.0	0.0	0.0	0.0	-1.0	-1.0	0.0	0.0	0.0	-1.0	0.0
20:41:26	191.3	271.4	271.7	268.6	268.1	270.9	272.0	269.9	0.1	0.6	0.0	39.9	-0.3	0.6	0.0	272.0	268.1	0.2	-0.1	270.4	270.1	272.0	272.1	271.4	276.3	100.7	191.2	71.0	0.0	272.0	272.0	40.0	50.9	5.1	59.2	0.0	1.8	.Autoclave.Outputs.PRESSIP\OutputValue	8.0	3.9	0.0	-1.0	0.0	-1.0	-1.0	-1.0	0.0	0.0	0.0	-1.0	-1.0	0.0	0.0	0.0	-1.0	0.0
20:42:14	192.0	271.0	271.1	267.7	267.4	270.1	271.7	268.5	0.1	0.6	0.1	40.0	-0.3	0.6	0.1	271.7	267.4	0.0	-0.9	269.6	269.6	264.1	264.0	263.3	262.5	100.8	192.0	0.8	0.0	268.4	268.3	40.0	81.6	5.2	57.5	0.0	63.1	.Autoclave.Outputs.PRESSIP\OutputValue	8.0	4.3	-7.6	-1.0	0.0	-1.0	-1.0	-1.0	0.0	0.0	0.0	-1.0	-1.0	0.0	0.0	0.0	-1.0	0.0
20:43:14	193.1	269.9	270.5	266.7	266.5	269.3	271.1	267.7	0.0	0.6	0.1	40.1	-0.3	0.6	0.0	271.1	266.5	-0.7	-1.2	268.8	268.8	264.1	264.0	263.2	266.0	100.6	193.0	1.8	0.0	263.9	263.8	40.0	51.7	5.3	56.5	0.0	3.4	.Autoclave.Outputs.PRESSIP\OutputValue	7.7	4.6	-7.0	-1.0	0.0	-1.0	-1.0	-1.0	0.0	0.0	0.0	-1.0	-1.0	0.0	0.0	0.0	-1.0	0.0
20:44:14	194.1	268.9	269.3	265.3	265.4	267.9	269.9	264.9	0.0	0.6	0.1	39.6	-0.3	0.6	0.0	269.9	264.9	-0.7	-3.1	267.4	267.4	255.9	255.8	255.1	254.5	100.6	194.0	2.8	0.0	259.4	259.3	40.0	76.5	5.4	62.3	0.0	53.1	.Autoclave.Outputs.PRESSIP\OutputValue	8.0	5.0	-14.0	-1.0	0.0	-1.0	-1.0	-1.0	0.0	0.0	0.0	-1.0	-1.0	0.0	0.0	0.0	-1.0	0.0
20:45:14	195.0	267.7	268.5	264.1	264.0	266.7	268.3	263.4	0.0	0.6	0.1	39.6	-0.3	0.6	0.0	268.5	263.4	-0.9	-1.7	266.1	265.9	255.6	255.6	254.7	257.4	100.6	195.0	3.8	0.0	254.9	254.8	40.0	48.7	5.5	62.1	0.0	0.0	.Autoclave.Outputs.PRESSIP\OutputValue	8.0	5.1	-12.8	-1.0	0.0	-1.0	-1.0	-1.0	0.0	0.0	0.0	-1.0	-1.0	0.0	0.0	0.0	-1.0	0.0
20:46:14	196.1	266.3	266.9	262.1	262.1	264.9	266.4	260.6	0.0	0.6	0.0	40.1	-0.3	0.6	0.0	266.9	260.6	-1.5	-2.8	264.2	263.7	248.2	248.2	247.4	250.7	100.9	196.0	4.8	0.0	250.4	250.3	40.0	68.1	5.6	57.0	0.0	36.2	.Autoclave.Outputs.PRESSIP\OutputValue	8.0	6.3	-18.6	-1.0	0.0	-1.0	-1.0	-1.0	0.0	0.0	0.0	-1.0	-1.0	0.0	0.0	0.0	-1.0	0.0
20:47:14	197.1	265.0	265.5	260.7	260.8	263.4	264.3	259.5	0.1	0.6	0.1	39.4	-0.3	0.6	0.1	265.5	259.5	-1.2	-2.2	262.7	262.5	246.1	245.9	245.1	236.8	100.7	197.0	5.8	0.0	245.9	245.8	40.0	52.0	5.6	64.3	0.0	4.1	.Autoclave.Outputs.PRESSIP\OutputValue	8.0	6.0	-19.3	-1.0	0.0	-1.0	-1.0	-1.0	0.0	0.0	0.0	-1.0	-1.0	0.0	0.0	0.0	-1.0	0.0
20:48:14	198.1	262.9	263.5	258.7	258.8	261.4	262.2	255.9	0.0	0.6	0.1	39.6	-0.3	0.6	0.0	263.5	255.9	-2.0	-3.4	260.5	259.7	241.9	241.9	241.1	244.0	100.7	198.0	6.8	0.0	241.4	241.3	40.0	50.2	5.7	61.9	0.0	0.5	.Autoclave.Outputs.PRESSIP\OutputValue	8.0	7.6	-21.5	-1.0	0.0	-1.0	-1.0	-1.0	0.0	0.0	0.0	-1.0	-1.0	0.0	0.0	0.0	-1.0	0.0
20:49:14	199.1	260.8	261.5	256.4	256.8	259.4	258.9	252.4	0.0	0.6	0.1	40.2	-0.3	0.6	0.0	261.5	252.4	-1.9	-3.4	258.0	256.9	235.0	235.1	234.3	237.3	100.7	199.0	7.8	0.0	236.9	236.8	40.0	66.3	5.8	56.4	0.0	32.6	.Autoclave.Outputs.PRESSIP\OutputValue	8.0	9.1	-26.5	-1.0	0.0	-1.0	-1.0	-1.0	0.0	0.0	0.0	-1.0	-1.0	0.0	0.0	0.0	-1.0	0.0
20:49:29	199.3	260.5	261.0	256.2	256.4	259.0	258.8	251.9	0.1	0.6	0.1	40.1	-0.3	0.6	0.1	261.0	251.9	-2.1	-3.5	257.7	256.4	235.4	235.4	234.7	238.7	100.8	199.3	8.0	0.0	235.8	235.8	40.0	56.6	5.8	56.1	0.0	13.2	.Autoclave.Outputs.PRESSIP\OutputValue	7.9	9.1	-25.7	-1.0	0.0	-1.0	-1.0	-1.0	0.0	0.0	0.0	-1.0	-1.0	0.0	0.0	0.0	-1.0	0.0
20:50:14	200.1	259.0	259.6	254.5	254.9	257.5	256.6	249.7	0.0	0.5	0.0	39.6	-0.3	0.5	0.0	259.6	249.7	-1.8	-2.5	256.0	254.6	229.9	229.8	229.0	225.9	100.7	200.0	0.8	0.0	232.4	232.3	40.0	70.4	5.8	62.3	0.0	40.9	.Autoclave.Outputs.PRESSIP\OutputValue	8.0	9.9	-29.7	-1.0	0.0	-1.0	-1.0	-1.0	0.0	0.0	0.0	-1.0	-1.0	0.0	0.0	0.0	-1.0	0.0
20:51:14	201.1	256.7	257.6	252.5	253.2	255.6	253.4	246.8	0.0	0.6	0.0	39.3	-0.3	0.6	0.0	257.6	246.8	-1.9	-3.6	253.7	252.2	229.0	229.0	228.2	223.9	100.7	201.0	1.8	0.0	227.9	227.8	40.0	45.1	5.9	65.1	-1.0	0.0	.Autoclave.Outputs.PRESSIP\OutputValue	8.0	10.8	-28.6	-1.0	0.0	-1.0	-1.0	-1.0	0.0	0.0	0.0	-1.0	-1.0	0.0	0.0	0.0	-1.0	0.0
20:52:14	202.0	254.2	255.0	250.1	250.7	253.2	250.2	243.6	0.0	0.6	0.1	40.1	-0.3	0.6	0.0	255.0	243.6	-2.4	-3.3	251.0	249.3	224.0	224.0	223.2	226.2	100.8	202.0	2.8	0.0	223.4	223.3	40.0	49.9	6.0	56.9	0.0	0.0	.Autoclave.Outputs.PRESSIP\OutputValue	7.9	11.4	-31.0	-1.0	0.0	-1.0	-1.0	-1.0	0.0	0.0	0.0	-1.0	-1.0	0.0	0.0	0.0	-1.0	0.0
20:53:14	203.1	251.5	252.5	247.7	248.4	250.8	246.6	240.2	0.0	0.5	0.1	39.7	-0.3	0.5	0.0	252.5	240.2	-2.2	-3.4	248.2	246.3	218.1	218.1	217.3	220.2	100.8	203.0	3.8	0.0	218.9	218.8	40.0	59.4	6.0	60.6	0.0	18.7	.Autoclave.Outputs.PRESSIP\OutputValue	8.0	12.3	-34.4	-1.0	0.0	-1.0	-1.0	-1.0	0.0	0.0	0.0	-1.0	-1.0	0.0	0.0	0.0	-1.0	0.0
20:54:14	204.1	249.2	249.8	245.1	246.1	248.5	243.5	236.4	0.0	0.5	0.1	40.0	-0.3	0.5	0.0	249.8	236.4	-2.1	-4.0	245.5	243.1	212.3	212.3	211.5	210.5	100.9	204.0	4.8	0.0	214.4	214.3	40.0	68.7	6.0	58.5	0.0	37.3	.Autoclave.Outputs.PRESSIP\OutputValue	8.0	13.4	-37.5	-1.0	0.0	-1.0	-1.0	-1.0	0.0	0.0	0.0	-1.0	-1.0	0.0	0.0	0.0	-1.0	0.0
20:55:14	205.0	246.5	247.5	243.0	244.0	246.2	239.5	233.4	0.0	0.5	0.1	39.3	-0.3	0.5	0.0	247.5	233.4	-2.3	-3.7	242.9	240.4	209.3	209.3	208.6	200.2	100.7	205.0	5.8	0.0	209.9	209.8	40.0	56.7	6.0	64.9	0.0	13.4	.Autoclave.Outputs.PRESSIP\OutputValue	8.0	14.1	-38.2	-1.0	0.0	-1.0	-1.0	-1.0	0.0	0.0	0.0	-1.0	-1.0	0.0	0.0	0.0	-1.0	0.0
20:56:14	206.1	243.7	244.5	240.4	241.7	243.8	235.6	230.1	0.0	0.5	0.1	39.3	-0.3	0.5	0.0	244.5	230.1	-2.4	-3.9	240.0	237.3	206.9	206.7	206.0	203.8	100.7	206.0	6.8	0.0	205.4	205.3	40.0	44.1	6.1	64.1	-1.0	0.0	.Autoclave.Outputs.PRESSIP\OutputValue	8.0	14.4	-37.6	-1.0	0.0	-1.0	-1.0	-1.0	0.0	0.0	0.0	-1.0	-1.0	0.0	0.0	0.0	-1.0	0.0
20:57:14	207.1	240.7	241.5	237.7	239.0	241.1	232.0	226.1	0.0	0.5	0.1	40.0	-0.3	0.5	0.0	241.5	226.1	-2.6	-3.7	236.9	233.8	201.8	201.8	201.1	203.7	100.8	207.0	7.8	0.0	200.9	200.8	40.0	48.2	6.1	57.7	0.0	0.0	.Autoclave.Outputs.PRESSIP\OutputValue	8.0	15.4	-39.7	-1.0	0.0	-1.0	-1.0	-1.0	0.0	0.0	0.0	-1.0	-1.0	0.0	0.0	0.0	-1.0	0.0
20:58:14	208.0	237.7	238.6	235.1	236.4	238.4	227.8	223.0	0.0	0.5	0.1	39.7	-0.3	0.5	0.0	238.6	223.0	-2.4	-4.1	233.9	230.8	196.7	196.7	196.0	198.3	100.8	208.0	8.8	0.0	196.4	196.3	40.0	52.2	6.2	61.3	0.0	4.3	.Autoclave.Outputs.PRESSIP\OutputValue	8.0	15.6	-41.9	-1.0	0.0	-1.0	-1.0	-1.0	0.0	0.0	0.0	-1.0	-1.0	0.0	0.0	0.0	-1.0	0.0
20:59:14	209.1	234.6	235.2	232.2	234.0	235.9	224.1	219.0	0.0	0.5	0.1	40.0	-0.3	0.5	0.0	235.9	219.0	-2.6	-4.5	230.7	227.5	191.3	191.3	190.6	192.8	100.9	209.0	9.8	0.0	191.9	191.8	40.0	58.2	6.1	57.9	0.0	16.3	.Autoclave.Outputs.PRESSIP\OutputValue	8.0	16.9	-44.6	-1.0	0.0	-1.0	-1.0	-1.0	0.0	0.0	0.0	-1.0	-1.0	0.0	0.0	0.0	-1.0	0.0
21:00:14	210.1	231.6	232.1	229.4	231.2	233.2	220.0	215.2	0.0	0.5	0.1	39.6	-0.3	0.5	0.0	233.2	215.2	-2.6	-4.0	227.5	224.2	186.1	186.1	185.3	185.1	100.7	210.0	10.8	0.0	187.4	187.3	40.0	62.8	6.1	62.3	0.0	25.7	.Autoclave.Outputs.PRESSIP\OutputValue	8.0	18.0	-47.1	-1.0	0.0	-1.0	-1.0	-1.0	0.0	0.0	0.0	-1.0	-1.0	0.0	0.0	0.0	-1.0	0.0
21:01:14	211.0	228.2	229.0	226.5	228.7	230.2	215.8	211.3	0.0	0.5	0.1	39.2	-0.3	0.5	0.0	230.2	211.3	-2.7	-4.1	224.2	220.8	181.9	181.8	181.1	179.5	100.7	211.0	11.8	0.0	182.9	182.8	40.0	60.8	6.1	66.0	0.0	21.6	.Autoclave.Outputs.PRESSIP\OutputValue	8.0	18.9	-48.3	-1.0	0.0	-1.0	-1.0	-1.0	0.0	0.0	0.0	-1.0	-1.0	0.0	0.0	0.0	-1.0	0.0
21:02:14	212.1	225.1	225.7	224.1	226.3	227.6	211.7	208.3	0.0	0.5	0.1	39.5	-0.3	0.5	0.0	227.6	208.3	-2.5	-4.3	221.3	218.0	178.2	178.2	177.4	171.9	100.8	212.0	12.8	0.0	178.4	178.4	40.0	55.5	6.0	63.6	0.0	11.1	.Autoclave.Outputs.PRESSIP\OutputValue	8.0	19.3	-49.4	-1.0	0.0	-1.0	-1.0	-1.0	0.0	0.0	0.0	-1.0	-1.0	0.0	0.0	0.0	-1.0	0.0
21:03:14	213.1	221.7	222.5	221.0	223.5	224.8	207.4	204.7	0.0	0.5	0.0	39.2	-0.3	0.5	0.0	224.8	204.7	-2.9	-4.4	217.9	214.8	174.2	174.0	173.3	168.6	100.7	213.0	13.8	0.0	173.9	173.8	40.0	52.1	6.0	66.2	0.0	4.2	.Autoclave.Outputs.PRESSIP\OutputValue	8.0	20.1	-50.6	-1.0	0.0	-1.0	-1.0	-1.0	0.0	0.0	0.0	-1.0	-1.0	0.0	0.0	0.0	-1.0	0.0
21:04:14	214.1	218.1	218.9	218.3	220.8	221.9	203.4	200.5	0.0	0.5	0.1	39.7	-0.3	0.5	0.0	221.9	200.5	-2.7	-4.5	214.6	211.2	170.3	170.3	169.6	165.8	101.1	214.0	14.8	0.0	169.4	169.3	40.0	48.1	6.0	60.8	-1.0	0.0	.Autoclave.Outputs.PRESSIP\OutputValue	8.0	21.4	-51.6	-1.0	0.0	-1.0	-1.0	-1.0	0.0	0.0	0.0	-1.0	-1.0	0.0	0.0	0.0	-1.0	0.0
21:05:14	215.1	214.7	215.3	215.2	218.0	218.8	198.6	197.0	0.0	0.5	0.1	39.4	-0.3	0.5	0.0	218.8	197.0	-2.9	-4.2	211.1	207.9	166.1	166.1	165.3	162.4	100.9	215.0	15.8	0.0	164.9	164.8	40.0	45.3	5.9	64.1	-1.0	0.0	.Autoclave.Outputs.PRESSIP\OutputValue	8.0	21.8	-52.7	-1.0	0.0	-1.0	-1.0	-1.0	0.0	0.0	0.0	-1.0	-1.0	0.0	0.0	0.0	-1.0	0.0
21:06:14	216.1	211.3	211.6	212.0	215.0	215.6	194.1	193.0	0.0	0.5	0.1	39.1	-0.3	0.5	0.0	215.6	193.0	-3.0	-4.5	207.5	204.3	161.9	161.9	161.1	158.8	100.9	216.0	16.8	0.0	160.4	160.4	40.0	44.1	5.9	67.0	-1.0	0.0	.Autoclave.Outputs.PRESSIP\OutputValue	8.0	22.6	-53.7	-1.0	0.0	-1.0	-1.0	-1.0	0.0	0.0	0.0	-1.0	-1.0	0.0	0.0	0.0	-1.0	0.0
21:07:14	217.1	207.6	207.9	208.7	212.1	212.4	189.6	189.2	0.0	0.5	0.1	39.5	-0.3	0.5	0.0	212.4	189.2	-3.0	-4.6	203.9	200.8	157.6	157.5	156.8	157.4	101.0	217.0	17.8	0.0	155.9	155.8	40.0	42.5	5.8	62.4	-1.0	0.0	.Autoclave.Outputs.PRESSIP\OutputValue	8.0	23.2	-54.8	-1.0	0.0	-1.0	-1.0	-1.0	0.0	0.0	0.0	-1.0	-1.0	0.0	0.0	0.0	-1.0	0.0
21:08:14	218.0	204.0	204.5	205.3	208.9	209.2	185.1	185.0	0.0	0.5	0.1	39.3	-0.3	0.5	0.0	209.2	185.0	-3.3	-4.6	200.3	197.1	152.6	152.6	151.9	154.0	101.0	218.0	18.8	0.0	151.4	151.3	40.0	45.2	5.7	65.5	-1.0	0.0	.Autoclave.Outputs.PRESSIP\OutputValue	8.0	24.2	-56.6	-1.0	0.0	-1.0	-1.0	-1.0	0.0	0.0	0.0	-1.0	-1.0	0.0	0.0	0.0	-1.0	0.0
21:09:14	219.1	199.9	201.0	202.1	205.9	206.1	180.5	180.7	0.0	0.5	0.1	39.4	-0.3	0.5	0.0	206.1	180.5	-2.9	-4.7	196.6	193.3	147.0	147.0	146.2	145.2	101.1	219.0	19.8	0.0	146.9	146.8	40.0	53.1	5.6	64.3	0.0	6.1	.Autoclave.Outputs.PRESSIP\OutputValue	8.0	25.6	-59.1	-1.0	0.0	-1.0	-1.0	-1.0	0.0	0.0	0.0	-1.0	-1.0	0.0	0.0	0.0	-1.0	0.0
21:10:14	220.1	196.3	197.2	198.9	203.0	203.0	176.1	176.6	0.0	0.5	0.1	39.1	-0.3	0.5	0.0	203.0	176.1	-2.9	-4.5	193.0	189.5	143.5	143.5	142.8	141.2	101.1	220.0	20.8	0.0	142.4	142.3	40.0	45.1	5.5	67.3	-1.0	0.0	.Autoclave.Outputs.PRESSIP\OutputValue	8.0	26.9	-59.5	-1.0	0.0	-1.0	-1.0	-1.0	0.0	0.0	0.0	-1.0	-1.0	0.0	0.0	0.0	-1.0	0.0
21:11:14	221.0	192.5	193.1	195.4	199.9	199.6	171.5	172.1	0.0	0.5	0.1	39.4	-0.3	0.5	0.0	199.9	171.5	-3.2	-4.9	189.2	185.7	138.5	138.4	137.6	137.7	101.2	221.0	21.8	0.0	137.9	137.8	40.0	49.6	5.4	64.1	0.0	0.0	.Autoclave.Outputs.PRESSIP\OutputValue	8.0	28.4	-61.4	-1.0	0.0	-1.0	-1.0	-1.0	0.0	0.0	0.0	-1.0	-1.0	0.0	0.0	0.0	-1.0	0.0
21:12:14	222.1	188.7	189.5	192.2	196.8	196.3	166.7	168.2	0.0	0.5	0.1	39.1	-0.3	0.5	0.0	196.8	166.7	-3.1	-4.8	185.5	181.7	135.5	135.4	134.7	134.0	101.2	222.0	22.8	0.0	133.4	133.3	40.0	39.5	5.2	67.0	-1.0	0.0	.Autoclave.Outputs.PRESSIP\OutputValue	8.0	30.1	-61.3	-1.0	0.0	-1.0	-1.0	-1.0	0.0	0.0	0.0	-1.0	-1.0	0.0	0.0	0.0	-1.0	0.0
21:13:14	223.1	185.1	185.5	189.0	193.7	193.1	162.6	164.3	0.0	0.5	0.0	39.5	-0.3	0.5	0.0	193.7	162.6	-2.9	-4.6	181.9	178.1	131.8	131.8	131.1	130.9	101.3	223.0	23.8	0.0	128.9	128.8	40.0	33.2	5.0	63.2	-1.0	0.0	.Autoclave.Outputs.PRESSIP\OutputValue	8.0	31.1	-61.9	-1.0	0.0	-1.0	-1.0	-1.0	0.0	0.0	0.0	-1.0	-1.0	0.0	0.0	0.0	-1.0	0.0
21:14:14	224.0	181.3	182.1	185.6	190.8	189.5	158.3	160.4	0.0	0.5	0.1	39.2	-0.3	0.5	0.0	190.8	158.3	-3.1	-4.3	178.3	174.5	128.6	128.6	127.8	128.0	101.4	224.0	24.8	0.0	124.4	124.3	40.0	24.9	4.6	65.8	-1.0	0.0	.Autoclave.Outputs.PRESSIP\OutputValue	8.0	32.5	-62.2	-1.0	0.0	-1.0	-1.0	-1.0	0.0	0.0	0.0	-1.0	-1.0	0.0	0.0	0.0	-1.0	0.0
21:15:14	225.1	177.8	178.4	182.6	187.9	186.2	154.1	156.6	0.0	0.5	0.1	39.0	-0.3	0.5	0.0	187.9	154.1	-3.0	-4.2	174.8	171.0	126.0	125.9	125.1	125.7	101.3	225.0	25.8	0.0	119.9	119.8	40.0	11.7	4.1	68.1	-1.0	0.0	.Autoclave.Outputs.PRESSIP\OutputValue	8.0	33.8	-61.9	-1.0	0.0	-1.0	-1.0	-1.0	0.0	0.0	0.0	-1.0	-1.0	0.0	0.0	0.0	-1.0	0.0
21:16:14	226.1	174.4	174.8	179.4	185.1	183.1	150.3	154.2	0.0	0.5	0.1	39.4	-0.3	0.5	0.0	185.1	150.3	-2.5	-3.8	171.6	167.7	123.7	123.7	122.9	123.6	101.3	226.0	26.8	0.0	115.4	115.3	40.0	0.0	0.0	63.6	-1.0	0.0	.Autoclave.Outputs.PRESSIP\OutputValue	8.0	34.8	-61.3	-1.0	0.0	-1.0	-1.0	-1.0	0.0	0.0	0.0	-1.0	-1.0	0.0	0.0	0.0	-1.0	0.0
21:17:14	227.1	170.9	171.3	176.9	182.6	180.1	146.3	150.4	0.0	0.5	0.2	39.3	-0.3	0.5	0.0	182.6	146.3	-2.8	-3.9	168.4	164.4	121.5	121.5	120.8	121.7	101.3	227.0	27.8	0.0	110.9	110.8	40.0	0.0	0.0	65.5	-1.0	0.0	.Autoclave.Outputs.PRESSIP\OutputValue	8.0	36.3	-61.0	-1.0	0.0	-1.0	-1.0	-1.0	0.0	0.0	0.0	-1.0	-1.0	0.0	0.0	0.0	-1.0	0.0
21:18:14	228.1	167.5	167.9	174.3	180.0	177.2	142.8	148.1	0.0	0.4	0.1	39.1	-0.3	0.4	0.0	180.0	142.8	-2.3	-3.8	165.4	161.4	119.7	119.7	119.1	120.2	101.4	228.0	28.7	0.0	106.4	106.4	40.0	0.0	0.0	67.0	-1.0	0.0	.Autoclave.Outputs.PRESSIP\OutputValue	8.0	37.2	-60.2	-1.0	0.0	-1.0	-1.0	-1.0	0.0	0.0	0.0	-1.0	-1.0	0.0	0.0	0.0	-1.0	0.0
21:19:15	229.1	164.3	164.9	171.7	177.6	174.2	139.6	145.0	0.0	0.4	0.1	39.6	-0.3	0.4	0.0	177.6	139.6	-2.5	-3.5	162.5	158.6	118.1	118.0	117.4	118.8	101.5	229.0	29.8	0.0	101.9	101.8	40.0	0.0	0.0	62.4	-1.0	0.0	.Autoclave.Outputs.PRESSIP\OutputValue	8.0	38.0	-59.4	-1.0	0.0	-1.0	-1.0	-1.0	0.0	0.0	0.0	-1.0	-1.0	0.0	0.0	0.0	-1.0	0.0
21:20:14	230.1	161.5	161.6	169.2	175.1	171.6	136.8	142.5	0.0	0.5	0.1	39.4	-0.3	0.5	0.0	175.1	136.8	-2.5	-3.2	159.8	155.9	116.5	116.5	115.9	117.2	101.5	230.0	30.8	0.0	97.4	97.3	40.0	0.0	0.0	64.1	-1.0	0.0	.Autoclave.Outputs.PRESSIP\OutputValue	8.0	38.3	-58.5	-1.0	0.0	-1.0	-1.0	-1.0	0.0	0.0	0.0	-1.0	-1.0	0.0	0.0	0.0	-1.0	0.0
21:21:14	231.0	158.3	158.7	166.7	173.1	169.0	133.9	139.8	0.0	0.4	0.0	39.3	-0.3	0.4	0.0	173.1	133.9	-2.2	-3.2	157.1	153.5	115.1	115.1	114.4	116.0	101.6	231.0	31.8	0.0	92.9	92.8	40.0	0.0	0.0	65.3	-1.0	0.0	.Autoclave.Outputs.PRESSIP\OutputValue	8.0	39.2	-57.9	-1.0	0.0	-1.0	-1.0	-1.0	0.0	0.0	0.0	-1.0	-1.0	0.0	0.0	0.0	-1.0	0.0
21:22:14	232.1	155.5	155.8	164.5	170.8	166.6	131.3	137.8	0.0	0.4	0.1	39.1	-0.3	0.4	0.0	170.8	131.3	-2.2	-3.0	154.6	151.0	113.9	113.9	113.1	114.9	101.6	232.0	32.8	0.0	88.4	88.4	40.0	0.0	0.0	66.8	-1.0	0.0	.Autoclave.Outputs.PRESSIP\OutputValue	8.0	39.5	-56.8	-1.0	0.0	-1.0	-1.0	-1.0	0.0	0.0	0.0	-1.0	-1.0	0.0	0.0	0.0	-1.0	0.0
21:23:14	233.1	152.8	153.1	162.2	168.7	163.8	129.0	135.6	0.0	0.4	0.1	39.0	-0.3	0.4	0.0	168.7	129.0	-2.1	-3.0	152.2	148.8	112.7	112.7	112.1	113.7	101.6	233.0	33.8	0.0	83.9	83.8	40.0	0.0	0.0	67.5	-1.0	0.0	.Autoclave.Outputs.PRESSIP\OutputValue	8.0	39.7	-55.9	-1.0	0.0	-1.0	-1.0	-1.0	0.0	0.0	0.0	-1.0	-1.0	0.0	0.0	0.0	-1.0	0.0
21:24:14	234.0	150.3	150.6	160.0	166.7	161.3	126.7	133.2	0.0	0.5	0.2	39.6	-0.3	0.5	0.0	166.7	126.7	-1.9	-2.6	149.8	146.7	112.1	112.1	111.3	113.3	101.8	234.0	34.8	0.0	80.0	80.0	40.0	0.0	0.0	61.9	-1.0	0.0	.Autoclave.Outputs.PRESSIP\OutputValue	8.0	40.0	-54.5	-1.0	0.0	-1.0	-1.0	-1.0	0.0	0.0	0.0	-1.0	-1.0	0.0	0.0	0.0	-1.0	0.0
21:25:14	235.1	147.6	148.1	157.9	164.8	159.0	124.8	131.7	0.1	0.4	0.2	39.5	-0.3	0.4	0.1	164.8	124.8	-2.1	-2.8	147.7	144.8	111.0	111.0	110.3	112.4	101.9	235.0	35.8	0.0	80.0	80.0	40.0	0.0	0.0	63.2	-1.0	0.0	.Autoclave.Outputs.PRESSIP\OutputValue	8.0	40.0	-53.7	-1.0	0.0	-1.0	-1.0	-1.0	0.0	0.0	0.0	-1.0	-1.0	0.0	0.0	0.0	-1.0	0.0
21:26:14	236.1	145.2	145.5	155.9	162.8	156.6	123.0	129.4	0.0	0.4	0.2	39.4	-0.3	0.4	0.0	162.8	123.0	-1.7	-2.7	145.5	142.9	110.2	110.1	109.5	111.6	102.0	236.0	36.8	0.0	80.0	80.0	40.0	0.0	0.0	64.0	-1.0	0.0	.Autoclave.Outputs.PRESSIP\OutputValue	8.0	39.8	-52.5	-1.0	0.0	-1.0	-1.0	-1.0	0.0	0.0	0.0	-1.0	-1.0	0.0	0.0	0.0	-1.0	0.0
21:27:14	237.0	142.9	143.0	154.1	161.0	154.3	121.3	127.8	0.0	0.4	0.1	39.3	-0.3	0.4	0.0	161.0	121.3	-1.8	-2.6	143.5	141.1	109.3	109.3	108.7	110.8	102.0	237.0	37.8	0.0	80.0	80.0	40.0	0.0	0.0	64.9	-1.0	0.0	.Autoclave.Outputs.PRESSIP\OutputValue	8.0	39.7	-51.6	-1.0	0.0	-1.0	-1.0	-1.0	0.0	0.0	0.0	-1.0	-1.0	0.0	0.0	0.0	-1.0	0.0
21:28:14	238.1	140.7	140.9	152.4	159.3	152.2	119.8	126.4	0.0	0.4	0.2	39.2	-0.3	0.4	0.0	159.3	119.8	-1.5	-2.3	141.7	139.5	108.6	108.6	107.9	110.2	102.0	238.0	38.8	0.0	80.0	80.0	40.0	0.0	0.0	65.6	-1.0	0.0	.Autoclave.Outputs.PRESSIP\OutputValue	8.0	39.5	-50.6	-1.0	0.0	-1.0	-1.0	-1.0	0.0	0.0	0.0	-1.0	-1.0	0.0	0.0	0.0	-1.0	0.0
21:29:14	239.1	138.6	138.7	150.4	157.5	150.0	118.4	124.7	0.0	0.4	0.1	39.2	-0.3	0.4	0.0	157.5	118.4	-1.3	-2.3	139.8	137.9	108.0	108.0	107.3	109.6	102.1	239.0	39.8	0.0	80.0	80.0	40.0	0.0	0.0	66.4	-1.0	0.0	.Autoclave.Outputs.PRESSIP\OutputValue	8.0	39.1	-49.4	-1.0	0.0	-1.0	-1.0	-1.0	0.0	0.0	0.0	-1.0	-1.0	0.0	0.0	0.0	-1.0	0.0
21:30:14	240.0	136.7	136.6	148.8	155.9	147.8	117.2	123.3	0.0	0.4	0.1	39.1	-0.3	0.4	0.0	155.9	117.2	-1.4	-2.2	138.0	136.5	107.4	107.3	106.6	108.9	102.1	240.0	40.8	0.0	80.0	80.0	40.0	0.0	0.0	67.0	-1.0	0.0	.Autoclave.Outputs.PRESSIP\OutputValue	8.0	38.7	-48.4	-1.0	0.0	-1.0	-1.0	-1.0	0.0	0.0	0.0	-1.0	-1.0	0.0	0.0	0.0	-1.0	0.0
21:31:14	241.1	134.8	134.9	147.3	154.4	145.8	116.1	121.9	0.0	0.5	0.2	39.6	-0.3	0.5	0.0	154.4	116.1	-1.2	-2.1	136.5	135.2	107.0	107.0	106.2	108.8	102.2	241.0	41.8	0.0	80.0	80.0	40.0	0.0	0.0	61.5	-1.0	0.0	.Autoclave.Outputs.PRESSIP\OutputValue	8.0	38.3	-47.3	-1.0	0.0	-1.0	-1.0	-1.0	0.0	0.0	0.0	-1.0	-1.0	0.0	0.0	0.0	-1.0	0.0
21:32:14	242.1	133.1	133.1	145.5	152.7	143.8	115.0	120.8	0.0	0.4	0.2	39.6	-0.3	0.4	0.0	152.7	115.0	-1.0	-1.9	134.9	133.8	106.4	106.4	105.7	108.0	102.2	242.0	42.8	0.0	80.0	80.0	40.0	0.0	0.0	62.3	-1.0	0.0	.Autoclave.Outputs.PRESSIP\OutputValue	8.0	37.7	-46.2	-1.0	0.0	-1.0	-1.0	-1.0	0.0	0.0	0.0	-1.0	-1.0	0.0	0.0	0.0	-1.0	0.0
21:33:14	243.1	131.3	131.4	144.0	151.4	141.9	113.9	119.3	0.0	0.4	0.1	39.5	-0.3	0.4	0.0	151.4	113.9	-1.1	-2.0	133.3	132.6	105.8	105.8	105.0	107.6	102.3	243.0	43.8	0.0	80.0	80.0	40.0	0.0	0.0	62.8	-1.0	0.0	.Autoclave.Outputs.PRESSIP\OutputValue	8.0	37.5	-45.5	-1.0	0.0	-1.0	-1.0	-1.0	0.0	0.0	0.0	-1.0	-1.0	0.0	0.0	0.0	-1.0	0.0
21:34:14	244.1	129.7	129.6	142.5	149.8	140.0	112.9	117.9	0.0	0.4	0.2	39.5	-0.3	0.4	0.0	149.8	112.9	-0.9	-1.9	131.8	131.3	105.3	105.3	104.5	107.2	102.4	244.0	44.8	0.0	80.0	80.0	40.0	0.0	0.0	63.2	-1.0	0.0	.Autoclave.Outputs.PRESSIP\OutputValue	8.0	36.9	-44.4	-1.0	0.0	-1.0	-1.0	-1.0	0.0	0.0	0.0	-1.0	-1.0	0.0	0.0	0.0	-1.0	0.0
21:35:14	245.1	128.1	128.0	141.2	148.4	138.3	112.0	116.7	0.0	0.4	0.2	39.4	-0.3	0.4	0.0	148.4	112.0	-1.1	-1.7	130.4	130.2	104.8	104.8	104.1	106.5	102.2	245.0	45.8	0.0	80.0	80.0	40.0	0.0	0.0	64.3	-1.0	0.0	.Autoclave.Outputs.PRESSIP\OutputValue	8.0	36.4	-43.5	-1.0	0.0	-1.0	-1.0	-1.0	0.0	0.0	0.0	-1.0	-1.0	0.0	0.0	0.0	-1.0	0.0
21:35:26	245.2	127.9	127.8	141.0	148.0	137.9	111.8	116.7	0.0	0.4	0.1	39.4	-0.3	0.4	0.0	148.0	111.8	-0.7	-1.8	130.2	129.9	104.7	104.8	104.0	106.6	102.2	245.2	46.0	0.0	80.0	80.0	40.0	0.0	0.0	64.0	-1.0	0.0	.Autoclave.Outputs.PRESSIP\OutputValue	8.0	36.2	-43.3	-1.0	0.0	-1.0	-1.0	-1.0	0.0	0.0	0.0	-1.0	-1.0	0.0	0.0	0.0	-1.0	0.0
21:36:14	246.1	126.5	126.3	139.4	146.6	136.4	111.1	115.6	0.0	0.3	0.1	32.6	-0.3	0.3	0.0	146.6	111.1	-0.9	-1.9	128.8	128.8	101.3	101.3	100.7	102.3	101.2	246.0	0.8	0.0	80.0	80.0	32.0	0.0	0.0	52.2	-1.0	0.0	.Autoclave.Outputs.PRESSIP\OutputValue	7.2	35.5	-45.2	-1.0	0.0	-1.0	-1.0	-1.0	0.0	0.0	0.0	-1.0	-1.0	0.0	0.0	0.0	-1.0	0.0
21:37:14	247.0	124.7	124.7	138.0	145.2	134.5	109.9	113.7	0.0	0.2	0.1	22.9	-0.3	0.2	0.0	145.2	109.9	-1.3	-2.0	127.2	127.5	97.9	97.9	97.1	99.3	100.6	247.0	1.8	0.0	80.0	80.0	22.0	0.0	0.0	47.6	-1.0	0.0	.Autoclave.Outputs.PRESSIP\OutputValue	5.9	35.3	-47.2	-1.0	0.0	-1.0	-1.0	-1.0	0.0	0.0	0.0	-1.0	-1.0	0.0	0.0	0.0	-1.0	0.0
21:38:14	248.1	123.2	123.1	137.3	144.2	133.0	108.4	112.6	0.0	0.2	0.1	12.5	-0.3	0.2	0.0	144.2	108.4	-0.9	-1.7	126.0	126.3	94.7	94.7	94.0	95.9	99.6	248.0	2.8	0.0	80.0	80.0	12.0	0.0	0.0	50.3	-1.0	0.0	.Autoclave.Outputs.PRESSIP\OutputValue	4.4	35.8	-49.4	-1.0	0.0	-1.0	-1.0	-1.0	0.0	0.0	0.0	-1.0	-1.0	-1.0	0.0	0.0	-1.0	0.0
21:39:14	249.1	121.9	122.0	137.0	143.6	131.5	107.3	111.5	0.0	0.1	0.0	3.8	-0.3	0.1	0.0	143.6	107.3	-0.1	-1.4	125.0	125.4	92.2	92.2	91.6	94.6	99.2	249.0	3.8	0.0	80.0	80.0	2.0	0.0	0.0	34.5	-1.0	0.0	.Autoclave.Outputs.PRESSIP\OutputValue	2.6	36.3	-51.3	-1.0	0.0	-1.0	-1.0	-1.0	0.0	0.0	0.0	-1.0	-1.0	-1.0	0.0	0.0	-1.0	0.0
21:39:54	249.7	121.5	121.5	137.2	143.7	131.1	106.5	111.4	0.0	0.0	-0.1	1.0	-0.3	0.0	-0.1	143.7	106.5	0.2	-1.1	124.7	125.1	92.4	92.2	91.5	95.0	99.1	249.7	4.5	0.0	80.0	80.0	0.0	0.0	0.0	39.8	-1.0	0.0	.Autoclave.Outputs.PRESSIP\OutputValue	0.1	37.2	-51.2	-1.0	0.0	-1.0	-1.0	-1.0	0.0	0.0	0.0	-1.0	-1.0	-1.0	0.0	0.0	-1.0	0.0
