351.7642857143
351.8020755797
351.8398654452
351.8818064701
351.9447895792
352.0077726882
352.0591325508
352.0868451188
352.1145576868
352.1472516461
352.1850415116
352.2228313770
352.2606212425
352.2984111079
352.3362009734
352.3781419983
352.4209705125
352.4637990266
352.4543229316
352.4442456341
352.4407386201
352.4734898368
352.5062410535
352.5341826510
352.5518179216
352.5694531921
352.5992556542
352.6420841683
352.6849126825
352.7212138563
352.7539650730
352.7867162897
352.8092327512
352.8293873461
352.8495419410
352.8721586029
352.8948325222
352.9203693100
352.9631978242
353.0060263384
353.0349413112
353.0324219868
353.0299026625
353.0475808760
353.0878900658
353.1281992557
353.1604924134
353.1882049814
353.2159175494
353.2315201832
353.2441168050
353.2567134269
353.2936444317
353.3314342972
353.3649441741
353.3699828228
353.3750214715
353.3860148869
353.4112081305
353.4364013742
353.4650730031
353.4978242199
353.5305754366
353.5523046092
353.5674205554
353.5825365016
353.5936730604
353.6037503579
353.6138276553
353.6142857143
353.6142857143
353.6160893215
353.6312052677
353.6463212139
353.6657314629
353.6959633553
353.7261952476
353.7383338105
353.7282565130
353.7181792156
353.7251073576
353.7427426281
353.7603778987
353.7799742342
353.8001288291
353.8202834240
353.8570712854
353.8948611509
353.9247638133
353.8894932723
353.8542227312
353.8416261094
353.8894932723
353.9373604352
353.9708989407
353.9860148869
354.0011308331
354.0056255368
354.0031062124
354.0005868881
354.0135270541
354.0311623246
354.0487975952
354.0500000000
354.0500000000
354.0492699685
354.0417119954
354.0341540223
354.0318637275
354.0444603493
354.0570569711
354.0685800172
354.0786573146
354.0887346121
354.0869023762
354.0768250787
354.0667477813
354.0661895219
354.0687088463
354.0712281706
354.0830231892
354.0956198111
354.1084311480
354.1235470942
354.1386630404
354.1518894933
354.1594474664
354.1670054395
354.1787432007
354.1963784712
354.2140137418
354.2214285714
354.2214285714
354.2214285714
354.2420555397
354.2697681076
354.2974806756
354.3045805898
354.3096192385
354.3154022330
354.3305181792
354.3456341254
354.3541368451
354.3415402233
354.3289436015
354.3265101632
354.3391067850
354.3517034068
354.3571428571
354.3571428571
354.3571428571
354.3571428571
354.3571428571
354.3571428571
354.3639278557
354.3714858288
354.3787288863
354.3812482107
354.3837675351
354.3891497280
354.4042656742
354.4193816204
354.4265960492
354.4215574005
354.4165187518
354.4156885199
354.4182078443
354.4207271686
354.4268823361
354.4344403092
354.4419982823
354.4517892929
354.4618665903
354.4715574005
354.4740767249
354.4765960492
354.4780274835
354.4755081592
354.4729888348
354.4733466934
354.4783853421
354.4834239908
354.4774692242
354.4623532780
354.4472373318
354.4518036072
354.4644002290
354.4769968508
354.4895934727
354.5021900945
354.5138849127
354.5038076152
354.4937303178
354.4831377040
354.4705410822
354.4579444603
354.4509304323
354.4534497567
354.4559690810
354.4625250501
354.4726023476
354.4826796450
354.4892356141
354.4942742628
354.4993129115
354.5000000000
354.5000000000
354.4994274263
354.4792728314
354.4591182365
354.4477240195
354.4729172631
354.4981105067
354.5097766962
354.4971800744
354.4845834526
354.4772545090
354.4747351847
354.4722158603
354.4818207844
354.4969367306
354.5120526768
354.5035499571
354.4909533352
354.4787861437
354.4913827655
354.5039793873
354.5147437733
354.5172630976
354.5197824220
354.5223017463
354.5248210707
354.5273403951
354.5182651016
354.4981105067
354.4779559118
354.4782421987
354.4883194961
354.4983967936
354.4851703407
354.4675350701
354.4501145147
354.4702691096
354.4904237046
354.5080017177
354.5130403664
354.5180790152
354.5188949327
354.5113369596
354.5037789865
354.5100772975
354.5302318924
354.5503864873
354.5470941884
354.5319782422
354.5168622960
354.5080160321
354.5004580590
354.4929000859
354.5078872030
354.5230031492
354.5373174921
354.5473947896
354.5574720870
354.5634697967
354.5609504724
354.5584311480
354.5448325222
354.5196392786
354.4944460349
354.4939450329
354.5065416547
354.5191382766
354.5234898368
354.5260091612
354.5285284855
354.4344689379
354.3387346121
353.9984826796
352.2475522474
350.4966218151
349.2172774120
348.9754222731
348.7335671343
347.7762811337
346.0354279989
344.2945748640
343.3010163184
342.7240910392
342.1471657601
340.7449899800
339.1452190094
337.5454480389
337.4779702262
337.4552963069
337.2828371028
336.1617377612
335.0406384197
333.9506441454
332.9328371028
331.9150300601
330.5521328371
328.7936444317
327.0351560263
326.0456913828
325.5065559691
324.9674205554
323.4363011738
321.6501002004
319.8638992270
319.2582307472
318.7014600630
317.9897509304
316.1934726596
314.3971943888
312.7286716290
311.3732751217
310.0178786144
308.8102061265
307.7798024621
306.7493987976
305.2711995419
303.5177497853
301.7643000286
300.7950758660
300.0417978815
299.2885198969
297.6579301460
295.9800601202
294.3107787003
292.7084884054
291.1061981105
289.7045090180
288.8227454910
287.9409819639
286.7086315488
285.0358001718
283.3629687947
281.7345548239
280.1347838534
278.5350128829
277.0968222159
275.7061551675
274.3154881191
273.4019181220
272.5201545949
271.5793873461
270.1206985399
268.6620097338
267.1649728027
265.5626825079
263.9603922130
262.3493987976
260.7269539078
259.1045090180
257.5722444890
256.1009590610
254.6296736330
253.1756513026
251.7270397939
250.2784282851
249.1121385628
247.9683653020
246.8110793015
245.5186659032
244.2262525050
242.9100057257
241.5243773261
240.1387489264
238.6800314916
237.1205697109
235.5611079301
234.0399799599
232.5460206127
231.0520612654
229.5051961065
227.9406956771
226.3761952476
224.8600916118
223.3484969940
221.8447180074
220.4313770398
219.0180360721
217.5806899513
216.0690953335
214.5575007157
213.0902233038
211.6869596336
210.2836959634
208.8601918122
207.4216576009
205.9831233896
204.5259805325
203.0622530776
201.5985256227
200.1916976811
198.7909533352
197.3848840538
195.9060406527
194.4271972516
192.9366160893
191.4073862010
189.8781563126
188.3148582880
186.6999713713
185.0850844546
183.6473375322
182.3473661609
181.0473947896
179.5330518179
177.9383194961
176.3435871743
174.8477383338
173.3638562840
171.8844116805
170.4786286859
169.0728456914
167.6743200687
166.3012882909
164.9282565130
163.6175207558
162.4057257372
161.1939307186
159.9960206127
158.8094188377
157.6228170627
156.4524477526
155.2885198969
154.1245920412
153.0826939593
152.0573289436
151.0331090753
150.0329373032
149.0327655311
148.0384196965
147.0659604924
146.0935012883
145.1389922703
144.2144002290
143.2898081878
142.4019324363
141.5453621529
140.6887918695
139.8144718007
138.9327082737
138.0509447466
137.1932722588
136.3392212997
135.4874033782
134.6988548526
133.9103063269
133.1297738334
132.3815344976
131.6332951618
130.9675064415
130.4460062983
129.9245061552
129.4109934154
128.9046092184
128.3982250215
127.9093043229
127.4281133696
126.9469224163
126.5046378471
126.0687947323
125.6325508159
125.1790724306
124.7255940452
124.2763670198
123.8455625537
123.4147580876
123.0123532780
122.6621671915
122.3119811051
121.9487689665
121.5733896364
121.1980103063
120.8312195820
120.4684368737
120.1056541655
119.7258087604
119.3428714572
118.9637703979
118.9184225594
118.8730747209
118.7172344689
118.0445748640
117.3719152591
116.6958202119
116.0130833095
115.3303464071
114.6972945892
114.1128113370
113.5283280847
113.0451903808
112.6118665903
112.1785427999
112.0503292299
111.9823074721
111.9142857143
