353.9777777778
354.0013137386
354.0248496994
354.0483856602
354.0578935649
354.0612558450
354.0646181251
354.0771765754
354.1040748163
354.1309730572
354.1558450234
354.1592073035
354.1625695836
354.1659318637
354.1732353596
354.1816410599
354.1900467602
354.2096749054
354.2416165665
354.2735582276
354.2991315965
354.2940881764
354.2890447562
354.2840013360
354.3022934758
354.3241482966
354.3460031173
354.3593409040
354.3660654643
354.3727900245
354.3825539969
354.4010465375
354.4195390782
354.4380316188
354.4212536183
354.4027610777
354.3842685371
354.3723224226
354.3639167223
354.3555110220
354.3598419060
354.3884212870
354.4170006680
354.4445780450
354.4479403251
354.4513026052
354.4546648853
354.4617345803
354.4701402806
354.4785459809
354.4883990203
354.5001670007
354.5119349811
354.4373970163
353.7632598530
353.0891226898
352.4149855266
352.8632264529
353.5558561568
354.2484858606
354.5781229125
354.5680360721
354.5579492318
354.5539189490
354.5724114896
354.5909040303
354.6093965709
354.6126363839
354.6143175239
354.6159986640
354.6136272545
354.6085838343
354.6035404142
354.6035070140
354.6152749944
354.6270429748
354.6388109552
354.6472389223
354.6556446226
354.6640503229
354.6655087954
354.6638276553
354.6621465153
354.6617568470
354.6634379871
354.6651191271
354.6672010688
354.6739256290
354.6806501893
354.6873747495
354.6927967045
354.6978401247
354.7028835449
354.7031841461
354.6981407259
354.6930973057
354.6874972167
354.6790915164
354.6706858161
354.6622801158
354.6712424850
354.6830104654
354.6947784458
354.7009352037
354.7026163438
354.7042974839
354.7080939657
354.7181808061
354.7282676464
354.7383544868
354.7261523046
354.7127031841
354.6992540637
354.7009240704
354.7110109107
354.7210977511
354.7238031619
354.7120351815
354.7002672011
354.6892228902
354.6993097306
354.7093965709
354.7194834113
354.7112001781
354.6960699176
354.6809396571
354.6764974393
354.6865842797
354.6966711200
354.7061567580
354.7112001781
354.7162435983
354.7212870185
354.7235916277
354.7252727678
354.7269539078
354.7320641283
354.7404698285
354.7488755288
354.7569360944
354.7636606546
354.7703852149
354.7771097751
354.7732353596
354.7681919394
354.7631485193
354.7631151191
354.7664773992
354.7698396794
354.7732019595
354.7765642396
354.7799265197
354.7832887998
354.7816744600
354.7799933200
354.7783121799
354.3615119127
353.7512580717
353.1410042307
352.9882988199
353.5901469606
354.1919951013
354.7501224672
354.7518036072
354.7534847473
354.7551658873
354.7658873302
354.7793364507
354.7927855711
354.7953239813
354.7852371409
354.7751503006
354.7663994656
354.7647183255
354.7630371855
354.7613560454
354.7611111111
354.7611111111
354.7611111111
354.7629592518
354.7663215320
354.7696838121
354.7755177021
354.7889668225
354.8024159430
354.8158650635
354.8182476063
354.8199287464
354.8216098864
354.8126029837
354.7974727232
354.7823424627
354.7711088844
354.7677466043
354.7643843242
354.7615119127
354.7766421732
354.7917724338
354.8069026943
354.8062569584
354.7995323981
354.7928078379
354.7895902917
354.7912714318
354.7929525718
354.7934981073
354.7850924070
354.7766867067
354.7682810065
354.7802493877
354.7970607882
354.8138721888
354.8120685816
354.7918949009
354.7717212202
354.7562235582
354.7595858383
354.7629481185
354.7663103986
354.7696726787
354.7730349588
354.7763972389
354.7847138722
354.7964818526
354.8082498330
354.8161879314
354.8145067914
354.8128256513
354.8111445112
354.8061678913
354.8011244712
354.7960810510
354.7989868626
354.8057114228
354.8124359831
354.8154197283
354.8120574482
354.8086951681
354.8057782231
354.8091405032
354.8125027833
354.8158650635
354.8153863282
354.8137051882
354.8120240481
354.8126475173
354.8160097974
354.8193720775
354.8214540191
354.8164105990
354.8113671788
354.8063237586
354.8084057003
354.8117679804
354.8151302605
354.8166666667
354.8166666667
354.8166666667
354.8166666667
354.8166666667
354.8166666667
354.8166666667
354.8213760855
354.8264195057
354.8314629259
354.8354486751
354.8388109552
354.8421732354
354.4036517479
353.0452905812
351.6869294144
350.3543865509
350.2955466489
350.2367067468
350.1778668448
349.1450790470
347.7245156981
346.3039523491
345.3610554442
345.1038410154
344.8466265865
344.4616900468
342.9990981964
341.5365063460
340.0739144957
339.5677911378
339.2988087286
339.0298263193
338.8384992207
338.7258628368
338.6132264529
338.2639278557
336.9190158094
335.5741037631
334.2291917168
333.7361389446
333.3511578713
332.9661767980
331.9247717658
330.4134268537
328.9020819417
327.6731685593
327.1772322423
326.6812959252
326.1853596081
324.7352816745
323.2592407036
321.7831997328
320.7220886217
319.8663883322
319.0106880428
318.0343576041
316.8474727232
315.6605878424
314.4646849254
313.1264974393
311.7883099532
310.4501224672
309.5079269650
308.6942551770
307.8805833890
306.7232019595
305.1462925852
303.5693832109
302.1230238254
301.4421621020
300.7613003785
300.0804386551
298.7109886440
297.2114117123
295.7118347807
294.6099532398
293.8517590737
293.0935649076
292.1947005121
290.8296147851
289.4645290581
288.0994433311
286.5925183701
285.0744488978
283.5563794255
282.4611111111
281.6222222222
280.7833333333
279.8226007571
278.6004119350
277.3782231129
276.1530060120
274.7021821421
273.2513582721
271.8005344021
270.4295257181
269.0913382320
267.7531507459
266.4930639056
265.3482075262
264.2033511467
263.0746938321
262.0929080383
261.1111222445
260.1293364507
258.8656535293
257.5291471833
256.1926408372
254.7992874638
253.3467824538
251.8942774438
250.4567356936
249.0849254064
247.7131151191
246.3413048319
245.2330661323
244.1604987753
243.0879314184
241.9863059452
240.8633043866
239.7403028279
238.5666332665
237.2570251614
235.9474170563
234.6378089512
233.2095413048
231.7772099755
230.3448786462
228.9748942329
227.6367067468
226.2985192607
224.9747606324
223.6769205077
222.3790803830
221.0864061456
219.8860721443
218.6857381430
217.4854041416
216.2926185705
215.1023714095
213.9121242485
212.6898018259
211.4272656424
210.1647294589
208.8851258072
207.4998663995
206.1146069918
204.7293475841
203.3651302605
202.0050879537
200.6450456468
199.2841126698
197.9223892229
196.5606657760
195.2027276776
193.8578156313
192.5129035849
191.1679915386
189.8911712314
188.6202293476
187.3492874638
186.1311511913
184.9459474505
183.7607437096
182.5362948118
181.2250055667
179.9137163215
178.6019706079
177.2217546204
175.8415386328
174.4613226453
173.1554553552
171.8811511913
170.6068470274
169.3358828769
168.0699844133
166.8040859497
165.5375640169
164.2649409931
162.9923179693
161.7196949454
160.5610109107
159.4329659319
158.3049209530
157.1728122912
156.0363616121
154.8999109330
153.7796927188
152.7340236028
151.6883544868
150.6426853707
149.6249387664
148.6112113115
147.5974838566
146.6076931641
145.6359942106
144.6642952572
143.7019483411
142.7655533289
141.8291583166
140.8927633044
139.9854264084
139.0792919172
138.1731574260
137.3353596081
136.5334558005
135.7315519929
134.9148964596
134.0709641505
133.2270318415
132.3861389446
131.6077710978
130.8294032509
130.0510354041
129.2813961256
128.5147962592
127.7481963928
127.0624248497
126.4807503897
125.8990759296
125.3614896460
125.1126809174
124.8638721888
124.6150634603
124.1839456691
123.7149075930
123.2458695168
122.6105989757
121.8238254286
121.0370518815
120.2715876197
119.5823201959
118.8930527722
118.2037853485
117.6420396348
117.0923068359
116.5425740370
116.1075595636
115.7461144511
115.3846693387
115.1148964596
115.0543754175
114.9938543754
114.9333333333
