85.1785714286
85.1785714286
85.1751359863
85.0019896937
84.8357142857
84.8357142857
84.9409247066
86.7084597767
88.4047094188
89.2740480962
90.3083595763
92.8406241054
95.2921557401
97.1462639565
98.9958631549
100.8175064415
102.6443028915
104.4984111079
106.3711995419
108.3299169768
110.0037789865
110.5268250787
111.2238620097
112.5441024907
114.0197967363
115.9929430289
117.9614371600
119.9165473805
121.8415974807
123.6884912683
125.5912109934
127.6256799313
129.6876324077
131.8086744918
133.8713140567
135.8192098483
137.8057543659
139.8618665903
141.9152590896
143.9641568852
146.0545662754
148.2080732894
150.3074720870
152.3311193816
154.4035785857
156.5390495276
158.7239049528
160.9675923275
163.1271113656
165.1940452333
167.3737045520
169.6678929287
171.8708989407
173.9883338105
176.1366876610
178.3118379616
180.5230604065
182.7631405668
184.9617091326
187.1296450043
189.3512596622
191.6093758946
193.9540223304
196.3528199256
197.6385342113
198.2842255940
199.5487260235
201.1395075866
203.1196392786
205.2875751503
207.5907815631
209.9535070140
212.1874033782
214.3697681076
216.5865588319
218.8158173490
221.0613942170
223.3122960206
225.5073718866
227.6861294017
229.9593615803
232.2571571715
234.4933295162
236.7153736044
238.8502433438
240.9676782136
243.1928285142
245.4365158889
247.8502576582
250.2887346121
252.5017606642
254.6877326081
256.9955196106
259.3149584884
261.4561122244
263.5843687375
265.8053821930
268.0310334956
270.3969653593
272.7669052390
274.9901231033
277.2125107358
279.4634125394
281.7097337532
283.8163469797
285.9438018895
288.4544231320
290.9488119095
293.2321786430
295.5109361580
297.7438018895
299.9947036931
302.3898940739
304.7737474950
307.0823647295
309.3822788434
311.6331806470
313.8803893501
316.1096478672
318.3602061265
320.7012882909
323.0317492127
325.3223303750
327.5996278271
329.8324935585
332.0797881477
334.3703693100
336.6804179788
339.0431434297
340.9565416547
341.7681649012
342.4815344976
342.9757228743
343.4877326081
344.0360292013
344.3764815345
344.3295877469
344.4530918981
344.8679215574
345.2953764672
345.7426710564
346.1619524764
346.5407099914
346.9070999141
347.2569997137
347.5648439737
347.8209561981
348.0821357000
348.3490695677
348.6072001145
348.8560979101
349.0536931005
349.2015888921
349.4161179502
349.6902662468
349.8952762668
350.0431720584
350.2340538219
350.4577011165
350.6156742056
350.7274978528
350.8677927283
351.0265101632
351.1807042657
351.3322072717
351.3530489551
351.3025479530
351.4300028629
351.6464357286
351.7960062983
351.9150443745
352.0315344976
352.1469653593
352.2754938448
352.4089607787
352.5020612654
352.5814199828
352.5972373318
352.5936301174
352.6722158603
352.7732178643
352.8567849986
352.9361437160
352.9767964500
353.0092613799
353.0996564558
353.2006584598
353.2174062411
353.2210134555
353.3108073289
353.4118093330
353.4638562840
353.5107500716
353.5309619238
353.5489979960
353.5397795591
353.5289579158
353.5598768967
353.5923418265
353.6993558546
353.8071285428
353.8035213284
353.8015459490
353.8664758088
353.9296736330
353.9549241340
353.9799456055
354.0015888921
354.0208273690
354.0136129402
354.0101202405
354.0389779559
354.0673919267
354.0926424277
354.1111938162
354.0895505296
354.0866876610
354.1804752362
354.2472659605
354.1931577441
354.1478099055
354.1369882622
354.1518179216
354.2564271400
354.3339679359
354.3267535070
354.3157600916
354.2941168050
354.2836530203
354.3016890925
354.3208130547
354.3424563413
354.3664185514
354.3952762668
354.4241339823
354.4529916977
354.4727311766
354.4763383911
354.4840681363
354.4984969940
354.4897938735
354.4465073003
354.4366017750
354.4726739193
354.4849126825
354.4668766104
354.4787288863
354.5256226739
354.5725164615
354.6194102491
354.6392499284
354.6320354996
354.6454480389
354.6779129688
354.6091468652
354.4540366447
354.4180074435
354.4757228743
354.5062696822
354.5170913255
354.4911680504
354.4406670484
354.4683223590
354.5440738620
354.5691239622
354.5655167478
354.6046807902
354.6660034354
354.6685800172
354.6433295162
354.6508302319
354.6724735185
354.6733896364
354.6661752076
354.6030489551
354.5200830232
354.5546807902
354.6268250787
354.6091898082
354.5659032350
354.5600200401
354.5636272545
354.6291583166
354.7085170341
354.7093472660
354.6949184082
354.6743057544
354.6526624678
354.6025479530
354.5484397366
354.5655024334
354.5907529344
354.5829373032
354.5721156599
354.6052104208
354.6412825651
354.6290581162
354.6146292585
354.6389350129
354.6641855139
354.6750644145
354.6851989694
354.6527340395
354.6222015459
354.6438448325
354.6660893215
354.6985542514
354.7234039508
354.6548668766
354.5973232179
354.6442170054
354.6840538219
354.6696249642
354.6581162325
354.6653306613
354.6703120527
354.6630976238
354.6634411681
354.6995133123
354.7376896650
354.7845834526
354.8206555969
354.8170483825
354.8125966218
354.8053821930
354.8000000000
354.8000000000
354.8039507587
354.8183796164
354.8200973375
354.7912396221
354.7816060693
354.8140709991
354.8381190953
354.8453335242
354.8474520470
354.8402376181
354.8222588033
354.7861866590
354.7812911537
354.8245777269
354.8455339250
354.8347122817
354.8254509018
354.8182364729
354.8142857143
354.8142857143
354.8176925279
354.8249069568
354.8214715145
354.8070426567
354.8073862010
354.8218150587
354.8266533066
354.8230460922
354.8134697967
354.7990409390
354.7701832236
354.7305038649
353.0933295162
350.3518465502
349.1578585743
348.9486401374
347.1394073862
344.3943172058
343.2666905239
343.0069710850
341.0683796164
338.3052533639
337.1934583453
336.8219152591
334.8976381334
332.3401231033
331.4919696536
331.2755367879
330.7290438019
330.0725307758
327.9025622674
325.2801173776
323.4068422559
321.7330947610
320.1119095334
318.5030918981
315.8980389350
313.0880188949
312.0179358717
311.2568136273
308.6273260807
305.7163040366
304.7034783853
303.9279272831
301.2150873175
298.3076724878
297.2994560550
296.4373318065
293.7688519897
291.0021185228
289.5451474377
288.1311193816
286.2074005153
284.2707557973
281.4859862582
278.7294732322
276.9619381620
275.2145004294
273.8690094475
272.4534354423
270.0690667048
267.6695820212
265.1120669911
262.5916547380
260.3804322932
258.2942599485
257.0678070427
255.7264242771
253.7172058403
251.6370455196
249.2021757801
246.7888348125
244.4693959347
242.1373031778
239.7565416547
237.4067849986
235.1630976238
233.0081591755
231.1251932436
229.2920984827
227.5967077011
225.8095906098
223.7931577441
221.7072860006
219.4635986258
217.2046521615
214.9140709991
212.6185084455
210.3134984254
208.0796020613
205.9693816204
203.8188949327
201.6040652734
199.3687947323
197.1034640710
194.7937160034
192.4237761237
190.2542370455
188.3351989694
186.3709418838
184.3545090180
182.2979101059
180.1985113083
177.8591468652
175.2835957630
173.0009161180
170.9844832522
168.9680503865
166.9516175208
164.7502147151
162.4055253364
160.1891926711
158.0645433725
156.0378041798
154.0754795305
152.1243916404
150.1801030633
148.3679931291
146.6293157744
144.9360578299
143.2659175494
141.5489979960
139.8103206413
138.2135270541
136.6768537074
135.2157314629
133.7836673347
132.3864013742
131.0012310335
129.4511594618
127.8495562554
126.5243057544
125.2762095620
124.1264242771
123.0009733753
122.0058975093
121.0391640424
120.1240194675
119.2186086459
118.5834383052
117.9918551388
117.9214285714
117.9214285714
116.7029201260
115.3502147151
114.1203836244
112.9011451474
111.6649441741
110.4276696250
109.5679788148
108.7238906384
108.3924706556
108.0714285714
