352.9000000000
352.9360721443
352.9721442886
353.0082164329
353.0094522378
353.0076486306
353.0058450234
353.0540080160
353.1117234469
353.1694388778
353.2257849031
353.2816967268
353.3376085504
353.3873970163
353.4342908038
353.4811845914
353.4794811846
353.4452126475
353.4109441104
353.3832219996
353.3615787130
353.3399354264
353.3617679804
353.4393230906
353.5168782008
353.5815185927
353.6230015587
353.6644845246
353.7114785126
353.7728011579
353.8341238032
353.8833333333
353.8833333333
353.8833333333
353.8807949232
353.8591516366
353.8375083500
353.8180694723
353.8559452238
353.8938209753
353.9316967268
353.9436873747
353.9545090180
353.9653306613
353.9887998219
354.0140503229
354.0393008239
354.0473168559
354.0509240704
354.0545312848
354.0607214429
354.0679358717
354.0751503006
354.0972723224
354.1279336451
354.1585949677
354.1812402583
354.1974727232
354.2137051882
354.2085059007
354.1796481853
354.1507904698
354.1418837675
354.1635270541
354.1851703407
354.2158984636
354.2663994656
354.3169004676
354.3551324872
354.3533288800
354.3515252728
354.3441549766
354.3062792251
354.2684034736
354.2342685371
354.2468937876
354.2595190381
354.2721442886
354.3116566466
354.3513360053
354.3910153641
354.4224560232
354.4531173458
354.4837786684
354.4994099310
354.5120351815
354.5246604320
354.5889000223
354.6700623469
354.7512246716
354.7268091739
354.6510576709
354.5753061679
354.5465820530
354.5501892674
354.5537964819
354.5453907816
354.5255511022
354.5057114228
354.4983411267
354.5073591628
354.5163771988
354.5260298375
354.5368514807
354.5476731240
354.5531062124
354.5440881764
354.5350701403
354.5291583166
354.5363727455
354.5435871743
354.5506012024
354.5560120240
354.5614228457
354.5666109998
354.5648073926
354.5630037853
354.5612001781
354.5782565130
354.5962925852
354.6143286573
354.6213760855
354.6267869071
354.6321977288
354.6233578268
354.6107325763
354.5981073258
354.5957247829
354.5975283901
354.5993319973
354.5954575818
354.5882431530
354.5810287241
354.5797595190
354.5833667335
354.5869739479
354.5914272990
354.5968381207
354.6022489423
354.6062569584
354.6080605656
354.6098641728
354.6144511245
354.6252727678
354.6360944110
354.6456802494
354.6510910710
354.6565018927
354.6517590737
354.5886328212
354.5255065687
354.4708305500
354.5321531953
354.5934758406
354.6547984859
354.6537742151
354.6519706079
354.6501670007
354.6369071476
354.6224782899
354.6080494322
354.6010799377
354.5956691160
354.5902582944
354.6037074148
354.6235470942
354.6433867735
354.6463927856
354.6409819639
354.6355711423
354.6280449788
354.6190269428
354.6100089067
354.6009908706
354.5919728346
354.5829547985
354.5900690269
354.6189267424
354.6477844578
354.6697840125
354.6788020485
354.6878200846
354.6934869739
354.6898797595
354.6862725451
354.6823313293
354.6769205077
354.6715096860
354.6670452015
354.6706524159
354.6742596304
354.6783121799
354.6999554665
354.7215987531
354.7432420396
354.7376308172
354.7304163883
354.7232019595
354.6271431752
354.5171231352
354.4071030951
354.4398908929
354.5120351815
354.5841794701
354.6080939657
354.6117011801
354.6153083946
354.6256624360
354.6400912937
354.6545201514
354.6669895346
354.6778111779
354.6886328212
354.7194945446
354.7736027611
354.8277109775
354.8341906034
354.7638499221
354.6935092407
354.6548096192
354.6890781563
354.7233466934
354.7467935872
354.7323647295
354.7179358717
354.7024827433
354.6808394567
354.6591961701
354.6401135605
354.6599532398
354.6797929192
354.6996325985
354.6716766867
354.6428189713
354.6139612558
354.6484969940
354.6899799599
354.7314629259
354.7329659319
354.7257515030
354.7185370741
354.7246826987
354.7355043420
354.7463259853
354.7452349143
354.7380204854
354.7308060566
354.6482409263
354.5111667780
354.3740926297
354.3677800045
354.4922289022
354.6166778000
354.7123580494
354.7682698731
354.8241816967
354.8188599421
354.6944110443
354.5699621465
354.4978846582
354.5754397684
354.6529948786
354.7186038744
354.7294255177
354.7402471610
354.6906813627
354.0900801603
353.4894789579
352.9093186373
353.4125250501
353.9157314629
354.4189378758
353.7443219773
352.9922177689
352.2401135605
351.5251503006
350.8163326653
350.1075150301
349.1980961924
348.2313627255
347.2646292585
346.4677354709
345.7444889780
345.0212424850
343.8960810510
342.5217323536
341.1473836562
340.3028612781
339.9150857270
339.5273101759
339.2878312180
339.2247049655
339.1615787130
338.5218659541
336.9274771766
335.3330883990
334.1042306836
333.7435092407
333.3827877978
332.7613783122
331.1940436428
329.6267089735
328.1735136941
327.4466599866
326.7198062792
325.9638944556
324.7139946560
323.4640948564
322.2141950568
320.7936651080
319.3688154086
317.9439657092
317.0792919172
316.2802939212
315.4812959252
314.1488309953
312.6951235805
311.2414161657
310.1758962369
309.2506457359
308.3253952349
307.1511356045
305.8453239813
304.5395123580
303.0514696059
301.4282231129
299.8049766199
298.6154865286
297.8705967491
297.1257069695
296.1040748163
294.6900467602
293.2760187041
291.7994655979
290.1978623914
288.5962591850
287.1909374304
286.3648853262
285.5388332220
284.6205076820
283.2605878424
281.9006680027
280.5337341349
279.0980627923
277.6623914496
276.2269427744
274.8093075039
273.3916722334
271.9740369628
270.5715319528
269.1701291472
267.7687263416
266.2997216656
264.8189601425
263.3381986195
262.3459140503
261.4982186595
260.6505232688
259.4674014696
258.1345357381
256.8016700067
255.3960587842
253.9441549766
252.4922511690
251.0547094188
249.6298597194
248.2050100200
246.7639055890
245.3029837453
243.8420619016
242.4198842129
241.0635715876
239.7072589624
238.3237363616
236.8736361612
235.4235359608
234.0037185482
232.6979069250
231.3920953017
230.0932977065
228.8415942997
227.5898908929
226.3305277221
224.9237140949
223.5169004676
222.1100868403
220.7190046760
219.3284235137
217.9378423514
216.4895457582
215.0340347361
213.5785237141
212.1667668671
210.7653640615
209.3639612558
208.0151079938
206.6858494767
205.3565909597
204.0588955689
202.7783344467
201.4977733244
200.1690714763
198.8037408150
197.4384101536
196.0528501447
194.6460365175
193.2392228902
191.8419617012
190.4585949677
189.0752282342
187.6776998441
186.2510465375
184.8243932309
183.3892785571
181.9283567134
180.4674348697
179.0260521042
177.6823647295
176.3386773547
174.9857938098
173.5356936094
172.0855934090
170.6361834781
169.2979069250
167.9596303719
166.6213538187
165.3448675128
164.0733244266
162.8017813405
161.6293809842
160.4750723670
159.3207637497
158.2147739924
157.1235916277
156.0324092630
154.8683144066
153.6707192162
152.4731240258
151.4042752171
150.4195056780
149.4347361389
148.4433422400
147.4459474505
146.4485526609
145.4495546649
144.4485526609
143.4475506569
142.4701959475
141.5341238032
140.5980516589
139.7085838343
138.9366399466
138.1646960588
137.3696058784
136.4840347361
135.5984635939
134.7206858161
133.8982409263
133.0757960365
132.2545201514
131.4591293699
130.6637385883
129.8683478067
129.1597973725
128.4545869517
127.7493765308
127.2320307281
126.7396459586
126.2472611890
125.7230349588
125.1909708306
124.6589067023
124.1007904698
123.5326541973
122.9645179247
122.4589067023
121.9881652193
121.5174237364
121.1763638388
120.9364840793
120.6966043198
120.3655421955
119.9362836785
119.5070251614
118.9540191494
118.2163437987
117.4786684480
116.7826764640
116.1748608328
115.5670452015
114.9696504119
114.4051213538
113.8405922957
113.3177466043
113.0129369851
112.7081273658
112.4260409708
112.4043976843
112.3827543977
112.3611111111
