350.8466666667
350.8807080828
350.9147494990
350.9797060788
351.0818303273
351.1839545758
351.2432732131
351.2982631931
351.3570474282
351.4225116900
351.4879759519
351.5406145625
351.5903674015
351.6464929860
351.7198129593
351.7931329325
351.8379959920
351.8720374081
351.9102872411
351.9678957916
352.0255043420
352.0764863059
352.1236205745
352.1696192385
352.2036606546
352.2377020708
352.2774081496
352.3219238477
352.3664395458
352.4161656647
352.4659185037
352.5109686039
352.5502471610
352.5895257181
352.6288042752
352.6680828323
352.7045557782
352.7359786239
352.7674014696
352.8009485638
352.8349899800
352.8752839011
352.9328924516
352.9905010020
353.0085504342
353.0111690047
353.0187842351
353.0502070808
353.0816299265
353.1114094856
353.1402137609
353.1700868403
353.2119839679
353.2538810955
353.2845557782
353.3055043420
353.3264529058
353.3474014696
353.3683500334
353.3962725451
353.4329325317
353.4695925184
353.4827388110
353.4932130929
353.5101402806
353.5389445558
353.5677488310
353.5817768871
353.5922511690
353.6054509018
353.6263994656
353.6473480294
353.6720374081
353.6982231129
353.7239679359
353.7475350701
353.7711022044
353.7783700735
353.7757515030
353.7753373413
353.8015230461
353.8277087508
353.8552839011
353.8840881764
353.9128924516
353.9184903140
353.9237274549
353.9404542418
353.9718770875
354.0032999332
354.0206947228
354.0364061456
354.0475751503
354.0501937208
354.0528122912
354.0638209753
354.0769138277
354.0926786907
354.1162458250
354.1398129593
354.1559519038
354.1690447562
354.1817100868
354.1921843687
354.2026586506
354.2131329325
354.2236072144
354.2346426186
354.2529726119
354.2713026052
354.2717434870
354.2560320641
354.2403206413
354.2502605210
354.2607348029
354.2746158985
354.2929458918
354.3112758851
354.3249565798
354.3380494322
354.3457715431
354.3431529726
354.3405344021
354.3483366733
354.3588109552
354.3732130929
354.3993987976
354.4255845023
354.4370207081
354.4422578490
354.4458383434
354.4406012024
354.4353640615
354.4333333333
354.4333333333
354.4336806947
354.4389178357
354.4441549766
354.4493921176
354.4546292585
354.4598663995
354.4804141617
354.5013627255
354.5077221109
354.4946292585
354.4815364061
354.4684435538
354.4553507014
354.4546025384
354.4781696727
354.5017368069
354.5128790915
354.5207348029
354.5298730795
354.5429659319
354.5560587842
354.5636606546
354.5688977956
354.5753373413
354.5884301937
354.6015230461
354.5907682031
354.5645824983
354.5406412826
354.5511155645
354.5615898464
354.5707147629
354.5785704743
354.5864261857
354.5739746159
354.5608817635
354.5599866399
354.5756980628
354.5914094856
354.5956312625
354.5982498330
354.6000000000
354.6000000000
354.6000000000
354.6020574482
354.6046760187
354.6085504342
354.6164061456
354.6242618570
354.6230327321
354.6177955912
354.6125584502
354.6073213093
354.6020841683
354.6063059452
354.6167802271
354.6265197061
354.6239011356
354.6212825651
354.6293520374
354.6476820307
354.6660120240
354.6616165665
354.6563794255
354.6588109552
354.6719038076
354.6849966600
354.6706746827
354.6523446894
354.6451302605
354.6608416834
354.6765531062
354.6902204409
354.7033132933
354.7133333333
354.7133333333
354.7133333333
354.7079225117
354.7000668003
354.6955778223
354.7112892452
354.7270006680
354.7302070808
354.7249699399
354.7198663995
354.7172478290
354.7146292585
354.7173012692
354.7251569806
354.7330126921
354.7207748831
354.7076820307
354.7021643287
354.7074014696
354.7126386106
354.7269605878
354.7426720107
354.7491249165
354.7360320641
354.7229392118
354.7098463594
354.6967535070
354.6860654643
354.6834468938
354.6808283233
354.6943219773
354.7152705411
354.7358583834
354.7541883768
354.7725183701
354.7722511690
354.7591583166
354.7467869071
354.7494054776
354.7520240481
354.7585704743
354.7690447562
354.7795190381
354.7824983300
354.7851169005
354.7770474282
354.7534802939
354.7299131597
354.7447294589
354.7656780227
354.7766867067
354.7662124248
354.7557381430
354.7573680695
354.7626052104
354.7649031396
354.7570474282
354.7491917168
354.7573279893
354.7730394122
354.7842351369
354.7659051436
354.7475751503
354.7461456246
354.7566199065
354.7636740147
354.6903540414
354.6170340681
353.6611890448
351.8046225785
349.9480561122
349.6619906480
349.4603607214
348.5568603874
346.6138810955
344.6709018036
344.1643954576
343.8973012692
343.0882565130
341.0798129593
339.0713694055
338.3194388778
337.9528390114
337.2513159653
335.3580895124
333.4648630595
332.8078690715
332.7502605210
332.6101536406
331.9057581830
331.2013627255
329.9791315965
328.3844221777
326.7917702071
325.2546693387
323.7175684703
322.4510888444
321.4665063460
320.4819238477
318.5927321309
316.6497528390
315.2496993988
314.6709953240
314.0922912492
312.3980227121
310.5100334001
308.9563126253
308.1602672011
307.3642217769
305.8395991984
304.0851569806
302.3677488310
300.7861322645
299.2045156981
297.8941750167
296.7184368737
295.4388109552
293.4146559786
291.3905010020
290.0774081496
289.2865998664
288.4695791583
286.8224983300
285.1754175017
283.4877221109
281.7568470274
280.0259719439
278.3000133601
276.5743754175
275.0411088844
273.8051436206
272.5691783567
271.3509552438
270.1359385438
268.8034736139
267.1982899132
265.5931062124
263.9582631931
262.3138009352
260.6644088176
258.9963794255
257.3283500334
255.6377421510
253.9356713427
252.2354442218
250.5490848363
248.8627254509
247.3619104876
246.0002538410
244.6370607882
243.2151770207
241.7932932532
240.3425250501
238.8604141617
237.3783032732
235.7886172345
234.1912892452
232.6173146293
231.0802137609
229.5431128925
227.9024048096
226.2422311289
224.5905811623
222.9592117568
221.3278423514
219.6395190381
217.9322110888
216.2649832999
214.7540681363
213.2431529726
211.6529592518
210.0215898464
208.3913961256
206.7705010020
205.1496058784
203.5049832999
201.8421910488
200.1792384770
198.5085905144
196.8379425518
195.1250501002
193.3653707415
191.6056913828
189.9457047428
188.2933867735
186.7392651971
185.3435671343
183.9478690715
182.3264929860
180.6610821643
179.0223246493
177.4485637943
175.8748029392
174.3771142285
172.9054776219
171.4546826987
170.0877889112
168.7208951236
167.3403206413
165.9524782899
164.5820307281
163.3565397462
162.1310487642
160.9481763527
159.7986239145
158.6483500334
157.4516633267
156.2549766199
155.0865597862
153.9501002004
152.8136406146
151.7158717435
150.6213092852
149.5801336005
148.6269739479
147.6738142953
146.6139478958
145.5324782899
144.4891649967
143.5412424850
142.5933199733
141.6376486306
140.6792518370
139.7310086840
138.8249832999
137.9189579158
137.2250233801
136.6463193053
136.0595991984
135.4023380094
134.7450768203
134.1285905144
133.5446492986
132.9608951236
132.3952839011
131.8296726787
131.2555511022
130.6716098864
130.0876686707
129.5686573146
129.0554175017
128.5470541082
128.0469071476
127.5467601870
127.0617635271
126.5799465598
126.1010688043
125.6297261189
125.1583834335
124.7351369405
124.3292585170
123.9218971276
123.5081629927
123.0944288577
122.6823780895
122.2712625251
121.8616700067
121.4662658651
121.0708617234
120.6841148965
120.3044221777
119.9247828991
119.5555644623
119.1863460254
118.8351636607
118.5052237809
118.1752839011
117.8405611222
117.5053841015
117.1817501670
116.8779959920
116.5742418170
116.4533199733
116.3721442886
116.1401870407
115.5117301269
114.8832732131
114.1592919172
113.3999064796
112.6703406814
112.0733066132
111.4762725451
110.8792384770
110.2822044088
109.7301402806
109.6227788911
109.5154175017
109.4652371409
109.4626185705
109.4600000000
