70.3785714286
70.3785714286
70.3784998569
70.3748926424
70.3714285714
70.3714285714
70.3963355282
70.8147724019
71.2732894360
72.1967363298
73.2268250787
75.2252218723
77.2111651875
79.1049527627
81.0057543659
82.9500429430
84.8886057830
86.7968222159
88.6721872316
90.3964357286
91.8186515889
92.0206555969
92.6115803035
94.5955482393
96.5631978242
98.4786286859
100.4526767821
102.5953621529
104.6779272831
106.6041797881
108.5765960492
110.6579587747
112.7690953335
114.9442456341
117.0719438878
119.1064128257
121.1460349270
123.1949327226
125.2723876324
127.3970369310
129.5445891784
131.7269539078
133.9018036072
136.0661322645
138.2052676782
140.3118809047
142.4612940166
144.6616948182
146.8517892929
149.0305468079
151.1914113942
153.3340967650
155.4879473232
157.6522759805
159.8339965646
162.0307901517
164.3017320355
166.6319925565
168.9601774979
171.2868308045
173.4782135700
175.5776123676
177.7835098769
180.0560549671
181.4880618380
182.4367592328
183.5838534211
184.8355568279
186.7953907816
189.0967935872
191.3355711423
193.5467935872
195.9048811910
198.3217148583
200.5849556255
202.7925708560
205.0926567421
207.4229172631
209.6303607214
211.8019038076
214.1080017177
216.4490838820
218.7138705983
220.9611651875
223.1994417406
225.4359146865
227.7524048096
230.0826653307
232.3216003435
234.5472516461
236.7890065846
239.0326939593
241.2467506441
243.4579730890
245.7465645577
248.0407529344
250.2696679072
252.4953192098
254.7876037790
257.0817921557
259.2543086172
261.4272258803
263.7141998282
266.0036931005
268.3700257658
270.7309619238
272.9926853707
275.2531205268
277.4968079015
279.7447752648
282.0353564271
284.3295448039
286.6525908961
288.9614657887
291.1762954480
293.4009161180
295.6806756370
297.9548955053
300.2021900945
302.4728456914
304.8427855711
307.1808617234
309.3992985972
311.6534354423
314.0269825365
316.3680647008
318.6117520756
320.8544660750
323.0945462353
325.3377612368
327.5886630404
329.8395648440
332.0904666476
334.3496850845
336.6258373891
338.9196249642
341.2462782708
342.4906384197
341.8846263956
342.1118809047
343.6485542514
344.7075293444
345.0754652161
345.4372172917
345.7907243058
346.1409962783
346.4872888634
346.8166905239
347.1269109648
347.4195247638
347.6936730604
347.9751503006
348.2637274549
348.5028056112
348.6975951904
348.9062124248
349.1262525050
349.3544803894
349.5889493272
349.8234182651
350.0578872030
350.2332235900
350.3702977383
350.5412968795
350.7324792442
350.8909962783
351.0316776410
351.1795734326
351.3310764386
351.4380045806
351.5245777269
351.6646578872
351.8269825365
351.9500143143
352.0582307472
352.1960492413
352.3439450329
352.4310621242
352.4995991984
352.5511308331
352.5980246207
352.6536358431
352.7113512740
352.7928857715
352.8794589178
352.9690810192
353.0592613799
353.1556827942
353.2530775837
353.3121671915
353.3662754080
353.4497566562
353.5363298025
353.5828800458
353.6261666190
353.6898940739
353.7548239336
353.7919267106
353.8279988549
353.9031205268
353.9786573146
354.0003006012
354.0223733181
354.0620526768
354.1033066132
354.1790581162
354.2532064128
354.3037074148
354.3527054108
354.3851703407
354.4176352705
354.4501002004
354.4874463212
354.5595906098
354.6229745205
354.6337961638
354.6375751503
354.6051102204
354.5858144861
354.6254938448
354.6688233610
354.7265387919
354.7690237618
354.7582021185
354.7604780991
354.8037646722
354.8357142857
354.8357142857
354.8448611509
354.8773260807
354.8967363298
354.8859146865
354.8890065846
354.9214715145
354.9330088749
354.9041511595
354.8870168909
354.8906241054
354.8983538506
354.9127827083
354.9286573146
354.9466933868
354.9632121386
354.9776409963
354.9841253936
354.9805181792
354.9818923561
354.9891067850
354.9997852849
355.0142141426
355.0106069281
354.9889636416
354.9748210707
354.9676066419
354.9740194675
354.9920555397
355.0060549671
355.0168766104
355.0047094188
354.9758517034
354.9750930432
354.9931291154
355.0133982250
355.0350415116
355.0267248783
355.0014743773
355.0071142285
355.0287575150
355.0136845119
354.9812195820
354.9789865445
354.9898081878
354.9799026625
354.9618665903
354.9704551961
354.9884912683
354.9709848268
354.9421271114
354.9609647867
354.9934297166
355.0057543659
355.0129687947
354.9965931864
354.9749498998
354.9804895505
354.9913111938
355.0206842256
355.0531491555
355.0413255082
355.0232894360
355.0181935299
355.0145863155
355.0341253936
355.0557686802
355.0368737475
355.0152304609
355.0004866877
354.9860578299
354.9751503006
354.9643286573
354.9894360149
355.0144002290
355.0216146579
355.0276696250
355.0024191240
354.9777698254
354.9633409676
354.9510878901
354.9655167478
354.9802891497
354.9983252219
355.0117950186
354.9901517320
354.9724019468
354.9796163756
354.9896221013
355.0148726023
355.0294159748
354.9933438305
354.9614801031
354.9470512453
354.9388061838
354.9532350415
354.9685084455
354.9865445176
354.9990838820
354.9954766676
354.9898940739
354.9790724306
354.9820211852
355.0180933295
355.0405954767
355.0333810478
355.0213569997
354.9997137131
354.9780704266
354.9564271400
354.9549670770
354.9874320069
355.0099770971
355.0171915259
355.0184511881
355.0112367592
355.0196249642
355.0484826796
355.0642857143
355.0642857143
355.0472516461
355.0111795019
354.9538076152
354.8744488978
354.8597194389
354.9066132265
354.9304895505
354.9340967650
354.9774978528
355.0532493559
355.0630403664
355.0233610077
355.0178070427
355.0358431148
354.0795304896
352.5031777841
351.3660893215
350.4859290009
348.7864729459
346.6473947896
345.4880618380
344.8099055253
342.8042084168
340.2034068136
339.0835957630
338.5677640996
336.4742628113
333.7977097051
333.1015173204
333.0654451761
332.5795018609
331.9590609791
329.9798597194
327.6387775551
325.5459060979
323.5114371600
321.9137560836
320.4059404523
317.9577011165
315.3424706556
314.1818064701
313.2403235042
311.0387202977
308.6796020613
306.6908960779
304.7393930719
302.9620669911
301.1981391354
298.4797165760
295.7093758946
294.4339106785
293.2074577727
290.5695533925
287.9191955339
285.8378328085
283.7744059548
282.3387346121
280.8716289722
278.7758373891
276.6678786144
274.3917263098
272.1051817922
269.7099914114
267.3314199828
265.0913398225
262.8485113083
260.5867878614
258.3446607501
256.2164042370
254.0875465216
251.9556827942
249.8554394503
247.8931148010
245.9315344976
243.9728170627
241.9847265960
239.8961494417
237.8049098196
235.7055110220
233.5437732608
231.2099055253
228.9141711995
226.7137703979
224.5354136845
222.4071571715
220.2272545090
217.9402805611
215.6620240481
213.4003006012
211.1491125107
208.9162467793
206.7208703121
204.5853993702
202.4032064128
200.1523046092
197.9105926138
195.6813340968
193.4873461208
191.3374463212
189.1423275122
186.8950329230
184.7210850272
182.6252934440
180.5222301746
178.4120097338
176.2639994274
174.0816346980
171.8522044088
169.5832665331
167.2167620956
164.7746779273
162.6398081878
160.7243773261
158.5587317492
156.2284712282
154.0375465216
151.9309332952
149.9286716290
147.9843830518
146.0807328944
144.1977669625
142.3517320355
140.5228743201
138.7826939593
137.0800887489
135.4712711137
133.8985256227
132.3257801317
130.7530346407
129.3232035500
127.9380332093
126.5331233896
125.1227025480
123.8279415975
122.5618093330
121.2749355855
119.9835528199
118.9076295448
117.8723590037
117.3309762382
116.8692527913
116.2295734326
115.5658459777
114.2424992843
112.8465073003
111.6630546808
110.4979244203
109.4786716290
108.4686515889
107.7253650157
106.9931004867
106.8795734326
106.7785714286
