75.8538461538
75.8538461538
75.8538461538
75.8601973177
75.8674425775
75.8692307692
75.8692307692
76.4806690304
77.4515338369
78.7581008170
80.3919068907
81.9938029906
83.5442885772
85.1211037460
86.7730229690
88.4308617234
90.1262525050
91.8230769231
93.6307692308
95.4384615385
96.7661014336
98.0340218899
98.6470941884
99.0600739941
100.4064744874
102.2721288731
104.2581470634
106.3556497611
108.4187451827
110.4293047634
112.3865885617
114.2015261292
116.0245568059
117.8938338215
119.7685679050
121.8515800832
123.9345922614
125.8868814552
127.8249884384
129.7828426083
131.7463080006
133.7192693078
135.6972252197
137.7676738092
139.9195159550
142.0121627871
144.0190997379
146.0353322029
148.0748728226
150.1407738554
152.3433328195
154.5432557423
156.6769847387
158.8107137352
160.9875289040
163.1683520888
165.3061661785
167.4326499152
169.6220595036
171.8427316171
174.0910282103
176.3624171420
178.6399105904
180.9257900416
183.1782179744
185.3517958995
187.5588715893
189.9244488978
192.1951287190
192.7022969015
193.2094650840
194.8760289810
196.6330044705
198.8386619393
201.1535224295
203.4165870202
205.6553722830
207.9022352397
210.1555110220
212.4260829351
214.7192076461
217.0134576846
219.3102050254
221.5696469863
223.6671496840
225.7736704178
228.0124556806
230.2512409434
232.5615692924
234.8764297826
237.0581008170
239.2099429628
241.4045013103
243.6179281640
245.8458147063
248.0845999692
250.2732079544
252.3996916911
253.3651456760
251.9016032064
251.5458609527
255.6213195622
259.5330661323
261.4711731155
263.4092800987
265.5442114999
267.6888083860
269.7191768152
271.7261137660
273.9019423462
276.1479728688
278.3074148297
280.4049175274
282.5223986434
284.6633728996
286.7787729305
288.8436719593
290.9147371666
293.0086172345
295.1099429628
297.2871435178
299.4643440728
301.6450439340
303.8258671189
305.9303838446
308.0206412826
310.2020810852
312.4191305688
314.5671188531
316.6682441807
318.8189918298
321.0251734238
323.1744720210
325.2176352705
327.2910282103
329.4682287652
331.6376599353
333.7387852628
335.8399105904
338.0544936026
340.2715430862
342.4018344381
344.5174502852
345.9330815477
347.0923231078
347.6718051488
347.8782950516
348.1462925852
348.4795745337
348.8233389857
349.1856019732
349.5021119161
349.6723755203
349.8505472483
350.0896408201
350.3287343919
350.5319099738
350.7347772468
350.9470787729
351.1608139356
351.3772468013
351.5946045938
351.7399414213
351.8413750578
351.9806844458
352.1581933097
352.3112841067
352.4235856328
352.5322491136
352.6300601202
352.7176969323
352.7358100817
352.7544627717
352.8993679667
353.0442731617
353.1476953908
353.2455063974
353.3405734546
353.4347618314
353.5358409126
353.6408971790
353.7441035918
353.8455372283
353.9329428087
353.9981501464
354.0710035456
354.1651919223
354.2492061045
354.2709418838
354.2931709573
354.3438877756
354.3946045938
354.4453214121
354.4960382303
354.5690766148
354.6487744720
354.6745799291
354.6709572992
354.7014644674
354.7630491753
354.8043471559
354.8152150455
354.8320949591
354.8646986280
354.8923076923
354.8923076923
354.8937104979
354.9408046863
354.9878988747
354.9857407122
354.9784954524
355.0024510560
355.0350547248
355.0581008170
355.0762139664
355.1759056575
355.3461692616
355.3938184060
355.2670263604
355.1769230769
355.1769230769
355.1739170649
355.1558039155
355.1406197009
355.1913365192
355.2420533374
355.2195159550
355.1905349160
355.1702019423
355.1520887930
355.1656389702
355.1946200092
355.1957607523
355.1740249730
355.1815785417
355.2286727301
355.2648219516
355.2756898412
355.2781408972
355.2419145984
355.2080931093
355.2153383690
355.2225836288
355.2332048713
355.2440727609
355.2402959766
355.2330507168
355.2406967782
355.2551872977
355.2452597503
355.2162787113
355.2063511639
355.2208416834
355.2330507168
355.2402959766
355.2433790658
355.2288885463
355.2168644982
355.2386002775
355.2603360567
355.2649606906
355.2685833205
355.2870818560
355.3088176353
355.2926314167
355.2600277478
355.2419916757
355.2347464159
355.2307692308
355.2307692308
355.2295822414
355.2259596115
355.2267766302
355.2448897796
355.2591953137
355.2302142747
355.2012332357
355.1895945738
355.1787266841
355.2010944967
355.2300755357
355.2564821952
355.2818406043
355.2731617080
355.2405580392
355.2314783413
355.2495914907
355.2578387544
355.2469708648
355.2392477262
355.2428703561
355.2417450285
355.1946508401
355.1475566518
355.2586249422
355.3745490982
355.3340218899
355.2651919223
355.2540157238
355.2648836134
355.2322799445
355.1706952366
355.1798982581
355.2668413751
355.3051641745
355.2544473563
355.2295359951
355.2911207029
355.3403730538
355.2860336057
355.2316941575
355.2699398798
355.3097888084
355.2780175736
355.2345460151
355.1830738400
355.1287343919
355.1365500231
355.1836442115
355.2201017419
355.2454601511
355.2509326345
355.2219515955
355.1929705565
355.1639895175
355.1470941884
355.2195467859
355.2919993834
355.2562355480
355.2200092493
355.2090642824
355.2018190227
355.2135655927
355.2316787421
355.2475258209
355.2620163404
355.2674117466
355.2637891167
355.2491906891
355.2165870202
355.2098813011
355.2787112687
355.3379836596
355.3343610298
355.3301834438
355.2613534762
355.1925235086
355.2359179898
355.2938800678
355.2387081856
355.1481424387
355.1570063203
355.2222136581
355.2706335748
355.3032372437
355.3259133652
355.3331586249
355.3306921535
355.3017111145
355.2800678280
355.3018036072
355.3230769231
355.3230769231
355.3230769231
353.8236010483
352.1535686758
351.4037767843
350.9219670109
349.1004932943
346.5610297518
345.1550948050
344.7638507785
343.4602435641
340.8121011253
338.7906890704
338.3740866348
338.0065361492
337.9014798828
337.7236627100
335.4812548173
333.2388469246
332.2533220287
331.3911361184
329.4937259134
327.3165253584
324.9180823185
322.4075998150
320.8094342531
319.9870972715
318.6239247726
316.5046862957
314.5960536458
313.1940958841
311.6817635271
309.6313550177
307.5600894096
305.0640974256
302.5681054417
301.2395714506
300.0078772930
297.6922922769
295.1057345460
293.4015569601
292.1191459843
290.3277169724
288.1251580083
285.9350547248
283.7614767998
281.8365191922
280.4744103592
278.9817172807
276.9059503623
274.8116232465
272.4243101588
270.0369970711
267.8022969015
265.5780021582
263.4950362263
261.4446277170
259.5640357638
257.7599660860
256.1014644674
254.5546015107
252.8281794358
250.8755819331
248.8802065670
246.7935717589
244.7303375983
242.7632495761
240.7901341144
238.7397256051
236.6893170957
234.5667180515
232.4402343148
230.3257129644
228.2137197472
226.1729458918
224.1623863111
222.1161862186
220.0440419300
218.0164328657
216.0420995838
214.0280869431
211.9342068753
209.8403268075
207.7464467396
205.6448589487
203.4604131340
201.2759673193
199.1507476491
197.0278865423
194.9445043934
192.8687374749
190.6583012178
188.3941575459
186.2242947433
184.1195467859
182.0775396948
180.1068290427
178.1236318791
176.1166949283
174.1097579775
172.1028210267
170.1019115153
168.1565592724
166.2112070294
163.8916602436
161.5623092339
159.4487744720
157.3730075536
155.4896716510
153.6783567134
151.6678433791
149.5268691229
147.4433790658
145.4219515955
143.5041159242
141.7724988438
140.0171419763
138.1840912594
136.3746878372
134.7553722830
133.1360567288
131.6240326807
130.1133960228
128.7122861107
127.3284414984
126.9531370433
126.9314012641
125.6489902883
123.5840912594
121.6854940651
119.9574996146
118.2979034993
116.7546631725
115.2659626946
113.9437027902
112.7260521042
112.2514875906
111.7769230769
