81.8388888889
81.8388888889
81.8388888889
81.8388888889
81.8374192830
81.8314963260
82.2752727678
83.4776330439
84.3978289913
85.0315853930
86.2403250946
87.8010242708
89.4873747495
91.2168782008
93.0081050991
94.8086840347
96.6151413939
98.4171565353
100.1851592073
101.5634045870
101.7114785126
102.4794366511
104.3273992429
106.2375974171
108.2129035849
110.2662435983
112.3688933422
114.4584502338
116.5433311067
118.5389779559
120.5202070808
122.6881206858
124.8462925852
126.9015586729
129.0092852371
131.2896236918
133.5191939434
135.6573814295
137.8240703629
140.0214874193
142.1812625251
144.3164885326
146.4949120463
148.6893676241
151.0101870407
153.3527165442
155.6228790915
157.8958806502
160.2087953685
162.5023380094
164.7293698508
166.9998886662
169.3513026052
171.7588287686
174.2287018481
176.6029837453
178.9129369851
181.1844132710
183.4410598976
185.8254620352
188.2331440659
189.7704854153
191.2251725674
192.1432309063
193.3822199955
195.7721331552
198.1863616121
200.6473502561
203.1041972835
205.5563014919
207.9839345357
210.3945780450
212.7459919840
215.0737140949
217.5752282342
220.1102538410
222.6082275662
225.0929748386
227.4532732131
229.8198062792
232.2097194389
234.6244043643
237.0883544868
239.5224226230
241.9212202182
244.3528056112
246.8078712982
249.2503785348
251.6876753507
254.0117902472
256.3128590514
258.7298708528
261.1362280116
263.3543754175
265.6188154086
268.0649966600
270.5102093075
272.9534290804
275.3645847250
277.7367290136
280.1071698953
282.4763527054
284.8869516811
287.3153640615
289.7754731686
292.2423847695
294.6139055890
296.9813961256
299.3653863282
301.7482186595
304.1262859051
306.5015141394
308.8706969495
311.2267423736
313.5663103986
315.9882542864
318.4729347584
320.8551881541
323.1917947005
325.6081273658
328.0424627032
330.5491649967
333.0485749276
335.3733355600
337.2794811846
337.3772099755
337.6301825874
338.2254397684
339.1190269428
340.3983856602
341.2978623914
341.8990425295
342.4232242262
342.9118681808
343.3430639056
343.7606323759
344.1754397684
344.5875417502
344.9577265642
345.3241705633
345.6736250278
346.0113560454
346.3223112892
346.6294589178
346.9315297261
347.2188710755
347.4942885772
347.7496659987
347.9954687152
348.2412714318
348.4870741483
348.7465709196
349.0035626809
349.1901358272
349.3736361612
349.5424404364
349.7094856379
349.8723669561
350.0414829659
350.2191716767
350.3823313293
350.5333667335
350.6962925852
350.8650968604
351.0080605656
351.1442885772
351.2669338677
351.3890892897
351.5282787798
351.6562012915
351.7272767758
351.8060676909
351.9037964819
351.9868292140
352.0490202627
352.1430527722
352.2644733912
352.3369071476
352.3842908038
352.4619238477
352.5478067246
352.6202182142
352.6893898909
352.7041972835
352.7246158985
352.7749610332
352.8353262080
352.9212090848
352.9806390559
353.0013694055
353.0330883990
353.0745490982
353.1237586284
353.1770652416
353.2188488087
353.2573480294
353.3011912714
353.3463148519
353.4173903362
353.4862391450
353.5425072367
353.5947116455
353.6361723447
353.6611111111
353.6611111111
353.7400356268
353.8910710310
353.8869962147
353.7981518593
353.7823424627
353.7882654197
353.7040970831
353.6137274549
353.7529169450
353.8768759742
353.9094522378
353.9443999109
353.9858606101
354.0296370519
354.0770207081
354.1000000000
354.1000000000
354.1302827878
354.1776664440
354.1979291917
354.2097751058
354.1769539078
354.1387886885
354.1299042530
354.1290358495
354.1793809842
354.2166666667
354.2166666667
354.1746492986
354.0650745936
354.0772433756
354.2075484302
354.2761300379
354.3087063015
354.3189044756
354.3218659541
354.3665107994
354.4166778000
354.4196392786
354.4222222222
354.4222222222
354.4237140949
354.4296370519
354.3197728791
354.0177020708
353.9910487642
354.2398129593
354.3592073035
354.4006680027
354.4266199065
354.4473502561
354.4835782676
354.5220774883
354.5487753284
354.5626029837
354.4826430639
354.4395902917
354.5106657760
354.5642841238
354.5879759519
354.5897906925
354.5690603429
354.3310509909
353.9579046983
354.1374638165
354.5106101091
354.5227009575
354.4782787798
354.5129147183
354.5487864618
354.5872856825
354.6138610554
354.6020151414
354.6062012915
354.6387775551
354.5923625028
354.4620574482
354.4724337564
354.5731240258
354.1831663327
353.6145624582
354.0435537742
354.6388109552
354.6383767535
354.6346359385
354.6997884658
354.7432086395
354.7135938544
354.6944444444
354.6944444444
354.6986862614
354.7075706969
354.4118459141
353.9143175239
354.0871966155
354.5136495213
354.7111333779
354.8680917390
354.7338120686
354.6087397016
354.6413159653
354.6679804053
354.6739033623
354.6624137163
354.6179915386
354.6111445112
354.6466822534
354.6769427744
354.7035960811
354.5899020263
354.4210977511
354.5141505233
354.6563014919
354.6925851703
354.6840124694
354.2605210421
354.0191605433
354.4456134491
354.6396014251
354.3789913160
353.9882876865
353.4463371187
353.6824760632
354.4672678691
354.4230015587
354.0409708306
353.5328879982
352.9998218660
353.8294811846
354.5810064574
353.8139835226
353.3647628591
354.1347472723
354.6313849922
354.5751169005
354.5767757738
354.6478512581
354.4806056558
354.1400356268
354.1721331552
354.3616677800
354.5634491205
354.7677911378
354.6622912492
354.5435426408
354.4576597640
354.3829881986
354.3533734135
354.3812068582
354.5292807838
353.4200512135
350.7576820307
349.6826653307
349.7981629927
347.9260743710
345.1837452683
344.6257849031
344.5487864618
342.0405922957
339.4540414162
337.7896904921
336.2786461813
335.4138944556
334.7287018481
334.4325539969
333.1060454242
330.4673680695
329.0528056112
328.5848920062
326.5991093298
323.9248942329
321.9071921621
320.0414606992
318.5971053218
317.1086617680
314.4818303273
312.1823201959
311.3323758628
309.9821420619
307.5093075039
305.0172678691
302.5000111334
300.5363950122
299.0141950568
297.3045869517
295.5069694945
293.2733466934
290.9337786684
288.5172122022
286.1174794033
284.1273658428
282.1969049210
280.5443999109
278.8054998887
276.8657314629
274.7297038521
272.3279447784
269.9895791583
267.7033177466
265.3273769762
262.9078490314
260.6747828991
258.4892117568
256.2654531285
254.0397572924
251.8423402360
249.6379091516
247.3990313961
245.1896793587
243.0514918726
240.9194834113
238.7961033177
236.6118013805
234.3758851035
232.1261745714
229.8695279448
227.5895012247
225.3032398130
223.0764974393
220.8544978847
218.6096971721
216.3931418392
214.3230683589
212.2606101091
210.2171899354
208.0948897796
205.8589735026
203.5930193721
201.3008350033
198.9813738588
196.6477287909
194.4067134269
192.1915274994
189.8126697840
187.4239590292
185.2650411935
183.0308060566
180.3832442663
177.9004564685
175.8451903808
173.6719884213
171.3235359608
169.0670452015
166.8933199733
164.8120463149
162.7804720552
160.8108216433
158.8592073035
157.0885326208
155.3380984191
153.5789801826
151.8311511913
150.1490313961
148.5061901581
146.9691828101
145.4087953685
143.8125584502
142.3008238700
140.8674682699
139.4493431307
138.0396793587
136.7004230684
135.3825651303
134.1016477399
132.8249387664
131.5278111779
130.2813515921
129.3484858606
128.4358828769
127.5800155867
126.7069472278
125.8066577600
124.9578490314
124.1582498330
123.3492429303
122.5348363393
121.8373747495
121.1769650412
120.5087063015
119.8388109552
119.0895568916
118.4065464262
118.1607437096
117.7960810510
117.0853262080
116.2002783344
115.0304943220
113.9427633044
112.9358606101
112.0423736362
111.2161211312
110.6592963705
110.1913827655
110.0892340236
110.0388888889
