74.8714285714
74.8714285714
74.8714285714
74.8714285714
74.8714285714
74.8714285714
75.0206126539
76.4240480962
77.8707701117
79.5796163756
81.2678499857
82.8603492700
84.4698539937
86.1423418265
87.8301603206
89.5644574864
91.2750501002
92.9257228743
94.5821929573
96.2510449470
97.4702834240
97.8702261666
98.7137274549
100.2516890925
101.8885914687
103.6592470656
105.5136415689
107.4660893215
109.3085170341
111.0391783567
112.8664614944
114.7789149728
116.6996135127
118.6266103636
120.6280704266
122.6786859433
124.6991554538
126.7025050100
128.8135556828
130.9768823361
133.0629115374
135.1171628972
137.1822359004
139.2510306327
141.4133552820
143.6021328371
145.8620240481
148.1380618380
150.2409533352
152.3133839107
154.5532922989
156.8147867163
158.9757944460
161.1282135700
163.3815058689
165.6393644432
167.7926137990
169.9483395362
172.2207414830
174.4890208989
176.6959776696
178.9011451474
181.0899227025
183.0699112511
183.6989121099
184.5119524764
186.2280704266
188.0513741769
190.2910535356
192.5534354423
194.8876467220
197.2559261380
199.7137560836
202.1387918695
204.4911823647
206.8057829946
209.0490981964
211.3798883481
213.8522616662
216.2518036072
218.5496564558
220.8294016605
223.0872602348
225.3255940452
227.5434583453
229.8603206413
232.2672487833
234.5583166333
236.7580017177
238.9922702548
241.2501288291
243.5079874034
245.7658459777
247.9100057257
249.9969796736
252.3056255368
254.7089178357
257.0051388491
259.2629974234
261.7032207272
264.1974091039
266.0606928142
267.7731749213
270.2085886058
272.7791296879
274.9793873461
277.1281706270
279.7651302605
282.4483824792
284.3140423705
286.1355997710
288.7766533066
291.4178643000
293.4139421701
295.4609218437
298.3805038649
301.2049384483
303.0737618093
304.9989264243
307.3149584884
309.6210134555
311.8752361867
314.1423418265
316.4620097338
318.7791440023
321.0879043802
323.3616232465
325.5394932723
327.7768823361
330.1510878901
332.4391210993
334.5588176353
336.3983824792
337.7690953335
338.8242055540
339.4241196679
339.9835957630
340.4926137990
341.0121099342
341.5429430289
342.0212711137
342.4503006012
342.8833381048
343.3196392786
343.7538076152
344.1864729459
344.5919982823
344.9810334956
345.3389922703
345.6807615230
346.0452046951
346.4196965359
346.7624105354
347.0932722588
347.3547094188
347.5946750644
347.8084884054
348.0157314629
348.2775980532
348.5502862869
348.7881763527
349.0208703121
349.2107643859
349.3961923848
349.6021471514
349.8093902090
349.9811336960
350.1518894933
350.3118665903
350.4713283710
350.6203979387
350.7688663040
350.9106641855
351.0490266247
351.1617377612
351.2777984541
351.4123246493
351.5434154022
351.6597623819
351.7524477526
351.7633552820
351.7846550243
351.8355568279
351.9090037217
352.0362582307
352.1478814772
352.2278700258
352.3105210421
352.3977812768
352.4996421414
352.6232608073
352.7119238477
352.7555539651
352.8112081305
352.8802891497
352.9549098196
353.0348983682
353.0793300887
353.0938734612
353.1378757515
353.2033209276
353.3022616662
353.4222444890
353.4831806470
353.5122673919
353.5488262239
353.5888204981
353.6288147724
353.6688090467
353.7225450902
353.7807185800
353.8302605210
353.8775264815
353.8917263098
353.8989979960
353.8843257944
353.8661465789
353.9197681076
353.9815774406
354.0196392786
354.0559977097
354.0817921557
354.1073432579
354.1582450616
354.2068565703
354.1995848841
354.1993844833
354.2866447180
354.3634841111
354.3562124248
354.3521185228
354.3666618952
354.3812052677
354.3957486401
354.4055682794
354.3982965932
354.3928571429
354.3928571429
354.4012167192
354.4303034641
354.4394360149
354.4067134269
354.3831090753
354.3758373891
354.4000572574
354.4727741197
354.5517320355
354.6389922703
354.6705124535
354.6377898654
354.6323361008
354.6541511595
354.6389779559
354.5917119954
354.6129401660
354.6856570283
354.7164901231
354.7201259662
354.7167620956
354.7094904094
354.7243773261
354.7498282279
354.7726882336
354.7945032923
354.8462353278
354.9080446608
354.9157314629
354.9084597767
354.9041654738
354.9005296307
354.8596192385
354.8123532780
354.8071428571
354.8071428571
354.8441454337
354.8841397080
354.8961923848
354.9070999141
354.8709275694
354.8350271973
354.8132121386
354.7892069854
354.7346693387
354.6838534211
354.6656742056
354.6555110220
354.6955052963
354.7380188949
354.7925565417
354.8304036645
354.8049527627
354.7741769253
354.7269109648
354.6887918695
354.6742484970
354.6700114515
354.6881906670
354.6987260235
354.6950901804
354.6984683653
354.7130117378
354.7015173204
354.6542513599
354.6435156026
354.6762381907
354.6892785571
354.6820068709
354.6747351847
354.6674634984
354.6888491268
354.7324792442
354.7304179788
354.6976953908
354.6695820212
354.6441311194
354.6478814772
354.6660606928
354.6688663040
354.6652304609
354.6642857143
354.6642857143
354.6671056399
354.6707414830
354.6596335528
354.6450901804
354.6397795591
354.6361437160
354.6453335242
354.6562410535
354.6404666476
354.6222874320
354.6318207844
354.6427283138
354.6608216433
354.6781419983
354.6599627827
354.6439307186
354.6621099342
354.6785714286
354.6785714286
354.6799885485
354.6908960779
354.7006012024
354.7042370455
354.7056827942
354.6984111079
354.6868451188
354.6613942170
354.6418694532
354.6382336101
354.6390638420
354.6499713713
354.6521614658
354.6376180933
354.6354423132
354.6536215288
354.6642857143
354.6642857143
354.6577583739
354.6432150014
353.3592327512
350.7232464930
349.4080160321
349.3134841111
347.6830088749
344.8216003435
343.5748496994
343.4475951904
341.7954337246
339.2321643287
338.2296163756
338.0260091612
337.7033209276
337.3288290867
335.2689951331
332.5930146006
331.5694818208
331.0459204123
328.7381620384
325.9931004867
325.0255797309
324.4002147151
321.9857572287
319.3134125394
317.8347552247
316.4749498998
314.4005725737
312.2845118809
310.3716146579
308.4665760092
306.7977240195
305.0866304037
302.5924420269
300.2094188377
298.9986830804
297.5953621529
294.8066704838
292.2922416261
291.2451188090
289.9560120240
287.6545233324
285.2824649299
282.6719295734
280.4526910965
279.3255797309
277.8383767535
275.5078013169
273.0811050673
270.4632980246
268.0903807615
266.1342971658
264.3875751503
262.9477812768
261.1937589465
259.0413398225
256.7711422846
254.3714858288
252.0257944460
249.7315774406
247.5030203264
245.3287861437
243.1948038935
241.0896507300
239.2586744918
237.5970941884
235.7311623246
233.7568995133
231.5095906098
229.1390208989
226.8000572574
224.4731176639
222.0853993702
219.6784712282
217.5578013169
215.5108216433
213.2403378185
210.9243057544
208.8916976811
206.9028914973
204.6092327512
202.2822931577
200.3982393358
198.5439593473
196.3502576582
194.1471371314
191.9692671056
189.7997423418
187.8145720011
185.8225307758
183.7501002004
181.6419696536
179.2568565703
176.8815344976
174.5618665903
172.2946750644
170.2586029201
168.1696249642
165.8935871743
163.6715144575
161.6063555683
159.6301746350
157.8704265674
156.0370168909
154.0518465502
152.1298883481
150.3192384770
148.5837675351
146.9621815059
145.3311480103
143.6877469224
142.0835241912
140.5237474950
139.0226023476
137.5791726310
136.1435871743
134.7147008302
133.3234325794
131.9599914114
130.5965502433
129.2331090753
127.9753077584
126.7754795305
125.7489979960
124.8036787861
123.9182794160
123.0565845978
122.2413684512
121.4414829659
121.2714285714
121.2714285714
120.1884340109
118.8722588033
117.6777841397
116.5034068136
115.5922273118
114.7123532780
113.9135556828
113.1209418838
112.8964643573
112.6928571429
