83.5461538462
83.5461538462
83.5461538462
83.5461538462
83.5461538462
83.5461538462
84.3964852782
85.5627562818
87.8695236627
90.1177894250
92.2770309850
94.4725296747
96.6854169878
98.5396176969
100.7291968552
104.0686449823
106.3492215200
107.6277786342
108.2929551411
108.8877909665
110.6312779405
112.7395560351
115.5201942346
117.8635733004
119.9512871898
122.6738708186
125.2961923848
127.2229690150
129.3174657006
131.6018806844
133.8829505164
136.1656081394
138.5439031910
140.9372899645
143.3647602898
145.7869893633
148.2055187298
150.8059041159
153.3639741021
155.5053337444
157.7623554802
160.1764143672
162.5118544782
164.8141513797
169.1989209188
172.5587790967
172.9298288885
175.5637891167
180.1147371666
183.0660551873
185.6446277170
188.0139818098
190.3867273008
192.7650223524
195.2287035610
197.7366425158
199.0621550794
200.2909665485
201.4532911978
203.3326190843
205.9389085864
208.3960536458
210.8096192385
213.2147371666
215.6422845691
218.1144596886
220.6085864036
223.1165253584
225.5525975027
227.9839216895
230.4337444119
232.9078002158
235.4112686912
237.9016648682
240.3878526283
242.9315554185
245.4558347464
247.9324803453
250.4421920765
252.9769539078
255.4586249422
257.9353630338
260.4433019886
262.9603360567
265.4906274087
267.9074148297
270.2722984430
272.8961615539
275.5019115153
278.0232619084
280.5774163712
283.1613534762
285.7488823801
288.3339602281
290.8821334978
293.3736550023
295.7653614922
298.4007861878
301.1724834284
303.7136889163
306.2457684600
308.8207646061
311.3614767998
313.8649452752
316.5108524742
319.1054262371
319.2484815785
320.1701402806
322.7674888238
325.3648373670
327.9621859103
330.5047171266
333.0693078465
335.7963002929
337.4977339294
337.8643132419
338.3202404810
338.8119932172
339.1661168491
339.5265916448
339.9065823956
340.2594419608
340.5902574380
340.9062124248
341.2270386928
341.6114999229
341.9611222445
342.2561738862
342.5422537382
342.8238939417
343.1267303838
343.4225836288
343.6908123940
343.9590411592
344.2272699245
344.4954986897
344.7605056266
344.9795591182
345.1924464313
345.3936180052
345.6478032989
345.9339139818
346.1352088793
346.3315245876
346.5461075998
346.7689532912
347.0014182211
347.1675967319
347.3115770002
347.4993371358
347.6723446894
347.8109295514
347.9702327732
348.1445814706
348.3227686142
348.5003545553
348.6702327732
348.8233235702
348.9529674734
349.1262062587
349.3184368737
348.9304455064
348.4904578388
347.9405888700
348.2078927085
349.1869277016
349.4565438569
349.5650840142
349.6857869585
349.7998304301
349.9026514568
349.9472020965
349.9606135348
350.1904578388
350.4034222291
350.4928318175
350.6150763065
350.7715430862
350.8695699090
350.9513334361
351.0586249422
351.1527362417
351.2197934330
351.2678587945
351.3036226299
351.3195776168
351.3640665947
351.5652381686
351.6809002621
351.6898412209
351.7700015415
351.8773547094
352.0025281332
352.0973639587
352.1152458764
352.1858948667
352.2976568522
352.3379528287
352.3750269770
352.4867889625
352.4966240173
352.3535686758
352.4656081394
352.6980730692
352.7934021890
352.8615384615
352.8615384615
352.8846616310
352.9293664252
352.9811931555
353.0331432095
353.0644365654
353.1211345768
353.2239556035
353.2558655773
353.2469246185
353.3156004316
353.3838291969
353.4195930322
353.4574687837
353.4977030985
353.5446585479
353.5942500385
353.6568367504
353.7124865115
353.7527208263
353.7138739016
353.6199938338
353.6892708494
353.7612763990
353.7076306459
353.7304455064
353.8556189302
353.9175890242
353.9533528596
353.9582549715
353.9722213658
354.0124556806
353.9991059041
353.9409896717
353.9455063974
353.9800369971
354.1588561739
354.2880530291
354.3372283028
354.3568059195
354.3612763990
354.3783721289
354.3982272237
354.4250501002
354.4474024973
354.4652844150
354.5075535687
354.5559426545
354.5917064899
354.6184060429
354.6273470017
354.6307692308
354.6307692308
354.6668413751
354.7023585633
354.7157700015
354.7190072453
354.7100662864
354.7109757977
354.7157545861
354.7425774626
354.7641590874
354.7731000462
354.7718051488
354.7628641899
354.7958069986
354.8284260829
354.8105441653
354.8018344381
354.8063049175
354.8292739325
354.8605672884
354.8961923848
354.9186372745
354.9007553569
354.8899491290
354.8854786496
354.8954370279
354.9065361492
354.8931247110
354.8846153846
354.8846153846
354.9163249576
354.9655002312
354.9444427316
354.9203483891
354.9069369508
354.9043163250
354.9132572838
354.9119778018
354.9073223370
354.8983813781
354.8966086018
354.9100200401
354.9073377524
354.8939263142
354.8923076923
354.8894712502
354.8715893325
354.8654539849
354.8743949437
354.8865423154
354.8999537537
354.8688145522
354.8621859103
354.9203021427
354.9337444119
354.9113920148
354.8853090797
354.8681516880
354.9262679205
354.9720826268
354.9989055033
354.9896562355
354.9628333590
354.9785571142
354.9954061970
355.0088176353
355.0062586712
354.9883767535
354.9775551102
354.9713889317
355.0026822877
355.0059503623
354.9567750886
354.9552952058
354.9821180823
354.9805611222
354.9336365038
354.7011715739
354.6913827655
354.9372591337
354.9600431632
354.9076923077
354.9076923077
354.9022660706
354.8843841529
354.8925543394
354.9193772160
354.9307846462
354.9384615385
354.9384615385
354.9478649607
354.9702173578
354.9425003854
354.8933251118
354.8966856791
354.9057807924
354.9281331895
354.9360567288
354.9315862494
354.9271157700
354.9230769231
354.9230769231
354.9230769231
354.9230769231
354.8850007708
354.8268845383
351.8569909049
349.3118390627
349.0793741329
347.4140434716
344.2757669185
343.1747957453
342.5462309234
339.5733621088
336.9971018961
335.2223215662
333.5648681979
331.9823184831
331.5730383845
330.8485124094
327.8577616772
325.8449668568
325.0358100817
322.5417758594
319.4324495144
318.5607060274
317.0914444273
314.1319870510
311.8601819023
310.1166949283
307.9993063049
305.7216741175
302.7979805765
300.5253892400
299.2155387698
296.6725759211
293.5566517651
292.0234623092
290.3832588253
288.2106058270
285.5677508864
282.4920610452
280.2782796362
278.3044396485
276.6145984276
274.5832742408
271.9412209033
269.2506859874
266.5326344998
263.8555880993
261.3562201326
259.5680283644
257.7096346539
255.7739170649
253.2811623246
250.6073531679
247.9205950362
245.2871435178
242.7702636041
240.3090642824
237.8860644366
235.6892708494
233.5269153692
231.3721442886
229.1691999383
226.9026668722
224.4837058733
222.0025897950
219.3091105287
216.6735316787
214.2013565593
211.6605518730
209.0632033297
206.5583474642
204.0794512101
201.6564513643
199.2179127486
196.7546785879
194.3509480499
191.9771234777
189.5061507631
187.0134731000
184.4652998304
182.0656698011
179.8125481733
177.3634653923
174.8627716972
172.4040080160
169.9727146601
167.5944196084
165.2549714814
162.9392631417
160.8247263758
158.7437644520
156.7141667951
154.7522275320
152.8701556960
151.0837521196
149.3318637275
147.6107291506
145.9134576846
144.2727917373
142.6758902420
141.1112224449
139.6765376908
138.2554493603
136.7801911515
135.3456297210
133.9687220595
132.6197009403
131.2830275936
130.0724217666
128.9486665639
128.0724525975
127.2152304609
126.3747803299
125.5995375366
124.8419608448
124.1088022198
123.4020348389
122.7404038847
122.0613843071
121.3729304763
120.7383844612
120.1052720826
119.4615230461
118.8264683213
118.2006012024
117.6568675813
117.1521196239
116.9420070911
116.5362725451
115.7226452906
114.6554339448
113.4215816248
112.4126714968
111.4481270233
110.5585016186
109.9214428858
109.6040388469
109.5476028981
109.5923076923
