

Time	Elapsed	PTC6	PTC7	PTC9	PTC10	PTC11	PTC12	PTC13	PTC14	PTC15	VPRB2	VPRB3	VPRB4	PRESS	SVAC	HIPRB	LOPRB	HITC	LOTC	HIRATE	LORATE	AVGTC	MEAN	AIRTC	AIRTC1	AIRTC2	HILIMTC	CAPSTC	RUNTIME	SEGTIME	SEGTIMELEFT	TSET_AIR	TSET_PART	PSET	TEMPOUT	TEMPINT	PRESSOUT	COOLIP	SCROUT	PRESSIP	PRESSINT	SPREAD	AIRPARTDELTA	CAPSFLOW	SILENCE	BARLOCK	HIPSI	FANON	HYDON	FANSTARTSTOPPB	HYDPMPSTARTSTOPPB	COOLCNTRLONOFFSW	PRESSCNTRLONOFFSW	PRESSDUMPSW	PCMANUALSW	HILIMIT	BLWRMTRHILIMIT	MANINSIDE
HH:MM:SS	Mins	Deg.F	Deg.F	Deg.F	Deg.F	Deg.F	Deg.F	Deg.F	Deg.F	Deg.F	"Hg	"Hg	"Hg	Psig	"Hg			Deg.F	Deg.F	Deg.F	Deg.F	Deg.F	Deg.F	Deg.F	Deg.F	Deg.F	Deg.F	Deg.F	Mins	Mins	Mins	Deg.F	Deg.F	Psig				%	%	%	%	Deg.F	Deg.F															
08:32:04	0.0	78.9	78.9	78.7	77.9	77.8	78.0	76.9	79.3	79.3	-27.8	-27.7	-27.7	-0.3	-28.0	-27.7	-27.8	79.3	76.9	0.3	0.0	78.4	78.1	95.2	95.1	94.6	108.7	102.3	444.1	0.0	0.0	70.0	70.0	0.0	0.0	0.0	50.0	0.0	0.0	.Autoclave.Outputs.PRESSIP\OutputValue	8.0	2.4	15.9	-1.0	0.0	-1.0	-1.0	0.0	0.0	0.0	0.0	-1.0	-1.0	-1.0	0.0	0.0	-1.0	0.0
08:32:06	0.0	78.9	78.9	78.7	77.9	77.8	78.0	76.9	79.3	79.3	-27.8	-27.7	-27.7	-0.3	-28.0	-27.7	-27.8	79.3	76.9	0.3	0.0	78.4	78.1	95.2	95.1	94.6	108.7	102.3	444.1	0.0	0.0	70.0	70.0	0.0	0.0	0.0	50.0	0.0	0.0	.Autoclave.Outputs.PRESSIP\OutputValue	8.0	2.4	15.9	-1.0	0.0	-1.0	-1.0	0.0	0.0	0.0	0.0	-1.0	-1.0	-1.0	0.0	0.0	-1.0	0.0
08:32:06	0.0	78.9	78.9	78.7	77.9	77.8	78.0	76.9	79.3	79.3	-27.8	-27.7	-27.7	-0.3	-28.0	-27.7	-27.8	79.3	76.9	0.3	0.0	78.4	78.1	95.2	95.1	94.6	108.7	102.3	444.1	0.0	0.0	70.0	70.0	0.0	0.0	0.0	50.0	0.0	0.0	.Autoclave.Outputs.PRESSIP\OutputValue	8.0	2.4	15.9	-1.0	0.0	-1.0	-1.0	0.0	0.0	0.0	0.0	-1.0	-1.0	-1.0	0.0	0.0	-1.0	0.0
08:32:06	0.0	78.9	78.9	78.6	77.9	77.8	77.9	76.8	79.2	79.4	-27.8	-27.8	-27.7	-0.3	-28.0	-27.7	-27.8	79.4	76.8	0.3	0.0	78.4	78.1	95.1	95.2	94.6	108.8	102.3	444.1	0.0	0.0	70.0	70.0	0.0	0.0	0.0	50.0	0.0	0.0	.Autoclave.Outputs.PRESSIP\OutputValue	8.0	2.6	15.9	-1.0	0.0	-1.0	-1.0	0.0	0.0	0.0	0.0	-1.0	-1.0	-1.0	0.0	0.0	-1.0	0.0
08:33:06	1.0	80.2	79.7	79.5	79.2	78.7	81.0	78.6	80.8	80.9	-27.8	-27.8	-27.6	1.1	-28.0	-27.6	-27.8	81.0	78.6	2.8	0.7	79.8	79.8	95.7	95.7	95.0	99.0	99.5	1.0	1.0	0.0	86.6	83.9	1.5	0.0	0.0	61.1	-1.0	0.0	.Autoclave.Outputs.PRESSIP\OutputValue	8.0	2.4	14.7	-1.0	0.0	-1.0	-1.0	-1.0	0.0	0.0	0.0	-1.0	-1.0	0.0	0.0	0.0	-1.0	0.0
08:34:06	2.0	81.4	80.5	80.8	79.7	79.3	81.9	79.4	81.7	81.8	-27.8	-27.7	-27.7	2.6	-28.0	-27.7	-27.8	81.9	79.3	1.5	0.4	80.7	80.6	95.6	95.6	95.0	97.8	99.3	2.0	2.0	0.0	94.9	88.4	3.0	42.8	-0.3	62.4	-1.0	0.0	.Autoclave.Outputs.PRESSIP\OutputValue	8.0	2.6	13.7	-1.0	0.0	-1.0	-1.0	-1.0	0.0	0.0	0.0	-1.0	-1.0	0.0	0.0	0.0	-1.0	0.0
08:35:06	3.0	82.5	81.4	82.0	80.6	80.0	83.6	81.3	82.9	83.0	-27.8	-27.7	-27.6	3.5	-28.0	-27.6	-27.8	83.6	80.0	1.9	0.8	81.9	81.8	99.9	99.9	99.3	111.5	99.1	3.0	3.0	0.0	102.1	92.8	4.5	62.0	-0.1	67.3	0.0	24.1	.Autoclave.Outputs.PRESSIP\OutputValue	8.0	3.6	16.3	-1.0	0.0	-1.0	-1.0	-1.0	0.0	0.0	0.0	-1.0	-1.0	0.0	0.0	0.0	-1.0	0.0
08:36:06	4.0	84.5	82.8	84.0	81.8	81.0	86.1	83.5	84.7	85.1	-27.8	-27.7	-27.5	5.1	-28.0	-27.5	-27.8	86.1	81.0	2.5	1.1	83.7	83.6	106.3	106.3	105.7	118.3	99.1	4.0	4.0	0.0	108.6	97.4	6.0	62.4	0.1	66.3	0.0	24.8	.Autoclave.Outputs.PRESSIP\OutputValue	8.0	5.1	20.2	-1.0	0.0	-1.0	-1.0	-1.0	0.0	0.0	0.0	-1.0	-1.0	0.0	0.0	0.0	-1.0	0.0
08:37:06	5.0	86.6	84.6	86.4	83.3	82.4	88.8	85.9	86.8	87.1	-27.7	-27.6	-27.6	6.6	-28.0	-27.6	-27.7	88.8	82.4	2.8	1.2	85.8	85.6	112.6	112.6	112.0	124.9	99.4	5.0	5.0	0.0	114.9	101.9	7.5	61.8	0.3	66.5	0.0	23.7	.Autoclave.Outputs.PRESSIP\OutputValue	8.0	6.4	23.8	-1.0	0.0	-1.0	-1.0	-1.0	0.0	0.0	0.0	-1.0	-1.0	0.0	0.0	0.0	-1.0	0.0
08:38:06	6.0	89.0	86.6	89.1	84.8	83.8	91.5	88.6	88.9	89.7	-27.7	-27.6	-27.6	8.3	-28.0	-27.6	-27.7	91.5	83.8	2.7	1.5	88.0	87.7	118.7	118.8	118.1	130.7	99.5	6.0	6.0	0.0	121.1	106.4	9.0	64.0	0.5	64.3	0.0	28.0	.Autoclave.Outputs.PRESSIP\OutputValue	8.0	7.7	27.2	-1.0	0.0	-1.0	-1.0	-1.0	0.0	0.0	0.0	-1.0	-1.0	0.0	0.0	0.0	-1.0	0.0
08:39:01	7.0	91.2	88.7	91.9	86.6	85.1	94.6	91.4	91.3	92.0	-27.6	-27.6	-27.5	10.1	-28.0	-27.5	-27.6	94.6	85.1	3.4	1.6	90.3	89.9	124.5	124.4	123.7	136.8	99.5	6.9	6.9	0.0	126.2	110.4	10.3	60.5	0.7	61.9	0.0	21.0	.Autoclave.Outputs.PRESSIP\OutputValue	8.0	9.5	29.8	-1.0	0.0	-1.0	-1.0	-1.0	0.0	0.0	0.0	-1.0	-1.0	0.0	0.0	0.0	-1.0	0.0
08:39:06	7.0	91.7	88.9	92.1	86.7	85.4	94.7	91.5	91.5	92.4	-27.7	-27.6	-27.6	10.1	-28.0	-27.6	-27.7	94.7	85.4	3.2	1.6	90.5	90.1	125.0	125.1	124.4	136.4	99.6	7.0	0.1	0.0	126.9	110.8	10.5	61.4	0.7	62.2	0.0	22.9	.Autoclave.Outputs.PRESSIP\OutputValue	8.0	9.3	30.2	-1.0	0.0	-1.0	-1.0	-1.0	0.0	0.0	0.0	-1.0	-1.0	0.0	0.0	0.0	-1.0	0.0
08:40:06	8.0	94.3	91.4	95.2	88.2	87.0	98.2	94.5	94.1	94.9	-27.4	-27.3	-27.4	11.0	-27.0	-27.3	-27.4	98.2	87.0	3.3	1.6	93.1	92.6	130.2	130.2	129.4	142.9	99.6	8.0	1.1	0.0	132.5	115.3	12.0	64.9	0.9	68.1	0.0	29.9	.Autoclave.Outputs.PRESSIP\OutputValue	8.0	11.2	31.9	-1.0	0.0	-1.0	-1.0	-1.0	0.0	0.0	0.0	-1.0	-1.0	0.0	0.0	0.0	-1.0	0.0
08:41:06	9.0	97.7	94.1	99.0	90.6	89.2	102.0	98.5	96.9	98.0	-22.4	-22.4	-22.5	12.7	-22.1	-22.4	-22.5	102.0	89.2	3.9	2.2	96.2	95.6	135.3	135.3	134.6	147.5	99.7	9.0	2.1	0.0	137.7	119.9	13.5	65.3	1.2	66.2	0.0	30.6	.Autoclave.Outputs.PRESSIP\OutputValue	8.0	12.8	33.2	-1.0	0.0	-1.0	-1.0	-1.0	0.0	0.0	0.0	-1.0	-1.0	0.0	0.0	0.0	-1.0	0.0
08:42:06	10.0	100.7	97.2	103.0	93.0	91.4	105.1	102.0	99.9	101.5	-17.1	-17.0	-17.0	14.4	-16.9	-17.0	-17.1	105.1	91.4	4.0	2.1	99.3	98.3	141.3	141.2	140.5	154.5	99.8	10.0	3.1	0.0	143.6	124.3	15.0	63.3	1.4	63.8	0.0	26.7	.Autoclave.Outputs.PRESSIP\OutputValue	8.0	13.7	36.1	-1.0	0.0	-1.0	-1.0	-1.0	0.0	0.0	0.0	-1.0	-1.0	0.0	0.0	0.0	-1.0	0.0
08:43:06	11.0	104.1	100.5	107.1	95.2	93.8	108.7	106.1	103.1	105.0	-11.9	-11.9	-11.9	16.0	-11.8	-11.9	-11.9	108.7	93.8	4.2	2.2	102.6	101.3	147.1	147.1	146.4	158.6	100.0	11.0	4.1	0.0	149.0	128.9	16.5	63.1	1.6	62.7	0.0	26.3	.Autoclave.Outputs.PRESSIP\OutputValue	8.0	14.9	38.3	-1.0	0.0	-1.0	-1.0	-1.0	0.0	0.0	0.0	-1.0	-1.0	0.0	0.0	0.0	-1.0	0.0
08:44:06	12.0	107.6	103.9	111.7	97.5	96.0	112.9	109.9	106.6	108.1	-7.0	-6.8	-6.8	17.0	-6.9	-6.8	-7.0	112.9	96.0	4.3	2.2	106.0	104.5	151.3	151.3	150.7	163.6	99.9	12.0	5.1	0.0	153.7	133.3	18.0	65.7	1.9	67.3	0.0	31.5	.Autoclave.Outputs.PRESSIP\OutputValue	8.0	16.9	38.3	-1.0	0.0	-1.0	-1.0	-1.0	0.0	0.0	0.0	-1.0	-1.0	0.0	0.0	0.0	-1.0	0.0
08:45:06	13.0	111.3	107.6	116.2	100.2	98.9	117.5	114.3	110.1	111.6	-3.0	-2.8	-2.8	18.7	-2.9	-2.8	-3.0	117.5	98.9	4.7	2.6	109.8	108.2	156.0	156.1	155.4	168.8	100.0	13.0	6.1	0.0	158.2	137.9	19.5	64.2	2.1	66.3	0.0	28.5	.Autoclave.Outputs.PRESSIP\OutputValue	8.0	18.6	38.4	-1.0	0.0	-1.0	-1.0	-1.0	0.0	0.0	0.0	-1.0	-1.0	0.0	0.0	0.0	-1.0	0.0
08:46:06	14.0	114.9	111.4	120.6	102.6	101.6	121.0	118.2	113.9	115.2	-1.2	-1.0	-1.0	20.4	-1.1	-1.0	-1.2	121.0	101.6	4.5	2.4	113.3	111.3	160.6	160.7	159.9	173.5	100.1	14.0	7.1	0.0	163.9	142.3	21.0	71.5	2.4	63.6	0.0	43.0	.Autoclave.Outputs.PRESSIP\OutputValue	8.0	19.4	39.5	-1.0	0.0	-1.0	-1.0	-1.0	0.0	0.0	0.0	-1.0	-1.0	0.0	0.0	0.0	-1.0	0.0
08:47:06	15.0	119.0	115.5	125.3	105.6	104.3	125.9	122.4	117.7	118.9	-0.4	-0.3	-0.2	22.2	-0.4	-0.2	-0.4	125.9	104.3	5.3	2.8	117.2	115.1	166.4	166.4	165.6	178.4	100.2	15.0	8.1	0.0	167.8	146.9	22.5	60.7	2.6	61.3	0.0	21.3	.Autoclave.Outputs.PRESSIP\OutputValue	8.0	21.5	40.5	-1.0	0.0	-1.0	-1.0	-1.0	0.0	0.0	0.0	-1.0	-1.0	0.0	0.0	0.0	-1.0	0.0
08:48:06	16.0	123.2	119.6	129.9	108.9	107.7	129.6	126.7	121.5	122.7	-0.1	0.0	0.0	23.1	-0.1	0.0	-0.1	129.9	107.7	4.5	3.3	121.1	118.8	170.3	170.5	169.8	182.8	100.2	16.0	9.1	0.0	172.9	151.4	24.0	67.3	2.9	67.2	0.0	34.5	.Autoclave.Outputs.PRESSIP\OutputValue	8.0	22.1	40.4	-1.0	0.0	-1.0	-1.0	-1.0	0.0	0.0	0.0	-1.0	-1.0	0.0	0.0	0.0	-1.0	0.0
08:49:06	17.0	127.5	123.9	134.7	111.9	111.2	133.1	131.2	125.5	126.8	0.0	0.1	0.1	24.7	0.0	0.1	0.0	134.7	111.2	4.6	3.1	125.1	123.0	174.9	175.0	174.2	186.4	100.2	17.0	10.1	0.0	177.4	155.8	25.5	67.4	3.1	65.4	0.0	34.9	.Autoclave.Outputs.PRESSIP\OutputValue	8.0	23.4	40.2	-1.0	0.0	-1.0	-1.0	-1.0	0.0	0.0	0.0	-1.0	-1.0	0.0	0.0	0.0	-1.0	0.0
08:50:06	18.0	131.4	128.4	139.6	115.0	114.0	137.8	136.0	129.3	130.3	0.0	0.1	0.1	26.5	0.0	0.1	0.0	139.6	114.0	5.3	2.8	129.1	126.8	179.1	179.1	178.4	190.0	100.3	18.0	11.1	0.0	181.2	160.4	27.0	64.5	3.3	62.8	0.0	29.0	.Autoclave.Outputs.PRESSIP\OutputValue	8.0	25.5	39.5	-1.0	0.0	-1.0	-1.0	-1.0	0.0	0.0	0.0	-1.0	-1.0	0.0	0.0	0.0	-1.0	0.0
08:51:06	19.0	136.1	133.0	143.9	117.9	117.3	142.7	140.3	133.7	134.6	0.1	0.1	0.1	27.5	0.0	0.1	0.1	143.9	117.3	4.9	3.2	133.3	130.6	183.4	183.4	182.7	193.6	100.3	19.0	12.1	0.0	185.7	164.9	28.5	68.0	3.6	67.6	0.0	35.9	.Autoclave.Outputs.PRESSIP\OutputValue	8.0	26.5	39.5	-1.0	0.0	-1.0	-1.0	-1.0	0.0	0.0	0.0	-1.0	-1.0	0.0	0.0	0.0	-1.0	0.0
08:52:06	20.0	140.7	137.8	149.0	121.5	120.9	147.7	145.3	138.2	138.8	0.1	0.1	0.1	29.1	0.0	0.1	0.1	149.0	120.9	5.3	3.5	137.8	135.0	187.5	187.4	186.7	198.5	100.4	20.0	13.1	0.0	189.9	169.4	30.0	67.5	3.8	66.7	0.0	34.9	.Autoclave.Outputs.PRESSIP\OutputValue	8.0	28.0	38.5	-1.0	0.0	-1.0	-1.0	-1.0	0.0	0.0	0.0	-1.0	-1.0	0.0	0.0	0.0	-1.0	0.0
08:53:06	21.0	145.8	142.7	153.8	124.9	124.7	151.0	149.9	142.8	143.2	0.1	0.1	0.2	31.0	0.0	0.2	0.1	153.8	124.7	5.1	3.6	142.1	139.2	191.6	191.6	191.0	202.8	100.6	21.0	14.1	0.0	194.3	173.8	31.5	68.3	4.1	63.1	0.0	36.7	.Autoclave.Outputs.PRESSIP\OutputValue	8.0	29.1	37.8	-1.0	0.0	-1.0	-1.0	-1.0	0.0	0.0	0.0	-1.0	-1.0	0.0	0.0	0.0	-1.0	0.0
08:54:06	22.0	149.6	147.5	158.5	128.1	128.4	156.3	154.6	147.1	147.6	0.1	0.2	0.1	32.7	0.0	0.2	0.1	158.5	128.1	5.5	3.0	146.4	143.3	196.0	196.1	195.4	207.5	100.6	22.0	15.1	0.0	198.3	178.3	33.0	65.9	4.3	62.1	0.0	31.8	.Autoclave.Outputs.PRESSIP\OutputValue	8.0	30.3	37.5	-1.0	0.0	-1.0	-1.0	-1.0	0.0	0.0	0.0	-1.0	-1.0	0.0	0.0	0.0	-1.0	0.0
08:55:06	23.0	154.6	152.2	163.3	131.6	132.0	161.1	159.1	151.5	151.9	0.1	0.1	0.1	33.6	0.0	0.1	0.1	163.3	131.6	5.2	3.6	150.8	147.4	199.7	199.7	199.1	211.7	100.6	23.0	16.1	0.0	202.3	182.9	34.5	69.6	4.5	67.1	0.0	39.2	.Autoclave.Outputs.PRESSIP\OutputValue	8.0	31.6	36.4	-1.0	0.0	-1.0	-1.0	-1.0	0.0	0.0	0.0	-1.0	-1.0	0.0	0.0	0.0	-1.0	0.0
08:56:06	24.0	160.0	157.4	168.1	135.2	136.0	165.4	164.1	156.5	156.8	0.1	0.1	0.1	35.2	0.0	0.1	0.1	168.1	135.2	5.6	3.6	155.5	151.6	204.0	204.0	203.3	215.4	100.5	24.0	17.1	0.0	206.6	187.4	36.0	69.7	4.8	65.5	0.0	39.5	.Autoclave.Outputs.PRESSIP\OutputValue	8.0	32.8	35.9	-1.0	0.0	-1.0	-1.0	-1.0	0.0	0.0	0.0	-1.0	-1.0	0.0	0.0	0.0	-1.0	0.0
08:57:06	25.0	164.4	162.5	173.0	139.1	140.2	170.8	169.4	161.0	161.8	0.1	0.1	0.2	37.1	0.0	0.2	0.1	173.0	139.1	5.3	4.0	160.2	156.0	209.0	209.0	208.3	219.4	100.7	25.0	18.1	0.0	210.3	191.9	37.5	62.9	5.0	62.1	0.0	25.7	.Autoclave.Outputs.PRESSIP\OutputValue	8.0	33.8	36.0	-1.0	0.0	-1.0	-1.0	-1.0	0.0	0.0	0.0	-1.0	-1.0	0.0	0.0	0.0	-1.0	0.0
08:58:06	26.0	170.6	167.7	178.1	142.6	143.9	175.3	174.3	166.2	166.3	0.1	0.1	0.1	38.1	0.0	0.1	0.1	178.1	142.6	5.5	3.4	165.0	160.3	212.4	212.5	211.9	223.8	100.6	26.0	19.1	0.0	214.6	196.4	39.0	68.4	5.3	67.1	0.0	36.8	.Autoclave.Outputs.PRESSIP\OutputValue	8.0	35.4	34.3	-1.0	0.0	-1.0	-1.0	-1.0	0.0	0.0	0.0	-1.0	-1.0	0.0	0.0	0.0	-1.0	0.0
08:59:06	27.0	174.1	172.8	183.0	146.1	147.7	178.8	179.0	170.6	171.3	0.1	0.2	0.1	39.8	0.0	0.2	0.1	183.0	146.1	6.4	3.4	169.3	164.5	216.7	216.7	216.0	226.8	100.8	27.0	20.1	0.0	218.9	200.9	40.5	69.3	5.5	64.6	0.0	38.6	.Autoclave.Outputs.PRESSIP\OutputValue	8.0	36.8	33.7	-1.0	0.0	-1.0	-1.0	-1.0	0.0	0.0	0.0	-1.0	-1.0	0.0	0.0	0.0	-1.0	0.0
09:00:06	28.0	179.3	178.2	187.8	150.1	151.6	184.8	184.1	175.4	176.4	0.1	0.1	0.1	41.1	0.0	0.1	0.1	187.8	150.1	6.6	4.0	174.2	168.9	220.4	220.4	219.6	231.6	100.7	28.0	21.1	0.0	222.7	205.4	42.0	69.4	5.7	66.4	0.0	38.9	.Autoclave.Outputs.PRESSIP\OutputValue	8.0	37.6	32.6	-1.0	0.0	-1.0	-1.0	-1.0	0.0	0.0	0.0	-1.0	-1.0	0.0	0.0	0.0	-1.0	0.0
09:00:45	28.7	182.4	181.4	191.1	152.7	154.3	187.3	187.2	177.9	179.6	0.1	0.1	0.2	42.1	0.0	0.2	0.1	191.1	152.7	6.4	3.5	177.1	171.9	222.9	222.9	222.2	234.4	100.7	28.7	21.7	0.0	225.6	208.2	42.9	73.4	5.9	68.5	0.0	46.8	.Autoclave.Outputs.PRESSIP\OutputValue	8.0	38.3	32.0	-1.0	0.0	-1.0	-1.0	-1.0	0.0	0.0	0.0	-1.0	-1.0	0.0	0.0	0.0	-1.0	0.0
09:01:06	29.0	184.4	183.1	192.6	154.5	156.1	189.1	189.1	180.4	181.4	0.0	0.1	0.1	42.8	0.0	0.1	0.0	192.6	154.5	5.4	4.4	179.0	173.5	224.5	224.5	223.8	235.8	101.0	29.0	0.4	0.0	227.1	209.9	43.5	71.7	6.0	64.8	0.0	43.4	.Autoclave.Outputs.PRESSIP\OutputValue	8.0	38.0	31.9	-1.0	0.0	-1.0	-1.0	-1.0	0.0	0.0	0.0	-1.0	-1.0	0.0	0.0	0.0	-1.0	0.0
09:02:06	30.0	188.8	188.0	197.7	158.4	160.1	194.5	193.8	184.7	187.0	0.1	0.1	0.1	43.8	0.0	0.1	0.1	197.7	158.4	5.3	3.9	183.7	178.0	228.4	228.5	227.7	239.9	100.9	30.0	1.4	0.0	231.3	214.4	44.0	75.2	6.2	60.1	0.0	50.4	.Autoclave.Outputs.PRESSIP\OutputValue	8.0	39.2	30.8	-1.0	0.0	-1.0	-1.0	-1.0	0.0	0.0	0.0	-1.0	-1.0	0.0	0.0	0.0	-1.0	0.0
09:03:06	31.0	194.5	192.9	202.4	162.5	164.5	199.4	199.1	190.3	191.9	0.0	0.1	0.1	44.1	0.0	0.1	0.0	202.4	162.5	5.8	4.1	188.6	182.4	233.0	233.0	232.3	244.2	100.8	31.0	2.4	0.0	235.1	218.8	44.0	70.5	6.5	56.8	0.0	40.9	.Autoclave.Outputs.PRESSIP\OutputValue	8.0	39.8	30.7	-1.0	0.0	-1.0	-1.0	-1.0	0.0	0.0	0.0	-1.0	-1.0	0.0	0.0	0.0	-1.0	0.0
09:04:06	32.0	199.5	198.8	207.0	166.8	169.0	204.1	204.2	194.8	196.4	0.0	0.1	0.2	44.5	0.0	0.2	0.0	207.0	166.8	5.3	3.8	193.4	186.9	237.4	237.3	236.6	248.7	100.9	32.0	3.3	0.0	239.6	223.3	44.0	71.5	6.7	52.9	0.0	42.9	.Autoclave.Outputs.PRESSIP\OutputValue	7.4	40.1	30.5	-1.0	0.0	-1.0	-1.0	-1.0	0.0	0.0	0.0	-1.0	-1.0	0.0	0.0	0.0	-1.0	0.0
09:05:06	33.0	204.1	203.3	211.7	171.2	173.2	209.0	209.2	199.8	201.5	0.1	0.1	0.2	44.8	0.0	0.2	0.1	211.7	171.2	5.2	4.1	198.1	191.4	241.4	241.4	240.7	252.9	100.8	33.0	4.3	0.0	244.0	227.8	44.0	71.7	6.9	48.7	0.0	43.4	.Autoclave.Outputs.PRESSIP\OutputValue	6.3	40.4	29.8	-1.0	0.0	-1.0	-1.0	-1.0	0.0	0.0	0.0	-1.0	-1.0	0.0	0.0	0.0	-1.0	0.0
09:06:06	34.0	208.9	207.8	216.2	175.2	177.1	213.4	214.2	204.8	206.2	0.1	0.1	0.1	44.2	0.0	0.1	0.1	216.2	175.2	5.0	4.1	202.6	195.7	245.2	245.2	244.5	257.9	100.4	34.0	5.3	0.0	248.4	232.3	44.0	76.0	7.2	52.3	0.0	52.0	.Autoclave.Outputs.PRESSIP\OutputValue	4.8	41.0	29.0	-1.0	0.0	-1.0	-1.0	-1.0	0.0	0.0	0.0	-1.0	-1.0	0.0	0.0	0.0	-1.0	0.0
09:07:06	35.0	214.2	213.7	220.8	179.9	181.9	217.2	218.7	209.8	211.3	0.0	0.1	0.1	44.6	0.0	0.1	0.0	220.8	179.9	5.9	4.4	207.5	200.4	250.0	250.0	249.4	262.8	100.6	35.0	6.4	0.0	252.7	236.9	44.0	75.1	7.4	48.8	0.0	50.3	.Autoclave.Outputs.PRESSIP\OutputValue	4.0	40.9	29.2	-1.0	0.0	-1.0	-1.0	-1.0	0.0	0.0	0.0	-1.0	-1.0	0.0	0.0	0.0	-1.0	0.0
09:08:06	36.0	218.3	219.2	225.1	184.2	186.1	222.5	223.8	214.6	216.0	0.0	0.1	0.2	44.8	0.0	0.2	0.0	225.1	184.2	5.2	4.0	212.2	204.7	255.1	255.1	254.3	266.9	100.6	36.0	7.4	0.0	257.5	241.4	44.0	69.4	7.7	44.0	0.0	38.7	.Autoclave.Outputs.PRESSIP\OutputValue	2.6	40.9	30.0	-1.0	0.0	-1.0	-1.0	-1.0	0.0	0.0	0.0	-1.0	-1.0	0.0	0.0	0.0	-1.0	0.0
09:09:06	37.0	223.2	223.0	229.8	188.2	190.3	227.9	228.2	219.7	220.6	0.1	0.1	0.2	44.3	0.0	0.2	0.1	229.8	188.2	6.2	4.1	216.8	209.0	259.1	259.3	258.5	271.9	100.6	37.0	8.4	0.0	261.6	245.8	44.0	73.4	7.9	47.7	0.0	46.8	.Autoclave.Outputs.PRESSIP\OutputValue	1.4	41.6	29.3	-1.0	0.0	-1.0	-1.0	-1.0	0.0	0.0	0.0	-1.0	-1.0	0.0	0.0	0.0	-1.0	0.0
09:10:06	38.0	227.7	227.6	233.7	192.8	194.6	232.1	232.9	224.0	225.2	0.0	0.1	0.1	44.7	0.0	0.1	0.0	233.7	192.8	5.3	3.8	221.2	213.3	264.1	264.2	263.5	275.9	100.7	38.0	9.4	0.0	266.4	250.4	44.0	70.5	8.2	44.0	0.0	41.0	.Autoclave.Outputs.PRESSIP\OutputValue	0.4	40.9	30.4	-1.0	0.0	-1.0	-1.0	-1.0	0.0	0.0	0.0	-1.0	-1.0	0.0	0.0	0.0	-1.0	0.0
09:11:06	39.0	231.9	232.1	238.8	197.2	198.7	237.3	238.1	228.9	229.5	0.1	0.1	0.2	45.0	0.0	0.2	0.1	238.8	197.2	5.8	4.1	225.8	218.0	268.3	268.3	267.6	281.0	100.7	39.0	10.4	0.0	271.1	254.9	44.0	74.8	8.4	38.6	0.0	49.7	.Autoclave.Outputs.PRESSIP\OutputValue	-1.2	41.6	29.5	-1.0	0.0	-1.0	-1.0	-1.0	0.0	0.0	0.0	-1.0	-1.0	0.0	0.0	0.0	-1.0	0.0
09:12:06	40.0	237.5	236.8	242.8	201.2	202.5	242.0	243.4	233.4	234.3	0.1	0.1	0.2	44.0	0.0	0.2	0.1	243.4	201.2	5.2	3.7	230.4	222.3	273.0	273.0	272.4	285.7	100.6	40.0	11.4	0.0	275.5	259.3	44.0	72.8	8.7	48.8	0.0	45.5	.Autoclave.Outputs.PRESSIP\OutputValue	-1.0	42.2	29.6	-1.0	0.0	-1.0	-1.0	-1.0	0.0	0.0	0.0	-1.0	-1.0	0.0	0.0	0.0	-1.0	0.0
09:13:06	41.0	242.1	241.3	247.2	205.8	207.0	247.0	248.3	239.0	239.2	0.1	0.1	0.2	44.3	0.0	0.2	0.1	248.3	205.8	6.1	4.5	235.2	227.1	277.3	277.3	276.7	289.7	100.6	41.0	12.4	0.0	279.4	263.9	44.0	71.3	9.0	45.4	0.0	42.6	.Autoclave.Outputs.PRESSIP\OutputValue	-1.4	42.5	29.0	-1.0	0.0	-1.0	-1.0	-1.0	0.0	0.0	0.0	-1.0	-1.0	0.0	0.0	0.0	-1.0	0.0
09:14:06	42.0	246.7	246.1	252.3	210.3	211.4	251.1	252.8	244.7	243.9	0.1	0.1	0.2	44.7	0.0	0.2	0.1	252.8	210.3	4.8	3.7	239.9	231.6	281.5	281.6	280.8	294.4	100.7	42.0	13.4	0.0	283.9	268.4	44.0	72.1	9.2	41.3	0.0	44.1	.Autoclave.Outputs.PRESSIP\OutputValue	-2.3	42.5	28.7	-1.0	0.0	-1.0	-1.0	-1.0	0.0	0.0	0.0	-1.0	-1.0	0.0	0.0	0.0	-1.0	0.0
09:15:06	43.0	251.5	250.1	256.2	214.7	215.7	256.0	258.0	247.8	248.7	0.1	0.1	0.2	44.9	0.0	0.2	0.1	258.0	214.7	5.5	4.4	244.3	236.4	285.6	285.7	284.9	298.0	100.6	43.0	14.4	0.0	287.8	272.9	44.0	70.4	9.4	37.1	0.0	40.9	.Autoclave.Outputs.PRESSIP\OutputValue	-3.9	43.3	27.6	-1.0	0.0	-1.0	-1.0	-1.0	0.0	0.0	0.0	-1.0	-1.0	0.0	0.0	0.0	-1.0	0.0
09:16:06	44.0	256.2	254.9	260.8	219.1	220.1	261.3	262.4	253.2	252.8	0.1	0.1	0.2	44.0	0.0	0.2	0.1	262.4	219.1	5.0	3.5	249.0	240.7	289.8	289.8	289.2	303.1	100.6	44.0	15.4	0.0	292.2	277.4	44.0	73.9	9.7	46.0	0.0	47.8	.Autoclave.Outputs.PRESSIP\OutputValue	-4.3	43.4	27.4	-1.0	0.0	-1.0	-1.0	-1.0	0.0	0.0	0.0	-1.0	-1.0	0.0	0.0	0.0	-1.0	0.0
09:17:06	45.0	260.7	259.5	264.5	223.3	224.3	265.1	266.8	254.1	257.5	0.1	0.1	0.2	44.3	0.0	0.2	0.1	266.8	223.3	6.3	4.3	252.9	245.0	294.6	294.6	293.9	307.6	100.5	45.0	16.4	0.0	296.6	281.8	44.0	74.0	9.9	42.8	0.0	48.0	.Autoclave.Outputs.PRESSIP\OutputValue	-4.6	43.6	27.8	-1.0	0.0	-1.0	-1.0	-1.0	0.0	0.0	0.0	-1.0	-1.0	0.0	0.0	0.0	-1.0	0.0
09:18:06	46.0	264.8	264.0	269.4	227.7	228.8	269.4	271.3	261.2	262.0	0.1	0.1	0.2	44.6	0.0	0.2	0.1	271.3	227.7	4.8	3.6	257.6	249.5	298.7	298.8	298.1	311.6	100.6	46.0	17.3	0.0	301.4	286.3	44.0	74.9	10.2	38.7	0.0	49.7	.Autoclave.Outputs.PRESSIP\OutputValue	-5.4	43.7	27.4	-1.0	0.0	-1.0	-1.0	-1.0	0.0	0.0	0.0	-1.0	-1.0	0.0	0.0	0.0	-1.0	0.0
09:19:06	47.0	269.4	268.3	273.4	232.2	233.1	274.2	275.7	265.8	266.5	0.1	0.1	0.2	44.9	0.0	0.2	0.1	275.7	232.2	5.2	3.9	262.1	253.9	303.6	303.7	303.1	317.0	100.6	47.0	18.4	0.0	306.0	290.8	44.0	74.6	10.4	34.8	0.0	49.1	.Autoclave.Outputs.PRESSIP\OutputValue	-6.0	43.6	27.9	-1.0	0.0	-1.0	-1.0	-1.0	0.0	0.0	0.0	-1.0	-1.0	0.0	0.0	0.0	-1.0	0.0
09:20:06	48.0	274.2	272.5	277.8	236.8	237.3	279.2	279.9	269.9	270.8	0.1	0.1	0.2	43.9	0.0	0.2	0.1	279.9	236.8	4.9	4.1	266.5	258.3	308.2	308.2	307.5	321.5	100.6	48.0	19.4	0.0	310.9	295.4	44.0	76.8	10.7	44.7	0.0	53.7	.Autoclave.Outputs.PRESSIP\OutputValue	-5.8	43.2	28.2	-1.0	0.0	-1.0	-1.0	-1.0	0.0	0.0	0.0	-1.0	-1.0	0.0	0.0	0.0	-1.0	0.0
09:21:06	49.0	278.5	277.3	282.3	241.1	241.8	283.3	284.7	273.6	275.8	0.1	0.1	0.2	44.2	0.0	0.2	0.1	284.7	241.1	5.0	4.1	270.9	262.9	312.5	312.5	311.7	326.5	100.7	49.0	20.3	0.0	314.9	299.8	44.0	75.5	10.9	41.4	0.0	51.1	.Autoclave.Outputs.PRESSIP\OutputValue	-6.0	43.7	27.7	-1.0	0.0	-1.0	-1.0	-1.0	0.0	0.0	0.0	-1.0	-1.0	0.0	0.0	0.0	-1.0	0.0
09:22:06	50.0	284.0	281.3	286.6	245.4	246.2	288.4	289.7	279.7	280.2	0.1	0.1	0.2	44.5	0.0	0.2	0.1	289.7	245.4	5.1	4.1	275.7	267.5	316.9	316.9	316.2	330.1	100.6	50.0	21.4	0.0	319.1	304.4	44.0	74.0	11.1	38.7	0.0	48.1	.Autoclave.Outputs.PRESSIP\OutputValue	-6.0	44.4	27.1	-1.0	0.0	-1.0	-1.0	-1.0	0.0	0.0	0.0	-1.0	-1.0	0.0	0.0	0.0	-1.0	0.0
09:23:06	51.0	287.3	286.4	291.1	250.3	250.7	293.1	294.3	283.8	284.9	0.1	0.2	0.2	44.8	0.0	0.2	0.1	294.3	250.3	5.3	4.5	280.2	272.3	321.5	321.6	320.8	335.0	100.7	51.0	22.4	0.0	323.3	308.8	44.0	71.4	11.4	35.7	0.0	42.8	.Autoclave.Outputs.PRESSIP\OutputValue	-6.0	44.1	27.1	-1.0	0.0	-1.0	-1.0	-1.0	0.0	0.0	0.0	-1.0	-1.0	0.0	0.0	0.0	-1.0	0.0
09:24:06	52.0	291.9	291.1	295.4	254.8	254.7	296.9	298.0	288.0	289.0	0.1	0.1	0.1	43.9	0.0	0.1	0.1	298.0	254.7	6.2	3.7	284.4	276.4	326.1	326.1	325.4	341.7	100.6	52.0	23.4	0.0	328.5	313.4	44.0	77.1	11.6	44.9	0.0	54.1	.Autoclave.Outputs.PRESSIP\OutputValue	-5.8	43.3	28.0	-1.0	0.0	-1.0	-1.0	-1.0	0.0	0.0	0.0	-1.0	-1.0	0.0	0.0	0.0	-1.0	0.0
09:25:06	53.0	296.2	295.4	300.1	259.1	259.2	302.3	303.1	291.9	294.0	0.1	0.1	0.2	44.1	0.0	0.2	0.1	303.1	259.1	5.2	2.8	289.0	281.1	330.7	330.7	329.9	343.8	100.7	53.0	24.4	0.0	332.7	317.9	44.0	73.4	11.8	42.8	0.0	46.9	.Autoclave.Outputs.PRESSIP\OutputValue	-5.9	44.1	27.5	-1.0	0.0	-1.0	-1.0	-1.0	0.0	0.0	0.0	-1.0	-1.0	0.0	0.0	0.0	-1.0	0.0
09:26:06	54.0	301.0	300.1	304.5	263.3	263.4	306.3	307.5	297.0	298.4	0.1	0.1	0.2	44.5	0.0	0.2	0.1	307.5	263.3	6.7	4.2	293.5	285.4	335.2	335.2	334.4	348.6	100.7	54.0	25.4	0.0	337.4	322.4	44.0	75.6	12.1	39.5	0.0	51.1	.Autoclave.Outputs.PRESSIP\OutputValue	-6.0	44.3	27.6	-1.0	0.0	-1.0	-1.0	-1.0	0.0	0.0	0.0	-1.0	-1.0	0.0	0.0	0.0	-1.0	0.0
09:27:06	55.0	305.5	304.0	308.9	267.7	267.7	310.9	312.1	303.4	302.6	0.1	0.2	0.2	44.7	0.0	0.2	0.1	312.1	267.7	5.2	3.7	298.1	289.9	339.2	339.2	338.4	353.1	100.7	55.0	26.4	0.0	341.6	326.8	44.0	77.0	12.3	36.6	0.0	54.0	.Autoclave.Outputs.PRESSIP\OutputValue	-6.0	44.5	27.0	-1.0	0.0	-1.0	-1.0	-1.0	0.0	0.0	0.0	-1.0	-1.0	0.0	0.0	0.0	-1.0	0.0
09:28:06	56.0	310.2	308.9	313.4	272.3	272.4	315.9	316.9	306.3	307.2	0.1	0.1	0.2	44.0	0.0	0.2	0.1	316.9	272.3	5.2	4.5	302.6	294.6	343.2	343.3	342.5	356.5	100.6	56.0	27.3	0.0	345.9	331.3	44.0	77.1	12.5	44.0	0.0	54.2	.Autoclave.Outputs.PRESSIP\OutputValue	-6.0	44.7	26.2	-1.0	0.0	-1.0	-1.0	-1.0	0.0	0.0	0.0	-1.0	-1.0	0.0	0.0	0.0	-1.0	0.0
09:29:06	57.0	314.7	313.3	317.8	276.7	276.6	320.6	321.8	311.2	312.0	0.1	0.2	0.2	44.3	0.0	0.2	0.1	321.8	276.6	5.1	4.2	307.2	299.2	348.2	348.2	347.4	361.9	100.7	57.0	28.3	0.0	350.0	335.8	44.0	73.4	12.8	40.6	0.0	46.7	.Autoclave.Outputs.PRESSIP\OutputValue	-6.0	45.2	26.4	-1.0	0.0	-1.0	-1.0	-1.0	0.0	0.0	0.0	-1.0	-1.0	0.0	0.0	0.0	-1.0	0.0
09:30:06	58.0	319.5	317.5	322.3	281.2	281.0	324.8	325.8	315.3	316.4	0.1	0.2	0.3	44.7	0.0	0.3	0.1	325.8	281.0	4.7	4.1	311.5	303.4	352.5	352.5	351.6	367.4	100.8	58.0	29.4	0.0	354.8	340.4	44.0	77.0	13.0	37.4	0.0	54.0	.Autoclave.Outputs.PRESSIP\OutputValue	-6.0	44.8	26.7	-1.0	0.0	-1.0	-1.0	-1.0	0.0	0.0	0.0	-1.0	-1.0	0.0	0.0	0.0	-1.0	0.0
09:31:06	59.0	324.1	322.3	326.7	285.8	285.7	329.7	330.2	320.2	321.3	0.1	0.2	0.3	45.0	0.0	0.3	0.1	330.2	285.7	5.0	4.4	316.2	308.0	357.0	357.0	356.2	371.1	100.8	59.0	30.3	0.0	359.3	344.8	44.0	76.2	13.2	34.6	0.0	52.3	.Autoclave.Outputs.PRESSIP\OutputValue	-6.0	44.5	26.8	-1.0	0.0	-1.0	-1.0	-1.0	0.0	0.0	0.0	-1.0	-1.0	0.0	0.0	0.0	-1.0	0.0
09:32:06	60.0	328.5	326.7	331.2	290.4	290.3	334.2	335.2	325.8	325.6	0.1	0.2	0.3	44.3	0.0	0.3	0.1	335.2	290.3	5.4	4.2	320.9	312.8	361.8	361.8	361.0	375.9	100.6	60.0	31.4	0.0	363.7	349.4	44.0	74.3	13.4	41.2	0.0	48.6	.Autoclave.Outputs.PRESSIP\OutputValue	-6.0	44.9	26.6	-1.0	0.0	-1.0	-1.0	-1.0	0.0	0.0	0.0	-1.0	-1.0	0.0	0.0	0.0	-1.0	0.0
09:33:06	61.0	333.0	330.9	335.8	295.0	294.7	338.6	339.6	329.3	330.0	0.1	0.2	0.3	44.5	0.0	0.3	0.1	339.6	294.7	4.7	4.1	325.2	317.2	366.1	366.2	365.3	380.6	100.7	61.0	32.4	0.0	368.0	353.9	44.0	75.1	13.7	38.3	0.0	50.1	.Autoclave.Outputs.PRESSIP\OutputValue	-6.0	44.9	26.5	-1.0	0.0	-1.0	-1.0	-1.0	0.0	0.0	0.0	-1.0	-1.0	0.0	0.0	0.0	-1.0	0.0
09:34:06	62.0	336.4	334.7	339.5	299.2	298.8	339.2	343.0	331.3	333.8	0.1	0.2	0.3	43.5	0.0	0.3	0.1	343.0	298.8	4.5	1.0	328.4	320.9	363.7	363.4	362.5	351.7	100.6	62.0	33.3	0.0	367.1	355.0	44.0	83.7	13.7	49.2	0.0	67.5	.Autoclave.Outputs.PRESSIP\OutputValue	-5.9	44.2	20.7	-1.0	0.0	-1.0	-1.0	-1.0	0.0	0.0	0.0	-1.0	-1.0	0.0	0.0	0.0	-1.0	0.0
09:35:06	63.0	335.4	335.3	340.3	301.3	300.8	339.1	341.9	332.1	333.8	0.2	0.2	0.4	44.4	0.0	0.4	0.2	341.9	300.8	2.0	-1.3	328.9	321.4	359.4	359.6	358.8	375.4	100.8	63.0	34.4	0.0	368.3	355.0	44.0	100.0	0.0	40.3	0.0	100.0	.Autoclave.Outputs.PRESSIP\OutputValue	-5.7	41.1	17.5	-1.0	0.0	-1.0	-1.0	-1.0	0.0	0.0	0.0	-1.0	-1.0	0.0	0.0	0.0	-1.0	0.0
09:36:06	64.0	339.0	338.5	343.3	305.2	304.7	342.4	345.3	335.5	337.1	0.1	0.2	0.4	44.3	0.0	0.4	0.1	345.3	304.7	4.0	2.7	332.3	325.0	363.0	363.0	362.2	370.1	100.7	64.0	35.4	0.0	364.7	355.0	44.0	59.6	0.3	41.4	0.0	19.3	.Autoclave.Outputs.PRESSIP\OutputValue	-6.0	40.6	17.7	-1.0	0.0	-1.0	-1.0	-1.0	0.0	0.0	0.0	-1.0	-1.0	0.0	0.0	0.0	-1.0	0.0
09:37:06	65.0	341.3	340.6	345.1	307.9	308.0	343.8	346.8	338.2	339.0	0.1	0.2	0.4	44.2	0.0	0.4	0.1	346.8	307.9	3.2	1.2	334.5	327.3	361.8	361.7	361.0	368.9	100.7	65.0	36.4	0.0	363.3	355.0	44.0	58.5	0.5	41.4	0.0	17.0	.Autoclave.Outputs.PRESSIP\OutputValue	-6.0	38.9	15.0	-1.0	0.0	-1.0	-1.0	-1.0	0.0	0.0	0.0	-1.0	-1.0	0.0	0.0	0.0	-1.0	0.0
09:38:06	66.0	341.8	342.6	346.5	310.8	310.7	344.7	347.7	339.6	340.4	0.1	0.2	0.4	44.2	0.0	0.4	0.1	347.7	310.7	2.9	0.8	336.1	329.2	360.9	360.9	360.1	368.2	100.9	66.0	37.4	0.0	362.3	355.0	44.0	57.3	0.6	41.5	0.0	14.6	.Autoclave.Outputs.PRESSIP\OutputValue	-6.0	37.1	13.2	-1.0	0.0	-1.0	-1.0	-1.0	0.0	0.0	0.0	-1.0	-1.0	0.0	0.0	0.0	-1.0	0.0
09:39:06	67.0	343.5	343.9	347.9	313.5	313.1	345.5	348.6	340.9	341.8	0.2	0.2	0.4	44.2	0.0	0.4	0.2	348.6	313.1	2.8	0.4	337.6	330.8	360.0	360.0	359.3	367.2	100.9	67.0	38.4	0.0	361.4	355.0	44.0	57.5	0.7	41.7	0.0	14.9	.Autoclave.Outputs.PRESSIP\OutputValue	-6.0	35.6	11.4	-1.0	0.0	-1.0	-1.0	-1.0	0.0	0.0	0.0	-1.0	-1.0	0.0	0.0	0.0	-1.0	0.0
09:40:06	68.0	344.4	344.9	348.8	315.9	315.5	346.4	349.5	342.4	343.2	0.2	0.2	0.4	44.2	0.0	0.4	0.2	349.5	315.5	2.5	0.5	339.0	332.5	359.2	359.3	358.5	366.5	100.9	68.0	39.4	0.0	360.6	355.0	44.0	58.3	0.9	40.4	0.0	16.5	.Autoclave.Outputs.PRESSIP\OutputValue	-6.0	34.1	9.7	-1.0	0.0	-1.0	-1.0	-1.0	0.0	0.0	0.0	-1.0	-1.0	0.0	0.0	0.0	-1.0	0.0
09:41:06	69.0	345.2	346.4	349.5	318.3	317.9	347.2	350.2	343.1	344.2	0.1	0.2	0.4	44.2	0.0	0.4	0.1	350.2	317.9	2.4	0.7	340.2	334.0	358.7	358.7	357.9	365.4	101.0	69.0	40.4	0.0	359.9	355.0	44.0	56.4	1.0	41.9	0.0	12.8	.Autoclave.Outputs.PRESSIP\OutputValue	-6.0	32.4	8.5	-1.0	0.0	-1.0	-1.0	-1.0	0.0	0.0	0.0	-1.0	-1.0	0.0	0.0	0.0	-1.0	0.0
09:42:06	70.0	346.1	347.5	350.2	320.3	320.1	347.6	350.8	344.5	345.3	0.2	0.2	0.5	44.2	0.0	0.5	0.2	350.8	320.1	2.3	0.2	341.4	335.4	358.2	358.2	357.3	364.6	100.9	70.0	41.4	0.0	359.2	355.0	44.0	56.5	1.1	42.1	0.0	13.0	.Autoclave.Outputs.PRESSIP\OutputValue	-6.0	30.8	7.4	-1.0	0.0	-1.0	-1.0	-1.0	0.0	0.0	0.0	-1.0	-1.0	0.0	0.0	0.0	-1.0	0.0
09:43:06	71.0	347.1	348.1	350.8	322.4	322.1	348.1	351.2	345.7	346.3	0.1	0.2	0.5	44.2	0.0	0.5	0.1	351.2	322.1	2.1	0.3	342.4	336.6	357.7	357.7	357.0	363.9	101.1	71.0	42.4	0.0	358.7	355.0	44.0	56.6	1.2	42.1	0.0	13.2	.Autoclave.Outputs.PRESSIP\OutputValue	-6.0	29.2	6.5	-1.0	0.0	-1.0	-1.0	-1.0	0.0	0.0	0.0	-1.0	-1.0	0.0	0.0	0.0	-1.0	0.0
09:44:06	72.0	347.7	349.1	351.3	324.1	324.0	348.5	351.6	346.3	347.1	0.1	0.2	0.5	44.2	0.0	0.5	0.1	351.6	324.0	1.9	0.4	343.3	337.8	357.4	357.4	356.7	363.6	101.0	72.0	43.4	0.0	358.4	355.0	44.0	56.7	1.3	42.3	0.0	13.4	.Autoclave.Outputs.PRESSIP\OutputValue	-6.0	27.7	5.8	-1.0	0.0	-1.0	-1.0	-1.0	0.0	0.0	0.0	-1.0	-1.0	0.0	0.0	0.0	-1.0	0.0
09:45:06	73.0	348.5	349.4	351.7	325.8	325.8	349.3	352.0	347.2	347.9	0.2	0.2	0.5	44.2	0.0	0.5	0.2	352.0	325.8	1.8	0.3	344.2	338.9	357.0	357.0	356.2	363.2	101.0	73.0	44.4	0.0	358.1	355.0	44.0	56.8	1.4	41.9	0.0	13.6	.Autoclave.Outputs.PRESSIP\OutputValue	-6.0	26.3	5.0	-1.0	0.0	-1.0	-1.0	-1.0	0.0	0.0	0.0	-1.0	-1.0	0.0	0.0	0.0	-1.0	0.0
09:46:06	74.0	348.9	350.2	351.9	327.6	327.4	349.4	352.2	348.1	348.4	0.2	0.2	0.6	44.2	0.0	0.6	0.2	352.2	327.4	1.7	0.1	344.9	339.8	356.8	356.8	356.0	362.9	101.0	74.0	45.4	0.0	357.8	355.0	44.0	56.2	1.5	42.3	0.0	12.5	.Autoclave.Outputs.PRESSIP\OutputValue	-6.0	24.9	4.6	-1.0	0.0	-1.0	-1.0	-1.0	0.0	0.0	0.0	-1.0	-1.0	0.0	0.0	0.0	-1.0	0.0
09:47:06	75.0	350.0	350.7	352.3	329.1	329.1	349.7	352.6	348.8	349.1	0.2	0.2	0.6	44.2	0.0	0.6	0.2	352.6	329.1	1.6	0.2	345.7	340.8	356.5	356.5	355.8	362.3	101.0	75.0	46.4	0.0	357.4	355.0	44.0	55.0	1.6	42.5	0.0	10.0	.Autoclave.Outputs.PRESSIP\OutputValue	-6.0	23.6	3.9	-1.0	0.0	-1.0	-1.0	-1.0	0.0	0.0	0.0	-1.0	-1.0	0.0	0.0	0.0	-1.0	0.0
09:48:06	76.0	350.2	351.3	352.5	330.7	330.5	350.5	352.8	349.5	349.5	0.1	0.2	0.5	44.2	0.0	0.5	0.1	352.8	330.5	1.7	0.2	346.4	341.6	356.4	356.4	355.7	362.7	101.1	76.0	47.4	0.0	357.1	355.0	44.0	54.4	1.7	42.1	0.0	8.8	.Autoclave.Outputs.PRESSIP\OutputValue	-6.0	22.4	3.6	-1.0	0.0	-1.0	-1.0	-1.0	0.0	0.0	0.0	-1.0	-1.0	0.0	0.0	0.0	-1.0	0.0
09:49:06	77.0	350.7	351.6	352.7	332.1	331.8	351.0	353.0	350.0	350.2	0.1	0.2	0.6	44.2	0.0	0.6	0.1	353.0	331.8	1.3	0.2	347.0	342.4	356.1	356.1	355.4	362.1	101.2	77.0	48.4	0.0	356.9	355.0	44.0	56.5	1.8	42.1	0.0	13.0	.Autoclave.Outputs.PRESSIP\OutputValue	-6.0	21.2	3.1	-1.0	0.0	-1.0	-1.0	-1.0	0.0	0.0	0.0	-1.0	-1.0	0.0	0.0	0.0	-1.0	0.0
09:50:06	78.0	351.0	352.0	352.8	333.4	333.1	350.9	353.3	350.4	350.7	0.2	0.2	0.6	44.2	0.0	0.6	0.2	353.3	333.1	1.5	0.2	347.5	343.2	355.9	355.9	355.2	361.5	101.2	78.0	49.4	0.0	356.7	355.0	44.0	55.2	1.8	42.5	0.0	10.5	.Autoclave.Outputs.PRESSIP\OutputValue	-6.0	20.2	2.6	-1.0	0.0	-1.0	-1.0	-1.0	0.0	0.0	0.0	-1.0	-1.0	0.0	0.0	0.0	-1.0	0.0
09:51:06	79.0	351.3	352.2	353.0	334.5	334.3	351.1	353.4	350.7	351.0	0.2	0.2	0.6	44.2	0.0	0.6	0.2	353.4	334.3	1.3	-1.0	347.9	343.8	355.8	355.9	355.1	361.5	101.3	79.0	50.4	0.0	356.5	355.0	44.0	54.6	1.9	42.3	0.0	9.3	.Autoclave.Outputs.PRESSIP\OutputValue	-6.0	19.1	2.4	-1.0	0.0	-1.0	-1.0	-1.0	0.0	0.0	0.0	-1.0	-1.0	0.0	0.0	0.0	-1.0	0.0
09:52:06	80.0	351.5	352.3	353.1	335.7	335.5	351.3	353.6	351.3	351.4	0.2	0.2	0.6	44.2	0.0	0.6	0.2	353.6	335.5	1.2	0.2	348.4	344.5	355.7	355.7	354.9	361.5	101.3	80.0	51.4	0.0	356.4	355.0	44.0	54.7	2.0	41.9	0.0	9.4	.Autoclave.Outputs.PRESSIP\OutputValue	-6.0	18.1	2.1	-1.0	0.0	-1.0	-1.0	-1.0	0.0	0.0	0.0	-1.0	-1.0	0.0	0.0	0.0	-1.0	0.0
09:53:06	81.0	352.0	352.7	353.1	336.8	336.7	351.5	353.7	351.5	351.8	0.2	0.2	0.7	44.2	0.0	0.7	0.2	353.7	336.7	1.2	0.0	348.9	345.2	355.6	355.5	354.9	360.9	101.3	81.0	52.4	0.0	356.3	355.0	44.0	55.5	2.0	42.3	0.0	10.9	.Autoclave.Outputs.PRESSIP\OutputValue	-6.0	17.0	1.9	-1.0	0.0	-1.0	-1.0	-1.0	0.0	0.0	0.0	-1.0	-1.0	0.0	0.0	0.0	-1.0	0.0
09:54:06	82.0	352.0	353.1	353.3	337.8	337.6	351.8	353.8	352.4	352.1	0.2	0.2	0.7	44.2	0.0	0.7	0.2	353.8	337.6	1.0	-0.2	349.3	345.7	355.5	355.5	354.7	361.1	101.1	82.0	53.4	0.0	356.1	355.0	44.0	54.2	2.1	41.9	0.0	8.4	.Autoclave.Outputs.PRESSIP\OutputValue	-6.0	16.2	1.7	-1.0	0.0	-1.0	-1.0	-1.0	0.0	0.0	0.0	-1.0	-1.0	0.0	0.0	0.0	-1.0	0.0
09:55:06	83.0	352.5	353.2	353.3	338.7	338.7	351.9	354.0	352.2	352.3	0.2	0.2	0.7	44.2	0.0	0.7	0.2	354.0	338.7	1.1	0.0	349.6	346.3	355.4	355.4	354.7	361.3	101.2	83.0	54.4	0.0	356.1	355.0	44.0	54.9	2.2	41.9	0.0	9.9	.Autoclave.Outputs.PRESSIP\OutputValue	-6.0	15.3	1.4	-1.0	0.0	-1.0	-1.0	-1.0	0.0	0.0	0.0	-1.0	-1.0	0.0	0.0	0.0	-1.0	0.0
09:56:06	84.0	352.9	353.2	353.4	339.9	339.7	352.1	354.1	352.5	352.4	0.1	0.2	0.8	44.2	0.0	0.8	0.1	354.1	339.7	1.0	-0.5	350.0	346.9	355.3	355.3	354.5	360.9	101.2	84.0	55.4	0.0	355.9	355.0	44.0	55.0	2.3	41.9	0.0	10.0	.Autoclave.Outputs.PRESSIP\OutputValue	-6.0	14.4	1.2	-1.0	0.0	-1.0	-1.0	-1.0	0.0	0.0	0.0	-1.0	-1.0	0.0	0.0	0.0	-1.0	0.0
09:57:06	85.0	352.7	353.8	353.5	340.6	340.5	352.4	354.2	352.9	352.7	0.2	0.2	0.7	44.2	0.0	0.7	0.2	354.2	340.5	0.8	0.0	350.4	347.3	355.3	355.3	354.5	360.6	101.2	85.0	56.4	0.0	355.9	355.0	44.0	54.4	2.3	41.9	0.0	8.8	.Autoclave.Outputs.PRESSIP\OutputValue	-6.0	13.7	1.1	-1.0	0.0	-1.0	-1.0	-1.0	0.0	0.0	0.0	-1.0	-1.0	0.0	0.0	0.0	-1.0	0.0
09:58:06	86.0	353.2	353.6	353.6	341.4	341.2	352.4	354.2	352.9	352.8	0.2	0.2	0.7	44.2	0.0	0.7	0.2	354.2	341.2	0.9	0.0	350.6	347.7	355.1	355.1	354.5	360.7	101.2	86.0	57.4	0.0	355.8	355.0	44.0	54.5	2.4	41.9	0.0	8.9	.Autoclave.Outputs.PRESSIP\OutputValue	-6.0	13.0	0.9	-1.0	0.0	-1.0	-1.0	-1.0	0.0	0.0	0.0	-1.0	-1.0	0.0	0.0	0.0	-1.0	0.0
09:59:06	87.0	353.3	353.6	353.6	342.3	342.0	352.4	354.2	353.1	353.0	0.2	0.2	0.7	44.2	0.0	0.7	0.2	354.2	342.0	0.8	-0.1	350.8	348.1	355.2	355.2	354.4	360.5	101.3	87.0	58.4	0.0	355.7	355.0	44.0	53.8	2.4	41.7	0.0	7.7	.Autoclave.Outputs.PRESSIP\OutputValue	-6.0	12.2	1.0	-1.0	0.0	-1.0	-1.0	-1.0	0.0	0.0	0.0	-1.0	-1.0	0.0	0.0	0.0	-1.0	0.0
10:00:06	88.0	353.1	353.5	353.5	342.8	342.6	352.7	354.3	353.0	353.0	0.2	0.2	0.7	44.2	0.0	0.7	0.2	354.3	342.6	0.7	-0.3	350.9	348.4	355.1	355.1	354.3	360.6	101.3	88.0	59.4	0.0	355.7	355.0	44.0	54.6	2.5	41.9	0.0	9.1	.Autoclave.Outputs.PRESSIP\OutputValue	-6.0	11.7	0.8	-1.0	0.0	-1.0	-1.0	-1.0	0.0	0.0	0.0	-1.0	-1.0	0.0	0.0	0.0	-1.0	0.0
10:01:06	89.0	353.8	353.6	353.6	343.5	343.3	352.6	354.4	353.6	353.2	0.2	0.2	0.7	44.2	0.0	0.7	0.2	354.4	343.3	0.9	-0.2	351.3	348.8	355.1	355.2	354.4	360.6	101.3	89.0	60.3	0.0	355.6	355.0	44.0	54.0	2.6	41.5	0.0	7.9	.Autoclave.Outputs.PRESSIP\OutputValue	-6.0	11.1	0.7	-1.0	0.0	-1.0	-1.0	-1.0	0.0	0.0	0.0	-1.0	-1.0	0.0	0.0	0.0	-1.0	0.0
10:02:06	90.0	353.2	353.8	353.6	344.0	344.0	352.8	354.3	353.4	353.3	0.2	0.2	0.7	44.2	0.0	0.7	0.2	354.3	344.0	0.6	-0.8	351.4	349.1	355.0	355.0	354.3	360.2	101.2	90.0	61.4	0.0	355.6	355.0	44.0	53.4	2.6	41.9	0.0	6.7	.Autoclave.Outputs.PRESSIP\OutputValue	-6.0	10.3	0.7	-1.0	0.0	-1.0	-1.0	-1.0	0.0	0.0	0.0	-1.0	-1.0	0.0	0.0	0.0	-1.0	0.0
10:03:06	91.0	353.3	353.8	353.5	344.7	344.5	352.8	354.4	353.9	353.4	0.2	0.2	0.6	44.2	0.0	0.6	0.2	354.4	344.5	0.6	-0.5	351.6	349.4	354.9	354.9	354.2	360.6	101.4	91.0	62.4	0.0	355.5	355.0	44.0	54.8	2.7	41.7	0.0	9.5	.Autoclave.Outputs.PRESSIP\OutputValue	-6.0	9.9	0.5	-1.0	0.0	-1.0	-1.0	-1.0	0.0	0.0	0.0	-1.0	-1.0	0.0	0.0	0.0	-1.0	0.0
10:04:06	92.0	353.5	353.7	353.5	345.1	345.0	353.0	354.5	353.5	353.4	0.2	0.2	0.7	44.3	0.0	0.7	0.2	354.5	345.0	0.7	-0.4	351.7	349.7	355.0	355.0	354.3	360.9	101.4	92.0	63.4	0.0	355.6	355.0	44.0	55.5	2.7	41.4	0.0	11.0	.Autoclave.Outputs.PRESSIP\OutputValue	-6.0	9.5	0.5	-1.0	0.0	-1.0	-1.0	-1.0	0.0	0.0	0.0	-1.0	-1.0	0.0	0.0	0.0	-1.0	0.0
10:04:20	92.3	353.4	353.6	353.6	345.4	345.3	352.9	354.3	353.6	353.4	0.2	0.2	0.6	44.3	0.0	0.6	0.2	354.3	345.3	0.6	-0.1	351.7	349.8	355.0	354.9	354.3	360.8	101.4	92.2	63.6	0.0	355.7	355.0	44.0	54.8	2.8	41.5	0.0	9.7	.Autoclave.Outputs.PRESSIP\OutputValue	-6.0	9.0	0.7	-1.0	0.0	-1.0	-1.0	-1.0	0.0	0.0	0.0	-1.0	-1.0	0.0	0.0	0.0	-1.0	0.0
10:05:06	93.0	353.7	353.9	353.6	345.7	345.6	353.0	354.4	353.9	353.5	0.2	0.2	0.6	44.2	0.0	0.6	0.2	354.4	345.6	0.6	-0.1	351.9	350.0	354.9	354.9	354.1	360.7	101.6	93.0	0.8	89.2	355.5	355.0	44.0	54.9	2.8	41.4	0.0	9.8	.Autoclave.Outputs.PRESSIP\OutputValue	-6.0	8.8	0.5	-1.0	0.0	-1.0	-1.0	-1.0	0.0	0.0	0.0	-1.0	-1.0	0.0	0.0	0.0	-1.0	0.0
10:06:06	94.0	353.8	353.8	353.6	346.3	346.1	353.2	354.3	353.9	353.4	0.2	0.2	0.6	44.3	0.0	0.6	0.2	354.3	346.1	0.5	-0.2	352.0	350.2	355.1	355.1	354.3	361.1	101.3	94.0	1.8	88.2	355.7	355.0	44.0	55.0	2.9	41.4	0.0	9.9	.Autoclave.Outputs.PRESSIP\OutputValue	-6.0	8.2	0.8	-1.0	0.0	-1.0	-1.0	-1.0	0.0	0.0	0.0	-1.0	-1.0	0.0	0.0	0.0	-1.0	0.0
10:07:06	95.0	353.7	353.8	353.5	346.6	346.5	353.1	354.3	353.8	353.5	0.2	0.2	0.6	44.3	0.0	0.6	0.2	354.3	346.5	0.5	-0.1	352.1	350.4	354.9	354.9	354.2	361.1	101.4	95.0	2.8	87.2	355.7	355.0	44.0	57.0	2.9	41.4	0.0	14.0	.Autoclave.Outputs.PRESSIP\OutputValue	-6.0	7.8	0.6	-1.0	0.0	-1.0	-1.0	-1.0	0.0	0.0	0.0	-1.0	-1.0	0.0	0.0	0.0	-1.0	0.0
10:08:06	96.0	353.8	353.9	353.5	347.0	346.9	353.3	354.3	353.5	353.5	0.2	0.2	0.6	44.2	0.0	0.6	0.2	354.3	346.9	0.5	-1.6	352.2	350.6	355.1	355.1	354.3	360.6	101.4	96.0	3.8	86.2	355.6	355.0	44.0	55.1	3.0	41.7	0.0	10.2	.Autoclave.Outputs.PRESSIP\OutputValue	-6.0	7.4	0.8	-1.0	0.0	-1.0	-1.0	-1.0	0.0	0.0	0.0	-1.0	-1.0	0.0	0.0	0.0	-1.0	0.0
10:09:06	97.0	353.9	353.7	353.6	347.5	347.4	353.4	354.5	352.9	353.5	0.2	0.2	0.6	44.3	0.0	0.6	0.2	354.5	347.4	0.7	-0.1	352.3	350.9	355.1	355.1	354.2	360.7	101.5	97.0	4.8	85.2	355.7	355.0	44.0	56.5	3.1	41.2	0.0	12.9	.Autoclave.Outputs.PRESSIP\OutputValue	-6.0	7.1	0.6	-1.0	0.0	-1.0	-1.0	-1.0	0.0	0.0	0.0	-1.0	-1.0	0.0	0.0	0.0	-1.0	0.0
10:10:06	98.0	353.6	354.0	353.6	347.8	347.8	353.4	354.3	353.2	353.6	0.2	0.2	0.6	44.3	0.0	0.6	0.2	354.3	347.8	0.5	-1.6	352.4	351.0	354.9	354.9	354.2	360.9	101.6	98.0	5.8	84.2	355.6	355.0	44.0	55.9	3.1	41.2	0.0	11.7	.Autoclave.Outputs.PRESSIP\OutputValue	-6.0	6.5	0.6	-1.0	0.0	-1.0	-1.0	-1.0	0.0	0.0	0.0	-1.0	-1.0	0.0	0.0	0.0	-1.0	0.0
10:11:06	99.0	353.7	354.0	353.6	348.3	348.1	353.5	354.4	353.7	353.5	0.2	0.2	0.6	44.3	0.0	0.6	0.2	354.4	348.1	0.8	-0.3	352.5	351.2	354.9	354.9	354.2	360.4	101.4	99.0	6.8	83.2	355.5	355.0	44.0	53.9	3.2	41.2	0.0	7.8	.Autoclave.Outputs.PRESSIP\OutputValue	-6.0	6.3	0.5	-1.0	0.0	-1.0	-1.0	-1.0	0.0	0.0	0.0	-1.0	-1.0	0.0	0.0	0.0	-1.0	0.0
10:12:06	100.0	353.9	353.9	353.6	348.6	348.5	353.5	354.5	353.9	353.5	0.2	0.2	0.5	44.3	0.0	0.5	0.2	354.5	348.5	1.2	-0.9	352.7	351.5	355.0	355.0	354.3	360.6	101.6	100.0	7.8	82.2	355.5	355.0	44.0	55.3	3.2	41.0	0.0	10.6	.Autoclave.Outputs.PRESSIP\OutputValue	-6.0	6.0	0.5	-1.0	0.0	-1.0	-1.0	-1.0	0.0	0.0	0.0	-1.0	-1.0	0.0	0.0	0.0	-1.0	0.0
10:13:06	101.0	353.7	353.9	353.6	348.9	348.7	353.4	354.5	354.7	353.6	0.2	0.2	0.5	44.3	0.0	0.5	0.2	354.7	348.7	1.0	-0.8	352.8	351.7	354.9	355.0	354.3	360.6	101.7	101.0	8.8	81.2	355.5	355.0	44.0	56.0	3.3	41.0	0.0	12.1	.Autoclave.Outputs.PRESSIP\OutputValue	-6.0	6.0	0.2	-1.0	0.0	-1.0	-1.0	-1.0	0.0	0.0	0.0	-1.0	-1.0	0.0	0.0	0.0	-1.0	0.0
10:14:06	102.0	353.8	354.0	353.6	349.1	349.1	353.5	354.5	354.4	353.7	0.2	0.2	0.5	44.3	0.0	0.5	0.2	354.5	349.1	0.4	0.0	352.9	351.8	355.1	355.1	354.3	360.7	101.6	102.0	9.8	80.2	355.5	355.0	44.0	54.7	3.3	41.0	0.0	9.5	.Autoclave.Outputs.PRESSIP\OutputValue	-6.0	5.4	0.6	-1.0	0.0	-1.0	-1.0	-1.0	0.0	0.0	0.0	-1.0	-1.0	0.0	0.0	0.0	-1.0	0.0
10:15:06	103.0	353.7	354.3	353.7	349.5	349.4	353.6	354.4	353.8	353.6	0.2	0.2	0.5	44.3	0.0	0.5	0.2	354.4	349.4	0.3	-0.6	352.9	351.9	354.9	354.9	354.1	360.6	101.6	103.0	10.8	79.2	355.5	355.0	44.0	55.5	3.4	41.2	0.0	10.9	.Autoclave.Outputs.PRESSIP\OutputValue	-6.0	5.0	0.5	-1.0	0.0	-1.0	-1.0	-1.0	0.0	0.0	0.0	-1.0	-1.0	0.0	0.0	0.0	-1.0	0.0
10:16:06	104.0	353.8	354.0	353.7	349.6	349.6	353.7	354.4	355.5	353.7	0.2	0.2	0.5	44.3	0.0	0.5	0.2	355.5	349.6	0.3	-0.1	353.1	352.5	355.1	355.1	354.3	361.0	101.5	104.0	11.8	78.2	355.6	355.0	44.0	54.9	3.5	40.8	0.0	9.7	.Autoclave.Outputs.PRESSIP\OutputValue	-6.0	5.9	-0.4	-1.0	0.0	-1.0	-1.0	-1.0	0.0	0.0	0.0	-1.0	-1.0	0.0	0.0	0.0	-1.0	0.0
10:17:06	105.0	353.9	354.0	353.7	350.0	349.9	353.8	354.5	354.0	353.8	0.2	0.2	0.5	44.3	0.0	0.5	0.2	354.5	349.9	0.3	-0.1	353.1	352.2	354.9	355.0	354.1	360.1	101.5	105.0	12.8	77.2	355.5	355.0	44.0	56.3	3.5	41.2	0.0	12.5	.Autoclave.Outputs.PRESSIP\OutputValue	-6.0	4.6	0.4	-1.0	0.0	-1.0	-1.0	-1.0	0.0	0.0	0.0	-1.0	-1.0	0.0	0.0	0.0	-1.0	0.0
10:18:06	106.0	353.6	353.7	353.5	350.1	350.0	353.6	354.2	354.1	353.5	0.2	0.2	0.5	44.3	0.0	0.5	0.2	354.2	350.0	0.2	-0.4	352.9	352.1	354.8	354.8	354.1	361.8	101.6	106.0	13.8	76.2	355.8	355.0	44.0	59.1	3.7	40.4	0.0	18.2	.Autoclave.Outputs.PRESSIP\OutputValue	-6.0	4.2	0.6	-1.0	0.0	-1.0	-1.0	-1.0	0.0	0.0	0.0	-1.0	-1.0	0.0	0.0	0.0	-1.0	0.0
10:19:06	107.0	353.3	353.4	353.1	350.1	350.0	353.5	353.7	354.1	353.2	0.2	0.2	0.5	44.4	0.0	0.5	0.2	354.1	350.0	0.1	-1.5	352.7	352.0	354.0	354.0	353.3	362.8	101.7	107.0	14.8	75.2	356.0	355.0	44.0	65.4	3.9	40.2	0.0	30.7	.Autoclave.Outputs.PRESSIP\OutputValue	-6.0	4.1	-0.1	-1.0	0.0	-1.0	-1.0	-1.0	0.0	0.0	0.0	-1.0	-1.0	0.0	0.0	0.0	-1.0	0.0
10:20:06	108.0	353.6	353.7	353.5	350.5	350.5	353.7	354.3	353.9	353.5	0.2	0.2	0.5	44.3	0.0	0.5	0.2	354.3	350.5	1.6	0.4	353.0	352.4	355.0	355.1	354.4	360.7	101.7	108.0	15.8	74.2	355.7	355.0	44.0	56.7	4.0	40.8	0.0	13.4	.Autoclave.Outputs.PRESSIP\OutputValue	-6.0	3.8	0.7	-1.0	0.0	-1.0	-1.0	-1.0	0.0	0.0	0.0	-1.0	-1.0	0.0	0.0	0.0	-1.0	0.0
10:21:06	109.0	353.7	354.0	353.7	350.8	350.8	353.8	354.3	353.9	353.6	0.2	0.2	0.5	44.3	0.0	0.5	0.2	354.3	350.8	0.2	-0.1	353.2	352.5	354.9	354.9	354.2	360.5	101.6	109.0	16.8	73.2	355.6	355.0	44.0	56.8	4.0	40.6	0.0	13.5	.Autoclave.Outputs.PRESSIP\OutputValue	-6.0	3.5	0.6	-1.0	0.0	-1.0	-1.0	-1.0	0.0	0.0	0.0	-1.0	-1.0	0.0	0.0	0.0	-1.0	0.0
10:22:06	110.0	353.7	354.0	353.5	351.1	350.9	353.8	354.5	354.1	353.8	0.2	0.2	0.5	44.3	0.0	0.5	0.2	354.5	350.9	0.4	0.0	353.3	352.7	354.9	354.8	354.1	360.8	101.5	110.0	17.8	72.2	355.5	355.0	44.0	56.2	4.1	40.8	0.0	12.3	.Autoclave.Outputs.PRESSIP\OutputValue	-6.0	3.6	0.4	-1.0	0.0	-1.0	-1.0	-1.0	0.0	0.0	0.0	-1.0	-1.0	0.0	0.0	0.0	-1.0	0.0
10:23:06	111.0	353.8	354.1	353.7	351.2	351.1	354.0	354.5	354.4	353.8	0.2	0.2	0.5	44.3	0.0	0.5	0.2	354.5	351.1	1.5	-0.1	353.4	352.8	355.0	354.9	354.2	360.6	101.6	111.0	18.8	71.2	355.5	355.0	44.0	55.5	4.1	40.6	0.0	11.1	.Autoclave.Outputs.PRESSIP\OutputValue	-6.0	3.4	0.5	-1.0	0.0	-1.0	-1.0	-1.0	0.0	0.0	0.0	-1.0	-1.0	0.0	0.0	0.0	-1.0	0.0
10:24:06	112.0	353.8	354.1	353.6	351.4	351.3	353.8	354.5	354.3	353.8	0.2	0.2	0.5	44.3	0.0	0.5	0.2	354.5	351.3	0.2	-1.7	353.4	352.9	354.9	354.9	354.2	360.4	101.7	112.0	19.8	70.2	355.5	355.0	44.0	56.3	4.2	40.6	0.0	12.5	.Autoclave.Outputs.PRESSIP\OutputValue	-6.0	3.2	0.4	-1.0	0.0	-1.0	-1.0	-1.0	0.0	0.0	0.0	-1.0	-1.0	0.0	0.0	0.0	-1.0	0.0
10:25:06	113.0	354.1	353.8	353.7	351.6	351.5	354.1	354.6	354.1	353.9	0.2	0.2	0.5	44.4	0.0	0.5	0.2	354.6	351.5	0.2	-0.2	353.5	353.0	355.0	355.0	354.3	360.7	101.7	113.0	20.8	69.2	355.5	355.0	44.0	55.0	4.2	40.4	0.0	9.9	.Autoclave.Outputs.PRESSIP\OutputValue	-6.0	3.1	0.4	-1.0	0.0	-1.0	-1.0	-1.0	0.0	0.0	0.0	-1.0	-1.0	0.0	0.0	0.0	-1.0	0.0
10:26:06	114.0	354.0	354.1	353.8	351.7	351.6	353.9	354.6	354.1	353.8	0.2	0.2	0.5	44.4	0.0	0.5	0.2	354.6	351.6	0.4	-0.1	353.5	353.1	355.1	355.1	354.3	360.5	101.8	114.0	21.8	68.2	355.4	355.0	44.0	54.3	4.3	40.4	0.0	8.7	.Autoclave.Outputs.PRESSIP\OutputValue	-6.0	3.0	0.5	-1.0	0.0	-1.0	-1.0	-1.0	0.0	0.0	0.0	-1.0	-1.0	0.0	0.0	0.0	-1.0	0.0
10:27:06	115.0	354.0	354.0	353.6	351.6	351.5	353.7	354.5	354.1	353.8	0.2	0.2	0.5	44.3	0.0	0.5	0.2	354.5	351.5	0.1	-0.5	353.4	353.0	355.1	355.1	354.3	360.3	101.6	115.0	22.8	67.2	355.5	355.0	44.0	54.4	4.3	40.6	0.0	8.7	.Autoclave.Outputs.PRESSIP\OutputValue	-6.0	3.0	0.6	-1.0	0.0	-1.0	-1.0	-1.0	0.0	0.0	0.0	-1.0	-1.0	0.0	0.0	0.0	-1.0	0.0
10:28:06	116.0	353.7	353.7	353.3	351.5	351.5	353.7	354.2	354.0	353.5	0.2	0.2	0.5	44.4	0.0	0.5	0.2	354.2	351.5	0.0	-0.7	353.2	352.8	355.0	355.0	354.2	362.2	101.7	116.0	23.8	66.2	355.7	355.0	44.0	57.2	4.5	40.0	0.0	14.4	.Autoclave.Outputs.PRESSIP\OutputValue	-6.0	2.7	0.8	-1.0	0.0	-1.0	-1.0	-1.0	0.0	0.0	0.0	-1.0	-1.0	0.0	0.0	0.0	-1.0	0.0
10:29:06	117.0	353.4	353.8	353.5	351.8	351.8	353.8	354.5	354.2	353.8	0.2	0.2	0.4	44.4	0.0	0.4	0.2	354.5	351.8	0.5	-0.4	353.4	353.1	355.0	355.0	354.2	361.1	101.7	117.0	24.8	65.2	355.6	355.0	44.0	55.9	4.5	40.2	0.0	11.9	.Autoclave.Outputs.PRESSIP\OutputValue	-6.0	2.7	0.5	-1.0	0.0	-1.0	-1.0	-1.0	0.0	0.0	0.0	-1.0	-1.0	0.0	0.0	0.0	-1.0	0.0
10:30:06	118.0	354.1	353.8	353.6	351.9	351.8	353.9	354.5	354.1	353.8	0.2	0.2	0.5	44.4	0.0	0.5	0.2	354.5	351.8	0.8	0.0	353.5	353.1	355.1	355.0	354.3	360.7	101.8	118.0	25.8	64.2	355.5	355.0	44.0	55.3	4.6	40.6	0.0	10.6	.Autoclave.Outputs.PRESSIP\OutputValue	-6.0	2.7	0.6	-1.0	0.0	-1.0	-1.0	-1.0	0.0	0.0	0.0	-1.0	-1.0	0.0	0.0	0.0	-1.0	0.0
10:31:06	119.0	353.5	353.8	353.6	352.1	352.0	353.8	354.4	354.1	353.8	0.2	0.2	0.5	44.2	0.0	0.5	0.2	354.4	352.0	0.2	-0.2	353.5	353.2	354.9	354.9	354.0	357.1	101.7	119.0	26.8	63.2	355.6	355.0	44.0	56.7	4.6	41.9	0.0	13.4	.Autoclave.Outputs.PRESSIP\OutputValue	-6.0	2.4	0.5	-1.0	0.0	-1.0	-1.0	-1.0	0.0	0.0	0.0	-1.0	-1.0	0.0	0.0	0.0	-1.0	0.0
10:32:06	120.0	353.9	353.6	353.3	352.1	352.0	353.9	354.3	354.1	353.5	0.2	0.2	0.5	44.4	0.0	0.5	0.2	354.3	352.0	0.1	-0.4	353.4	353.1	354.8	354.8	354.1	362.5	101.8	120.0	27.8	62.2	355.8	355.0	44.0	59.0	4.9	39.5	0.0	18.0	.Autoclave.Outputs.PRESSIP\OutputValue	-6.0	2.3	0.5	-1.0	0.0	-1.0	-1.0	-1.0	0.0	0.0	0.0	-1.0	-1.0	0.0	0.0	0.0	-1.0	0.0
10:33:06	121.0	353.8	354.1	353.1	352.3	352.2	354.0	354.5	354.3	353.7	0.2	0.2	0.4	44.4	0.0	0.4	0.2	354.5	352.2	0.6	0.1	353.6	353.3	355.1	355.1	354.3	360.9	101.8	121.0	28.8	61.2	355.5	355.0	44.0	55.6	4.9	40.0	0.0	11.3	.Autoclave.Outputs.PRESSIP\OutputValue	-6.0	2.3	0.6	-1.0	0.0	-1.0	-1.0	-1.0	0.0	0.0	0.0	-1.0	-1.0	0.0	0.0	0.0	-1.0	0.0
10:34:06	122.0	353.9	353.9	353.6	352.5	352.4	353.9	354.5	354.3	353.8	0.2	0.2	0.5	44.4	0.0	0.5	0.2	354.5	352.4	0.4	-0.5	353.6	353.4	354.9	355.0	354.3	360.3	101.9	122.0	29.8	60.2	355.5	355.0	44.0	57.0	4.9	40.6	0.0	14.0	.Autoclave.Outputs.PRESSIP\OutputValue	-6.0	2.1	0.4	-1.0	0.0	-1.0	-1.0	-1.0	0.0	0.0	0.0	-1.0	-1.0	0.0	0.0	0.0	-1.0	0.0
10:35:06	123.0	353.8	354.0	353.6	352.5	352.5	354.0	354.5	354.3	353.8	0.2	0.2	0.4	44.4	0.0	0.4	0.2	354.5	352.5	0.3	-0.3	353.7	353.5	355.2	355.2	354.4	360.8	101.9	123.0	30.8	59.2	355.5	355.0	44.0	55.1	5.0	38.5	0.0	10.1	.Autoclave.Outputs.PRESSIP\OutputValue	-6.0	2.0	0.7	-1.0	0.0	-1.0	-1.0	-1.0	0.0	0.0	0.0	-1.0	-1.0	0.0	0.0	0.0	-1.0	0.0
10:36:06	124.0	353.9	353.9	353.6	352.6	352.6	354.0	354.6	354.2	353.8	0.2	0.2	0.5	44.4	0.0	0.5	0.2	354.6	352.6	0.2	-0.2	353.7	353.6	355.1	355.1	354.3	360.8	101.8	124.0	31.8	58.2	355.5	355.0	44.0	55.8	5.0	40.0	0.0	11.5	.Autoclave.Outputs.PRESSIP\OutputValue	-6.0	2.0	0.5	-1.0	0.0	-1.0	-1.0	-1.0	0.0	0.0	0.0	-1.0	-1.0	0.0	0.0	0.0	-1.0	0.0
10:37:06	125.0	353.9	354.0	353.6	352.6	352.5	354.0	354.6	354.3	353.8	0.1	0.2	0.4	44.4	0.0	0.4	0.1	354.6	352.5	0.3	-0.1	353.7	353.5	355.2	355.2	354.5	360.5	101.9	125.0	32.8	57.2	355.5	355.0	44.0	55.1	5.0	40.2	0.0	10.2	.Autoclave.Outputs.PRESSIP\OutputValue	-6.0	2.1	0.6	-1.0	0.0	-1.0	-1.0	-1.0	0.0	0.0	0.0	-1.0	-1.0	0.0	0.0	0.0	-1.0	0.0
10:38:06	126.0	353.9	354.0	353.7	352.7	352.6	353.9	354.6	354.4	353.8	0.2	0.2	0.5	44.4	0.0	0.5	0.2	354.6	352.6	0.3	-0.3	353.7	353.6	355.1	355.1	354.3	360.6	102.0	126.0	33.8	56.2	355.5	355.0	44.0	55.8	5.1	39.8	0.0	11.6	.Autoclave.Outputs.PRESSIP\OutputValue	-6.0	2.0	0.5	-1.0	0.0	-1.0	-1.0	-1.0	0.0	0.0	0.0	-1.0	-1.0	0.0	0.0	0.0	-1.0	0.0
10:39:06	127.0	353.7	353.9	353.7	352.8	352.7	353.5	354.5	353.9	353.8	0.2	0.2	0.4	44.1	0.0	0.4	0.2	354.5	352.7	0.1	-0.4	353.6	353.6	354.6	354.6	353.8	352.9	102.0	127.0	34.8	55.2	355.5	355.0	44.0	58.5	5.1	43.1	0.0	17.0	.Autoclave.Outputs.PRESSIP\OutputValue	-6.0	1.8	0.1	-1.0	0.0	-1.0	-1.0	-1.0	0.0	0.0	0.0	-1.0	-1.0	0.0	0.0	0.0	-1.0	0.0
10:40:06	128.0	353.9	353.5	353.3	352.6	352.5	354.0	354.2	354.1	353.7	0.2	0.2	0.4	44.4	0.0	0.4	0.2	354.2	352.5	0.4	-0.5	353.5	353.3	355.0	355.0	354.3	362.1	102.0	128.0	35.8	54.2	355.2	355.0	44.0	58.2	5.3	39.7	0.0	16.3	.Autoclave.Outputs.PRESSIP\OutputValue	-6.0	1.7	0.8	-1.0	0.0	-1.0	-1.0	-1.0	0.0	0.0	0.0	-1.0	-1.0	0.0	0.0	0.0	-1.0	0.0
10:41:06	129.0	353.7	353.9	353.6	352.8	352.7	353.9	354.5	354.3	353.8	0.2	0.2	0.4	44.4	0.0	0.4	0.2	354.5	352.7	0.4	-0.3	353.7	353.6	355.0	355.0	354.3	360.6	102.0	129.0	36.8	53.2	355.5	355.0	44.0	56.8	5.4	39.8	0.0	13.6	.Autoclave.Outputs.PRESSIP\OutputValue	-6.0	1.8	0.5	-1.0	0.0	-1.0	-1.0	-1.0	0.0	0.0	0.0	-1.0	-1.0	0.0	0.0	0.0	-1.0	0.0
10:42:06	130.0	354.0	354.0	353.6	352.9	352.8	353.9	354.5	354.2	353.9	0.1	0.2	0.4	44.4	0.0	0.4	0.1	354.5	352.8	0.4	-0.3	353.8	353.6	355.1	355.1	354.3	360.6	102.0	130.0	37.8	52.2	355.5	355.0	44.0	56.2	5.4	39.7	0.0	12.3	.Autoclave.Outputs.PRESSIP\OutputValue	-6.0	1.7	0.6	-1.0	0.0	-1.0	-1.0	-1.0	0.0	0.0	0.0	-1.0	-1.0	0.0	0.0	0.0	-1.0	0.0
10:43:06	131.0	354.2	354.4	353.8	353.1	352.9	354.0	354.5	354.1	353.8	0.1	0.2	0.4	44.4	0.0	0.4	0.1	354.5	352.9	0.7	-0.3	353.9	353.7	355.1	355.1	354.4	360.7	102.1	131.0	38.8	51.2	355.5	355.0	44.0	56.2	5.4	39.8	0.0	12.4	.Autoclave.Outputs.PRESSIP\OutputValue	-6.0	1.6	0.6	-1.0	0.0	-1.0	-1.0	-1.0	0.0	0.0	0.0	-1.0	-1.0	0.0	0.0	0.0	-1.0	0.0
10:44:06	132.0	353.9	354.2	353.7	353.1	353.1	354.3	354.6	353.9	353.9	0.2	0.2	0.4	44.4	0.0	0.4	0.2	354.6	353.1	0.3	-0.2	353.9	353.8	355.2	355.2	354.4	360.9	102.1	132.0	39.8	50.2	355.4	355.0	44.0	55.6	5.5	39.8	0.0	11.1	.Autoclave.Outputs.PRESSIP\OutputValue	-6.0	1.5	0.6	-1.0	0.0	-1.0	-1.0	-1.0	0.0	0.0	0.0	-1.0	-1.0	0.0	0.0	0.0	-1.0	0.0
10:45:06	133.0	353.8	353.7	353.4	353.0	352.9	354.0	354.1	354.7	353.6	0.1	0.2	0.4	44.5	0.0	0.4	0.1	354.7	352.9	-0.1	-0.6	353.7	353.8	354.3	354.3	353.5	362.5	102.1	133.0	40.8	49.2	355.5	355.0	44.0	61.8	5.6	39.5	0.0	23.5	.Autoclave.Outputs.PRESSIP\OutputValue	-6.0	1.8	-0.4	-1.0	0.0	-1.0	-1.0	-1.0	0.0	0.0	0.0	-1.0	-1.0	0.0	0.0	0.0	-1.0	0.0
10:46:06	134.0	353.7	353.9	353.6	353.2	353.1	354.5	354.5	354.3	353.8	0.2	0.2	0.5	44.4	0.0	0.5	0.2	354.5	353.1	0.6	0.2	353.8	353.8	355.2	355.2	354.5	360.6	102.1	134.0	41.8	48.2	355.4	355.0	44.0	54.4	5.7	40.0	0.0	8.8	.Autoclave.Outputs.PRESSIP\OutputValue	-6.0	1.4	0.7	-1.0	0.0	-1.0	-1.0	-1.0	0.0	0.0	0.0	-1.0	-1.0	0.0	0.0	0.0	-1.0	0.0
10:47:06	135.0	353.9	354.0	353.7	353.2	353.2	354.2	354.6	354.3	353.9	0.2	0.2	0.4	44.5	0.0	0.4	0.2	354.6	353.2	0.2	-0.2	353.9	353.9	355.2	355.2	354.4	360.9	102.2	135.0	42.8	47.2	355.4	355.0	44.0	54.5	5.7	39.7	0.0	9.0	.Autoclave.Outputs.PRESSIP\OutputValue	-6.0	1.4	0.6	-1.0	0.0	-1.0	-1.0	-1.0	0.0	0.0	0.0	-1.0	-1.0	0.0	0.0	0.0	-1.0	0.0
10:48:06	136.0	353.9	353.9	353.6	353.1	353.1	354.0	354.6	354.4	353.9	0.2	0.2	0.4	44.4	0.0	0.4	0.2	354.6	353.1	0.4	-0.2	353.8	353.8	355.2	355.2	354.4	361.0	102.3	136.0	43.8	46.2	355.4	355.0	44.0	55.1	5.7	39.7	0.0	10.2	.Autoclave.Outputs.PRESSIP\OutputValue	-6.0	1.5	0.6	-1.0	0.0	-1.0	-1.0	-1.0	0.0	0.0	0.0	-1.0	-1.0	0.0	0.0	0.0	-1.0	0.0
10:49:06	137.0	353.6	353.8	353.5	353.1	353.1	353.1	354.3	353.8	353.6	0.2	0.2	0.4	44.2	0.0	0.4	0.2	354.3	353.1	0.0	-1.3	353.5	353.7	353.5	353.4	352.7	356.4	102.2	137.0	44.8	45.2	355.6	355.0	44.0	68.5	5.7	41.7	0.0	37.0	.Autoclave.Outputs.PRESSIP\OutputValue	-6.0	1.2	-0.8	-1.0	0.0	-1.0	-1.0	-1.0	0.0	0.0	0.0	-1.0	-1.0	0.0	0.0	0.0	-1.0	0.0
10:50:06	138.0	353.8	353.9	353.6	353.2	353.2	353.9	354.6	354.4	353.8	0.2	0.2	0.4	44.4	0.0	0.4	0.2	354.6	353.2	1.0	0.0	353.8	353.9	355.2	355.2	354.5	360.7	102.5	138.0	45.8	44.2	355.4	355.0	44.0	55.3	5.9	39.7	0.0	10.6	.Autoclave.Outputs.PRESSIP\OutputValue	-6.0	1.4	0.6	-1.0	0.0	-1.0	-1.0	-1.0	0.0	0.0	0.0	-1.0	-1.0	0.0	0.0	0.0	-1.0	0.0
10:51:06	139.0	354.0	353.9	353.5	353.2	353.1	353.9	354.5	353.4	353.8	0.2	0.2	0.4	44.5	0.0	0.4	0.2	354.5	353.1	0.3	-0.1	353.7	353.8	355.0	355.1	354.3	361.2	102.5	139.0	46.8	43.2	355.6	355.0	44.0	57.3	5.9	39.5	0.0	14.6	.Autoclave.Outputs.PRESSIP\OutputValue	-6.0	1.4	0.5	-1.0	0.0	-1.0	-1.0	-1.0	0.0	0.0	0.0	-1.0	-1.0	0.0	0.0	0.0	-1.0	0.0
10:52:06	140.0	354.1	354.0	353.6	353.3	353.2	354.1	354.5	353.9	354.0	0.1	0.2	0.4	44.4	0.0	0.4	0.1	354.5	353.2	0.2	-0.3	353.9	353.8	355.2	355.2	354.3	360.8	102.5	140.0	47.8	42.2	355.3	355.0	44.0	55.3	5.9	39.7	0.0	10.7	.Autoclave.Outputs.PRESSIP\OutputValue	-6.0	1.3	0.7	-1.0	0.0	-1.0	-1.0	-1.0	0.0	0.0	0.0	-1.0	-1.0	0.0	0.0	0.0	-1.0	0.0
10:53:06	141.0	354.1	354.0	353.7	353.4	353.3	354.1	354.7	354.5	354.0	0.2	0.2	0.4	44.4	0.0	0.4	0.2	354.7	353.3	0.2	-0.3	354.0	354.0	355.2	355.1	354.4	360.5	102.5	141.0	48.8	41.2	355.2	355.0	44.0	54.7	5.9	39.7	0.0	9.4	.Autoclave.Outputs.PRESSIP\OutputValue	-6.0	1.4	0.5	-1.0	0.0	-1.0	-1.0	-1.0	0.0	0.0	0.0	-1.0	-1.0	0.0	0.0	0.0	-1.0	0.0
10:54:06	142.0	354.0	354.0	353.6	353.4	353.3	354.0	354.6	354.4	354.1	0.2	0.2	0.4	44.5	0.0	0.4	0.2	354.6	353.3	0.4	-0.1	353.9	353.9	355.1	355.1	354.4	360.7	102.6	142.0	49.8	40.2	355.3	355.0	44.0	55.4	6.0	39.8	0.0	10.7	.Autoclave.Outputs.PRESSIP\OutputValue	-6.0	1.3	0.5	-1.0	0.0	-1.0	-1.0	-1.0	0.0	0.0	0.0	-1.0	-1.0	0.0	0.0	0.0	-1.0	0.0
10:55:06	143.0	354.1	354.2	353.7	353.3	353.3	354.0	354.7	354.6	354.0	0.2	0.2	0.4	44.5	0.0	0.4	0.2	354.7	353.3	0.6	-0.3	354.0	354.0	355.2	355.2	354.4	360.9	102.5	143.0	50.8	39.2	355.3	355.0	44.0	54.7	6.0	39.5	0.0	9.4	.Autoclave.Outputs.PRESSIP\OutputValue	-6.0	1.4	0.5	-1.0	0.0	-1.0	-1.0	-1.0	0.0	0.0	0.0	-1.0	-1.0	0.0	0.0	0.0	-1.0	0.0
10:56:06	144.0	353.7	353.9	353.6	353.4	353.3	353.6	354.5	354.1	353.8	0.2	0.2	0.4	44.4	0.0	0.4	0.2	354.5	353.3	0.1	-2.0	353.8	353.9	354.5	354.6	353.7	360.4	102.6	144.0	51.8	38.2	355.5	355.0	44.0	60.7	6.0	39.8	0.0	21.5	.Autoclave.Outputs.PRESSIP\OutputValue	-6.0	1.2	0.0	-1.0	0.0	-1.0	-1.0	-1.0	0.0	0.0	0.0	-1.0	-1.0	0.0	0.0	0.0	-1.0	0.0
10:57:06	145.0	354.0	354.0	353.6	353.5	353.3	354.1	354.7	354.4	353.9	0.2	0.2	0.4	44.4	0.0	0.4	0.2	354.7	353.3	0.4	-0.1	353.9	354.0	355.2	355.2	354.4	360.3	102.6	145.0	52.8	37.2	355.3	355.0	44.0	55.4	6.0	39.8	0.0	10.9	.Autoclave.Outputs.PRESSIP\OutputValue	-6.0	1.4	0.5	-1.0	0.0	-1.0	-1.0	-1.0	0.0	0.0	0.0	-1.0	-1.0	0.0	0.0	0.0	-1.0	0.0
10:58:06	146.0	353.1	353.6	353.5	353.3	353.2	352.8	353.9	353.5	353.2	0.2	0.2	0.4	44.3	0.0	0.4	0.2	353.9	352.8	0.2	-1.3	353.3	353.3	352.2	352.2	351.5	356.3	102.6	146.0	53.8	36.2	356.1	355.0	44.0	79.5	6.1	41.0	0.0	59.1	.Autoclave.Outputs.PRESSIP\OutputValue	-6.0	1.1	-1.7	-1.0	0.0	-1.0	-1.0	-1.0	0.0	0.0	0.0	-1.0	-1.0	0.0	0.0	0.0	-1.0	0.0
10:59:06	147.0	353.8	353.8	353.7	353.5	353.4	354.2	354.4	354.4	353.8	0.2	0.2	0.4	44.5	0.0	0.4	0.2	354.4	353.4	1.6	-0.4	353.9	353.9	355.4	355.4	354.6	361.0	102.8	147.0	54.8	35.2	355.5	355.0	44.0	55.7	6.3	39.5	0.0	11.4	.Autoclave.Outputs.PRESSIP\OutputValue	-6.0	1.0	1.0	-1.0	0.0	-1.0	-1.0	-1.0	0.0	0.0	0.0	-1.0	-1.0	0.0	0.0	0.0	-1.0	0.0
11:00:06	148.0	354.1	354.0	353.7	353.6	353.5	354.2	354.5	354.3	353.8	0.2	0.2	0.4	44.5	0.0	0.4	0.2	354.5	353.5	0.5	-0.3	354.0	354.0	355.0	355.1	354.3	360.9	102.7	148.0	55.8	34.2	355.4	355.0	44.0	57.7	6.3	39.5	0.0	15.5	.Autoclave.Outputs.PRESSIP\OutputValue	-6.0	1.0	0.5	-1.0	0.0	-1.0	-1.0	-1.0	0.0	0.0	0.0	-1.0	-1.0	0.0	0.0	0.0	-1.0	0.0
11:01:06	149.0	354.3	354.0	353.7	353.6	353.6	354.2	354.5	354.7	353.9	0.2	0.2	0.4	44.5	0.0	0.4	0.2	354.7	353.6	0.3	-0.4	354.1	354.1	355.3	355.2	354.5	361.3	102.9	149.0	56.8	33.2	355.5	355.0	44.0	55.1	6.3	39.3	0.0	10.2	.Autoclave.Outputs.PRESSIP\OutputValue	-6.0	1.1	0.6	-1.0	0.0	-1.0	-1.0	-1.0	0.0	0.0	0.0	-1.0	-1.0	0.0	0.0	0.0	-1.0	0.0
11:02:06	150.0	354.1	354.0	353.8	353.7	353.6	354.4	354.6	354.0	353.8	0.2	0.2	0.4	44.5	0.0	0.4	0.2	354.6	353.6	0.4	-0.2	354.0	354.1	355.1	355.1	354.4	361.2	102.9	150.0	57.8	32.2	355.5	355.0	44.0	58.4	6.4	39.5	0.0	16.9	.Autoclave.Outputs.PRESSIP\OutputValue	-6.0	1.0	0.5	-1.0	0.0	-1.0	-1.0	-1.0	0.0	0.0	0.0	-1.0	-1.0	0.0	0.0	0.0	-1.0	0.0
11:03:06	151.0	354.1	353.8	353.8	353.6	353.6	354.3	354.6	354.6	354.0	0.2	0.2	0.4	44.5	0.0	0.4	0.2	354.6	353.6	0.6	-0.1	354.0	354.1	355.3	355.3	354.5	360.8	102.8	151.0	58.8	31.2	355.0	355.0	44.0	51.9	6.4	39.1	0.0	3.8	.Autoclave.Outputs.PRESSIP\OutputValue	-6.0	1.0	0.7	-1.0	0.0	-1.0	-1.0	-1.0	0.0	0.0	0.0	-1.0	-1.0	0.0	0.0	0.0	-1.0	0.0
11:04:06	152.0	354.1	354.1	353.8	353.5	353.6	354.3	354.7	354.6	353.9	0.2	0.2	0.4	44.5	0.0	0.4	0.2	354.7	353.5	0.1	-0.4	354.1	354.1	355.3	355.3	354.6	360.8	102.9	152.0	59.8	30.2	354.9	355.0	44.0	54.5	6.4	39.3	0.0	8.9	.Autoclave.Outputs.PRESSIP\OutputValue	-6.0	1.2	0.6	-1.0	0.0	-1.0	-1.0	-1.0	0.0	0.0	0.0	-1.0	-1.0	0.0	0.0	0.0	-1.0	0.0
11:05:06	153.0	353.8	354.0	353.6	353.5	353.5	353.3	354.4	353.9	353.8	0.1	0.2	0.4	44.0	0.0	0.4	0.1	354.4	353.3	1.1	-0.6	353.8	353.8	353.8	353.7	353.0	351.7	103.0	153.0	60.8	29.2	355.5	355.0	44.0	65.8	6.4	43.6	0.0	31.6	.Autoclave.Outputs.PRESSIP\OutputValue	-6.0	1.1	-0.6	-1.0	0.0	-1.0	-1.0	-1.0	0.0	0.0	0.0	-1.0	-1.0	0.0	0.0	0.0	-1.0	0.0
11:06:06	154.0	353.8	353.5	353.3	353.3	353.4	354.1	354.3	353.8	353.4	0.2	0.2	0.4	44.5	0.0	0.4	0.2	354.3	353.3	0.5	-0.6	353.7	353.8	355.1	355.2	354.4	362.7	103.0	154.0	61.8	28.2	355.8	355.0	44.0	58.8	6.7	38.5	0.0	17.6	.Autoclave.Outputs.PRESSIP\OutputValue	-6.0	1.0	0.8	-1.0	0.0	-1.0	-1.0	-1.0	0.0	0.0	0.0	-1.0	-1.0	0.0	0.0	0.0	-1.0	0.0
11:07:06	155.0	354.1	353.7	353.6	353.6	353.5	354.1	354.6	356.0	353.9	0.2	0.2	0.4	44.4	0.0	0.4	0.2	356.0	353.5	1.7	0.0	354.1	354.7	355.4	355.3	354.5	360.7	103.0	155.0	62.8	27.2	355.5	355.0	44.0	54.9	6.7	39.3	0.0	9.8	.Autoclave.Outputs.PRESSIP\OutputValue	-6.0	2.5	-0.6	-1.0	0.0	-1.0	-1.0	-1.0	0.0	0.0	0.0	-1.0	-1.0	0.0	0.0	0.0	-1.0	0.0
11:08:06	156.0	353.6	353.7	353.4	353.4	353.4	353.9	354.3	354.7	353.7	0.2	0.2	0.4	44.5	0.0	0.4	0.2	354.7	353.4	0.1	-1.5	353.8	354.0	354.7	354.7	354.1	362.3	103.2	156.0	63.8	26.2	355.7	355.0	44.0	61.6	6.8	39.1	0.0	23.1	.Autoclave.Outputs.PRESSIP\OutputValue	-6.0	1.3	0.0	-1.0	0.0	-1.0	-1.0	-1.0	0.0	0.0	0.0	-1.0	-1.0	0.0	0.0	0.0	-1.0	0.0
11:09:06	157.0	354.1	354.0	353.6	353.6	353.6	354.1	354.6	354.4	353.9	0.2	0.2	0.4	44.4	0.0	0.4	0.2	354.6	353.6	0.8	0.1	354.0	354.1	355.3	355.2	354.6	360.3	103.1	157.0	64.8	25.2	355.5	355.0	44.0	55.6	6.8	39.7	0.0	11.1	.Autoclave.Outputs.PRESSIP\OutputValue	-6.0	1.0	0.7	-1.0	0.0	-1.0	-1.0	-1.0	0.0	0.0	0.0	-1.0	-1.0	0.0	0.0	0.0	-1.0	0.0
11:10:06	158.0	353.8	353.8	353.4	353.5	353.4	354.2	354.4	354.1	353.7	0.2	0.2	0.4	44.5	0.0	0.4	0.2	354.4	353.4	-0.1	-1.1	353.8	353.9	355.2	355.2	354.5	362.7	103.2	158.0	65.8	24.2	355.6	355.0	44.0	58.5	7.0	38.7	0.0	16.9	.Autoclave.Outputs.PRESSIP\OutputValue	-6.0	1.0	0.8	-1.0	0.0	-1.0	-1.0	-1.0	0.0	0.0	0.0	-1.0	-1.0	0.0	0.0	0.0	-1.0	0.0
11:11:06	159.0	354.2	354.0	353.6	353.6	353.6	354.1	354.5	353.5	353.8	0.2	0.2	0.4	44.5	0.0	0.4	0.2	354.5	353.5	0.7	0.1	353.9	354.0	355.1	355.2	354.5	360.8	103.2	159.0	66.8	23.2	355.5	355.0	44.0	57.7	7.0	39.3	0.0	15.5	.Autoclave.Outputs.PRESSIP\OutputValue	-6.0	1.0	0.6	-1.0	0.0	-1.0	-1.0	-1.0	0.0	0.0	0.0	-1.0	-1.0	0.0	0.0	0.0	-1.0	0.0
11:12:06	160.0	353.9	354.0	353.6	353.6	353.7	354.3	354.5	353.5	353.8	0.1	0.2	0.4	44.5	0.0	0.4	0.1	354.5	353.5	1.3	-0.1	353.9	354.0	355.3	355.2	354.5	361.5	103.3	160.0	67.8	22.2	355.5	355.0	44.0	55.8	7.0	39.1	0.0	11.6	.Autoclave.Outputs.PRESSIP\OutputValue	-6.0	1.0	0.8	-1.0	0.0	-1.0	-1.0	-1.0	0.0	0.0	0.0	-1.0	-1.0	0.0	0.0	0.0	-1.0	0.0
11:13:06	161.0	353.9	353.9	353.8	353.6	353.6	354.2	354.6	354.2	353.8	0.2	0.3	0.4	44.5	0.0	0.4	0.2	354.6	353.6	0.1	-1.3	354.0	354.1	355.4	355.4	354.6	361.0	103.2	161.0	68.8	21.2	355.4	355.0	44.0	55.1	7.0	39.5	0.0	10.2	.Autoclave.Outputs.PRESSIP\OutputValue	-6.0	1.0	0.8	-1.0	0.0	-1.0	-1.0	-1.0	0.0	0.0	0.0	-1.0	-1.0	0.0	0.0	0.0	-1.0	0.0
11:14:06	162.0	353.6	353.7	353.3	353.4	353.4	353.8	354.1	354.1	353.5	0.1	0.2	0.4	44.5	0.0	0.4	0.1	354.1	353.3	-0.1	-0.9	353.7	353.7	354.1	354.3	353.5	362.3	103.4	162.0	69.8	20.2	355.8	355.0	44.0	66.6	7.1	38.7	0.0	33.3	.Autoclave.Outputs.PRESSIP\OutputValue	-6.0	0.8	0.0	-1.0	0.0	-1.0	-1.0	-1.0	0.0	0.0	0.0	-1.0	-1.0	0.0	0.0	0.0	-1.0	0.0
11:15:06	163.0	354.1	354.0	353.6	353.6	353.6	354.0	354.6	354.5	353.9	0.2	0.2	0.4	44.5	0.0	0.4	0.2	354.6	353.6	1.5	0.0	354.0	354.1	355.1	355.1	354.3	360.9	103.3	163.0	70.8	19.2	355.4	355.0	44.0	56.7	7.2	39.1	0.0	13.3	.Autoclave.Outputs.PRESSIP\OutputValue	-6.0	1.0	0.5	-1.0	0.0	-1.0	-1.0	-1.0	0.0	0.0	0.0	-1.0	-1.0	0.0	0.0	0.0	-1.0	0.0
11:16:06	164.0	354.0	353.9	353.6	353.6	353.6	354.3	354.7	354.5	354.0	0.2	0.2	0.4	44.5	0.0	0.4	0.2	354.7	353.6	0.2	-1.0	354.0	354.1	355.3	355.3	354.6	360.8	103.4	164.0	71.8	18.2	355.4	355.0	44.0	55.9	7.2	39.1	0.0	11.9	.Autoclave.Outputs.PRESSIP\OutputValue	-6.0	1.1	0.6	-1.0	0.0	-1.0	-1.0	-1.0	0.0	0.0	0.0	-1.0	-1.0	0.0	0.0	0.0	-1.0	0.0
11:17:06	165.0	353.7	353.8	353.6	353.5	353.6	353.2	354.5	355.1	353.8	0.2	0.2	0.4	44.1	0.0	0.4	0.2	355.1	353.2	0.1	-0.3	353.9	354.1	353.6	353.6	352.8	352.8	103.3	165.0	72.8	17.2	355.5	355.0	44.0	67.3	7.2	42.7	0.0	34.6	.Autoclave.Outputs.PRESSIP\OutputValue	-6.0	1.9	-1.5	-1.0	0.0	-1.0	-1.0	-1.0	0.0	0.0	0.0	-1.0	-1.0	0.0	0.0	0.0	-1.0	0.0
11:18:06	166.0	354.0	354.1	353.6	353.6	353.6	354.1	354.6	354.5	353.9	0.1	0.2	0.4	44.5	0.0	0.4	0.1	354.6	353.6	0.2	-0.1	354.0	354.1	355.4	355.4	354.6	361.0	103.3	166.0	73.8	16.2	355.4	355.0	44.0	55.4	7.4	39.3	0.0	10.9	.Autoclave.Outputs.PRESSIP\OutputValue	-6.0	1.0	0.8	-1.0	0.0	-1.0	-1.0	-1.0	0.0	0.0	0.0	-1.0	-1.0	0.0	0.0	0.0	-1.0	0.0
11:19:06	167.0	353.4	354.0	353.1	353.4	353.3	353.5	353.8	353.7	353.3	0.1	0.2	0.4	44.6	0.0	0.4	0.1	354.0	353.1	-0.1	-0.7	353.5	353.6	353.5	353.5	352.8	363.1	103.5	167.0	74.8	15.2	356.1	355.0	44.0	71.7	7.5	38.3	0.0	43.4	.Autoclave.Outputs.PRESSIP\OutputValue	-6.0	0.9	-0.5	-1.0	0.0	-1.0	-1.0	-1.0	0.0	0.0	0.0	-1.0	-1.0	0.0	0.0	0.0	-1.0	0.0
11:20:06	168.0	352.8	354.0	353.1	353.3	353.3	352.3	353.5	353.1	353.0	0.2	0.2	0.4	44.3	0.0	0.4	0.2	354.0	352.3	0.0	-1.0	353.2	353.1	351.5	351.5	350.6	354.8	103.6	168.0	75.8	14.2	356.4	355.0	44.0	87.9	7.7	41.5	0.0	75.8	.Autoclave.Outputs.PRESSIP\OutputValue	-6.0	1.7	-2.5	-1.0	0.0	-1.0	-1.0	-1.0	0.0	0.0	0.0	-1.0	-1.0	0.0	0.0	0.0	-1.0	0.0
11:21:06	169.0	354.0	353.9	353.5	353.5	353.6	354.3	354.4	354.2	353.6	0.2	0.2	0.4	44.5	0.0	0.4	0.2	354.4	353.5	1.7	-0.1	353.9	353.9	355.6	355.5	354.8	361.2	103.4	169.0	76.8	13.2	355.7	355.0	44.0	56.6	7.9	39.1	0.0	13.2	.Autoclave.Outputs.PRESSIP\OutputValue	-6.0	0.9	1.2	-1.0	0.0	-1.0	-1.0	-1.0	0.0	0.0	0.0	-1.0	-1.0	0.0	0.0	0.0	-1.0	0.0
11:22:06	170.0	354.7	353.3	352.8	353.2	353.2	353.0	353.4	352.9	352.9	0.2	0.2	0.4	44.6	0.0	0.4	0.2	354.7	352.8	-0.3	-1.5	353.3	353.8	352.5	352.6	351.9	363.7	103.7	170.0	77.8	12.2	356.6	355.0	44.0	83.5	8.1	39.5	0.0	67.0	.Autoclave.Outputs.PRESSIP\OutputValue	-6.0	1.9	-2.2	-1.0	0.0	-1.0	-1.0	-1.0	0.0	0.0	0.0	-1.0	-1.0	0.0	0.0	0.0	-1.0	0.0
11:23:06	171.0	353.1	353.7	353.2	353.5	353.4	352.5	353.9	353.2	353.0	0.2	0.2	0.4	43.9	0.0	0.4	0.2	353.9	352.5	0.9	0.2	353.3	353.2	352.5	352.4	351.7	346.5	103.3	171.0	78.8	11.2	356.2	355.0	44.0	79.6	8.2	44.8	0.0	59.2	.Autoclave.Outputs.PRESSIP\OutputValue	-6.0	1.4	-1.4	-1.0	0.0	-1.0	-1.0	-1.0	0.0	0.0	0.0	-1.0	-1.0	0.0	0.0	0.0	-1.0	0.0
11:24:06	172.0	353.5	353.5	353.1	353.5	353.3	354.4	354.1	354.3	353.3	0.2	0.3	0.4	44.5	0.0	0.4	0.2	354.4	353.1	1.3	-0.4	353.7	353.7	355.5	355.6	354.8	363.2	103.3	172.0	79.8	10.2	355.1	355.0	44.0	59.6	8.6	38.3	0.0	19.1	.Autoclave.Outputs.PRESSIP\OutputValue	-6.0	1.3	1.1	-1.0	0.0	-1.0	-1.0	-1.0	0.0	0.0	0.0	-1.0	-1.0	0.0	0.0	0.0	-1.0	0.0
11:25:06	173.0	353.1	353.4	353.1	353.3	353.2	352.4	353.7	353.4	353.1	0.1	0.2	0.4	44.1	0.0	0.4	0.1	353.7	352.4	0.2	-1.8	353.2	353.0	352.4	352.4	351.6	352.2	103.5	173.0	80.8	9.2	356.2	355.0	44.0	80.7	8.6	42.7	0.0	61.4	.Autoclave.Outputs.PRESSIP\OutputValue	-6.0	1.3	-1.3	-1.0	0.0	-1.0	-1.0	-1.0	0.0	0.0	0.0	-1.0	-1.0	0.0	0.0	0.0	-1.0	0.0
11:26:06	174.0	353.8	353.6	353.2	353.3	353.4	354.1	354.3	354.0	353.6	0.2	0.2	0.4	44.5	0.0	0.4	0.2	354.3	353.2	1.7	0.0	353.7	353.8	355.8	355.7	355.0	362.0	103.6	174.0	81.8	8.2	355.7	355.0	44.0	56.9	8.8	38.7	0.0	13.8	.Autoclave.Outputs.PRESSIP\OutputValue	-6.0	1.1	1.5	-1.0	0.0	-1.0	-1.0	-1.0	0.0	0.0	0.0	-1.0	-1.0	0.0	0.0	0.0	-1.0	0.0
11:27:06	175.0	353.7	353.6	353.2	353.3	353.2	353.8	354.2	354.0	353.5	0.2	0.2	0.4	44.6	0.0	0.4	0.2	354.2	353.2	0.1	-1.3	353.6	353.7	355.1	355.2	354.3	362.9	103.5	175.0	82.8	7.2	355.8	355.0	44.0	61.6	8.9	38.3	0.0	23.3	.Autoclave.Outputs.PRESSIP\OutputValue	-6.0	1.0	0.9	-1.0	0.0	-1.0	-1.0	-1.0	0.0	0.0	0.0	-1.0	-1.0	0.0	0.0	0.0	-1.0	0.0
11:28:06	176.0	353.8	353.7	353.4	353.5	353.5	354.1	354.5	354.5	353.7	0.2	0.2	0.4	44.5	0.0	0.4	0.2	354.5	353.4	0.4	0.0	353.9	354.0	355.6	355.4	354.8	361.3	103.7	176.0	83.8	6.2	355.4	355.0	44.0	56.3	8.9	38.9	0.0	12.6	.Autoclave.Outputs.PRESSIP\OutputValue	-6.0	1.1	1.1	-1.0	0.0	-1.0	-1.0	-1.0	0.0	0.0	0.0	-1.0	-1.0	0.0	0.0	0.0	-1.0	0.0
11:29:06	177.0	353.3	353.4	353.1	353.3	353.2	353.3	354.0	352.8	353.3	0.2	0.2	0.4	44.5	0.0	0.4	0.2	354.0	352.8	-0.2	-1.1	353.3	353.4	353.6	353.6	353.0	361.6	103.7	177.0	84.8	5.2	356.0	355.0	44.0	73.7	9.0	38.7	0.0	47.5	.Autoclave.Outputs.PRESSIP\OutputValue	-6.0	1.2	-0.4	-1.0	0.0	-1.0	-1.0	-1.0	0.0	0.0	0.0	-1.0	-1.0	0.0	0.0	0.0	-1.0	0.0
11:30:06	178.0	353.9	353.9	353.6	353.6	353.5	354.0	354.4	353.6	353.7	0.1	0.2	0.4	44.3	0.0	0.4	0.1	354.4	353.5	1.1	0.2	353.8	353.9	355.4	355.4	354.7	357.2	103.7	178.0	85.8	4.2	355.5	355.0	44.0	57.1	9.0	40.8	0.0	14.2	.Autoclave.Outputs.PRESSIP\OutputValue	-6.0	0.9	1.0	-1.0	0.0	-1.0	-1.0	-1.0	0.0	0.0	0.0	-1.0	-1.0	0.0	0.0	0.0	-1.0	0.0
11:31:06	179.0	353.7	353.7	353.4	353.4	353.3	354.1	354.2	354.7	353.4	0.2	0.2	0.4	44.6	0.0	0.4	0.2	354.7	353.3	-0.1	-0.4	353.8	354.0	355.5	355.5	354.7	363.5	103.8	179.0	86.8	3.2	355.8	355.0	44.0	59.3	9.2	38.3	0.0	18.6	.Autoclave.Outputs.PRESSIP\OutputValue	-6.0	1.4	0.8	-1.0	0.0	-1.0	-1.0	-1.0	0.0	0.0	0.0	-1.0	-1.0	0.0	0.0	0.0	-1.0	0.0
11:32:06	180.0	353.7	353.3	353.4	353.4	353.4	354.0	354.1	354.1	353.4	0.2	0.3	0.4	44.6	0.0	0.4	0.2	354.1	353.3	0.2	-0.3	353.6	353.7	355.0	355.0	354.2	363.0	103.8	180.0	87.8	2.2	355.9	355.0	44.0	63.4	9.3	38.3	0.0	26.8	.Autoclave.Outputs.PRESSIP\OutputValue	-6.0	0.8	0.9	-1.0	0.0	-1.0	-1.0	-1.0	0.0	0.0	0.0	-1.0	-1.0	0.0	0.0	0.0	-1.0	0.0
11:33:06	181.0	353.4	353.7	353.3	353.5	353.4	353.7	354.1	353.8	353.4	0.2	0.2	0.4	44.6	0.0	0.4	0.2	354.1	353.3	0.5	-0.2	353.6	353.7	354.3	354.3	353.5	362.4	103.9	181.0	88.8	1.2	355.9	355.0	44.0	68.1	9.4	38.3	0.0	36.2	.Autoclave.Outputs.PRESSIP\OutputValue	-6.0	0.8	0.2	-1.0	0.0	-1.0	-1.0	-1.0	0.0	0.0	0.0	-1.0	-1.0	0.0	0.0	0.0	-1.0	0.0
11:34:06	182.0	353.5	353.5	353.3	353.5	353.3	353.6	354.1	353.7	353.3	0.2	0.2	0.4	44.6	0.0	0.4	0.2	354.1	353.3	1.5	-0.4	353.5	353.7	354.6	354.6	353.7	362.5	103.7	182.0	89.8	0.2	354.7	355.0	44.0	59.0	9.5	38.3	0.0	17.9	.Autoclave.Outputs.PRESSIP\OutputValue	-6.0	0.8	0.5	-1.0	0.0	-1.0	-1.0	-1.0	0.0	0.0	0.0	-1.0	-1.0	0.0	0.0	0.0	-1.0	0.0
11:34:20	182.3	353.6	353.6	353.5	353.5	353.5	353.9	354.2	354.0	353.4	0.2	0.2	0.4	44.6	0.0	0.4	0.2	354.2	353.4	0.2	-0.2	353.7	353.8	355.1	355.1	354.4	362.9	103.7	182.2	90.0	0.0	355.8	355.0	44.0	62.5	9.5	38.3	0.0	25.0	.Autoclave.Outputs.PRESSIP\OutputValue	-6.0	0.8	0.9	-1.0	0.0	-1.0	-1.0	-1.0	0.0	0.0	0.0	-1.0	-1.0	0.0	0.0	0.0	-1.0	0.0
11:35:06	183.0	350.7	352.3	351.9	352.5	352.5	348.8	351.5	350.9	351.2	0.1	0.1	0.4	43.7	0.0	0.4	0.1	352.5	348.8	-0.9	-4.8	351.4	350.6	345.3	345.2	344.5	340.2	103.7	183.0	0.8	0.0	351.5	351.5	44.0	99.4	9.6	47.9	0.0	98.8	.Autoclave.Outputs.PRESSIP\OutputValue	-5.5	3.7	-7.2	-1.0	0.0	-1.0	-1.0	-1.0	0.0	0.0	0.0	-1.0	-1.0	0.0	0.0	0.0	-1.0	0.0
11:36:06	184.0	350.3	350.6	350.5	351.8	351.7	349.6	350.5	351.7	350.1	0.1	0.2	0.4	44.1	0.0	0.4	0.1	351.8	349.6	0.0	-2.3	350.8	350.7	347.1	347.2	346.4	352.9	103.8	184.0	1.8	0.0	347.0	347.0	44.0	56.7	8.9	43.8	0.0	13.4	.Autoclave.Outputs.PRESSIP\OutputValue	-5.5	2.2	-4.7	-1.0	0.0	-1.0	-1.0	-1.0	0.0	0.0	0.0	-1.0	-1.0	0.0	0.0	0.0	-1.0	0.0
11:37:06	185.0	346.4	348.0	347.9	350.3	350.3	344.5	347.2	347.1	347.1	0.1	0.2	0.4	44.2	0.0	0.4	0.1	350.3	344.5	-1.0	-4.9	347.6	347.4	337.0	336.9	336.0	337.3	103.8	185.0	2.8	0.0	342.5	342.5	44.0	94.4	9.1	43.2	0.0	88.7	.Autoclave.Outputs.PRESSIP\OutputValue	-5.1	5.8	-13.3	-1.0	0.0	-1.0	-1.0	-1.0	0.0	0.0	0.0	-1.0	-1.0	0.0	0.0	0.0	-1.0	0.0
11:38:06	186.0	346.2	347.0	346.4	349.7	349.8	344.9	346.2	347.4	346.2	0.1	0.2	0.4	44.3	0.0	0.4	0.1	349.8	344.9	0.5	-2.0	347.1	347.3	339.2	339.2	338.4	342.3	103.8	186.0	3.8	0.0	338.0	338.0	44.0	49.2	9.3	41.4	-1.0	0.0	.Autoclave.Outputs.PRESSIP\OutputValue	-5.8	4.9	-10.6	-1.0	0.0	-1.0	-1.0	-1.0	0.0	0.0	0.0	-1.0	-1.0	0.0	0.0	0.0	-1.0	0.0
11:39:06	187.0	342.3	343.9	342.9	347.5	347.7	339.4	342.1	342.9	342.9	0.1	0.2	0.3	43.8	0.0	0.3	0.1	347.7	339.4	-1.9	-5.2	343.5	343.5	329.9	330.0	329.2	332.7	103.9	187.0	4.8	0.0	333.5	333.5	44.0	82.2	9.7	46.8	0.0	64.3	.Autoclave.Outputs.PRESSIP\OutputValue	-5.1	8.3	-17.8	-1.0	0.0	-1.0	-1.0	-1.0	0.0	0.0	0.0	-1.0	-1.0	0.0	0.0	0.0	-1.0	0.0
11:40:06	188.0	340.5	341.9	341.1	346.7	346.9	337.7	340.5	342.2	341.0	0.1	0.1	0.3	43.7	0.0	0.3	0.1	346.9	337.7	-0.8	-1.9	342.1	342.3	327.4	327.4	326.7	309.5	103.7	188.0	5.8	0.0	329.0	329.0	44.0	66.9	9.7	48.2	0.0	33.7	.Autoclave.Outputs.PRESSIP\OutputValue	-4.6	9.2	-19.5	-1.0	0.0	-1.0	-1.0	-1.0	0.0	0.0	0.0	-1.0	-1.0	0.0	0.0	0.0	-1.0	0.0
11:40:22	188.3	339.1	340.5	339.8	345.9	346.0	335.3	339.0	340.2	339.4	0.1	0.1	0.3	44.0	0.0	0.3	0.1	346.0	335.3	-1.5	-4.6	340.6	340.6	322.5	322.4	321.7	315.8	103.9	188.3	6.0	0.0	327.9	327.9	44.0	94.4	9.8	45.3	0.0	88.7	.Autoclave.Outputs.PRESSIP\OutputValue	-4.5	10.7	-23.6	-1.0	0.0	-1.0	-1.0	-1.0	0.0	0.0	0.0	-1.0	-1.0	0.0	0.0	0.0	-1.0	0.0
11:41:06	189.0	337.2	338.4	337.4	344.7	344.6	334.8	336.6	339.7	337.4	0.1	0.1	0.3	44.4	0.0	0.3	0.1	344.7	334.8	-2.2	-4.1	339.0	339.7	323.1	323.1	322.3	327.5	103.9	189.0	0.7	0.0	324.5	324.5	44.0	68.0	10.1	41.1	0.0	36.0	.Autoclave.Outputs.PRESSIP\OutputValue	-4.9	9.9	-21.6	-1.0	0.0	-1.0	-1.0	-1.0	0.0	0.0	0.0	-1.0	-1.0	0.0	0.0	0.0	-1.0	0.0
11:42:06	190.0	333.7	335.6	334.1	342.7	342.9	329.9	333.3	335.4	334.2	0.1	0.1	0.3	43.7	0.0	0.3	0.1	342.9	329.9	-1.7	-4.7	335.8	336.4	314.8	314.9	314.1	310.8	103.8	190.0	1.7	0.0	320.0	320.0	44.0	93.6	10.2	48.6	0.0	87.3	.Autoclave.Outputs.PRESSIP\OutputValue	-4.7	13.0	-28.1	-1.0	0.0	-1.0	-1.0	-1.0	0.0	0.0	0.0	-1.0	-1.0	0.0	0.0	0.0	-1.0	0.0
11:43:07	191.1	331.9	332.9	331.2	341.1	341.2	329.4	330.9	334.1	332.3	0.1	0.2	0.3	43.9	0.0	0.3	0.1	341.2	329.4	-0.7	-3.2	333.9	335.3	316.4	316.4	315.7	319.5	103.7	191.0	2.7	0.0	315.5	315.5	44.0	53.0	10.4	46.7	0.0	5.9	.Autoclave.Outputs.PRESSIP\OutputValue	-4.5	11.8	-24.8	-1.0	0.0	-1.0	-1.0	-1.0	0.0	0.0	0.0	-1.0	-1.0	0.0	0.0	0.0	-1.0	0.0
11:44:06	192.0	327.5	329.1	327.2	338.6	338.7	324.2	326.7	330.1	328.2	0.1	0.1	0.3	44.3	0.0	0.3	0.1	338.7	324.2	-2.5	-5.2	330.0	331.4	307.6	307.6	306.9	310.4	104.0	192.0	3.7	0.0	311.0	311.0	44.0	81.3	10.6	43.1	0.0	62.5	.Autoclave.Outputs.PRESSIP\OutputValue	-4.1	14.5	-31.0	-1.0	0.0	-1.0	-1.0	-1.0	0.0	0.0	0.0	-1.0	-1.0	0.0	0.0	0.0	-1.0	0.0
11:45:06	193.0	325.1	326.8	324.4	337.1	337.2	321.0	324.2	327.6	325.9	0.1	0.1	0.2	43.2	0.0	0.2	0.1	337.2	321.0	-1.6	-2.8	327.7	329.1	306.0	305.7	305.0	289.7	103.7	193.0	4.7	0.0	306.5	306.5	44.0	62.0	10.7	53.2	0.0	24.1	.Autoclave.Outputs.PRESSIP\OutputValue	-4.3	16.2	-31.1	-1.0	0.0	-1.0	-1.0	-1.0	0.0	0.0	0.0	-1.0	-1.0	0.0	0.0	0.0	-1.0	0.0
11:46:06	194.0	321.5	322.6	320.2	334.4	334.5	318.0	320.0	323.8	322.5	0.1	0.1	0.2	43.8	0.0	0.2	0.1	334.5	318.0	-2.7	-4.3	324.2	326.2	301.7	301.7	300.9	303.6	103.8	194.0	5.7	0.0	302.0	302.0	44.0	61.6	11.0	48.6	0.0	23.2	.Autoclave.Outputs.PRESSIP\OutputValue	-3.6	16.5	-32.7	-1.0	0.0	-1.0	-1.0	-1.0	0.0	0.0	0.0	-1.0	-1.0	0.0	0.0	0.0	-1.0	0.0
11:47:06	195.0	317.6	318.8	316.5	332.0	332.2	313.0	316.2	320.0	318.4	0.1	0.1	0.3	44.2	0.0	0.3	0.1	332.2	313.0	-2.0	-4.0	320.5	322.6	293.6	293.6	292.9	291.6	104.0	195.0	6.7	0.0	297.5	297.5	44.0	85.0	11.0	45.4	0.0	70.1	.Autoclave.Outputs.PRESSIP\OutputValue	-3.0	19.2	-38.5	-1.0	0.0	-1.0	-1.0	-1.0	0.0	0.0	0.0	-1.0	-1.0	0.0	0.0	0.0	-1.0	0.0
11:48:06	196.0	315.4	316.0	313.3	329.8	330.1	311.3	313.7	318.4	316.1	0.1	0.1	0.2	44.2	0.0	0.2	0.1	330.1	311.3	-2.4	-3.9	318.2	320.7	294.4	294.4	293.7	295.9	103.9	196.0	7.7	0.0	293.0	293.0	44.0	49.8	11.1	44.6	-1.0	0.0	.Autoclave.Outputs.PRESSIP\OutputValue	-3.5	18.8	-35.6	-1.0	0.0	-1.0	-1.0	-1.0	0.0	0.0	0.0	-1.0	-1.0	0.0	0.0	0.0	-1.0	0.0
11:49:06	197.0	310.8	311.5	308.8	327.1	327.1	307.0	309.1	314.2	312.1	0.1	0.1	0.2	43.8	0.0	0.2	0.1	327.1	307.0	-2.7	-4.9	314.2	317.1	287.3	287.3	286.7	289.3	103.8	197.0	8.7	0.0	288.5	288.5	44.0	67.4	11.3	48.9	0.0	34.8	.Autoclave.Outputs.PRESSIP\OutputValue	-2.8	20.0	-39.7	-1.0	0.0	-1.0	-1.0	-1.0	0.0	0.0	0.0	-1.0	-1.0	0.0	0.0	0.0	-1.0	0.0
11:50:06	198.0	307.3	307.7	305.0	324.5	324.4	302.8	305.2	309.7	307.8	0.1	0.1	0.2	44.0	0.0	0.2	0.1	324.5	302.8	-2.5	-4.0	310.5	313.7	280.8	280.8	280.1	276.6	103.9	198.0	9.7	0.0	284.0	284.0	44.0	80.8	11.3	47.7	0.0	61.6	.Autoclave.Outputs.PRESSIP\OutputValue	-2.1	21.6	-43.6	-1.0	0.0	-1.0	-1.0	-1.0	0.0	0.0	0.0	-1.0	-1.0	0.0	0.0	0.0	-1.0	0.0
11:51:06	199.0	304.1	304.7	301.5	322.1	322.0	300.1	302.1	307.5	305.2	0.1	0.1	0.1	43.4	0.0	0.1	0.1	322.1	300.1	-2.5	-4.2	307.7	311.1	279.9	279.9	279.1	269.4	103.7	199.0	10.8	0.0	279.5	279.5	44.0	55.4	11.4	53.3	-1.0	10.8	.Autoclave.Outputs.PRESSIP\OutputValue	-2.3	21.9	-42.1	-1.0	0.0	-1.0	-1.0	-1.0	0.0	0.0	0.0	-1.0	-1.0	0.0	0.0	0.0	-1.0	0.0
11:52:06	200.0	300.1	298.5	297.0	319.3	319.0	296.3	297.9	304.8	301.2	0.1	0.1	0.2	43.8	0.0	0.2	0.1	319.3	296.3	-2.8	-7.8	303.8	307.8	275.4	275.4	274.6	276.2	103.9	200.0	11.7	0.0	275.0	275.0	44.0	57.0	11.6	51.1	0.0	14.0	.Autoclave.Outputs.PRESSIP\OutputValue	-1.6	22.9	-43.8	-1.0	0.0	-1.0	-1.0	-1.0	0.0	0.0	0.0	-1.0	-1.0	0.0	0.0	0.0	-1.0	0.0
11:53:06	201.0	296.0	295.8	292.7	316.2	316.1	291.8	294.0	299.9	297.2	0.1	0.1	0.2	44.2	0.0	0.2	0.1	316.2	291.8	-1.8	-5.1	300.0	304.0	269.0	269.1	268.4	270.6	104.1	201.0	12.7	0.0	270.5	270.5	44.0	69.7	11.7	47.2	0.0	39.5	.Autoclave.Outputs.PRESSIP\OutputValue	-1.1	24.3	-47.1	-1.0	0.0	-1.0	-1.0	-1.0	0.0	0.0	0.0	-1.0	-1.0	0.0	0.0	0.0	-1.0	0.0
11:54:06	202.0	292.0	292.4	288.3	313.3	313.3	287.7	289.8	295.7	293.1	0.0	0.1	0.2	43.6	0.0	0.2	0.0	313.3	287.7	-2.8	-4.8	296.2	300.5	263.2	263.2	262.4	259.9	103.9	202.0	13.7	0.0	266.0	266.0	44.0	78.5	11.7	53.6	0.0	57.1	.Autoclave.Outputs.PRESSIP\OutputValue	-0.7	25.5	-50.1	-1.0	0.0	-1.0	-1.0	-1.0	0.0	0.0	0.0	-1.0	-1.0	0.0	0.0	0.0	-1.0	0.0
11:55:06	203.0	288.3	289.0	284.8	310.3	310.1	284.5	286.2	292.3	290.0	0.0	0.1	0.1	43.8	0.0	0.1	0.0	310.3	284.5	-3.0	-4.0	292.8	297.4	260.7	260.5	259.7	248.7	103.9	203.0	14.7	0.0	261.5	261.5	44.0	65.3	11.7	51.9	0.0	30.5	.Autoclave.Outputs.PRESSIP\OutputValue	0.1	25.7	-49.6	-1.0	0.0	-1.0	-1.0	-1.0	0.0	0.0	0.0	-1.0	-1.0	0.0	0.0	0.0	-1.0	0.0
11:56:06	204.0	284.8	284.9	280.7	307.3	307.2	280.9	282.0	288.8	286.3	0.0	0.0	0.2	43.7	0.0	0.2	0.0	307.3	280.7	-2.9	-4.4	289.2	294.0	258.5	258.5	257.7	251.0	103.9	204.0	15.7	0.0	257.0	257.0	44.0	49.9	11.8	52.3	-1.0	0.0	.Autoclave.Outputs.PRESSIP\OutputValue	-0.1	26.5	-48.8	-1.0	0.0	-1.0	-1.0	-1.0	0.0	0.0	0.0	-1.0	-1.0	0.0	0.0	0.0	-1.0	0.0
11:57:06	205.0	280.4	280.7	276.3	304.2	303.9	277.2	277.7	285.4	282.3	0.0	0.1	0.2	43.8	0.0	0.2	0.0	304.2	276.3	-3.2	-5.6	285.4	290.3	253.5	253.6	252.8	254.7	104.0	205.0	16.7	0.0	252.5	252.5	44.0	53.3	11.9	52.2	-1.0	6.7	.Autoclave.Outputs.PRESSIP\OutputValue	0.5	27.8	-50.7	-1.0	0.0	-1.0	-1.0	-1.0	0.0	0.0	0.0	-1.0	-1.0	0.0	0.0	0.0	-1.0	0.0
11:58:06	206.0	276.3	276.0	271.8	300.7	300.4	273.0	273.9	279.4	278.0	0.0	0.1	0.1	44.4	0.0	0.1	0.0	300.7	271.8	-2.6	-4.5	281.1	286.3	248.0	248.0	247.4	249.9	104.0	206.0	17.7	0.0	248.0	248.0	44.0	60.1	12.0	47.2	0.0	20.2	.Autoclave.Outputs.PRESSIP\OutputValue	0.8	28.8	-52.7	-1.0	0.0	-1.0	-1.0	-1.0	0.0	0.0	0.0	-1.0	-1.0	0.0	0.0	0.0	-1.0	0.0
11:59:06	207.0	271.7	272.0	267.5	297.6	297.1	268.5	269.5	277.0	274.0	0.0	0.1	0.1	44.0	0.0	0.1	0.0	297.6	267.5	-3.1	-4.8	277.2	282.6	242.4	242.4	241.6	243.7	104.0	207.0	18.7	0.0	243.5	243.5	44.0	68.2	12.0	50.9	0.0	36.3	.Autoclave.Outputs.PRESSIP\OutputValue	0.9	30.0	-55.2	-1.0	0.0	-1.0	-1.0	-1.0	0.0	0.0	0.0	-1.0	-1.0	0.0	0.0	0.0	-1.0	0.0
12:00:06	208.0	267.5	267.6	262.9	294.3	294.0	263.8	265.1	272.4	269.7	0.0	0.1	0.1	43.6	0.0	0.1	0.0	294.3	262.9	-3.2	-4.7	273.0	278.6	236.9	236.9	236.1	237.0	104.0	208.0	19.7	0.0	239.0	239.0	44.0	74.9	12.0	56.1	0.0	49.8	.Autoclave.Outputs.PRESSIP\OutputValue	1.8	31.3	-57.4	-1.0	0.0	-1.0	-1.0	-1.0	0.0	0.0	0.0	-1.0	-1.0	0.0	0.0	0.0	-1.0	0.0
12:01:06	209.0	263.9	263.4	259.0	290.9	290.9	260.6	261.8	267.9	265.4	0.0	0.0	0.1	43.9	0.0	0.1	0.0	290.9	259.0	-3.2	-4.4	269.3	275.0	232.8	232.8	231.9	229.1	104.0	209.0	20.7	0.0	234.5	234.5	44.0	71.6	12.0	53.4	0.0	43.2	.Autoclave.Outputs.PRESSIP\OutputValue	2.6	31.9	-58.1	-1.0	0.0	-1.0	-1.0	-1.0	0.0	0.0	0.0	-1.0	-1.0	0.0	0.0	0.0	-1.0	0.0
12:02:06	210.0	259.3	259.3	254.6	287.8	287.2	255.4	256.8	264.0	262.0	0.0	0.1	0.1	43.6	0.0	0.1	0.0	287.8	254.6	-3.2	-4.6	265.2	271.2	228.2	228.1	227.4	224.9	104.0	210.0	21.7	0.0	230.0	230.0	44.0	72.4	12.1	56.9	0.0	44.7	.Autoclave.Outputs.PRESSIP\OutputValue	3.0	33.1	-59.6	-1.0	0.0	-1.0	-1.0	-1.0	0.0	0.0	0.0	-1.0	-1.0	0.0	0.0	0.0	-1.0	0.0
12:03:06	211.0	255.2	255.1	250.6	284.3	283.9	252.9	252.9	260.0	257.1	0.0	0.1	0.1	43.8	0.0	0.1	0.0	284.3	250.6	-3.3	-4.7	261.3	267.5	224.3	224.0	223.3	217.2	104.1	211.0	22.7	0.0	225.5	225.5	44.0	68.4	12.0	55.6	0.0	36.8	.Autoclave.Outputs.PRESSIP\OutputValue	3.7	33.6	-60.0	-1.0	0.0	-1.0	-1.0	-1.0	0.0	0.0	0.0	-1.0	-1.0	0.0	0.0	0.0	-1.0	0.0
12:04:06	212.0	251.0	250.9	246.4	280.8	280.6	248.3	248.5	255.4	253.5	0.0	0.0	0.1	43.4	0.0	0.1	0.0	280.8	246.4	-3.3	-4.5	257.3	263.6	220.3	220.1	219.3	210.5	104.0	212.0	23.8	0.0	221.0	221.0	44.0	64.9	12.0	60.1	0.0	29.8	.Autoclave.Outputs.PRESSIP\OutputValue	3.9	34.3	-60.5	-1.0	0.0	-1.0	-1.0	-1.0	0.0	0.0	0.0	-1.0	-1.0	0.0	0.0	0.0	-1.0	0.0
12:05:06	213.0	246.8	246.7	242.0	277.2	277.0	244.2	244.7	251.4	249.5	0.0	0.0	0.1	43.1	0.0	0.1	0.0	277.2	242.0	-3.6	-4.6	253.3	259.6	216.0	216.0	215.3	207.4	104.0	213.0	24.7	0.0	216.5	216.5	44.0	63.7	12.0	63.4	0.0	27.4	.Autoclave.Outputs.PRESSIP\OutputValue	4.7	35.1	-61.2	-1.0	0.0	-1.0	-1.0	-1.0	0.0	0.0	0.0	-1.0	-1.0	0.0	0.0	0.0	-1.0	0.0
12:06:06	214.0	243.1	242.7	237.6	273.6	273.6	240.9	240.6	248.2	245.7	0.0	0.1	0.1	43.5	0.0	0.1	0.0	273.6	237.6	-3.4	-4.7	249.6	255.6	212.1	212.0	211.2	202.2	104.0	214.0	25.7	0.0	212.0	212.0	44.0	59.7	12.0	60.3	0.0	19.5	.Autoclave.Outputs.PRESSIP\OutputValue	6.0	36.0	-61.5	-1.0	0.0	-1.0	-1.0	-1.0	0.0	0.0	0.0	-1.0	-1.0	0.0	0.0	0.0	-1.0	0.0
12:07:06	215.0	238.8	238.0	233.2	270.1	270.1	236.0	236.5	243.5	241.6	0.0	0.1	0.1	43.3	0.0	0.1	0.0	270.1	233.2	-3.7	-5.0	245.3	251.7	207.7	207.7	207.0	198.6	103.7	215.0	26.7	0.0	207.5	207.5	44.0	57.6	12.0	63.8	0.0	15.2	.Autoclave.Outputs.PRESSIP\OutputValue	6.5	36.9	-62.4	-1.0	0.0	-1.0	-1.0	-1.0	0.0	0.0	0.0	-1.0	-1.0	0.0	0.0	0.0	-1.0	0.0
12:08:06	216.0	234.5	233.5	228.8	266.3	266.2	232.4	231.7	239.6	236.6	0.0	0.0	0.1	43.7	0.0	0.1	0.0	266.3	228.8	-3.7	-4.7	241.1	247.6	203.1	202.9	202.2	196.0	104.0	216.0	27.8	0.0	203.0	203.0	44.0	59.6	12.0	60.2	0.0	19.2	.Autoclave.Outputs.PRESSIP\OutputValue	7.5	37.4	-63.2	-1.0	0.0	-1.0	-1.0	-1.0	0.0	0.0	0.0	-1.0	-1.0	0.0	0.0	0.0	-1.0	0.0
12:09:06	217.0	230.1	229.5	224.5	263.0	262.8	227.7	227.8	234.5	232.8	0.0	0.1	0.1	43.3	0.0	0.1	0.0	263.0	224.5	-3.3	-4.5	237.0	243.8	198.3	198.1	197.5	190.1	103.9	217.0	28.7	0.0	198.5	198.5	44.0	61.7	11.9	65.3	0.0	23.3	.Autoclave.Outputs.PRESSIP\OutputValue	8.0	38.4	-64.7	-1.0	0.0	-1.0	-1.0	-1.0	0.0	0.0	0.0	-1.0	-1.0	0.0	0.0	0.0	-1.0	0.0
12:10:06	218.0	225.6	224.8	220.0	259.1	258.7	224.0	223.6	230.4	228.5	0.0	0.1	0.1	43.8	0.0	0.1	0.0	259.1	220.0	-4.1	-4.9	232.8	239.6	193.3	193.3	192.6	189.1	104.0	218.0	29.7	0.0	194.0	194.0	44.0	63.6	11.9	60.4	0.0	27.1	.Autoclave.Outputs.PRESSIP\OutputValue	8.0	39.0	-65.8	-1.0	0.0	-1.0	-1.0	-1.0	0.0	0.0	0.0	-1.0	-1.0	0.0	0.0	0.0	-1.0	0.0
12:11:06	219.0	221.0	220.2	215.5	255.4	255.0	219.8	219.4	226.0	224.0	0.0	0.1	0.1	43.5	0.0	0.1	0.0	255.4	215.5	-3.7	-4.7	228.5	235.4	188.8	188.7	188.0	186.5	103.9	219.0	30.7	0.0	189.5	189.5	44.0	64.9	11.8	63.5	0.0	29.8	.Autoclave.Outputs.PRESSIP\OutputValue	8.0	39.9	-66.6	-1.0	0.0	-1.0	-1.0	-1.0	0.0	0.0	0.0	-1.0	-1.0	0.0	0.0	0.0	-1.0	0.0
12:12:06	220.0	217.0	216.3	211.4	251.7	251.4	215.4	215.5	222.4	220.0	0.0	0.1	0.1	43.9	0.0	0.1	0.0	251.7	211.4	-3.7	-4.4	224.6	231.5	185.1	185.1	184.4	183.3	104.0	220.0	31.7	0.0	185.0	185.0	44.0	59.6	11.8	59.1	0.0	19.2	.Autoclave.Outputs.PRESSIP\OutputValue	8.0	40.3	-66.6	-1.0	0.0	-1.0	-1.0	-1.0	0.0	0.0	0.0	-1.0	-1.0	0.0	0.0	0.0	-1.0	0.0
12:13:06	221.0	212.9	211.8	206.8	248.1	247.1	212.1	211.3	219.6	216.0	0.0	0.1	0.1	43.7	0.0	0.1	0.0	248.1	206.8	-3.3	-4.7	220.6	227.4	181.5	181.5	180.7	181.8	104.0	221.0	32.7	0.0	180.5	180.5	44.0	54.1	11.7	61.0	0.0	8.2	.Autoclave.Outputs.PRESSIP\OutputValue	8.0	41.3	-66.6	-1.0	0.0	-1.0	-1.0	-1.0	0.0	0.0	0.0	-1.0	-1.0	0.0	0.0	0.0	-1.0	0.0
12:14:06	222.0	208.6	207.0	202.5	244.2	243.5	208.0	207.5	214.0	211.9	0.0	0.1	0.1	43.4	0.0	0.1	0.0	244.2	202.5	-3.8	-5.2	216.3	223.3	177.6	177.6	176.8	177.8	104.0	222.0	33.7	0.0	176.0	176.0	44.0	50.2	11.7	64.2	-1.0	0.3	.Autoclave.Outputs.PRESSIP\OutputValue	8.0	41.7	-66.6	-1.0	0.0	-1.0	-1.0	-1.0	0.0	0.0	0.0	-1.0	-1.0	0.0	0.0	0.0	-1.0	0.0
12:15:06	223.0	204.5	203.0	198.3	240.3	240.0	203.8	203.0	208.8	207.3	0.0	0.1	0.1	43.6	0.0	0.1	0.0	240.3	198.3	-3.6	-4.9	212.1	219.3	173.4	173.4	172.6	172.4	104.0	223.0	34.7	0.0	171.5	171.5	44.0	48.1	11.6	62.3	-1.0	0.0	.Autoclave.Outputs.PRESSIP\OutputValue	8.0	42.0	-66.9	-1.0	0.0	-1.0	-1.0	-1.0	0.0	0.0	0.0	-1.0	-1.0	0.0	0.0	0.0	-1.0	0.0
12:16:06	224.0	200.3	198.6	193.8	236.5	236.0	199.1	199.1	205.3	203.4	0.0	0.1	0.0	43.0	0.0	0.1	0.0	236.5	193.8	-3.6	-4.5	208.0	215.1	169.1	169.1	168.4	164.7	103.8	224.0	35.7	0.0	167.0	167.0	44.0	46.0	11.5	67.4	-1.0	0.0	.Autoclave.Outputs.PRESSIP\OutputValue	8.0	42.7	-67.4	-1.0	0.0	-1.0	-1.0	-1.0	0.0	0.0	0.0	-1.0	-1.0	0.0	0.0	0.0	-1.0	0.0
12:17:06	225.0	196.0	194.1	189.5	232.9	232.5	195.1	194.7	201.0	199.0	0.0	0.1	0.1	43.5	0.0	0.1	0.0	232.9	189.5	-3.5	-5.2	203.9	211.2	164.6	164.6	163.9	161.3	103.9	225.0	36.7	0.0	162.5	162.5	44.0	45.2	11.4	62.7	-1.0	0.0	.Autoclave.Outputs.PRESSIP\OutputValue	8.0	43.4	-68.3	-1.0	0.0	-1.0	-1.0	-1.0	0.0	0.0	0.0	-1.0	-1.0	0.0	0.0	0.0	-1.0	0.0
12:18:06	226.0	191.4	189.9	185.1	228.6	228.2	190.3	190.0	197.3	194.7	0.0	0.1	0.1	43.1	0.0	0.1	0.0	228.6	185.1	-4.2	-5.4	199.5	206.8	159.6	159.6	158.9	156.6	103.8	226.0	37.7	0.0	158.0	158.0	44.0	48.5	11.3	66.8	-1.0	0.0	.Autoclave.Outputs.PRESSIP\OutputValue	8.0	43.5	-69.0	-1.0	0.0	-1.0	-1.0	-1.0	0.0	0.0	0.0	-1.0	-1.0	0.0	0.0	0.0	-1.0	0.0
12:19:06	227.0	187.1	185.3	180.6	225.0	224.2	187.0	186.2	192.5	189.7	0.0	0.1	0.0	43.6	0.0	0.1	0.0	225.0	180.6	-3.6	-5.2	195.3	202.8	155.7	155.7	155.0	154.3	103.9	227.0	38.7	0.0	153.5	153.5	44.0	45.0	11.2	61.9	-1.0	0.0	.Autoclave.Outputs.PRESSIP\OutputValue	8.0	44.4	-69.3	-1.0	0.0	-1.0	-1.0	-1.0	0.0	0.0	0.0	-1.0	-1.0	0.0	0.0	0.0	-1.0	0.0
12:20:06	228.0	182.2	180.5	176.1	220.7	220.3	181.7	181.4	187.8	185.5	0.0	0.1	0.1	43.0	0.0	0.1	0.0	220.7	176.1	-3.9	-4.9	190.7	198.4	149.6	149.6	148.8	146.6	103.8	228.0	39.7	0.0	149.0	149.0	44.0	54.9	11.0	67.6	-1.0	9.8	.Autoclave.Outputs.PRESSIP\OutputValue	8.0	44.6	-71.1	-1.0	0.0	-1.0	-1.0	-1.0	0.0	0.0	0.0	-1.0	-1.0	0.0	0.0	0.0	-1.0	0.0
12:21:06	229.0	178.5	176.5	172.0	217.0	216.4	177.7	177.1	183.9	181.0	0.0	0.1	0.0	43.4	0.0	0.1	0.0	217.0	172.0	-3.6	-4.5	186.7	194.5	146.7	146.6	145.8	143.2	104.0	229.0	40.7	0.0	144.5	144.5	44.0	44.7	10.8	64.4	-1.0	0.0	.Autoclave.Outputs.PRESSIP\OutputValue	8.0	45.0	-70.3	-1.0	0.0	-1.0	-1.0	-1.0	0.0	0.0	0.0	-1.0	-1.0	0.0	0.0	0.0	-1.0	0.0
12:22:06	230.0	174.3	172.2	167.4	212.8	212.4	173.9	173.2	179.3	176.4	0.0	0.1	0.1	43.7	0.0	0.1	0.0	212.8	167.4	-4.1	-4.8	182.4	190.1	141.6	141.6	140.9	139.4	104.0	230.0	41.8	0.0	140.0	140.0	44.0	48.5	10.7	61.2	-1.0	0.0	.Autoclave.Outputs.PRESSIP\OutputValue	8.0	45.5	-71.3	-1.0	0.0	-1.0	-1.0	-1.0	0.0	0.0	0.0	-1.0	-1.0	0.0	0.0	0.0	-1.0	0.0
12:23:06	231.0	169.5	167.9	163.2	209.0	208.8	169.4	169.2	174.9	172.5	0.0	0.1	0.1	43.3	0.0	0.1	0.0	209.0	163.2	-3.5	-4.3	178.3	186.1	137.6	137.6	136.9	135.8	103.8	231.0	42.7	0.0	135.5	135.5	44.0	45.2	10.5	65.0	-1.0	0.0	.Autoclave.Outputs.PRESSIP\OutputValue	8.0	45.9	-71.5	-1.0	0.0	-1.0	-1.0	-1.0	0.0	0.0	0.0	-1.0	-1.0	0.0	0.0	0.0	-1.0	0.0
12:24:06	232.0	165.7	163.8	159.1	205.3	204.6	165.4	164.6	171.2	168.9	0.0	0.1	0.1	43.0	0.0	0.1	0.0	205.3	159.1	-3.7	-4.4	174.3	182.2	134.6	134.6	133.9	132.9	103.8	232.0	43.7	0.0	131.0	131.0	44.0	34.8	10.2	67.8	-1.0	0.0	.Autoclave.Outputs.PRESSIP\OutputValue	8.0	46.3	-70.8	-1.0	0.0	-1.0	-1.0	-1.0	0.0	0.0	0.0	-1.0	-1.0	0.0	0.0	0.0	-1.0	0.0
12:25:06	233.0	162.5	159.7	155.4	201.4	201.1	162.0	161.0	167.1	164.6	0.0	0.1	0.1	43.5	0.0	0.1	0.0	201.4	155.4	-3.6	-4.7	170.5	178.4	131.7	131.7	131.0	130.5	103.9	233.0	44.7	0.0	126.5	126.5	44.0	23.7	9.8	62.7	-1.0	0.0	.Autoclave.Outputs.PRESSIP\OutputValue	8.0	46.1	-69.8	-1.0	0.0	-1.0	-1.0	-1.0	0.0	0.0	0.0	-1.0	-1.0	0.0	0.0	0.0	-1.0	0.0
12:26:06	234.0	158.4	156.3	151.8	198.2	197.6	159.5	157.4	163.6	161.1	0.0	0.1	0.1	43.3	0.0	0.1	0.0	198.2	151.8	-2.6	-3.8	167.1	175.0	129.3	129.2	128.5	128.2	103.8	234.0	45.7	0.0	122.0	122.0	44.0	9.1	9.1	65.3	-1.0	0.0	.Autoclave.Outputs.PRESSIP\OutputValue	8.0	46.5	-69.0	-1.0	0.0	-1.0	-1.0	-1.0	0.0	0.0	0.0	-1.0	-1.0	0.0	0.0	0.0	-1.0	0.0
12:27:06	235.0	154.9	152.8	148.4	194.5	193.6	155.7	153.8	160.2	157.9	0.0	0.1	0.1	43.0	0.0	0.1	0.0	194.5	148.4	-3.2	-4.0	163.5	171.5	127.4	127.4	126.5	126.3	103.8	235.0	46.7	0.0	117.5	117.5	44.0	0.0	0.0	67.6	-1.0	0.0	.Autoclave.Outputs.PRESSIP\OutputValue	8.0	46.2	-67.2	-1.0	0.0	-1.0	-1.0	-1.0	0.0	0.0	0.0	-1.0	-1.0	0.0	0.0	0.0	-1.0	0.0
12:28:06	236.0	152.1	149.8	145.3	190.7	190.1	153.2	150.8	157.1	154.0	0.0	0.1	0.1	43.5	0.0	0.1	0.0	190.7	145.3	-2.9	-3.9	160.3	168.0	125.1	125.1	124.5	124.6	103.8	236.0	47.7	0.0	113.0	113.0	44.0	0.0	0.0	62.9	-1.0	0.0	.Autoclave.Outputs.PRESSIP\OutputValue	8.0	45.5	-65.7	-1.0	0.0	-1.0	-1.0	-1.0	0.0	0.0	0.0	-1.0	-1.0	0.0	0.0	0.0	-1.0	0.0
12:29:06	237.0	149.1	146.9	142.2	187.5	186.8	150.7	148.4	154.0	151.4	0.0	0.1	0.1	43.3	0.0	0.1	0.0	187.5	142.2	-2.2	-3.5	157.4	164.9	123.1	123.2	122.5	123.0	103.8	237.0	48.7	0.0	108.5	108.5	44.0	0.0	0.0	64.8	-1.0	0.0	.Autoclave.Outputs.PRESSIP\OutputValue	8.0	45.4	-64.4	-1.0	0.0	-1.0	-1.0	-1.0	0.0	0.0	0.0	-1.0	-1.0	0.0	0.0	0.0	-1.0	0.0
12:30:06	238.0	146.0	143.9	139.5	184.0	183.2	147.5	145.2	150.8	148.1	0.0	0.1	0.1	43.2	0.0	0.1	0.0	184.0	139.5	-2.9	-3.8	154.2	161.8	121.4	121.4	120.8	121.5	103.8	238.0	49.8	0.0	104.0	104.0	44.0	0.0	0.0	66.3	-1.0	0.0	.Autoclave.Outputs.PRESSIP\OutputValue	8.0	44.6	-62.6	-1.0	0.0	-1.0	-1.0	-1.0	0.0	0.0	0.0	-1.0	-1.0	0.0	0.0	0.0	-1.0	0.0
12:31:06	239.0	143.1	141.0	136.9	180.9	179.9	145.2	142.6	148.2	145.3	0.0	0.1	0.1	43.5	0.0	0.1	0.0	180.9	136.9	-2.2	-3.4	151.4	158.9	119.9	119.9	119.3	120.2	103.9	239.0	50.7	0.0	99.5	99.5	44.0	0.0	0.0	64.0	-1.0	0.0	.Autoclave.Outputs.PRESSIP\OutputValue	8.0	44.1	-61.0	-1.0	0.0	-1.0	-1.0	-1.0	0.0	0.0	0.0	-1.0	-1.0	0.0	0.0	0.0	-1.0	0.0
12:32:06	240.0	140.8	138.5	134.6	177.7	176.9	142.8	139.6	145.0	142.7	0.0	0.1	0.1	43.5	0.0	0.1	0.0	177.7	134.6	-2.3	-3.2	148.7	156.2	118.6	118.6	117.9	118.7	103.9	240.0	51.7	0.0	95.0	95.0	44.0	0.0	0.0	63.1	-1.0	0.0	.Autoclave.Outputs.PRESSIP\OutputValue	8.0	43.2	-59.1	-1.0	0.0	-1.0	-1.0	-1.0	0.0	0.0	0.0	-1.0	-1.0	0.0	0.0	0.0	-1.0	0.0
12:33:06	241.0	137.9	136.1	132.3	174.7	174.0	140.1	137.3	142.9	140.4	0.0	0.1	0.1	43.3	0.0	0.1	0.0	174.7	132.3	-2.3	-3.1	146.2	153.5	117.3	117.3	116.7	117.5	103.8	241.0	52.7	0.0	90.5	90.5	44.0	0.0	0.0	64.8	-1.0	0.0	.Autoclave.Outputs.PRESSIP\OutputValue	8.0	42.5	-57.4	-1.0	0.0	-1.0	-1.0	-1.0	0.0	0.0	0.0	-1.0	-1.0	0.0	0.0	0.0	-1.0	0.0
12:34:06	242.0	135.6	133.9	130.3	171.9	170.9	138.1	135.1	140.7	138.0	0.0	0.1	0.1	43.2	0.0	0.1	0.0	171.9	130.3	-1.6	-3.1	143.8	151.1	115.8	115.8	115.2	116.4	103.7	242.0	53.7	0.0	86.0	86.0	44.0	0.0	0.0	65.7	-1.0	0.0	.Autoclave.Outputs.PRESSIP\OutputValue	8.0	41.7	-56.1	-1.0	0.0	-1.0	-1.0	-1.0	0.0	0.0	0.0	-1.0	-1.0	0.0	0.0	0.0	-1.0	0.0
12:35:06	243.0	133.9	131.6	128.3	168.6	168.0	136.4	132.8	137.9	135.4	0.0	0.1	0.1	43.1	0.0	0.1	0.0	168.6	128.3	-2.0	-3.3	141.4	148.5	114.7	114.6	114.0	115.3	103.7	243.0	54.7	0.0	81.5	81.5	44.0	0.0	0.0	67.2	-1.0	0.0	.Autoclave.Outputs.PRESSIP\OutputValue	8.0	40.4	-53.9	-1.0	0.0	-1.0	-1.0	-1.0	0.0	0.0	0.0	-1.0	-1.0	0.0	0.0	0.0	-1.0	0.0
12:36:06	244.0	131.9	130.0	126.5	166.1	165.2	133.9	130.8	135.7	133.7	0.0	0.1	0.1	43.6	0.0	0.1	0.0	166.1	126.5	-1.7	-2.9	139.3	146.3	114.0	114.0	113.3	114.5	103.8	244.0	55.7	0.0	80.0	80.0	44.0	0.0	0.0	61.8	-1.0	0.0	.Autoclave.Outputs.PRESSIP\OutputValue	8.0	39.7	-52.1	-1.0	0.0	-1.0	-1.0	-1.0	0.0	0.0	0.0	-1.0	-1.0	0.0	0.0	0.0	-1.0	0.0
12:37:06	245.0	129.9	128.2	124.6	163.6	163.1	132.4	129.1	133.5	131.8	0.0	0.1	0.1	43.5	0.0	0.1	0.0	163.6	124.6	-1.2	-2.6	137.3	144.1	112.8	112.8	112.2	113.3	103.6	245.0	56.8	0.0	80.0	80.0	44.0	0.0	0.0	63.3	-1.0	0.0	.Autoclave.Outputs.PRESSIP\OutputValue	8.0	39.1	-50.8	-1.0	0.0	-1.0	-1.0	-1.0	0.0	0.0	0.0	-1.0	-1.0	0.0	0.0	0.0	-1.0	0.0
12:38:06	246.0	127.8	126.1	123.0	160.8	160.2	130.4	127.3	131.4	129.6	0.0	0.1	0.1	43.4	0.0	0.1	0.0	160.8	123.0	-1.7	-2.8	135.2	141.9	111.7	111.7	111.1	112.4	103.6	246.0	57.7	0.0	80.0	80.0	44.0	0.0	0.0	64.4	-1.0	0.0	.Autoclave.Outputs.PRESSIP\OutputValue	8.0	37.9	-49.1	-1.0	0.0	-1.0	-1.0	-1.0	0.0	0.0	0.0	-1.0	-1.0	0.0	0.0	0.0	-1.0	0.0
12:39:06	247.0	126.3	124.4	121.4	158.3	157.6	128.7	125.6	130.4	127.7	0.0	0.1	0.1	43.3	0.0	0.1	0.0	158.3	121.4	-1.5	-2.8	133.4	139.9	110.5	110.6	109.8	111.6	103.7	247.0	58.7	0.0	80.0	80.0	44.0	0.0	0.0	65.5	-1.0	0.0	.Autoclave.Outputs.PRESSIP\OutputValue	8.0	37.0	-47.8	-1.0	0.0	-1.0	-1.0	-1.0	0.0	0.0	0.0	-1.0	-1.0	0.0	0.0	0.0	-1.0	0.0
12:40:06	248.0	124.3	122.7	119.9	155.5	154.9	126.8	123.9	128.0	126.2	0.0	0.1	0.1	43.2	0.0	0.1	0.0	155.5	119.9	-1.4	-2.8	131.3	137.7	109.9	110.0	109.2	110.7	103.5	248.0	59.7	0.0	80.0	80.0	44.0	0.0	0.0	66.3	-1.0	0.0	.Autoclave.Outputs.PRESSIP\OutputValue	8.0	35.7	-45.6	-1.0	0.0	-1.0	-1.0	-1.0	0.0	0.0	0.0	-1.0	-1.0	0.0	0.0	0.0	-1.0	0.0
12:41:06	249.0	123.1	121.3	118.6	153.5	152.7	125.4	122.5	127.0	124.5	0.0	0.1	0.1	43.1	0.0	0.1	0.0	153.5	118.6	-0.9	-2.1	129.8	136.1	109.0	109.0	108.3	110.0	103.5	249.0	60.8	0.0	80.0	80.0	44.0	0.0	0.0	67.4	-1.0	0.0	.Autoclave.Outputs.PRESSIP\OutputValue	8.0	35.0	-44.5	-1.0	0.0	-1.0	-1.0	-1.0	0.0	0.0	0.0	-1.0	-1.0	0.0	0.0	0.0	-1.0	0.0
12:42:06	250.0	121.2	119.7	117.4	151.2	150.3	124.4	121.3	125.1	123.0	0.0	0.1	0.1	43.5	0.0	0.1	0.0	151.2	117.4	-1.1	-2.4	128.2	134.3	108.4	108.4	107.6	109.3	103.4	250.0	61.7	0.0	80.0	80.0	44.0	0.0	0.0	62.7	-1.0	0.0	.Autoclave.Outputs.PRESSIP\OutputValue	8.0	33.9	-42.8	-1.0	0.0	-1.0	-1.0	-1.0	0.0	0.0	0.0	-1.0	-1.0	0.0	0.0	0.0	-1.0	0.0
12:43:06	251.0	119.8	118.7	116.1	148.9	147.9	122.4	119.7	123.3	121.2	0.0	0.1	0.1	43.5	0.0	0.1	0.0	148.9	116.1	-1.3	-2.5	126.4	132.5	107.3	107.3	106.7	108.5	103.3	251.0	62.7	0.0	80.0	80.0	44.0	0.0	0.0	63.5	-1.0	0.0	.Autoclave.Outputs.PRESSIP\OutputValue	8.0	32.9	-41.6	-1.0	0.0	-1.0	-1.0	-1.0	0.0	0.0	0.0	-1.0	-1.0	0.0	0.0	0.0	-1.0	0.0
12:43:35	251.5	119.7	118.3	115.6	147.9	147.0	122.2	119.1	122.9	120.5	0.0	0.1	0.1	43.4	0.0	0.1	0.0	147.9	115.6	-1.0	-2.2	125.9	131.8	107.1	107.1	106.4	108.3	103.5	251.5	63.2	0.0	80.0	80.0	44.0	0.0	0.0	63.6	-1.0	0.0	.Autoclave.Outputs.PRESSIP\OutputValue	8.0	32.4	-41.0	-1.0	0.0	-1.0	-1.0	-1.0	0.0	0.0	0.0	-1.0	-1.0	0.0	0.0	0.0	-1.0	0.0
12:44:06	252.0	118.6	117.0	114.8	146.6	145.9	120.7	118.0	121.4	119.4	0.0	0.1	0.1	39.6	0.0	0.1	0.0	146.6	114.8	-1.1	-2.3	124.7	130.7	104.8	104.8	104.2	105.2	102.7	252.0	0.5	0.0	80.0	80.0	38.8	0.0	0.0	50.8	-1.0	0.0	.Autoclave.Outputs.PRESSIP\OutputValue	7.5	31.9	-41.8	-1.0	0.0	-1.0	-1.0	-1.0	0.0	0.0	0.0	-1.0	-1.0	0.0	0.0	0.0	-1.0	0.0
12:45:06	253.0	116.0	115.2	113.1	144.3	143.6	118.6	116.1	119.4	117.4	0.0	0.1	0.1	29.3	0.0	0.1	0.0	144.3	113.1	-1.7	-2.5	122.6	128.7	101.0	101.0	100.3	101.4	101.9	253.0	1.5	0.0	80.0	80.0	28.8	0.0	0.0	52.0	-1.0	0.0	.Autoclave.Outputs.PRESSIP\OutputValue	6.2	31.3	-43.3	-1.0	0.0	-1.0	-1.0	-1.0	0.0	0.0	0.0	-1.0	-1.0	0.0	0.0	0.0	-1.0	0.0
12:46:06	254.0	114.5	113.5	111.4	142.4	141.8	116.5	114.1	118.7	115.6	0.0	0.0	0.1	19.5	0.0	0.1	0.0	142.4	111.4	-1.5	-2.6	120.9	126.9	97.6	97.6	96.9	98.4	101.1	254.0	2.5	0.0	80.0	80.0	18.8	0.0	0.0	48.8	-1.0	0.0	.Autoclave.Outputs.PRESSIP\OutputValue	4.8	31.1	-44.8	-1.0	0.0	-1.0	-1.0	-1.0	0.0	0.0	0.0	-1.0	-1.0	0.0	0.0	0.0	-1.0	0.0
12:47:06	255.0	113.4	112.3	109.8	141.2	140.4	115.2	112.8	117.3	114.3	0.0	0.0	0.0	9.6	0.0	0.0	0.0	141.2	109.8	-0.6	-1.5	119.6	125.5	94.8	94.7	93.9	95.4	100.4	255.0	3.5	0.0	80.0	80.0	8.8	0.0	0.0	44.9	-1.0	0.0	.Autoclave.Outputs.PRESSIP\OutputValue	3.3	31.5	-46.4	-1.0	0.0	-1.0	-1.0	-1.0	0.0	0.0	0.0	-1.0	-1.0	-1.0	0.0	0.0	-1.0	0.0
12:48:06	256.0	112.7	111.4	108.7	140.3	139.6	115.2	111.9	116.8	113.5	-0.1	-0.1	0.0	2.3	0.0	0.0	-0.1	140.3	108.7	-0.3	-1.2	118.9	124.5	92.9	92.9	92.2	94.6	100.0	256.0	4.5	0.0	80.0	80.0	0.0	0.0	0.0	27.4	-1.0	0.0	.Autoclave.Outputs.PRESSIP\OutputValue	0.2	31.7	-47.4	-1.0	0.0	-1.0	-1.0	-1.0	0.0	0.0	0.0	-1.0	-1.0	-1.0	0.0	0.0	-1.0	0.0
12:48:27	256.4	112.7	111.0	108.4	140.0	139.4	115.1	111.7	116.8	113.4	-0.2	-0.2	-0.2	1.0	0.0	-0.2	-0.2	140.0	108.4	0.0	-1.0	118.7	124.2	93.1	93.2	92.5	94.8	99.9	256.4	4.9	0.0	80.0	80.0	0.0	0.0	0.0	38.7	-1.0	0.0	.Autoclave.Outputs.PRESSIP\OutputValue	-0.9	31.7	-46.8	-1.0	0.0	-1.0	-1.0	-1.0	0.0	0.0	0.0	-1.0	-1.0	-1.0	0.0	0.0	-1.0	0.0
