

Time	Elapsed	PTC10	PTC11	PTC12	PTC13	PTC14	PTC15	PTC16	PTC17	PTC18	VPRB2	VPRB3	VPRB4	VPRB7	PRESS	SVAC	HIPRB	LOPRB	HITC	LOTC	HIRATE	LORATE	AVGTC	MEAN	AIRTC	AIRTC1	AIRTC2	HILIMTC	CAPSTC	RUNTIME	SEGTIME	SEGTIMELEFT	TSET_AIR	TSET_PART	PSET	TEMPOUT	TEMPINT	PRESSOUT	COOLIP	SCROUT	PRESSIP	PRESSINT	SPREAD	AIRPARTDELTA	CAPSFLOW	SILENCE	BARLOCK	HIPSI	FANON	HYDON	FANSTARTSTOPPB	HYDPMPSTARTSTOPPB	COOLCNTRLONOFFSW	PRESSCNTRLONOFFSW	PRESSDUMPSW	PCMANUALSW	HILIMIT	BLWRMTRHILIMIT	MANINSIDE
HH:MM:SS	Mins	Deg.F	Deg.F	Deg.F	Deg.F	Deg.F	Deg.F	Deg.F	Deg.F	Deg.F	"Hg	"Hg	"Hg	"Hg	Psig	"Hg			Deg.F	Deg.F	Deg.F	Deg.F	Deg.F	Deg.F	Deg.F	Deg.F	Deg.F	Deg.F	Deg.F	Mins	Mins	Mins	Deg.F	Deg.F	Psig				%	%	%	%	Deg.F	Deg.F															
02:30:19	0.0	81.1	82.0	81.8	81.1	81.8	81.9	81.4	80.9	82.5	-27.8	-27.9	-27.7	-27.6	-0.4	-28.0	-27.6	-27.9	82.5	80.9	0.4	0.0	81.6	81.7	95.3	95.3	94.7	110.0	100.1	163.3	0.0	0.0	70.0	70.0	0.0	0.0	0.0	50.0	0.0	0.0	.Autoclave.Outputs.PRESSIP\OutputValue	8.0	1.6	12.8	-1.0	0.0	-1.0	-1.0	0.0	0.0	0.0	0.0	-1.0	-1.0	-1.0	0.0	0.0	-1.0	0.0
02:30:21	0.0	81.1	82.0	81.8	81.1	81.8	81.9	81.4	80.9	82.5	-27.8	-27.9	-27.7	-27.6	-0.4	-28.0	-27.6	-27.9	82.5	80.9	0.4	0.0	81.6	81.7	95.3	95.3	94.7	110.0	100.1	163.3	0.0	0.0	70.0	70.0	0.0	0.0	0.0	50.0	0.0	0.0	.Autoclave.Outputs.PRESSIP\OutputValue	8.0	1.6	12.8	-1.0	0.0	-1.0	-1.0	0.0	0.0	0.0	0.0	-1.0	-1.0	-1.0	0.0	0.0	-1.0	0.0
02:30:21	0.0	81.1	82.0	81.8	81.1	81.8	81.9	81.4	80.9	82.5	-27.8	-27.9	-27.7	-27.6	-0.4	-28.0	-27.6	-27.9	82.5	80.9	0.4	0.0	81.6	81.7	95.3	95.3	94.7	110.0	100.1	163.3	0.0	0.0	70.0	70.0	0.0	0.0	0.0	50.0	0.0	0.0	.Autoclave.Outputs.PRESSIP\OutputValue	8.0	1.6	12.8	-1.0	0.0	-1.0	-1.0	0.0	0.0	0.0	0.0	-1.0	-1.0	-1.0	0.0	0.0	-1.0	0.0
02:30:21	0.0	81.1	82.0	81.8	81.1	81.8	81.9	81.4	80.9	82.5	-27.8	-27.9	-27.7	-27.6	-0.4	-28.0	-27.6	-27.9	82.5	80.9	0.4	0.0	81.6	81.7	95.3	95.3	94.7	110.0	100.1	163.3	0.0	0.0	70.0	70.0	0.0	0.0	0.0	50.0	0.0	0.0	.Autoclave.Outputs.PRESSIP\OutputValue	8.0	1.6	12.8	-1.0	0.0	-1.0	-1.0	0.0	0.0	0.0	0.0	-1.0	-1.0	-1.0	0.0	0.0	-1.0	0.0
02:31:21	1.0	83.1	84.2	83.2	82.5	82.7	83.2	82.3	81.8	83.9	-27.7	-27.8	-27.6	-27.7	1.0	-28.0	-27.6	-27.8	84.2	81.8	1.9	0.7	83.0	83.0	97.3	97.2	96.5	101.1	97.7	1.0	1.0	0.0	90.0	87.0	1.5	0.0	0.0	62.9	-1.0	0.0	.Autoclave.Outputs.PRESSIP\OutputValue	8.0	2.4	13.1	-1.0	0.0	-1.0	-1.0	-1.0	0.0	0.0	0.0	-1.0	-1.0	0.0	0.0	0.0	-1.0	0.0
02:32:21	2.0	83.7	84.7	84.0	82.5	83.6	84.4	83.4	82.8	85.4	-27.8	-27.8	-27.6	-27.6	2.3	-28.0	-27.6	-27.8	85.4	82.5	1.5	0.7	83.8	83.9	97.1	97.1	96.3	99.2	97.5	2.0	2.0	0.0	97.7	91.5	3.0	51.3	-0.3	64.9	0.0	2.6	.Autoclave.Outputs.PRESSIP\OutputValue	8.0	2.9	11.7	-1.0	0.0	-1.0	-1.0	-1.0	0.0	0.0	0.0	-1.0	-1.0	0.0	0.0	0.0	-1.0	0.0
02:33:21	3.0	85.1	86.2	84.9	83.5	84.6	86.1	84.5	83.9	87.2	-27.8	-27.7	-27.6	-27.5	4.1	-28.0	-27.5	-27.8	87.2	83.5	2.0	0.9	85.1	85.3	103.0	103.0	102.3	117.4	97.6	3.0	3.0	0.0	104.6	96.0	4.5	59.7	-0.1	62.2	0.0	19.3	.Autoclave.Outputs.PRESSIP\OutputValue	8.0	3.7	15.8	-1.0	0.0	-1.0	-1.0	-1.0	0.0	0.0	0.0	-1.0	-1.0	0.0	0.0	0.0	-1.0	0.0
02:34:21	4.0	86.8	88.1	86.5	84.1	86.2	88.3	86.2	85.5	89.6	-27.7	-27.7	-27.6	-27.6	5.6	-28.0	-27.6	-27.7	89.6	84.1	2.3	0.5	86.8	86.8	109.3	109.4	108.7	122.2	97.5	4.0	4.0	0.0	111.5	100.5	6.0	61.9	0.1	63.0	0.0	23.8	.Autoclave.Outputs.PRESSIP\OutputValue	8.0	5.5	19.7	-1.0	0.0	-1.0	-1.0	-1.0	0.0	0.0	0.0	-1.0	-1.0	0.0	0.0	0.0	-1.0	0.0
02:35:21	5.0	89.0	90.0	88.0	86.4	87.9	90.6	88.1	86.7	92.2	-27.7	-27.7	-27.5	-27.6	7.1	-28.0	-27.5	-27.7	92.2	86.4	2.9	1.4	88.8	89.3	115.3	115.4	114.7	130.0	97.7	5.0	5.0	0.0	117.8	105.0	7.5	64.6	0.3	62.8	0.0	29.2	.Autoclave.Outputs.PRESSIP\OutputValue	8.0	5.8	23.1	-1.0	0.0	-1.0	-1.0	-1.0	0.0	0.0	0.0	-1.0	-1.0	0.0	0.0	0.0	-1.0	0.0
02:36:21	6.0	91.1	91.9	89.8	85.6	89.6	93.1	90.0	89.2	95.0	-27.7	-27.7	-27.5	-27.5	8.0	-28.0	-27.5	-27.7	95.0	85.6	2.8	1.7	90.6	90.3	121.7	121.6	121.1	134.2	97.7	6.0	6.0	0.0	124.0	109.5	9.0	63.7	0.5	67.7	0.0	27.4	.Autoclave.Outputs.PRESSIP\OutputValue	8.0	9.4	26.7	-1.0	0.0	-1.0	-1.0	-1.0	0.0	0.0	0.0	-1.0	-1.0	0.0	0.0	0.0	-1.0	0.0
02:37:21	7.0	93.3	94.3	91.6	88.0	91.5	96.0	92.3	90.9	98.1	-27.7	-27.7	-27.4	-27.5	9.8	-28.0	-27.4	-27.7	98.1	88.0	3.0	0.4	92.9	93.0	127.5	127.5	126.8	141.0	97.6	7.0	7.0	0.0	129.9	114.0	10.5	64.9	0.8	64.9	0.0	29.8	.Autoclave.Outputs.PRESSIP\OutputValue	8.0	10.1	29.4	-1.0	0.0	-1.0	-1.0	-1.0	0.0	0.0	0.0	-1.0	-1.0	0.0	0.0	0.0	-1.0	0.0
02:37:38	7.3	94.0	94.8	92.1	88.5	92.1	96.7	93.1	92.4	98.8	-27.7	-27.7	-27.4	-27.3	10.0	-28.0	-27.3	-27.7	98.8	88.5	3.2	1.7	93.6	93.6	128.8	128.8	128.0	143.4	97.7	7.3	7.3	0.0	131.4	115.2	10.9	66.1	0.8	68.1	0.0	32.2	.Autoclave.Outputs.PRESSIP\OutputValue	8.0	10.3	29.9	-1.0	0.0	-1.0	-1.0	-1.0	0.0	0.0	0.0	-1.0	-1.0	0.0	0.0	0.0	-1.0	0.0
02:38:21	8.0	95.7	96.6	93.8	88.1	93.7	99.2	94.9	93.6	101.3	-27.6	-27.7	-27.3	-27.4	11.4	-28.0	-27.3	-27.7	101.3	88.1	3.4	2.2	95.2	94.7	133.2	133.2	132.5	146.6	97.8	8.0	0.7	0.0	135.6	118.5	12.0	64.5	1.0	64.0	0.0	29.1	.Autoclave.Outputs.PRESSIP\OutputValue	8.0	13.2	31.9	-1.0	0.0	-1.0	-1.0	-1.0	0.0	0.0	0.0	-1.0	-1.0	0.0	0.0	0.0	-1.0	0.0
02:39:21	9.0	98.3	99.0	96.1	94.7	96.0	102.3	97.8	96.1	105.2	-24.7	-24.6	-25.3	-25.3	13.0	-24.0	-24.6	-25.3	105.2	94.7	3.8	1.2	98.4	99.9	138.8	138.8	138.1	151.7	98.1	9.0	1.7	0.0	140.8	123.0	13.5	62.8	1.2	62.9	0.0	25.6	.Autoclave.Outputs.PRESSIP\OutputValue	8.0	10.5	33.6	-1.0	0.0	-1.0	-1.0	-1.0	0.0	0.0	0.0	-1.0	-1.0	0.0	0.0	0.0	-1.0	0.0
02:40:21	10.0	101.0	101.6	98.2	95.9	99.0	105.7	100.9	99.7	109.3	-19.1	-19.0	-19.3	-19.4	14.1	-18.7	-19.0	-19.4	109.3	95.9	4.6	2.2	101.3	102.6	143.0	143.0	142.2	156.1	97.9	10.0	2.7	0.0	145.5	127.5	15.0	67.1	1.4	67.2	0.0	34.1	.Autoclave.Outputs.PRESSIP\OutputValue	8.0	13.4	33.7	-1.0	0.0	-1.0	-1.0	-1.0	0.0	0.0	0.0	-1.0	-1.0	0.0	0.0	0.0	-1.0	0.0
02:41:21	11.0	103.9	104.1	100.9	98.2	101.8	109.4	104.4	102.4	113.4	-13.8	-13.6	-13.8	-14.0	15.8	-13.5	-13.6	-14.0	113.4	98.2	3.8	1.3	104.3	105.8	148.3	148.3	147.5	160.6	98.1	11.0	3.7	0.0	150.3	132.0	16.5	65.3	1.7	65.1	0.0	30.5	.Autoclave.Outputs.PRESSIP\OutputValue	8.0	15.2	34.9	-1.0	0.0	-1.0	-1.0	-1.0	0.0	0.0	0.0	-1.0	-1.0	0.0	0.0	0.0	-1.0	0.0
02:42:21	12.0	107.0	107.2	103.7	99.5	105.2	113.2	107.9	106.5	117.4	-8.7	-8.6	-8.8	-9.0	17.6	-8.6	-8.6	-9.0	117.4	99.5	4.5	2.4	107.5	108.4	153.6	153.7	152.9	166.6	98.3	12.0	4.7	0.0	155.0	136.5	18.0	61.9	1.9	61.8	0.0	23.9	.Autoclave.Outputs.PRESSIP\OutputValue	8.0	17.9	36.2	-1.0	0.0	-1.0	-1.0	-1.0	0.0	0.0	0.0	-1.0	-1.0	0.0	0.0	0.0	-1.0	0.0
02:43:21	13.0	110.0	110.2	106.2	104.0	107.8	117.1	111.4	108.5	121.3	-4.4	-4.2	-4.3	-4.4	18.6	-4.2	-4.2	-4.4	121.3	104.0	4.0	2.7	110.7	112.6	157.7	157.7	157.1	170.8	98.2	13.0	5.7	0.0	160.5	141.0	19.5	69.1	2.2	67.0	0.0	38.2	.Autoclave.Outputs.PRESSIP\OutputValue	8.0	17.3	36.4	-1.0	0.0	-1.0	-1.0	-1.0	0.0	0.0	0.0	-1.0	-1.0	0.0	0.0	0.0	-1.0	0.0
02:44:21	14.0	113.6	113.2	109.4	107.3	111.0	121.2	114.8	112.4	125.4	-1.9	-1.7	-1.7	-1.9	20.3	-1.8	-1.7	-1.9	125.4	107.3	4.7	2.9	114.3	116.3	162.6	162.8	162.0	175.5	98.3	14.0	6.7	0.0	165.0	145.5	21.0	67.9	2.4	65.0	0.0	35.7	.Autoclave.Outputs.PRESSIP\OutputValue	8.0	18.1	37.2	-1.0	0.0	-1.0	-1.0	-1.0	0.0	0.0	0.0	-1.0	-1.0	0.0	0.0	0.0	-1.0	0.0
02:45:21	15.0	117.7	116.7	112.4	109.7	114.5	125.4	118.8	116.4	131.1	-0.8	-0.8	-0.7	-0.9	22.2	-0.9	-0.7	-0.9	131.1	109.7	4.6	2.7	118.1	120.4	167.6	167.6	166.9	181.7	98.6	15.0	7.7	0.0	169.6	150.0	22.5	64.3	2.7	61.1	0.0	28.7	.Autoclave.Outputs.PRESSIP\OutputValue	8.0	21.4	36.5	-1.0	0.0	-1.0	-1.0	-1.0	0.0	0.0	0.0	-1.0	-1.0	0.0	0.0	0.0	-1.0	0.0
02:46:21	16.0	121.1	120.0	115.7	113.1	118.1	129.7	122.7	120.2	134.6	-0.6	-0.3	-0.2	-0.4	23.1	-0.4	-0.2	-0.6	134.6	113.1	4.4	3.3	121.7	123.8	171.2	171.2	170.7	185.5	98.3	16.0	8.7	0.0	174.5	154.5	24.0	72.4	2.9	67.0	0.0	44.8	.Autoclave.Outputs.PRESSIP\OutputValue	8.0	21.5	36.6	-1.0	0.0	-1.0	-1.0	-1.0	0.0	0.0	0.0	-1.0	-1.0	0.0	0.0	0.0	-1.0	0.0
02:47:21	17.0	124.5	123.8	118.8	116.8	121.9	134.0	127.6	124.0	138.9	-0.2	-0.1	0.0	-0.1	24.8	-0.2	0.0	-0.2	138.9	116.8	5.2	2.6	125.6	127.8	176.7	176.7	176.2	189.4	98.5	17.0	9.7	0.0	178.7	159.0	25.5	66.0	3.2	64.9	0.0	32.1	.Autoclave.Outputs.PRESSIP\OutputValue	8.0	22.1	37.8	-1.0	0.0	-1.0	-1.0	-1.0	0.0	0.0	0.0	-1.0	-1.0	0.0	0.0	0.0	-1.0	0.0
02:48:21	18.0	128.7	127.2	122.4	120.1	125.3	138.4	132.7	128.3	143.5	-0.1	0.0	0.1	0.0	26.6	-0.1	0.1	-0.1	143.5	120.1	5.0	3.4	129.6	131.8	181.3	181.4	180.8	194.4	98.6	18.0	10.7	0.0	183.4	163.5	27.0	66.8	3.4	62.3	0.0	33.7	.Autoclave.Outputs.PRESSIP\OutputValue	8.0	23.4	37.8	-1.0	0.0	-1.0	-1.0	-1.0	0.0	0.0	0.0	-1.0	-1.0	0.0	0.0	0.0	-1.0	0.0
02:49:21	19.0	132.8	130.4	125.9	123.6	129.6	143.1	137.3	132.5	147.9	0.0	0.1	0.1	0.0	27.6	0.0	0.1	0.0	147.9	123.6	4.9	3.2	133.7	135.7	185.2	185.1	184.6	198.7	98.5	19.0	11.7	0.0	188.0	168.0	28.5	68.3	3.6	66.6	0.0	36.6	.Autoclave.Outputs.PRESSIP\OutputValue	8.0	24.3	37.3	-1.0	0.0	-1.0	-1.0	-1.0	0.0	0.0	0.0	-1.0	-1.0	0.0	0.0	0.0	-1.0	0.0
02:50:21	20.0	136.7	134.2	129.3	127.9	134.4	147.7	142.5	136.7	152.6	0.0	0.1	0.1	0.0	29.5	0.0	0.1	0.0	152.6	127.9	5.2	3.3	138.0	140.2	190.5	190.5	189.9	202.8	98.7	20.0	12.7	0.0	192.1	172.5	30.0	62.6	3.9	62.6	0.0	25.2	.Autoclave.Outputs.PRESSIP\OutputValue	8.0	24.7	37.9	-1.0	0.0	-1.0	-1.0	-1.0	0.0	0.0	0.0	-1.0	-1.0	0.0	0.0	0.0	-1.0	0.0
02:51:21	21.0	141.5	137.7	133.2	132.4	138.2	152.4	147.5	141.0	156.8	0.0	0.1	0.1	0.0	30.9	0.0	0.1	0.0	156.8	132.4	5.3	3.5	142.3	144.6	193.7	193.7	193.1	206.8	98.7	21.0	13.7	0.0	196.3	177.0	31.5	70.9	4.1	65.3	0.0	41.7	.Autoclave.Outputs.PRESSIP\OutputValue	8.0	24.4	36.9	-1.0	0.0	-1.0	-1.0	-1.0	0.0	0.0	0.0	-1.0	-1.0	0.0	0.0	0.0	-1.0	0.0
02:52:21	22.0	145.3	141.6	137.2	136.6	142.9	157.1	152.4	145.3	162.6	0.0	0.1	0.1	0.1	32.1	0.0	0.1	0.0	162.6	136.6	5.2	3.6	146.8	149.6	198.1	198.6	198.0	210.2	98.7	22.0	14.7	0.0	200.0	181.5	33.0	68.9	4.4	66.5	0.0	37.8	.Autoclave.Outputs.PRESSIP\OutputValue	8.0	26.0	35.5	-1.0	0.0	-1.0	-1.0	-1.0	0.0	0.0	0.0	-1.0	-1.0	0.0	0.0	0.0	-1.0	0.0
02:53:21	23.0	149.6	145.5	141.0	139.9	147.8	161.7	157.3	150.5	166.8	0.0	0.1	0.1	0.0	33.8	0.0	0.1	0.0	166.8	139.9	5.1	3.7	151.1	153.3	202.6	202.6	202.2	215.7	98.7	23.0	15.7	0.0	205.7	186.0	34.5	61.9	4.6	64.2	0.0	23.7	.Autoclave.Outputs.PRESSIP\OutputValue	8.0	26.9	35.8	-1.0	0.0	-1.0	-1.0	-1.0	0.0	0.0	0.0	-1.0	-1.0	0.0	0.0	0.0	-1.0	0.0
02:54:21	24.0	154.2	149.6	144.8	144.7	152.1	166.8	162.7	155.3	171.8	0.0	0.1	0.1	0.0	35.8	0.0	0.1	0.0	171.8	144.7	5.5	3.8	155.8	158.2	207.2	207.2	207.0	221.7	98.7	24.0	16.7	0.0	208.9	190.5	36.0	65.6	4.9	60.4	0.0	31.2	.Autoclave.Outputs.PRESSIP\OutputValue	8.0	27.1	35.4	-1.0	0.0	-1.0	-1.0	-1.0	0.0	0.0	0.0	-1.0	-1.0	0.0	0.0	0.0	-1.0	0.0
02:55:21	25.0	158.7	153.4	148.9	149.4	156.9	171.6	167.4	160.7	177.8	0.0	0.1	0.1	0.0	36.7	0.0	0.1	0.0	177.8	148.9	5.1	3.8	160.5	163.3	210.2	210.2	209.9	223.6	98.7	25.0	17.7	0.0	213.1	195.0	37.5	69.6	5.1	65.4	0.0	39.2	.Autoclave.Outputs.PRESSIP\OutputValue	8.0	28.9	32.4	-1.0	0.0	-1.0	-1.0	-1.0	0.0	0.0	0.0	-1.0	-1.0	0.0	0.0	0.0	-1.0	0.0
02:56:21	26.0	162.7	157.1	152.7	153.4	161.5	176.3	172.6	165.3	182.4	0.0	0.1	0.1	0.0	38.4	0.0	0.1	0.0	182.4	152.7	5.3	3.7	164.9	167.5	214.9	215.1	214.6	227.8	98.9	26.0	18.7	0.0	216.9	199.5	39.0	67.8	5.4	63.8	0.0	35.5	.Autoclave.Outputs.PRESSIP\OutputValue	8.0	29.7	32.5	-1.0	0.0	-1.0	-1.0	-1.0	0.0	0.0	0.0	-1.0	-1.0	0.0	0.0	0.0	-1.0	0.0
02:57:21	27.0	167.4	161.2	157.0	158.2	166.2	181.1	177.8	170.3	186.7	0.0	0.1	0.1	0.0	39.6	0.0	0.1	0.0	186.7	157.0	5.5	4.3	169.5	171.8	219.0	219.0	218.5	232.0	98.7	27.0	19.7	0.0	219.6	204.0	40.5	58.2	5.6	67.3	0.0	16.3	.Autoclave.Outputs.PRESSIP\OutputValue	8.0	29.7	32.3	-1.0	0.0	-1.0	-1.0	-1.0	0.0	0.0	0.0	-1.0	-1.0	0.0	0.0	0.0	-1.0	0.0
02:58:21	28.0	171.6	165.3	160.7	163.4	171.4	186.0	183.1	175.3	191.0	0.0	0.1	0.1	0.0	41.4	0.0	0.1	0.0	191.0	160.7	5.6	3.9	174.2	175.8	224.1	224.1	223.5	236.4	98.9	28.0	20.7	0.0	226.2	208.5	42.0	49.3	5.9	64.1	0.0	0.0	.Autoclave.Outputs.PRESSIP\OutputValue	8.0	30.3	33.1	-1.0	0.0	-1.0	-1.0	-1.0	0.0	0.0	0.0	-1.0	-1.0	0.0	0.0	0.0	-1.0	0.0
02:58:46	28.5	174.4	167.1	162.8	165.5	173.2	188.0	185.0	177.6	193.0	0.0	0.0	0.1	0.0	42.0	0.0	0.1	0.0	193.0	162.8	5.6	3.9	176.3	177.9	225.3	225.2	224.7	239.1	98.8	28.4	21.1	0.0	227.8	210.3	42.6	72.3	6.0	65.3	0.0	44.5	.Autoclave.Outputs.PRESSIP\OutputValue	8.0	30.2	32.6	-1.0	0.0	-1.0	-1.0	-1.0	0.0	0.0	0.0	-1.0	-1.0	0.0	0.0	0.0	-1.0	0.0
02:59:21	29.0	177.1	169.6	165.6	168.5	176.3	190.7	188.2	180.9	195.5	0.0	0.1	0.1	0.0	42.6	0.0	0.1	0.0	195.5	165.6	7.3	4.1	179.1	180.5	227.5	227.5	226.8	240.6	98.7	29.0	0.6	0.0	230.3	213.0	43.5	72.1	6.1	67.4	0.0	44.2	.Autoclave.Outputs.PRESSIP\OutputValue	8.0	29.9	32.0	-1.0	0.0	-1.0	-1.0	-1.0	0.0	0.0	0.0	-1.0	-1.0	0.0	0.0	0.0	-1.0	0.0
03:00:21	30.0	182.0	173.8	170.1	173.8	181.3	195.4	193.2	185.4	200.1	0.0	0.1	0.1	0.0	43.6	0.0	0.1	0.0	200.1	170.1	5.3	3.6	183.9	185.1	232.4	232.4	231.7	245.7	98.9	30.0	1.6	0.0	234.9	217.5	44.0	72.3	6.4	61.6	0.0	44.6	.Autoclave.Outputs.PRESSIP\OutputValue	8.0	30.0	32.3	-1.0	0.0	-1.0	-1.0	-1.0	0.0	0.0	0.0	-1.0	-1.0	0.0	0.0	0.0	-1.0	0.0
03:01:21	31.0	186.7	178.3	174.2	179.0	186.2	200.5	199.2	191.3	205.1	0.0	0.1	0.1	0.1	43.9	0.0	0.1	0.0	205.1	174.2	6.0	4.2	188.9	189.6	236.8	236.9	236.2	250.5	98.8	31.0	2.6	0.0	240.3	222.0	44.0	76.3	6.6	58.7	0.0	52.7	.Autoclave.Outputs.PRESSIP\OutputValue	8.0	30.9	31.7	-1.0	0.0	-1.0	-1.0	-1.0	0.0	0.0	0.0	-1.0	-1.0	0.0	0.0	0.0	-1.0	0.0
03:02:21	32.0	191.4	182.6	178.8	184.4	191.8	205.4	204.6	196.4	210.3	0.0	0.1	0.1	0.0	44.3	0.0	0.1	0.0	210.3	178.8	5.9	4.5	194.0	194.5	241.1	241.1	240.5	255.3	98.9	32.0	3.6	0.0	244.9	226.5	44.0	82.0	6.9	55.1	0.0	64.0	.Autoclave.Outputs.PRESSIP\OutputValue	7.8	31.5	30.8	-1.0	0.0	-1.0	-1.0	-1.0	0.0	0.0	0.0	-1.0	-1.0	0.0	0.0	0.0	-1.0	0.0
03:03:21	33.0	195.7	186.8	183.2	189.4	196.6	210.3	209.3	202.0	213.7	0.0	0.1	0.1	0.0	44.6	0.0	0.1	0.0	213.7	183.2	5.7	3.7	198.6	198.4	245.5	245.5	244.8	258.6	98.8	33.0	4.6	0.0	247.1	231.0	44.0	65.7	7.1	51.3	0.0	31.3	.Autoclave.Outputs.PRESSIP\OutputValue	7.0	30.5	31.8	-1.0	0.0	-1.0	-1.0	-1.0	0.0	0.0	0.0	-1.0	-1.0	0.0	0.0	0.0	-1.0	0.0
03:04:21	34.0	200.5	190.8	187.6	194.8	201.7	215.0	214.6	206.2	218.7	0.0	0.1	0.1	0.0	43.7	0.0	0.1	0.0	218.7	187.6	5.6	4.2	203.3	203.1	249.0	249.0	248.3	263.7	98.6	34.0	5.6	0.0	251.7	235.5	44.0	73.1	7.4	58.7	0.0	46.3	.Autoclave.Outputs.PRESSIP\OutputValue	5.9	31.1	30.3	-1.0	0.0	-1.0	-1.0	-1.0	0.0	0.0	0.0	-1.0	-1.0	0.0	0.0	0.0	-1.0	0.0
03:05:21	35.0	205.3	195.6	191.9	199.8	206.3	219.6	220.0	212.0	224.1	0.0	0.1	0.1	0.0	44.0	0.0	0.1	0.0	224.1	191.9	5.8	4.4	208.3	208.0	253.8	253.8	253.1	268.2	98.8	35.0	6.6	0.0	256.5	240.0	44.0	72.0	7.6	56.2	0.0	44.1	.Autoclave.Outputs.PRESSIP\OutputValue	6.2	32.2	29.7	-1.0	0.0	-1.0	-1.0	-1.0	0.0	0.0	0.0	-1.0	-1.0	0.0	0.0	0.0	-1.0	0.0
03:06:21	36.0	209.9	199.6	196.5	204.6	211.0	224.3	224.7	217.2	228.5	0.0	0.1	0.1	0.1	44.4	0.0	0.1	0.0	228.5	196.5	5.1	4.1	212.9	212.5	258.7	258.8	258.0	274.2	98.9	36.0	7.6	0.0	260.7	244.5	44.0	73.7	7.9	52.1	0.0	47.4	.Autoclave.Outputs.PRESSIP\OutputValue	5.9	32.0	30.2	-1.0	0.0	-1.0	-1.0	-1.0	0.0	0.0	0.0	-1.0	-1.0	0.0	0.0	0.0	-1.0	0.0
03:07:21	37.0	214.4	203.9	200.6	209.7	216.2	228.6	229.7	222.1	233.0	0.0	0.1	0.2	0.0	44.6	0.0	0.2	0.0	233.0	200.6	5.5	4.2	217.6	216.8	262.7	262.7	261.8	276.6	99.0	37.0	8.6	0.0	265.1	249.0	44.0	71.4	8.1	48.7	0.0	42.9	.Autoclave.Outputs.PRESSIP\OutputValue	5.0	32.4	29.7	-1.0	0.0	-1.0	-1.0	-1.0	0.0	0.0	0.0	-1.0	-1.0	0.0	0.0	0.0	-1.0	0.0
03:08:21	38.0	218.9	207.9	204.9	214.5	220.8	233.4	234.4	226.9	237.4	0.1	0.2	0.2	0.1	44.9	0.0	0.2	0.1	237.4	204.9	5.0	4.1	222.1	221.1	267.2	267.2	266.4	280.8	99.0	38.0	9.6	0.0	270.4	253.5	44.0	77.5	8.4	44.4	0.0	55.0	.Autoclave.Outputs.PRESSIP\OutputValue	3.5	32.5	29.8	-1.0	0.0	-1.0	-1.0	-1.0	0.0	0.0	0.0	-1.0	-1.0	0.0	0.0	0.0	-1.0	0.0
03:09:21	39.0	223.8	212.4	209.3	219.3	224.8	238.1	239.3	232.4	242.3	0.0	0.1	0.2	0.1	44.0	0.0	0.2	0.0	242.3	209.3	5.2	4.0	226.9	225.8	272.0	272.0	271.3	285.7	98.9	39.0	10.6	0.0	273.6	258.0	44.0	66.5	8.6	53.3	0.0	32.9	.Autoclave.Outputs.PRESSIP\OutputValue	2.9	33.0	29.7	-1.0	0.0	-1.0	-1.0	-1.0	0.0	0.0	0.0	-1.0	-1.0	0.0	0.0	0.0	-1.0	0.0
03:10:21	40.0	228.0	216.7	213.7	223.9	229.9	242.4	243.5	237.2	246.6	0.0	0.1	0.2	0.1	44.2	0.0	0.2	0.0	246.6	213.7	5.5	3.8	231.3	230.1	275.6	275.6	274.8	290.2	99.0	40.0	11.6	0.0	278.7	262.5	44.0	77.4	8.8	50.3	0.0	54.9	.Autoclave.Outputs.PRESSIP\OutputValue	2.7	32.9	29.0	-1.0	0.0	-1.0	-1.0	-1.0	0.0	0.0	0.0	-1.0	-1.0	0.0	0.0	0.0	-1.0	0.0
03:11:21	41.0	232.6	221.2	218.2	228.8	235.1	247.4	248.5	242.2	252.0	0.1	0.1	0.2	0.1	44.5	0.0	0.2	0.1	252.0	218.2	5.0	4.2	236.2	235.1	280.3	280.3	279.5	294.0	99.1	41.0	12.6	0.0	283.2	267.0	44.0	76.9	9.1	46.4	0.0	53.9	.Autoclave.Outputs.PRESSIP\OutputValue	1.9	33.8	28.3	-1.0	0.0	-1.0	-1.0	-1.0	0.0	0.0	0.0	-1.0	-1.0	0.0	0.0	0.0	-1.0	0.0
03:12:21	42.0	237.5	225.5	222.6	233.8	238.8	251.7	252.8	247.3	256.1	0.0	0.1	0.2	0.1	44.9	0.0	0.2	0.0	256.1	222.6	5.2	4.3	240.7	239.4	284.4	284.4	283.6	298.8	99.1	42.0	13.6	0.0	286.9	271.5	44.0	74.2	9.3	41.6	0.0	48.5	.Autoclave.Outputs.PRESSIP\OutputValue	0.4	33.5	28.3	-1.0	0.0	-1.0	-1.0	-1.0	0.0	0.0	0.0	-1.0	-1.0	0.0	0.0	0.0	-1.0	0.0
03:13:21	43.0	241.4	229.7	226.9	238.3	243.6	255.3	257.6	252.2	260.6	0.0	0.1	0.2	0.1	44.0	0.0	0.2	0.0	260.6	226.9	5.5	4.0	245.1	243.8	288.7	288.7	288.0	304.8	99.1	43.0	14.6	0.0	290.4	276.0	44.0	76.7	9.6	50.1	0.0	53.4	.Autoclave.Outputs.PRESSIP\OutputValue	-0.4	33.7	28.1	-1.0	0.0	-1.0	-1.0	-1.0	0.0	0.0	0.0	-1.0	-1.0	0.0	0.0	0.0	-1.0	0.0
03:14:21	44.0	246.4	234.4	231.2	242.8	248.8	258.5	262.6	257.2	265.4	0.1	0.1	0.2	0.1	44.3	0.0	0.2	0.1	265.4	231.2	4.9	4.4	249.7	248.3	293.2	293.2	292.5	310.4	99.1	44.0	15.6	0.0	295.9	280.5	44.0	76.3	9.9	46.3	0.0	52.6	.Autoclave.Outputs.PRESSIP\OutputValue	-0.6	34.2	27.8	-1.0	0.0	-1.0	-1.0	-1.0	0.0	0.0	0.0	-1.0	-1.0	0.0	0.0	0.0	-1.0	0.0
03:15:21	45.0	250.9	238.8	235.6	247.8	253.5	265.3	267.4	262.2	268.7	0.0	0.1	0.2	0.1	44.5	0.0	0.2	0.0	268.7	235.6	5.1	4.3	254.5	252.2	297.9	298.0	297.2	312.1	99.0	45.0	16.6	0.0	299.3	285.0	44.0	72.5	10.1	43.5	0.0	45.1	.Autoclave.Outputs.PRESSIP\OutputValue	-1.4	33.1	29.2	-1.0	0.0	-1.0	-1.0	-1.0	0.0	0.0	0.0	-1.0	-1.0	0.0	0.0	0.0	-1.0	0.0
03:16:21	46.0	255.5	243.2	240.1	252.5	257.8	269.8	271.6	266.6	274.7	0.0	0.1	0.2	0.1	44.8	0.0	0.2	0.0	274.7	240.1	5.1	4.4	259.1	257.4	302.4	302.4	301.6	318.0	99.1	46.0	17.6	0.0	305.1	289.5	44.0	72.5	10.3	38.4	0.0	45.1	.Autoclave.Outputs.PRESSIP\OutputValue	-2.8	34.6	27.7	-1.0	0.0	-1.0	-1.0	-1.0	0.0	0.0	0.0	-1.0	-1.0	0.0	0.0	0.0	-1.0	0.0
03:17:21	47.0	260.3	247.5	244.1	257.5	262.1	274.3	276.1	271.2	277.4	0.1	0.2	0.2	0.1	44.3	0.0	0.2	0.1	277.4	244.1	5.0	3.7	263.4	260.8	306.7	306.9	306.1	323.5	99.1	47.0	18.6	0.0	308.8	294.0	44.0	74.1	10.6	42.8	0.0	48.2	.Autoclave.Outputs.PRESSIP\OutputValue	-4.0	33.3	29.3	-1.0	0.0	-1.0	-1.0	-1.0	0.0	0.0	0.0	-1.0	-1.0	0.0	0.0	0.0	-1.0	0.0
03:18:21	48.0	264.8	252.0	248.6	261.7	266.9	278.7	281.0	276.6	283.4	0.1	0.1	0.2	0.1	44.6	0.0	0.2	0.1	283.4	248.6	5.1	4.1	268.2	266.0	312.0	312.0	311.2	325.9	99.2	48.0	19.6	0.0	314.0	298.5	44.0	65.8	10.8	39.7	0.0	31.5	.Autoclave.Outputs.PRESSIP\OutputValue	-4.9	34.8	28.6	-1.0	0.0	-1.0	-1.0	-1.0	0.0	0.0	0.0	-1.0	-1.0	0.0	0.0	0.0	-1.0	0.0
03:19:21	49.0	268.5	256.2	252.8	266.2	271.3	283.1	285.3	280.9	288.1	0.1	0.1	0.3	0.2	44.9	0.0	0.3	0.1	288.1	252.8	5.3	3.8	272.5	270.5	315.6	315.7	314.9	331.3	99.3	49.0	20.6	0.0	318.0	303.0	44.0	74.1	11.1	35.3	0.0	48.3	.Autoclave.Outputs.PRESSIP\OutputValue	-6.0	35.3	27.5	-1.0	0.0	-1.0	-1.0	-1.0	0.0	0.0	0.0	-1.0	-1.0	0.0	0.0	0.0	-1.0	0.0
03:20:21	50.0	273.4	261.0	257.7	271.1	275.7	287.7	290.1	285.4	293.0	0.1	0.2	0.3	0.1	43.9	-0.5	0.3	0.1	293.0	257.7	5.1	4.5	277.2	275.4	320.9	320.9	320.1	335.1	99.2	50.0	21.6	0.0	323.7	307.5	44.0	62.2	11.3	45.6	0.0	24.5	.Autoclave.Outputs.PRESSIP\OutputValue	-5.8	35.3	27.9	-1.0	0.0	-1.0	-1.0	-1.0	0.0	0.0	0.0	-1.0	-1.0	0.0	0.0	0.0	-1.0	0.0
03:21:21	51.0	278.1	265.2	261.8	275.8	281.0	292.1	294.3	290.4	298.5	0.1	0.1	0.3	0.2	44.2	0.0	0.3	0.1	298.5	261.8	4.9	3.3	281.9	280.2	324.8	324.7	323.9	340.7	99.3	51.0	22.6	0.0	325.3	312.0	44.0	77.8	11.6	42.3	0.0	55.6	.Autoclave.Outputs.PRESSIP\OutputValue	-5.8	36.7	26.3	-1.0	0.0	-1.0	-1.0	-1.0	0.0	0.0	0.0	-1.0	-1.0	0.0	0.0	0.0	-1.0	0.0
03:22:21	52.0	281.8	269.5	265.6	279.8	284.5	296.3	298.2	294.3	301.3	0.1	0.2	0.3	0.2	44.4	0.0	0.3	0.1	301.3	265.6	4.9	4.0	285.7	283.5	326.4	326.3	325.5	341.1	99.3	52.0	23.6	0.0	331.9	316.5	44.0	99.6	7.3	40.8	0.0	99.3	.Autoclave.Outputs.PRESSIP\OutputValue	-6.0	35.7	25.1	-1.0	0.0	-1.0	-1.0	-1.0	0.0	0.0	0.0	-1.0	-1.0	0.0	0.0	0.0	-1.0	0.0
03:23:21	53.0	285.8	274.1	270.2	284.3	289.6	300.8	302.9	299.3	306.1	0.1	0.2	0.3	0.2	44.8	0.0	0.3	0.1	306.1	270.2	5.0	4.4	290.4	288.2	332.7	332.7	332.0	350.7	99.4	53.0	24.6	0.0	336.4	321.0	44.0	80.1	7.8	35.9	0.0	60.2	.Autoclave.Outputs.PRESSIP\OutputValue	-6.0	35.9	26.6	-1.0	0.0	-1.0	-1.0	-1.0	0.0	0.0	0.0	-1.0	-1.0	0.0	0.0	0.0	-1.0	0.0
03:24:21	54.0	290.3	278.2	274.4	289.0	294.0	305.4	307.5	303.8	309.5	0.1	0.1	0.3	0.2	43.8	0.0	0.3	0.1	309.5	274.4	5.2	3.9	294.7	292.0	337.4	337.4	336.6	357.0	99.1	54.0	25.6	0.0	340.9	325.5	44.0	80.3	8.1	46.1	0.0	60.6	.Autoclave.Outputs.PRESSIP\OutputValue	-5.8	35.1	27.9	-1.0	0.0	-1.0	-1.0	-1.0	0.0	0.0	0.0	-1.0	-1.0	0.0	0.0	0.0	-1.0	0.0
03:25:21	55.0	296.0	282.9	279.1	293.8	298.7	310.1	312.6	309.1	313.3	0.1	0.1	0.3	0.2	44.0	0.0	0.3	0.1	313.3	279.1	5.6	4.3	299.5	296.2	342.2	342.2	341.5	358.3	99.2	55.0	26.6	0.0	344.8	330.0	44.0	73.8	8.4	44.4	0.0	47.6	.Autoclave.Outputs.PRESSIP\OutputValue	-5.6	34.2	28.9	-1.0	0.0	-1.0	-1.0	-1.0	0.0	0.0	0.0	-1.0	-1.0	0.0	0.0	0.0	-1.0	0.0
03:26:21	56.0	300.0	287.1	283.5	298.3	303.1	314.4	316.5	313.1	319.2	0.1	0.2	0.4	0.2	44.3	0.0	0.4	0.1	319.2	283.5	5.5	4.1	303.9	301.4	346.1	346.1	345.4	364.1	99.2	56.0	27.6	0.0	349.3	334.5	44.0	76.8	8.7	40.9	0.0	53.7	.Autoclave.Outputs.PRESSIP\OutputValue	-5.9	35.7	26.9	-1.0	0.0	-1.0	-1.0	-1.0	0.0	0.0	0.0	-1.0	-1.0	0.0	0.0	0.0	-1.0	0.0
03:27:21	57.0	305.0	291.9	287.9	302.9	307.8	319.0	321.2	317.9	323.9	0.1	0.2	0.4	0.3	44.6	0.0	0.4	0.1	323.9	287.9	4.8	4.0	308.6	305.9	351.6	351.6	350.8	367.7	99.1	57.0	28.6	0.0	353.7	339.0	44.0	70.6	9.0	38.3	0.0	41.1	.Autoclave.Outputs.PRESSIP\OutputValue	-6.0	36.0	27.7	-1.0	0.0	-1.0	-1.0	-1.0	0.0	0.0	0.0	-1.0	-1.0	0.0	0.0	0.0	-1.0	0.0
03:28:21	58.0	309.0	295.9	292.3	307.5	311.9	323.3	325.8	322.7	328.3	0.1	0.2	0.5	0.3	44.9	0.0	0.5	0.1	328.3	292.3	4.8	3.8	313.0	310.3	355.5	355.5	354.7	373.7	99.2	58.0	29.6	0.0	358.4	343.5	44.0	77.5	9.3	34.8	0.0	54.9	.Autoclave.Outputs.PRESSIP\OutputValue	-6.0	36.0	27.2	-1.0	0.0	-1.0	-1.0	-1.0	0.0	0.0	0.0	-1.0	-1.0	0.0	0.0	0.0	-1.0	0.0
03:29:21	59.0	313.8	300.8	296.6	312.3	317.0	327.0	330.6	327.4	333.0	0.1	0.2	0.5	0.3	43.9	0.0	0.5	0.1	333.0	296.6	5.3	4.4	317.6	314.8	360.1	360.1	359.2	377.1	99.1	59.0	30.6	0.0	362.8	348.0	44.0	76.9	9.6	45.6	0.0	53.9	.Autoclave.Outputs.PRESSIP\OutputValue	-5.8	36.4	27.1	-1.0	0.0	-1.0	-1.0	-1.0	0.0	0.0	0.0	-1.0	-1.0	0.0	0.0	0.0	-1.0	0.0
03:30:21	60.0	318.5	305.4	301.4	316.7	321.6	332.5	335.1	332.0	337.6	0.2	0.2	0.5	0.3	44.2	0.0	0.5	0.2	337.6	301.4	4.9	4.5	322.3	319.5	364.9	364.8	364.1	381.8	99.1	60.0	31.6	0.0	367.4	352.5	44.0	73.3	9.9	42.9	0.0	46.7	.Autoclave.Outputs.PRESSIP\OutputValue	-5.8	36.2	27.3	-1.0	0.0	-1.0	-1.0	-1.0	0.0	0.0	0.0	-1.0	-1.0	0.0	0.0	0.0	-1.0	0.0
03:31:21	61.0	322.5	309.6	305.7	321.5	325.9	337.0	338.9	336.6	342.0	0.2	0.2	0.6	0.4	44.2	0.0	0.6	0.2	342.0	305.7	5.0	4.4	326.6	323.9	368.1	368.0	367.4	381.4	99.4	61.0	32.6	0.0	368.8	355.0	44.0	54.2	10.1	41.5	0.0	8.5	.Autoclave.Outputs.PRESSIP\OutputValue	-6.0	36.3	26.1	-1.0	0.0	-1.0	-1.0	-1.0	0.0	0.0	0.0	-1.0	-1.0	0.0	0.0	0.0	-1.0	0.0
03:32:21	62.0	323.2	311.2	308.1	323.3	327.4	339.0	340.5	337.6	345.2	0.1	0.1	0.6	0.3	43.9	0.0	0.6	0.1	345.2	308.1	2.6	1.1	328.4	326.6	360.7	360.7	359.9	373.0	99.3	62.0	33.6	0.0	366.1	355.0	44.0	84.2	0.1	45.0	0.0	68.5	.Autoclave.Outputs.PRESSIP\OutputValue	-5.5	37.1	15.5	-1.0	0.0	-1.0	-1.0	-1.0	0.0	0.0	0.0	-1.0	-1.0	0.0	0.0	0.0	-1.0	0.0
03:33:21	63.0	325.5	314.2	311.3	326.1	330.2	341.4	343.2	340.2	345.0	0.1	0.2	0.6	0.4	43.9	0.0	0.6	0.1	345.0	311.3	3.2	2.2	330.8	328.1	362.6	362.6	361.9	371.8	99.2	63.0	34.6	0.0	364.2	355.0	44.0	60.5	0.4	45.5	0.0	21.0	.Autoclave.Outputs.PRESSIP\OutputValue	-5.5	33.7	17.6	-1.0	0.0	-1.0	-1.0	-1.0	0.0	0.0	0.0	-1.0	-1.0	0.0	0.0	0.0	-1.0	0.0
03:34:21	64.0	327.7	316.6	314.0	328.7	332.5	343.3	344.5	341.8	346.8	0.1	0.2	0.6	0.4	43.9	0.0	0.6	0.1	346.8	314.0	2.8	1.5	332.9	330.4	360.7	360.8	360.2	370.1	99.0	64.0	35.6	0.0	362.1	355.0	44.0	58.0	0.5	46.3	0.0	16.0	.Autoclave.Outputs.PRESSIP\OutputValue	-5.2	32.8	13.9	-1.0	0.0	-1.0	-1.0	-1.0	0.0	0.0	0.0	-1.0	-1.0	0.0	0.0	0.0	-1.0	0.0
03:35:21	65.0	329.3	319.1	316.3	331.1	334.5	344.6	346.0	343.1	349.4	0.1	0.2	0.6	0.4	43.8	0.0	0.6	0.1	349.4	316.3	2.8	1.5	334.8	332.8	359.3	359.3	358.8	367.3	99.2	65.0	36.6	0.0	360.7	355.0	44.0	55.5	0.7	47.4	0.0	11.0	.Autoclave.Outputs.PRESSIP\OutputValue	-4.9	33.1	9.9	-1.0	0.0	-1.0	-1.0	-1.0	0.0	0.0	0.0	-1.0	-1.0	0.0	0.0	0.0	-1.0	0.0
03:36:21	66.0	330.3	321.0	318.5	332.8	335.8	345.6	346.9	344.2	350.4	0.1	0.2	0.6	0.4	43.8	0.0	0.6	0.1	350.4	318.5	2.2	0.0	336.2	334.4	358.5	358.5	357.7	366.8	99.1	66.0	37.6	0.0	360.0	355.0	44.0	61.6	0.8	47.4	0.0	23.3	.Autoclave.Outputs.PRESSIP\OutputValue	-4.4	31.9	8.1	-1.0	0.0	-1.0	-1.0	-1.0	0.0	0.0	0.0	-1.0	-1.0	0.0	0.0	0.0	-1.0	0.0
03:37:21	67.0	332.2	323.0	320.7	334.7	337.6	346.7	348.0	345.7	350.9	0.1	0.2	0.6	0.4	43.7	0.0	0.6	0.1	350.9	320.7	2.1	1.0	337.7	335.8	358.0	357.5	357.2	365.0	99.2	67.0	38.6	0.0	359.4	355.0	44.0	53.8	0.9	48.8	0.0	7.5	.Autoclave.Outputs.PRESSIP\OutputValue	-4.0	30.2	7.1	-1.0	0.0	-1.0	-1.0	-1.0	0.0	0.0	0.0	-1.0	-1.0	0.0	0.0	0.0	-1.0	0.0
03:38:21	68.0	333.4	324.8	322.7	336.3	339.0	347.4	349.3	346.4	351.6	0.1	0.2	0.6	0.4	43.8	0.0	0.6	0.1	351.6	322.7	2.1	0.5	339.0	337.1	357.1	357.1	356.7	365.1	99.1	68.0	39.6	0.0	358.4	355.0	44.0	57.2	1.1	48.7	0.0	14.4	.Autoclave.Outputs.PRESSIP\OutputValue	-3.6	28.9	5.5	-1.0	0.0	-1.0	-1.0	-1.0	0.0	0.0	0.0	-1.0	-1.0	0.0	0.0	0.0	-1.0	0.0
03:39:21	69.0	334.6	326.5	324.7	337.9	340.3	348.1	349.8	347.8	352.2	0.1	0.2	0.6	0.5	43.7	0.0	0.6	0.1	352.2	324.7	2.0	0.3	340.2	338.4	356.7	356.7	356.3	363.3	99.1	69.0	40.6	0.0	358.1	355.0	44.0	58.0	1.2	49.7	0.0	16.0	.Autoclave.Outputs.PRESSIP\OutputValue	-3.1	27.5	4.5	-1.0	0.0	-1.0	-1.0	-1.0	0.0	0.0	0.0	-1.0	-1.0	0.0	0.0	0.0	-1.0	0.0
03:40:21	70.0	335.9	328.1	326.3	339.3	341.7	348.6	350.6	348.3	351.7	0.1	0.2	0.6	0.4	43.8	0.0	0.6	0.1	351.7	326.3	1.8	-0.2	341.2	339.0	356.2	356.5	356.0	363.4	99.1	70.0	41.6	0.0	358.7	355.0	44.0	62.8	1.3	49.9	0.0	25.6	.Autoclave.Outputs.PRESSIP\OutputValue	-2.6	25.4	4.5	-1.0	0.0	-1.0	-1.0	-1.0	0.0	0.0	0.0	-1.0	-1.0	0.0	0.0	0.0	-1.0	0.0
03:41:21	71.0	337.3	329.5	327.9	340.7	342.6	349.0	351.3	348.9	352.9	0.1	0.2	0.6	0.4	43.7	0.0	0.6	0.1	352.9	327.9	1.6	0.3	342.2	340.4	356.1	356.1	355.6	362.6	99.1	71.0	42.6	0.0	357.1	355.0	44.0	55.5	1.4	50.6	0.0	11.1	.Autoclave.Outputs.PRESSIP\OutputValue	-2.1	25.0	3.2	-1.0	0.0	-1.0	-1.0	-1.0	0.0	0.0	0.0	-1.0	-1.0	0.0	0.0	0.0	-1.0	0.0
03:42:22	72.1	338.1	331.1	329.4	342.1	343.6	349.8	351.9	349.6	353.7	0.1	0.2	0.6	0.5	43.7	0.0	0.6	0.1	353.7	329.4	1.6	0.4	343.2	341.5	355.9	355.9	355.2	362.2	99.2	72.0	43.6	0.0	355.8	355.0	44.0	49.0	1.5	51.1	0.0	0.0	.Autoclave.Outputs.PRESSIP\OutputValue	-1.5	24.3	2.2	-1.0	0.0	-1.0	-1.0	-1.0	0.0	0.0	0.0	-1.0	-1.0	0.0	0.0	0.0	-1.0	0.0
03:43:21	73.0	339.2	332.3	330.9	343.2	344.6	350.1	352.3	350.4	353.2	0.1	0.2	0.6	0.5	43.7	0.0	0.6	0.1	353.2	330.9	1.6	0.0	344.0	342.0	355.9	355.9	355.2	362.2	99.3	73.0	44.6	0.0	356.5	355.0	44.0	54.4	1.6	51.8	0.0	8.8	.Autoclave.Outputs.PRESSIP\OutputValue	-1.0	22.3	2.7	-1.0	0.0	-1.0	-1.0	-1.0	0.0	0.0	0.0	-1.0	-1.0	0.0	0.0	0.0	-1.0	0.0
03:44:21	74.0	340.2	333.7	332.3	344.2	345.4	350.6	352.9	351.0	352.8	0.1	0.2	0.6	0.5	43.7	0.0	0.6	0.1	352.9	332.3	1.5	0.2	344.8	342.6	355.4	355.3	354.8	361.7	99.0	74.0	45.6	0.0	356.2	355.0	44.0	54.5	1.7	52.1	0.0	9.0	.Autoclave.Outputs.PRESSIP\OutputValue	-0.5	20.6	2.5	-1.0	0.0	-1.0	-1.0	-1.0	0.0	0.0	0.0	-1.0	-1.0	0.0	0.0	0.0	-1.0	0.0
03:45:21	75.0	340.8	334.8	333.6	345.2	346.2	351.5	353.2	351.4	353.9	0.1	0.2	0.6	0.5	43.8	0.0	0.6	0.1	353.9	333.6	1.2	0.1	345.6	343.7	355.0	355.0	354.7	362.2	99.1	75.0	46.6	0.0	356.1	355.0	44.0	55.9	1.8	52.0	0.0	11.8	.Autoclave.Outputs.PRESSIP\OutputValue	0.0	20.3	1.1	-1.0	0.0	-1.0	-1.0	-1.0	0.0	0.0	0.0	-1.0	-1.0	0.0	0.0	0.0	-1.0	0.0
03:46:21	76.0	341.8	336.0	334.8	346.0	347.1	351.1	353.2	351.6	354.0	0.1	0.2	0.6	0.5	43.8	0.0	0.6	0.1	354.0	334.8	1.2	0.0	346.2	344.4	355.2	355.4	354.7	361.7	99.4	76.0	47.6	0.0	356.0	355.0	44.0	54.7	1.8	52.5	0.0	9.3	.Autoclave.Outputs.PRESSIP\OutputValue	0.4	19.2	1.2	-1.0	0.0	-1.0	-1.0	-1.0	0.0	0.0	0.0	-1.0	-1.0	0.0	0.0	0.0	-1.0	0.0
03:47:21	77.0	342.8	337.2	336.1	346.8	347.4	351.4	353.8	352.1	354.1	0.1	0.2	0.6	0.5	43.8	0.0	0.6	0.1	354.1	336.1	1.4	0.2	346.8	345.1	355.2	355.2	354.6	361.2	99.2	77.0	48.6	0.0	355.4	355.0	44.0	51.4	1.9	53.3	0.0	2.8	.Autoclave.Outputs.PRESSIP\OutputValue	0.9	18.0	1.1	-1.0	0.0	-1.0	-1.0	-1.0	0.0	0.0	0.0	-1.0	-1.0	0.0	0.0	0.0	-1.0	0.0
03:48:21	78.0	343.5	338.1	337.0	347.6	348.1	351.3	353.8	352.1	354.0	0.1	0.2	0.6	0.6	43.8	0.0	0.6	0.1	354.0	337.0	0.9	-0.1	347.3	345.5	355.2	355.2	354.5	361.2	99.2	78.0	49.6	0.0	355.9	355.0	44.0	55.5	2.0	53.4	0.0	11.0	.Autoclave.Outputs.PRESSIP\OutputValue	1.3	17.0	1.2	-1.0	0.0	-1.0	-1.0	-1.0	0.0	0.0	0.0	-1.0	-1.0	0.0	0.0	0.0	-1.0	0.0
03:49:21	79.0	343.9	339.0	338.0	348.3	348.9	351.7	353.7	352.4	353.3	0.1	0.2	0.7	0.6	43.8	0.0	0.7	0.1	353.7	338.0	1.2	-0.3	347.7	345.8	355.2	355.2	354.5	361.7	99.2	79.0	50.6	0.0	356.1	355.0	44.0	56.2	2.1	53.6	0.0	12.5	.Autoclave.Outputs.PRESSIP\OutputValue	1.7	15.7	1.5	-1.0	0.0	-1.0	-1.0	-1.0	0.0	0.0	0.0	-1.0	-1.0	0.0	0.0	0.0	-1.0	0.0
03:50:21	80.0	344.5	339.8	338.9	348.7	349.2	352.1	353.7	352.6	354.0	0.1	0.2	0.6	0.6	43.8	0.0	0.6	0.1	354.0	338.9	0.9	0.0	348.2	346.4	355.1	355.1	354.3	361.3	99.3	80.0	51.6	0.0	355.3	355.0	44.0	53.6	2.1	54.0	0.0	7.3	.Autoclave.Outputs.PRESSIP\OutputValue	2.1	15.1	1.1	-1.0	0.0	-1.0	-1.0	-1.0	0.0	0.0	0.0	-1.0	-1.0	0.0	0.0	0.0	-1.0	0.0
03:51:21	81.0	345.2	340.6	339.9	349.3	349.6	352.4	353.6	352.9	354.1	0.1	0.2	0.6	0.6	43.8	0.0	0.6	0.1	354.1	339.9	1.1	-0.3	348.6	347.0	355.2	355.2	354.3	361.4	99.4	81.0	52.6	0.0	355.9	355.0	44.0	55.7	2.2	54.4	0.0	11.4	.Autoclave.Outputs.PRESSIP\OutputValue	2.5	14.2	1.1	-1.0	0.0	-1.0	-1.0	-1.0	0.0	0.0	0.0	-1.0	-1.0	0.0	0.0	0.0	-1.0	0.0
03:52:21	82.0	345.7	341.5	340.7	349.8	350.0	352.1	354.0	352.6	354.5	0.1	0.2	0.6	0.6	43.8	0.0	0.6	0.1	354.5	340.7	0.8	0.0	349.0	347.6	355.3	355.3	354.5	361.0	99.4	82.0	53.6	0.0	355.8	355.0	44.0	53.7	2.3	54.5	0.0	7.4	.Autoclave.Outputs.PRESSIP\OutputValue	2.8	13.8	0.8	-1.0	0.0	-1.0	-1.0	-1.0	0.0	0.0	0.0	-1.0	-1.0	0.0	0.0	0.0	-1.0	0.0
03:53:21	83.0	346.3	342.2	341.5	350.2	350.5	352.0	354.0	352.9	353.9	0.1	0.2	0.7	0.6	43.8	0.0	0.7	0.1	354.0	341.5	0.8	-0.1	349.3	347.7	355.2	355.3	354.5	361.1	99.4	83.0	54.6	0.0	355.8	355.0	44.0	55.1	2.3	54.8	0.0	10.2	.Autoclave.Outputs.PRESSIP\OutputValue	3.2	12.5	1.2	-1.0	0.0	-1.0	-1.0	-1.0	0.0	0.0	0.0	-1.0	-1.0	0.0	0.0	0.0	-1.0	0.0
03:54:21	84.0	346.8	342.9	342.3	350.7	350.7	352.5	354.1	354.0	355.4	0.1	0.2	0.6	0.6	43.8	0.0	0.6	0.1	355.4	342.3	0.7	0.0	349.9	348.8	355.3	355.4	354.5	360.6	99.5	84.0	55.6	0.0	355.8	355.0	44.0	53.9	2.4	55.0	0.0	7.8	.Autoclave.Outputs.PRESSIP\OutputValue	3.5	13.1	-0.1	-1.0	0.0	-1.0	-1.0	-1.0	0.0	0.0	0.0	-1.0	-1.0	0.0	0.0	0.0	-1.0	0.0
03:55:21	85.0	347.1	343.5	342.9	351.0	351.0	352.6	354.7	353.1	354.1	0.1	0.2	0.7	0.6	43.8	-0.1	0.7	0.1	354.7	342.9	0.8	-0.5	350.0	348.8	355.2	355.2	354.3	360.6	99.6	85.0	56.6	0.0	355.7	355.0	44.0	53.2	2.5	55.5	0.0	6.4	.Autoclave.Outputs.PRESSIP\OutputValue	3.8	11.8	0.5	-1.0	0.0	-1.0	-1.0	-1.0	0.0	0.0	0.0	-1.0	-1.0	0.0	0.0	0.0	-1.0	0.0
03:56:21	86.0	347.7	344.1	343.6	351.3	351.4	352.7	354.3	353.6	353.9	0.1	0.2	0.6	0.7	43.9	0.0	0.7	0.1	354.3	343.6	0.8	-0.1	350.3	348.9	355.0	355.0	354.1	360.8	99.7	86.0	57.6	0.0	355.8	355.0	44.0	54.7	2.5	55.4	0.0	9.4	.Autoclave.Outputs.PRESSIP\OutputValue	4.1	10.7	0.7	-1.0	0.0	-1.0	-1.0	-1.0	0.0	0.0	0.0	-1.0	-1.0	0.0	0.0	0.0	-1.0	0.0
03:57:21	87.0	348.0	344.6	344.3	351.6	351.7	352.9	354.3	353.8	354.4	0.1	0.3	0.7	0.6	43.9	0.0	0.7	0.1	354.4	344.3	0.6	-3.4	350.6	349.3	355.0	355.0	354.2	360.8	99.7	87.0	58.6	0.0	355.9	355.0	44.0	54.0	2.6	55.9	0.0	8.0	.Autoclave.Outputs.PRESSIP\OutputValue	4.4	10.1	0.6	-1.0	0.0	-1.0	-1.0	-1.0	0.0	0.0	0.0	-1.0	-1.0	0.0	0.0	0.0	-1.0	0.0
03:58:21	88.0	348.4	345.3	344.9	351.8	351.7	353.0	354.2	353.7	354.3	0.1	0.2	0.7	0.7	43.9	0.0	0.7	0.1	354.3	344.9	3.3	-0.1	350.8	349.6	355.1	355.0	354.3	360.2	99.7	88.0	59.6	0.0	355.7	355.0	44.0	52.8	2.6	56.0	0.0	5.6	.Autoclave.Outputs.PRESSIP\OutputValue	4.7	9.4	0.8	-1.0	0.0	-1.0	-1.0	-1.0	0.0	0.0	0.0	-1.0	-1.0	0.0	0.0	0.0	-1.0	0.0
03:58:55	88.6	348.5	345.6	345.3	352.0	351.7	353.0	354.2	353.7	354.3	0.1	0.2	0.6	0.6	43.9	0.0	0.6	0.1	354.3	345.3	0.6	-0.2	350.9	349.8	355.0	355.1	354.3	360.8	99.7	88.6	60.2	0.0	355.6	355.0	44.0	54.8	2.7	56.1	0.0	9.6	.Autoclave.Outputs.PRESSIP\OutputValue	4.8	9.0	0.6	-1.0	0.0	-1.0	-1.0	-1.0	0.0	0.0	0.0	-1.0	-1.0	0.0	0.0	0.0	-1.0	0.0
03:59:21	89.0	348.6	345.7	345.5	352.0	351.9	353.1	354.4	354.3	354.4	0.1	0.2	0.7	0.7	43.9	0.0	0.7	0.1	354.4	345.5	0.6	-0.1	351.1	349.9	355.1	355.1	354.3	360.7	99.7	89.0	0.4	89.6	355.6	355.0	44.0	54.1	2.7	56.4	0.0	8.2	.Autoclave.Outputs.PRESSIP\OutputValue	4.9	8.9	0.7	-1.0	0.0	-1.0	-1.0	-1.0	0.0	0.0	0.0	-1.0	-1.0	0.0	0.0	0.0	-1.0	0.0
04:00:21	90.0	348.8	346.1	345.8	352.4	352.2	353.1	354.3	354.0	353.4	0.1	0.2	0.7	0.7	43.9	0.0	0.7	0.1	354.3	345.8	0.6	-1.3	351.1	350.0	355.1	355.2	354.4	360.7	99.8	90.0	1.4	88.6	355.5	355.0	44.0	54.8	2.7	56.3	0.0	9.6	.Autoclave.Outputs.PRESSIP\OutputValue	5.2	8.5	0.8	-1.0	0.0	-1.0	-1.0	-1.0	0.0	0.0	0.0	-1.0	-1.0	0.0	0.0	0.0	-1.0	0.0
04:01:21	91.0	349.1	346.5	346.3	352.6	352.4	353.1	354.4	354.6	354.3	0.1	0.2	0.7	0.6	43.9	0.0	0.7	0.1	354.6	346.3	0.7	-0.1	351.5	350.4	355.0	355.0	354.2	360.5	99.7	91.0	2.4	87.6	355.5	355.0	44.0	54.2	2.8	56.5	0.0	8.4	.Autoclave.Outputs.PRESSIP\OutputValue	5.4	8.3	0.4	-1.0	0.0	-1.0	-1.0	-1.0	0.0	0.0	0.0	-1.0	-1.0	0.0	0.0	0.0	-1.0	0.0
04:02:21	92.0	349.5	347.0	346.8	352.7	352.5	353.3	354.6	354.3	354.4	0.1	0.3	0.7	0.7	43.9	0.0	0.7	0.1	354.6	346.8	0.7	-0.3	351.7	350.7	355.1	355.0	354.2	360.5	99.8	92.0	3.4	86.6	355.0	355.0	44.0	53.7	2.8	57.1	0.0	7.5	.Autoclave.Outputs.PRESSIP\OutputValue	5.6	7.8	0.5	-1.0	0.0	-1.0	-1.0	-1.0	0.0	0.0	0.0	-1.0	-1.0	0.0	0.0	0.0	-1.0	0.0
04:03:21	93.0	349.7	347.3	347.2	352.9	352.6	353.3	354.3	353.4	354.3	0.1	0.2	0.7	0.7	43.9	-0.4	0.7	0.1	354.3	347.2	0.4	-0.6	351.7	350.7	354.8	354.8	354.1	360.7	99.9	93.0	4.4	85.6	355.5	355.0	44.0	55.6	2.9	57.0	0.0	11.3	.Autoclave.Outputs.PRESSIP\OutputValue	5.9	7.1	0.5	-1.0	0.0	-1.0	-1.0	-1.0	0.0	0.0	0.0	-1.0	-1.0	0.0	0.0	0.0	-1.0	0.0
04:04:21	94.0	349.9	347.7	347.6	352.9	352.6	353.3	354.4	354.2	354.3	0.1	0.2	0.7	0.7	43.9	0.0	0.7	0.1	354.4	347.6	0.4	-0.4	351.9	351.0	355.0	355.0	354.2	360.7	99.9	94.0	5.4	84.6	355.5	355.0	44.0	55.0	2.9	57.2	0.0	10.0	.Autoclave.Outputs.PRESSIP\OutputValue	6.1	6.8	0.6	-1.0	0.0	-1.0	-1.0	-1.0	0.0	0.0	0.0	-1.0	-1.0	0.0	0.0	0.0	-1.0	0.0
04:05:21	95.0	350.2	348.1	348.0	353.1	353.2	353.4	354.4	354.1	354.4	0.1	0.3	0.7	0.7	43.9	0.0	0.7	0.1	354.4	348.0	0.4	-0.1	352.1	351.2	355.1	355.1	354.2	361.0	99.9	95.0	6.4	83.6	355.6	355.0	44.0	54.4	3.0	57.4	0.0	8.8	.Autoclave.Outputs.PRESSIP\OutputValue	6.3	6.4	0.7	-1.0	0.0	-1.0	-1.0	-1.0	0.0	0.0	0.0	-1.0	-1.0	0.0	0.0	0.0	-1.0	0.0
04:06:21	96.0	350.4	348.4	348.3	353.2	353.1	353.3	354.9	354.4	354.7	0.1	0.2	0.7	0.7	43.9	0.0	0.7	0.1	354.9	348.3	0.4	-0.5	352.3	351.6	354.9	355.0	354.2	361.0	99.9	96.0	7.4	82.6	355.5	355.0	44.0	51.3	3.1	57.4	0.0	2.6	.Autoclave.Outputs.PRESSIP\OutputValue	6.5	6.6	0.0	-1.0	0.0	-1.0	-1.0	-1.0	0.0	0.0	0.0	-1.0	-1.0	0.0	0.0	0.0	-1.0	0.0
04:07:21	97.0	350.4	348.6	348.6	353.2	353.2	353.4	354.4	354.3	353.2	0.1	0.2	0.7	0.7	43.9	0.0	0.7	0.1	354.4	348.6	0.3	-0.3	352.1	351.5	355.1	355.1	354.3	360.5	100.1	97.0	8.4	81.6	355.6	355.0	44.0	55.3	3.1	57.6	0.0	10.5	.Autoclave.Outputs.PRESSIP\OutputValue	6.7	5.8	0.7	-1.0	0.0	-1.0	-1.0	-1.0	0.0	0.0	0.0	-1.0	-1.0	0.0	0.0	0.0	-1.0	0.0
04:08:21	98.0	350.6	348.9	348.9	353.6	353.2	353.6	354.5	353.8	351.9	0.1	0.2	0.7	0.7	43.9	0.0	0.7	0.1	354.5	348.9	0.6	-0.1	352.1	351.7	354.7	354.7	353.9	360.6	100.0	98.0	9.4	80.6	355.4	355.0	44.0	55.9	3.1	57.6	0.0	11.8	.Autoclave.Outputs.PRESSIP\OutputValue	6.9	5.6	0.2	-1.0	0.0	-1.0	-1.0	-1.0	0.0	0.0	0.0	-1.0	-1.0	0.0	0.0	0.0	-1.0	0.0
04:09:21	99.0	350.7	349.2	349.2	353.5	353.1	353.6	354.3	353.9	354.4	0.1	0.3	0.6	0.7	43.9	0.0	0.7	0.1	354.4	349.2	0.3	-0.2	352.4	351.8	354.9	354.8	354.1	360.9	100.0	99.0	10.4	79.6	355.5	355.0	44.0	54.0	3.2	57.8	0.0	8.1	.Autoclave.Outputs.PRESSIP\OutputValue	7.1	5.2	0.5	-1.0	0.0	-1.0	-1.0	-1.0	0.0	0.0	0.0	-1.0	-1.0	0.0	0.0	0.0	-1.0	0.0
04:10:21	100.0	351.0	349.6	349.5	353.6	353.5	353.6	354.5	354.0	354.5	0.1	0.2	0.6	0.7	43.9	0.0	0.7	0.1	354.5	349.5	0.3	0.0	352.6	352.0	354.8	354.8	354.0	361.1	100.2	100.0	11.4	78.6	355.4	355.0	44.0	54.8	3.3	57.8	0.0	9.5	.Autoclave.Outputs.PRESSIP\OutputValue	7.2	5.0	0.3	-1.0	0.0	-1.0	-1.0	-1.0	0.0	0.0	0.0	-1.0	-1.0	0.0	0.0	0.0	-1.0	0.0
04:11:21	101.0	351.2	349.7	349.7	353.8	353.4	353.6	354.4	354.4	355.4	0.1	0.2	0.6	0.7	43.9	0.0	0.7	0.1	355.4	349.7	0.8	-0.1	352.8	352.5	354.9	354.9	354.1	360.7	100.4	101.0	12.4	77.6	355.5	355.0	44.0	55.4	3.3	58.1	0.0	10.8	.Autoclave.Outputs.PRESSIP\OutputValue	7.4	5.7	-0.5	-1.0	0.0	-1.0	-1.0	-1.0	0.0	0.0	0.0	-1.0	-1.0	0.0	0.0	0.0	-1.0	0.0
04:12:21	102.0	351.2	349.9	350.0	353.9	353.5	353.7	354.5	354.9	354.8	0.1	0.2	0.7	0.7	43.9	0.0	0.7	0.1	354.9	349.9	0.8	0.0	352.9	352.4	354.8	354.8	354.0	360.5	100.3	102.0	13.4	76.6	355.5	355.0	44.0	56.2	3.4	58.3	0.0	12.4	.Autoclave.Outputs.PRESSIP\OutputValue	7.5	5.0	-0.1	-1.0	0.0	-1.0	-1.0	-1.0	0.0	0.0	0.0	-1.0	-1.0	0.0	0.0	0.0	-1.0	0.0
04:13:21	103.0	351.5	350.2	350.3	353.6	353.4	353.5	354.4	353.8	353.8	0.1	0.2	0.7	0.7	44.0	0.0	0.7	0.1	354.4	350.2	0.4	-0.4	352.7	352.3	355.1	355.1	354.3	361.0	100.4	103.0	14.4	75.6	355.6	355.0	44.0	54.2	3.4	58.2	0.0	8.3	.Autoclave.Outputs.PRESSIP\OutputValue	7.6	4.2	0.7	-1.0	0.0	-1.0	-1.0	-1.0	0.0	0.0	0.0	-1.0	-1.0	0.0	0.0	0.0	-1.0	0.0
04:14:21	104.0	351.7	350.5	350.5	353.8	353.4	353.6	354.2	354.5	354.4	0.1	0.2	0.6	0.7	43.9	0.0	0.7	0.1	354.5	350.5	0.3	0.1	352.9	352.5	355.1	355.1	354.3	360.4	100.4	104.0	15.4	74.6	355.6	355.0	44.0	53.5	3.5	58.3	0.0	7.1	.Autoclave.Outputs.PRESSIP\OutputValue	7.8	4.0	0.6	-1.0	0.0	-1.0	-1.0	-1.0	0.0	0.0	0.0	-1.0	-1.0	0.0	0.0	0.0	-1.0	0.0
04:15:21	105.0	351.7	350.6	350.7	353.8	353.5	353.6	354.4	354.3	354.4	0.1	0.2	0.7	0.7	43.9	0.0	0.7	0.1	354.4	350.6	0.3	-0.5	353.0	352.5	355.2	355.2	354.4	360.4	100.5	105.0	16.4	73.6	355.4	355.0	44.0	53.6	3.5	58.4	0.0	7.1	.Autoclave.Outputs.PRESSIP\OutputValue	7.9	3.8	0.8	-1.0	0.0	-1.0	-1.0	-1.0	0.0	0.0	0.0	-1.0	-1.0	0.0	0.0	0.0	-1.0	0.0
04:16:21	106.0	351.9	350.8	350.9	353.9	353.6	353.6	354.4	354.5	354.4	0.1	0.2	0.7	0.7	44.0	0.0	0.7	0.1	354.5	350.8	0.2	-0.2	353.1	352.6	355.0	355.0	354.3	360.8	100.5	106.0	17.4	72.6	355.6	355.0	44.0	55.6	3.5	58.3	0.0	11.2	.Autoclave.Outputs.PRESSIP\OutputValue	8.0	3.7	0.5	-1.0	0.0	-1.0	-1.0	-1.0	0.0	0.0	0.0	-1.0	-1.0	0.0	0.0	0.0	-1.0	0.0
04:17:21	107.0	352.1	351.0	351.0	353.9	353.4	353.6	354.6	354.7	353.3	0.1	0.2	0.7	0.7	43.9	0.0	0.7	0.1	354.7	351.0	0.5	-0.2	353.1	352.8	355.1	355.1	354.3	360.8	100.4	107.0	18.4	71.6	355.6	355.0	44.0	53.7	3.6	58.6	0.0	7.5	.Autoclave.Outputs.PRESSIP\OutputValue	8.0	3.7	0.4	-1.0	0.0	-1.0	-1.0	-1.0	0.0	0.0	0.0	-1.0	-1.0	0.0	0.0	0.0	-1.0	0.0
04:18:21	108.0	352.0	351.2	351.3	354.0	353.8	353.8	354.3	354.3	353.5	0.1	0.2	0.6	0.7	43.9	0.0	0.7	0.1	354.3	351.2	0.2	-0.1	353.1	352.7	355.1	355.1	354.3	360.8	100.6	108.0	19.4	70.6	355.6	355.0	44.0	54.4	3.6	58.6	0.0	8.7	.Autoclave.Outputs.PRESSIP\OutputValue	8.0	3.1	0.8	-1.0	0.0	-1.0	-1.0	-1.0	0.0	0.0	0.0	-1.0	-1.0	0.0	0.0	0.0	-1.0	0.0
04:19:21	109.0	352.3	351.3	351.4	354.0	353.7	353.8	354.6	354.5	354.4	0.1	0.2	0.7	0.7	44.0	0.0	0.7	0.1	354.6	351.3	0.3	-0.7	353.3	352.9	355.0	355.1	354.2	360.7	100.5	109.0	20.4	69.6	355.3	355.0	44.0	55.2	3.7	58.4	0.0	10.3	.Autoclave.Outputs.PRESSIP\OutputValue	8.0	3.3	0.4	-1.0	0.0	-1.0	-1.0	-1.0	0.0	0.0	0.0	-1.0	-1.0	0.0	0.0	0.0	-1.0	0.0
04:20:21	110.0	352.2	351.5	351.6	354.1	353.9	353.7	354.5	354.3	354.5	0.1	0.2	0.6	0.7	44.0	0.0	0.7	0.1	354.5	351.5	0.3	-0.3	353.4	353.0	355.1	355.1	354.3	360.6	100.6	110.0	21.4	68.6	355.4	355.0	44.0	49.9	3.7	58.6	0.0	0.0	.Autoclave.Outputs.PRESSIP\OutputValue	8.0	3.0	0.6	-1.0	0.0	-1.0	-1.0	-1.0	0.0	0.0	0.0	-1.0	-1.0	0.0	0.0	0.0	-1.0	0.0
04:21:21	111.0	352.1	351.5	351.6	354.1	353.8	353.7	354.5	354.1	353.5	0.1	0.2	0.7	0.7	44.0	0.0	0.7	0.1	354.5	351.5	0.7	0.0	353.2	353.0	355.2	355.2	354.3	360.2	100.6	111.0	22.4	67.6	355.5	355.0	44.0	53.9	3.7	58.4	0.0	7.8	.Autoclave.Outputs.PRESSIP\OutputValue	8.0	3.0	0.7	-1.0	0.0	-1.0	-1.0	-1.0	0.0	0.0	0.0	-1.0	-1.0	0.0	0.0	0.0	-1.0	0.0
04:22:21	112.0	352.3	351.6	351.7	354.2	353.8	353.8	354.4	354.2	354.4	0.1	0.2	0.7	0.7	44.0	0.0	0.7	0.1	354.4	351.6	0.1	-0.6	353.4	353.0	355.0	355.1	354.3	360.2	100.7	112.0	23.4	66.6	355.5	355.0	44.0	56.5	3.8	58.4	0.0	13.0	.Autoclave.Outputs.PRESSIP\OutputValue	8.0	2.8	0.6	-1.0	0.0	-1.0	-1.0	-1.0	0.0	0.0	0.0	-1.0	-1.0	0.0	0.0	0.0	-1.0	0.0
04:23:22	113.1	352.3	351.8	352.0	354.2	353.8	353.8	354.5	354.9	354.5	0.1	0.2	0.7	0.7	44.0	0.0	0.7	0.1	354.9	351.8	0.2	-1.8	353.5	353.3	355.1	355.2	354.3	360.4	100.6	113.0	24.4	65.6	355.4	355.0	44.0	54.6	3.8	58.2	0.0	9.1	.Autoclave.Outputs.PRESSIP\OutputValue	8.0	3.1	0.2	-1.0	0.0	-1.0	-1.0	-1.0	0.0	0.0	0.0	-1.0	-1.0	0.0	0.0	0.0	-1.0	0.0
04:24:21	114.0	352.4	351.9	352.0	354.3	354.0	353.8	354.4	354.3	354.7	0.1	0.2	0.7	0.8	44.0	0.0	0.8	0.1	354.7	351.9	1.0	-0.1	353.5	353.3	355.2	355.1	354.3	360.5	100.7	114.0	25.4	64.6	355.4	355.0	44.0	53.2	3.8	58.2	0.0	6.5	.Autoclave.Outputs.PRESSIP\OutputValue	8.0	2.8	0.5	-1.0	0.0	-1.0	-1.0	-1.0	0.0	0.0	0.0	-1.0	-1.0	0.0	0.0	0.0	-1.0	0.0
04:25:21	115.0	352.5	351.9	352.1	354.3	354.1	353.8	354.4	354.3	353.4	0.1	0.2	0.7	0.7	44.0	0.0	0.7	0.1	354.4	351.9	0.3	-0.2	353.4	353.1	354.9	354.9	354.2	360.8	100.7	115.0	26.4	63.6	355.3	355.0	44.0	54.1	3.9	58.2	0.0	8.2	.Autoclave.Outputs.PRESSIP\OutputValue	8.0	2.5	0.5	-1.0	0.0	-1.0	-1.0	-1.0	0.0	0.0	0.0	-1.0	-1.0	0.0	0.0	0.0	-1.0	0.0
04:26:21	116.0	352.6	352.1	352.3	354.3	353.9	353.9	354.4	354.5	353.1	0.1	0.2	0.7	0.7	44.0	0.0	0.7	0.1	354.5	352.1	0.2	-0.5	353.4	353.3	355.2	355.0	354.3	360.3	100.9	116.0	27.4	62.6	355.3	355.0	44.0	54.1	3.9	58.4	0.0	8.3	.Autoclave.Outputs.PRESSIP\OutputValue	8.0	2.4	0.7	-1.0	0.0	-1.0	-1.0	-1.0	0.0	0.0	0.0	-1.0	-1.0	0.0	0.0	0.0	-1.0	0.0
04:27:21	117.0	352.8	352.3	352.4	354.3	353.9	353.8	354.4	354.6	354.8	0.1	0.2	0.7	0.7	43.9	0.0	0.7	0.1	354.8	352.3	0.9	-0.1	353.7	353.5	355.1	354.9	354.3	359.7	100.6	117.0	28.4	61.6	355.3	355.0	44.0	53.4	3.9	58.7	0.0	6.9	.Autoclave.Outputs.PRESSIP\OutputValue	8.0	2.5	0.3	-1.0	0.0	-1.0	-1.0	-1.0	0.0	0.0	0.0	-1.0	-1.0	0.0	0.0	0.0	-1.0	0.0
04:28:21	118.0	352.7	352.4	352.5	354.3	353.9	353.6	354.4	354.7	355.3	0.1	0.2	0.7	0.7	44.0	0.0	0.7	0.1	355.3	352.4	0.2	-1.0	353.7	353.8	354.6	354.9	354.2	360.5	100.7	118.0	29.4	60.6	355.3	355.0	44.0	54.9	4.0	58.4	0.0	9.8	.Autoclave.Outputs.PRESSIP\OutputValue	8.0	2.9	-0.7	-1.0	0.0	-1.0	-1.0	-1.0	0.0	0.0	0.0	-1.0	-1.0	0.0	0.0	0.0	-1.0	0.0
04:29:21	119.0	352.7	352.4	352.5	354.3	354.0	353.8	354.5	354.8	355.0	0.1	0.2	0.7	0.7	44.0	0.0	0.7	0.1	355.0	352.4	1.2	-0.2	353.8	353.7	355.0	355.0	354.3	360.8	100.7	119.0	30.4	59.6	355.2	355.0	44.0	52.2	4.0	58.0	0.0	4.4	.Autoclave.Outputs.PRESSIP\OutputValue	8.0	2.6	0.0	-1.0	0.0	-1.0	-1.0	-1.0	0.0	0.0	0.0	-1.0	-1.0	0.0	0.0	0.0	-1.0	0.0
04:30:21	120.0	352.8	352.6	352.6	354.4	354.1	353.7	354.4	354.5	356.9	0.1	0.3	0.7	0.7	44.0	0.0	0.7	0.1	356.9	352.6	0.2	-0.5	354.0	354.7	354.9	354.7	354.2	360.5	100.8	120.0	31.4	58.6	355.3	355.0	44.0	55.5	4.0	57.8	0.0	11.1	.Autoclave.Outputs.PRESSIP\OutputValue	8.0	4.3	-2.0	-1.0	0.0	-1.0	-1.0	-1.0	0.0	0.0	0.0	-1.0	-1.0	0.0	0.0	0.0	-1.0	0.0
04:31:21	121.0	352.8	352.6	352.8	354.5	353.8	353.8	354.8	354.8	354.7	0.1	0.3	0.7	0.7	44.0	0.0	0.7	0.1	354.8	352.6	0.2	-0.2	353.8	353.7	355.0	355.0	354.5	360.3	100.7	121.0	32.4	57.6	355.3	355.0	44.0	53.7	4.1	58.0	0.0	7.3	.Autoclave.Outputs.PRESSIP\OutputValue	8.0	2.2	0.2	-1.0	0.0	-1.0	-1.0	-1.0	0.0	0.0	0.0	-1.0	-1.0	0.0	0.0	0.0	-1.0	0.0
04:32:21	122.0	352.9	352.7	352.8	354.4	354.0	353.8	354.5	354.8	354.9	0.1	0.2	0.7	0.7	44.0	0.0	0.7	0.1	354.9	352.7	0.2	-0.2	353.9	353.8	354.9	354.4	354.2	361.0	100.7	122.0	33.4	56.6	355.3	355.0	44.0	54.9	4.1	57.6	0.0	9.7	.Autoclave.Outputs.PRESSIP\OutputValue	8.0	2.2	0.0	-1.0	0.0	-1.0	-1.0	-1.0	0.0	0.0	0.0	-1.0	-1.0	0.0	0.0	0.0	-1.0	0.0
04:33:21	123.0	352.9	352.7	352.8	354.4	353.7	353.6	354.7	354.6	354.6	0.2	0.2	0.6	0.7	44.0	0.0	0.7	0.2	354.7	352.7	0.6	-0.1	353.8	353.7	354.9	354.8	354.2	360.7	100.7	123.0	34.4	55.6	355.3	355.0	44.0	53.1	4.2	58.0	0.0	6.1	.Autoclave.Outputs.PRESSIP\OutputValue	8.0	2.0	0.2	-1.0	0.0	-1.0	-1.0	-1.0	0.0	0.0	0.0	-1.0	-1.0	0.0	0.0	0.0	-1.0	0.0
04:34:21	124.0	353.0	352.8	352.8	354.3	353.8	353.5	354.4	354.5	354.8	0.1	0.2	0.6	0.7	44.0	0.0	0.7	0.1	354.8	352.8	0.4	-0.9	353.8	353.8	354.9	355.0	354.3	361.0	100.8	124.0	35.4	54.6	355.1	355.0	44.0	55.7	4.2	57.8	0.0	11.4	.Autoclave.Outputs.PRESSIP\OutputValue	8.0	2.0	0.1	-1.0	0.0	-1.0	-1.0	-1.0	0.0	0.0	0.0	-1.0	-1.0	0.0	0.0	0.0	-1.0	0.0
04:35:21	125.0	353.1	352.9	352.7	354.4	353.8	353.6	354.4	354.5	354.7	0.2	0.2	0.7	0.7	44.0	0.0	0.7	0.2	354.7	352.7	0.2	-0.4	353.8	353.7	355.1	355.1	354.3	361.3	100.9	125.0	36.4	53.6	355.3	355.0	44.0	53.2	4.2	57.6	0.0	6.3	.Autoclave.Outputs.PRESSIP\OutputValue	8.0	2.0	0.4	-1.0	0.0	-1.0	-1.0	-1.0	0.0	0.0	0.0	-1.0	-1.0	0.0	0.0	0.0	-1.0	0.0
04:36:21	126.0	353.2	352.9	352.9	354.4	353.9	353.7	354.1	354.7	354.2	0.2	0.2	0.6	0.7	44.0	0.0	0.7	0.2	354.7	352.9	0.2	-0.2	353.8	353.8	355.0	355.1	354.4	360.7	100.8	126.0	37.4	52.6	355.3	355.0	44.0	55.7	4.3	57.8	0.0	11.4	.Autoclave.Outputs.PRESSIP\OutputValue	7.9	1.8	0.3	-1.0	0.0	-1.0	-1.0	-1.0	0.0	0.0	0.0	-1.0	-1.0	0.0	0.0	0.0	-1.0	0.0
04:37:21	127.0	353.0	352.9	352.9	354.5	353.8	353.5	354.4	354.6	354.6	0.1	0.2	0.7	0.7	44.0	0.0	0.7	0.1	354.6	352.9	0.2	-0.2	353.8	353.7	355.1	355.1	354.5	360.8	100.9	127.0	38.4	51.6	355.2	355.0	44.0	54.5	4.3	57.9	0.0	8.9	.Autoclave.Outputs.PRESSIP\OutputValue	7.9	1.7	0.5	-1.0	0.0	-1.0	-1.0	-1.0	0.0	0.0	0.0	-1.0	-1.0	0.0	0.0	0.0	-1.0	0.0
04:38:21	128.0	353.2	353.0	352.9	354.5	353.9	353.7	354.5	354.5	354.5	0.2	0.2	0.7	0.7	44.0	0.0	0.7	0.2	354.5	352.9	0.2	-0.1	353.8	353.7	355.1	355.1	354.6	360.7	100.9	128.0	39.4	50.6	355.3	355.0	44.0	53.3	4.3	57.7	0.0	6.5	.Autoclave.Outputs.PRESSIP\OutputValue	7.9	1.6	0.6	-1.0	0.0	-1.0	-1.0	-1.0	0.0	0.0	0.0	-1.0	-1.0	0.0	0.0	0.0	-1.0	0.0
04:39:21	129.0	353.1	353.0	353.1	354.6	354.1	353.6	354.4	354.6	354.8	0.1	0.2	0.7	0.7	44.0	0.0	0.7	0.1	354.8	353.0	0.2	-0.2	353.9	353.9	355.1	354.7	354.4	360.2	100.9	129.0	40.4	49.6	354.9	355.0	44.0	53.9	4.4	57.7	0.0	7.7	.Autoclave.Outputs.PRESSIP\OutputValue	7.9	1.8	0.3	-1.0	0.0	-1.0	-1.0	-1.0	0.0	0.0	0.0	-1.0	-1.0	0.0	0.0	0.0	-1.0	0.0
04:40:21	130.0	353.2	353.1	353.1	354.6	354.0	353.8	354.6	354.4	354.7	0.2	0.3	0.7	0.7	44.1	0.0	0.7	0.2	354.7	353.1	0.2	-0.2	353.9	353.9	355.2	355.2	354.5	360.2	100.8	130.0	41.4	48.6	355.1	355.0	44.0	51.3	4.4	57.6	0.0	2.6	.Autoclave.Outputs.PRESSIP\OutputValue	7.8	1.6	0.5	-1.0	0.0	-1.0	-1.0	-1.0	0.0	0.0	0.0	-1.0	-1.0	0.0	0.0	0.0	-1.0	0.0
04:41:21	131.0	353.2	353.1	353.1	354.7	354.1	353.8	354.5	354.3	354.4	0.2	0.2	0.7	0.7	44.0	0.0	0.7	0.2	354.7	353.1	0.1	-0.6	353.9	353.9	355.1	355.2	354.5	360.6	100.9	131.0	42.4	47.6	355.4	355.0	44.0	53.9	4.4	57.5	0.0	7.9	.Autoclave.Outputs.PRESSIP\OutputValue	7.7	1.6	0.4	-1.0	0.0	-1.0	-1.0	-1.0	0.0	0.0	0.0	-1.0	-1.0	0.0	0.0	0.0	-1.0	0.0
04:42:21	132.0	353.2	353.1	353.1	354.6	354.2	353.8	354.5	354.3	354.8	0.1	0.2	0.7	0.7	44.0	0.0	0.7	0.1	354.8	353.1	0.2	-0.1	353.9	353.9	354.9	354.8	354.1	360.4	100.8	132.0	43.4	46.6	355.4	355.0	44.0	55.2	4.5	57.5	0.0	10.4	.Autoclave.Outputs.PRESSIP\OutputValue	7.7	1.7	0.1	-1.0	0.0	-1.0	-1.0	-1.0	0.0	0.0	0.0	-1.0	-1.0	0.0	0.0	0.0	-1.0	0.0
04:43:21	133.0	353.1	353.1	353.1	354.6	354.3	353.8	354.2	354.6	354.5	0.1	0.2	0.6	0.7	44.0	0.0	0.7	0.1	354.6	353.1	0.1	-0.4	353.9	353.8	355.0	355.0	354.2	360.6	100.9	133.0	44.4	45.6	355.4	355.0	44.0	55.2	4.5	57.2	0.0	10.5	.Autoclave.Outputs.PRESSIP\OutputValue	7.6	1.5	0.4	-1.0	0.0	-1.0	-1.0	-1.0	0.0	0.0	0.0	-1.0	-1.0	0.0	0.0	0.0	-1.0	0.0
04:44:21	134.0	353.1	353.0	353.2	354.6	354.1	353.8	354.6	354.3	354.5	0.2	0.2	0.6	0.7	44.0	0.0	0.7	0.2	354.6	353.0	0.4	0.0	353.9	353.8	354.9	355.0	354.2	360.5	100.9	134.0	45.4	44.6	355.4	355.0	44.0	55.9	4.5	57.2	0.0	11.9	.Autoclave.Outputs.PRESSIP\OutputValue	7.5	1.6	0.3	-1.0	0.0	-1.0	-1.0	-1.0	0.0	0.0	0.0	-1.0	-1.0	0.0	0.0	0.0	-1.0	0.0
04:45:21	135.0	353.2	353.1	353.1	354.5	354.0	353.8	354.4	354.5	354.4	0.1	0.2	0.7	0.7	44.0	0.0	0.7	0.1	354.5	353.1	0.2	-1.6	353.9	353.8	355.0	355.0	354.3	360.7	100.9	135.0	46.4	43.6	355.5	355.0	44.0	55.3	4.5	57.1	0.0	10.6	.Autoclave.Outputs.PRESSIP\OutputValue	7.5	1.4	0.5	-1.0	0.0	-1.0	-1.0	-1.0	0.0	0.0	0.0	-1.0	-1.0	0.0	0.0	0.0	-1.0	0.0
04:46:21	136.0	353.1	353.1	353.2	354.6	353.9	353.7	354.4	354.1	354.6	0.1	0.2	0.7	0.7	44.1	0.0	0.7	0.1	354.6	353.1	0.1	-1.0	353.8	353.8	355.2	355.2	354.4	360.8	101.0	136.0	47.4	42.6	355.4	355.0	44.0	48.7	4.6	56.8	0.0	0.0	.Autoclave.Outputs.PRESSIP\OutputValue	7.4	1.5	0.6	-1.0	0.0	-1.0	-1.0	-1.0	0.0	0.0	0.0	-1.0	-1.0	0.0	0.0	0.0	-1.0	0.0
04:47:21	137.0	353.3	353.2	353.3	354.6	354.2	353.7	354.4	354.3	354.0	0.1	0.2	0.7	0.7	44.0	0.0	0.7	0.1	354.6	353.2	2.6	0.0	353.9	353.9	355.1	355.1	354.2	360.9	101.0	137.0	48.4	41.6	355.4	355.0	44.0	54.7	4.6	56.9	0.0	9.4	.Autoclave.Outputs.PRESSIP\OutputValue	7.3	1.4	0.5	-1.0	0.0	-1.0	-1.0	-1.0	0.0	0.0	0.0	-1.0	-1.0	0.0	0.0	0.0	-1.0	0.0
04:48:21	138.0	353.2	353.3	353.3	354.6	354.1	353.8	354.4	354.3	354.6	0.2	0.3	0.6	0.7	44.1	0.0	0.7	0.2	354.6	353.2	0.2	0.0	353.9	353.9	355.2	355.1	354.3	360.6	101.2	138.0	49.4	40.6	355.4	355.0	44.0	54.1	4.6	56.8	0.0	8.3	.Autoclave.Outputs.PRESSIP\OutputValue	7.2	1.4	0.6	-1.0	0.0	-1.0	-1.0	-1.0	0.0	0.0	0.0	-1.0	-1.0	0.0	0.0	0.0	-1.0	0.0
04:49:21	139.0	353.1	353.3	353.5	354.5	354.0	353.5	354.5	354.5	354.7	0.1	0.2	0.7	0.8	44.0	0.0	0.8	0.1	354.7	353.1	0.2	-0.6	353.9	353.9	355.1	355.1	354.4	360.9	101.1	139.0	50.4	39.6	355.3	355.0	44.0	53.6	4.7	56.7	0.0	7.1	.Autoclave.Outputs.PRESSIP\OutputValue	7.1	1.6	0.4	-1.0	0.0	-1.0	-1.0	-1.0	0.0	0.0	0.0	-1.0	-1.0	0.0	0.0	0.0	-1.0	0.0
04:50:21	140.0	353.1	353.3	353.5	354.6	354.2	353.8	354.3	354.4	352.3	0.1	0.2	0.6	0.7	44.1	0.0	0.7	0.1	354.6	352.3	0.2	-0.4	353.7	353.5	355.2	355.2	354.4	360.7	101.1	140.0	51.4	38.6	355.4	355.0	44.0	53.4	4.7	56.2	0.0	6.9	.Autoclave.Outputs.PRESSIP\OutputValue	7.0	2.3	0.6	-1.0	0.0	-1.0	-1.0	-1.0	0.0	0.0	0.0	-1.0	-1.0	0.0	0.0	0.0	-1.0	0.0
04:51:21	141.0	353.2	353.2	353.4	354.5	354.1	353.8	354.6	354.4	354.6	0.1	0.2	0.7	0.7	44.1	0.0	0.7	0.1	354.6	353.2	0.2	-0.2	354.0	353.9	355.1	355.0	354.3	360.7	101.2	141.0	52.4	37.6	355.4	355.0	44.0	55.4	4.7	56.3	0.0	10.9	.Autoclave.Outputs.PRESSIP\OutputValue	6.9	1.4	0.5	-1.0	0.0	-1.0	-1.0	-1.0	0.0	0.0	0.0	-1.0	-1.0	0.0	0.0	0.0	-1.0	0.0
04:52:21	142.0	353.2	353.4	353.5	354.6	354.1	353.9	354.2	354.4	354.3	0.1	0.2	0.6	0.7	44.1	0.0	0.7	0.1	354.6	353.2	0.2	-0.1	353.9	353.9	355.1	355.1	354.3	360.8	101.2	142.0	53.4	36.6	355.4	355.0	44.0	52.9	4.7	56.0	0.0	5.8	.Autoclave.Outputs.PRESSIP\OutputValue	6.7	1.4	0.5	-1.0	0.0	-1.0	-1.0	-1.0	0.0	0.0	0.0	-1.0	-1.0	0.0	0.0	0.0	-1.0	0.0
04:53:21	143.0	353.0	353.2	353.4	354.5	354.1	353.8	354.5	354.5	354.4	0.1	0.3	0.7	0.8	44.1	0.0	0.8	0.1	354.5	353.0	0.2	-0.5	353.9	353.7	355.0	355.0	354.3	360.6	101.1	143.0	54.4	35.6	355.5	355.0	44.0	55.6	4.8	56.1	0.0	11.2	.Autoclave.Outputs.PRESSIP\OutputValue	6.6	1.5	0.5	-1.0	0.0	-1.0	-1.0	-1.0	0.0	0.0	0.0	-1.0	-1.0	0.0	0.0	0.0	-1.0	0.0
04:54:21	144.0	353.1	353.2	353.5	354.5	354.3	353.1	354.5	354.6	354.6	0.1	0.2	0.7	0.7	44.1	0.0	0.7	0.1	354.6	353.1	0.3	-0.1	353.9	353.8	355.0	354.9	354.2	360.3	101.1	144.0	55.4	34.6	355.5	355.0	44.0	56.2	4.8	55.9	0.0	12.4	.Autoclave.Outputs.PRESSIP\OutputValue	6.5	1.5	0.4	-1.0	0.0	-1.0	-1.0	-1.0	0.0	0.0	0.0	-1.0	-1.0	0.0	0.0	0.0	-1.0	0.0
04:55:21	145.0	353.1	353.2	353.5	354.6	354.3	353.9	354.5	354.5	354.4	0.1	0.2	0.7	0.7	44.1	0.0	0.7	0.1	354.6	353.1	0.2	-0.1	354.0	353.8	355.0	355.0	354.3	360.6	101.1	145.0	56.4	33.6	355.4	355.0	44.0	55.6	4.8	55.6	0.0	11.3	.Autoclave.Outputs.PRESSIP\OutputValue	6.4	1.5	0.4	-1.0	0.0	-1.0	-1.0	-1.0	0.0	0.0	0.0	-1.0	-1.0	0.0	0.0	0.0	-1.0	0.0
04:56:21	146.0	353.1	353.2	353.4	354.6	354.3	354.1	354.3	354.5	354.4	0.1	0.2	0.7	0.7	44.1	0.0	0.7	0.1	354.6	353.1	0.2	-0.3	354.0	353.8	355.0	355.0	354.2	360.5	101.1	146.0	57.4	32.6	355.4	355.0	44.0	55.7	4.8	55.7	0.0	11.5	.Autoclave.Outputs.PRESSIP\OutputValue	6.3	1.5	0.4	-1.0	0.0	-1.0	-1.0	-1.0	0.0	0.0	0.0	-1.0	-1.0	0.0	0.0	0.0	-1.0	0.0
04:57:21	147.0	353.1	353.2	353.5	354.5	354.1	353.9	354.4	354.2	354.4	0.2	0.2	0.6	0.7	44.1	0.0	0.7	0.2	354.5	353.1	0.4	-0.9	353.9	353.8	355.0	355.0	354.2	360.8	101.2	147.0	58.4	31.6	355.4	355.0	44.0	55.6	4.9	55.4	0.0	11.2	.Autoclave.Outputs.PRESSIP\OutputValue	6.2	1.4	0.5	-1.0	0.0	-1.0	-1.0	-1.0	0.0	0.0	0.0	-1.0	-1.0	0.0	0.0	0.0	-1.0	0.0
04:58:21	148.0	353.1	353.3	353.5	354.6	354.3	353.9	354.5	354.6	353.5	0.1	0.2	0.7	0.7	44.1	0.0	0.7	0.1	354.6	353.1	0.1	0.0	353.9	353.8	355.1	355.1	354.3	360.8	101.1	148.0	59.4	30.6	354.5	355.0	44.0	55.6	4.9	55.1	0.0	11.3	.Autoclave.Outputs.PRESSIP\OutputValue	6.0	1.5	0.5	-1.0	0.0	-1.0	-1.0	-1.0	0.0	0.0	0.0	-1.0	-1.0	0.0	0.0	0.0	-1.0	0.0
04:59:21	149.0	353.1	353.3	353.6	354.6	354.3	353.9	354.5	354.6	354.6	0.1	0.3	0.7	0.7	44.1	0.0	0.7	0.1	354.6	353.1	0.5	0.0	354.0	353.8	355.1	355.1	354.3	360.3	101.3	149.0	60.4	29.6	355.3	355.0	44.0	53.8	4.9	55.3	0.0	7.6	.Autoclave.Outputs.PRESSIP\OutputValue	5.9	1.5	0.5	-1.0	0.0	-1.0	-1.0	-1.0	0.0	0.0	0.0	-1.0	-1.0	0.0	0.0	0.0	-1.0	0.0
05:00:21	150.0	353.2	353.4	353.6	354.5	354.2	354.0	354.3	354.6	354.6	0.1	0.2	0.7	0.7	44.1	0.0	0.7	0.1	354.6	353.2	0.2	-0.1	354.0	353.9	355.2	355.2	354.3	360.7	101.2	150.0	61.4	28.6	355.2	355.0	44.0	53.0	4.9	55.2	0.0	6.0	.Autoclave.Outputs.PRESSIP\OutputValue	5.8	1.4	0.6	-1.0	0.0	-1.0	-1.0	-1.0	0.0	0.0	0.0	-1.0	-1.0	0.0	0.0	0.0	-1.0	0.0
05:01:21	151.0	353.0	353.4	353.5	354.6	354.3	354.0	354.4	354.3	354.6	0.2	0.2	0.7	0.7	44.1	0.0	0.7	0.2	354.6	353.0	0.1	-0.5	354.0	353.8	355.0	355.1	354.3	361.0	101.2	151.0	62.4	27.6	355.4	355.0	44.0	54.5	4.9	54.7	0.0	9.0	.Autoclave.Outputs.PRESSIP\OutputValue	5.7	1.6	0.4	-1.0	0.0	-1.0	-1.0	-1.0	0.0	0.0	0.0	-1.0	-1.0	0.0	0.0	0.0	-1.0	0.0
05:02:21	152.0	353.1	353.4	353.6	354.6	354.3	354.0	354.5	353.9	354.6	0.1	0.2	0.7	0.7	44.1	0.0	0.7	0.1	354.6	353.1	0.2	-0.2	354.0	353.8	355.1	355.1	354.3	360.6	101.3	152.0	63.4	26.6	355.5	355.0	44.0	55.7	5.0	54.9	0.0	11.4	.Autoclave.Outputs.PRESSIP\OutputValue	5.5	1.5	0.5	-1.0	0.0	-1.0	-1.0	-1.0	0.0	0.0	0.0	-1.0	-1.0	0.0	0.0	0.0	-1.0	0.0
05:03:21	153.0	353.1	353.4	353.6	354.6	354.2	353.9	354.5	354.5	354.3	0.1	0.2	0.7	0.7	44.1	0.0	0.7	0.1	354.6	353.1	0.8	-0.2	354.0	353.8	355.1	355.1	354.3	360.8	101.3	153.0	64.4	25.6	355.4	355.0	44.0	55.1	5.0	54.8	0.0	10.1	.Autoclave.Outputs.PRESSIP\OutputValue	5.4	1.5	0.5	-1.0	0.0	-1.0	-1.0	-1.0	0.0	0.0	0.0	-1.0	-1.0	0.0	0.0	0.0	-1.0	0.0
05:04:22	154.1	353.1	353.5	353.7	354.5	354.1	353.9	354.4	354.7	355.0	0.1	0.2	0.7	0.7	44.1	0.0	0.7	0.1	355.0	353.1	0.2	-0.2	354.1	354.0	355.1	355.1	354.2	360.6	101.3	154.0	65.4	24.6	355.4	355.0	44.0	53.9	5.0	54.7	0.0	7.8	.Autoclave.Outputs.PRESSIP\OutputValue	5.3	1.9	0.1	-1.0	0.0	-1.0	-1.0	-1.0	0.0	0.0	0.0	-1.0	-1.0	0.0	0.0	0.0	-1.0	0.0
05:05:21	155.0	353.1	353.4	353.6	354.6	354.7	354.0	354.5	354.1	354.7	0.1	0.2	0.7	0.7	44.1	0.0	0.7	0.1	354.7	353.1	0.3	-0.3	354.1	353.9	355.1	355.1	354.3	360.7	101.2	155.0	66.4	23.6	355.4	355.0	44.0	54.4	5.0	54.5	0.0	8.9	.Autoclave.Outputs.PRESSIP\OutputValue	5.1	1.6	0.4	-1.0	0.0	-1.0	-1.0	-1.0	0.0	0.0	0.0	-1.0	-1.0	0.0	0.0	0.0	-1.0	0.0
05:06:21	156.0	352.8	353.2	353.4	354.2	353.8	353.6	353.8	354.3	354.2	0.1	0.2	0.6	0.7	44.1	0.0	0.7	0.1	354.3	352.8	-0.1	-1.0	353.7	353.5	354.0	354.0	353.4	361.9	101.3	156.0	67.4	22.6	355.8	355.0	44.0	64.0	5.1	54.2	0.0	27.9	.Autoclave.Outputs.PRESSIP\OutputValue	5.1	1.5	-0.3	-1.0	0.0	-1.0	-1.0	-1.0	0.0	0.0	0.0	-1.0	-1.0	0.0	0.0	0.0	-1.0	0.0
05:07:21	157.0	353.1	353.4	353.6	354.5	353.9	353.7	354.3	354.1	354.0	0.1	0.3	0.6	0.7	44.1	0.0	0.7	0.1	354.5	353.1	0.9	0.0	353.8	353.8	355.1	355.1	354.3	361.1	101.3	157.0	68.4	21.6	355.6	355.0	44.0	57.3	5.2	54.2	0.0	14.5	.Autoclave.Outputs.PRESSIP\OutputValue	4.9	1.4	0.6	-1.0	0.0	-1.0	-1.0	-1.0	0.0	0.0	0.0	-1.0	-1.0	0.0	0.0	0.0	-1.0	0.0
05:08:21	158.0	353.0	353.4	353.6	354.5	354.0	353.6	354.3	354.8	354.1	0.1	0.2	0.6	0.7	44.1	0.0	0.7	0.1	354.8	353.0	1.0	-0.3	353.9	353.9	355.0	355.0	354.2	360.5	101.2	158.0	69.4	20.6	355.5	355.0	44.0	56.6	5.2	54.4	0.0	13.2	.Autoclave.Outputs.PRESSIP\OutputValue	4.8	1.8	0.2	-1.0	0.0	-1.0	-1.0	-1.0	0.0	0.0	0.0	-1.0	-1.0	0.0	0.0	0.0	-1.0	0.0
05:09:21	159.0	353.1	353.4	353.6	354.4	354.1	353.7	354.6	354.3	354.6	0.1	0.3	0.6	0.7	44.1	0.0	0.7	0.1	354.6	353.1	0.5	-0.8	354.0	353.8	355.2	355.2	354.4	360.8	101.1	159.0	70.4	19.6	355.1	355.0	44.0	52.8	5.2	54.1	0.0	5.6	.Autoclave.Outputs.PRESSIP\OutputValue	4.6	1.5	0.6	-1.0	0.0	-1.0	-1.0	-1.0	0.0	0.0	0.0	-1.0	-1.0	0.0	0.0	0.0	-1.0	0.0
05:10:21	160.0	353.1	353.4	353.7	354.3	354.1	353.8	354.3	354.3	354.6	0.1	0.2	0.7	0.7	44.1	0.0	0.7	0.1	354.6	353.1	0.1	-2.0	353.9	353.8	355.3	355.2	354.4	361.2	101.3	160.0	71.4	18.6	355.5	355.0	44.0	54.2	5.3	53.7	0.0	8.3	.Autoclave.Outputs.PRESSIP\OutputValue	4.5	1.5	0.7	-1.0	0.0	-1.0	-1.0	-1.0	0.0	0.0	0.0	-1.0	-1.0	0.0	0.0	0.0	-1.0	0.0
05:11:21	161.0	353.2	353.5	353.7	354.4	354.3	353.8	354.4	355.4	354.5	0.1	0.2	0.7	0.7	44.1	0.0	0.7	0.1	355.4	353.2	1.4	-0.2	354.1	354.3	355.3	355.2	354.5	361.0	101.2	161.0	72.4	17.6	355.5	355.0	44.0	54.7	5.3	53.8	0.0	9.4	.Autoclave.Outputs.PRESSIP\OutputValue	4.3	2.2	-0.1	-1.0	0.0	-1.0	-1.0	-1.0	0.0	0.0	0.0	-1.0	-1.0	0.0	0.0	0.0	-1.0	0.0
05:12:21	162.0	353.1	353.4	353.6	354.3	354.1	353.8	354.4	354.6	354.5	0.1	0.2	0.6	0.7	44.0	0.0	0.7	0.1	354.6	353.1	0.1	-0.3	354.0	353.8	355.1	355.1	354.3	360.7	101.3	162.0	73.4	16.6	355.2	355.0	44.0	54.1	5.3	53.8	0.0	8.3	.Autoclave.Outputs.PRESSIP\OutputValue	4.2	1.5	0.5	-1.0	0.0	-1.0	-1.0	-1.0	0.0	0.0	0.0	-1.0	-1.0	0.0	0.0	0.0	-1.0	0.0
05:13:21	163.0	353.2	353.4	353.6	354.5	354.3	353.7	354.5	354.7	354.4	0.1	0.2	0.7	0.8	44.1	0.0	0.8	0.1	354.7	353.2	0.9	-0.2	354.0	353.9	355.4	355.2	354.5	360.9	101.3	163.0	74.4	15.6	355.6	355.0	44.0	50.2	5.3	53.3	0.0	0.3	.Autoclave.Outputs.PRESSIP\OutputValue	4.1	1.5	0.7	-1.0	0.0	-1.0	-1.0	-1.0	0.0	0.0	0.0	-1.0	-1.0	0.0	0.0	0.0	-1.0	0.0
05:14:21	164.0	353.2	353.4	353.7	354.4	354.1	353.7	354.4	354.5	354.6	0.1	0.2	0.6	0.7	44.1	0.0	0.7	0.1	354.6	353.2	0.1	-4.0	354.0	353.9	355.1	355.1	354.4	361.1	101.3	164.0	75.4	14.6	355.5	355.0	44.0	56.2	5.3	53.2	0.0	12.3	.Autoclave.Outputs.PRESSIP\OutputValue	3.9	1.4	0.5	-1.0	0.0	-1.0	-1.0	-1.0	0.0	0.0	0.0	-1.0	-1.0	0.0	0.0	0.0	-1.0	0.0
05:15:21	165.0	353.1	353.4	353.7	354.4	354.0	353.8	354.3	354.5	353.6	0.1	0.3	0.6	0.7	44.1	0.0	0.7	0.1	354.5	353.1	2.8	-0.2	353.9	353.8	355.2	355.2	354.4	361.2	101.2	165.0	76.4	13.6	355.5	355.0	44.0	55.5	5.4	53.0	0.0	11.1	.Autoclave.Outputs.PRESSIP\OutputValue	3.8	1.4	0.7	-1.0	0.0	-1.0	-1.0	-1.0	0.0	0.0	0.0	-1.0	-1.0	0.0	0.0	0.0	-1.0	0.0
05:16:21	166.0	353.0	353.4	353.7	354.5	354.1	353.9	354.4	354.6	354.8	0.1	0.2	0.7	0.7	44.1	0.0	0.7	0.1	354.8	353.0	1.2	0.0	354.0	353.9	355.2	355.2	354.3	360.7	101.3	166.0	77.4	12.6	355.1	355.0	44.0	54.9	5.4	52.7	0.0	9.8	.Autoclave.Outputs.PRESSIP\OutputValue	3.6	1.8	0.4	-1.0	0.0	-1.0	-1.0	-1.0	0.0	0.0	0.0	-1.0	-1.0	0.0	0.0	0.0	-1.0	0.0
05:17:21	167.0	353.1	353.4	353.7	354.5	354.3	353.9	354.5	354.2	354.5	0.1	0.2	0.6	0.7	44.1	0.0	0.7	0.1	354.5	353.1	0.2	-0.1	354.0	353.8	354.9	354.9	354.3	360.5	101.2	167.0	78.4	11.6	355.0	355.0	44.0	56.3	5.4	52.9	0.0	12.6	.Autoclave.Outputs.PRESSIP\OutputValue	3.5	1.4	0.4	-1.0	0.0	-1.0	-1.0	-1.0	0.0	0.0	0.0	-1.0	-1.0	0.0	0.0	0.0	-1.0	0.0
05:18:21	168.0	353.1	353.5	353.8	354.5	354.2	353.9	354.8	354.3	354.9	0.1	0.2	0.6	0.7	44.1	0.0	0.7	0.1	354.9	353.1	0.1	-0.5	354.1	354.0	355.2	355.2	354.4	360.5	101.2	168.0	79.4	10.6	355.0	355.0	44.0	54.2	5.4	52.6	0.0	8.5	.Autoclave.Outputs.PRESSIP\OutputValue	3.3	1.8	0.3	-1.0	0.0	-1.0	-1.0	-1.0	0.0	0.0	0.0	-1.0	-1.0	0.0	0.0	0.0	-1.0	0.0
05:19:21	169.0	353.1	353.4	353.6	354.5	354.2	353.9	354.6	354.8	354.4	0.1	0.2	0.7	0.7	44.1	0.0	0.7	0.1	354.8	353.1	0.2	-0.8	354.0	353.9	355.0	355.0	354.5	361.2	101.5	169.0	80.4	9.6	355.0	355.0	44.0	53.0	5.4	52.3	0.0	6.0	.Autoclave.Outputs.PRESSIP\OutputValue	3.2	1.7	0.2	-1.0	0.0	-1.0	-1.0	-1.0	0.0	0.0	0.0	-1.0	-1.0	0.0	0.0	0.0	-1.0	0.0
05:20:21	170.0	353.1	353.5	353.8	354.5	354.0	353.9	354.4	354.7	355.6	0.1	0.2	0.7	0.7	44.0	0.0	0.7	0.1	355.6	353.1	1.2	-0.2	354.2	354.3	354.7	355.0	354.2	360.0	101.2	170.0	81.4	8.6	355.0	355.0	44.0	56.9	5.4	52.7	0.0	13.9	.Autoclave.Outputs.PRESSIP\OutputValue	3.1	2.5	-0.9	-1.0	0.0	-1.0	-1.0	-1.0	0.0	0.0	0.0	-1.0	-1.0	0.0	0.0	0.0	-1.0	0.0
05:21:21	171.0	353.1	353.6	353.7	354.5	354.0	353.8	354.5	354.9	354.9	0.1	0.2	0.7	0.7	44.1	0.0	0.7	0.1	354.9	353.1	0.2	-0.2	354.1	354.0	355.0	355.0	354.5	360.4	101.2	171.0	82.4	7.6	355.2	355.0	44.0	53.0	5.5	52.4	0.0	5.9	.Autoclave.Outputs.PRESSIP\OutputValue	3.0	1.8	0.1	-1.0	0.0	-1.0	-1.0	-1.0	0.0	0.0	0.0	-1.0	-1.0	0.0	0.0	0.0	-1.0	0.0
05:22:21	172.0	353.1	353.6	353.7	354.5	354.1	353.8	354.4	354.8	353.3	0.1	0.2	0.7	0.7	43.9	0.0	0.7	0.1	354.8	353.1	0.2	-0.8	353.9	353.9	354.7	354.8	353.8	356.1	101.1	172.0	83.4	6.6	355.2	355.0	44.0	58.4	5.5	54.2	0.0	16.8	.Autoclave.Outputs.PRESSIP\OutputValue	2.8	1.7	-0.1	-1.0	0.0	-1.0	-1.0	-1.0	0.0	0.0	0.0	-1.0	-1.0	0.0	0.0	0.0	-1.0	0.0
05:23:21	173.0	353.2	353.5	353.5	354.4	353.9	353.6	354.4	354.4	354.6	0.1	0.2	0.7	0.7	44.1	0.0	0.7	0.1	354.6	353.2	-0.1	-0.2	353.9	353.9	355.2	355.2	354.4	361.6	101.1	173.0	84.4	5.6	355.1	355.0	44.0	51.8	5.6	51.6	0.0	3.5	.Autoclave.Outputs.PRESSIP\OutputValue	2.8	1.4	0.6	-1.0	0.0	-1.0	-1.0	-1.0	0.0	0.0	0.0	-1.0	-1.0	0.0	0.0	0.0	-1.0	0.0
05:24:21	174.0	353.3	353.7	353.7	354.6	354.0	353.6	354.3	355.2	355.4	0.2	0.2	0.7	0.7	44.1	0.0	0.7	0.2	355.4	353.3	0.6	0.0	354.2	354.3	355.0	355.1	354.5	361.0	100.9	174.0	85.4	4.6	355.2	355.0	44.0	56.4	5.6	51.7	0.0	12.7	.Autoclave.Outputs.PRESSIP\OutputValue	2.6	2.1	-0.4	-1.0	0.0	-1.0	-1.0	-1.0	0.0	0.0	0.0	-1.0	-1.0	0.0	0.0	0.0	-1.0	0.0
05:25:21	175.0	353.1	353.6	353.7	354.5	353.8	353.6	354.4	354.5	354.4	0.1	0.3	0.6	0.7	44.1	0.0	0.7	0.1	354.5	353.1	0.9	-0.3	354.0	353.8	354.6	354.2	354.0	360.3	101.0	175.0	86.4	3.6	354.6	355.0	44.0	58.5	5.7	52.2	0.0	17.0	.Autoclave.Outputs.PRESSIP\OutputValue	2.5	1.4	0.1	-1.0	0.0	-1.0	-1.0	-1.0	0.0	0.0	0.0	-1.0	-1.0	0.0	0.0	0.0	-1.0	0.0
05:26:21	176.0	353.2	353.7	353.7	354.5	354.0	353.5	354.4	354.6	355.5	0.1	0.2	0.6	0.7	44.1	0.0	0.7	0.1	355.5	353.2	0.2	-0.5	354.1	354.3	354.6	354.6	354.2	360.5	101.1	176.0	87.4	2.6	355.0	355.0	44.0	56.5	5.7	51.8	0.0	13.0	.Autoclave.Outputs.PRESSIP\OutputValue	2.4	2.3	-0.9	-1.0	0.0	-1.0	-1.0	-1.0	0.0	0.0	0.0	-1.0	-1.0	0.0	0.0	0.0	-1.0	0.0
05:27:21	177.0	353.3	353.7	353.7	354.5	353.7	353.5	354.4	354.8	354.7	0.2	0.2	0.7	0.7	44.1	0.0	0.7	0.2	354.8	353.3	0.3	-0.1	354.0	354.0	355.2	355.3	354.6	361.1	100.9	177.0	88.4	1.6	355.2	355.0	44.0	55.8	5.7	51.1	0.0	11.6	.Autoclave.Outputs.PRESSIP\OutputValue	2.2	1.5	0.4	-1.0	0.0	-1.0	-1.0	-1.0	0.0	0.0	0.0	-1.0	-1.0	0.0	0.0	0.0	-1.0	0.0
05:28:21	178.0	352.1	352.7	353.1	353.9	352.9	352.9	353.2	353.3	352.8	0.1	0.2	0.6	0.7	43.9	0.0	0.7	0.1	353.9	352.1	-0.4	-1.1	353.0	353.0	350.7	350.8	350.2	354.9	100.9	178.0	89.4	0.6	353.8	355.0	44.0	87.3	5.8	53.9	0.0	74.7	.Autoclave.Outputs.PRESSIP\OutputValue	2.4	1.8	-3.2	-1.0	0.0	-1.0	-1.0	-1.0	0.0	0.0	0.0	-1.0	-1.0	0.0	0.0	0.0	-1.0	0.0
05:28:56	178.6	352.9	353.2	353.2	353.9	353.0	352.9	353.7	354.2	354.3	0.1	0.2	0.6	0.8	44.2	0.0	0.8	0.1	354.3	352.9	-0.6	-1.5	353.5	353.6	354.5	354.1	354.0	364.0	101.0	178.6	90.0	0.0	355.8	355.0	44.0	62.2	6.0	50.4	0.0	24.4	.Autoclave.Outputs.PRESSIP\OutputValue	2.3	1.4	0.3	-1.0	0.0	-1.0	-1.0	-1.0	0.0	0.0	0.0	-1.0	-1.0	0.0	0.0	0.0	-1.0	0.0
05:29:21	179.0	352.5	353.1	353.3	354.1	353.4	353.1	353.7	354.0	354.3	0.1	0.2	0.6	0.7	43.0	0.0	0.7	0.1	354.3	352.5	0.4	-0.8	353.5	353.4	351.7	351.7	351.2	334.9	100.8	179.0	0.4	0.0	353.1	353.1	44.0	59.6	6.0	62.6	0.0	19.2	.Autoclave.Outputs.PRESSIP\OutputValue	2.5	1.8	-2.6	-1.0	0.0	-1.0	-1.0	-1.0	0.0	0.0	0.0	-1.0	-1.0	0.0	0.0	0.0	-1.0	0.0
05:30:21	180.0	349.7	350.6	351.1	351.8	350.9	350.8	350.9	351.5	351.1	0.1	0.2	0.6	0.7	44.5	0.0	0.7	0.1	351.8	349.7	-2.1	-3.1	350.9	350.7	346.1	346.1	345.5	352.5	101.1	180.0	1.4	0.0	348.6	348.5	44.0	70.3	5.6	47.3	0.0	40.7	.Autoclave.Outputs.PRESSIP\OutputValue	2.2	2.1	-5.7	-1.0	0.0	-1.0	-1.0	-1.0	0.0	0.0	0.0	-1.0	-1.0	0.0	0.0	0.0	-1.0	0.0
05:31:21	181.0	348.7	350.2	350.9	351.5	350.2	349.9	350.2	350.5	350.9	0.1	0.2	0.6	0.6	43.3	0.0	0.6	0.1	351.5	348.7	-0.1	-0.8	350.3	350.1	342.7	342.7	342.1	324.9	100.7	181.0	2.4	0.0	344.1	344.1	44.0	63.2	5.6	58.6	0.0	26.4	.Autoclave.Outputs.PRESSIP\OutputValue	1.6	2.8	-8.8	-1.0	0.0	-1.0	-1.0	-1.0	0.0	0.0	0.0	-1.0	-1.0	0.0	0.0	0.0	-1.0	0.0
05:32:21	182.0	346.0	347.7	348.6	349.0	347.4	347.0	347.0	347.5	347.7	0.1	0.2	0.6	0.6	43.9	0.0	0.6	0.1	349.0	346.0	-2.3	-3.5	347.5	347.5	337.7	337.7	337.1	341.9	100.9	182.0	3.4	0.0	339.6	339.5	44.0	66.8	6.0	52.8	0.0	33.6	.Autoclave.Outputs.PRESSIP\OutputValue	2.2	3.0	-11.3	-1.0	0.0	-1.0	-1.0	-1.0	0.0	0.0	0.0	-1.0	-1.0	0.0	0.0	0.0	-1.0	0.0
05:33:21	183.0	343.9	346.1	347.4	347.8	345.6	345.1	344.8	345.2	345.9	0.1	0.2	0.5	0.6	43.9	0.0	0.6	0.1	347.8	343.9	-0.7	-1.5	345.7	345.8	330.9	330.9	330.1	316.0	101.0	183.0	4.4	0.0	335.1	335.1	44.0	80.3	6.0	54.2	0.0	60.6	.Autoclave.Outputs.PRESSIP\OutputValue	2.7	3.9	-17.0	-1.0	0.0	-1.0	-1.0	-1.0	0.0	0.0	0.0	-1.0	-1.0	0.0	0.0	0.0	-1.0	0.0
05:33:58	183.7	342.0	344.4	345.7	345.9	343.6	342.8	342.2	342.9	343.2	0.1	0.2	0.5	0.6	44.3	0.0	0.6	0.1	345.9	342.0	-2.6	-4.1	343.6	343.9	329.0	329.0	328.3	330.6	101.0	183.6	5.0	0.0	332.4	332.3	44.0	77.1	6.3	49.3	0.0	54.1	.Autoclave.Outputs.PRESSIP\OutputValue	2.5	3.9	-17.1	-1.0	0.0	-1.0	-1.0	-1.0	0.0	0.0	0.0	-1.0	-1.0	0.0	0.0	0.0	-1.0	0.0
05:34:21	184.0	341.6	344.2	345.3	345.4	343.0	342.1	341.8	342.7	342.5	0.1	0.2	0.5	0.6	44.5	0.0	0.6	0.1	345.4	341.6	-2.6	-3.8	343.2	343.5	329.7	329.8	329.0	333.9	100.9	184.0	0.4	0.0	330.6	330.5	44.0	60.6	6.4	47.6	0.0	21.3	.Autoclave.Outputs.PRESSIP\OutputValue	2.2	3.8	-15.8	-1.0	0.0	-1.0	-1.0	-1.0	0.0	0.0	0.0	-1.0	-1.0	0.0	0.0	0.0	-1.0	0.0
05:35:21	185.0	338.4	341.6	343.3	343.0	340.3	339.3	338.6	339.0	339.5	0.1	0.1	0.5	0.5	43.7	0.0	0.5	0.1	343.3	338.4	-1.6	-3.2	340.3	340.8	320.3	320.3	319.4	316.3	101.0	185.0	1.4	0.0	326.1	326.0	44.0	93.4	6.5	55.3	0.0	86.8	.Autoclave.Outputs.PRESSIP\OutputValue	2.3	4.9	-23.0	-1.0	0.0	-1.0	-1.0	-1.0	0.0	0.0	0.0	-1.0	-1.0	0.0	0.0	0.0	-1.0	0.0
05:36:21	186.0	337.2	340.5	341.9	341.2	338.4	336.4	336.3	336.6	336.5	0.1	0.2	0.5	0.6	43.9	0.0	0.6	0.1	341.9	336.3	-1.4	-5.0	338.3	339.1	322.0	322.0	321.3	324.0	100.9	186.0	2.4	0.0	321.6	321.5	44.0	53.0	6.8	53.5	0.0	6.0	.Autoclave.Outputs.PRESSIP\OutputValue	2.6	5.6	-19.9	-1.0	0.0	-1.0	-1.0	-1.0	0.0	0.0	0.0	-1.0	-1.0	0.0	0.0	0.0	-1.0	0.0
05:37:21	187.0	333.3	337.1	339.0	338.5	335.0	333.1	332.3	333.4	332.8	0.1	0.2	0.4	0.5	44.3	0.0	0.5	0.1	339.0	332.3	-1.9	-4.0	334.9	335.6	313.1	313.2	312.3	313.1	101.2	187.0	3.4	0.0	317.1	317.1	44.0	82.0	7.0	49.7	0.0	63.9	.Autoclave.Outputs.PRESSIP\OutputValue	2.9	6.6	-25.9	-1.0	0.0	-1.0	-1.0	-1.0	0.0	0.0	0.0	-1.0	-1.0	0.0	0.0	0.0	-1.0	0.0
05:38:21	188.0	332.0	336.0	337.5	336.6	333.1	330.5	330.3	331.7	330.1	0.1	0.2	0.4	0.5	43.8	0.0	0.5	0.1	337.5	330.1	-1.2	-2.9	333.1	333.8	313.5	313.3	312.5	303.8	100.9	188.0	4.4	0.0	312.6	312.6	44.0	49.4	7.1	54.3	-1.0	0.0	.Autoclave.Outputs.PRESSIP\OutputValue	2.3	7.4	-24.0	-1.0	0.0	-1.0	-1.0	-1.0	0.0	0.0	0.0	-1.0	-1.0	0.0	0.0	0.0	-1.0	0.0
05:39:21	189.0	328.5	332.8	334.7	333.2	329.4	326.4	326.2	327.8	325.9	0.1	0.2	0.4	0.5	43.9	0.0	0.5	0.1	334.7	325.9	-2.7	-4.3	329.4	330.3	306.8	306.8	306.1	306.7	101.0	189.0	5.4	0.0	308.1	308.1	44.0	64.8	7.3	54.1	0.0	29.6	.Autoclave.Outputs.PRESSIP\OutputValue	2.8	8.8	-27.8	-1.0	0.0	-1.0	-1.0	-1.0	0.0	0.0	0.0	-1.0	-1.0	0.0	0.0	0.0	-1.0	0.0
05:40:21	190.0	325.8	330.2	332.6	330.8	326.8	323.4	322.8	324.3	322.8	0.0	0.1	0.3	0.4	43.9	0.0	0.4	0.0	332.6	322.8	-2.0	-2.9	326.6	327.7	301.1	300.7	300.0	288.0	101.1	190.0	6.4	0.0	303.6	303.5	44.0	71.4	7.3	55.1	0.0	42.8	.Autoclave.Outputs.PRESSIP\OutputValue	3.4	9.8	-31.4	-1.0	0.0	-1.0	-1.0	-1.0	0.0	0.0	0.0	-1.0	-1.0	0.0	0.0	0.0	-1.0	0.0
05:41:21	191.0	323.4	327.7	330.0	327.6	323.5	319.5	319.3	321.2	317.6	0.1	0.1	0.3	0.4	44.2	0.0	0.4	0.1	330.0	317.6	-2.6	-4.3	323.3	323.8	299.3	299.3	298.7	299.4	101.2	191.0	7.4	0.0	299.1	299.1	44.0	53.9	7.5	51.0	0.0	7.9	.Autoclave.Outputs.PRESSIP\OutputValue	3.1	12.4	-30.6	-1.0	0.0	-1.0	-1.0	-1.0	0.0	0.0	0.0	-1.0	-1.0	0.0	0.0	0.0	-1.0	0.0
05:42:21	192.0	319.5	324.6	326.9	324.2	319.7	315.7	315.0	317.1	314.8	0.0	0.1	0.4	0.3	43.8	0.0	0.4	0.0	326.9	314.8	-3.1	-4.3	319.7	320.8	291.9	291.9	291.2	291.1	101.0	192.0	8.4	0.0	294.6	294.5	44.0	72.7	7.7	56.0	0.0	45.3	.Autoclave.Outputs.PRESSIP\OutputValue	3.6	12.1	-34.9	-1.0	0.0	-1.0	-1.0	-1.0	0.0	0.0	0.0	-1.0	-1.0	0.0	0.0	0.0	-1.0	0.0
05:43:21	193.0	317.5	322.6	324.8	321.8	317.1	312.5	312.3	314.3	311.8	0.0	0.1	0.3	0.3	43.2	0.0	0.3	0.0	324.8	311.8	-1.9	-3.4	317.2	318.3	291.2	291.0	290.2	282.3	101.0	193.0	9.4	0.0	290.1	290.0	44.0	48.1	7.7	61.7	-1.0	0.0	.Autoclave.Outputs.PRESSIP\OutputValue	4.2	13.0	-33.5	-1.0	0.0	-1.0	-1.0	-1.0	0.0	0.0	0.0	-1.0	-1.0	0.0	0.0	0.0	-1.0	0.0
05:44:21	194.0	313.9	319.0	321.6	318.1	312.9	308.2	307.7	310.2	307.3	0.0	0.1	0.3	0.3	44.2	0.0	0.3	0.0	321.6	307.3	-3.2	-4.6	313.2	314.4	285.1	285.0	284.3	284.7	101.1	194.0	10.4	0.0	285.6	285.5	44.0	58.9	7.9	52.6	0.0	17.7	.Autoclave.Outputs.PRESSIP\OutputValue	4.3	14.3	-36.4	-1.0	0.0	-1.0	-1.0	-1.0	0.0	0.0	0.0	-1.0	-1.0	0.0	0.0	0.0	-1.0	0.0
05:45:21	195.0	310.2	315.8	318.9	314.6	309.1	304.4	303.7	306.2	303.4	0.0	0.1	0.3	0.3	43.5	0.0	0.3	0.0	318.9	303.4	-2.8	-4.2	309.6	311.1	277.0	277.0	276.2	270.3	101.1	195.0	11.4	0.0	281.1	281.0	44.0	82.3	7.9	59.9	0.0	64.6	.Autoclave.Outputs.PRESSIP\OutputValue	4.7	15.5	-41.8	-1.0	0.0	-1.0	-1.0	-1.0	0.0	0.0	0.0	-1.0	-1.0	0.0	0.0	0.0	-1.0	0.0
05:46:21	196.0	308.1	313.4	316.2	311.6	306.5	300.5	300.2	303.1	299.7	0.0	0.1	0.3	0.3	43.5	0.0	0.3	0.0	316.2	299.7	-2.7	-4.2	306.6	307.9	277.6	277.5	276.9	273.7	101.0	196.0	12.4	0.0	276.6	276.5	44.0	49.0	8.0	60.6	-1.0	0.0	.Autoclave.Outputs.PRESSIP\OutputValue	5.3	16.5	-38.5	-1.0	0.0	-1.0	-1.0	-1.0	0.0	0.0	0.0	-1.0	-1.0	0.0	0.0	0.0	-1.0	0.0
05:47:21	197.0	304.3	310.0	312.9	307.8	301.8	296.1	295.7	298.8	295.0	0.0	0.1	0.3	0.3	44.2	0.0	0.3	0.0	312.9	295.0	-3.4	-4.9	302.5	303.9	271.5	271.5	270.7	271.7	101.3	197.0	13.4	0.0	272.1	272.1	44.0	60.6	8.1	53.8	0.0	21.2	.Autoclave.Outputs.PRESSIP\OutputValue	5.6	17.9	-41.3	-1.0	0.0	-1.0	-1.0	-1.0	0.0	0.0	0.0	-1.0	-1.0	0.0	0.0	0.0	-1.0	0.0
05:48:21	198.0	300.1	306.3	309.7	304.1	298.2	292.0	291.0	294.5	290.5	0.0	0.1	0.2	0.2	43.7	0.0	0.2	0.0	309.7	290.5	-2.9	-4.9	298.5	300.1	264.1	264.1	263.3	261.5	101.1	198.0	14.4	0.0	267.6	267.5	44.0	80.7	8.2	59.3	0.0	61.3	.Autoclave.Outputs.PRESSIP\OutputValue	6.1	19.2	-45.5	-1.0	0.0	-1.0	-1.0	-1.0	0.0	0.0	0.0	-1.0	-1.0	0.0	0.0	0.0	-1.0	0.0
05:49:21	199.0	297.5	303.9	307.0	301.2	295.3	288.4	288.2	291.5	287.4	0.0	0.1	0.2	0.2	43.4	0.0	0.2	0.0	307.0	287.4	-2.6	-3.9	295.6	297.2	264.5	264.5	263.8	258.4	101.0	199.0	15.4	0.0	263.1	263.0	44.0	46.0	8.2	63.1	-1.0	0.0	.Autoclave.Outputs.PRESSIP\OutputValue	6.7	19.6	-42.5	-1.0	0.0	-1.0	-1.0	-1.0	0.0	0.0	0.0	-1.0	-1.0	0.0	0.0	0.0	-1.0	0.0
05:50:21	200.0	294.1	300.3	303.6	297.2	291.4	284.0	283.7	287.4	281.9	0.0	0.1	0.2	0.2	44.2	0.0	0.2	0.0	303.6	281.9	-3.3	-5.0	291.5	292.8	259.1	259.1	258.3	259.1	101.1	200.0	16.4	0.0	258.6	258.5	44.0	52.8	8.4	55.0	0.0	5.7	.Autoclave.Outputs.PRESSIP\OutputValue	6.9	21.7	-44.5	-1.0	0.0	-1.0	-1.0	-1.0	0.0	0.0	0.0	-1.0	-1.0	0.0	0.0	0.0	-1.0	0.0
05:51:21	201.0	290.3	296.7	300.1	292.9	286.5	279.6	279.1	282.8	278.3	0.0	0.1	0.2	0.2	43.9	0.0	0.2	0.0	300.1	278.3	-3.2	-4.7	287.4	289.2	253.3	253.2	252.5	254.2	101.1	201.0	17.4	0.0	254.1	254.1	44.0	61.7	8.4	58.8	0.0	23.3	.Autoclave.Outputs.PRESSIP\OutputValue	7.5	21.8	-46.8	-1.0	0.0	-1.0	-1.0	-1.0	0.0	0.0	0.0	-1.0	-1.0	0.0	0.0	0.0	-1.0	0.0
05:52:21	202.0	286.3	293.1	296.8	289.2	282.5	275.6	275.2	279.0	273.9	0.0	0.1	0.2	0.2	43.4	0.0	0.2	0.0	296.8	273.9	-3.2	-4.6	283.5	285.4	248.2	248.2	247.3	246.1	101.1	202.0	18.4	0.0	249.6	249.5	44.0	66.3	8.5	63.6	0.0	32.6	.Autoclave.Outputs.PRESSIP\OutputValue	8.0	22.9	-48.6	-1.0	0.0	-1.0	-1.0	-1.0	0.0	0.0	0.0	-1.0	-1.0	0.0	0.0	0.0	-1.0	0.0
05:53:21	203.0	282.8	289.8	293.4	285.7	278.4	271.5	270.9	274.9	270.7	0.0	0.1	0.1	0.1	43.9	0.0	0.1	0.0	293.4	270.7	-3.4	-4.5	279.8	282.1	242.6	242.6	241.8	237.6	101.3	203.0	19.4	0.0	245.1	245.1	44.0	73.8	8.5	59.3	0.0	47.5	.Autoclave.Outputs.PRESSIP\OutputValue	8.0	22.7	-50.8	-1.0	0.0	-1.0	-1.0	-1.0	0.0	0.0	0.0	-1.0	-1.0	0.0	0.0	0.0	-1.0	0.0
05:54:21	204.0	279.3	286.5	290.2	282.0	274.7	267.4	267.1	271.0	264.0	0.0	0.1	0.1	0.1	43.2	0.0	0.1	0.0	290.2	264.0	-3.1	-4.6	275.8	277.1	238.8	238.8	238.0	227.2	100.9	204.0	20.4	0.0	240.6	240.6	44.0	67.2	8.5	65.5	0.0	34.4	.Autoclave.Outputs.PRESSIP\OutputValue	8.0	26.2	-51.4	-1.0	0.0	-1.0	-1.0	-1.0	0.0	0.0	0.0	-1.0	-1.0	0.0	0.0	0.0	-1.0	0.0
05:55:21	205.0	275.7	283.2	287.0	278.3	271.2	263.3	263.1	267.2	263.3	0.0	0.1	0.1	0.1	43.2	0.0	0.1	0.0	287.0	263.1	-3.3	-4.9	272.5	275.1	237.4	237.4	236.5	229.3	101.1	205.0	21.4	0.0	236.1	236.0	44.0	47.1	8.6	66.5	-1.0	0.0	.Autoclave.Outputs.PRESSIP\OutputValue	8.0	23.9	-49.6	-1.0	0.0	-1.0	-1.0	-1.0	0.0	0.0	0.0	-1.0	-1.0	0.0	0.0	0.0	-1.0	0.0
05:56:21	206.0	272.3	279.8	283.3	274.5	267.0	258.9	258.4	263.1	257.0	0.0	0.1	0.1	0.1	44.0	0.0	0.1	0.0	283.3	257.0	-3.5	-4.9	268.3	270.2	232.6	232.5	231.7	232.3	101.1	206.0	22.4	0.0	231.6	231.6	44.0	49.9	8.6	57.6	-1.0	0.0	.Autoclave.Outputs.PRESSIP\OutputValue	7.9	26.3	-50.7	-1.0	0.0	-1.0	-1.0	-1.0	0.0	0.0	0.0	-1.0	-1.0	0.0	0.0	0.0	-1.0	0.0
05:57:21	207.0	268.5	275.8	279.3	270.1	262.6	254.6	254.1	258.6	253.1	0.0	0.1	0.1	0.1	43.7	0.0	0.1	0.0	279.3	253.1	-3.8	-4.8	264.1	266.2	227.2	227.2	226.4	226.7	101.1	207.0	23.4	0.0	227.1	227.1	44.0	56.0	8.7	61.2	0.0	12.0	.Autoclave.Outputs.PRESSIP\OutputValue	8.0	26.2	-52.1	-1.0	0.0	-1.0	-1.0	-1.0	0.0	0.0	0.0	-1.0	-1.0	0.0	0.0	0.0	-1.0	0.0
05:58:21	208.0	264.6	272.0	275.8	266.1	258.6	250.3	249.5	253.9	249.2	0.0	0.1	0.1	0.1	44.1	0.0	0.1	0.0	275.8	249.2	-3.3	-4.7	260.0	262.5	221.6	221.7	220.7	221.5	101.3	208.0	24.4	0.0	222.6	222.6	44.0	63.4	8.7	56.8	0.0	26.9	.Autoclave.Outputs.PRESSIP\OutputValue	8.0	26.6	-54.2	-1.0	0.0	-1.0	-1.0	-1.0	0.0	0.0	0.0	-1.0	-1.0	0.0	0.0	0.0	-1.0	0.0
05:59:21	209.0	260.3	268.1	272.1	261.8	253.6	245.8	245.1	249.5	244.9	-0.1	0.1	0.1	0.0	43.7	0.0	0.1	-0.1	272.1	244.9	-3.3	-4.5	255.7	258.5	216.7	216.7	216.0	214.9	101.1	209.0	25.4	0.0	218.1	218.1	44.0	66.7	8.7	61.4	0.0	33.4	.Autoclave.Outputs.PRESSIP\OutputValue	8.0	27.2	-55.4	-1.0	0.0	-1.0	-1.0	-1.0	0.0	0.0	0.0	-1.0	-1.0	0.0	0.0	0.0	-1.0	0.0
06:00:21	210.0	256.9	264.6	268.7	258.3	250.7	241.8	241.3	245.9	240.2	-0.1	0.0	0.1	0.0	43.9	0.0	0.1	-0.1	268.7	240.2	-3.4	-4.6	252.1	254.5	212.7	212.7	211.9	205.9	101.0	210.0	26.4	0.0	213.6	213.6	44.0	62.0	8.6	59.1	0.0	24.0	.Autoclave.Outputs.PRESSIP\OutputValue	8.0	28.5	-56.0	-1.0	0.0	-1.0	-1.0	-1.0	0.0	0.0	0.0	-1.0	-1.0	0.0	0.0	0.0	-1.0	0.0
06:01:21	211.0	253.1	261.1	265.1	254.0	246.2	237.4	236.5	241.6	235.9	-0.1	0.0	0.1	-0.1	43.4	0.0	0.1	-0.1	265.1	235.9	-3.3	-5.0	247.9	250.5	208.3	208.1	207.3	197.9	101.0	211.0	27.4	0.0	209.1	209.1	44.0	62.0	8.6	64.4	0.0	24.0	.Autoclave.Outputs.PRESSIP\OutputValue	8.0	29.2	-56.8	-1.0	0.0	-1.0	-1.0	-1.0	0.0	0.0	0.0	-1.0	-1.0	0.0	0.0	0.0	-1.0	0.0
06:02:21	212.0	249.6	257.5	261.2	249.8	241.6	233.2	232.7	238.2	231.1	-0.1	0.1	0.1	0.0	43.0	0.0	0.1	-0.1	261.2	231.1	-2.9	-5.4	243.9	246.2	205.1	204.9	204.1	193.6	100.9	212.0	28.4	0.0	204.6	204.6	44.0	53.3	8.6	68.2	-1.0	6.6	.Autoclave.Outputs.PRESSIP\OutputValue	8.0	30.1	-56.1	-1.0	0.0	-1.0	-1.0	-1.0	0.0	0.0	0.0	-1.0	-1.0	0.0	0.0	0.0	-1.0	0.0
06:03:21	213.0	245.3	253.3	257.5	246.2	237.8	228.9	228.8	233.6	227.4	-0.1	0.1	0.0	0.0	43.6	0.0	0.1	-0.1	257.5	227.4	-3.8	-5.1	239.9	242.5	201.2	201.1	200.3	191.7	100.9	213.0	29.4	0.0	200.1	200.0	44.0	49.2	8.6	62.1	-1.0	0.0	.Autoclave.Outputs.PRESSIP\OutputValue	7.9	30.1	-56.3	-1.0	0.0	-1.0	-1.0	-1.0	0.0	0.0	0.0	-1.0	-1.0	0.0	0.0	0.0	-1.0	0.0
06:04:21	214.0	241.5	249.6	253.9	241.8	233.1	224.6	224.1	229.1	223.2	0.0	0.0	0.0	0.0	43.2	0.0	0.0	0.0	253.9	223.2	-3.2	-5.2	235.7	238.6	196.3	196.2	195.4	187.4	100.9	214.0	30.4	0.0	195.6	195.5	44.0	51.9	8.6	65.5	-1.0	3.8	.Autoclave.Outputs.PRESSIP\OutputValue	8.0	30.7	-57.6	-1.0	0.0	-1.0	-1.0	-1.0	0.0	0.0	0.0	-1.0	-1.0	0.0	0.0	0.0	-1.0	0.0
06:05:21	215.0	238.1	245.7	249.9	237.5	229.2	220.2	219.6	225.0	218.9	-0.1	0.1	0.1	-0.1	43.7	0.0	0.1	-0.1	249.9	218.9	-3.7	-4.6	231.6	234.4	191.8	191.7	191.0	182.7	101.1	215.0	31.4	0.0	191.1	191.0	44.0	51.9	8.5	61.0	0.0	3.9	.Autoclave.Outputs.PRESSIP\OutputValue	8.0	31.0	-58.1	-1.0	0.0	-1.0	-1.0	-1.0	0.0	0.0	0.0	-1.0	-1.0	0.0	0.0	0.0	-1.0	0.0
06:06:21	216.0	233.3	241.6	245.8	233.6	224.9	215.9	215.1	220.4	213.3	-0.1	0.1	0.1	0.0	43.3	0.0	0.1	-0.1	245.8	213.3	-3.8	-4.9	227.1	229.6	187.4	187.4	186.7	178.4	100.9	216.0	32.4	0.0	186.6	186.5	44.0	49.8	8.5	65.3	-1.0	0.0	.Autoclave.Outputs.PRESSIP\OutputValue	8.0	32.5	-58.4	-1.0	0.0	-1.0	-1.0	-1.0	0.0	0.0	0.0	-1.0	-1.0	0.0	0.0	0.0	-1.0	0.0
06:07:21	217.0	229.3	237.7	241.8	229.1	220.4	211.4	210.8	216.0	209.8	-0.1	0.1	0.1	-0.1	43.7	0.0	0.1	-0.1	241.8	209.8	-3.8	-5.0	222.9	225.8	182.0	181.9	181.2	175.2	100.8	217.0	33.4	0.0	182.1	182.0	44.0	57.2	8.4	62.9	0.0	14.5	.Autoclave.Outputs.PRESSIP\OutputValue	8.0	32.0	-59.8	-1.0	0.0	-1.0	-1.0	-1.0	0.0	0.0	0.0	-1.0	-1.0	0.0	0.0	0.0	-1.0	0.0
06:08:21	218.0	225.4	233.8	238.3	225.3	216.1	207.1	206.6	211.8	205.6	-0.1	0.1	0.0	0.1	43.2	0.0	0.1	-0.1	238.3	205.6	-3.4	-4.5	218.9	222.0	178.1	178.1	177.3	170.0	101.0	218.0	34.4	0.0	177.6	177.5	44.0	52.5	8.4	65.5	-1.0	4.9	.Autoclave.Outputs.PRESSIP\OutputValue	8.0	32.7	-60.2	-1.0	0.0	-1.0	-1.0	-1.0	0.0	0.0	0.0	-1.0	-1.0	0.0	0.0	0.0	-1.0	0.0
06:09:21	219.0	221.5	230.0	234.1	221.2	212.6	202.8	202.6	207.9	201.3	-0.1	0.1	0.0	-0.1	43.0	0.0	0.1	-0.1	234.1	201.3	-4.0	-4.5	214.9	217.7	174.5	174.5	173.6	167.7	100.9	219.0	35.4	0.0	173.1	173.1	44.0	46.4	8.3	68.0	-1.0	0.0	.Autoclave.Outputs.PRESSIP\OutputValue	8.0	32.8	-59.6	-1.0	0.0	-1.0	-1.0	-1.0	0.0	0.0	0.0	-1.0	-1.0	0.0	0.0	0.0	-1.0	0.0
06:10:21	220.0	217.1	225.9	230.1	216.6	207.8	198.5	197.8	203.0	196.7	-0.1	0.0	0.0	0.0	43.5	0.0	0.0	-0.1	230.1	196.7	-3.8	-4.7	210.4	213.4	170.8	170.7	169.9	165.8	100.9	220.0	36.4	0.0	168.6	168.5	44.0	41.6	8.2	62.7	-1.0	0.0	.Autoclave.Outputs.PRESSIP\OutputValue	8.0	33.4	-59.3	-1.0	0.0	-1.0	-1.0	-1.0	0.0	0.0	0.0	-1.0	-1.0	0.0	0.0	0.0	-1.0	0.0
06:11:21	221.0	213.4	221.8	226.2	212.4	203.5	193.9	193.4	198.6	192.4	-0.1	0.1	0.0	-0.1	43.2	0.0	0.1	-0.1	226.2	192.4	-4.1	-4.9	206.2	209.3	165.6	165.6	164.8	162.8	100.9	221.0	37.4	0.0	164.1	164.1	44.0	46.3	8.1	65.7	-1.0	0.0	.Autoclave.Outputs.PRESSIP\OutputValue	8.0	33.8	-60.6	-1.0	0.0	-1.0	-1.0	-1.0	0.0	0.0	0.0	-1.0	-1.0	0.0	0.0	0.0	-1.0	0.0
06:12:21	222.0	209.8	218.1	222.2	207.9	199.1	189.5	188.8	194.4	188.2	0.0	0.1	0.0	-0.1	43.6	0.0	0.1	-0.1	222.2	188.2	-3.8	-4.6	202.0	205.2	161.1	160.9	160.1	159.5	100.9	222.0	38.4	0.0	159.6	159.6	44.0	46.3	8.0	62.1	-1.0	0.0	.Autoclave.Outputs.PRESSIP\OutputValue	8.0	34.0	-61.1	-1.0	0.0	-1.0	-1.0	-1.0	0.0	0.0	0.0	-1.0	-1.0	0.0	0.0	0.0	-1.0	0.0
06:13:21	223.0	205.8	214.0	218.4	204.0	194.2	185.2	184.5	190.3	183.3	-0.1	0.1	0.0	-0.1	43.2	0.0	0.1	-0.1	218.4	183.3	-3.7	-4.6	197.7	200.9	156.4	156.4	155.6	154.7	100.8	223.0	39.4	0.0	155.1	155.1	44.0	48.9	7.9	66.5	-1.0	0.0	.Autoclave.Outputs.PRESSIP\OutputValue	8.0	35.1	-62.0	-1.0	0.0	-1.0	-1.0	-1.0	0.0	0.0	0.0	-1.0	-1.0	0.0	0.0	0.0	-1.0	0.0
06:14:21	224.0	201.2	209.8	213.9	199.7	190.9	180.8	180.1	185.8	179.5	0.0	0.0	0.0	-0.1	43.4	0.0	0.0	-0.1	213.9	179.5	-3.8	-4.6	193.5	196.7	151.2	151.5	150.7	147.9	100.9	224.0	40.4	0.0	150.6	150.5	44.0	52.0	7.8	63.8	0.0	4.0	.Autoclave.Outputs.PRESSIP\OutputValue	8.0	34.4	-62.7	-1.0	0.0	-1.0	-1.0	-1.0	0.0	0.0	0.0	-1.0	-1.0	0.0	0.0	0.0	-1.0	0.0
06:15:21	225.0	197.2	205.7	210.2	195.2	186.6	176.4	176.0	181.8	175.3	-0.1	0.0	0.0	-0.1	43.5	0.0	0.0	-0.1	210.2	175.3	-3.8	-5.5	189.4	192.7	147.5	147.5	146.9	143.1	100.7	225.0	41.4	0.0	146.1	146.1	44.0	46.8	7.7	64.0	-1.0	0.0	.Autoclave.Outputs.PRESSIP\OutputValue	8.0	34.9	-62.7	-1.0	0.0	-1.0	-1.0	-1.0	0.0	0.0	0.0	-1.0	-1.0	0.0	0.0	0.0	-1.0	0.0
06:16:21	226.0	193.4	201.6	206.1	190.7	181.4	172.0	171.6	177.3	171.1	0.0	0.1	0.0	-0.1	43.3	0.0	0.1	-0.1	206.1	171.1	-3.7	-4.6	185.0	188.6	142.8	142.3	142.0	138.7	100.6	226.0	42.4	0.0	141.6	141.6	44.0	47.9	7.5	64.4	-1.0	0.0	.Autoclave.Outputs.PRESSIP\OutputValue	8.0	35.0	-63.3	-1.0	0.0	-1.0	-1.0	-1.0	0.0	0.0	0.0	-1.0	-1.0	0.0	0.0	0.0	-1.0	0.0
06:17:21	227.0	189.1	197.6	202.0	186.5	177.3	167.6	167.2	173.2	166.8	-0.1	0.1	0.0	-0.1	43.1	0.0	0.1	-0.1	202.0	166.8	-3.9	-4.5	180.8	184.4	138.7	138.7	138.2	135.4	100.7	227.0	43.4	0.0	137.1	137.1	44.0	43.7	7.4	67.4	-1.0	0.0	.Autoclave.Outputs.PRESSIP\OutputValue	8.0	35.2	-63.3	-1.0	0.0	-1.0	-1.0	-1.0	0.0	0.0	0.0	-1.0	-1.0	0.0	0.0	0.0	-1.0	0.0
06:18:21	228.0	185.3	193.8	198.3	182.3	173.2	163.5	163.1	169.2	162.3	-0.1	0.0	0.0	-0.1	43.3	0.0	0.0	-0.1	198.3	162.3	-3.6	-4.7	176.8	180.3	135.2	135.2	135.1	132.8	100.6	228.0	44.4	0.0	132.6	132.6	44.0	38.1	7.1	64.4	-1.0	0.0	.Autoclave.Outputs.PRESSIP\OutputValue	8.0	36.0	-63.1	-1.0	0.0	-1.0	-1.0	-1.0	0.0	0.0	0.0	-1.0	-1.0	0.0	0.0	0.0	-1.0	0.0
06:19:21	229.0	181.9	190.0	194.1	178.3	169.3	159.6	159.5	165.2	158.6	0.0	0.1	0.0	-0.1	43.1	0.0	0.1	-0.1	194.1	158.6	-3.5	-4.3	172.9	176.3	133.7	133.7	132.8	130.0	100.6	229.0	45.4	0.0	128.1	128.1	44.0	18.1	6.7	67.0	-1.0	0.0	.Autoclave.Outputs.PRESSIP\OutputValue	8.0	35.5	-60.4	-1.0	0.0	-1.0	-1.0	-1.0	0.0	0.0	0.0	-1.0	-1.0	0.0	0.0	0.0	-1.0	0.0
06:20:22	230.1	178.8	186.6	190.6	174.8	166.0	155.9	155.8	161.8	154.9	0.0	0.1	0.0	-0.2	43.5	0.0	0.1	-0.2	190.6	154.9	-3.0	-4.4	169.5	172.7	131.2	131.2	130.7	128.0	100.7	230.0	46.4	0.0	123.6	123.6	44.0	2.5	6.1	63.3	-1.0	0.0	.Autoclave.Outputs.PRESSIP\OutputValue	8.0	35.7	-59.4	-1.0	0.0	-1.0	-1.0	-1.0	0.0	0.0	0.0	-1.0	-1.0	0.0	0.0	0.0	-1.0	0.0
06:21:21	231.0	175.1	183.0	186.8	170.8	161.3	152.3	152.3	158.4	151.3	0.0	0.1	0.1	0.0	43.3	0.0	0.1	0.0	186.8	151.3	-3.4	-4.9	165.7	169.0	128.0	127.9	127.2	125.8	100.5	231.0	47.4	0.0	119.1	119.0	44.0	0.0	0.0	65.3	-1.0	0.0	.Autoclave.Outputs.PRESSIP\OutputValue	8.0	35.5	-58.8	-1.0	0.0	-1.0	-1.0	-1.0	0.0	0.0	0.0	-1.0	-1.0	0.0	0.0	0.0	-1.0	0.0
06:22:21	232.0	172.0	179.4	183.5	167.3	158.6	149.0	149.2	154.4	150.0	0.0	0.0	0.1	-0.1	43.1	0.0	0.1	-0.1	183.5	149.0	-1.3	-3.7	162.6	166.2	125.4	125.4	125.0	123.8	100.4	232.0	48.4	0.0	114.6	114.5	44.0	0.0	0.0	67.4	-1.0	0.0	.Autoclave.Outputs.PRESSIP\OutputValue	8.0	34.5	-58.1	-1.0	0.0	-1.0	-1.0	-1.0	0.0	0.0	0.0	-1.0	-1.0	0.0	0.0	0.0	-1.0	0.0
06:23:21	233.0	168.6	176.1	180.4	163.4	155.2	145.9	146.2	151.4	145.0	0.0	0.1	0.1	-0.2	43.5	0.0	0.1	-0.2	180.4	145.0	-3.0	-3.4	159.1	162.7	124.4	124.5	124.0	122.3	100.4	233.0	49.4	0.0	110.1	110.0	44.0	0.0	0.0	63.5	-1.0	0.0	.Autoclave.Outputs.PRESSIP\OutputValue	8.0	35.4	-56.0	-1.0	0.0	-1.0	-1.0	-1.0	0.0	0.0	0.0	-1.0	-1.0	0.0	0.0	0.0	-1.0	0.0
06:24:21	234.0	165.7	173.1	176.8	160.6	152.6	143.0	143.3	148.6	142.0	-0.1	0.1	0.1	-0.1	43.3	0.0	0.1	-0.1	176.8	142.0	-2.9	-6.2	156.2	159.4	121.7	121.6	121.0	120.7	100.4	234.0	50.4	0.0	105.6	105.6	44.0	0.0	0.0	64.6	-1.0	0.0	.Autoclave.Outputs.PRESSIP\OutputValue	8.0	34.8	-55.0	-1.0	0.0	-1.0	-1.0	-1.0	0.0	0.0	0.0	-1.0	-1.0	0.0	0.0	0.0	-1.0	0.0
06:25:21	235.0	162.8	170.0	173.6	157.5	149.9	140.3	140.5	145.4	138.6	0.0	0.1	0.1	-0.2	43.2	0.0	0.1	-0.2	173.6	138.6	-0.1	-3.4	153.2	156.1	120.2	120.1	119.6	119.3	100.3	235.0	51.4	0.0	101.1	101.1	44.0	0.0	0.0	66.3	-1.0	0.0	.Autoclave.Outputs.PRESSIP\OutputValue	8.0	35.0	-53.3	-1.0	0.0	-1.0	-1.0	-1.0	0.0	0.0	0.0	-1.0	-1.0	0.0	0.0	0.0	-1.0	0.0
06:26:21	236.0	160.4	166.8	170.7	154.1	146.6	137.8	138.0	143.1	136.9	0.0	0.0	0.1	-0.1	43.6	0.0	0.1	-0.1	170.7	136.9	-1.9	-3.2	150.5	153.8	119.6	119.6	119.1	118.5	100.5	236.0	52.4	0.0	96.6	96.6	44.0	0.0	0.0	61.6	-1.0	0.0	.Autoclave.Outputs.PRESSIP\OutputValue	8.0	33.8	-51.0	-1.0	0.0	-1.0	-1.0	-1.0	0.0	0.0	0.0	-1.0	-1.0	0.0	0.0	0.0	-1.0	0.0
06:27:21	237.0	157.2	164.0	167.8	151.2	144.8	135.3	135.2	140.2	134.4	-0.1	0.1	0.1	-0.1	43.4	0.0	0.1	-0.1	167.8	134.4	-2.5	-3.4	147.8	151.1	117.5	117.5	116.8	116.8	100.3	237.0	53.4	0.0	92.1	92.1	44.0	0.0	0.0	63.8	-1.0	0.0	.Autoclave.Outputs.PRESSIP\OutputValue	8.0	33.4	-50.2	-1.0	0.0	-1.0	-1.0	-1.0	0.0	0.0	0.0	-1.0	-1.0	0.0	0.0	0.0	-1.0	0.0
06:28:21	238.0	154.4	161.2	164.7	148.7	142.0	133.1	133.3	137.8	132.3	0.0	0.0	0.1	-0.1	43.3	0.0	0.1	-0.1	164.7	132.3	-1.8	-3.0	145.3	148.5	115.8	115.8	115.1	115.5	100.3	238.0	54.4	0.0	87.6	87.5	44.0	0.0	0.0	65.1	-1.0	0.0	.Autoclave.Outputs.PRESSIP\OutputValue	8.0	32.4	-48.8	-1.0	0.0	-1.0	-1.0	-1.0	0.0	0.0	0.0	-1.0	-1.0	0.0	0.0	0.0	-1.0	0.0
06:29:21	239.0	151.5	158.5	161.8	145.9	138.9	131.1	131.2	135.4	129.9	0.0	0.1	0.1	-0.1	43.2	0.0	0.1	-0.1	161.8	129.9	-1.5	-3.1	142.7	145.8	114.7	114.7	114.1	114.5	100.3	239.0	55.4	0.0	83.1	83.1	44.0	0.0	0.0	66.3	-1.0	0.0	.Autoclave.Outputs.PRESSIP\OutputValue	8.0	31.9	-47.0	-1.0	0.0	-1.0	-1.0	-1.0	0.0	0.0	0.0	-1.0	-1.0	0.0	0.0	0.0	-1.0	0.0
06:30:21	240.0	148.9	155.7	158.9	143.5	137.0	129.0	128.9	133.1	127.8	0.0	0.0	0.1	-0.1	43.1	0.0	0.1	-0.1	158.9	127.8	-1.9	-3.0	140.3	143.3	113.8	113.7	113.0	113.3	100.2	240.0	56.4	0.0	80.0	80.0	44.0	0.0	0.0	67.4	-1.0	0.0	.Autoclave.Outputs.PRESSIP\OutputValue	8.0	31.1	-45.0	-1.0	0.0	-1.0	-1.0	-1.0	0.0	0.0	0.0	-1.0	-1.0	0.0	0.0	0.0	-1.0	0.0
06:31:21	241.0	147.2	153.4	156.5	141.4	135.0	127.2	127.3	130.9	126.3	0.0	0.1	0.1	0.0	43.6	0.0	0.1	0.0	156.5	126.3	-1.8	-2.5	138.3	141.4	112.7	112.7	112.0	112.8	100.3	241.0	57.4	0.0	80.0	80.0	44.0	0.0	0.0	61.8	-1.0	0.0	.Autoclave.Outputs.PRESSIP\OutputValue	8.0	30.2	-43.7	-1.0	0.0	-1.0	-1.0	-1.0	0.0	0.0	0.0	-1.0	-1.0	0.0	0.0	0.0	-1.0	0.0
06:32:21	242.0	144.8	150.7	153.9	139.3	132.9	125.5	125.4	129.4	124.7	0.0	0.1	0.1	0.0	43.5	0.0	0.1	0.0	153.9	124.7	0.4	-3.2	136.3	139.3	111.5	111.5	110.7	111.5	100.4	242.0	58.4	0.0	80.0	80.0	44.0	0.0	0.0	63.1	-1.0	0.0	.Autoclave.Outputs.PRESSIP\OutputValue	8.0	29.2	-42.3	-1.0	0.0	-1.0	-1.0	-1.0	0.0	0.0	0.0	-1.0	-1.0	0.0	0.0	0.0	-1.0	0.0
06:33:21	243.0	142.6	148.3	151.2	136.6	131.3	123.9	123.8	127.3	122.4	0.0	0.1	0.1	-0.1	43.4	0.0	0.1	-0.1	151.2	122.4	-1.7	-4.5	134.1	136.8	110.1	110.1	109.5	110.7	100.3	243.0	59.4	0.0	80.0	80.0	44.0	0.0	0.0	64.0	-1.0	0.0	.Autoclave.Outputs.PRESSIP\OutputValue	8.0	28.8	-41.0	-1.0	0.0	-1.0	-1.0	-1.0	0.0	0.0	0.0	-1.0	-1.0	0.0	0.0	0.0	-1.0	0.0
06:34:21	244.0	140.5	145.9	148.9	134.8	128.8	122.2	122.0	125.5	120.9	0.0	0.1	0.1	-0.1	43.3	0.0	0.1	-0.1	148.9	120.9	-1.3	-2.6	132.2	134.9	109.6	109.5	108.7	109.9	100.4	244.0	60.4	0.0	80.0	80.0	44.0	0.0	0.0	65.1	-1.0	0.0	.Autoclave.Outputs.PRESSIP\OutputValue	8.0	28.0	-39.2	-1.0	0.0	-1.0	-1.0	-1.0	0.0	0.0	0.0	-1.0	-1.0	0.0	0.0	0.0	-1.0	0.0
06:34:46	244.4	139.3	145.1	148.0	132.4	128.2	121.4	121.2	124.8	119.9	0.0	0.1	0.1	-0.2	43.3	0.0	0.1	-0.2	148.0	119.9	0.0	-3.3	131.1	133.9	109.2	109.1	108.4	109.7	100.4	244.4	60.8	0.0	80.0	80.0	44.0	0.0	0.0	65.5	-1.0	0.0	.Autoclave.Outputs.PRESSIP\OutputValue	8.0	28.1	-38.9	-1.0	0.0	-1.0	-1.0	-1.0	0.0	0.0	0.0	-1.0	-1.0	0.0	0.0	0.0	-1.0	0.0
06:35:21	245.0	138.0	143.6	146.4	132.1	127.1	120.4	120.2	123.5	119.4	-0.1	0.1	0.1	0.0	39.0	0.0	0.1	-0.1	146.4	119.4	-1.6	-2.5	130.1	132.9	106.5	106.5	105.6	106.4	99.7	245.0	0.6	0.0	80.0	80.0	38.0	0.0	0.0	48.4	-1.0	0.0	.Autoclave.Outputs.PRESSIP\OutputValue	7.4	27.0	-39.8	-1.0	0.0	-1.0	-1.0	-1.0	0.0	0.0	0.0	-1.0	-1.0	0.0	0.0	0.0	-1.0	0.0
06:36:21	246.0	136.0	141.5	144.2	129.7	124.9	118.6	118.0	121.3	117.6	-0.1	0.0	0.1	-0.1	29.1	0.0	0.1	-0.1	144.2	117.6	-1.9	-2.9	128.0	130.9	102.4	102.4	101.5	102.8	98.9	246.0	1.6	0.0	80.0	80.0	28.0	0.0	0.0	45.8	-1.0	0.0	.Autoclave.Outputs.PRESSIP\OutputValue	6.2	26.6	-41.7	-1.0	0.0	-1.0	-1.0	-1.0	0.0	0.0	0.0	-1.0	-1.0	-1.0	0.0	0.0	-1.0	0.0
06:37:21	247.0	134.2	139.6	142.4	128.6	123.4	116.7	116.1	119.5	115.7	-0.1	0.0	0.1	-0.1	19.1	0.0	0.1	-0.1	142.4	115.7	-1.7	-2.1	126.2	129.0	99.3	99.3	98.6	99.4	98.3	247.0	2.6	0.0	80.0	80.0	18.0	0.0	0.0	44.0	-1.0	0.0	.Autoclave.Outputs.PRESSIP\OutputValue	4.8	26.7	-43.0	-1.0	0.0	-1.0	-1.0	-1.0	0.0	0.0	0.0	-1.0	-1.0	-1.0	0.0	0.0	-1.0	0.0
06:38:21	248.0	132.8	138.6	141.1	126.8	121.9	115.3	114.5	118.0	114.1	-0.1	0.0	0.0	-0.3	8.7	0.0	0.0	-0.3	141.1	114.1	-0.7	-1.6	124.8	127.6	95.9	95.8	95.0	96.0	97.4	248.0	3.6	0.0	80.0	80.0	8.0	0.0	0.0	45.1	-1.0	0.0	.Autoclave.Outputs.PRESSIP\OutputValue	3.2	27.0	-45.1	-1.0	0.0	-1.0	-1.0	-1.0	0.0	0.0	0.0	-1.0	-1.0	-1.0	0.0	0.0	-1.0	0.0
06:39:21	249.0	132.2	137.9	140.1	125.7	121.0	114.2	113.8	117.0	113.0	-0.2	-0.1	-0.2	-0.5	1.9	0.0	-0.1	-0.5	140.1	113.0	-0.8	-1.3	123.9	126.5	94.3	94.3	93.6	95.3	97.0	249.0	4.6	0.0	80.0	80.0	0.0	0.0	0.0	30.6	-1.0	0.0	.Autoclave.Outputs.PRESSIP\OutputValue	0.0	27.1	-45.7	-1.0	0.0	-1.0	-1.0	-1.0	0.0	0.0	0.0	-1.0	-1.0	-1.0	0.0	0.0	-1.0	0.0
06:39:37	249.3	132.2	137.9	140.1	125.6	121.0	114.1	113.6	116.9	112.7	-0.2	-0.2	-0.2	-0.6	1.0	0.0	-0.2	-0.6	140.1	112.7	-0.4	-1.1	123.8	126.4	94.4	94.3	93.6	95.3	96.9	249.3	4.9	0.0	80.0	80.0	0.0	0.0	0.0	39.1	-1.0	0.0	.Autoclave.Outputs.PRESSIP\OutputValue	-0.7	27.4	-45.5	-1.0	0.0	-1.0	-1.0	-1.0	0.0	0.0	0.0	-1.0	-1.0	-1.0	0.0	0.0	-1.0	0.0
