
Time	Elapsed	PTC6	PTC7	PTC9	PTC10	PTC11	PTC12	PTC13	PTC14	PTC15	VPRB2	VPRB3	VPRB4	VPRB9	PRESS	SVAC	HIPRB	LOPRB	HITC	LOTC	HIRATE	LORATE	AVGTC	MEAN	AIRTC	AIRTC1	AIRTC2	HILIMTC	CAPSTC	RUNTIME	SEGTIME	SEGTIMELEFT	TSET_AIR	TSET_PART	PSET	TEMPOUT	TEMPINT	PRESSOUT	COOLIP	SCROUT	PRESSIP	PRESSINT	SPREAD	AIRPARTDELTA	CAPSFLOW	SILENCE	BARLOCK	HIPSI	FANON	HYDON	FANSTARTSTOPPB	HYDPMPSTARTSTOPPB	COOLCNTRLONOFFSW	PRESSCNTRLONOFFSW	PRESSDUMPSW	PCMANUALSW	HILIMIT	BLWRMTRHILIMIT	MANINSIDE
HH:MM:SS	Mins	Deg.F	Deg.F	Deg.F	Deg.F	Deg.F	Deg.F	Deg.F	Deg.F	Deg.F	"Hg	"Hg	"Hg	"Hg	Psig	"Hg			Deg.F	Deg.F	Deg.F	Deg.F	Deg.F	Deg.F	Deg.F	Deg.F	Deg.F	Deg.F	Deg.F	Mins	Mins	Mins	Deg.F	Deg.F	Psig				%	%	%	%	Deg.F	Deg.F															
15:49:10	0.0	77.2	77.2	77.2	76.9	77.6	77.6	77.6	77.8	77.2	-27.7	-27.8	-27.6	-27.6	-0.3	-28.0	-27.6	-27.8	77.8	76.9	1.2	0.1	77.4	77.4	95.5	95.5	94.8	107.8	101.7	446.7	0.0	0.0	70.0	70.0	0.0	0.0	0.0	50.0	0.0	0.0	.Autoclave.Outputs.PRESSIP\OutputValue	8.0	0.9	17.7	-1.0	0.0	-1.0	-1.0	0.0	0.0	0.0	0.0	-1.0	-1.0	-1.0	0.0	0.0	-1.0	0.0
15:49:12	0.0	77.2	77.2	77.2	76.9	77.6	77.6	77.6	77.8	77.2	-27.7	-27.8	-27.6	-27.6	-0.3	-28.0	-27.6	-27.8	77.8	76.9	1.2	0.1	77.4	77.4	95.5	95.5	94.8	107.8	101.7	446.7	0.0	0.0	70.0	70.0	0.0	0.0	0.0	50.0	0.0	0.0	.Autoclave.Outputs.PRESSIP\OutputValue	8.0	0.9	17.7	-1.0	0.0	-1.0	-1.0	0.0	0.0	0.0	0.0	-1.0	-1.0	-1.0	0.0	0.0	-1.0	0.0
15:49:13	0.1	77.2	77.2	77.2	76.9	77.6	77.6	77.6	77.8	77.2	-27.7	-27.8	-27.6	-27.6	-0.3	-28.0	-27.6	-27.8	77.8	76.9	1.2	0.1	77.4	77.4	95.5	95.5	94.8	107.8	101.7	446.7	0.0	0.0	70.0	70.0	0.0	0.0	0.0	50.0	0.0	0.0	.Autoclave.Outputs.PRESSIP\OutputValue	8.0	0.9	17.7	-1.0	0.0	-1.0	-1.0	0.0	0.0	0.0	0.0	-1.0	-1.0	-1.0	0.0	0.0	-1.0	0.0
15:49:13	0.1	77.2	77.2	77.2	76.9	77.6	77.6	77.6	77.8	77.2	-27.7	-27.8	-27.6	-27.6	-0.3	-28.0	-27.6	-27.8	77.8	76.9	1.2	0.1	77.4	77.4	95.5	95.5	94.8	107.8	101.7	446.7	0.0	0.0	70.0	70.0	0.0	0.0	0.0	50.0	0.0	0.0	.Autoclave.Outputs.PRESSIP\OutputValue	8.0	0.9	17.7	-1.0	0.0	-1.0	-1.0	0.0	0.0	0.0	0.0	-1.0	-1.0	-1.0	0.0	0.0	-1.0	0.0
15:50:13	1.1	78.1	77.9	78.0	77.8	79.1	78.3	78.7	78.7	78.0	-27.7	-27.8	-27.6	-27.6	1.0	-28.0	-27.6	-27.8	79.1	77.8	1.4	0.6	78.3	78.5	96.1	96.1	95.3	99.0	98.9	1.0	1.0	0.0	85.5	82.3	1.5	0.0	0.0	63.0	-1.0	0.0	.Autoclave.Outputs.PRESSIP\OutputValue	8.0	1.3	17.0	-1.0	0.0	-1.0	-1.0	-1.0	0.0	0.0	0.0	-1.0	-1.0	0.0	0.0	0.0	-1.0	0.0
15:51:13	2.0	79.3	78.9	78.9	78.7	79.9	78.9	80.2	79.6	78.9	-27.7	-27.8	-27.7	-27.6	2.4	-27.9	-27.6	-27.8	80.2	78.7	1.4	0.5	79.3	79.4	95.7	95.7	95.0	97.4	98.7	2.0	2.0	0.0	93.6	86.8	3.0	33.2	-0.3	64.1	-1.0	0.0	.Autoclave.Outputs.PRESSIP\OutputValue	8.0	1.5	15.5	-1.0	0.0	-1.0	-1.0	-1.0	0.0	0.0	0.0	-1.0	-1.0	0.0	0.0	0.0	-1.0	0.0
15:52:13	3.1	79.8	79.4	79.5	79.4	81.1	79.4	80.7	80.5	80.0	-27.7	-27.7	-27.5	-27.5	4.1	-28.0	-27.5	-27.7	81.1	79.4	1.1	0.5	80.0	80.3	98.9	99.1	98.3	114.4	98.7	3.0	3.0	0.0	101.5	91.3	4.5	65.4	-0.1	62.6	0.0	30.9	.Autoclave.Outputs.PRESSIP\OutputValue	8.0	1.7	17.8	-1.0	0.0	-1.0	-1.0	-1.0	0.0	0.0	0.0	-1.0	-1.0	0.0	0.0	0.0	-1.0	0.0
15:53:13	4.1	77.4	80.4	80.8	81.1	83.2	80.9	82.7	82.1	81.8	-27.7	-27.7	-27.6	-27.5	5.2	-28.0	-27.5	-27.7	83.2	80.4	2.2	1.2	81.6	81.8	106.2	106.1	105.5	119.1	98.7	4.0	4.0	0.0	108.2	95.8	6.0	63.0	0.1	67.2	0.0	25.9	.Autoclave.Outputs.PRESSIP\OutputValue	8.0	2.8	23.0	-1.0	0.0	-1.0	-1.0	-1.0	0.0	0.0	0.0	-1.0	-1.0	0.0	0.0	0.0	-1.0	0.0
15:54:13	5.0	83.0	81.9	82.2	82.8	85.5	82.4	84.7	83.9	83.7	-27.6	-27.7	-27.5	-27.5	6.6	-28.0	-27.5	-27.7	85.5	81.9	2.2	1.2	83.4	83.7	112.7	112.8	112.0	126.0	98.9	5.0	5.0	0.0	115.2	100.3	7.5	63.8	0.3	67.0	0.0	27.6	.Autoclave.Outputs.PRESSIP\OutputValue	8.0	3.6	27.2	-1.0	0.0	-1.0	-1.0	-1.0	0.0	0.0	0.0	-1.0	-1.0	0.0	0.0	0.0	-1.0	0.0
15:55:13	6.0	84.5	83.5	84.0	85.0	88.0	84.2	87.1	85.9	85.7	-27.6	-27.7	-27.5	-27.5	8.3	-28.0	-27.5	-27.7	88.0	83.5	2.5	1.7	85.4	85.8	119.4	119.4	118.7	132.7	99.0	6.0	6.0	0.0	121.6	104.8	9.0	63.5	0.5	65.3	0.0	26.9	.Autoclave.Outputs.PRESSIP\OutputValue	8.0	4.5	31.4	-1.0	0.0	-1.0	-1.0	-1.0	0.0	0.0	0.0	-1.0	-1.0	0.0	0.0	0.0	-1.0	0.0
15:56:04	6.9	86.7	84.9	85.6	86.9	90.1	85.8	89.0	87.8	87.5	-27.6	-27.7	-27.4	-27.4	10.0	-28.0	-27.4	-27.7	90.1	84.9	2.5	1.6	87.2	87.5	124.2	124.4	123.7	138.9	99.2	6.9	6.8	0.0	126.8	108.6	10.3	66.9	0.7	62.1	0.0	33.8	.Autoclave.Outputs.PRESSIP\OutputValue	8.0	5.2	34.0	-1.0	0.0	-1.0	-1.0	-1.0	0.0	0.0	0.0	-1.0	-1.0	0.0	0.0	0.0	-1.0	0.0
15:56:13	7.1	86.9	85.1	85.9	87.5	90.5	86.2	89.4	88.3	87.9	-27.6	-27.7	-27.5	-27.5	10.1	-28.0	-27.5	-27.7	90.5	85.1	2.6	1.7	87.6	87.8	125.6	125.6	125.1	139.5	99.2	7.0	0.2	0.0	127.9	109.3	10.5	64.7	0.8	62.3	0.0	29.3	.Autoclave.Outputs.PRESSIP\OutputValue	8.0	5.4	35.0	-1.0	0.0	-1.0	-1.0	-1.0	0.0	0.0	0.0	-1.0	-1.0	0.0	0.0	0.0	-1.0	0.0
15:57:13	8.0	88.5	87.1	88.1	89.9	93.6	88.5	92.1	90.8	90.4	-27.4	-27.3	-27.2	-27.1	11.5	-26.7	-27.1	-27.4	93.6	87.1	3.1	1.9	90.1	90.4	131.5	131.5	130.9	145.0	99.2	8.0	1.2	0.0	133.9	113.8	12.0	65.6	1.0	64.5	0.0	31.1	.Autoclave.Outputs.PRESSIP\OutputValue	8.0	6.5	37.8	-1.0	0.0	-1.0	-1.0	-1.0	0.0	0.0	0.0	-1.0	-1.0	0.0	0.0	0.0	-1.0	0.0
15:58:13	9.0	91.0	89.2	90.5	92.7	97.1	91.0	93.8	93.7	93.4	-22.4	-22.1	-22.1	-22.0	12.7	-21.7	-22.0	-22.4	97.1	89.2	3.4	2.1	92.7	93.2	137.0	137.0	136.4	151.0	99.3	9.0	2.2	0.0	139.6	118.3	13.5	66.7	1.2	66.4	0.0	33.4	.Autoclave.Outputs.PRESSIP\OutputValue	8.0	7.9	39.8	-1.0	0.0	-1.0	-1.0	-1.0	0.0	0.0	0.0	-1.0	-1.0	0.0	0.0	0.0	-1.0	0.0
15:59:13	10.1	93.4	91.6	93.2	95.8	100.5	93.7	98.4	96.7	96.6	-16.8	-16.6	-16.5	-16.5	14.4	-16.4	-16.5	-16.8	100.5	91.6	4.1	2.5	95.6	96.1	142.9	142.9	142.1	156.8	99.5	10.0	3.2	0.0	145.2	122.8	15.0	65.7	1.5	63.9	0.0	31.4	.Autoclave.Outputs.PRESSIP\OutputValue	8.0	8.9	42.3	-1.0	0.0	-1.0	-1.0	-1.0	0.0	0.0	0.0	-1.0	-1.0	0.0	0.0	0.0	-1.0	0.0
16:00:13	11.0	96.5	94.1	95.9	99.0	104.2	97.0	101.7	100.0	100.0	-11.6	-11.4	-11.4	-11.3	16.1	-11.4	-11.3	-11.6	104.2	94.1	3.7	2.5	98.7	99.2	148.4	148.4	147.5	161.2	99.6	11.0	4.2	0.0	150.4	127.3	16.5	63.8	1.7	62.1	0.0	27.5	.Autoclave.Outputs.PRESSIP\OutputValue	8.0	10.1	44.1	-1.0	0.0	-1.0	-1.0	-1.0	0.0	0.0	0.0	-1.0	-1.0	0.0	0.0	0.0	-1.0	0.0
16:01:13	12.0	99.4	96.7	98.8	102.3	107.8	100.0	105.4	103.5	103.6	-6.7	-6.6	-6.5	-6.5	17.1	-6.6	-6.5	-6.7	107.8	96.7	3.6	2.7	102.0	102.3	153.2	153.1	152.4	166.5	99.7	12.0	5.2	0.0	155.8	131.8	18.0	68.1	2.0	67.1	0.0	36.1	.Autoclave.Outputs.PRESSIP\OutputValue	8.0	11.1	45.3	-1.0	0.0	-1.0	-1.0	-1.0	0.0	0.0	0.0	-1.0	-1.0	0.0	0.0	0.0	-1.0	0.0
16:02:13	13.1	27.0	99.4	101.7	105.7	111.5	103.5	109.7	107.2	107.1	-2.9	-2.7	-2.7	-2.6	18.7	-2.9	-2.6	-2.9	111.5	99.4	4.0	2.8	105.7	105.5	158.7	158.6	157.9	170.8	99.7	13.0	6.2	0.0	161.0	136.3	19.5	63.9	2.2	65.7	0.0	27.8	.Autoclave.Outputs.PRESSIP\OutputValue	8.0	12.1	47.1	-1.0	0.0	-1.0	-1.0	-1.0	0.0	0.0	0.0	-1.0	-1.0	0.0	0.0	0.0	-1.0	0.0
16:03:13	14.1	106.6	102.3	104.8	109.3	115.8	106.9	113.6	111.0	111.0	-1.2	-1.1	-1.1	-1.0	20.6	-1.3	-1.0	-1.2	115.8	102.3	4.5	2.9	109.3	109.1	163.5	163.7	162.9	178.2	99.9	14.0	7.2	0.0	165.9	140.8	21.0	67.1	2.5	62.1	0.0	34.2	.Autoclave.Outputs.PRESSIP\OutputValue	8.0	13.5	47.6	-1.0	0.0	-1.0	-1.0	-1.0	0.0	0.0	0.0	-1.0	-1.0	0.0	0.0	0.0	-1.0	0.0
16:04:13	15.0	109.9	105.2	108.0	113.1	119.8	110.8	117.9	115.0	115.0	-0.5	-0.4	-0.3	-0.3	22.2	-0.6	-0.3	-0.5	119.8	105.2	4.4	3.0	113.1	112.5	168.2	168.4	167.6	181.6	99.9	15.0	8.2	0.0	170.9	145.3	22.5	67.8	2.7	60.8	0.0	35.6	.Autoclave.Outputs.PRESSIP\OutputValue	8.0	14.6	48.3	-1.0	0.0	-1.0	-1.0	-1.0	0.0	0.0	0.0	-1.0	-1.0	0.0	0.0	0.0	-1.0	0.0
16:05:13	16.1	113.5	108.1	111.5	117.0	124.1	114.6	121.7	119.0	119.4	-0.1	0.0	0.0	0.0	23.2	-0.2	0.0	-0.1	124.1	108.1	4.5	3.1	116.9	116.1	172.7	172.7	172.0	186.1	100.1	16.0	9.2	0.0	175.5	149.8	24.0	69.5	2.9	65.5	0.0	39.0	.Autoclave.Outputs.PRESSIP\OutputValue	8.0	15.9	48.6	-1.0	0.0	-1.0	-1.0	-1.0	0.0	0.0	0.0	-1.0	-1.0	0.0	0.0	0.0	-1.0	0.0
16:06:13	17.1	117.3	111.2	113.7	120.8	128.4	118.4	126.0	123.1	124.0	0.0	0.1	0.1	0.1	25.0	-0.1	0.1	0.0	128.4	111.2	4.5	2.6	120.7	119.8	178.1	178.1	177.3	189.7	100.2	17.0	10.2	0.0	180.2	154.3	25.5	64.9	3.2	62.6	0.0	29.8	.Autoclave.Outputs.PRESSIP\OutputValue	8.0	17.1	49.7	-1.0	0.0	-1.0	-1.0	-1.0	0.0	0.0	0.0	-1.0	-1.0	0.0	0.0	0.0	-1.0	0.0
16:07:13	18.0	116.2	114.7	117.5	125.0	133.1	122.6	130.7	127.5	128.0	0.0	0.1	0.1	0.1	26.1	0.0	0.1	0.0	133.1	114.7	4.6	3.5	124.9	123.9	182.2	182.2	181.5	194.4	100.1	18.0	11.2	0.0	184.7	158.8	27.0	67.8	3.4	67.2	0.0	35.7	.Autoclave.Outputs.PRESSIP\OutputValue	8.0	18.3	49.1	-1.0	0.0	-1.0	-1.0	-1.0	0.0	0.0	0.0	-1.0	-1.0	0.0	0.0	0.0	-1.0	0.0
16:08:13	19.1	125.2	118.2	121.3	129.3	137.7	127.0	135.2	132.0	133.0	0.1	0.1	0.1	0.1	28.1	0.0	0.1	0.1	137.7	118.2	4.8	3.8	129.2	127.9	187.6	187.6	186.9	199.7	100.2	19.0	12.2	0.0	189.1	163.3	28.5	62.1	3.7	62.3	0.0	24.3	.Autoclave.Outputs.PRESSIP\OutputValue	8.0	19.4	49.9	-1.0	0.0	-1.0	-1.0	-1.0	0.0	0.0	0.0	-1.0	-1.0	0.0	0.0	0.0	-1.0	0.0
16:09:13	20.1	122.9	122.1	125.1	133.5	142.0	131.4	140.0	136.5	137.5	0.1	0.1	0.1	0.1	29.1	0.0	0.1	0.1	142.0	122.1	5.5	3.8	133.5	132.0	190.9	190.9	190.3	204.8	100.1	20.0	13.2	0.0	193.4	167.8	30.0	69.7	3.9	66.4	0.0	39.4	.Autoclave.Outputs.PRESSIP\OutputValue	8.0	19.8	48.9	-1.0	0.0	-1.0	-1.0	-1.0	0.0	0.0	0.0	-1.0	-1.0	0.0	0.0	0.0	-1.0	0.0
16:10:13	21.0	111.9	125.7	129.9	138.0	147.0	135.8	144.8	141.2	142.6	0.1	0.1	0.2	0.2	31.0	0.0	0.2	0.1	147.0	125.7	5.1	3.7	138.1	136.3	195.9	195.8	195.3	207.4	100.3	21.0	14.2	0.0	197.8	172.3	31.5	62.5	4.1	63.1	0.0	25.0	.Autoclave.Outputs.PRESSIP\OutputValue	8.0	21.2	48.9	-1.0	0.0	-1.0	-1.0	-1.0	0.0	0.0	0.0	-1.0	-1.0	0.0	0.0	0.0	-1.0	0.0
16:11:13	22.0	138.2	130.0	133.0	142.5	151.6	140.7	149.7	146.0	147.6	0.1	0.1	0.1	0.1	32.1	0.0	0.1	0.1	151.6	130.0	5.4	3.2	142.6	140.8	199.5	199.5	198.8	212.4	100.4	22.0	15.2	0.0	201.6	176.8	33.0	68.6	4.3	67.1	0.0	37.2	.Autoclave.Outputs.PRESSIP\OutputValue	8.0	21.5	47.9	-1.0	0.0	-1.0	-1.0	-1.0	0.0	0.0	0.0	-1.0	-1.0	0.0	0.0	0.0	-1.0	0.0
16:12:13	23.1	141.5	134.0	136.9	147.1	156.5	145.3	154.8	150.9	152.7	0.1	0.1	0.1	0.1	33.8	0.0	0.1	0.1	156.5	134.0	5.2	4.1	147.3	145.2	203.3	203.3	202.6	215.7	100.2	23.0	16.2	0.0	206.1	181.3	34.5	68.7	4.6	64.6	0.0	37.4	.Autoclave.Outputs.PRESSIP\OutputValue	8.0	22.4	46.8	-1.0	0.0	-1.0	-1.0	-1.0	0.0	0.0	0.0	-1.0	-1.0	0.0	0.0	0.0	-1.0	0.0
16:13:13	24.0	147.2	138.2	141.4	151.8	161.4	150.0	159.7	155.7	157.7	0.1	0.1	0.1	0.1	35.4	0.0	0.1	0.1	161.4	138.2	5.2	4.1	152.0	149.8	207.9	207.9	207.2	219.2	100.6	24.0	17.2	0.0	210.2	185.8	36.0	69.1	4.8	63.5	0.0	38.3	.Autoclave.Outputs.PRESSIP\OutputValue	8.0	23.1	46.5	-1.0	0.0	-1.0	-1.0	-1.0	0.0	0.0	0.0	-1.0	-1.0	0.0	0.0	0.0	-1.0	0.0
16:14:13	25.0	152.0	143.1	145.9	156.4	166.3	154.7	164.8	160.6	162.7	0.1	0.1	0.1	0.2	37.1	0.0	0.2	0.1	166.3	143.1	5.4	4.5	156.8	154.7	212.4	212.4	211.8	224.5	100.6	25.0	18.2	0.0	214.5	190.3	37.5	66.0	5.0	61.7	0.0	32.0	.Autoclave.Outputs.PRESSIP\OutputValue	8.0	23.1	46.1	-1.0	0.0	-1.0	-1.0	-1.0	0.0	0.0	0.0	-1.0	-1.0	0.0	0.0	0.0	-1.0	0.0
16:15:13	26.1	153.8	146.9	150.2	161.2	171.6	159.3	169.6	165.3	168.0	0.1	0.1	0.1	0.2	38.0	0.0	0.2	0.1	171.6	146.9	5.4	4.5	161.5	159.3	216.2	216.2	215.5	227.2	100.6	26.0	19.2	0.0	218.3	194.8	39.0	68.7	5.2	67.6	0.0	37.4	.Autoclave.Outputs.PRESSIP\OutputValue	8.0	24.6	44.6	-1.0	0.0	-1.0	-1.0	-1.0	0.0	0.0	0.0	-1.0	-1.0	0.0	0.0	0.0	-1.0	0.0
16:16:13	27.1	161.4	151.4	154.6	165.8	176.1	164.0	174.6	170.3	172.8	0.1	0.1	0.1	0.1	39.7	0.0	0.1	0.1	176.1	151.4	5.2	4.4	166.2	163.8	220.6	220.6	219.9	232.6	100.7	27.0	20.2	0.0	222.4	199.3	40.5	66.4	5.5	65.7	0.0	32.9	.Autoclave.Outputs.PRESSIP\OutputValue	8.0	24.6	44.5	-1.0	0.0	-1.0	-1.0	-1.0	0.0	0.0	0.0	-1.0	-1.0	0.0	0.0	0.0	-1.0	0.0
16:17:13	28.0	164.4	156.2	158.4	170.6	181.0	168.7	179.2	175.1	177.9	0.1	0.1	0.1	0.1	41.3	0.0	0.1	0.1	181.0	156.2	5.3	4.3	170.9	168.6	224.9	225.0	224.2	235.8	100.8	28.0	21.2	0.0	226.6	203.8	42.0	64.6	5.7	64.7	0.0	29.1	.Autoclave.Outputs.PRESSIP\OutputValue	8.0	24.7	43.9	-1.0	0.0	-1.0	-1.0	-1.0	0.0	0.0	0.0	-1.0	-1.0	0.0	0.0	0.0	-1.0	0.0
16:17:34	28.4	167.9	157.6	160.0	172.1	182.8	170.4	181.1	176.7	179.4	0.0	0.1	0.1	0.2	42.1	0.0	0.2	0.0	182.8	157.6	5.2	3.7	172.5	170.2	225.6	225.7	225.0	237.4	100.8	28.4	21.5	0.0	227.9	205.3	42.5	68.5	5.8	63.6	0.0	37.0	.Autoclave.Outputs.PRESSIP\OutputValue	8.0	25.1	42.9	-1.0	0.0	-1.0	-1.0	-1.0	0.0	0.0	0.0	-1.0	-1.0	0.0	0.0	0.0	-1.0	0.0
16:18:13	29.1	171.1	160.9	163.2	175.4	186.1	173.7	184.0	179.8	183.0	0.1	0.1	0.1	0.1	42.5	0.0	0.1	0.1	186.1	160.9	5.6	4.6	175.8	173.5	228.2	228.1	227.4	240.6	100.8	29.0	0.7	0.0	230.5	208.3	43.5	67.4	5.9	67.8	0.0	34.9	.Autoclave.Outputs.PRESSIP\OutputValue	8.0	25.1	42.1	-1.0	0.0	-1.0	-1.0	-1.0	0.0	0.0	0.0	-1.0	-1.0	0.0	0.0	0.0	-1.0	0.0
16:19:13	30.1	176.8	165.8	169.1	180.2	191.3	178.4	189.3	184.8	188.1	0.1	0.1	0.2	0.1	43.5	0.0	0.2	0.1	191.3	165.8	5.7	4.8	180.9	178.6	232.4	232.4	231.7	245.0	100.7	30.0	1.7	0.0	234.6	212.8	44.0	68.2	6.1	62.5	0.0	36.3	.Autoclave.Outputs.PRESSIP\OutputValue	8.0	25.5	41.1	-1.0	0.0	-1.0	-1.0	-1.0	0.0	0.0	0.0	-1.0	-1.0	0.0	0.0	0.0	-1.0	0.0
16:20:13	31.0	180.5	171.5	173.2	185.4	196.1	183.2	194.3	189.8	192.5	0.1	0.1	0.1	0.1	43.9	0.0	0.1	0.1	196.1	171.5	5.3	4.4	185.7	183.8	236.2	236.1	235.4	248.3	100.9	31.0	2.7	0.0	238.8	217.3	44.0	70.3	6.3	59.7	0.0	40.6	.Autoclave.Outputs.PRESSIP\OutputValue	8.0	24.6	40.1	-1.0	0.0	-1.0	-1.0	-1.0	0.0	0.0	0.0	-1.0	-1.0	0.0	0.0	0.0	-1.0	0.0
16:21:13	32.1	185.5	176.0	177.8	190.4	201.2	188.2	199.2	194.5	196.9	0.1	0.1	0.1	0.1	44.2	0.0	0.1	0.1	201.2	176.0	5.8	4.6	190.5	188.6	240.8	240.7	239.9	252.6	100.8	32.0	3.7	0.0	242.2	221.8	44.0	65.8	6.6	56.6	0.0	31.5	.Autoclave.Outputs.PRESSIP\OutputValue	7.9	25.2	39.6	-1.0	0.0	-1.0	-1.0	-1.0	0.0	0.0	0.0	-1.0	-1.0	0.0	0.0	0.0	-1.0	0.0
16:22:13	33.1	192.1	181.1	182.4	195.1	205.9	192.8	204.0	199.3	202.0	0.0	0.1	0.1	0.1	44.4	0.0	0.1	0.0	205.9	181.1	5.4	4.7	195.3	193.5	244.7	244.7	243.9	256.2	100.8	33.0	4.7	0.0	246.6	226.3	44.0	68.0	6.8	53.2	0.0	36.0	.Autoclave.Outputs.PRESSIP\OutputValue	7.4	24.8	38.8	-1.0	0.0	-1.0	-1.0	-1.0	0.0	0.0	0.0	-1.0	-1.0	0.0	0.0	0.0	-1.0	0.0
16:23:13	34.0	197.1	186.3	187.1	200.0	211.1	197.4	208.9	204.1	206.9	0.0	0.1	0.1	0.1	44.8	0.0	0.1	0.0	211.1	186.3	5.6	4.6	200.2	198.7	248.6	248.6	247.9	261.5	100.9	34.0	5.7	0.0	250.9	230.8	44.0	67.0	7.0	48.2	0.0	33.9	.Autoclave.Outputs.PRESSIP\OutputValue	6.1	24.8	37.5	-1.0	0.0	-1.0	-1.0	-1.0	0.0	0.0	0.0	-1.0	-1.0	0.0	0.0	0.0	-1.0	0.0
16:24:13	35.1	201.9	192.0	191.4	204.9	215.3	202.2	213.5	208.8	211.5	0.0	0.1	0.1	0.1	44.2	0.0	0.1	0.0	215.3	191.4	5.2	4.6	204.9	203.3	251.9	251.9	251.2	265.7	100.7	35.0	6.7	0.0	255.1	235.3	44.0	75.8	7.2	52.5	0.0	51.6	.Autoclave.Outputs.PRESSIP\OutputValue	4.6	23.9	36.6	-1.0	0.0	-1.0	-1.0	-1.0	0.0	0.0	0.0	-1.0	-1.0	0.0	0.0	0.0	-1.0	0.0
16:25:13	36.1	206.4	197.4	195.8	209.7	220.3	206.9	218.0	213.4	215.8	0.0	0.1	0.2	0.1	44.5	0.0	0.2	0.0	220.3	195.8	5.5	4.3	209.7	208.0	257.1	257.1	256.4	270.3	100.7	36.0	7.7	0.0	259.3	239.8	44.0	69.3	7.4	48.6	0.0	38.7	.Autoclave.Outputs.PRESSIP\OutputValue	3.9	24.5	36.8	-1.0	0.0	-1.0	-1.0	-1.0	0.0	0.0	0.0	-1.0	-1.0	0.0	0.0	0.0	-1.0	0.0
16:26:13	37.0	210.8	202.9	200.2	214.3	225.0	211.5	222.6	218.1	220.3	0.1	0.1	0.2	0.2	44.8	0.0	0.2	0.1	225.0	200.2	5.4	4.6	214.4	212.6	261.6	261.6	260.8	274.8	100.9	37.0	8.7	0.0	263.6	244.3	44.0	69.4	7.6	44.1	0.0	38.8	.Autoclave.Outputs.PRESSIP\OutputValue	2.6	24.9	36.6	-1.0	0.0	-1.0	-1.0	-1.0	0.0	0.0	0.0	-1.0	-1.0	0.0	0.0	0.0	-1.0	0.0
16:27:13	38.0	215.7	208.0	204.8	219.1	229.3	216.1	227.0	222.7	225.1	0.1	0.1	0.1	0.1	43.9	0.0	0.1	0.1	229.3	204.8	5.3	4.3	219.0	217.0	265.0	265.0	264.3	278.9	100.6	38.0	9.7	0.0	267.8	248.8	44.0	78.3	7.9	52.3	0.0	56.7	.Autoclave.Outputs.PRESSIP\OutputValue	1.2	24.6	35.7	-1.0	0.0	-1.0	-1.0	-1.0	0.0	0.0	0.0	-1.0	-1.0	0.0	0.0	0.0	-1.0	0.0
16:28:13	39.1	220.7	213.4	209.6	224.1	234.4	220.7	231.6	227.2	230.2	0.1	0.1	0.2	0.1	44.2	0.0	0.2	0.1	234.4	209.6	5.9	4.6	223.9	222.0	269.6	269.6	269.0	283.2	100.8	39.0	10.7	0.0	271.9	253.3	44.0	71.0	8.1	49.4	0.0	42.1	.Autoclave.Outputs.PRESSIP\OutputValue	1.1	24.9	35.2	-1.0	0.0	-1.0	-1.0	-1.0	0.0	0.0	0.0	-1.0	-1.0	0.0	0.0	0.0	-1.0	0.0
16:29:13	40.0	225.3	219.8	213.9	228.9	239.3	225.1	236.1	231.9	234.6	0.1	0.2	0.2	0.1	44.5	0.0	0.2	0.1	239.3	213.9	6.4	4.4	228.7	226.6	274.3	274.3	273.5	287.8	100.7	40.0	11.7	0.0	276.7	257.8	44.0	72.6	8.3	45.4	0.0	45.1	.Autoclave.Outputs.PRESSIP\OutputValue	0.5	25.5	35.0	-1.0	0.0	-1.0	-1.0	-1.0	0.0	0.0	0.0	-1.0	-1.0	0.0	0.0	0.0	-1.0	0.0
16:30:13	41.0	230.1	225.3	218.5	233.7	243.7	229.7	240.7	236.5	239.0	0.1	0.1	0.2	0.1	44.8	0.0	0.2	0.1	243.7	218.5	5.7	4.3	233.4	231.1	278.6	278.6	277.9	292.1	100.9	41.0	12.7	0.0	280.9	262.3	44.0	68.3	8.5	41.5	0.0	36.6	.Autoclave.Outputs.PRESSIP\OutputValue	-0.8	25.2	34.9	-1.0	0.0	-1.0	-1.0	-1.0	0.0	0.0	0.0	-1.0	-1.0	0.0	0.0	0.0	-1.0	0.0
16:31:13	42.1	235.0	230.3	222.9	238.5	248.3	234.4	245.0	241.0	243.5	0.0	0.1	0.2	0.1	43.9	0.0	0.2	0.0	248.3	222.9	5.2	4.5	238.0	235.6	283.3	283.3	282.6	298.1	100.7	42.0	13.7	0.0	285.3	266.8	44.0	70.3	8.8	49.8	0.0	40.6	.Autoclave.Outputs.PRESSIP\OutputValue	-1.7	25.4	35.0	-1.0	0.0	-1.0	-1.0	-1.0	0.0	0.0	0.0	-1.0	-1.0	0.0	0.0	0.0	-1.0	0.0
16:32:13	43.1	239.5	235.0	227.3	242.8	253.0	238.9	248.8	245.5	247.8	0.1	0.1	0.2	0.1	44.1	0.0	0.2	0.1	253.0	227.3	4.9	4.4	242.4	240.2	287.5	287.6	286.8	301.8	100.7	43.0	14.7	0.0	289.8	271.3	44.0	73.3	8.9	47.4	0.0	46.6	.Autoclave.Outputs.PRESSIP\OutputValue	-1.5	25.7	34.5	-1.0	0.0	-1.0	-1.0	-1.0	0.0	0.0	0.0	-1.0	-1.0	0.0	0.0	0.0	-1.0	0.0
16:33:13	44.0	243.9	240.0	231.5	247.5	257.4	243.6	253.8	250.0	252.6	0.1	0.1	0.2	0.1	44.4	0.0	0.2	0.1	257.4	231.5	5.1	4.0	247.1	244.5	292.0	292.0	291.3	306.3	100.9	44.0	15.7	0.0	294.2	275.8	44.0	71.3	9.2	44.1	0.0	42.7	.Autoclave.Outputs.PRESSIP\OutputValue	-2.0	25.9	34.6	-1.0	0.0	-1.0	-1.0	-1.0	0.0	0.0	0.0	-1.0	-1.0	0.0	0.0	0.0	-1.0	0.0
16:34:13	45.1	248.6	245.1	236.1	252.4	261.9	248.4	258.5	254.5	257.3	0.1	0.1	0.1	0.2	44.7	0.0	0.2	0.1	261.9	236.1	5.3	4.5	251.8	249.0	296.6	296.6	295.8	311.2	100.8	45.0	16.7	0.0	298.3	280.3	44.0	68.2	9.4	39.7	0.0	36.4	.Autoclave.Outputs.PRESSIP\OutputValue	-3.1	25.8	34.7	-1.0	0.0	-1.0	-1.0	-1.0	0.0	0.0	0.0	-1.0	-1.0	0.0	0.0	0.0	-1.0	0.0
16:35:13	46.1	253.1	249.8	240.8	257.1	266.7	253.0	262.8	259.1	262.0	0.1	0.2	0.2	0.2	45.0	-0.1	0.2	0.1	266.7	240.8	4.9	4.4	256.4	253.8	300.7	300.6	300.0	315.3	100.8	46.0	17.7	0.0	302.9	284.8	44.0	72.6	9.6	35.0	0.0	45.1	.Autoclave.Outputs.PRESSIP\OutputValue	-4.8	25.9	34.0	-1.0	0.0	-1.0	-1.0	-1.0	0.0	0.0	0.0	-1.0	-1.0	-1.0	0.0	0.0	-1.0	0.0
16:36:13	47.0	257.2	254.6	245.1	261.7	271.2	257.7	267.3	263.5	266.3	0.1	0.2	0.2	0.1	44.3	0.0	0.2	0.1	271.2	245.1	5.0	4.4	260.9	258.2	305.4	305.5	304.9	318.9	100.7	47.0	18.7	0.0	307.3	289.3	44.0	71.4	9.8	41.5	0.0	42.8	.Autoclave.Outputs.PRESSIP\OutputValue	-5.3	26.1	34.2	-1.0	0.0	-1.0	-1.0	-1.0	0.0	0.0	0.0	-1.0	-1.0	0.0	0.0	0.0	-1.0	0.0
16:37:13	48.1	262.3	259.4	249.9	266.0	275.6	262.2	271.6	268.1	270.8	0.1	0.2	0.2	0.2	44.7	0.0	0.2	0.1	275.6	249.9	5.0	4.0	265.5	262.8	310.1	310.1	309.3	324.6	100.8	48.0	19.7	0.0	311.8	293.8	44.0	69.5	10.0	37.2	0.0	39.0	.Autoclave.Outputs.PRESSIP\OutputValue	-6.0	25.7	34.4	-1.0	0.0	-1.0	-1.0	-1.0	0.0	0.0	0.0	-1.0	-1.0	0.0	0.0	0.0	-1.0	0.0
16:38:13	49.1	267.0	264.2	254.4	270.9	280.5	266.9	274.1	272.7	275.9	0.1	0.2	0.2	0.2	45.0	0.0	0.2	0.1	280.5	254.4	5.3	4.5	270.0	267.5	314.5	314.5	313.9	328.5	100.8	49.0	20.7	0.0	316.2	298.3	44.0	69.7	10.2	34.4	0.0	39.4	.Autoclave.Outputs.PRESSIP\OutputValue	-6.0	26.1	33.9	-1.0	0.0	-1.0	-1.0	-1.0	0.0	0.0	0.0	-1.0	-1.0	0.0	0.0	0.0	-1.0	0.0
16:39:13	50.0	272.3	268.9	258.8	275.4	284.8	271.6	280.4	277.1	280.6	0.1	0.2	0.2	0.2	44.0	0.0	0.2	0.1	284.8	258.8	4.9	4.3	274.7	271.8	318.8	319.0	318.2	333.8	100.7	50.0	21.7	0.0	320.7	302.8	44.0	71.2	10.5	44.0	0.0	42.5	.Autoclave.Outputs.PRESSIP\OutputValue	-5.8	26.0	33.9	-1.0	0.0	-1.0	-1.0	-1.0	0.0	0.0	0.0	-1.0	-1.0	0.0	0.0	0.0	-1.0	0.0
16:40:13	51.0	276.7	273.6	263.3	280.1	289.2	276.1	283.6	281.6	284.8	0.1	0.1	0.2	0.2	44.3	0.0	0.2	0.1	289.2	263.3	4.9	4.4	279.0	276.3	323.1	323.1	322.3	338.4	100.9	51.0	22.7	0.0	325.3	307.3	44.0	75.2	10.7	41.0	0.0	50.4	.Autoclave.Outputs.PRESSIP\OutputValue	-6.0	25.9	33.8	-1.0	0.0	-1.0	-1.0	-1.0	0.0	0.0	0.0	-1.0	-1.0	0.0	0.0	0.0	-1.0	0.0
16:41:13	52.1	281.1	277.9	267.7	284.8	293.9	280.8	289.4	286.1	289.4	0.1	0.2	0.2	0.2	44.6	0.0	0.2	0.1	293.9	267.7	4.7	4.5	283.8	280.8	327.4	327.4	326.5	342.1	100.8	52.0	23.7	0.0	329.6	311.8	44.0	73.0	10.8	38.5	0.0	45.9	.Autoclave.Outputs.PRESSIP\OutputValue	-6.0	26.2	33.4	-1.0	0.0	-1.0	-1.0	-1.0	0.0	0.0	0.0	-1.0	-1.0	0.0	0.0	0.0	-1.0	0.0
16:42:13	53.0	286.2	282.7	272.5	289.5	298.6	285.5	293.7	290.6	294.2	0.1	0.2	0.2	0.2	44.9	0.0	0.2	0.1	298.6	272.5	5.0	4.6	288.4	285.6	331.9	331.9	331.1	347.4	100.8	53.0	24.7	0.0	333.9	316.3	44.0	74.2	11.1	35.1	0.0	48.5	.Autoclave.Outputs.PRESSIP\OutputValue	-6.0	26.1	33.2	-1.0	0.0	-1.0	-1.0	-1.0	0.0	0.0	0.0	-1.0	-1.0	0.0	0.0	0.0	-1.0	0.0
16:43:13	54.0	291.1	287.5	276.8	294.2	303.0	290.1	297.7	295.3	298.8	0.1	0.2	0.2	0.2	44.3	0.0	0.2	0.1	303.0	276.8	4.8	4.3	292.9	289.9	336.5	336.5	335.9	352.7	100.7	54.0	25.7	0.0	338.6	320.8	44.0	73.1	11.3	41.4	0.0	46.2	.Autoclave.Outputs.PRESSIP\OutputValue	-6.0	26.2	33.4	-1.0	0.0	-1.0	-1.0	-1.0	0.0	0.0	0.0	-1.0	-1.0	0.0	0.0	0.0	-1.0	0.0
16:44:13	55.1	295.9	292.4	281.6	298.8	307.9	294.8	302.6	299.9	303.6	0.1	0.2	0.2	0.2	44.5	0.0	0.2	0.1	307.9	281.6	5.1	4.6	297.7	294.7	341.1	341.1	340.4	356.3	100.7	55.0	26.7	0.0	342.6	325.3	44.0	69.4	11.5	39.1	0.0	38.8	.Autoclave.Outputs.PRESSIP\OutputValue	-6.0	26.2	33.2	-1.0	0.0	-1.0	-1.0	-1.0	0.0	0.0	0.0	-1.0	-1.0	0.0	0.0	0.0	-1.0	0.0
16:45:13	56.0	300.3	296.7	286.6	303.5	312.2	299.3	307.2	304.3	308.1	0.2	0.2	0.2	0.2	44.8	0.0	0.2	0.2	312.2	286.6	5.0	4.5	302.2	299.4	345.5	345.5	344.7	360.7	100.9	56.0	27.7	0.0	347.0	329.8	44.0	75.7	11.7	36.1	0.0	51.4	.Autoclave.Outputs.PRESSIP\OutputValue	-6.0	25.5	33.3	-1.0	0.0	-1.0	-1.0	-1.0	0.0	0.0	0.0	-1.0	-1.0	0.0	0.0	0.0	-1.0	0.0
16:46:13	57.0	305.0	301.3	291.3	308.0	316.5	303.9	311.6	308.9	312.2	0.2	0.2	0.2	0.2	43.9	0.0	0.2	0.2	316.5	291.3	4.8	3.8	306.7	303.9	348.8	348.9	348.2	367.0	100.7	57.0	28.7	0.0	351.9	334.3	44.0	76.4	11.9	45.8	0.0	52.8	.Autoclave.Outputs.PRESSIP\OutputValue	-5.9	25.1	32.3	-1.0	0.0	-1.0	-1.0	-1.0	0.0	0.0	0.0	-1.0	-1.0	0.0	0.0	0.0	-1.0	0.0
16:47:13	58.1	309.6	305.9	295.8	312.6	320.5	308.6	315.6	313.3	317.0	0.1	0.2	0.2	0.2	44.0	0.0	0.2	0.1	320.5	295.8	5.2	4.5	311.2	308.1	354.8	354.9	354.1	369.0	100.9	58.0	29.7	0.0	356.6	338.8	44.0	70.3	12.1	43.9	0.0	40.6	.Autoclave.Outputs.PRESSIP\OutputValue	-5.7	24.6	34.3	-1.0	0.0	-1.0	-1.0	-1.0	0.0	0.0	0.0	-1.0	-1.0	0.0	0.0	0.0	-1.0	0.0
16:48:13	59.1	314.3	310.4	300.7	317.0	325.7	313.1	318.1	317.7	321.5	0.2	0.3	0.3	0.3	44.4	0.0	0.3	0.2	325.7	300.7	5.0	4.5	315.5	313.2	359.1	359.1	358.3	373.7	100.7	59.0	30.7	0.0	360.8	343.3	44.0	72.1	12.3	40.4	0.0	44.2	.Autoclave.Outputs.PRESSIP\OutputValue	-6.0	24.9	33.4	-1.0	0.0	-1.0	-1.0	-1.0	0.0	0.0	0.0	-1.0	-1.0	0.0	0.0	0.0	-1.0	0.0
16:49:13	60.0	318.8	315.0	305.2	321.6	330.0	317.7	324.7	322.1	326.1	0.2	0.3	0.3	0.3	44.6	0.0	0.3	0.2	330.0	305.2	4.7	4.2	320.3	317.6	363.1	363.1	362.4	378.4	100.9	60.0	31.7	0.0	365.5	347.8	44.0	76.2	12.5	38.2	0.0	52.4	.Autoclave.Outputs.PRESSIP\OutputValue	-6.0	24.7	33.1	-1.0	0.0	-1.0	-1.0	-1.0	0.0	0.0	0.0	-1.0	-1.0	0.0	0.0	0.0	-1.0	0.0
16:50:13	61.1	323.7	319.8	310.0	326.2	335.0	322.2	329.1	326.7	330.7	0.2	0.3	0.3	0.3	44.9	0.0	0.3	0.2	335.0	310.0	5.1	4.6	325.0	322.5	368.0	368.0	367.3	382.6	100.9	61.0	32.7	0.0	369.6	352.3	44.0	71.0	12.7	35.0	0.0	42.1	.Autoclave.Outputs.PRESSIP\OutputValue	-6.0	24.9	33.0	-1.0	0.0	-1.0	-1.0	-1.0	0.0	0.0	0.0	-1.0	-1.0	0.0	0.0	0.0	-1.0	0.0
16:51:13	62.1	328.3	324.3	314.5	330.7	339.3	326.7	333.4	331.1	335.3	0.2	0.3	0.3	0.3	43.5	0.0	0.3	0.2	339.3	314.5	4.7	4.2	329.4	326.9	371.9	372.0	371.2	383.6	100.8	62.0	33.7	0.0	370.8	355.0	44.0	53.8	12.8	48.8	-1.0	7.7	.Autoclave.Outputs.PRESSIP\OutputValue	-5.5	24.7	32.6	-1.0	0.0	-1.0	-1.0	-1.0	0.0	0.0	0.0	-1.0	-1.0	0.0	0.0	0.0	-1.0	0.0
16:52:13	63.0	327.4	324.1	316.4	332.5	338.9	329.7	335.8	333.3	336.0	0.2	0.3	0.3	0.3	44.3	0.0	0.3	0.2	338.9	316.4	3.3	0.5	330.8	327.6	360.3	360.3	359.5	369.9	101.1	63.0	34.7	0.0	371.7	355.0	44.0	100.0	0.0	42.1	0.0	100.0	.Autoclave.Outputs.PRESSIP\OutputValue	-5.1	22.4	21.4	-1.0	0.0	-1.0	-1.0	-1.0	0.0	0.0	0.0	-1.0	-1.0	0.0	0.0	0.0	-1.0	0.0
16:53:13	64.1	331.4	328.2	319.9	335.5	342.7	333.1	338.9	336.4	339.2	0.2	0.3	0.3	0.3	44.5	0.0	0.3	0.2	342.7	319.9	3.8	2.7	334.2	331.3	366.1	366.2	365.3	374.6	100.9	64.0	35.7	0.0	367.4	355.0	44.0	60.6	0.2	38.9	0.0	21.1	.Autoclave.Outputs.PRESSIP\OutputValue	-6.0	22.7	23.4	-1.0	0.0	-1.0	-1.0	-1.0	0.0	0.0	0.0	-1.0	-1.0	0.0	0.0	0.0	-1.0	0.0
16:54:13	65.1	333.3	330.3	322.8	338.1	344.5	335.9	341.4	339.2	341.4	0.2	0.3	0.3	0.3	44.4	0.0	0.3	0.2	344.5	322.8	3.1	1.8	336.7	333.6	364.4	364.4	363.6	372.2	101.0	65.0	36.7	0.0	365.7	355.0	44.0	58.0	0.4	39.7	0.0	16.1	.Autoclave.Outputs.PRESSIP\OutputValue	-6.0	21.6	19.9	-1.0	0.0	-1.0	-1.0	-1.0	0.0	0.0	0.0	-1.0	-1.0	0.0	0.0	0.0	-1.0	0.0
16:55:13	66.0	335.2	332.3	325.3	340.2	345.7	338.6	343.5	341.3	343.3	0.2	0.3	0.3	0.4	44.4	0.0	0.4	0.2	345.7	325.3	2.8	1.9	338.8	335.5	363.0	363.0	362.3	370.7	101.0	66.0	37.7	0.0	364.3	355.0	44.0	56.9	0.5	40.0	0.0	13.7	.Autoclave.Outputs.PRESSIP\OutputValue	-6.0	20.4	17.3	-1.0	0.0	-1.0	-1.0	-1.0	0.0	0.0	0.0	-1.0	-1.0	0.0	0.0	0.0	-1.0	0.0
16:56:13	67.0	336.8	334.0	327.5	342.0	347.0	340.8	345.2	343.2	344.8	0.2	0.3	0.3	0.4	44.4	0.0	0.4	0.2	347.0	327.5	2.2	1.4	340.6	337.2	361.9	361.9	361.1	369.2	101.0	67.0	38.7	0.0	363.0	355.0	44.0	56.3	0.6	40.2	0.0	12.6	.Autoclave.Outputs.PRESSIP\OutputValue	-6.0	19.5	14.9	-1.0	0.0	-1.0	-1.0	-1.0	0.0	0.0	0.0	-1.0	-1.0	0.0	0.0	0.0	-1.0	0.0
16:57:13	68.1	338.1	335.6	329.7	343.5	348.2	342.8	347.0	344.8	346.2	0.2	0.3	0.3	0.4	44.3	0.0	0.4	0.2	348.2	329.7	2.4	-0.1	342.2	338.9	360.8	360.9	360.1	367.6	100.9	68.0	39.7	0.0	361.6	355.0	44.0	57.1	0.8	40.6	0.0	14.2	.Autoclave.Outputs.PRESSIP\OutputValue	-6.0	18.5	12.6	-1.0	0.0	-1.0	-1.0	-1.0	0.0	0.0	0.0	-1.0	-1.0	0.0	0.0	0.0	-1.0	0.0
16:58:13	69.0	339.3	336.9	331.6	344.9	349.1	344.4	348.2	346.1	347.4	0.1	0.3	0.3	0.5	44.3	0.0	0.5	0.1	349.1	331.6	2.0	1.1	343.6	340.3	360.0	360.1	359.3	366.8	101.1	69.0	40.7	0.0	360.5	355.0	44.0	55.9	0.9	41.0	0.0	11.7	.Autoclave.Outputs.PRESSIP\OutputValue	-6.0	17.5	10.9	-1.0	0.0	-1.0	-1.0	-1.0	0.0	0.0	0.0	-1.0	-1.0	0.0	0.0	0.0	-1.0	0.0
16:59:13	70.0	340.6	338.3	333.4	346.1	349.8	345.9	349.3	347.5	348.4	0.2	0.3	0.3	0.5	44.3	0.0	0.5	0.2	349.8	333.4	1.8	0.3	344.8	341.6	359.4	359.4	358.6	365.6	101.1	70.0	41.7	0.0	360.3	355.0	44.0	56.0	1.0	41.2	0.0	11.9	.Autoclave.Outputs.PRESSIP\OutputValue	-6.0	16.4	9.6	-1.0	0.0	-1.0	-1.0	-1.0	0.0	0.0	0.0	-1.0	-1.0	0.0	0.0	0.0	-1.0	0.0
17:00:13	71.1	341.7	339.6	334.8	347.1	350.3	347.2	350.2	348.4	349.2	0.2	0.3	0.3	0.6	44.3	0.0	0.6	0.2	350.3	334.8	1.7	0.5	345.8	342.5	358.7	358.6	357.8	365.2	100.9	71.0	42.7	0.0	359.8	355.0	44.0	55.8	1.1	41.2	0.0	11.6	.Autoclave.Outputs.PRESSIP\OutputValue	-6.0	15.5	8.4	-1.0	0.0	-1.0	-1.0	-1.0	0.0	0.0	0.0	-1.0	-1.0	0.0	0.0	0.0	-1.0	0.0
17:01:13	72.1	342.7	340.9	336.3	348.0	351.2	348.3	351.1	349.3	350.0	0.2	0.3	0.3	0.7	44.2	0.0	0.7	0.2	351.2	336.3	1.5	0.7	346.9	343.7	358.1	358.0	357.2	364.3	101.1	72.0	43.7	0.0	358.8	355.0	44.0	55.2	1.1	41.4	0.0	10.4	.Autoclave.Outputs.PRESSIP\OutputValue	-6.0	14.9	6.9	-1.0	0.0	-1.0	-1.0	-1.0	0.0	0.0	0.0	-1.0	-1.0	0.0	0.0	0.0	-1.0	0.0
17:02:13	73.0	343.5	341.8	337.6	348.8	351.3	349.3	351.7	350.1	350.6	0.2	0.3	0.3	0.7	44.3	0.0	0.7	0.2	351.7	337.6	1.5	-1.3	347.6	344.7	357.5	357.5	356.7	363.6	101.1	73.0	44.7	0.0	358.4	355.0	44.0	55.3	1.2	41.4	0.0	10.6	.Autoclave.Outputs.PRESSIP\OutputValue	-6.0	14.1	5.8	-1.0	0.0	-1.0	-1.0	-1.0	0.0	0.0	0.0	-1.0	-1.0	0.0	0.0	0.0	-1.0	0.0
17:03:13	74.1	344.2	342.7	338.7	349.5	351.8	350.0	352.2	350.7	351.0	0.2	0.3	0.3	0.7	44.2	0.0	0.7	0.2	352.2	338.7	2.4	0.5	348.3	345.5	357.0	357.0	356.2	363.2	101.1	74.0	45.7	0.0	358.0	355.0	44.0	54.7	1.3	41.7	0.0	9.4	.Autoclave.Outputs.PRESSIP\OutputValue	-6.0	13.5	4.8	-1.0	0.0	-1.0	-1.0	-1.0	0.0	0.0	0.0	-1.0	-1.0	0.0	0.0	0.0	-1.0	0.0
17:04:13	75.1	345.1	343.7	340.1	350.1	351.7	350.7	352.6	351.3	351.5	0.2	0.3	0.3	0.8	44.2	0.0	0.8	0.2	352.6	340.1	1.0	0.3	349.0	346.4	356.7	356.7	355.9	362.4	101.1	75.0	46.7	0.0	357.6	355.0	44.0	55.5	1.4	41.7	0.0	10.9	.Autoclave.Outputs.PRESSIP\OutputValue	-6.0	12.5	4.1	-1.0	0.0	-1.0	-1.0	-1.0	0.0	0.0	0.0	-1.0	-1.0	0.0	0.0	0.0	-1.0	0.0
17:05:13	76.0	345.8	344.5	341.1	350.6	352.4	351.3	352.9	351.7	351.9	0.2	0.3	0.3	1.0	44.2	0.0	1.0	0.2	352.9	341.1	1.2	-0.3	349.5	347.0	356.4	356.4	355.7	362.5	101.1	76.0	47.7	0.0	357.0	355.0	44.0	53.5	1.5	41.5	0.0	7.1	.Autoclave.Outputs.PRESSIP\OutputValue	-6.0	11.8	3.5	-1.0	0.0	-1.0	-1.0	-1.0	0.0	0.0	0.0	-1.0	-1.0	0.0	0.0	0.0	-1.0	0.0
17:06:13	77.1	346.3	345.2	342.0	351.1	352.6	351.7	352.8	352.1	352.2	0.2	0.3	0.3	1.0	44.2	0.0	1.0	0.2	352.8	342.0	1.0	0.3	350.0	347.4	356.1	356.1	355.4	361.7	101.1	77.0	48.7	0.0	356.8	355.0	44.0	54.3	1.5	42.1	0.0	8.6	.Autoclave.Outputs.PRESSIP\OutputValue	-6.0	10.8	3.3	-1.0	0.0	-1.0	-1.0	-1.0	0.0	0.0	0.0	-1.0	-1.0	0.0	0.0	0.0	-1.0	0.0
17:07:13	78.1	346.9	345.9	342.8	351.5	353.1	352.1	353.4	352.4	352.5	0.2	0.3	0.3	1.0	44.2	0.0	1.0	0.2	353.4	342.8	0.9	0.2	350.5	348.1	355.9	355.9	355.1	361.7	101.1	78.0	49.7	0.0	356.4	355.0	44.0	53.0	1.6	41.9	0.0	6.0	.Autoclave.Outputs.PRESSIP\OutputValue	-6.0	10.6	2.5	-1.0	0.0	-1.0	-1.0	-1.0	0.0	0.0	0.0	-1.0	-1.0	0.0	0.0	0.0	-1.0	0.0
17:08:13	79.0	347.5	346.6	343.7	351.9	353.0	352.5	353.6	352.7	352.6	0.2	0.3	0.3	0.9	44.2	0.0	0.9	0.2	353.6	343.7	0.8	0.0	350.8	348.7	355.8	355.8	355.0	361.5	101.1	79.0	50.7	0.0	356.4	355.0	44.0	53.8	1.7	42.1	0.0	7.5	.Autoclave.Outputs.PRESSIP\OutputValue	-6.0	9.9	2.2	-1.0	0.0	-1.0	-1.0	-1.0	0.0	0.0	0.0	-1.0	-1.0	0.0	0.0	0.0	-1.0	0.0
17:09:13	80.1	348.0	347.2	344.4	352.1	353.2	352.8	353.8	352.9	352.9	0.2	0.3	0.3	0.9	44.2	0.0	0.9	0.2	353.8	344.4	0.7	0.0	351.2	349.1	355.6	355.6	354.8	361.2	101.0	80.0	51.7	0.0	356.2	355.0	44.0	53.8	1.8	41.9	0.0	7.7	.Autoclave.Outputs.PRESSIP\OutputValue	-6.0	9.4	1.8	-1.0	0.0	-1.0	-1.0	-1.0	0.0	0.0	0.0	-1.0	-1.0	0.0	0.0	0.0	-1.0	0.0
17:10:13	81.1	348.4	347.8	345.1	352.4	353.2	353.1	353.9	353.2	352.9	0.2	0.3	0.3	0.9	44.2	0.0	0.9	0.2	353.9	345.1	0.7	-0.1	351.4	349.5	355.4	355.4	354.7	361.1	101.1	81.0	52.7	0.0	356.1	355.0	44.0	55.2	1.8	41.7	0.0	10.5	.Autoclave.Outputs.PRESSIP\OutputValue	-6.0	8.8	1.5	-1.0	0.0	-1.0	-1.0	-1.0	0.0	0.0	0.0	-1.0	-1.0	0.0	0.0	0.0	-1.0	0.0
17:10:21	81.2	348.4	347.8	345.2	352.4	353.1	352.9	354.0	353.1	353.1	0.2	0.3	0.3	0.9	44.2	0.0	0.9	0.2	354.0	345.2	0.7	-0.1	351.4	349.6	355.4	355.5	354.7	361.1	101.2	81.2	52.8	0.0	356.6	355.0	44.0	54.6	1.8	41.9	0.0	9.2	.Autoclave.Outputs.PRESSIP\OutputValue	-6.0	8.8	2.0	-1.0	0.0	-1.0	-1.0	-1.0	0.0	0.0	0.0	-1.0	-1.0	0.0	0.0	0.0	-1.0	0.0
17:11:13	82.0	348.9	348.3	345.8	352.7	353.8	353.2	354.0	353.3	353.2	0.2	0.3	0.3	0.8	44.2	0.0	0.8	0.2	354.0	345.8	0.7	-0.2	351.8	349.9	355.4	355.3	354.6	361.1	101.1	82.0	0.9	89.1	356.6	355.0	44.0	58.1	1.9	41.7	0.0	16.1	.Autoclave.Outputs.PRESSIP\OutputValue	-6.0	8.2	1.4	-1.0	0.0	-1.0	-1.0	-1.0	0.0	0.0	0.0	-1.0	-1.0	0.0	0.0	0.0	-1.0	0.0
17:12:13	83.0	349.3	348.8	346.4	352.8	353.5	353.3	354.1	353.4	353.3	0.2	0.2	0.3	0.8	44.2	0.0	0.8	0.2	354.1	346.4	0.6	0.1	351.9	350.3	355.3	355.3	354.5	360.7	101.2	83.0	1.9	88.1	356.0	355.0	44.0	54.7	2.0	41.9	0.0	9.4	.Autoclave.Outputs.PRESSIP\OutputValue	-6.0	7.7	1.2	-1.0	0.0	-1.0	-1.0	-1.0	0.0	0.0	0.0	-1.0	-1.0	0.0	0.0	0.0	-1.0	0.0
17:13:13	84.1	349.6	349.3	346.9	353.0	353.6	353.5	353.8	353.6	353.4	0.2	0.3	0.3	0.8	44.2	0.0	0.8	0.2	353.8	346.9	0.5	0.0	352.1	350.4	355.4	355.4	354.7	361.0	101.3	84.0	2.9	87.1	356.2	355.0	44.0	56.1	2.0	41.5	0.0	12.2	.Autoclave.Outputs.PRESSIP\OutputValue	-6.0	6.9	1.6	-1.0	0.0	-1.0	-1.0	-1.0	0.0	0.0	0.0	-1.0	-1.0	0.0	0.0	0.0	-1.0	0.0
17:14:13	85.0	350.0	349.8	347.5	353.2	353.7	353.7	354.1	353.7	353.4	0.2	0.3	0.3	0.7	44.2	0.0	0.7	0.2	354.1	347.5	0.7	-0.2	352.4	350.8	355.2	355.2	354.5	361.0	101.3	85.0	3.9	86.1	355.9	355.0	44.0	54.8	2.1	41.5	0.0	9.7	.Autoclave.Outputs.PRESSIP\OutputValue	-6.0	6.6	1.1	-1.0	0.0	-1.0	-1.0	-1.0	0.0	0.0	0.0	-1.0	-1.0	0.0	0.0	0.0	-1.0	0.0
17:15:13	86.0	350.4	350.1	348.0	353.3	353.8	353.8	354.3	353.9	353.6	0.3	0.3	0.3	0.6	44.2	0.0	0.6	0.3	354.3	348.0	0.5	0.0	352.6	351.2	355.2	355.1	354.3	360.8	101.3	86.0	4.9	85.1	355.7	355.0	44.0	53.6	2.2	41.4	0.0	7.1	.Autoclave.Outputs.PRESSIP\OutputValue	-6.0	6.3	0.9	-1.0	0.0	-1.0	-1.0	-1.0	0.0	0.0	0.0	-1.0	-1.0	0.0	0.0	0.0	-1.0	0.0
17:16:13	87.1	350.6	350.6	348.5	353.5	353.9	353.9	353.3	353.6	353.7	0.2	0.3	0.3	0.6	44.2	0.0	0.6	0.2	353.9	348.5	0.4	-0.9	352.6	351.2	355.2	355.2	354.3	360.8	101.2	87.0	5.9	84.1	356.0	355.0	44.0	55.9	2.2	41.5	0.0	11.8	.Autoclave.Outputs.PRESSIP\OutputValue	-6.0	5.4	1.3	-1.0	0.0	-1.0	-1.0	-1.0	0.0	0.0	0.0	-1.0	-1.0	0.0	0.0	0.0	-1.0	0.0
17:17:13	88.1	350.8	350.9	349.0	353.6	354.1	354.0	354.3	354.1	353.7	0.2	0.3	0.3	0.6	44.2	0.0	0.6	0.2	354.3	349.0	1.5	0.0	353.0	351.7	355.0	355.1	354.3	360.3	101.2	88.0	6.9	83.1	355.7	355.0	44.0	54.4	2.3	41.7	0.0	8.7	.Autoclave.Outputs.PRESSIP\OutputValue	-6.0	5.3	0.7	-1.0	0.0	-1.0	-1.0	-1.0	0.0	0.0	0.0	-1.0	-1.0	0.0	0.0	0.0	-1.0	0.0
17:18:13	89.0	351.2	351.2	349.2	353.7	354.0	354.1	354.3	354.2	353.8	0.2	0.3	0.3	0.5	44.3	0.0	0.5	0.2	354.3	349.2	0.5	0.0	353.1	351.8	355.1	355.0	354.3	360.7	101.1	89.0	7.9	82.1	355.6	355.0	44.0	55.1	2.3	41.4	0.0	10.2	.Autoclave.Outputs.PRESSIP\OutputValue	-6.0	5.1	0.8	-1.0	0.0	-1.0	-1.0	-1.0	0.0	0.0	0.0	-1.0	-1.0	0.0	0.0	0.0	-1.0	0.0
17:19:13	90.1	351.4	351.3	349.6	353.7	353.7	354.0	354.3	354.1	353.8	0.2	0.3	0.3	0.5	44.3	0.0	0.5	0.2	354.3	349.6	0.4	-0.2	353.1	352.0	355.0	355.1	354.3	360.4	101.3	90.0	8.9	81.1	355.6	355.0	44.0	55.1	2.4	41.4	0.0	10.3	.Autoclave.Outputs.PRESSIP\OutputValue	-6.0	4.7	0.7	-1.0	0.0	-1.0	-1.0	-1.0	0.0	0.0	0.0	-1.0	-1.0	0.0	0.0	0.0	-1.0	0.0
17:20:13	91.1	351.6	351.6	349.9	353.8	353.9	354.1	354.5	354.1	353.8	0.3	0.3	0.3	0.5	44.3	0.0	0.5	0.3	354.5	349.9	0.4	-0.2	353.2	352.2	355.2	355.1	354.4	360.8	101.1	91.0	9.9	80.1	355.6	355.0	44.0	53.2	2.5	41.2	0.0	6.4	.Autoclave.Outputs.PRESSIP\OutputValue	-6.0	4.6	0.7	-1.0	0.0	-1.0	-1.0	-1.0	0.0	0.0	0.0	-1.0	-1.0	0.0	0.0	0.0	-1.0	0.0
17:21:13	92.0	351.8	351.9	350.2	353.7	354.3	354.1	354.5	354.1	353.8	0.2	0.3	0.3	0.5	44.3	0.0	0.5	0.2	354.5	350.2	0.2	-0.1	353.3	352.4	355.1	355.1	354.3	360.7	101.2	92.0	10.9	79.1	355.8	355.0	44.0	56.0	2.5	41.2	0.0	12.0	.Autoclave.Outputs.PRESSIP\OutputValue	-6.0	4.3	0.6	-1.0	0.0	-1.0	-1.0	-1.0	0.0	0.0	0.0	-1.0	-1.0	0.0	0.0	0.0	-1.0	0.0
17:22:13	93.1	352.0	352.1	350.5	353.9	354.0	354.1	354.5	354.2	353.9	0.2	0.3	0.3	0.5	44.3	0.0	0.5	0.2	354.5	350.5	0.4	-0.1	353.4	352.5	355.0	355.0	354.2	360.4	101.2	93.0	11.9	78.1	355.5	355.0	44.0	54.0	2.6	41.2	0.0	8.0	.Autoclave.Outputs.PRESSIP\OutputValue	-6.0	4.0	0.5	-1.0	0.0	-1.0	-1.0	-1.0	0.0	0.0	0.0	-1.0	-1.0	0.0	0.0	0.0	-1.0	0.0
17:23:13	94.1	352.2	352.3	350.7	353.9	354.0	354.2	354.4	354.3	353.9	0.2	0.3	0.3	0.4	44.3	0.0	0.4	0.2	354.4	350.7	0.2	0.0	353.5	352.6	355.1	355.1	354.3	360.8	101.3	94.0	12.9	77.1	355.6	355.0	44.0	54.0	2.6	40.8	0.0	8.1	.Autoclave.Outputs.PRESSIP\OutputValue	-6.0	3.7	0.7	-1.0	0.0	-1.0	-1.0	-1.0	0.0	0.0	0.0	-1.0	-1.0	0.0	0.0	0.0	-1.0	0.0
17:24:13	95.0	352.4	352.3	350.9	353.9	354.0	354.1	354.5	354.3	353.9	0.2	0.3	0.3	0.4	44.3	0.0	0.4	0.2	354.5	350.9	0.3	0.0	353.5	352.7	355.0	355.0	354.3	360.7	101.3	95.0	13.9	76.1	355.5	355.0	44.0	54.1	2.7	41.0	0.0	8.2	.Autoclave.Outputs.PRESSIP\OutputValue	-6.0	3.6	0.5	-1.0	0.0	-1.0	-1.0	-1.0	0.0	0.0	0.0	-1.0	-1.0	0.0	0.0	0.0	-1.0	0.0
17:25:13	96.0	352.4	352.5	351.1	354.0	354.1	354.1	354.5	354.3	353.9	0.2	0.3	0.3	0.4	44.3	0.0	0.4	0.2	354.5	351.1	0.2	-0.9	353.6	352.8	354.9	354.9	354.2	360.4	101.2	96.0	14.9	75.1	355.6	355.0	44.0	55.5	2.7	41.0	0.0	10.9	.Autoclave.Outputs.PRESSIP\OutputValue	-6.0	3.4	0.4	-1.0	0.0	-1.0	-1.0	-1.0	0.0	0.0	0.0	-1.0	-1.0	0.0	0.0	0.0	-1.0	0.0
17:26:13	97.1	352.6	352.7	351.4	354.1	354.0	354.1	354.6	354.4	354.0	0.2	0.3	0.3	0.4	44.3	0.0	0.4	0.2	354.6	351.4	1.0	0.0	353.7	353.0	355.0	355.0	354.3	360.5	101.2	97.0	15.9	74.1	355.6	355.0	44.0	54.2	2.8	41.0	0.0	8.4	.Autoclave.Outputs.PRESSIP\OutputValue	-6.0	3.2	0.4	-1.0	0.0	-1.0	-1.0	-1.0	0.0	0.0	0.0	-1.0	-1.0	0.0	0.0	0.0	-1.0	0.0
17:27:13	98.0	352.7	352.9	351.5	354.1	354.1	354.2	354.3	354.5	354.0	0.3	0.3	0.3	0.4	44.3	0.0	0.4	0.3	354.5	351.5	0.1	0.0	353.7	353.0	354.9	354.9	354.2	360.3	101.3	98.0	16.9	73.1	355.5	355.0	44.0	54.9	2.8	41.0	0.0	9.8	.Autoclave.Outputs.PRESSIP\OutputValue	-6.0	3.0	0.4	-1.0	0.0	-1.0	-1.0	-1.0	0.0	0.0	0.0	-1.0	-1.0	0.0	0.0	0.0	-1.0	0.0
17:28:13	99.0	352.9	352.9	351.6	354.1	354.6	354.2	354.5	354.4	354.0	0.2	0.3	0.3	0.4	44.3	0.0	0.4	0.2	354.6	351.6	0.2	-0.1	353.8	353.1	355.1	355.1	354.3	360.1	101.4	99.0	17.9	72.1	355.4	355.0	44.0	52.9	2.9	40.8	0.0	5.9	.Autoclave.Outputs.PRESSIP\OutputValue	-6.0	3.0	0.5	-1.0	0.0	-1.0	-1.0	-1.0	0.0	0.0	0.0	-1.0	-1.0	0.0	0.0	0.0	-1.0	0.0
17:29:13	100.1	352.9	353.0	351.8	354.1	354.1	354.1	354.3	354.5	354.1	0.2	0.3	0.3	0.4	44.3	0.0	0.4	0.2	354.5	351.8	0.1	-0.1	353.7	353.2	355.2	355.2	354.4	360.3	101.4	100.0	18.9	71.1	355.5	355.0	44.0	53.7	2.9	40.8	0.0	7.3	.Autoclave.Outputs.PRESSIP\OutputValue	-6.0	2.7	0.7	-1.0	0.0	-1.0	-1.0	-1.0	0.0	0.0	0.0	-1.0	-1.0	0.0	0.0	0.0	-1.0	0.0
17:30:13	101.0	353.0	353.1	351.9	354.0	354.5	354.1	354.5	354.3	354.0	0.2	0.3	0.3	0.4	44.3	0.0	0.4	0.2	354.5	351.9	0.1	-0.6	353.8	353.2	355.2	355.2	354.4	360.8	101.4	101.0	19.9	70.1	355.5	355.0	44.0	53.0	3.0	40.8	0.0	6.1	.Autoclave.Outputs.PRESSIP\OutputValue	-6.0	2.6	0.7	-1.0	0.0	-1.0	-1.0	-1.0	0.0	0.0	0.0	-1.0	-1.0	0.0	0.0	0.0	-1.0	0.0
17:31:13	102.0	353.2	353.2	352.0	353.9	354.1	354.1	354.5	353.8	353.9	0.3	0.3	0.3	0.4	44.3	0.0	0.4	0.3	354.5	352.0	0.2	-0.1	353.7	353.3	355.1	355.2	354.3	360.7	101.4	102.0	20.9	69.1	355.5	355.0	44.0	53.7	3.0	40.8	0.0	7.5	.Autoclave.Outputs.PRESSIP\OutputValue	-6.0	2.5	0.6	-1.0	0.0	-1.0	-1.0	-1.0	0.0	0.0	0.0	-1.0	-1.0	0.0	0.0	0.0	-1.0	0.0
17:32:13	103.1	353.2	353.3	352.1	354.0	353.7	354.1	354.5	354.3	353.9	0.2	0.3	0.3	0.4	44.3	0.0	0.4	0.2	354.5	352.1	0.1	-0.3	353.7	353.3	355.0	355.0	354.3	360.3	101.3	103.0	21.9	68.1	355.2	355.0	44.0	52.7	3.0	40.6	0.0	5.4	.Autoclave.Outputs.PRESSIP\OutputValue	-6.0	2.4	0.5	-1.0	0.0	-1.0	-1.0	-1.0	0.0	0.0	0.0	-1.0	-1.0	0.0	0.0	0.0	-1.0	0.0
17:33:13	104.1	353.2	353.4	352.2	354.0	354.1	354.1	354.5	354.4	353.9	0.2	0.3	0.3	0.4	44.3	0.0	0.4	0.2	354.5	352.2	0.3	-0.1	353.8	353.4	355.1	355.1	354.3	360.5	101.4	104.0	22.9	67.1	355.5	355.0	44.0	53.8	3.1	40.8	0.0	7.7	.Autoclave.Outputs.PRESSIP\OutputValue	-6.0	2.3	0.6	-1.0	0.0	-1.0	-1.0	-1.0	0.0	0.0	0.0	-1.0	-1.0	0.0	0.0	0.0	-1.0	0.0
17:34:13	105.0	353.3	353.4	352.3	354.1	354.1	354.1	354.5	354.4	353.9	0.3	0.3	0.3	0.4	44.3	0.0	0.4	0.3	354.5	352.3	0.2	-0.1	353.8	353.4	355.0	355.0	354.3	360.6	101.3	105.0	23.9	66.1	355.5	355.0	44.0	55.2	3.1	40.6	0.0	10.4	.Autoclave.Outputs.PRESSIP\OutputValue	-6.0	2.2	0.5	-1.0	0.0	-1.0	-1.0	-1.0	0.0	0.0	0.0	-1.0	-1.0	0.0	0.0	0.0	-1.0	0.0
17:35:13	106.1	353.5	353.5	352.4	354.1	354.2	354.1	354.4	354.4	354.1	0.2	0.3	0.3	0.4	44.3	0.0	0.4	0.2	354.4	352.4	0.9	-1.2	353.9	353.4	355.1	355.1	354.4	360.3	101.3	106.0	24.9	65.1	355.5	355.0	44.0	53.9	3.2	40.6	0.0	7.9	.Autoclave.Outputs.PRESSIP\OutputValue	-6.0	2.0	0.7	-1.0	0.0	-1.0	-1.0	-1.0	0.0	0.0	0.0	-1.0	-1.0	0.0	0.0	0.0	-1.0	0.0
17:36:13	107.1	353.4	353.6	352.5	354.2	353.9	354.1	354.6	354.5	354.1	0.2	0.3	0.3	0.3	44.4	0.0	0.3	0.2	354.6	352.5	1.3	-0.8	353.9	353.6	355.1	355.1	354.2	360.4	101.3	107.0	25.9	64.1	355.5	355.0	44.0	54.0	3.2	40.4	0.0	7.9	.Autoclave.Outputs.PRESSIP\OutputValue	-6.0	2.1	0.5	-1.0	0.0	-1.0	-1.0	-1.0	0.0	0.0	0.0	-1.0	-1.0	0.0	0.0	0.0	-1.0	0.0
17:37:13	108.0	353.6	353.7	352.6	354.2	354.1	354.1	354.6	337.9	354.1	0.3	0.3	0.3	0.3	44.4	0.0	0.3	0.3	354.6	337.9	0.1	-0.1	351.9	346.3	355.1	355.1	354.4	360.3	101.3	108.0	26.9	63.1	355.4	355.0	44.0	53.3	3.3	40.2	0.0	6.7	.Autoclave.Outputs.PRESSIP\OutputValue	-6.0	16.7	0.5	-1.0	0.0	-1.0	-1.0	-1.0	0.0	0.0	0.0	-1.0	-1.0	0.0	0.0	0.0	-1.0	0.0
17:38:13	109.1	353.6	353.7	352.8	354.2	354.1	354.3	354.6	354.5	354.1	0.3	0.3	0.3	0.3	44.4	0.0	0.3	0.3	354.6	352.8	0.1	-2.1	354.0	353.7	355.0	355.0	354.3	360.4	101.3	109.0	27.9	62.1	355.4	355.0	44.0	54.0	3.3	40.4	0.0	8.1	.Autoclave.Outputs.PRESSIP\OutputValue	-6.0	1.8	0.4	-1.0	0.0	-1.0	-1.0	-1.0	0.0	0.0	0.0	-1.0	-1.0	0.0	0.0	0.0	-1.0	0.0
17:39:13	110.1	353.6	353.8	352.7	354.2	354.3	354.1	354.5	354.4	354.0	0.2	0.3	0.3	0.3	44.4	0.0	0.3	0.2	354.5	352.7	2.1	0.0	354.0	353.6	355.1	355.1	354.3	360.2	101.4	110.0	28.9	61.1	355.4	355.0	44.0	54.2	3.3	40.4	0.0	8.3	.Autoclave.Outputs.PRESSIP\OutputValue	-6.0	1.8	0.6	-1.0	0.0	-1.0	-1.0	-1.0	0.0	0.0	0.0	-1.0	-1.0	0.0	0.0	0.0	-1.0	0.0
17:40:13	111.0	353.7	353.8	352.9	354.1	354.3	354.2	354.5	354.6	354.1	0.3	0.3	0.3	0.3	44.4	0.0	0.3	0.3	354.6	352.9	0.2	-0.2	354.1	353.8	355.1	355.1	354.3	360.2	101.4	111.0	29.9	60.1	355.4	355.0	44.0	53.4	3.4	40.4	0.0	6.9	.Autoclave.Outputs.PRESSIP\OutputValue	-6.0	1.7	0.5	-1.0	0.0	-1.0	-1.0	-1.0	0.0	0.0	0.0	-1.0	-1.0	0.0	0.0	0.0	-1.0	0.0
17:41:13	112.0	353.7	353.9	353.0	354.2	354.3	354.2	354.5	354.4	354.1	0.2	0.3	0.3	0.4	44.4	0.0	0.4	0.2	354.5	353.0	0.2	-0.1	354.1	353.8	355.1	355.1	354.3	360.3	101.4	112.0	30.9	59.1	355.3	355.0	44.0	53.1	3.4	40.2	0.0	6.1	.Autoclave.Outputs.PRESSIP\OutputValue	-6.0	1.5	0.6	-1.0	0.0	-1.0	-1.0	-1.0	0.0	0.0	0.0	-1.0	-1.0	0.0	0.0	0.0	-1.0	0.0
17:42:13	113.1	353.8	353.9	353.0	354.2	354.1	354.1	354.5	354.4	354.1	0.3	0.3	0.3	0.3	44.4	0.0	0.3	0.3	354.5	353.0	0.1	-0.1	354.0	353.8	355.1	355.1	354.4	360.2	101.1	113.0	31.9	58.1	355.4	355.0	44.0	53.5	3.4	40.4	0.0	7.0	.Autoclave.Outputs.PRESSIP\OutputValue	-6.0	1.5	0.6	-1.0	0.0	-1.0	-1.0	-1.0	0.0	0.0	0.0	-1.0	-1.0	0.0	0.0	0.0	-1.0	0.0
17:43:13	114.0	353.8	354.0	353.0	354.2	353.9	354.2	354.6	354.4	354.2	0.3	0.2	0.3	0.3	44.4	0.0	0.3	0.2	354.6	353.0	0.2	-0.2	354.1	353.8	355.2	355.2	354.4	360.3	101.4	114.0	32.9	57.1	355.4	355.0	44.0	53.6	3.5	40.0	0.0	7.1	.Autoclave.Outputs.PRESSIP\OutputValue	-6.0	1.6	0.6	-1.0	0.0	-1.0	-1.0	-1.0	0.0	0.0	0.0	-1.0	-1.0	0.0	0.0	0.0	-1.0	0.0
17:44:13	115.0	353.9	354.0	353.1	354.2	354.4	354.2	354.6	354.4	354.1	0.2	0.3	0.3	0.3	44.4	0.0	0.3	0.2	354.6	353.1	0.7	-0.1	354.1	353.9	355.1	355.1	354.4	360.2	101.2	115.0	33.9	56.1	355.5	355.0	44.0	53.6	3.5	40.2	0.0	7.2	.Autoclave.Outputs.PRESSIP\OutputValue	-6.0	1.5	0.5	-1.0	0.0	-1.0	-1.0	-1.0	0.0	0.0	0.0	-1.0	-1.0	0.0	0.0	0.0	-1.0	0.0
17:45:13	116.1	353.8	354.0	353.1	354.2	354.2	354.2	354.6	354.5	354.1	0.3	0.3	0.3	0.3	44.4	0.0	0.3	0.3	354.6	353.1	0.1	-0.7	354.1	353.9	355.0	355.0	354.3	360.5	101.2	116.0	34.9	55.1	355.5	355.0	44.0	54.3	3.5	40.2	0.0	8.6	.Autoclave.Outputs.PRESSIP\OutputValue	-6.0	1.5	0.4	-1.0	0.0	-1.0	-1.0	-1.0	0.0	0.0	0.0	-1.0	-1.0	0.0	0.0	0.0	-1.0	0.0
17:46:13	117.1	353.9	354.0	353.1	354.2	354.2	354.2	354.6	354.6	354.2	0.2	0.3	0.3	0.3	44.4	0.0	0.3	0.2	354.6	353.1	0.1	0.0	354.1	353.9	355.1	355.1	354.3	360.4	101.3	117.0	35.9	54.1	355.3	355.0	44.0	53.1	3.6	40.0	0.0	6.1	.Autoclave.Outputs.PRESSIP\OutputValue	-6.0	1.5	0.5	-1.0	0.0	-1.0	-1.0	-1.0	0.0	0.0	0.0	-1.0	-1.0	0.0	0.0	0.0	-1.0	0.0
17:47:13	118.0	353.9	354.0	353.1	354.3	354.3	354.1	354.7	354.6	354.2	0.2	0.3	0.3	0.3	44.4	0.0	0.3	0.2	354.7	353.1	0.2	-0.1	354.2	353.9	355.1	355.1	354.3	360.4	101.3	118.0	36.9	53.1	355.3	355.0	44.0	53.1	3.6	40.0	0.0	6.2	.Autoclave.Outputs.PRESSIP\OutputValue	-6.0	1.6	0.4	-1.0	0.0	-1.0	-1.0	-1.0	0.0	0.0	0.0	-1.0	-1.0	0.0	0.0	0.0	-1.0	0.0
17:48:13	119.1	353.9	354.2	353.2	354.2	354.2	354.2	354.6	354.7	354.1	0.2	0.3	0.3	0.3	44.4	0.0	0.3	0.2	354.7	353.2	0.1	-0.2	354.2	354.0	355.0	355.1	354.3	360.5	101.3	119.0	37.9	52.1	355.3	355.0	44.0	54.4	3.6	39.8	0.0	8.8	.Autoclave.Outputs.PRESSIP\OutputValue	-6.0	1.5	0.3	-1.0	0.0	-1.0	-1.0	-1.0	0.0	0.0	0.0	-1.0	-1.0	0.0	0.0	0.0	-1.0	0.0
17:49:13	120.1	354.0	354.1	353.1	354.2	354.3	354.2	354.7	354.6	354.1	0.2	0.3	0.3	0.3	44.4	0.0	0.3	0.2	354.7	353.1	0.2	-0.1	354.2	353.9	355.2	355.2	354.3	360.2	101.4	120.0	38.9	51.1	355.3	355.0	44.0	53.1	3.7	40.2	0.0	6.1	.Autoclave.Outputs.PRESSIP\OutputValue	-6.0	1.6	0.5	-1.0	0.0	-1.0	-1.0	-1.0	0.0	0.0	0.0	-1.0	-1.0	0.0	0.0	0.0	-1.0	0.0
17:50:13	121.0	354.0	354.1	353.1	354.2	354.6	354.2	354.6	354.6	354.1	0.2	0.3	0.3	0.3	44.4	0.0	0.3	0.2	354.6	353.1	0.2	-0.1	354.2	353.9	355.0	355.0	354.2	360.0	101.3	121.0	39.9	50.1	355.4	355.0	44.0	53.8	3.7	40.2	0.0	7.5	.Autoclave.Outputs.PRESSIP\OutputValue	-6.0	1.5	0.4	-1.0	0.0	-1.0	-1.0	-1.0	0.0	0.0	0.0	-1.0	-1.0	0.0	0.0	0.0	-1.0	0.0
17:51:13	122.1	354.0	354.2	353.2	354.2	354.2	354.1	354.7	354.6	354.3	0.3	0.3	0.3	0.3	44.4	0.0	0.3	0.3	354.7	353.2	0.1	-0.2	354.2	354.0	355.1	355.1	354.3	360.2	101.3	122.0	40.9	49.1	355.3	355.0	44.0	52.5	3.7	40.0	0.0	5.1	.Autoclave.Outputs.PRESSIP\OutputValue	-6.0	1.5	0.4	-1.0	0.0	-1.0	-1.0	-1.0	0.0	0.0	0.0	-1.0	-1.0	0.0	0.0	0.0	-1.0	0.0
17:52:13	123.1	354.0	354.1	353.3	354.2	354.4	354.2	354.7	354.7	354.2	0.2	0.3	0.3	0.3	44.4	0.0	0.3	0.2	354.7	353.3	0.2	-0.3	354.2	354.0	355.0	355.0	354.3	360.0	101.4	123.0	41.9	48.1	355.4	355.0	44.0	54.5	3.7	40.0	0.0	9.0	.Autoclave.Outputs.PRESSIP\OutputValue	-6.0	1.4	0.3	-1.0	0.0	-1.0	-1.0	-1.0	0.0	0.0	0.0	-1.0	-1.0	0.0	0.0	0.0	-1.0	0.0
17:53:13	124.0	354.1	354.2	353.3	354.2	354.8	354.2	354.6	354.6	354.2	0.2	0.3	0.3	0.3	44.4	0.0	0.3	0.2	354.8	353.3	0.3	-2.8	354.3	354.0	355.1	355.1	354.2	360.1	101.3	124.0	42.9	47.1	355.3	355.0	44.0	53.2	3.8	40.0	0.0	6.4	.Autoclave.Outputs.PRESSIP\OutputValue	-6.0	1.5	0.3	-1.0	0.0	-1.0	-1.0	-1.0	0.0	0.0	0.0	-1.0	-1.0	0.0	0.0	0.0	-1.0	0.0
17:54:13	125.1	354.1	354.1	353.4	354.2	354.3	354.2	354.6	354.6	354.1	0.2	0.3	0.3	0.3	44.4	0.0	0.3	0.2	354.6	353.4	2.8	-0.1	354.2	354.0	355.0	355.1	354.3	360.1	101.4	125.0	43.9	46.1	355.3	355.0	44.0	53.9	3.8	40.0	0.0	7.8	.Autoclave.Outputs.PRESSIP\OutputValue	-6.0	1.2	0.4	-1.0	0.0	-1.0	-1.0	-1.0	0.0	0.0	0.0	-1.0	-1.0	0.0	0.0	0.0	-1.0	0.0
17:55:13	126.1	354.1	354.2	353.3	354.2	354.3	354.2	354.7	354.6	354.2	0.3	0.3	0.3	0.3	44.4	0.0	0.3	0.3	354.7	353.3	0.0	-0.2	354.2	354.0	355.1	355.1	354.3	360.3	101.3	126.0	44.9	45.1	355.4	355.0	44.0	54.0	3.8	40.0	0.0	8.0	.Autoclave.Outputs.PRESSIP\OutputValue	-6.0	1.4	0.4	-1.0	0.0	-1.0	-1.0	-1.0	0.0	0.0	0.0	-1.0	-1.0	0.0	0.0	0.0	-1.0	0.0
17:56:13	127.0	354.1	354.2	353.3	354.2	353.9	354.1	354.8	354.6	354.0	0.2	0.3	0.3	0.3	44.4	0.0	0.3	0.2	354.8	353.3	0.2	-0.1	354.1	354.1	355.0	355.0	354.2	360.5	101.5	127.0	45.9	44.1	355.3	355.0	44.0	53.9	3.9	39.8	0.0	7.9	.Autoclave.Outputs.PRESSIP\OutputValue	-6.0	1.5	0.2	-1.0	0.0	-1.0	-1.0	-1.0	0.0	0.0	0.0	-1.0	-1.0	0.0	0.0	0.0	-1.0	0.0
17:57:13	128.0	354.2	354.2	353.4	354.1	354.3	354.1	354.7	354.6	354.1	0.2	0.3	0.3	0.3	44.4	0.0	0.3	0.2	354.7	353.4	0.1	-0.2	354.2	354.1	355.1	355.1	354.3	360.3	101.4	128.0	46.9	43.1	355.3	355.0	44.0	54.0	3.9	39.8	0.0	7.9	.Autoclave.Outputs.PRESSIP\OutputValue	-6.0	1.3	0.4	-1.0	0.0	-1.0	-1.0	-1.0	0.0	0.0	0.0	-1.0	-1.0	0.0	0.0	0.0	-1.0	0.0
17:58:13	129.1	354.1	354.2	353.3	354.1	354.1	354.0	354.7	354.5	354.1	0.2	0.3	0.3	0.3	44.4	0.0	0.3	0.2	354.7	353.3	0.1	-0.2	354.1	354.0	355.0	355.0	354.2	360.5	101.4	129.0	47.9	42.1	355.3	355.0	44.0	54.7	3.9	39.8	0.0	9.3	.Autoclave.Outputs.PRESSIP\OutputValue	-6.0	1.4	0.3	-1.0	0.0	-1.0	-1.0	-1.0	0.0	0.0	0.0	-1.0	-1.0	0.0	0.0	0.0	-1.0	0.0
17:59:13	130.0	354.1	354.2	353.4	354.2	354.2	354.0	354.6	354.6	354.1	0.2	0.3	0.3	0.3	44.4	0.0	0.3	0.2	354.6	353.4	0.2	-0.1	354.2	354.0	355.0	355.0	354.3	360.5	101.4	130.0	48.9	41.1	355.4	355.0	44.0	54.0	3.9	39.8	0.0	8.0	.Autoclave.Outputs.PRESSIP\OutputValue	-6.0	1.2	0.4	-1.0	0.0	-1.0	-1.0	-1.0	0.0	0.0	0.0	-1.0	-1.0	0.0	0.0	0.0	-1.0	0.0
18:00:13	131.0	354.1	354.2	353.4	354.2	354.2	354.1	354.7	354.6	354.2	0.3	0.3	0.3	0.3	44.4	0.0	0.3	0.3	354.7	353.4	0.1	-0.2	354.2	354.1	355.0	355.1	354.3	360.2	101.3	131.0	49.9	40.1	355.4	355.0	44.0	53.4	4.0	39.7	0.0	6.7	.Autoclave.Outputs.PRESSIP\OutputValue	-6.0	1.3	0.3	-1.0	0.0	-1.0	-1.0	-1.0	0.0	0.0	0.0	-1.0	-1.0	0.0	0.0	0.0	-1.0	0.0
18:01:13	132.1	354.1	354.2	353.4	354.3	354.3	354.1	354.7	354.7	354.1	0.2	0.3	0.3	0.3	44.4	0.0	0.3	0.2	354.7	353.4	0.3	-0.1	354.2	354.1	355.1	355.0	354.3	360.1	101.4	132.0	50.9	39.1	355.4	355.0	44.0	53.4	4.0	39.8	0.0	6.8	.Autoclave.Outputs.PRESSIP\OutputValue	-6.0	1.3	0.4	-1.0	0.0	-1.0	-1.0	-1.0	0.0	0.0	0.0	-1.0	-1.0	0.0	0.0	0.0	-1.0	0.0
18:02:13	133.1	354.1	354.4	353.6	354.3	354.1	354.2	354.5	354.5	353.9	0.3	0.3	0.3	0.3	44.4	0.0	0.3	0.3	354.5	353.6	0.1	-0.1	354.2	354.1	355.2	355.2	354.4	360.5	101.3	133.0	51.9	38.1	355.4	355.0	44.0	53.4	4.0	39.8	0.0	6.8	.Autoclave.Outputs.PRESSIP\OutputValue	-6.0	0.9	0.7	-1.0	0.0	-1.0	-1.0	-1.0	0.0	0.0	0.0	-1.0	-1.0	0.0	0.0	0.0	-1.0	0.0
18:03:13	134.0	354.1	354.3	353.5	354.3	354.4	354.3	354.6	354.5	353.9	0.2	0.3	0.3	0.3	44.4	0.0	0.3	0.2	354.6	353.5	0.2	-0.1	354.2	354.1	355.2	355.2	354.5	360.4	101.3	134.0	52.9	37.1	355.5	355.0	44.0	54.8	4.0	39.7	0.0	9.6	.Autoclave.Outputs.PRESSIP\OutputValue	-6.0	1.1	0.6	-1.0	0.0	-1.0	-1.0	-1.0	0.0	0.0	0.0	-1.0	-1.0	0.0	0.0	0.0	-1.0	0.0
18:04:13	135.1	354.3	354.4	353.6	354.3	354.1	354.2	354.7	354.5	354.0	0.3	0.3	0.3	0.3	44.4	0.0	0.3	0.3	354.7	353.6	0.2	-0.2	354.2	354.2	355.2	355.2	354.4	360.2	101.4	135.0	53.9	36.1	355.2	355.0	44.0	52.1	4.1	39.7	0.0	4.3	.Autoclave.Outputs.PRESSIP\OutputValue	-6.0	1.1	0.5	-1.0	0.0	-1.0	-1.0	-1.0	0.0	0.0	0.0	-1.0	-1.0	0.0	0.0	0.0	-1.0	0.0
18:05:13	136.1	354.2	354.4	353.5	354.3	354.4	354.3	354.7	354.6	354.1	0.2	0.3	0.3	0.3	44.4	0.0	0.3	0.2	354.7	353.5	0.1	0.0	354.3	354.1	355.1	355.1	354.4	360.2	101.5	136.0	54.9	35.1	355.2	355.0	44.0	52.8	4.1	39.7	0.0	5.6	.Autoclave.Outputs.PRESSIP\OutputValue	-6.0	1.2	0.4	-1.0	0.0	-1.0	-1.0	-1.0	0.0	0.0	0.0	-1.0	-1.0	0.0	0.0	0.0	-1.0	0.0
18:06:13	137.0	354.2	354.4	353.6	354.3	354.2	354.2	354.7	354.6	354.2	0.2	0.3	0.3	0.3	44.4	0.0	0.3	0.2	354.7	353.6	0.2	-0.1	354.3	354.2	355.2	355.2	354.3	360.2	101.4	137.0	55.9	34.1	355.2	355.0	44.0	52.2	4.1	39.8	0.0	4.3	.Autoclave.Outputs.PRESSIP\OutputValue	-6.0	1.1	0.5	-1.0	0.0	-1.0	-1.0	-1.0	0.0	0.0	0.0	-1.0	-1.0	0.0	0.0	0.0	-1.0	0.0
18:07:13	138.1	354.2	354.4	353.7	354.3	354.5	354.1	354.7	354.7	354.1	0.2	0.3	0.3	0.3	44.4	0.0	0.3	0.2	354.7	353.7	0.1	-0.2	354.3	354.2	355.1	355.1	354.3	359.9	101.4	138.0	56.9	33.1	355.2	355.0	44.0	52.9	4.1	39.7	0.0	5.7	.Autoclave.Outputs.PRESSIP\OutputValue	-6.0	1.0	0.4	-1.0	0.0	-1.0	-1.0	-1.0	0.0	0.0	0.0	-1.0	-1.0	0.0	0.0	0.0	-1.0	0.0
18:08:13	139.1	354.2	354.4	353.6	354.3	354.1	354.2	340.4	354.7	354.3	0.2	0.3	0.3	0.3	44.4	0.0	0.3	0.2	354.7	340.4	0.2	-0.1	352.5	347.6	355.1	355.1	354.2	359.9	101.4	139.0	57.9	32.1	355.2	355.0	44.0	52.9	4.1	39.7	0.0	5.8	.Autoclave.Outputs.PRESSIP\OutputValue	-6.0	14.3	0.4	-1.0	0.0	-1.0	-1.0	-1.0	0.0	0.0	0.0	-1.0	-1.0	0.0	0.0	0.0	-1.0	0.0
18:09:13	140.0	354.3	354.3	353.6	354.2	354.1	354.2	354.7	354.7	354.2	0.2	0.3	0.3	0.3	44.4	0.0	0.3	0.2	354.7	353.6	0.2	-0.2	354.2	354.2	355.1	355.1	354.3	360.1	101.4	140.0	58.9	31.1	355.2	355.0	44.0	52.9	4.2	39.7	0.0	5.8	.Autoclave.Outputs.PRESSIP\OutputValue	-6.0	1.1	0.4	-1.0	0.0	-1.0	-1.0	-1.0	0.0	0.0	0.0	-1.0	-1.0	0.0	0.0	0.0	-1.0	0.0
18:10:13	141.0	354.3	354.4	353.6	354.2	354.4	354.2	354.7	354.7	354.2	0.2	0.3	0.3	0.3	44.4	0.0	0.3	0.2	354.7	353.6	0.3	0.0	354.3	354.2	354.9	354.9	354.3	360.1	101.3	141.0	59.9	30.1	355.2	355.0	44.0	53.6	4.2	39.8	0.0	7.2	.Autoclave.Outputs.PRESSIP\OutputValue	-6.0	1.1	0.2	-1.0	0.0	-1.0	-1.0	-1.0	0.0	0.0	0.0	-1.0	-1.0	0.0	0.0	0.0	-1.0	0.0
18:11:13	142.1	354.4	354.4	353.6	354.3	354.3	354.3	354.7	354.7	354.2	0.3	0.3	0.3	0.3	44.4	0.0	0.3	0.3	354.7	353.6	0.1	-0.3	354.3	354.2	355.1	355.1	354.3	360.3	101.3	142.0	60.9	29.1	355.3	355.0	44.0	54.3	4.2	39.7	0.0	8.6	.Autoclave.Outputs.PRESSIP\OutputValue	-6.0	1.1	0.4	-1.0	0.0	-1.0	-1.0	-1.0	0.0	0.0	0.0	-1.0	-1.0	0.0	0.0	0.0	-1.0	0.0
18:12:13	143.0	354.3	354.4	353.6	354.2	354.4	354.2	354.6	354.6	354.1	0.2	0.3	0.3	0.3	44.4	0.0	0.3	0.2	354.6	353.6	0.1	-0.1	354.3	354.1	355.1	355.2	354.4	360.1	101.4	143.0	61.9	28.1	355.3	355.0	44.0	53.0	4.2	39.7	0.0	5.9	.Autoclave.Outputs.PRESSIP\OutputValue	-6.0	1.0	0.5	-1.0	0.0	-1.0	-1.0	-1.0	0.0	0.0	0.0	-1.0	-1.0	0.0	0.0	0.0	-1.0	0.0
18:13:13	144.0	354.3	354.4	353.5	354.2	354.3	354.2	354.5	354.6	354.1	0.3	0.3	0.3	0.3	44.5	0.0	0.3	0.3	354.6	353.5	0.1	-0.3	354.2	354.1	355.2	355.2	354.3	360.4	101.3	144.0	62.9	27.1	355.4	355.0	44.0	54.3	4.2	39.5	0.0	8.6	.Autoclave.Outputs.PRESSIP\OutputValue	-6.0	1.1	0.6	-1.0	0.0	-1.0	-1.0	-1.0	0.0	0.0	0.0	-1.0	-1.0	0.0	0.0	0.0	-1.0	0.0
18:14:13	145.1	354.2	354.4	353.6	354.3	354.2	354.2	354.7	354.6	354.1	0.2	0.3	0.3	0.3	44.4	0.0	0.3	0.2	354.7	353.6	0.2	-0.1	354.3	354.2	355.0	355.1	354.3	360.1	101.3	145.0	63.9	26.1	355.3	355.0	44.0	54.3	4.3	39.7	0.0	8.7	.Autoclave.Outputs.PRESSIP\OutputValue	-6.0	1.1	0.3	-1.0	0.0	-1.0	-1.0	-1.0	0.0	0.0	0.0	-1.0	-1.0	0.0	0.0	0.0	-1.0	0.0
18:15:13	146.0	354.2	354.4	353.5	354.2	354.6	354.2	354.6	354.6	354.1	0.3	0.2	0.3	0.3	44.4	0.0	0.3	0.2	354.6	353.5	0.1	-0.1	354.3	354.1	355.1	355.1	354.3	360.3	101.4	146.0	64.9	25.1	355.4	355.0	44.0	53.7	4.3	39.5	0.0	7.4	.Autoclave.Outputs.PRESSIP\OutputValue	-6.0	1.1	0.5	-1.0	0.0	-1.0	-1.0	-1.0	0.0	0.0	0.0	-1.0	-1.0	0.0	0.0	0.0	-1.0	0.0
18:16:13	147.0	354.3	354.5	353.6	354.3	354.3	354.2	354.7	354.8	354.2	0.2	0.3	0.3	0.3	44.5	0.0	0.3	0.2	354.8	353.6	0.1	-0.1	354.3	354.2	355.2	355.2	354.3	360.3	101.4	147.0	65.9	24.1	355.2	355.0	44.0	53.0	4.3	39.3	0.0	6.1	.Autoclave.Outputs.PRESSIP\OutputValue	-6.0	1.2	0.4	-1.0	0.0	-1.0	-1.0	-1.0	0.0	0.0	0.0	-1.0	-1.0	0.0	0.0	0.0	-1.0	0.0
18:17:13	148.1	354.3	354.5	353.6	354.3	354.1	354.2	354.8	354.7	354.2	0.2	0.3	0.3	0.3	44.5	0.0	0.3	0.2	354.8	353.6	0.1	-0.1	354.3	354.2	355.2	355.2	354.4	360.5	101.4	148.0	66.9	23.1	355.2	355.0	44.0	53.1	4.3	39.5	0.0	6.1	.Autoclave.Outputs.PRESSIP\OutputValue	-6.0	1.2	0.4	-1.0	0.0	-1.0	-1.0	-1.0	0.0	0.0	0.0	-1.0	-1.0	0.0	0.0	0.0	-1.0	0.0
18:18:13	149.1	354.2	354.4	353.6	354.2	354.2	354.2	354.8	354.8	354.2	0.2	0.3	0.3	0.3	44.4	0.0	0.3	0.2	354.8	353.6	0.2	-0.1	354.3	354.2	355.1	355.1	354.3	359.9	101.4	149.0	67.9	22.1	355.2	355.0	44.0	53.2	4.3	39.7	0.0	6.3	.Autoclave.Outputs.PRESSIP\OutputValue	-6.0	1.2	0.3	-1.0	0.0	-1.0	-1.0	-1.0	0.0	0.0	0.0	-1.0	-1.0	0.0	0.0	0.0	-1.0	0.0
18:19:13	150.0	354.3	354.5	353.6	354.2	353.9	354.2	354.7	354.6	354.3	0.2	0.3	0.3	0.3	44.4	0.0	0.3	0.2	354.7	353.6	0.1	-0.1	354.2	354.2	355.1	355.1	354.3	360.2	101.3	150.0	68.9	21.1	355.3	355.0	44.0	53.1	4.3	39.5	0.0	6.2	.Autoclave.Outputs.PRESSIP\OutputValue	-6.0	1.1	0.4	-1.0	0.0	-1.0	-1.0	-1.0	0.0	0.0	0.0	-1.0	-1.0	0.0	0.0	0.0	-1.0	0.0
18:20:13	151.1	354.3	354.4	353.7	354.2	354.2	354.3	354.7	354.6	354.2	0.2	0.3	0.3	0.3	44.4	0.0	0.3	0.2	354.7	353.7	0.1	-0.1	354.3	354.2	355.1	355.1	354.3	360.5	101.4	151.0	69.9	20.1	355.4	355.0	44.0	54.5	4.4	39.7	0.0	9.1	.Autoclave.Outputs.PRESSIP\OutputValue	-6.0	1.0	0.4	-1.0	0.0	-1.0	-1.0	-1.0	0.0	0.0	0.0	-1.0	-1.0	0.0	0.0	0.0	-1.0	0.0
18:21:13	152.1	354.4	354.5	353.6	354.2	354.3	354.2	354.7	354.7	354.1	0.2	0.3	0.3	0.3	44.5	0.0	0.3	0.2	354.7	353.6	0.1	0.0	354.3	354.2	355.1	355.1	354.5	360.2	101.6	152.0	70.9	19.1	355.2	355.0	44.0	53.1	4.4	39.5	0.0	6.3	.Autoclave.Outputs.PRESSIP\OutputValue	-6.0	1.1	0.4	-1.0	0.0	-1.0	-1.0	-1.0	0.0	0.0	0.0	-1.0	-1.0	0.0	0.0	0.0	-1.0	0.0
18:22:13	153.0	354.3	354.5	353.6	354.2	354.4	354.3	354.7	354.6	354.2	0.2	0.3	0.3	0.3	44.5	0.0	0.3	0.2	354.7	353.6	0.2	-0.1	354.3	354.2	355.1	355.1	354.3	360.2	101.4	153.0	71.9	18.1	355.3	355.0	44.0	53.8	4.4	39.7	0.0	7.6	.Autoclave.Outputs.PRESSIP\OutputValue	-6.0	1.1	0.4	-1.0	0.0	-1.0	-1.0	-1.0	0.0	0.0	0.0	-1.0	-1.0	0.0	0.0	0.0	-1.0	0.0
18:23:13	154.1	354.3	354.4	353.6	354.3	354.2	354.3	354.8	354.7	354.1	0.2	0.3	0.3	0.3	44.5	0.0	0.3	0.2	354.8	353.6	0.1	-0.1	354.3	354.2	354.9	354.9	354.1	360.4	101.4	154.0	72.9	17.1	355.2	355.0	44.0	53.2	4.4	39.3	0.0	6.3	.Autoclave.Outputs.PRESSIP\OutputValue	-6.0	1.2	0.1	-1.0	0.0	-1.0	-1.0	-1.0	0.0	0.0	0.0	-1.0	-1.0	0.0	0.0	0.0	-1.0	0.0
18:24:13	155.1	354.2	354.4	353.6	354.3	354.4	354.2	354.9	354.8	354.3	0.2	0.3	0.3	0.3	44.4	0.0	0.3	0.2	354.9	353.6	0.1	-0.2	354.4	354.3	355.0	355.0	354.3	360.2	101.5	155.0	73.9	16.1	355.2	355.0	44.0	54.5	4.4	39.3	0.0	9.0	.Autoclave.Outputs.PRESSIP\OutputValue	-6.0	1.3	0.1	-1.0	0.0	-1.0	-1.0	-1.0	0.0	0.0	0.0	-1.0	-1.0	0.0	0.0	0.0	-1.0	0.0
18:25:13	156.0	354.2	354.4	353.6	354.3	354.3	354.2	354.8	354.6	354.1	0.2	0.3	0.3	0.3	44.5	0.0	0.3	0.2	354.8	353.6	0.2	-0.1	354.3	354.2	355.0	355.0	354.3	359.9	101.4	156.0	74.9	15.1	355.2	355.0	44.0	53.2	4.4	39.3	0.0	6.4	.Autoclave.Outputs.PRESSIP\OutputValue	-6.0	1.2	0.2	-1.0	0.0	-1.0	-1.0	-1.0	0.0	0.0	0.0	-1.0	-1.0	0.0	0.0	0.0	-1.0	0.0
18:26:13	157.0	354.2	354.4	353.6	354.3	354.2	354.2	354.8	354.6	354.3	0.2	0.3	0.3	0.3	44.5	0.0	0.3	0.2	354.8	353.6	0.1	-0.1	354.3	354.2	355.1	355.1	354.3	359.8	101.4	157.0	75.9	14.1	355.2	355.0	44.0	53.2	4.5	39.5	0.0	6.4	.Autoclave.Outputs.PRESSIP\OutputValue	-6.0	1.2	0.3	-1.0	0.0	-1.0	-1.0	-1.0	0.0	0.0	0.0	-1.0	-1.0	0.0	0.0	0.0	-1.0	0.0
18:27:13	158.1	354.1	354.4	353.6	354.3	354.3	354.3	354.8	354.6	354.3	0.3	0.3	0.3	0.3	44.5	0.0	0.3	0.3	354.8	353.6	0.1	-0.1	354.3	354.2	355.1	355.0	354.3	359.9	101.4	158.0	76.9	13.1	355.2	355.0	44.0	53.2	4.5	39.5	0.0	6.4	.Autoclave.Outputs.PRESSIP\OutputValue	-6.0	1.2	0.3	-1.0	0.0	-1.0	-1.0	-1.0	0.0	0.0	0.0	-1.0	-1.0	0.0	0.0	0.0	-1.0	0.0
18:28:13	159.0	354.3	354.4	353.7	354.2	354.1	354.2	354.8	354.6	354.2	0.3	0.3	0.3	0.3	44.5	0.0	0.3	0.3	354.8	353.7	0.1	-0.2	354.3	354.3	355.1	355.1	354.3	360.5	101.6	159.0	77.9	12.1	355.4	355.0	44.0	53.9	4.5	39.3	0.0	7.8	.Autoclave.Outputs.PRESSIP\OutputValue	-6.0	1.1	0.3	-1.0	0.0	-1.0	-1.0	-1.0	0.0	0.0	0.0	-1.0	-1.0	0.0	0.0	0.0	-1.0	0.0
18:29:13	160.0	354.2	354.4	353.7	354.2	354.3	354.2	354.8	354.6	354.1	0.2	0.3	0.3	0.3	44.5	0.0	0.3	0.2	354.8	353.7	0.2	-0.1	354.3	354.3	355.2	355.2	354.3	360.2	101.6	160.0	78.9	11.1	355.3	355.0	44.0	53.3	4.5	39.3	0.0	6.5	.Autoclave.Outputs.PRESSIP\OutputValue	-6.0	1.1	0.4	-1.0	0.0	-1.0	-1.0	-1.0	0.0	0.0	0.0	-1.0	-1.0	0.0	0.0	0.0	-1.0	0.0
18:30:13	161.1	354.2	354.5	353.6	354.2	354.3	354.3	354.7	354.6	354.0	0.2	0.3	0.3	0.3	44.5	0.0	0.3	0.2	354.7	353.6	0.1	-0.1	354.3	354.2	355.1	355.1	354.4	360.4	101.6	161.0	79.9	10.1	355.3	355.0	44.0	53.9	4.5	39.3	0.0	7.9	.Autoclave.Outputs.PRESSIP\OutputValue	-6.0	1.1	0.4	-1.0	0.0	-1.0	-1.0	-1.0	0.0	0.0	0.0	-1.0	-1.0	0.0	0.0	0.0	-1.0	0.0
18:31:13	162.1	354.3	354.5	353.6	354.3	354.3	354.3	354.8	354.6	354.1	0.3	0.3	0.3	0.3	44.4	0.0	0.3	0.3	354.8	353.6	0.1	-0.1	354.3	354.2	355.2	355.2	354.3	360.3	101.4	162.0	80.9	9.1	355.3	355.0	44.0	53.3	4.5	39.7	0.0	6.6	.Autoclave.Outputs.PRESSIP\OutputValue	-6.0	1.2	0.4	-1.0	0.0	-1.0	-1.0	-1.0	0.0	0.0	0.0	-1.0	-1.0	0.0	0.0	0.0	-1.0	0.0
18:32:13	163.0	354.3	354.5	353.6	354.3	354.2	354.3	354.6	354.6	354.1	0.3	0.3	0.3	0.3	44.5	0.0	0.3	0.3	354.6	353.6	0.1	-0.1	354.3	354.1	355.2	355.2	354.6	360.3	101.5	163.0	81.9	8.1	355.4	355.0	44.0	54.0	4.5	39.5	0.0	8.1	.Autoclave.Outputs.PRESSIP\OutputValue	-6.0	1.0	0.6	-1.0	0.0	-1.0	-1.0	-1.0	0.0	0.0	0.0	-1.0	-1.0	0.0	0.0	0.0	-1.0	0.0
18:33:13	164.1	354.2	354.5	353.7	354.2	354.3	354.2	354.8	354.5	354.1	0.2	0.3	0.3	0.3	44.5	0.0	0.3	0.2	354.8	353.7	0.1	0.0	354.3	354.3	355.2	355.2	354.5	360.2	101.6	164.0	82.9	7.1	355.2	355.0	44.0	52.6	4.6	39.5	0.0	5.3	.Autoclave.Outputs.PRESSIP\OutputValue	-6.0	1.1	0.4	-1.0	0.0	-1.0	-1.0	-1.0	0.0	0.0	0.0	-1.0	-1.0	0.0	0.0	0.0	-1.0	0.0
18:34:13	165.1	354.4	354.4	353.6	354.3	354.4	354.3	354.7	354.6	354.0	0.2	0.3	0.3	0.3	44.5	0.0	0.3	0.2	354.7	353.6	0.1	-0.4	354.3	354.2	355.1	355.2	354.5	360.3	101.5	165.0	83.9	6.1	355.4	355.0	44.0	54.7	4.6	39.5	0.0	9.5	.Autoclave.Outputs.PRESSIP\OutputValue	-6.0	1.1	0.4	-1.0	0.0	-1.0	-1.0	-1.0	0.0	0.0	0.0	-1.0	-1.0	0.0	0.0	0.0	-1.0	0.0
18:35:13	166.0	354.3	354.4	353.6	354.3	354.4	354.3	354.8	354.6	354.1	0.3	0.3	0.3	0.3	44.5	0.0	0.3	0.3	354.8	353.6	0.4	-0.2	354.3	354.2	355.1	355.1	354.4	360.5	101.5	166.0	84.9	5.1	355.3	355.0	44.0	53.3	4.6	39.3	0.0	6.7	.Autoclave.Outputs.PRESSIP\OutputValue	-6.0	1.2	0.3	-1.0	0.0	-1.0	-1.0	-1.0	0.0	0.0	0.0	-1.0	-1.0	0.0	0.0	0.0	-1.0	0.0
18:36:13	167.1	354.3	354.5	353.7	354.2	354.4	354.2	354.6	354.5	354.2	0.2	0.2	0.3	0.3	44.5	0.0	0.3	0.2	354.6	353.7	0.2	-0.1	354.3	354.2	355.2	355.2	354.4	360.2	101.6	167.0	85.9	4.1	355.4	355.0	44.0	54.7	4.6	39.3	0.0	9.4	.Autoclave.Outputs.PRESSIP\OutputValue	-6.0	0.9	0.6	-1.0	0.0	-1.0	-1.0	-1.0	0.0	0.0	0.0	-1.0	-1.0	0.0	0.0	0.0	-1.0	0.0
18:37:13	168.1	354.2	354.5	353.6	354.3	354.4	354.3	354.7	354.6	354.0	0.3	0.3	0.3	0.3	44.5	0.0	0.3	0.3	354.7	353.6	0.1	-0.2	354.3	354.2	355.2	355.2	354.5	360.2	101.6	168.0	86.9	3.1	355.4	355.0	44.0	54.1	4.6	39.1	0.0	8.2	.Autoclave.Outputs.PRESSIP\OutputValue	-6.0	1.1	0.5	-1.0	0.0	-1.0	-1.0	-1.0	0.0	0.0	0.0	-1.0	-1.0	0.0	0.0	0.0	-1.0	0.0
18:38:13	169.0	354.3	354.5	353.7	354.3	354.6	354.2	354.8	354.6	354.1	0.3	0.3	0.3	0.3	44.5	0.0	0.3	0.3	354.8	353.7	0.4	-0.1	354.3	354.3	355.1	355.1	354.4	359.9	101.7	169.0	87.9	2.1	355.3	355.0	44.0	53.4	4.6	39.3	0.0	6.7	.Autoclave.Outputs.PRESSIP\OutputValue	-6.0	1.1	0.3	-1.0	0.0	-1.0	-1.0	-1.0	0.0	0.0	0.0	-1.0	-1.0	0.0	0.0	0.0	-1.0	0.0
18:39:13	170.1	354.2	354.5	353.7	354.3	354.4	354.3	354.8	354.6	354.0	0.2	0.3	0.3	0.3	44.4	0.0	0.3	0.2	354.8	353.7	0.2	-0.1	354.3	354.3	355.2	355.1	354.4	360.0	101.6	170.0	88.9	1.1	355.3	355.0	44.0	52.7	4.6	39.5	0.0	5.4	.Autoclave.Outputs.PRESSIP\OutputValue	-6.0	1.1	0.4	-1.0	0.0	-1.0	-1.0	-1.0	0.0	0.0	0.0	-1.0	-1.0	0.0	0.0	0.0	-1.0	0.0
18:40:14	171.1	354.3	354.5	353.8	354.3	354.2	354.3	354.7	354.6	354.1	0.2	0.3	0.3	0.3	44.5	0.0	0.3	0.2	354.7	353.8	0.1	-1.0	354.3	354.3	355.2	355.2	354.4	360.4	101.6	171.0	89.9	0.1	355.2	355.0	44.0	52.7	4.7	39.3	0.0	5.5	.Autoclave.Outputs.PRESSIP\OutputValue	-6.0	0.9	0.5	-1.0	0.0	-1.0	-1.0	-1.0	0.0	0.0	0.0	-1.0	-1.0	0.0	0.0	0.0	-1.0	0.0
18:40:21	171.2	354.3	354.5	353.8	354.3	354.5	354.4	354.6	354.7	354.2	0.2	0.3	0.3	0.3	44.4	0.0	0.3	0.2	354.7	353.8	0.1	-0.2	354.4	354.3	355.2	355.2	354.4	360.0	101.6	171.2	90.0	0.0	355.2	355.0	44.0	52.7	4.7	39.7	0.0	5.5	.Autoclave.Outputs.PRESSIP\OutputValue	-6.0	0.9	0.5	-1.0	0.0	-1.0	-1.0	-1.0	0.0	0.0	0.0	-1.0	-1.0	0.0	0.0	0.0	-1.0	0.0
18:41:13	172.0	351.7	351.9	352.8	353.5	351.6	353.7	353.9	353.8	352.7	0.2	0.3	0.3	0.3	43.6	0.0	0.3	0.2	353.9	351.6	0.3	-2.2	353.0	352.7	343.9	343.9	343.2	338.1	101.7	172.0	0.9	0.0	351.1	351.1	44.0	99.8	4.6	48.9	0.0	99.7	.Autoclave.Outputs.PRESSIP\OutputValue	-5.4	2.3	-10.0	-1.0	0.0	-1.0	-1.0	-1.0	0.0	0.0	0.0	-1.0	-1.0	0.0	0.0	0.0	-1.0	0.0
18:42:13	173.0	350.7	351.2	351.5	351.7	350.6	352.7	352.6	352.4	351.4	0.2	0.3	0.3	0.3	44.0	0.0	0.3	0.2	352.7	350.6	-1.2	-5.6	351.8	351.6	346.1	346.1	345.3	351.4	101.5	173.0	1.9	0.0	346.6	346.6	44.0	55.6	3.7	45.2	0.0	11.2	.Autoclave.Outputs.PRESSIP\OutputValue	-5.1	2.1	-6.6	-1.0	0.0	-1.0	-1.0	-1.0	0.0	0.0	0.0	-1.0	-1.0	0.0	0.0	0.0	-1.0	0.0
18:43:13	174.1	348.6	349.1	350.6	350.6	347.9	351.8	351.4	351.5	349.8	0.2	0.2	0.3	0.2	43.8	0.0	0.3	0.2	351.8	347.9	3.0	-2.3	350.3	349.8	336.3	336.3	335.5	323.6	101.5	174.0	2.9	0.0	342.1	342.1	44.0	89.5	3.7	47.9	0.0	79.0	.Autoclave.Outputs.PRESSIP\OutputValue	-4.5	3.9	-15.5	-1.0	0.0	-1.0	-1.0	-1.0	0.0	0.0	0.0	-1.0	-1.0	0.0	0.0	0.0	-1.0	0.0
18:44:13	175.0	346.6	347.0	348.6	348.1	346.0	349.9	349.3	349.4	347.6	0.2	0.2	0.3	0.3	44.3	0.0	0.3	0.2	349.9	346.0	-1.9	-2.6	348.2	347.9	336.3	336.3	335.5	341.9	101.7	175.0	3.9	0.0	337.6	337.6	44.0	60.8	4.2	41.8	0.0	21.6	.Autoclave.Outputs.PRESSIP\OutputValue	-4.8	3.9	-13.6	-1.0	0.0	-1.0	-1.0	-1.0	0.0	0.0	0.0	-1.0	-1.0	0.0	0.0	0.0	-1.0	0.0
18:45:13	176.0	344.0	344.1	347.0	346.5	342.7	348.5	347.2	347.6	345.5	0.2	0.2	0.2	0.2	43.3	0.0	0.2	0.2	348.5	342.7	-1.4	-5.5	346.1	345.6	327.2	327.1	326.3	317.3	101.5	176.0	4.9	0.0	333.1	333.1	44.0	92.3	4.3	52.1	0.0	84.5	.Autoclave.Outputs.PRESSIP\OutputValue	-4.5	5.8	-21.3	-1.0	0.0	-1.0	-1.0	-1.0	0.0	0.0	0.0	-1.0	-1.0	0.0	0.0	0.0	-1.0	0.0
18:46:13	177.1	342.0	342.5	345.0	343.9	340.8	346.4	344.9	345.3	343.2	0.2	0.2	0.3	0.2	43.8	0.0	0.3	0.2	346.4	340.8	1.0	-2.8	344.0	343.6	328.1	328.1	327.4	332.5	101.6	177.0	5.9	0.0	328.6	328.6	44.0	56.7	4.7	48.0	0.0	13.4	.Autoclave.Outputs.PRESSIP\OutputValue	-3.9	5.6	-18.3	-1.0	0.0	-1.0	-1.0	-1.0	0.0	0.0	0.0	-1.0	-1.0	0.0	0.0	0.0	-1.0	0.0
18:46:27	177.3	341.9	342.4	344.9	343.5	340.6	346.0	344.5	345.0	342.9	0.2	0.2	0.2	0.2	43.7	0.0	0.2	0.2	346.0	340.6	1.0	-2.4	343.7	343.3	328.3	328.4	327.6	330.4	101.6	177.2	6.1	0.0	327.7	327.6	44.0	48.9	4.7	49.1	0.0	0.0	.Autoclave.Outputs.PRESSIP\OutputValue	-3.8	5.4	-17.8	-1.0	0.0	-1.0	-1.0	-1.0	0.0	0.0	0.0	-1.0	-1.0	0.0	0.0	0.0	-1.0	0.0
18:47:13	178.1	339.1	339.6	343.1	341.7	337.3	344.3	342.2	342.9	340.4	0.2	0.2	0.2	0.2	44.1	0.0	0.2	0.2	344.3	337.3	-1.7	-3.3	341.4	340.8	318.6	318.5	317.7	315.1	101.7	178.0	0.8	0.0	324.1	324.1	44.0	90.2	4.9	45.6	0.0	80.4	.Autoclave.Outputs.PRESSIP\OutputValue	-3.3	7.0	-25.7	-1.0	0.0	-1.0	-1.0	-1.0	0.0	0.0	0.0	-1.0	-1.0	0.0	0.0	0.0	-1.0	0.0
18:48:13	179.0	337.3	337.9	341.1	339.1	335.4	342.1	339.7	340.5	338.2	0.2	0.2	0.2	0.3	44.3	0.0	0.3	0.2	342.1	335.4	-2.3	-2.7	339.2	338.7	320.2	320.2	319.5	322.0	101.5	179.0	1.8	0.0	319.6	319.6	44.0	48.3	5.1	43.1	0.0	0.0	.Autoclave.Outputs.PRESSIP\OutputValue	-3.9	6.7	-21.9	-1.0	0.0	-1.0	-1.0	-1.0	0.0	0.0	0.0	-1.0	-1.0	0.0	0.0	0.0	-1.0	0.0
18:49:13	180.1	333.6	334.2	338.4	336.1	331.2	339.5	336.6	337.6	334.7	0.2	0.2	0.2	0.2	43.7	0.0	0.2	0.2	339.5	331.2	-2.5	-4.1	336.0	335.3	310.4	310.4	309.7	309.6	101.6	180.0	2.8	0.0	315.1	315.1	44.0	85.3	5.3	49.8	0.0	70.6	.Autoclave.Outputs.PRESSIP\OutputValue	-3.2	8.3	-29.1	-1.0	0.0	-1.0	-1.0	-1.0	0.0	0.0	0.0	-1.0	-1.0	0.0	0.0	0.0	-1.0	0.0
18:50:13	181.1	331.6	332.4	336.3	333.5	329.2	337.0	333.6	334.9	332.3	0.2	0.2	0.2	0.2	43.8	0.0	0.2	0.2	337.0	329.2	-1.8	-2.9	333.6	333.1	311.8	311.8	311.0	313.2	101.5	181.0	3.8	0.0	310.6	310.6	44.0	46.1	5.5	49.7	-1.0	0.0	.Autoclave.Outputs.PRESSIP\OutputValue	-2.8	7.8	-25.2	-1.0	0.0	-1.0	-1.0	-1.0	0.0	0.0	0.0	-1.0	-1.0	0.0	0.0	0.0	-1.0	0.0
18:51:13	182.0	327.9	328.6	333.5	330.3	324.7	334.0	330.2	331.6	328.5	0.1	0.1	0.2	0.2	44.4	0.0	0.2	0.1	334.0	324.7	-2.9	-4.1	330.2	329.3	302.5	302.5	301.8	304.7	101.8	182.0	4.8	0.0	306.1	306.1	44.0	77.8	5.7	43.7	0.0	55.6	.Autoclave.Outputs.PRESSIP\OutputValue	-2.5	9.3	-31.4	-1.0	0.0	-1.0	-1.0	-1.0	0.0	0.0	0.0	-1.0	-1.0	0.0	0.0	0.0	-1.0	0.0
18:52:13	183.1	325.8	326.6	331.3	327.5	322.3	331.3	327.3	328.8	325.5	0.1	0.2	0.2	0.2	43.7	0.0	0.2	0.1	331.3	322.3	-1.8	-3.3	327.6	326.8	302.7	302.6	301.8	293.5	101.5	183.0	5.8	0.0	301.6	301.6	44.0	46.5	5.8	49.2	-1.0	0.0	.Autoclave.Outputs.PRESSIP\OutputValue	-3.0	9.1	-28.6	-1.0	0.0	-1.0	-1.0	-1.0	0.0	0.0	0.0	-1.0	-1.0	0.0	0.0	0.0	-1.0	0.0
18:53:13	184.1	321.9	323.0	328.2	324.0	318.1	328.0	323.4	325.3	321.8	0.1	0.1	0.2	0.2	43.8	0.0	0.2	0.1	328.2	318.1	-3.2	-4.4	324.0	323.1	295.5	295.5	294.8	296.6	101.6	184.0	6.8	0.0	297.1	297.1	44.0	64.7	6.1	49.6	0.0	29.4	.Autoclave.Outputs.PRESSIP\OutputValue	-2.3	10.2	-32.7	-1.0	0.0	-1.0	-1.0	-1.0	0.0	0.0	0.0	-1.0	-1.0	0.0	0.0	0.0	-1.0	0.0
18:54:13	185.0	319.3	320.2	325.6	321.3	314.9	325.1	320.4	322.2	318.9	0.1	0.2	0.2	0.2	43.7	0.0	0.2	0.1	325.6	314.9	-2.4	-7.1	321.1	320.2	291.1	290.9	290.1	274.5	101.7	185.0	7.8	0.0	292.6	292.6	44.0	64.2	6.1	51.0	0.0	28.4	.Autoclave.Outputs.PRESSIP\OutputValue	-1.6	10.8	-34.5	-1.0	0.0	-1.0	-1.0	-1.0	0.0	0.0	0.0	-1.0	-1.0	0.0	0.0	0.0	-1.0	0.0
18:55:13	186.0	315.6	316.7	322.5	317.4	311.2	321.8	316.3	318.4	314.6	0.1	0.2	0.2	0.2	44.2	0.0	0.2	0.1	322.5	311.2	0.0	-4.6	317.4	316.8	287.7	287.8	287.1	288.2	101.6	186.0	8.8	0.0	288.1	288.1	44.0	57.1	6.3	46.3	0.0	14.1	.Autoclave.Outputs.PRESSIP\OutputValue	-1.8	11.4	-34.8	-1.0	0.0	-1.0	-1.0	-1.0	0.0	0.0	0.0	-1.0	-1.0	0.0	0.0	0.0	-1.0	0.0
18:56:13	187.1	311.9	313.3	319.4	314.3	306.9	318.6	310.1	315.1	311.0	0.1	0.1	0.2	0.1	43.4	0.0	0.2	0.1	319.4	306.9	-2.8	-3.9	313.6	313.2	279.8	279.8	278.9	272.5	101.6	187.0	9.8	0.0	283.6	283.6	44.0	79.1	6.4	54.2	0.0	58.2	.Autoclave.Outputs.PRESSIP\OutputValue	-1.4	12.5	-39.6	-1.0	0.0	-1.0	-1.0	-1.0	0.0	0.0	0.0	-1.0	-1.0	0.0	0.0	0.0	-1.0	0.0
18:57:13	188.0	309.1	310.4	316.4	310.7	303.7	315.1	308.8	311.6	307.5	0.1	0.1	0.2	0.2	43.6	0.0	0.2	0.1	316.4	303.7	-3.3	-4.0	310.5	310.1	279.5	279.5	278.7	278.7	101.5	188.0	10.8	0.0	279.1	279.1	44.0	50.5	6.5	53.6	0.0	1.1	.Autoclave.Outputs.PRESSIP\OutputValue	-0.7	12.7	-36.9	-1.0	0.0	-1.0	-1.0	-1.0	0.0	0.0	0.0	-1.0	-1.0	0.0	0.0	0.0	-1.0	0.0
18:58:13	189.0	305.1	306.5	313.1	307.1	299.0	311.6	304.6	307.7	303.9	0.1	0.1	0.2	0.1	44.2	0.0	0.2	0.1	313.1	299.0	-3.2	-4.6	306.7	306.1	271.0	270.9	270.3	270.5	101.8	189.0	11.8	0.0	274.6	274.6	44.0	79.4	6.6	48.3	0.0	58.8	.Autoclave.Outputs.PRESSIP\OutputValue	0.0	14.1	-42.1	-1.0	0.0	-1.0	-1.0	-1.0	0.0	0.0	0.0	-1.0	-1.0	0.0	0.0	0.0	-1.0	0.0
18:59:13	190.1	302.6	304.0	310.2	303.7	296.4	308.3	301.3	304.2	300.8	0.1	0.1	0.2	0.2	43.9	0.0	0.2	0.1	310.2	296.4	-2.7	-3.8	303.6	303.3	271.5	271.5	270.8	268.8	101.6	190.0	12.8	0.0	270.1	270.1	44.0	45.5	6.7	50.8	-1.0	0.0	.Autoclave.Outputs.PRESSIP\OutputValue	-0.3	13.8	-38.7	-1.0	0.0	-1.0	-1.0	-1.0	0.0	0.0	0.0	-1.0	-1.0	0.0	0.0	0.0	-1.0	0.0
19:00:13	191.0	297.8	299.8	306.5	299.7	291.9	304.3	296.9	299.9	296.5	0.1	0.1	0.2	0.1	43.7	0.0	0.2	0.1	306.5	291.9	-3.8	-4.6	299.4	299.2	264.9	265.1	264.2	266.1	101.6	191.0	13.8	0.0	265.6	265.6	44.0	59.7	6.9	53.4	0.0	19.4	.Autoclave.Outputs.PRESSIP\OutputValue	0.6	14.6	-41.6	-1.0	0.0	-1.0	-1.0	-1.0	0.0	0.0	0.0	-1.0	-1.0	0.0	0.0	0.0	-1.0	0.0
19:01:13	192.0	294.9	296.2	303.3	296.3	287.9	300.8	290.9	296.3	292.8	0.1	0.1	0.2	0.1	43.8	0.0	0.2	0.1	303.3	287.9	-3.0	-4.1	295.6	295.6	258.3	258.1	257.3	250.9	101.8	192.0	14.8	0.0	261.1	261.1	44.0	73.8	6.9	53.4	0.0	47.5	.Autoclave.Outputs.PRESSIP\OutputValue	1.5	15.4	-45.0	-1.0	0.0	-1.0	-1.0	-1.0	0.0	0.0	0.0	-1.0	-1.0	0.0	0.0	0.0	-1.0	0.0
19:02:13	193.1	291.4	293.2	300.0	292.7	284.4	297.0	289.0	292.4	289.4	0.1	0.1	0.2	0.1	43.6	0.0	0.2	0.1	300.0	284.4	-3.0	-4.1	292.3	292.2	257.7	257.7	256.9	251.3	101.6	193.0	15.8	0.0	256.6	256.6	44.0	47.2	7.0	55.0	-1.0	0.0	.Autoclave.Outputs.PRESSIP\OutputValue	1.4	15.6	-42.3	-1.0	0.0	-1.0	-1.0	-1.0	0.0	0.0	0.0	-1.0	-1.0	0.0	0.0	0.0	-1.0	0.0
19:03:13	194.1	287.1	289.1	296.1	288.5	280.0	293.1	284.6	288.3	285.3	0.1	0.1	0.1	0.1	43.7	0.0	0.1	0.1	296.1	280.0	-4.0	-4.4	288.1	288.1	252.4	252.4	251.7	253.1	101.5	194.0	16.8	0.0	252.1	252.1	44.0	53.3	7.1	55.6	0.0	6.5	.Autoclave.Outputs.PRESSIP\OutputValue	2.4	16.1	-43.7	-1.0	0.0	-1.0	-1.0	-1.0	0.0	0.0	0.0	-1.0	-1.0	0.0	0.0	0.0	-1.0	0.0
19:04:13	195.0	282.6	285.0	292.6	284.7	275.7	289.3	280.2	284.1	281.0	0.1	0.1	0.1	0.1	44.1	0.0	0.1	0.1	292.6	275.7	-3.6	-4.1	284.1	284.2	245.1	245.1	244.4	245.8	101.6	195.0	17.8	0.0	247.6	247.6	44.0	71.3	7.2	51.8	0.0	42.7	.Autoclave.Outputs.PRESSIP\OutputValue	3.1	16.9	-47.5	-1.0	0.0	-1.0	-1.0	-1.0	0.0	0.0	0.0	-1.0	-1.0	0.0	0.0	0.0	-1.0	0.0
19:05:13	196.1	279.2	281.0	289.1	280.9	271.4	285.5	276.5	280.4	277.1	0.1	0.1	0.1	0.1	43.5	0.0	0.1	0.1	289.1	271.4	-3.4	-4.2	280.2	280.3	240.3	240.3	239.6	235.9	101.6	196.0	18.8	0.0	243.1	243.1	44.0	72.8	7.2	58.0	0.0	45.5	.Autoclave.Outputs.PRESSIP\OutputValue	3.5	17.7	-48.8	-1.0	0.0	-1.0	-1.0	-1.0	0.0	0.0	0.0	-1.0	-1.0	0.0	0.0	0.0	-1.0	0.0
19:06:13	197.1	275.4	277.8	285.7	277.1	267.9	281.7	272.3	276.4	273.6	0.0	0.1	0.1	0.1	43.6	0.0	0.1	0.0	285.7	267.9	-3.2	-4.1	276.6	276.8	238.7	238.6	237.9	225.2	101.5	197.0	19.8	0.0	238.6	238.6	44.0	54.9	7.3	59.7	0.0	9.7	.Autoclave.Outputs.PRESSIP\OutputValue	4.2	17.8	-47.0	-1.0	0.0	-1.0	-1.0	-1.0	0.0	0.0	0.0	-1.0	-1.0	0.0	0.0	0.0	-1.0	0.0
19:07:13	198.0	272.2	274.0	281.9	273.1	264.3	277.6	266.1	272.2	269.6	0.1	0.1	0.1	0.1	44.0	0.0	0.1	0.1	281.9	264.3	-4.0	-4.6	272.4	273.1	235.6	235.6	234.7	234.1	101.8	198.0	20.8	0.0	234.1	234.1	44.0	46.2	7.4	53.8	-1.0	0.0	.Autoclave.Outputs.PRESSIP\OutputValue	4.1	17.6	-46.3	-1.0	0.0	-1.0	-1.0	-1.0	0.0	0.0	0.0	-1.0	-1.0	0.0	0.0	0.0	-1.0	0.0
19:08:13	199.1	267.6	269.7	278.1	268.8	259.7	273.6	263.6	267.7	265.1	0.0	0.1	0.2	0.1	43.8	0.0	0.2	0.0	278.1	259.7	-3.8	-4.6	268.3	268.9	229.5	229.5	228.6	231.1	101.5	199.0	21.8	0.0	229.6	229.6	44.0	57.0	7.5	56.6	0.0	14.1	.Autoclave.Outputs.PRESSIP\OutputValue	4.9	18.4	-48.6	-1.0	0.0	-1.0	-1.0	-1.0	0.0	0.0	0.0	-1.0	-1.0	0.0	0.0	0.0	-1.0	0.0
19:09:13	200.1	264.5	265.5	274.4	264.8	255.0	269.7	258.2	263.7	260.9	0.1	0.1	0.1	0.1	44.2	0.0	0.1	0.1	274.4	255.0	-3.7	-4.8	264.0	264.7	223.1	223.2	222.4	223.6	101.6	200.0	22.8	0.0	225.1	225.1	44.0	69.1	7.5	53.4	0.0	38.2	.Autoclave.Outputs.PRESSIP\OutputValue	5.5	19.4	-51.3	-1.0	0.0	-1.0	-1.0	-1.0	0.0	0.0	0.0	-1.0	-1.0	0.0	0.0	0.0	-1.0	0.0
19:10:13	201.0	259.8	261.8	270.6	260.9	250.6	265.7	255.3	259.6	257.0	0.0	0.1	0.1	0.1	43.5	0.0	0.1	0.0	270.6	250.6	-3.9	-4.7	260.2	260.6	218.5	218.4	217.6	212.0	101.4	201.0	23.8	0.0	220.6	220.6	44.0	69.8	7.5	60.4	0.0	39.7	.Autoclave.Outputs.PRESSIP\OutputValue	5.7	20.0	-52.1	-1.0	0.0	-1.0	-1.0	-1.0	0.0	0.0	0.0	-1.0	-1.0	0.0	0.0	0.0	-1.0	0.0
19:11:13	202.0	256.7	258.2	267.0	256.9	247.6	261.9	250.7	255.5	253.2	0.0	0.0	0.1	0.1	43.1	0.0	0.1	0.0	267.0	247.6	-3.6	-4.5	256.4	257.3	217.0	216.8	216.1	206.0	101.3	202.0	24.8	0.0	216.1	216.1	44.0	49.9	7.5	66.0	-1.0	0.0	.Autoclave.Outputs.PRESSIP\OutputValue	6.4	19.4	-50.0	-1.0	0.0	-1.0	-1.0	-1.0	0.0	0.0	0.0	-1.0	-1.0	0.0	0.0	0.0	-1.0	0.0
19:12:13	203.1	253.4	254.1	262.9	252.6	243.4	257.7	246.4	251.1	248.9	0.0	0.1	0.1	0.1	43.9	0.0	0.1	0.0	262.9	243.4	-4.1	-4.8	252.1	253.2	212.9	212.9	212.3	210.6	101.6	203.0	25.8	0.0	211.6	211.6	44.0	47.1	7.6	56.8	-1.0	0.0	.Autoclave.Outputs.PRESSIP\OutputValue	6.4	19.5	-50.0	-1.0	0.0	-1.0	-1.0	-1.0	0.0	0.0	0.0	-1.0	-1.0	0.0	0.0	0.0	-1.0	0.0
19:13:13	204.0	248.9	249.8	259.0	248.6	238.9	253.6	241.5	246.8	244.4	0.0	0.0	0.1	0.1	43.8	0.0	0.1	0.0	259.0	238.9	-4.1	-4.6	247.8	249.0	207.8	207.8	207.1	208.5	101.5	204.0	26.8	0.0	207.1	207.1	44.0	51.2	7.6	59.6	0.0	2.3	.Autoclave.Outputs.PRESSIP\OutputValue	7.1	20.1	-51.2	-1.0	0.0	-1.0	-1.0	-1.0	0.0	0.0	0.0	-1.0	-1.0	0.0	0.0	0.0	-1.0	0.0
19:14:13	205.0	244.1	245.4	255.0	244.4	234.5	249.6	237.6	242.4	240.3	0.0	0.1	0.1	0.1	44.0	0.0	0.1	0.0	255.0	234.5	-3.9	-4.9	243.7	244.8	201.4	201.4	200.6	201.7	101.7	205.0	27.8	0.0	202.6	202.6	44.0	64.0	7.6	58.1	0.0	28.0	.Autoclave.Outputs.PRESSIP\OutputValue	7.9	20.5	-53.6	-1.0	0.0	-1.0	-1.0	-1.0	0.0	0.0	0.0	-1.0	-1.0	0.0	0.0	0.0	-1.0	0.0
19:15:13	206.1	240.3	241.5	251.1	240.4	229.9	245.5	233.3	238.3	236.0	0.0	0.1	0.1	0.1	43.5	0.0	0.1	0.0	251.1	229.9	-3.9	-4.4	239.5	240.5	196.9	196.8	196.1	194.9	101.4	206.0	28.8	0.0	198.1	198.1	44.0	64.1	7.6	62.7	0.0	28.2	.Autoclave.Outputs.PRESSIP\OutputValue	8.0	21.2	-54.3	-1.0	0.0	-1.0	-1.0	-1.0	0.0	0.0	0.0	-1.0	-1.0	0.0	0.0	0.0	-1.0	0.0
19:16:13	207.1	236.4	237.8	247.1	236.4	226.0	241.3	229.1	234.2	231.7	0.1	0.1	0.1	0.1	43.7	0.0	0.1	0.1	247.1	226.0	-3.8	-4.4	235.5	236.6	193.5	193.4	192.7	185.1	101.7	207.0	29.8	0.0	193.6	193.6	44.0	56.5	7.5	61.2	0.0	13.0	.Autoclave.Outputs.PRESSIP\OutputValue	8.0	21.1	-53.7	-1.0	0.0	-1.0	-1.0	-1.0	0.0	0.0	0.0	-1.0	-1.0	0.0	0.0	0.0	-1.0	0.0
19:17:13	208.0	231.8	233.5	243.2	232.3	221.9	237.3	224.8	229.8	227.7	0.0	0.0	0.1	0.1	43.3	0.0	0.1	0.0	243.2	221.9	-3.9	-4.5	231.3	232.6	190.2	190.1	189.5	181.8	101.4	208.0	30.8	0.0	189.1	189.1	44.0	48.6	7.5	64.4	-1.0	0.0	.Autoclave.Outputs.PRESSIP\OutputValue	8.0	21.3	-53.1	-1.0	0.0	-1.0	-1.0	-1.0	0.0	0.0	0.0	-1.0	-1.0	0.0	0.0	0.0	-1.0	0.0
19:18:13	209.1	228.5	229.5	239.1	228.0	217.7	233.1	220.4	225.5	223.4	0.0	0.1	0.1	0.1	43.2	0.0	0.1	0.0	239.1	217.7	-4.0	-4.6	227.1	228.4	186.3	186.3	185.6	182.1	101.4	209.0	31.8	0.0	184.6	184.6	44.0	43.9	7.5	65.7	-1.0	0.0	.Autoclave.Outputs.PRESSIP\OutputValue	8.0	21.4	-52.9	-1.0	0.0	-1.0	-1.0	-1.0	0.0	0.0	0.0	-1.0	-1.0	0.0	0.0	0.0	-1.0	0.0
19:19:13	210.1	224.5	225.5	235.2	223.6	213.3	228.9	216.1	221.2	218.9	0.0	0.1	0.1	0.1	43.9	0.0	0.1	0.0	235.2	213.3	-3.9	-5.0	222.8	224.3	181.3	181.3	180.7	181.6	101.6	210.0	32.8	0.0	180.1	180.1	44.0	47.3	7.4	58.7	-1.0	0.0	.Autoclave.Outputs.PRESSIP\OutputValue	8.0	21.9	-54.0	-1.0	0.0	-1.0	-1.0	-1.0	0.0	0.0	0.0	-1.0	-1.0	0.0	0.0	0.0	-1.0	0.0
19:20:13	211.0	220.2	220.7	230.7	219.6	208.8	224.5	211.5	216.8	214.5	0.1	0.1	0.1	0.1	43.5	0.0	0.1	0.1	230.7	208.8	-3.9	-5.0	218.4	219.8	176.2	176.2	175.6	177.0	101.5	211.0	33.8	0.0	175.6	175.6	44.0	51.2	7.4	62.5	0.0	2.4	.Autoclave.Outputs.PRESSIP\OutputValue	8.0	21.9	-54.6	-1.0	0.0	-1.0	-1.0	-1.0	0.0	0.0	0.0	-1.0	-1.0	0.0	0.0	0.0	-1.0	0.0
19:21:13	212.1	216.1	216.4	226.5	215.4	204.4	220.4	207.1	212.5	210.1	0.0	0.1	0.1	0.1	43.8	0.0	0.1	0.0	226.5	204.4	-4.1	-4.6	214.1	215.5	171.3	171.3	170.6	171.4	101.6	212.0	34.8	0.0	171.1	171.1	44.0	54.4	7.3	60.4	0.0	8.8	.Autoclave.Outputs.PRESSIP\OutputValue	8.0	22.2	-55.3	-1.0	0.0	-1.0	-1.0	-1.0	0.0	0.0	0.0	-1.0	-1.0	0.0	0.0	0.0	-1.0	0.0
19:22:13	213.1	211.8	212.0	222.6	211.0	200.0	216.1	202.9	208.1	205.6	0.0	0.0	0.1	0.1	43.3	0.0	0.1	0.0	222.6	200.0	-4.2	-4.8	209.8	211.3	166.3	166.3	165.6	165.7	101.4	213.0	35.8	0.0	166.6	166.6	44.0	58.3	7.3	65.0	0.0	16.7	.Autoclave.Outputs.PRESSIP\OutputValue	8.0	22.7	-56.4	-1.0	0.0	-1.0	-1.0	-1.0	0.0	0.0	0.0	-1.0	-1.0	0.0	0.0	0.0	-1.0	0.0
19:23:13	214.0	207.7	208.2	218.6	206.9	195.7	212.0	198.6	204.0	201.4	0.0	0.1	0.1	0.1	43.5	0.0	0.1	0.0	218.6	195.7	-3.7	-4.4	205.7	207.2	162.0	162.0	161.2	157.1	101.4	214.0	36.8	0.0	162.1	162.1	44.0	57.0	7.2	63.5	0.0	14.0	.Autoclave.Outputs.PRESSIP\OutputValue	8.0	23.0	-56.7	-1.0	0.0	-1.0	-1.0	-1.0	0.0	0.0	0.0	-1.0	-1.0	0.0	0.0	0.0	-1.0	0.0
19:24:13	215.1	203.6	203.8	214.6	202.7	191.4	207.8	194.2	199.7	197.4	0.0	0.1	0.1	0.1	43.1	0.0	0.1	0.0	214.6	191.4	-4.2	-4.7	201.4	203.0	158.1	158.1	157.4	152.7	101.4	215.0	37.8	0.0	157.6	157.6	44.0	51.6	7.1	67.2	-1.0	3.2	.Autoclave.Outputs.PRESSIP\OutputValue	8.0	23.2	-56.5	-1.0	0.0	-1.0	-1.0	-1.0	0.0	0.0	0.0	-1.0	-1.0	0.0	0.0	0.0	-1.0	0.0
19:25:13	216.1	199.3	199.9	210.5	198.5	187.6	203.3	189.8	195.3	193.0	0.0	0.1	0.1	0.1	43.6	0.0	0.1	0.0	210.5	187.6	-4.0	-4.5	197.2	199.0	155.1	154.9	154.1	150.5	101.6	216.0	38.8	0.0	153.1	153.1	44.0	42.1	7.0	62.3	-1.0	0.0	.Autoclave.Outputs.PRESSIP\OutputValue	8.0	22.9	-55.4	-1.0	0.0	-1.0	-1.0	-1.0	0.0	0.0	0.0	-1.0	-1.0	0.0	0.0	0.0	-1.0	0.0
19:26:13	217.0	195.2	195.5	206.2	194.0	183.1	199.1	185.4	190.8	188.6	0.0	0.1	0.1	0.1	43.3	0.0	0.1	0.0	206.2	183.1	-4.2	-4.8	192.8	194.6	150.4	150.4	149.6	148.0	101.4	217.0	39.8	0.0	148.6	148.6	44.0	43.5	6.8	65.1	-1.0	0.0	.Autoclave.Outputs.PRESSIP\OutputValue	8.0	23.1	-55.8	-1.0	0.0	-1.0	-1.0	-1.0	0.0	0.0	0.0	-1.0	-1.0	0.0	0.0	0.0	-1.0	0.0
19:27:13	218.0	190.6	190.9	202.1	189.9	179.4	195.0	180.9	186.5	184.2	0.0	0.0	0.1	0.1	43.5	0.0	0.1	0.0	202.1	179.4	-3.6	-4.7	188.6	190.7	144.7	144.7	144.0	141.6	101.4	218.0	40.8	0.0	144.1	144.1	44.0	51.2	6.7	62.9	0.0	2.4	.Autoclave.Outputs.PRESSIP\OutputValue	8.0	22.7	-57.4	-1.0	0.0	-1.0	-1.0	-1.0	0.0	0.0	0.0	-1.0	-1.0	0.0	0.0	0.0	-1.0	0.0
19:28:13	219.1	186.9	186.8	197.7	185.8	174.4	190.7	176.6	182.1	180.1	0.0	0.0	0.1	0.1	43.2	0.0	0.1	0.0	197.7	174.4	-4.3	-4.5	184.3	186.0	141.4	141.4	140.6	137.9	101.3	219.0	41.8	0.0	139.6	139.6	44.0	43.2	6.6	66.1	-1.0	0.0	.Autoclave.Outputs.PRESSIP\OutputValue	8.0	23.3	-56.3	-1.0	0.0	-1.0	-1.0	-1.0	0.0	0.0	0.0	-1.0	-1.0	0.0	0.0	0.0	-1.0	0.0
19:29:13	220.0	182.3	182.6	193.6	181.6	170.3	186.5	172.2	177.8	175.9	0.0	0.0	0.1	0.1	43.6	0.0	0.1	0.0	193.6	170.3	-4.0	-4.5	180.1	181.9	137.3	137.3	136.5	134.1	101.5	220.0	42.8	0.0	135.1	135.1	44.0	40.3	6.4	62.3	-1.0	0.0	.Autoclave.Outputs.PRESSIP\OutputValue	8.0	23.3	-56.3	-1.0	0.0	-1.0	-1.0	-1.0	0.0	0.0	0.0	-1.0	-1.0	0.0	0.0	0.0	-1.0	0.0
19:30:13	221.0	179.3	178.5	189.6	177.3	165.8	182.1	167.8	173.4	171.2	0.0	0.0	0.1	0.1	43.3	0.0	0.1	0.0	189.6	165.8	-4.2	-4.9	175.7	177.7	133.4	133.4	132.5	131.1	101.4	221.0	43.8	0.0	130.6	130.6	44.0	36.2	6.2	65.1	-1.0	0.0	.Autoclave.Outputs.PRESSIP\OutputValue	8.0	23.8	-56.2	-1.0	0.0	-1.0	-1.0	-1.0	0.0	0.0	0.0	-1.0	-1.0	0.0	0.0	0.0	-1.0	0.0
19:31:13	222.1	176.0	174.2	185.6	173.3	162.2	178.1	163.7	169.3	167.1	0.0	0.0	0.1	0.1	43.7	0.0	0.1	0.0	185.6	162.2	-3.7	-4.4	171.7	173.9	130.6	130.6	129.8	128.9	101.4	222.0	44.8	0.0	126.1	126.1	44.0	24.5	5.8	61.0	-1.0	0.0	.Autoclave.Outputs.PRESSIP\OutputValue	8.0	23.4	-55.0	-1.0	0.0	-1.0	-1.0	-1.0	0.0	0.0	0.0	-1.0	-1.0	0.0	0.0	0.0	-1.0	0.0
19:32:13	223.1	172.1	170.7	181.8	169.6	158.3	174.0	159.8	165.5	163.3	0.0	0.1	0.1	0.1	43.4	0.0	0.1	0.0	181.8	158.3	-3.6	-4.1	167.9	170.0	127.3	127.3	126.6	126.0	101.4	223.0	45.8	0.0	121.6	121.6	44.0	15.3	5.3	64.2	-1.0	0.0	.Autoclave.Outputs.PRESSIP\OutputValue	8.0	23.5	-54.5	-1.0	0.0	-1.0	-1.0	-1.0	0.0	0.0	0.0	-1.0	-1.0	0.0	0.0	0.0	-1.0	0.0
19:33:13	224.0	168.8	167.2	177.9	166.0	154.8	170.3	155.9	161.6	159.5	0.0	0.1	0.1	0.1	43.1	0.0	0.1	0.0	177.9	154.8	-3.4	-4.0	164.1	166.3	125.2	125.2	124.4	123.9	101.4	224.0	46.8	0.0	117.1	117.1	44.0	0.0	0.0	66.7	-1.0	0.0	.Autoclave.Outputs.PRESSIP\OutputValue	8.0	23.1	-52.7	-1.0	0.0	-1.0	-1.0	-1.0	0.0	0.0	0.0	-1.0	-1.0	0.0	0.0	0.0	-1.0	0.0
19:34:13	225.1	164.7	163.7	174.1	162.1	151.5	166.5	152.4	157.9	155.8	0.0	0.1	0.1	0.1	43.5	0.0	0.1	0.0	174.1	151.5	-3.5	-4.0	160.5	162.8	123.1	123.1	122.5	122.1	101.5	225.0	47.8	0.0	112.6	112.6	44.0	0.0	0.0	62.7	-1.0	0.0	.Autoclave.Outputs.PRESSIP\OutputValue	8.0	22.6	-50.9	-1.0	0.0	-1.0	-1.0	-1.0	0.0	0.0	0.0	-1.0	-1.0	0.0	0.0	0.0	-1.0	0.0
19:35:13	226.1	161.2	160.3	170.7	158.9	148.4	162.9	148.9	154.3	152.4	0.0	0.1	0.1	0.1	43.4	0.0	0.1	0.0	170.7	148.4	-3.1	-3.7	157.1	159.5	120.9	120.9	120.2	120.4	101.3	226.0	48.8	0.0	108.1	108.1	44.0	0.0	0.0	64.4	-1.0	0.0	.Autoclave.Outputs.PRESSIP\OutputValue	8.0	22.3	-49.7	-1.0	0.0	-1.0	-1.0	-1.0	0.0	0.0	0.0	-1.0	-1.0	0.0	0.0	0.0	-1.0	0.0
19:36:13	227.0	157.8	157.1	167.2	155.4	145.3	159.4	145.7	151.1	149.2	0.0	0.1	0.2	0.1	43.2	0.0	0.2	0.0	167.2	145.3	-3.2	-3.6	153.8	156.2	119.1	119.1	118.4	118.7	101.3	227.0	49.8	0.0	103.6	103.6	44.0	0.0	0.0	65.9	-1.0	0.0	.Autoclave.Outputs.PRESSIP\OutputValue	8.0	21.9	-48.0	-1.0	0.0	-1.0	-1.0	-1.0	0.0	0.0	0.0	-1.0	-1.0	0.0	0.0	0.0	-1.0	0.0
19:37:13	228.1	155.1	154.1	163.8	152.4	142.4	156.0	142.6	147.8	145.9	0.0	0.0	0.1	0.1	43.0	0.0	0.1	0.0	163.8	142.4	-3.0	-3.5	150.6	153.1	117.3	117.2	116.7	117.2	101.2	228.0	50.8	0.0	99.1	99.1	44.0	0.0	0.0	67.6	-1.0	0.0	.Autoclave.Outputs.PRESSIP\OutputValue	8.0	21.4	-46.4	-1.0	0.0	-1.0	-1.0	-1.0	0.0	0.0	0.0	-1.0	-1.0	0.0	0.0	0.0	-1.0	0.0
19:38:13	229.1	151.5	151.6	160.8	149.5	140.3	152.9	139.7	144.8	143.0	0.0	0.0	0.1	0.1	43.6	0.0	0.1	0.0	160.8	139.7	-2.5	-3.3	147.8	150.2	116.1	116.1	115.3	116.0	101.3	229.0	51.8	0.0	94.6	94.6	44.0	0.0	0.0	62.1	-1.0	0.0	.Autoclave.Outputs.PRESSIP\OutputValue	8.0	21.1	-44.6	-1.0	0.0	-1.0	-1.0	-1.0	0.0	0.0	0.0	-1.0	-1.0	0.0	0.0	0.0	-1.0	0.0
19:39:13	230.0	148.6	148.5	157.6	146.6	137.5	149.8	137.1	141.9	140.0	0.0	0.1	0.1	0.1	43.4	0.0	0.1	0.0	157.6	137.1	-2.7	-3.2	144.9	147.3	114.5	114.5	113.8	114.7	101.3	230.0	52.8	0.0	90.1	90.1	44.0	0.0	0.0	63.6	-1.0	0.0	.Autoclave.Outputs.PRESSIP\OutputValue	8.0	20.5	-43.0	-1.0	0.0	-1.0	-1.0	-1.0	0.0	0.0	0.0	-1.0	-1.0	0.0	0.0	0.0	-1.0	0.0
19:40:13	231.0	146.4	145.8	154.5	144.0	135.0	146.9	134.5	139.2	137.5	0.0	0.1	0.1	0.1	43.3	0.0	0.1	0.0	154.5	134.5	-2.3	-3.1	142.2	144.5	113.4	113.4	112.7	113.5	101.1	231.0	53.8	0.0	85.6	85.6	44.0	0.0	0.0	64.6	-1.0	0.0	.Autoclave.Outputs.PRESSIP\OutputValue	8.0	20.0	-41.0	-1.0	0.0	-1.0	-1.0	-1.0	0.0	0.0	0.0	-1.0	-1.0	0.0	0.0	0.0	-1.0	0.0
19:41:13	232.1	143.3	143.3	151.7	141.2	132.7	144.1	132.1	136.6	135.0	0.0	0.1	0.1	0.1	43.2	0.0	0.1	0.0	151.7	132.1	-2.3	-3.1	139.6	141.9	111.9	111.9	111.3	112.4	101.2	232.0	54.8	0.0	81.1	81.1	44.0	0.0	0.0	65.9	-1.0	0.0	.Autoclave.Outputs.PRESSIP\OutputValue	8.0	19.6	-39.7	-1.0	0.0	-1.0	-1.0	-1.0	0.0	0.0	0.0	-1.0	-1.0	0.0	0.0	0.0	-1.0	0.0
19:42:13	233.0	140.9	141.1	149.2	138.6	130.4	141.4	130.2	134.2	132.5	0.0	0.1	0.1	0.1	43.1	0.0	0.1	0.0	149.2	130.2	-2.2	-2.7	137.2	139.7	110.7	110.9	110.2	111.4	101.1	233.0	55.8	0.0	80.0	80.0	44.0	0.0	0.0	67.6	-1.0	0.0	.Autoclave.Outputs.PRESSIP\OutputValue	8.0	19.0	-38.4	-1.0	0.0	-1.0	-1.0	-1.0	0.0	0.0	0.0	-1.0	-1.0	0.0	0.0	0.0	-1.0	0.0
19:42:39	233.5	140.0	139.9	148.0	137.6	129.6	140.1	129.1	133.2	131.4	0.0	0.1	0.2	0.1	43.0	0.0	0.2	0.0	148.0	129.1	-2.1	-2.8	136.1	138.5	110.5	110.4	109.7	111.1	101.2	233.5	56.2	0.0	80.0	80.0	44.0	0.0	0.0	67.8	-1.0	0.0	.Autoclave.Outputs.PRESSIP\OutputValue	8.0	18.9	-37.5	-1.0	0.0	-1.0	-1.0	-1.0	0.0	0.0	0.0	-1.0	-1.0	0.0	0.0	0.0	-1.0	0.0
19:43:13	234.0	138.3	138.4	146.5	136.1	128.1	138.8	127.8	131.9	130.0	0.0	0.1	0.1	0.1	38.5	0.0	0.1	0.0	146.5	127.8	-2.2	-2.7	134.7	137.1	107.9	107.9	107.4	107.5	100.6	234.0	0.6	0.0	80.0	80.0	38.3	0.0	0.0	56.2	-1.0	0.0	.Autoclave.Outputs.PRESSIP\OutputValue	7.5	18.7	-38.5	-1.0	0.0	-1.0	-1.0	-1.0	0.0	0.0	0.0	-1.0	-1.0	0.0	0.0	0.0	-1.0	0.0
19:44:13	235.1	135.7	135.7	143.8	133.6	126.0	136.2	125.6	129.5	127.3	0.0	0.0	0.1	0.1	29.4	0.0	0.1	0.0	143.8	125.6	-2.4	-2.8	132.2	134.7	103.5	103.4	102.8	103.9	99.8	235.0	1.6	0.0	80.0	80.0	28.3	0.0	0.0	46.6	-1.0	0.0	.Autoclave.Outputs.PRESSIP\OutputValue	6.2	18.2	-40.2	-1.0	0.0	-1.0	-1.0	-1.0	0.0	0.0	0.0	-1.0	-1.0	0.0	0.0	0.0	-1.0	0.0
19:45:13	236.0	133.7	133.9	141.5	131.2	124.0	133.8	123.5	127.3	125.1	0.0	0.0	0.1	0.1	19.2	0.0	0.1	0.0	141.5	123.5	-1.9	-2.4	130.0	132.5	99.9	99.9	99.0	100.0	99.0	236.0	2.6	0.0	80.0	80.0	18.3	0.0	0.0	46.5	-1.0	0.0	.Autoclave.Outputs.PRESSIP\OutputValue	4.9	18.0	-41.5	-1.0	0.0	-1.0	-1.0	-1.0	0.0	0.0	0.0	-1.0	-1.0	0.0	0.0	0.0	-1.0	0.0
19:46:13	237.0	132.1	132.6	139.9	129.2	122.3	131.7	121.9	125.5	123.3	0.0	0.0	0.1	0.0	9.3	0.0	0.1	0.0	139.9	121.9	-1.3	-2.3	128.3	130.9	96.7	96.7	96.0	97.1	98.2	237.0	3.6	0.0	80.0	80.0	8.3	0.0	0.0	44.5	-1.0	0.0	.Autoclave.Outputs.PRESSIP\OutputValue	3.3	18.0	-43.1	-1.0	0.0	-1.0	-1.0	-1.0	0.0	0.0	0.0	-1.0	-1.0	-1.0	0.0	0.0	-1.0	0.0
19:47:13	238.1	131.1	131.8	138.7	127.6	121.6	130.2	120.8	123.9	121.8	-0.2	-0.1	0.0	-0.5	2.1	0.0	0.0	-0.5	138.7	120.8	-0.8	-1.7	127.1	129.7	94.9	94.9	94.1	95.8	97.6	238.0	4.6	0.0	80.0	80.0	0.0	0.0	0.0	28.7	-1.0	0.0	.Autoclave.Outputs.PRESSIP\OutputValue	0.0	17.9	-43.7	-1.0	0.0	-1.0	-1.0	-1.0	0.0	0.0	0.0	-1.0	-1.0	-1.0	0.0	0.0	-1.0	0.0
19:47:32	238.4	131.0	131.9	138.4	127.3	121.3	129.6	120.3	123.7	121.6	-0.3	-0.2	0.0	-0.4	1.0	0.0	0.0	-0.4	138.4	120.3	-0.5	-1.6	126.8	129.3	94.9	95.0	94.1	95.9	97.7	238.3	4.9	0.0	80.0	80.0	0.0	0.0	0.0	38.7	-1.0	0.0	.Autoclave.Outputs.PRESSIP\OutputValue	-0.9	18.1	-43.3	-1.0	0.0	-1.0	-1.0	-1.0	0.0	0.0	0.0	-1.0	-1.0	-1.0	0.0	0.0	-1.0	0.0
