	

Time	Elapsed	PTC11	PTC12	PTC13	PTC14	PTC15	PRESS	SVAC	HIPRB	LOPRB	HITC	LOTC	HIRATE	LORATE	AVGTC	MEAN	AIRTC	AIRTC1	AIRTC2	HILIMTC	CAPSTC	RUNTIME	SEGTIME	SEGTIMELEFT	TSET_AIR	TSET_PART	PSET	TEMPOUT	TEMPINT	PRESSOUT	COOLIP	SCROUT	PRESSIP	PRESSINT	SPREAD	AIRPARTDELTA	CAPSFLOW	SILENCE	BARLOCK	HIPSI	FANON	HYDON	FANSTARTSTOPPB	HYDPMPSTARTSTOPPB	COOLCNTRLONOFFSW	PRESSCNTRLONOFFSW	PRESSDUMPSW	PCMANUALSW	HILIMIT	BLWRMTRHILIMIT	MANINSIDE
HH:MM:SS	Mins	Deg.F	Deg.F	Deg.F	Deg.F	Deg.F	Psig	"Hg			Deg.F	Deg.F	Deg.F	Deg.F	Deg.F	Deg.F	Deg.F	Deg.F	Deg.F	Deg.F	Deg.F	Mins	Mins	Mins	Deg.F	Deg.F	Psig				%	%	%	%	Deg.F	Deg.F															
17:37:21	0.0	82.8	83.3	84.7	83.5	82.8	-0.4	-0.9	0.0	0.0	84.7	82.8	0.2	0.1	83.4	83.7	94.6	94.6	94.0	100.8	97.6	241.0	0.0	0.0	70.0	70.0	0.0	0.0	0.0	50.0	0.0	0.0	.Autoclave.Outputs.PRESSIP\OutputValue	8.0	1.9	9.9	-1.0	0.0	-1.0	-1.0	0.0	0.0	0.0	0.0	-1.0	-1.0	-1.0	0.0	0.0	-1.0	0.0
17:37:23	0.0	82.8	83.3	84.7	83.5	82.8	-0.4	-0.9	0.0	0.0	84.7	82.8	0.2	0.1	83.4	83.7	94.6	94.6	94.0	100.8	97.6	241.0	0.0	0.0	70.0	70.0	0.0	0.0	0.0	50.0	0.0	0.0	.Autoclave.Outputs.PRESSIP\OutputValue	8.0	1.9	9.9	-1.0	0.0	-1.0	-1.0	0.0	0.0	0.0	0.0	-1.0	-1.0	-1.0	0.0	0.0	-1.0	0.0
17:37:23	0.0	82.8	83.3	84.7	83.5	82.8	-0.4	-0.9	0.0	0.0	84.7	82.8	0.2	0.1	83.4	83.7	94.6	94.6	94.0	100.8	97.6	241.0	0.0	0.0	70.0	70.0	0.0	0.0	0.0	50.0	0.0	0.0	.Autoclave.Outputs.PRESSIP\OutputValue	8.0	1.9	9.9	-1.0	0.0	-1.0	-1.0	0.0	0.0	0.0	0.0	-1.0	-1.0	-1.0	0.0	0.0	-1.0	0.0
17:37:23	0.0	82.8	83.3	84.7	83.5	82.8	-0.4	-0.9	0.0	0.0	84.7	82.8	0.2	0.1	83.4	83.7	94.6	94.6	94.0	100.8	97.6	241.0	0.0	0.0	70.0	70.0	0.0	0.0	0.0	50.0	0.0	0.0	.Autoclave.Outputs.PRESSIP\OutputValue	8.0	1.9	9.9	-1.0	0.0	-1.0	-1.0	0.0	0.0	0.0	0.0	-1.0	-1.0	-1.0	0.0	0.0	-1.0	0.0
17:38:23	1.0	84.5	85.1	87.6	86.1	84.1	1.0	-26.9	0.0	0.0	87.6	84.1	2.8	1.3	85.5	85.8	94.9	94.8	94.2	97.5	95.9	1.0	1.0	0.0	90.9	89.2	1.5	19.4	-0.2	62.9	-1.0	0.0	.Autoclave.Outputs.PRESSIP\OutputValue	8.0	3.5	7.3	-1.0	0.0	-1.0	-1.0	-1.0	0.0	0.0	0.0	-1.0	-1.0	0.0	0.0	0.0	-1.0	0.0
17:39:23	2.0	85.3	86.0	89.2	87.6	84.9	2.5	-26.2	0.0	0.0	89.2	84.9	1.6	0.7	86.6	87.0	96.0	96.1	95.4	105.8	95.8	2.0	2.0	0.0	98.1	93.7	3.0	61.3	-0.3	62.5	0.0	22.7	.Autoclave.Outputs.PRESSIP\OutputValue	8.0	4.3	6.9	-1.0	0.0	-1.0	-1.0	-1.0	0.0	0.0	0.0	-1.0	-1.0	0.0	0.0	0.0	-1.0	0.0
17:40:23	3.0	87.3	87.9	92.4	90.5	86.7	4.0	-26.5	0.0	0.0	92.4	86.7	3.2	1.7	89.0	89.5	102.2	102.2	101.6	112.8	95.8	3.0	3.0	0.0	103.9	98.2	4.5	59.5	-0.1	62.6	0.0	19.0	.Autoclave.Outputs.PRESSIP\OutputValue	8.0	5.7	9.9	-1.0	0.0	-1.0	-1.0	-1.0	0.0	0.0	0.0	-1.0	-1.0	0.0	0.0	0.0	-1.0	0.0
17:41:24	4.1	89.0	89.7	95.7	93.3	88.5	5.6	-26.9	0.0	0.0	95.7	88.5	3.1	1.7	91.2	92.1	108.1	108.1	107.5	120.2	96.1	4.0	4.0	0.0	109.4	102.7	6.0	59.1	0.1	61.4	0.0	18.2	.Autoclave.Outputs.PRESSIP\OutputValue	8.0	7.2	12.5	-1.0	0.0	-1.0	-1.0	-1.0	0.0	0.0	0.0	-1.0	-1.0	0.0	0.0	0.0	-1.0	0.0
17:42:23	5.0	90.8	91.8	98.6	96.6	90.2	7.0	-27.6	0.0	0.0	98.6	90.2	3.2	1.7	93.6	94.4	113.6	113.7	113.0	125.1	96.0	5.0	5.0	0.0	115.8	107.2	7.5	63.9	0.3	64.7	0.0	27.8	.Autoclave.Outputs.PRESSIP\OutputValue	8.0	8.4	15.1	-1.0	0.0	-1.0	-1.0	-1.0	0.0	0.0	0.0	-1.0	-1.0	0.0	0.0	0.0	-1.0	0.0
17:43:23	6.0	93.3	94.4	101.9	100.0	92.6	8.0	-28.0	0.0	0.0	101.9	92.6	3.6	2.5	96.4	97.2	119.4	119.4	118.8	130.0	96.2	6.0	6.0	0.0	121.6	111.7	9.0	62.9	0.5	67.5	0.0	25.9	.Autoclave.Outputs.PRESSIP\OutputValue	8.0	9.3	17.6	-1.0	0.0	-1.0	-1.0	-1.0	0.0	0.0	0.0	-1.0	-1.0	0.0	0.0	0.0	-1.0	0.0
17:44:23	7.0	95.4	96.9	105.4	103.5	94.6	9.6	-28.0	0.0	0.0	105.4	94.6	3.6	1.6	99.2	100.0	124.8	124.9	124.2	136.0	96.2	7.0	7.0	0.0	127.6	116.1	10.5	64.0	0.7	65.9	0.0	28.0	.Autoclave.Outputs.PRESSIP\OutputValue	8.0	10.8	19.4	-1.0	0.0	-1.0	-1.0	-1.0	0.0	0.0	0.0	-1.0	-1.0	0.0	0.0	0.0	-1.0	0.0
17:44:34	7.2	95.8	97.3	105.8	104.3	94.9	10.1	-28.0	0.0	0.0	105.8	94.9	3.7	2.1	99.6	100.3	125.8	125.8	125.3	137.6	96.3	7.2	7.2	0.0	127.9	116.9	10.7	62.8	0.8	65.7	0.0	25.5	.Autoclave.Outputs.PRESSIP\OutputValue	8.0	10.9	19.9	-1.0	0.0	-1.0	-1.0	-1.0	0.0	0.0	0.0	-1.0	-1.0	0.0	0.0	0.0	-1.0	0.0
17:45:24	8.1	98.1	99.6	108.7	107.4	97.2	11.3	-27.5	0.0	0.0	108.7	97.2	4.0	2.5	102.2	102.9	130.4	130.3	129.7	141.3	96.4	8.0	0.8	0.0	132.9	120.6	12.0	62.6	1.0	64.4	0.0	25.2	.Autoclave.Outputs.PRESSIP\OutputValue	8.0	11.5	21.7	-1.0	0.0	-1.0	-1.0	-1.0	0.0	0.0	0.0	-1.0	-1.0	0.0	0.0	0.0	-1.0	0.0
17:46:23	9.0	101.0	102.6	112.5	111.7	99.7	13.0	-22.7	0.0	0.0	112.5	99.7	4.3	2.5	105.5	106.1	135.8	135.8	135.2	146.6	96.5	9.0	1.8	0.0	137.8	125.2	13.5	64.1	1.2	63.1	0.0	28.2	.Autoclave.Outputs.PRESSIP\OutputValue	8.0	12.8	23.3	-1.0	0.0	-1.0	-1.0	-1.0	0.0	0.0	0.0	-1.0	-1.0	0.0	0.0	0.0	-1.0	0.0
17:47:23	10.0	103.5	104.9	116.9	116.0	103.0	14.4	-17.6	0.0	0.0	116.9	103.0	4.4	2.7	108.9	109.9	140.7	140.8	140.1	152.0	96.6	10.0	2.8	0.0	142.6	129.7	15.0	62.3	1.4	64.8	0.0	24.6	.Autoclave.Outputs.PRESSIP\OutputValue	8.0	13.9	23.8	-1.0	0.0	-1.0	-1.0	-1.0	0.0	0.0	0.0	-1.0	-1.0	0.0	0.0	0.0	-1.0	0.0
17:48:23	11.0	106.3	108.2	120.5	120.5	105.8	15.6	-12.5	0.0	0.0	120.5	105.8	4.6	2.7	112.3	113.2	145.5	145.5	144.9	156.3	96.6	11.0	3.8	0.0	148.0	134.2	16.5	65.2	0.1	66.6	0.0	30.4	.Autoclave.Outputs.PRESSIP\OutputValue	8.0	14.7	25.0	-1.0	0.0	-1.0	-1.0	-1.0	0.0	0.0	0.0	-1.0	-1.0	0.0	0.0	0.0	-1.0	0.0
17:49:23	12.0	109.6	111.6	129.2	124.8	109.0	17.3	-7.6	0.0	0.0	129.2	109.0	4.5	3.1	116.9	119.1	150.2	150.4	149.6	160.3	96.8	12.0	4.8	0.0	152.5	138.7	18.0	64.2	0.3	65.2	0.0	28.4	.Autoclave.Outputs.PRESSIP\OutputValue	8.0	20.2	21.0	-1.0	0.0	-1.0	-1.0	-1.0	0.0	0.0	0.0	-1.0	-1.0	0.0	0.0	0.0	-1.0	0.0
17:50:23	13.0	112.5	115.2	127.9	129.2	111.9	19.0	-3.4	0.0	0.0	129.2	111.9	4.5	2.7	119.4	120.6	154.7	154.8	154.1	165.5	97.0	13.0	5.8	0.0	157.2	143.2	19.5	56.7	0.6	62.5	0.0	13.5	.Autoclave.Outputs.PRESSIP\OutputValue	8.0	17.3	25.5	-1.0	0.0	-1.0	-1.0	-1.0	0.0	0.0	0.0	-1.0	-1.0	0.0	0.0	0.0	-1.0	0.0
17:51:24	14.1	116.0	118.4	130.1	133.6	115.7	20.0	-1.4	0.0	0.0	133.6	115.7	5.1	3.1	122.8	124.7	159.1	159.3	158.6	169.6	97.0	14.0	6.8	0.0	161.6	147.7	21.0	67.6	0.8	68.1	0.0	35.2	.Autoclave.Outputs.PRESSIP\OutputValue	8.0	17.9	25.5	-1.0	0.0	-1.0	-1.0	-1.0	0.0	0.0	0.0	-1.0	-1.0	0.0	0.0	0.0	-1.0	0.0
17:52:23	15.0	119.2	122.0	135.4	138.2	119.1	21.7	-0.6	0.0	0.0	138.2	119.1	4.6	2.8	126.8	128.7	163.5	163.6	163.0	173.9	97.1	15.0	7.8	0.0	166.1	152.2	22.5	67.0	1.1	65.9	0.0	34.0	.Autoclave.Outputs.PRESSIP\OutputValue	8.0	19.1	25.3	-1.0	0.0	-1.0	-1.0	-1.0	0.0	0.0	0.0	-1.0	-1.0	0.0	0.0	0.0	-1.0	0.0
17:53:23	16.0	122.7	124.9	139.5	142.8	123.0	23.3	-0.2	0.0	0.0	142.8	122.7	5.1	2.9	130.6	132.8	168.2	168.2	167.4	178.2	97.3	16.0	8.8	0.0	170.6	156.7	24.0	66.1	1.3	64.8	0.0	32.2	.Autoclave.Outputs.PRESSIP\OutputValue	8.0	20.1	25.4	-1.0	0.0	-1.0	-1.0	-1.0	0.0	0.0	0.0	-1.0	-1.0	0.0	0.0	0.0	-1.0	0.0
17:54:23	17.0	125.8	128.5	144.5	147.5	126.8	25.1	-0.1	0.0	0.0	147.5	125.8	4.8	3.1	134.6	136.6	172.4	172.4	171.7	182.6	97.5	17.0	9.8	0.0	174.9	161.2	25.5	66.9	1.6	61.8	0.0	33.8	.Autoclave.Outputs.PRESSIP\OutputValue	8.0	21.7	24.9	-1.0	0.0	-1.0	-1.0	-1.0	0.0	0.0	0.0	-1.0	-1.0	0.0	0.0	0.0	-1.0	0.0
17:55:23	18.0	129.7	132.6	149.7	152.2	131.2	26.1	0.0	0.0	0.0	152.2	129.7	4.6	3.5	139.1	140.9	176.7	176.7	176.0	186.6	97.4	18.0	10.8	0.0	179.2	165.7	27.0	67.7	1.8	67.0	0.0	35.3	.Autoclave.Outputs.PRESSIP\OutputValue	8.0	22.5	24.5	-1.0	0.0	-1.0	-1.0	-1.0	0.0	0.0	0.0	-1.0	-1.0	0.0	0.0	0.0	-1.0	0.0
17:56:23	19.0	133.7	136.8	153.9	156.6	134.8	27.9	0.0	0.0	0.0	156.6	133.7	4.8	3.9	143.1	145.1	179.9	180.1	179.4	190.5	97.5	19.0	11.8	0.0	184.0	170.2	28.5	77.2	2.1	64.3	0.0	54.3	.Autoclave.Outputs.PRESSIP\OutputValue	8.0	22.9	23.3	-1.0	0.0	-1.0	-1.0	-1.0	0.0	0.0	0.0	-1.0	-1.0	0.0	0.0	0.0	-1.0	0.0
17:57:23	20.0	137.3	141.0	157.5	161.0	138.9	29.5	0.0	0.0	0.0	161.0	137.3	5.0	3.7	147.1	149.1	185.4	185.4	184.8	195.6	97.6	20.0	12.8	0.0	188.2	174.7	30.0	69.6	2.4	62.8	0.0	39.2	.Autoclave.Outputs.PRESSIP\OutputValue	8.0	23.7	24.4	-1.0	0.0	-1.0	-1.0	-1.0	0.0	0.0	0.0	-1.0	-1.0	0.0	0.0	0.0	-1.0	0.0
17:58:23	21.0	141.2	145.0	163.5	166.0	143.6	30.5	0.0	0.0	0.0	166.0	141.2	4.7	4.0	148.9	153.6	189.6	189.8	189.2	199.7	97.6	21.0	13.8	0.0	192.3	179.2	31.5	69.1	2.6	67.8	0.0	38.2	.Autoclave.Outputs.PRESSIP\OutputValue	8.0	24.8	23.6	-1.0	0.0	-1.0	-1.0	-1.0	0.0	0.0	0.0	-1.0	-1.0	0.0	0.0	0.0	-1.0	0.0
17:59:23	22.0	145.2	149.4	167.6	170.7	147.7	32.2	0.0	0.0	0.0	170.7	145.2	4.7	4.1	153.2	157.9	194.1	194.1	193.4	204.7	97.8	22.0	14.8	0.0	196.7	183.7	33.0	68.7	2.9	65.6	0.0	37.5	.Autoclave.Outputs.PRESSIP\OutputValue	8.0	25.5	23.4	-1.0	0.0	-1.0	-1.0	-1.0	0.0	0.0	0.0	-1.0	-1.0	0.0	0.0	0.0	-1.0	0.0
18:00:23	23.0	149.2	153.9	171.8	174.8	152.3	34.0	0.0	0.0	0.0	174.8	149.2	4.8	4.2	157.5	162.0	198.9	198.9	198.2	208.8	98.0	23.0	15.8	0.0	201.5	188.2	34.5	68.3	3.1	62.5	0.0	36.5	.Autoclave.Outputs.PRESSIP\OutputValue	8.0	25.6	24.1	-1.0	0.0	-1.0	-1.0	-1.0	0.0	0.0	0.0	-1.0	-1.0	0.0	0.0	0.0	-1.0	0.0
18:01:23	24.0	153.7	158.0	177.1	179.4	157.0	35.1	0.0	0.0	0.0	179.4	153.7	4.6	4.1	162.0	166.5	203.3	203.3	202.6	213.9	98.1	24.0	16.8	0.0	205.9	192.7	36.0	68.4	3.4	66.4	0.0	36.8	.Autoclave.Outputs.PRESSIP\OutputValue	8.0	25.7	23.9	-1.0	0.0	-1.0	-1.0	-1.0	0.0	0.0	0.0	-1.0	-1.0	0.0	0.0	0.0	-1.0	0.0
18:02:23	25.0	157.8	162.8	181.4	184.0	161.8	36.9	0.0	0.0	0.0	184.0	157.8	5.2	4.2	166.6	170.9	207.7	207.8	207.2	217.4	98.1	25.0	17.8	0.0	210.3	197.2	37.5	69.3	3.6	63.5	0.0	38.6	.Autoclave.Outputs.PRESSIP\OutputValue	8.0	26.2	23.7	-1.0	0.0	-1.0	-1.0	-1.0	0.0	0.0	0.0	-1.0	-1.0	0.0	0.0	0.0	-1.0	0.0
18:03:23	26.0	161.6	167.5	186.3	188.4	166.0	38.1	0.0	0.0	0.0	188.4	161.6	4.8	3.9	170.9	175.0	212.3	212.3	211.6	222.1	98.1	26.0	18.8	0.0	214.8	201.7	39.0	68.9	3.9	66.6	0.0	37.7	.Autoclave.Outputs.PRESSIP\OutputValue	8.0	26.8	23.9	-1.0	0.0	-1.0	-1.0	-1.0	0.0	0.0	0.0	-1.0	-1.0	0.0	0.0	0.0	-1.0	0.0
18:04:23	27.0	166.0	173.0	190.9	192.9	170.9	40.1	0.0	0.0	0.0	192.9	166.0	4.9	4.2	175.7	179.4	217.2	217.2	216.5	227.0	98.3	27.0	19.8	0.0	219.3	206.2	40.5	66.6	4.1	62.1	0.0	33.2	.Autoclave.Outputs.PRESSIP\OutputValue	8.0	26.9	24.3	-1.0	0.0	-1.0	-1.0	-1.0	0.0	0.0	0.0	-1.0	-1.0	0.0	0.0	0.0	-1.0	0.0
18:05:23	28.0	170.3	177.2	195.6	197.6	175.8	41.1	0.0	0.0	0.0	197.6	170.3	5.1	4.6	180.2	183.9	221.5	221.5	220.9	230.6	98.3	28.0	20.8	0.0	223.8	210.7	42.0	67.4	4.4	67.1	0.0	34.8	.Autoclave.Outputs.PRESSIP\OutputValue	8.0	27.3	23.9	-1.0	0.0	-1.0	-1.0	-1.0	0.0	0.0	0.0	-1.0	-1.0	0.0	0.0	0.0	-1.0	0.0
18:05:54	28.5	172.5	178.6	197.8	199.7	178.5	42.0	0.0	0.0	0.0	199.7	172.5	4.7	4.3	182.3	186.1	223.2	223.2	222.5	234.1	98.3	28.5	21.3	0.0	225.9	212.9	42.7	71.1	4.5	65.6	0.0	42.2	.Autoclave.Outputs.PRESSIP\OutputValue	8.0	27.2	23.4	-1.0	0.0	-1.0	-1.0	-1.0	0.0	0.0	0.0	-1.0	-1.0	0.0	0.0	0.0	-1.0	0.0
18:06:23	29.0	174.9	181.7	200.5	202.1	180.3	42.9	0.0	0.0	0.0	202.1	174.9	5.3	4.5	184.7	188.5	225.9	225.9	225.2	235.2	98.4	29.0	0.5	0.0	228.2	215.2	43.5	67.6	4.6	64.0	0.0	35.2	.Autoclave.Outputs.PRESSIP\OutputValue	8.0	27.2	23.8	-1.0	0.0	-1.0	-1.0	-1.0	0.0	0.0	0.0	-1.0	-1.0	0.0	0.0	0.0	-1.0	0.0
18:07:23	30.0	178.9	185.7	205.0	207.0	185.6	44.0	0.0	0.0	0.0	207.0	178.9	5.0	3.7	189.3	192.9	230.1	230.2	229.4	240.4	98.3	30.0	1.5	0.0	232.6	219.7	44.0	69.1	4.9	58.4	0.0	38.2	.Autoclave.Outputs.PRESSIP\OutputValue	8.0	28.1	23.1	-1.0	0.0	-1.0	-1.0	-1.0	0.0	0.0	0.0	-1.0	-1.0	0.0	0.0	0.0	-1.0	0.0
18:08:23	31.0	183.5	190.8	209.6	211.5	190.6	44.2	0.0	0.0	0.0	211.5	183.5	5.2	4.6	194.1	197.5	234.4	234.4	233.8	244.3	98.3	31.0	2.5	0.0	236.8	224.2	44.0	69.3	5.1	55.5	0.0	38.7	.Autoclave.Outputs.PRESSIP\OutputValue	7.8	28.0	22.9	-1.0	0.0	-1.0	-1.0	-1.0	0.0	0.0	0.0	-1.0	-1.0	0.0	0.0	0.0	-1.0	0.0
18:09:23	32.0	187.3	195.0	214.6	216.1	195.2	44.6	0.0	0.0	0.0	216.1	187.3	5.1	4.2	198.4	201.7	238.7	238.7	238.0	249.5	98.3	32.0	3.5	0.0	241.3	228.7	44.0	70.5	5.4	50.7	0.0	41.1	.Autoclave.Outputs.PRESSIP\OutputValue	7.0	28.8	22.6	-1.0	0.0	-1.0	-1.0	-1.0	0.0	0.0	0.0	-1.0	-1.0	0.0	0.0	0.0	-1.0	0.0
18:10:23	33.0	191.3	199.7	218.7	220.7	199.7	44.9	0.0	0.0	0.0	220.7	191.3	4.7	4.1	202.8	206.0	243.3	243.3	242.5	253.4	98.4	33.0	4.5	0.0	245.7	233.2	44.0	70.0	5.6	46.4	0.0	39.9	.Autoclave.Outputs.PRESSIP\OutputValue	5.5	29.4	22.6	-1.0	0.0	-1.0	-1.0	-1.0	0.0	0.0	0.0	-1.0	-1.0	0.0	0.0	0.0	-1.0	0.0
18:11:23	34.0	195.6	204.9	222.8	225.2	204.1	44.0	0.0	0.0	0.0	225.2	195.6	5.0	4.3	207.4	210.4	248.2	248.2	247.5	257.8	98.3	34.0	5.5	0.0	250.1	237.7	44.0	67.0	5.9	54.9	0.0	34.0	.Autoclave.Outputs.PRESSIP\OutputValue	5.1	29.6	23.0	-1.0	0.0	-1.0	-1.0	-1.0	0.0	0.0	0.0	-1.0	-1.0	0.0	0.0	0.0	-1.0	0.0
18:12:24	35.1	199.6	208.9	227.1	229.5	208.8	44.4	0.0	0.0	0.0	229.5	199.6	4.5	3.7	211.7	214.5	252.7	252.7	252.0	262.7	98.3	35.0	6.5	0.0	254.9	242.2	44.0	69.3	6.1	51.2	0.0	38.6	.Autoclave.Outputs.PRESSIP\OutputValue	4.8	29.9	23.2	-1.0	0.0	-1.0	-1.0	-1.0	0.0	0.0	0.0	-1.0	-1.0	0.0	0.0	0.0	-1.0	0.0
18:13:23	36.0	203.5	213.5	231.9	233.0	213.2	44.8	0.0	0.0	0.0	233.0	203.5	5.1	3.2	215.8	218.2	257.2	257.2	256.6	269.1	98.4	36.0	7.5	0.0	260.1	246.7	44.0	67.3	0.4	45.8	0.0	34.6	.Autoclave.Outputs.PRESSIP\OutputValue	3.7	29.5	24.2	-1.0	0.0	-1.0	-1.0	-1.0	0.0	0.0	0.0	-1.0	-1.0	0.0	0.0	0.0	-1.0	0.0
18:14:23	37.0	207.6	217.7	235.6	238.3	217.8	45.0	0.0	0.0	0.0	238.3	207.6	5.7	4.0	220.3	222.9	261.1	261.2	260.5	271.2	98.3	37.0	8.5	0.0	264.0	251.2	44.0	69.0	0.6	42.4	0.0	38.0	.Autoclave.Outputs.PRESSIP\OutputValue	2.0	30.7	22.8	-1.0	0.0	-1.0	-1.0	-1.0	0.0	0.0	0.0	-1.0	-1.0	0.0	0.0	0.0	-1.0	0.0
18:15:23	38.0	211.7	221.9	239.6	242.6	222.0	44.1	0.0	0.0	0.0	242.6	211.7	4.5	3.8	224.6	227.1	265.6	265.6	265.0	276.4	98.5	38.0	9.5	0.0	268.7	255.7	44.0	69.8	1.0	50.7	0.0	39.6	.Autoclave.Outputs.PRESSIP\OutputValue	1.8	30.9	23.0	-1.0	0.0	-1.0	-1.0	-1.0	0.0	0.0	0.0	-1.0	-1.0	0.0	0.0	0.0	-1.0	0.0
18:16:23	39.0	215.5	227.0	243.0	247.2	226.3	44.4	0.0	0.0	0.0	247.2	215.5	5.0	3.9	229.0	231.3	270.3	270.4	269.6	279.8	98.5	39.0	10.5	0.0	273.2	260.2	44.0	67.1	0.1	47.5	0.0	34.2	.Autoclave.Outputs.PRESSIP\OutputValue	1.3	31.7	23.1	-1.0	0.0	-1.0	-1.0	-1.0	0.0	0.0	0.0	-1.0	-1.0	0.0	0.0	0.0	-1.0	0.0
18:17:23	40.0	219.5	231.0	246.4	251.7	230.4	44.8	0.0	0.0	0.0	251.7	219.5	4.9	4.1	233.2	235.6	274.6	274.5	273.9	285.1	98.5	40.0	11.5	0.0	277.8	264.7	44.0	70.0	0.4	42.6	0.0	39.9	.Autoclave.Outputs.PRESSIP\OutputValue	0.1	32.2	22.9	-1.0	0.0	-1.0	-1.0	-1.0	0.0	0.0	0.0	-1.0	-1.0	0.0	0.0	0.0	-1.0	0.0
18:18:23	41.0	223.4	235.5	250.7	255.8	235.6	43.5	0.0	0.0	0.0	255.8	223.4	4.9	4.1	237.6	239.6	278.1	278.1	277.3	288.3	98.3	41.0	12.5	0.0	283.5	269.2	44.0	84.5	0.2	54.1	0.0	69.0	.Autoclave.Outputs.PRESSIP\OutputValue	-1.3	32.4	22.3	-1.0	0.0	-1.0	-1.0	-1.0	0.0	0.0	0.0	-1.0	-1.0	0.0	0.0	0.0	-1.0	0.0
18:19:23	42.0	227.2	239.4	254.0	260.5	238.7	43.8	0.0	0.0	0.0	260.5	227.2	4.6	3.8	241.5	243.9	283.5	283.5	282.9	294.2	98.7	42.0	13.5	0.0	286.9	273.7	44.0	71.3	0.6	51.0	0.0	42.7	.Autoclave.Outputs.PRESSIP\OutputValue	-0.7	33.3	23.0	-1.0	0.0	-1.0	-1.0	-1.0	0.0	0.0	0.0	-1.0	-1.0	0.0	0.0	0.0	-1.0	0.0
18:20:23	43.0	231.3	244.9	258.5	265.0	243.2	44.1	0.0	0.0	0.0	265.0	231.3	5.2	4.1	246.1	248.2	288.8	288.7	288.0	298.6	98.7	43.0	14.5	0.0	291.3	278.2	44.0	65.0	0.1	48.3	0.0	30.0	.Autoclave.Outputs.PRESSIP\OutputValue	-0.8	33.7	23.8	-1.0	0.0	-1.0	-1.0	-1.0	0.0	0.0	0.0	-1.0	-1.0	0.0	0.0	0.0	-1.0	0.0
18:21:23	44.0	235.1	249.1	262.8	269.3	246.9	44.5	-0.4	0.0	0.0	269.3	235.1	5.2	4.0	250.1	252.2	292.4	292.5	291.9	304.0	98.6	44.0	15.5	0.0	296.1	282.7	44.0	72.5	0.4	43.9	0.0	44.9	.Autoclave.Outputs.PRESSIP\OutputValue	-1.3	34.2	23.1	-1.0	0.0	-1.0	-1.0	-1.0	0.0	0.0	0.0	-1.0	-1.0	0.0	0.0	0.0	-1.0	0.0
18:22:23	45.0	239.0	254.1	266.2	273.7	251.9	44.8	0.0	0.0	0.0	273.7	239.0	4.9	3.4	254.7	256.4	297.2	297.2	296.5	308.4	98.6	45.0	16.5	0.0	300.5	287.1	44.0	70.1	0.7	39.3	0.0	40.3	.Autoclave.Outputs.PRESSIP\OutputValue	-2.6	34.7	23.5	-1.0	0.0	-1.0	-1.0	-1.0	0.0	0.0	0.0	-1.0	-1.0	0.0	0.0	0.0	-1.0	0.0
18:23:23	46.0	243.0	258.9	270.2	278.2	256.1	43.8	0.0	0.0	0.0	278.2	243.0	4.7	3.9	259.1	260.6	301.0	301.0	300.4	313.4	98.5	46.0	17.5	0.0	305.2	291.7	44.0	76.7	1.1	47.9	0.0	53.3	.Autoclave.Outputs.PRESSIP\OutputValue	-3.8	35.2	22.8	-1.0	0.0	-1.0	-1.0	-1.0	0.0	0.0	0.0	-1.0	-1.0	0.0	0.0	0.0	-1.0	0.0
18:24:23	47.0	247.5	263.2	275.0	282.6	260.0	44.2	0.0	0.0	0.0	282.6	247.5	4.8	4.5	263.3	265.1	306.5	306.6	305.8	317.9	98.7	47.0	18.5	0.0	309.8	296.2	44.0	71.4	1.4	44.7	0.0	42.8	.Autoclave.Outputs.PRESSIP\OutputValue	-3.8	35.1	23.9	-1.0	0.0	-1.0	-1.0	-1.0	0.0	0.0	0.0	-1.0	-1.0	0.0	0.0	0.0	-1.0	0.0
18:25:23	48.0	251.6	268.1	279.4	287.1	265.0	44.4	0.0	0.0	0.0	287.1	251.6	4.9	4.2	268.0	269.4	311.3	311.3	310.5	322.3	98.7	48.0	19.5	0.0	314.2	300.7	44.0	69.2	1.8	41.3	0.0	38.3	.Autoclave.Outputs.PRESSIP\OutputValue	-4.3	35.5	24.2	-1.0	0.0	-1.0	-1.0	-1.0	0.0	0.0	0.0	-1.0	-1.0	0.0	0.0	0.0	-1.0	0.0
18:26:23	49.0	255.8	272.9	283.9	291.7	269.9	44.8	0.0	0.0	0.0	291.7	255.8	4.8	4.2	272.6	273.8	315.6	315.6	314.8	326.9	98.8	49.0	20.5	0.0	318.7	305.2	44.0	71.3	2.1	36.9	0.0	42.7	.Autoclave.Outputs.PRESSIP\OutputValue	-5.5	35.9	23.9	-1.0	0.0	-1.0	-1.0	-1.0	0.0	0.0	0.0	-1.0	-1.0	0.0	0.0	0.0	-1.0	0.0
18:27:23	50.0	259.9	277.1	288.1	296.2	274.5	44.2	0.0	0.0	0.0	296.2	259.9	5.3	4.2	276.9	278.1	319.5	319.6	318.8	331.1	98.7	50.0	21.5	0.0	323.1	309.7	44.0	75.2	2.4	42.3	0.0	50.3	.Autoclave.Outputs.PRESSIP\OutputValue	-6.0	36.3	23.3	-1.0	0.0	-1.0	-1.0	-1.0	0.0	0.0	0.0	-1.0	-1.0	0.0	0.0	0.0	-1.0	0.0
18:28:23	51.0	264.3	281.5	292.1	300.8	278.1	44.5	0.0	0.0	0.0	300.8	264.3	4.6	3.9	281.2	282.6	324.6	324.7	324.0	336.0	98.8	51.0	22.5	0.0	327.6	314.2	44.0	70.8	2.7	39.3	0.0	41.6	.Autoclave.Outputs.PRESSIP\OutputValue	-6.0	36.5	23.8	-1.0	0.0	-1.0	-1.0	-1.0	0.0	0.0	0.0	-1.0	-1.0	0.0	0.0	0.0	-1.0	0.0
18:29:23	52.0	268.7	285.9	296.5	305.3	282.6	44.8	0.0	0.0	0.0	305.3	268.7	4.6	4.4	285.6	287.0	329.0	329.0	328.2	340.7	98.7	52.0	23.5	0.0	332.1	318.7	44.0	71.7	3.0	35.9	0.0	43.5	.Autoclave.Outputs.PRESSIP\OutputValue	-6.0	36.6	23.7	-1.0	0.0	-1.0	-1.0	-1.0	0.0	0.0	0.0	-1.0	-1.0	0.0	0.0	0.0	-1.0	0.0
18:30:23	53.0	273.1	290.1	300.8	309.8	287.1	43.8	0.0	0.0	0.0	309.8	273.1	4.8	4.4	290.0	291.5	332.7	332.9	332.1	346.2	98.8	53.0	24.5	0.0	336.6	323.2	44.0	78.0	3.4	45.7	0.0	56.0	.Autoclave.Outputs.PRESSIP\OutputValue	-5.8	36.7	22.9	-1.0	0.0	-1.0	-1.0	-1.0	0.0	0.0	0.0	-1.0	-1.0	0.0	0.0	0.0	-1.0	0.0
18:31:23	54.0	277.5	294.1	304.8	314.3	291.4	44.1	0.0	0.0	0.0	314.3	277.5	5.0	4.2	294.3	295.9	338.1	338.1	337.3	349.7	98.9	54.0	25.5	0.0	341.1	327.7	44.0	71.7	3.7	43.3	0.0	43.5	.Autoclave.Outputs.PRESSIP\OutputValue	-5.7	36.8	23.8	-1.0	0.0	-1.0	-1.0	-1.0	0.0	0.0	0.0	-1.0	-1.0	0.0	0.0	0.0	-1.0	0.0
18:32:23	55.0	282.1	299.2	309.6	318.7	296.0	44.4	0.0	0.0	0.0	318.7	282.1	4.6	4.4	299.0	300.4	342.7	342.7	342.0	354.3	99.0	55.0	26.5	0.0	345.6	332.2	44.0	71.3	4.0	40.2	0.0	42.6	.Autoclave.Outputs.PRESSIP\OutputValue	-6.0	36.6	24.0	-1.0	0.0	-1.0	-1.0	-1.0	0.0	0.0	0.0	-1.0	-1.0	0.0	0.0	0.0	-1.0	0.0
18:33:23	56.0	286.3	303.7	313.4	323.2	300.5	44.7	0.0	0.0	0.0	323.2	286.3	4.7	4.5	303.4	304.8	347.1	347.1	346.3	359.2	99.1	56.0	27.5	0.0	350.1	336.7	44.0	73.0	4.3	37.0	0.0	46.0	.Autoclave.Outputs.PRESSIP\OutputValue	-6.0	36.9	23.9	-1.0	0.0	-1.0	-1.0	-1.0	0.0	0.0	0.0	-1.0	-1.0	0.0	0.0	0.0	-1.0	0.0
18:34:23	57.0	290.9	308.4	317.9	327.8	305.1	45.0	0.0	0.0	0.0	327.8	290.9	4.9	4.2	308.0	309.4	351.5	351.5	350.8	363.3	99.0	57.0	28.5	0.0	354.6	341.2	44.0	73.8	4.6	34.4	0.0	47.5	.Autoclave.Outputs.PRESSIP\OutputValue	-6.0	36.9	23.7	-1.0	0.0	-1.0	-1.0	-1.0	0.0	0.0	0.0	-1.0	-1.0	0.0	0.0	0.0	-1.0	0.0
18:35:23	58.0	295.5	313.2	322.4	332.3	309.3	44.0	0.0	0.0	0.0	332.3	295.5	4.9	4.5	312.6	313.9	356.3	356.3	355.7	368.6	98.9	58.0	29.5	0.0	358.9	345.7	44.0	70.9	5.0	44.0	0.0	41.8	.Autoclave.Outputs.PRESSIP\OutputValue	-5.8	36.8	24.0	-1.0	0.0	-1.0	-1.0	-1.0	0.0	0.0	0.0	-1.0	-1.0	0.0	0.0	0.0	-1.0	0.0
18:36:23	59.0	299.4	317.0	326.9	336.8	314.1	44.3	0.0	0.0	0.0	336.8	299.4	4.7	4.2	316.8	318.1	360.6	360.7	359.9	372.9	99.1	59.0	30.5	0.0	363.6	350.2	44.0	73.0	5.3	41.0	0.0	46.0	.Autoclave.Outputs.PRESSIP\OutputValue	-6.0	37.4	23.8	-1.0	0.0	-1.0	-1.0	-1.0	0.0	0.0	0.0	-1.0	-1.0	0.0	0.0	0.0	-1.0	0.0
18:37:23	60.0	304.0	321.5	331.3	341.4	318.3	44.6	0.0	0.0	0.0	341.4	304.0	4.7	4.2	321.3	322.7	365.0	365.0	364.2	377.4	99.1	60.0	31.5	0.0	368.0	354.7	44.0	73.4	5.6	38.2	0.0	46.9	.Autoclave.Outputs.PRESSIP\OutputValue	-6.0	37.4	23.6	-1.0	0.0	-1.0	-1.0	-1.0	0.0	0.0	0.0	-1.0	-1.0	0.0	0.0	0.0	-1.0	0.0
18:38:23	61.0	308.3	325.2	334.2	344.8	322.1	44.4	0.0	0.0	0.0	344.8	308.3	4.2	2.9	325.1	326.5	364.7	364.7	364.0	370.4	99.2	61.0	32.5	0.0	365.2	355.0	44.0	57.1	5.7	40.2	0.0	14.2	.Autoclave.Outputs.PRESSIP\OutputValue	-6.0	36.5	19.9	-1.0	0.0	-1.0	-1.0	-1.0	0.0	0.0	0.0	-1.0	-1.0	0.0	0.0	0.0	-1.0	0.0
18:39:23	62.0	311.8	326.9	335.9	347.0	324.7	44.3	0.0	0.0	0.0	347.0	311.8	3.3	1.6	327.6	329.4	362.8	362.8	362.0	368.6	99.0	62.0	33.5	0.0	363.1	355.0	44.0	55.8	5.7	40.4	0.0	11.7	.Autoclave.Outputs.PRESSIP\OutputValue	-6.0	35.2	15.8	-1.0	0.0	-1.0	-1.0	-1.0	0.0	0.0	0.0	-1.0	-1.0	0.0	0.0	0.0	-1.0	0.0
18:40:23	63.0	314.9	328.7	337.7	348.7	327.5	44.3	0.0	0.0	0.0	348.7	314.9	3.7	1.7	329.9	331.8	361.2	361.2	360.3	366.9	99.1	63.0	34.5	0.0	361.4	355.0	44.0	55.2	5.7	40.8	0.0	10.4	.Autoclave.Outputs.PRESSIP\OutputValue	-6.0	33.8	12.5	-1.0	0.0	-1.0	-1.0	-1.0	0.0	0.0	0.0	-1.0	-1.0	0.0	0.0	0.0	-1.0	0.0
18:41:23	64.0	317.8	330.6	339.6	349.9	329.6	44.2	0.0	0.0	0.0	349.9	317.8	2.9	1.4	332.0	333.8	359.9	359.9	359.2	365.3	99.1	64.0	35.5	0.0	360.0	355.0	44.0	53.9	5.8	41.7	0.0	7.8	.Autoclave.Outputs.PRESSIP\OutputValue	-6.0	32.1	10.0	-1.0	0.0	-1.0	-1.0	-1.0	0.0	0.0	0.0	-1.0	-1.0	0.0	0.0	0.0	-1.0	0.0
18:42:23	65.0	320.4	332.1	341.1	351.0	330.9	44.2	0.0	0.0	0.0	351.0	320.4	2.7	1.2	333.6	335.7	358.8	358.8	358.1	364.4	99.3	65.0	36.5	0.0	359.1	355.0	44.0	55.3	5.8	41.5	0.0	10.5	.Autoclave.Outputs.PRESSIP\OutputValue	-6.0	30.6	7.8	-1.0	0.0	-1.0	-1.0	-1.0	0.0	0.0	0.0	-1.0	-1.0	0.0	0.0	0.0	-1.0	0.0
18:43:23	66.0	323.1	333.6	342.6	351.7	333.4	44.2	0.0	0.0	0.0	351.7	323.1	2.7	0.7	335.4	337.4	358.2	358.3	357.4	363.8	99.4	66.0	37.5	0.0	358.3	355.0	44.0	54.6	5.8	41.5	0.0	9.2	.Autoclave.Outputs.PRESSIP\OutputValue	-6.0	28.6	6.5	-1.0	0.0	-1.0	-1.0	-1.0	0.0	0.0	0.0	-1.0	-1.0	0.0	0.0	0.0	-1.0	0.0
18:44:23	67.0	325.3	335.0	343.3	352.3	334.7	44.2	0.0	0.0	0.0	352.3	325.3	2.4	0.7	336.8	338.8	357.5	357.5	356.8	363.1	99.4	67.0	38.5	0.0	357.6	355.0	44.0	54.6	5.8	41.9	0.0	9.3	.Autoclave.Outputs.PRESSIP\OutputValue	-6.0	27.0	5.2	-1.0	0.0	-1.0	-1.0	-1.0	0.0	0.0	0.0	-1.0	-1.0	0.0	0.0	0.0	-1.0	0.0
18:45:23	68.0	327.6	336.4	344.9	352.7	337.2	44.3	0.0	0.0	0.0	352.7	327.6	2.2	0.4	338.5	340.1	357.1	357.2	356.4	364.1	99.4	68.0	39.5	0.0	357.3	355.0	44.0	49.5	0.0	40.8	0.0	0.0	.Autoclave.Outputs.PRESSIP\OutputValue	-6.0	25.1	4.4	-1.0	0.0	-1.0	-1.0	-1.0	0.0	0.0	0.0	-1.0	-1.0	0.0	0.0	0.0	-1.0	0.0
18:46:23	69.0	329.1	337.0	345.4	352.8	337.6	44.2	0.0	0.0	0.0	352.8	329.1	1.9	0.2	339.1	340.9	355.9	355.9	355.2	361.7	99.4	69.0	40.5	0.0	357.1	355.0	44.0	56.2	0.1	42.1	0.0	12.4	.Autoclave.Outputs.PRESSIP\OutputValue	-6.0	23.7	3.1	-1.0	0.0	-1.0	-1.0	-1.0	0.0	0.0	0.0	-1.0	-1.0	0.0	0.0	0.0	-1.0	0.0
18:47:23	70.0	331.0	338.2	346.7	353.1	339.1	44.2	0.0	0.0	0.0	353.1	331.0	1.7	0.3	340.3	342.0	355.8	355.8	355.0	361.6	99.4	70.0	41.5	0.0	356.8	355.0	44.0	55.0	0.2	41.7	0.0	10.0	.Autoclave.Outputs.PRESSIP\OutputValue	-6.0	22.1	2.7	-1.0	0.0	-1.0	-1.0	-1.0	0.0	0.0	0.0	-1.0	-1.0	0.0	0.0	0.0	-1.0	0.0
18:48:23	71.0	332.6	339.4	346.9	353.3	339.6	44.2	0.0	0.0	0.0	353.3	332.6	1.7	0.1	341.2	342.9	355.6	355.6	354.9	361.2	99.4	71.0	42.5	0.0	356.6	355.0	44.0	54.4	0.3	41.7	0.0	8.8	.Autoclave.Outputs.PRESSIP\OutputValue	-6.0	20.7	2.3	-1.0	0.0	-1.0	-1.0	-1.0	0.0	0.0	0.0	-1.0	-1.0	0.0	0.0	0.0	-1.0	0.0
18:49:23	72.0	333.9	340.4	347.8	353.5	341.9	44.2	0.0	0.0	0.0	353.5	333.9	1.6	0.3	342.4	343.7	355.5	355.5	354.8	361.0	99.4	72.0	43.5	0.0	356.6	355.0	44.0	55.2	0.4	41.7	0.0	10.4	.Autoclave.Outputs.PRESSIP\OutputValue	-6.0	19.6	2.0	-1.0	0.0	-1.0	-1.0	-1.0	0.0	0.0	0.0	-1.0	-1.0	0.0	0.0	0.0	-1.0	0.0
18:50:23	73.0	335.4	341.6	348.1	353.7	342.5	44.2	0.0	0.0	0.0	353.7	335.4	1.3	0.2	343.3	344.5	355.9	355.9	355.0	361.1	99.4	73.0	44.5	0.0	356.2	355.0	44.0	50.6	0.5	41.5	0.0	1.3	.Autoclave.Outputs.PRESSIP\OutputValue	-6.0	18.3	2.2	-1.0	0.0	-1.0	-1.0	-1.0	0.0	0.0	0.0	-1.0	-1.0	0.0	0.0	0.0	-1.0	0.0
18:51:23	74.0	336.8	342.1	348.8	353.8	343.3	44.3	0.0	0.0	0.0	353.8	336.8	1.4	0.0	344.0	345.3	355.3	355.3	354.6	361.0	99.4	74.0	45.5	0.0	356.3	355.0	44.0	55.4	0.6	41.4	0.0	10.8	.Autoclave.Outputs.PRESSIP\OutputValue	-6.0	17.0	1.5	-1.0	0.0	-1.0	-1.0	-1.0	0.0	0.0	0.0	-1.0	-1.0	0.0	0.0	0.0	-1.0	0.0
18:52:23	75.0	337.9	343.0	350.3	353.8	344.3	44.3	0.0	0.0	0.0	353.8	337.9	1.2	0.1	344.7	345.8	355.2	355.3	354.3	360.7	99.5	75.0	46.5	0.0	356.1	355.0	44.0	54.8	0.7	41.5	0.0	9.6	.Autoclave.Outputs.PRESSIP\OutputValue	-6.0	15.9	1.4	-1.0	0.0	-1.0	-1.0	-1.0	0.0	0.0	0.0	-1.0	-1.0	0.0	0.0	0.0	-1.0	0.0
18:53:24	76.1	339.1	343.7	350.3	354.1	345.3	44.3	0.0	0.0	0.0	354.1	339.1	1.1	0.2	345.5	346.6	355.2	355.2	354.5	360.6	99.5	76.0	47.5	0.0	357.5	355.0	44.0	54.2	0.7	41.2	0.0	8.5	.Autoclave.Outputs.PRESSIP\OutputValue	-6.0	15.0	1.1	-1.0	0.0	-1.0	-1.0	-1.0	0.0	0.0	0.0	-1.0	-1.0	0.0	0.0	0.0	-1.0	0.0
18:54:23	77.0	340.1	344.3	351.0	354.1	346.3	44.2	0.0	0.0	0.0	354.1	340.1	1.3	0.2	346.2	347.1	355.1	355.1	354.3	359.9	99.5	77.0	48.5	0.0	355.9	355.0	44.0	53.5	0.0	41.5	0.0	7.1	.Autoclave.Outputs.PRESSIP\OutputValue	-6.0	14.0	1.0	-1.0	0.0	-1.0	-1.0	-1.0	0.0	0.0	0.0	-1.0	-1.0	0.0	0.0	0.0	-1.0	0.0
18:55:23	78.0	341.0	344.9	350.9	354.1	347.0	44.3	0.0	0.0	0.0	354.1	341.0	0.9	0.0	346.7	347.5	355.0	355.0	354.3	360.5	99.5	78.0	49.5	0.0	356.0	355.0	44.0	55.0	0.1	41.2	0.0	9.9	.Autoclave.Outputs.PRESSIP\OutputValue	-6.0	13.1	0.9	-1.0	0.0	-1.0	-1.0	-1.0	0.0	0.0	0.0	-1.0	-1.0	0.0	0.0	0.0	-1.0	0.0
18:56:23	79.0	341.9	345.5	351.6	354.0	346.7	44.3	0.0	0.0	0.0	354.0	341.9	0.8	0.0	347.0	347.9	355.0	354.9	354.3	360.3	99.5	79.0	50.5	0.0	355.9	355.0	44.0	54.4	0.2	41.0	0.0	8.8	.Autoclave.Outputs.PRESSIP\OutputValue	-6.0	12.1	1.0	-1.0	0.0	-1.0	-1.0	-1.0	0.0	0.0	0.0	-1.0	-1.0	0.0	0.0	0.0	-1.0	0.0
18:57:23	80.0	342.6	345.9	351.7	354.1	347.7	44.3	0.0	0.0	0.0	354.1	342.6	0.7	0.1	347.6	348.3	355.1	354.9	354.2	360.2	99.6	80.0	51.5	0.0	355.9	355.0	44.0	53.2	0.3	41.0	0.0	6.3	.Autoclave.Outputs.PRESSIP\OutputValue	-6.0	11.5	1.0	-1.0	0.0	-1.0	-1.0	-1.0	0.0	0.0	0.0	-1.0	-1.0	0.0	0.0	0.0	-1.0	0.0
18:58:23	81.0	343.1	346.5	350.8	354.1	348.1	44.3	0.0	0.0	0.0	354.1	343.1	1.1	-0.1	347.9	348.6	355.1	355.1	354.3	360.3	99.6	81.0	52.5	0.0	355.9	355.0	44.0	54.6	0.4	40.8	0.0	9.2	.Autoclave.Outputs.PRESSIP\OutputValue	-6.0	11.0	1.0	-1.0	0.0	-1.0	-1.0	-1.0	0.0	0.0	0.0	-1.0	-1.0	0.0	0.0	0.0	-1.0	0.0
18:59:23	82.0	343.9	346.9	351.9	354.1	348.5	44.3	0.0	0.0	0.0	354.1	343.9	0.8	0.0	348.3	349.0	355.1	355.1	354.3	360.3	99.6	82.0	53.5	0.0	355.9	355.0	44.0	54.7	0.5	40.6	0.0	9.3	.Autoclave.Outputs.PRESSIP\OutputValue	-6.0	10.2	1.0	-1.0	0.0	-1.0	-1.0	-1.0	0.0	0.0	0.0	-1.0	-1.0	0.0	0.0	0.0	-1.0	0.0
19:00:23	83.0	344.5	347.4	352.1	354.1	348.9	44.3	0.0	0.0	0.0	354.1	344.5	0.8	0.0	348.7	349.3	355.0	355.0	354.2	360.3	99.7	83.0	54.5	0.0	355.9	355.0	44.0	54.1	0.6	40.6	0.0	8.2	.Autoclave.Outputs.PRESSIP\OutputValue	-6.0	9.6	0.9	-1.0	0.0	-1.0	-1.0	-1.0	0.0	0.0	0.0	-1.0	-1.0	0.0	0.0	0.0	-1.0	0.0
19:00:55	83.6	345.3	347.6	352.4	354.1	349.4	44.4	0.0	0.0	0.0	354.1	345.3	0.8	-0.2	349.1	349.7	354.9	355.0	354.1	360.6	99.8	83.5	55.0	0.0	355.9	355.0	44.0	54.8	0.6	40.2	0.0	9.6	.Autoclave.Outputs.PRESSIP\OutputValue	-6.0	8.8	0.8	-1.0	0.0	-1.0	-1.0	-1.0	0.0	0.0	0.0	-1.0	-1.0	0.0	0.0	0.0	-1.0	0.0
19:01:23	84.0	345.3	348.0	352.5	354.1	349.7	44.3	0.0	0.0	0.0	354.1	345.3	0.6	0.0	349.3	349.7	354.9	355.0	354.2	360.1	99.7	84.0	0.5	89.5	355.8	355.0	44.0	55.5	0.7	40.6	0.0	11.0	.Autoclave.Outputs.PRESSIP\OutputValue	-6.0	8.8	0.8	-1.0	0.0	-1.0	-1.0	-1.0	0.0	0.0	0.0	-1.0	-1.0	0.0	0.0	0.0	-1.0	0.0
19:02:24	85.1	345.7	348.3	352.5	354.2	349.6	44.4	0.0	0.0	0.0	354.2	345.7	0.6	0.2	349.4	349.9	355.0	355.0	354.2	360.4	99.9	85.0	1.5	88.5	355.7	355.0	44.0	53.6	0.8	40.2	0.0	7.2	.Autoclave.Outputs.PRESSIP\OutputValue	-6.0	8.5	0.8	-1.0	0.0	-1.0	-1.0	-1.0	0.0	0.0	0.0	-1.0	-1.0	0.0	0.0	0.0	-1.0	0.0
19:03:23	86.0	346.2	348.7	352.9	354.1	350.3	44.4	0.0	0.0	0.0	354.1	346.2	0.6	0.0	349.8	350.1	355.0	355.0	354.2	360.3	99.9	86.0	2.5	87.5	355.7	355.0	44.0	53.0	0.9	40.2	0.0	6.0	.Autoclave.Outputs.PRESSIP\OutputValue	-6.0	7.9	0.9	-1.0	0.0	-1.0	-1.0	-1.0	0.0	0.0	0.0	-1.0	-1.0	0.0	0.0	0.0	-1.0	0.0
19:04:23	87.0	346.7	348.9	353.1	354.2	350.0	44.4	0.0	0.0	0.0	354.2	346.7	1.1	-0.1	349.9	350.4	354.9	355.0	354.3	360.1	99.8	87.0	3.5	86.5	355.7	355.0	44.0	54.4	0.9	40.2	0.0	8.9	.Autoclave.Outputs.PRESSIP\OutputValue	-6.0	7.5	0.7	-1.0	0.0	-1.0	-1.0	-1.0	0.0	0.0	0.0	-1.0	-1.0	0.0	0.0	0.0	-1.0	0.0
19:05:23	88.0	347.2	349.2	353.0	354.3	350.6	44.4	0.0	0.0	0.0	354.3	347.2	0.6	-0.7	350.3	350.7	354.9	354.9	354.2	360.2	99.8	88.0	4.5	85.5	355.7	355.0	44.0	53.8	1.0	40.0	0.0	7.7	.Autoclave.Outputs.PRESSIP\OutputValue	-6.0	7.1	0.6	-1.0	0.0	-1.0	-1.0	-1.0	0.0	0.0	0.0	-1.0	-1.0	0.0	0.0	0.0	-1.0	0.0
19:06:23	89.0	347.6	349.5	352.9	354.3	350.6	44.4	0.0	0.0	0.0	354.3	347.6	1.1	0.0	350.5	350.9	354.9	355.0	354.2	360.0	100.0	89.0	5.5	84.5	355.7	355.0	44.0	55.2	1.1	40.2	0.0	10.5	.Autoclave.Outputs.PRESSIP\OutputValue	-6.0	6.7	0.6	-1.0	0.0	-1.0	-1.0	-1.0	0.0	0.0	0.0	-1.0	-1.0	0.0	0.0	0.0	-1.0	0.0
19:07:23	90.0	348.0	349.8	353.3	354.3	351.1	44.4	0.0	0.0	0.0	354.3	348.0	0.3	-0.1	350.8	351.1	355.0	355.1	354.2	360.1	99.9	90.0	6.5	83.5	355.7	355.0	44.0	53.3	1.2	40.0	0.0	6.6	.Autoclave.Outputs.PRESSIP\OutputValue	-6.0	6.3	0.7	-1.0	0.0	-1.0	-1.0	-1.0	0.0	0.0	0.0	-1.0	-1.0	0.0	0.0	0.0	-1.0	0.0
19:08:23	91.0	348.2	350.2	353.3	354.3	351.8	44.4	0.0	0.0	0.0	354.3	348.2	0.4	0.1	351.1	351.2	354.9	355.0	354.2	360.2	99.9	91.0	7.5	82.5	355.7	355.0	44.0	54.1	1.2	39.7	0.0	8.1	.Autoclave.Outputs.PRESSIP\OutputValue	-6.0	6.1	0.6	-1.0	0.0	-1.0	-1.0	-1.0	0.0	0.0	0.0	-1.0	-1.0	0.0	0.0	0.0	-1.0	0.0
19:09:23	92.0	348.6	350.4	353.3	354.4	351.3	44.4	0.0	0.0	0.0	354.4	348.6	0.3	0.0	351.2	351.5	355.0	355.0	354.2	360.1	99.9	92.0	8.5	81.5	355.7	355.0	44.0	54.1	1.3	39.8	0.0	8.3	.Autoclave.Outputs.PRESSIP\OutputValue	-6.0	5.8	0.6	-1.0	0.0	-1.0	-1.0	-1.0	0.0	0.0	0.0	-1.0	-1.0	0.0	0.0	0.0	-1.0	0.0
19:10:23	93.0	349.1	350.7	353.4	354.4	351.9	44.5	0.0	0.0	0.0	354.4	349.1	0.5	0.0	351.5	351.7	354.9	354.9	354.2	360.3	100.0	93.0	9.5	80.5	355.7	355.0	44.0	54.9	1.4	39.5	0.0	9.7	.Autoclave.Outputs.PRESSIP\OutputValue	-6.0	5.3	0.5	-1.0	0.0	-1.0	-1.0	-1.0	0.0	0.0	0.0	-1.0	-1.0	0.0	0.0	0.0	-1.0	0.0
19:11:23	94.0	349.2	350.8	353.7	354.3	351.7	44.5	0.0	0.0	0.0	354.3	349.2	0.3	0.0	351.9	351.7	355.0	355.0	354.3	360.1	100.0	94.0	10.5	79.5	355.6	355.0	44.0	53.6	1.4	39.5	0.0	7.2	.Autoclave.Outputs.PRESSIP\OutputValue	-6.0	5.1	0.7	-1.0	0.0	-1.0	-1.0	-1.0	0.0	0.0	0.0	-1.0	-1.0	0.0	0.0	0.0	-1.0	0.0
19:12:23	95.0	349.4	350.8	353.7	354.3	352.2	44.4	0.0	0.0	0.0	354.3	349.4	1.1	-0.1	352.1	351.8	354.9	354.9	354.2	360.1	100.0	95.0	11.5	78.5	355.6	355.0	44.0	54.3	1.5	39.7	0.0	8.7	.Autoclave.Outputs.PRESSIP\OutputValue	-6.0	4.9	0.6	-1.0	0.0	-1.0	-1.0	-1.0	0.0	0.0	0.0	-1.0	-1.0	0.0	0.0	0.0	-1.0	0.0
19:13:23	96.0	349.7	351.0	353.7	354.3	352.2	44.5	0.0	0.0	0.0	354.3	349.7	0.2	-0.1	352.2	352.0	355.0	355.1	354.2	360.1	100.0	96.0	12.5	77.5	355.6	355.0	44.0	53.1	1.6	39.5	0.0	6.1	.Autoclave.Outputs.PRESSIP\OutputValue	-6.0	4.6	0.7	-1.0	0.0	-1.0	-1.0	-1.0	0.0	0.0	0.0	-1.0	-1.0	0.0	0.0	0.0	-1.0	0.0
19:14:23	97.0	349.9	351.2	353.9	354.4	352.4	44.5	0.0	0.0	0.0	354.4	349.9	0.2	-0.1	352.4	352.1	354.8	354.9	354.3	360.0	100.0	97.0	13.5	76.5	355.6	355.0	44.0	55.1	1.6	39.5	0.0	10.3	.Autoclave.Outputs.PRESSIP\OutputValue	-6.0	4.5	0.4	-1.0	0.0	-1.0	-1.0	-1.0	0.0	0.0	0.0	-1.0	-1.0	0.0	0.0	0.0	-1.0	0.0
19:15:23	98.0	350.0	351.4	353.7	354.3	352.2	44.5	0.0	0.0	0.0	354.3	350.0	0.3	-0.1	352.3	352.1	355.1	355.1	354.3	360.3	100.0	98.0	14.5	75.5	355.6	355.0	44.0	53.9	1.7	39.3	0.0	7.7	.Autoclave.Outputs.PRESSIP\OutputValue	-6.0	4.3	0.8	-1.0	0.0	-1.0	-1.0	-1.0	0.0	0.0	0.0	-1.0	-1.0	0.0	0.0	0.0	-1.0	0.0
19:16:23	99.0	350.2	351.4	354.1	354.4	352.7	44.5	0.0	0.0	0.0	354.4	350.2	0.2	-0.1	352.6	352.3	355.0	355.0	354.2	360.1	100.2	99.0	15.5	74.5	355.6	355.0	44.0	54.6	1.8	39.1	0.0	9.2	.Autoclave.Outputs.PRESSIP\OutputValue	-6.0	4.2	0.6	-1.0	0.0	-1.0	-1.0	-1.0	0.0	0.0	0.0	-1.0	-1.0	0.0	0.0	0.0	-1.0	0.0
19:17:23	100.0	350.5	351.6	353.7	354.4	352.9	44.5	0.0	0.0	0.0	354.4	350.5	0.2	0.0	352.6	352.4	355.0	354.9	354.2	360.3	100.1	100.0	16.5	73.5	355.6	355.0	44.0	54.7	1.8	38.9	0.0	9.3	.Autoclave.Outputs.PRESSIP\OutputValue	-6.0	3.9	0.6	-1.0	0.0	-1.0	-1.0	-1.0	0.0	0.0	0.0	-1.0	-1.0	0.0	0.0	0.0	-1.0	0.0
19:18:23	101.0	350.6	351.8	354.0	354.5	352.7	44.5	0.0	0.0	0.0	354.5	350.6	0.2	0.0	352.7	352.5	355.1	355.1	354.2	360.3	100.1	101.0	17.5	72.5	355.6	355.0	44.0	53.4	1.9	38.9	0.0	6.8	.Autoclave.Outputs.PRESSIP\OutputValue	-6.0	3.9	0.6	-1.0	0.0	-1.0	-1.0	-1.0	0.0	0.0	0.0	-1.0	-1.0	0.0	0.0	0.0	-1.0	0.0
19:19:24	102.0	350.8	351.9	354.3	354.1	352.9	44.5	0.0	0.0	0.0	354.3	350.8	0.3	-0.3	352.8	352.5	354.9	354.9	354.2	360.2	100.2	102.0	18.5	71.5	355.5	355.0	44.0	54.1	1.9	38.9	0.0	8.2	.Autoclave.Outputs.PRESSIP\OutputValue	-6.0	3.5	0.6	-1.0	0.0	-1.0	-1.0	-1.0	0.0	0.0	0.0	-1.0	-1.0	0.0	0.0	0.0	-1.0	0.0
19:20:23	103.0	350.8	352.0	354.0	354.5	353.5	44.5	0.0	0.0	0.0	354.5	350.8	0.3	-0.3	353.0	352.6	354.9	354.9	354.2	360.2	100.3	103.0	19.5	70.5	355.5	355.0	44.0	53.5	2.0	38.9	0.0	7.0	.Autoclave.Outputs.PRESSIP\OutputValue	-6.0	3.7	0.4	-1.0	0.0	-1.0	-1.0	-1.0	0.0	0.0	0.0	-1.0	-1.0	0.0	0.0	0.0	-1.0	0.0
19:21:23	104.0	351.0	352.2	354.6	353.0	353.2	44.5	0.0	0.0	0.0	354.6	351.0	0.3	-0.4	352.8	352.8	355.0	355.1	354.3	360.1	100.1	104.0	20.5	69.5	355.4	355.0	44.0	53.5	2.1	38.9	0.0	7.0	.Autoclave.Outputs.PRESSIP\OutputValue	-6.0	3.6	0.4	-1.0	0.0	-1.0	-1.0	-1.0	0.0	0.0	0.0	-1.0	-1.0	0.0	0.0	0.0	-1.0	0.0
19:22:23	105.0	351.3	352.2	354.3	353.8	353.4	44.5	0.0	0.0	0.0	354.3	351.3	0.2	-0.7	353.0	352.8	355.1	355.1	354.3	360.1	100.3	105.0	21.5	68.5	355.5	355.0	44.0	52.9	2.1	39.1	0.0	5.7	.Autoclave.Outputs.PRESSIP\OutputValue	-6.0	3.0	0.8	-1.0	0.0	-1.0	-1.0	-1.0	0.0	0.0	0.0	-1.0	-1.0	0.0	0.0	0.0	-1.0	0.0
19:23:23	106.0	351.4	352.3	354.3	354.6	353.3	44.5	0.0	0.0	0.0	354.6	351.4	0.5	-0.2	353.2	353.0	355.0	355.0	354.2	359.9	100.3	106.0	22.5	67.5	355.6	355.0	44.0	53.6	2.2	38.9	0.0	7.2	.Autoclave.Outputs.PRESSIP\OutputValue	-6.0	3.2	0.4	-1.0	0.0	-1.0	-1.0	-1.0	0.0	0.0	0.0	-1.0	-1.0	0.0	0.0	0.0	-1.0	0.0
19:24:24	107.1	351.6	352.3	354.1	354.4	353.2	44.5	0.0	0.0	0.0	354.4	351.6	0.3	-0.5	353.1	353.0	355.0	355.0	354.2	360.2	100.2	107.0	23.5	66.5	355.6	355.0	44.0	55.1	2.2	38.7	0.0	10.1	.Autoclave.Outputs.PRESSIP\OutputValue	-6.0	2.8	0.6	-1.0	0.0	-1.0	-1.0	-1.0	0.0	0.0	0.0	-1.0	-1.0	0.0	0.0	0.0	-1.0	0.0
19:25:23	108.0	351.5	352.4	354.5	354.5	353.2	44.5	0.0	0.0	0.0	354.5	351.5	0.2	-0.2	353.2	353.0	355.0	355.0	354.2	360.1	100.2	108.0	24.5	65.5	355.5	355.0	44.0	53.7	2.3	38.5	0.0	7.4	.Autoclave.Outputs.PRESSIP\OutputValue	-6.0	3.0	0.5	-1.0	0.0	-1.0	-1.0	-1.0	0.0	0.0	0.0	-1.0	-1.0	0.0	0.0	0.0	-1.0	0.0
19:26:23	109.0	351.6	352.5	353.8	354.5	353.5	44.5	0.0	0.0	0.0	354.5	351.6	0.3	-0.5	353.2	353.0	355.1	355.0	354.3	360.0	100.5	109.0	25.5	64.5	355.6	355.0	44.0	53.8	2.3	38.7	0.0	7.6	.Autoclave.Outputs.PRESSIP\OutputValue	-6.0	2.9	0.6	-1.0	0.0	-1.0	-1.0	-1.0	0.0	0.0	0.0	-1.0	-1.0	0.0	0.0	0.0	-1.0	0.0
19:27:23	110.0	351.7	352.6	354.5	354.4	353.3	44.5	0.0	0.0	0.0	354.5	351.7	0.3	0.0	353.3	353.1	355.0	355.0	354.2	359.9	100.4	110.0	26.5	63.5	355.5	355.0	44.0	53.2	2.4	38.7	0.0	6.4	.Autoclave.Outputs.PRESSIP\OutputValue	-6.0	2.8	0.5	-1.0	0.0	-1.0	-1.0	-1.0	0.0	0.0	0.0	-1.0	-1.0	0.0	0.0	0.0	-1.0	0.0
19:28:23	111.0	351.8	352.6	354.5	354.4	353.2	44.5	0.0	0.0	0.0	354.5	351.8	0.2	-0.2	353.3	353.1	355.1	355.1	354.3	360.0	100.5	111.0	27.5	62.5	355.5	355.0	44.0	53.9	2.4	38.7	0.0	7.8	.Autoclave.Outputs.PRESSIP\OutputValue	-6.0	2.7	0.6	-1.0	0.0	-1.0	-1.0	-1.0	0.0	0.0	0.0	-1.0	-1.0	0.0	0.0	0.0	-1.0	0.0
19:29:23	112.0	351.9	352.6	355.3	354.4	353.4	44.5	0.0	0.0	0.0	355.3	351.9	0.3	-0.4	353.5	353.6	355.1	355.1	354.3	360.5	100.4	112.0	28.5	61.5	355.4	355.0	44.0	52.6	2.5	38.7	0.0	5.3	.Autoclave.Outputs.PRESSIP\OutputValue	-6.0	3.4	-0.2	-1.0	0.0	-1.0	-1.0	-1.0	0.0	0.0	0.0	-1.0	-1.0	0.0	0.0	0.0	-1.0	0.0
19:30:23	113.0	352.1	352.7	354.6	354.6	353.6	44.6	0.0	0.0	0.0	354.6	352.1	0.6	0.0	353.5	353.3	354.8	354.8	354.2	360.1	100.3	113.0	29.5	60.5	355.4	355.0	44.0	54.0	2.5	38.3	0.0	8.0	.Autoclave.Outputs.PRESSIP\OutputValue	-6.0	2.5	0.2	-1.0	0.0	-1.0	-1.0	-1.0	0.0	0.0	0.0	-1.0	-1.0	0.0	0.0	0.0	-1.0	0.0
19:31:23	114.0	352.1	352.8	354.4	354.6	353.8	44.5	0.0	0.0	0.0	354.6	352.1	0.1	0.0	353.5	353.3	354.9	354.9	354.2	359.9	100.3	114.0	30.5	59.5	355.2	355.0	44.0	52.7	2.6	38.5	0.0	5.3	.Autoclave.Outputs.PRESSIP\OutputValue	-6.0	2.5	0.3	-1.0	0.0	-1.0	-1.0	-1.0	0.0	0.0	0.0	-1.0	-1.0	0.0	0.0	0.0	-1.0	0.0
19:32:23	115.0	352.1	352.7	354.1	354.7	353.5	44.5	0.1	0.0	0.0	354.7	352.1	0.2	-0.2	353.4	353.4	354.9	354.9	354.2	360.1	100.3	115.0	31.5	58.5	355.5	355.0	44.0	54.7	2.6	38.5	0.0	9.4	.Autoclave.Outputs.PRESSIP\OutputValue	-6.0	2.6	0.2	-1.0	0.0	-1.0	-1.0	-1.0	0.0	0.0	0.0	-1.0	-1.0	0.0	0.0	0.0	-1.0	0.0
19:33:23	116.0	352.3	352.9	354.8	354.5	353.2	44.6	0.0	0.0	0.0	354.8	352.3	0.2	-0.1	353.5	353.5	354.9	354.9	354.1	360.2	100.4	116.0	32.5	57.5	355.5	355.0	44.0	54.2	2.7	38.3	0.0	8.3	.Autoclave.Outputs.PRESSIP\OutputValue	-6.0	2.5	0.1	-1.0	0.0	-1.0	-1.0	-1.0	0.0	0.0	0.0	-1.0	-1.0	0.0	0.0	0.0	-1.0	0.0
19:34:23	117.0	352.2	352.9	354.1	354.6	353.5	44.6	0.0	0.0	0.0	354.6	352.2	0.2	0.0	353.5	353.4	355.1	355.1	354.2	360.1	100.5	117.0	33.5	56.5	355.4	355.0	44.0	53.5	2.7	38.3	0.0	6.9	.Autoclave.Outputs.PRESSIP\OutputValue	-6.0	2.4	0.5	-1.0	0.0	-1.0	-1.0	-1.0	0.0	0.0	0.0	-1.0	-1.0	0.0	0.0	0.0	-1.0	0.0
19:35:23	118.0	352.3	352.9	354.4	354.4	353.6	44.5	0.1	0.0	0.0	354.4	352.3	0.1	-0.5	353.5	353.3	355.2	355.2	354.4	360.2	100.6	118.0	34.5	55.5	355.6	355.0	44.0	53.6	2.8	38.5	0.0	7.2	.Autoclave.Outputs.PRESSIP\OutputValue	-6.0	2.1	0.8	-1.0	0.0	-1.0	-1.0	-1.0	0.0	0.0	0.0	-1.0	-1.0	0.0	0.0	0.0	-1.0	0.0
19:36:23	119.0	352.8	352.9	354.2	354.4	353.5	44.6	0.0	0.0	0.0	354.4	352.8	0.2	0.0	353.6	353.6	355.1	355.0	354.3	360.0	100.4	119.0	35.5	54.5	355.5	355.0	44.0	53.6	2.8	38.3	0.0	7.3	.Autoclave.Outputs.PRESSIP\OutputValue	-6.0	1.6	0.7	-1.0	0.0	-1.0	-1.0	-1.0	0.0	0.0	0.0	-1.0	-1.0	0.0	0.0	0.0	-1.0	0.0
19:37:23	120.0	352.3	352.9	354.3	354.4	353.7	44.6	-0.2	0.0	0.0	354.4	352.3	0.2	-0.4	353.5	353.3	355.1	355.0	354.3	359.9	100.5	120.0	36.5	53.5	355.6	355.0	44.0	53.7	2.8	38.5	0.0	7.3	.Autoclave.Outputs.PRESSIP\OutputValue	-6.0	2.1	0.7	-1.0	0.0	-1.0	-1.0	-1.0	0.0	0.0	0.0	-1.0	-1.0	0.0	0.0	0.0	-1.0	0.0
19:38:24	121.1	352.4	352.9	354.0	354.4	353.9	44.6	0.1	0.0	0.0	354.4	352.4	0.6	-0.1	353.5	353.4	355.1	355.1	354.4	360.1	100.6	121.0	37.5	52.5	355.5	355.0	44.0	53.7	2.9	38.3	0.0	7.4	.Autoclave.Outputs.PRESSIP\OutputValue	-6.0	2.0	0.7	-1.0	0.0	-1.0	-1.0	-1.0	0.0	0.0	0.0	-1.0	-1.0	0.0	0.0	0.0	-1.0	0.0
19:39:23	122.0	352.6	353.1	354.3	354.6	353.4	44.6	0.1	0.0	0.0	354.6	352.6	0.2	-0.3	353.6	353.6	355.2	355.2	354.3	359.9	100.6	122.0	38.5	51.5	355.4	355.0	44.0	53.1	2.9	38.3	0.0	6.2	.Autoclave.Outputs.PRESSIP\OutputValue	-6.0	2.0	0.6	-1.0	0.0	-1.0	-1.0	-1.0	0.0	0.0	0.0	-1.0	-1.0	0.0	0.0	0.0	-1.0	0.0
19:40:23	123.0	352.6	353.1	354.3	354.5	353.1	44.6	0.1	0.0	0.0	354.5	352.6	1.0	-0.5	353.5	353.5	355.1	355.1	354.3	360.1	100.4	123.0	39.5	50.5	355.5	355.0	44.0	54.4	3.0	38.0	0.0	8.8	.Autoclave.Outputs.PRESSIP\OutputValue	-6.0	1.9	0.6	-1.0	0.0	-1.0	-1.0	-1.0	0.0	0.0	0.0	-1.0	-1.0	0.0	0.0	0.0	-1.0	0.0
19:41:23	124.0	352.5	353.1	354.3	354.4	353.7	44.6	0.1	0.0	0.0	354.4	352.5	0.2	-0.7	353.6	353.4	355.1	355.1	354.2	360.3	100.4	124.0	40.5	49.5	355.5	355.0	44.0	55.2	3.0	37.8	0.0	10.3	.Autoclave.Outputs.PRESSIP\OutputValue	-6.0	1.9	0.7	-1.0	0.0	-1.0	-1.0	-1.0	0.0	0.0	0.0	-1.0	-1.0	0.0	0.0	0.0	-1.0	0.0
19:42:23	125.0	352.9	353.3	354.2	354.4	353.4	44.6	0.1	0.0	0.0	354.4	352.9	0.6	-0.3	353.6	353.6	355.1	355.1	354.4	359.9	100.5	125.0	41.5	48.5	355.5	355.0	44.0	53.9	3.0	38.2	0.0	7.7	.Autoclave.Outputs.PRESSIP\OutputValue	-6.0	1.5	0.7	-1.0	0.0	-1.0	-1.0	-1.0	0.0	0.0	0.0	-1.0	-1.0	0.0	0.0	0.0	-1.0	0.0
19:43:23	126.0	352.4	353.0	354.4	354.6	353.8	44.6	0.1	0.0	0.0	354.6	352.4	0.1	-0.3	353.6	353.5	355.1	355.1	354.3	359.9	100.4	126.0	42.5	47.5	355.4	355.0	44.0	53.2	3.1	38.2	0.0	6.3	.Autoclave.Outputs.PRESSIP\OutputValue	-6.0	2.2	0.5	-1.0	0.0	-1.0	-1.0	-1.0	0.0	0.0	0.0	-1.0	-1.0	0.0	0.0	0.0	-1.0	0.0
19:44:23	127.0	352.5	353.1	354.6	354.5	353.9	44.6	0.0	0.0	0.0	354.6	352.5	0.1	-0.5	353.7	353.5	355.1	355.1	354.3	359.8	100.4	127.0	43.5	46.5	355.7	355.0	44.0	54.5	3.1	38.2	0.0	9.1	.Autoclave.Outputs.PRESSIP\OutputValue	-6.0	2.1	0.5	-1.0	0.0	-1.0	-1.0	-1.0	0.0	0.0	0.0	-1.0	-1.0	0.0	0.0	0.0	-1.0	0.0
19:45:23	128.0	352.6	353.1	354.7	354.6	353.8	44.6	-0.5	0.0	0.0	354.7	352.6	0.1	-0.4	353.8	353.6	355.1	355.0	354.3	359.9	100.7	128.0	44.5	45.5	355.4	355.0	44.0	53.2	3.2	38.0	0.0	6.5	.Autoclave.Outputs.PRESSIP\OutputValue	-6.0	2.1	0.4	-1.0	0.0	-1.0	-1.0	-1.0	0.0	0.0	0.0	-1.0	-1.0	0.0	0.0	0.0	-1.0	0.0
19:46:23	129.0	352.5	353.2	354.4	354.6	353.9	44.6	0.1	0.0	0.0	354.6	352.5	0.4	0.0	353.7	353.5	355.0	355.0	354.3	359.8	100.6	129.0	45.5	44.5	355.4	355.0	44.0	54.0	3.2	38.2	0.0	8.0	.Autoclave.Outputs.PRESSIP\OutputValue	-6.0	2.1	0.4	-1.0	0.0	-1.0	-1.0	-1.0	0.0	0.0	0.0	-1.0	-1.0	0.0	0.0	0.0	-1.0	0.0
19:47:23	130.0	352.5	353.1	354.0	354.6	353.9	44.6	0.0	0.0	0.0	354.6	352.5	0.1	-0.3	353.6	353.5	355.0	355.0	354.3	359.9	100.6	130.0	46.5	43.5	355.4	355.0	44.0	54.0	3.2	38.0	0.0	7.9	.Autoclave.Outputs.PRESSIP\OutputValue	-6.0	2.1	0.4	-1.0	0.0	-1.0	-1.0	-1.0	0.0	0.0	0.0	-1.0	-1.0	0.0	0.0	0.0	-1.0	0.0
19:48:23	131.0	352.5	353.1	354.2	354.5	354.0	44.6	0.0	0.0	0.0	354.5	352.5	0.8	-0.1	353.7	353.5	355.1	355.1	354.3	360.1	100.7	131.0	47.5	42.5	355.1	355.0	44.0	51.3	3.3	37.8	0.0	2.7	.Autoclave.Outputs.PRESSIP\OutputValue	-6.0	2.0	0.6	-1.0	0.0	-1.0	-1.0	-1.0	0.0	0.0	0.0	-1.0	-1.0	0.0	0.0	0.0	-1.0	0.0
19:49:23	132.0	352.6	353.1	354.0	354.7	354.0	44.6	0.0	0.0	0.0	354.7	352.6	0.2	-0.2	353.7	353.6	355.1	355.2	354.4	359.9	100.5	132.0	48.5	41.5	355.4	355.0	44.0	54.8	3.3	38.2	0.0	9.6	.Autoclave.Outputs.PRESSIP\OutputValue	-6.0	2.1	0.4	-1.0	0.0	-1.0	-1.0	-1.0	0.0	0.0	0.0	-1.0	-1.0	0.0	0.0	0.0	-1.0	0.0
19:50:23	133.0	352.6	353.1	354.3	354.3	353.8	44.6	0.0	0.0	0.0	354.3	352.6	0.1	-0.3	353.6	353.4	355.1	355.0	354.3	359.9	100.7	133.0	49.5	40.5	355.5	355.0	44.0	52.7	3.3	38.0	0.0	5.5	.Autoclave.Outputs.PRESSIP\OutputValue	-6.0	1.7	0.8	-1.0	0.0	-1.0	-1.0	-1.0	0.0	0.0	0.0	-1.0	-1.0	0.0	0.0	0.0	-1.0	0.0
19:51:23	134.0	352.5	353.2	354.5	354.4	353.7	44.6	0.0	0.0	0.0	354.5	352.5	0.1	-0.2	353.7	353.5	355.1	355.1	354.4	360.1	100.7	134.0	50.5	39.5	355.3	355.0	44.0	52.1	3.4	37.8	0.0	4.2	.Autoclave.Outputs.PRESSIP\OutputValue	-6.0	2.0	0.6	-1.0	0.0	-1.0	-1.0	-1.0	0.0	0.0	0.0	-1.0	-1.0	0.0	0.0	0.0	-1.0	0.0
19:52:23	135.0	352.9	353.1	354.5	354.3	354.0	44.6	0.0	0.0	0.0	354.5	352.9	0.3	-0.1	353.8	353.7	354.9	355.1	354.4	360.1	100.7	135.0	51.5	38.5	354.7	355.0	44.0	54.8	3.4	37.8	0.0	9.6	.Autoclave.Outputs.PRESSIP\OutputValue	-6.0	1.6	0.4	-1.0	0.0	-1.0	-1.0	-1.0	0.0	0.0	0.0	-1.0	-1.0	0.0	0.0	0.0	-1.0	0.0
19:53:23	136.0	352.6	353.2	354.8	354.5	353.8	44.6	0.0	0.0	0.0	354.8	352.6	0.2	0.0	353.8	353.7	355.1	355.1	354.3	360.0	100.6	136.0	52.5	37.5	355.3	355.0	44.0	53.6	3.4	37.6	0.0	7.2	.Autoclave.Outputs.PRESSIP\OutputValue	-6.0	2.2	0.3	-1.0	0.0	-1.0	-1.0	-1.0	0.0	0.0	0.0	-1.0	-1.0	0.0	0.0	0.0	-1.0	0.0
19:54:23	137.0	352.6	353.3	354.4	354.6	353.8	44.6	0.0	0.0	0.0	354.6	352.6	0.0	-0.5	353.7	353.6	355.1	355.2	354.3	359.9	100.7	137.0	53.5	36.5	355.3	355.0	44.0	53.0	3.5	38.0	0.0	5.9	.Autoclave.Outputs.PRESSIP\OutputValue	-6.0	2.0	0.5	-1.0	0.0	-1.0	-1.0	-1.0	0.0	0.0	0.0	-1.0	-1.0	0.0	0.0	0.0	-1.0	0.0
19:55:23	138.0	352.8	353.3	354.1	354.2	353.8	44.6	0.0	0.0	0.0	354.2	352.8	0.7	0.0	353.6	353.5	355.0	355.1	354.3	360.0	100.8	138.0	54.5	35.5	355.4	355.0	44.0	52.9	3.5	37.6	0.0	5.8	.Autoclave.Outputs.PRESSIP\OutputValue	-6.0	1.4	0.8	-1.0	0.0	-1.0	-1.0	-1.0	0.0	0.0	0.0	-1.0	-1.0	0.0	0.0	0.0	-1.0	0.0
19:56:23	139.0	352.7	353.2	354.7	354.3	354.2	44.6	0.1	0.0	0.0	354.7	352.7	0.3	-1.0	353.8	353.7	355.1	355.1	354.3	360.2	100.7	139.0	55.5	34.5	355.4	355.0	44.0	54.3	3.5	37.6	0.0	8.7	.Autoclave.Outputs.PRESSIP\OutputValue	-6.0	2.0	0.4	-1.0	0.0	-1.0	-1.0	-1.0	0.0	0.0	0.0	-1.0	-1.0	0.0	0.0	0.0	-1.0	0.0
19:57:23	140.0	352.5	353.1	355.0	354.3	354.1	44.6	0.0	0.0	0.0	355.0	352.5	0.5	-0.4	353.8	353.7	355.0	355.1	354.3	360.1	100.8	140.0	56.5	33.5	355.3	355.0	44.0	54.4	3.5	37.4	0.0	8.8	.Autoclave.Outputs.PRESSIP\OutputValue	-6.0	2.5	0.0	-1.0	0.0	-1.0	-1.0	-1.0	0.0	0.0	0.0	-1.0	-1.0	0.0	0.0	0.0	-1.0	0.0
19:58:23	141.0	352.8	353.2	355.0	353.8	354.0	44.6	0.0	0.0	0.0	355.0	352.8	0.5	-0.4	353.8	353.9	354.9	354.9	354.2	359.6	100.8	141.0	57.5	32.5	355.5	355.0	44.0	55.0	3.6	37.6	0.0	10.0	.Autoclave.Outputs.PRESSIP\OutputValue	-6.0	2.2	-0.1	-1.0	0.0	-1.0	-1.0	-1.0	0.0	0.0	0.0	-1.0	-1.0	0.0	0.0	0.0	-1.0	0.0
19:59:24	142.1	352.9	353.2	354.7	354.0	354.1	44.6	0.0	0.0	0.0	354.7	352.9	0.3	-1.8	353.8	353.8	354.9	354.9	354.3	360.2	100.7	142.0	58.5	31.5	355.2	355.0	44.0	55.0	3.6	37.4	0.0	10.0	.Autoclave.Outputs.PRESSIP\OutputValue	-6.0	1.8	0.2	-1.0	0.0	-1.0	-1.0	-1.0	0.0	0.0	0.0	-1.0	-1.0	0.0	0.0	0.0	-1.0	0.0
20:00:23	143.0	352.9	353.4	354.8	354.6	353.9	44.6	0.1	0.0	0.0	354.8	352.9	1.4	-0.3	353.9	353.8	355.0	355.1	354.3	360.1	100.8	143.0	59.5	30.5	355.1	355.0	44.0	53.7	3.6	37.6	0.0	7.4	.Autoclave.Outputs.PRESSIP\OutputValue	-6.0	1.9	0.2	-1.0	0.0	-1.0	-1.0	-1.0	0.0	0.0	0.0	-1.0	-1.0	0.0	0.0	0.0	-1.0	0.0
20:01:23	144.0	353.1	353.3	354.6	354.4	353.9	44.6	0.0	0.0	0.0	354.6	353.1	0.8	-0.2	353.9	353.8	355.1	355.1	354.2	360.0	100.9	144.0	60.5	29.5	355.4	355.0	44.0	54.4	3.7	37.6	0.0	8.8	.Autoclave.Outputs.PRESSIP\OutputValue	-6.0	1.5	0.5	-1.0	0.0	-1.0	-1.0	-1.0	0.0	0.0	0.0	-1.0	-1.0	0.0	0.0	0.0	-1.0	0.0
20:02:23	145.0	352.9	353.3	354.0	354.6	353.8	44.6	0.1	0.0	0.0	354.6	352.9	0.3	-0.7	353.7	353.7	355.1	355.1	354.3	360.0	100.8	145.0	61.5	28.5	355.3	355.0	44.0	53.1	3.7	37.6	0.0	6.2	.Autoclave.Outputs.PRESSIP\OutputValue	-6.0	1.7	0.5	-1.0	0.0	-1.0	-1.0	-1.0	0.0	0.0	0.0	-1.0	-1.0	0.0	0.0	0.0	-1.0	0.0
20:03:24	146.1	352.9	353.3	354.5	354.6	354.0	44.7	0.0	0.0	0.0	354.6	352.9	0.7	-0.2	353.9	353.7	355.1	355.1	354.4	360.2	100.9	146.0	62.5	27.5	355.4	355.0	44.0	53.8	3.7	37.4	0.0	7.6	.Autoclave.Outputs.PRESSIP\OutputValue	-6.0	1.7	0.5	-1.0	0.0	-1.0	-1.0	-1.0	0.0	0.0	0.0	-1.0	-1.0	0.0	0.0	0.0	-1.0	0.0
20:04:23	147.0	352.8	353.4	354.6	354.6	353.6	44.6	0.1	0.0	0.0	354.6	352.8	0.1	-0.4	353.8	353.7	355.1	355.2	354.2	359.9	100.9	147.0	63.5	26.5	355.2	355.0	44.0	53.9	3.7	37.4	0.0	7.8	.Autoclave.Outputs.PRESSIP\OutputValue	-6.0	1.8	0.5	-1.0	0.0	-1.0	-1.0	-1.0	0.0	0.0	0.0	-1.0	-1.0	0.0	0.0	0.0	-1.0	0.0
20:05:23	148.0	352.9	353.5	354.2	354.6	353.9	44.6	0.1	0.0	0.0	354.6	352.9	0.3	-0.1	353.8	353.7	355.0	355.0	354.3	359.7	101.0	148.0	64.5	25.5	355.4	355.0	44.0	53.8	3.8	37.8	0.0	7.7	.Autoclave.Outputs.PRESSIP\OutputValue	-6.0	1.7	0.4	-1.0	0.0	-1.0	-1.0	-1.0	0.0	0.0	0.0	-1.0	-1.0	0.0	0.0	0.0	-1.0	0.0
20:06:23	149.0	352.9	353.4	354.8	354.6	353.8	44.6	0.1	0.0	0.0	354.8	352.9	0.2	-0.6	353.9	353.8	355.1	355.1	354.3	359.8	100.9	149.0	65.5	24.5	355.3	355.0	44.0	52.6	3.8	37.8	0.0	5.2	.Autoclave.Outputs.PRESSIP\OutputValue	-6.0	1.9	0.3	-1.0	0.0	-1.0	-1.0	-1.0	0.0	0.0	0.0	-1.0	-1.0	0.0	0.0	0.0	-1.0	0.0
20:07:23	150.0	353.0	353.5	353.9	354.6	353.7	44.7	0.1	0.0	0.0	354.6	353.0	0.8	-0.1	353.7	353.8	355.1	355.1	354.2	360.1	100.9	150.0	66.5	23.5	355.3	355.0	44.0	53.9	3.8	37.2	0.0	7.8	.Autoclave.Outputs.PRESSIP\OutputValue	-6.0	1.6	0.5	-1.0	0.0	-1.0	-1.0	-1.0	0.0	0.0	0.0	-1.0	-1.0	0.0	0.0	0.0	-1.0	0.0
20:08:23	151.0	353.0	353.4	354.5	354.6	354.0	44.7	0.1	0.0	0.0	354.6	353.0	0.5	-0.5	353.9	353.8	355.0	355.0	354.3	359.9	100.9	151.0	67.5	22.5	355.3	355.0	44.0	53.9	3.8	37.6	0.0	7.8	.Autoclave.Outputs.PRESSIP\OutputValue	-6.0	1.6	0.4	-1.0	0.0	-1.0	-1.0	-1.0	0.0	0.0	0.0	-1.0	-1.0	0.0	0.0	0.0	-1.0	0.0
20:09:23	152.0	352.9	353.3	354.8	354.6	354.1	44.7	0.1	0.0	0.0	354.8	352.9	0.2	-0.1	353.9	353.8	355.1	355.1	354.3	360.0	100.9	152.0	68.5	21.5	355.4	355.0	44.0	53.9	3.9	37.0	0.0	7.9	.Autoclave.Outputs.PRESSIP\OutputValue	-6.0	1.9	0.3	-1.0	0.0	-1.0	-1.0	-1.0	0.0	0.0	0.0	-1.0	-1.0	0.0	0.0	0.0	-1.0	0.0
20:10:23	153.0	352.9	353.3	354.9	354.7	354.1	44.7	0.1	0.0	0.0	354.9	352.9	0.0	-0.3	354.0	353.9	355.1	355.1	354.3	359.8	100.9	153.0	69.5	20.5	355.3	355.0	44.0	53.3	3.9	37.4	0.0	6.6	.Autoclave.Outputs.PRESSIP\OutputValue	-6.0	2.0	0.2	-1.0	0.0	-1.0	-1.0	-1.0	0.0	0.0	0.0	-1.0	-1.0	0.0	0.0	0.0	-1.0	0.0
20:11:23	154.0	353.0	353.4	354.5	354.6	354.0	44.6	0.1	0.0	0.0	354.6	353.0	0.3	0.0	353.9	353.8	354.9	354.9	354.3	359.7	100.9	154.0	70.5	19.5	355.4	355.0	44.0	54.7	3.9	37.6	0.0	9.5	.Autoclave.Outputs.PRESSIP\OutputValue	-6.0	1.6	0.3	-1.0	0.0	-1.0	-1.0	-1.0	0.0	0.0	0.0	-1.0	-1.0	0.0	0.0	0.0	-1.0	0.0
20:12:23	155.0	352.8	353.4	354.5	354.6	353.9	44.7	0.1	0.0	0.0	354.6	352.8	0.2	-0.1	353.8	353.7	355.2	355.2	354.4	360.1	101.0	155.0	71.5	18.5	354.9	355.0	44.0	51.3	3.9	37.4	0.0	2.7	.Autoclave.Outputs.PRESSIP\OutputValue	-6.0	1.8	0.6	-1.0	0.0	-1.0	-1.0	-1.0	0.0	0.0	0.0	-1.0	-1.0	0.0	0.0	0.0	-1.0	0.0
20:13:23	156.0	352.8	353.4	354.5	354.6	354.2	44.7	0.1	0.0	0.0	354.6	352.8	0.1	-0.1	353.9	353.7	355.2	355.1	354.3	360.0	101.1	156.0	72.5	17.5	355.4	355.0	44.0	53.4	3.9	37.6	0.0	6.7	.Autoclave.Outputs.PRESSIP\OutputValue	-6.0	1.8	0.6	-1.0	0.0	-1.0	-1.0	-1.0	0.0	0.0	0.0	-1.0	-1.0	0.0	0.0	0.0	-1.0	0.0
20:14:23	157.0	352.8	353.5	354.6	354.7	354.0	44.7	0.1	0.0	0.0	354.7	352.8	0.2	-0.3	353.9	353.7	355.2	355.2	354.4	359.9	101.0	157.0	73.5	16.5	355.4	355.0	44.0	53.4	4.0	37.4	0.0	6.8	.Autoclave.Outputs.PRESSIP\OutputValue	-6.0	1.9	0.5	-1.0	0.0	-1.0	-1.0	-1.0	0.0	0.0	0.0	-1.0	-1.0	0.0	0.0	0.0	-1.0	0.0
20:15:23	158.0	352.9	353.4	354.6	354.6	354.4	44.7	0.1	0.0	0.0	354.6	352.9	0.6	-0.1	354.0	353.7	355.1	355.1	354.3	360.0	101.1	158.0	74.5	15.5	355.4	355.0	44.0	54.1	4.0	37.4	0.0	8.1	.Autoclave.Outputs.PRESSIP\OutputValue	-6.0	1.7	0.5	-1.0	0.0	-1.0	-1.0	-1.0	0.0	0.0	0.0	-1.0	-1.0	0.0	0.0	0.0	-1.0	0.0
20:16:24	159.1	352.9	353.4	354.4	353.2	354.1	44.7	0.0	0.0	0.0	354.4	352.9	0.2	-0.9	353.6	353.6	355.1	355.2	354.3	360.3	100.9	159.0	75.5	14.5	355.3	355.0	44.0	54.2	4.0	37.4	0.0	8.4	.Autoclave.Outputs.PRESSIP\OutputValue	-6.0	1.5	0.7	-1.0	0.0	-1.0	-1.0	-1.0	0.0	0.0	0.0	-1.0	-1.0	0.0	0.0	0.0	-1.0	0.0
20:17:23	160.0	352.9	353.4	355.2	354.6	353.4	44.7	0.1	0.0	0.0	355.2	352.9	0.9	-0.3	353.9	354.0	355.1	355.1	354.3	360.3	100.9	160.0	76.5	13.5	355.4	355.0	44.0	53.5	4.0	37.4	0.0	7.1	.Autoclave.Outputs.PRESSIP\OutputValue	-6.0	2.3	-0.1	-1.0	0.0	-1.0	-1.0	-1.0	0.0	0.0	0.0	-1.0	-1.0	0.0	0.0	0.0	-1.0	0.0
20:18:23	161.0	353.0	353.4	354.4	354.6	354.1	44.7	0.1	0.0	0.0	354.6	353.0	0.3	0.0	353.9	353.8	355.2	355.2	354.5	360.3	101.1	161.0	77.5	12.5	355.2	355.0	44.0	52.1	4.1	37.0	0.0	4.3	.Autoclave.Outputs.PRESSIP\OutputValue	-6.0	1.6	0.6	-1.0	0.0	-1.0	-1.0	-1.0	0.0	0.0	0.0	-1.0	-1.0	0.0	0.0	0.0	-1.0	0.0
20:19:23	162.0	352.9	353.4	354.8	354.6	353.8	44.7	0.1	0.0	0.0	354.8	352.9	0.1	-0.1	353.9	353.8	355.1	355.1	354.4	360.1	101.1	162.0	78.5	11.5	355.4	355.0	44.0	54.2	4.1	37.0	0.0	8.3	.Autoclave.Outputs.PRESSIP\OutputValue	-6.0	1.9	0.3	-1.0	0.0	-1.0	-1.0	-1.0	0.0	0.0	0.0	-1.0	-1.0	0.0	0.0	0.0	-1.0	0.0
20:20:24	163.1	352.9	353.5	354.7	354.5	354.0	44.7	0.0	0.0	0.0	354.7	352.9	0.2	0.0	353.9	353.8	355.1	355.1	354.4	360.1	101.0	163.0	79.5	10.5	355.3	355.0	44.0	51.5	4.1	37.2	0.0	3.0	.Autoclave.Outputs.PRESSIP\OutputValue	-6.0	1.8	0.4	-1.0	0.0	-1.0	-1.0	-1.0	0.0	0.0	0.0	-1.0	-1.0	0.0	0.0	0.0	-1.0	0.0
20:21:23	164.0	353.0	353.4	354.2	354.6	354.1	44.7	0.1	0.0	0.0	354.6	353.0	0.0	0.0	353.9	353.8	355.0	355.0	354.3	360.0	101.1	164.0	80.5	9.5	355.3	355.0	44.0	53.5	4.1	37.2	0.0	7.0	.Autoclave.Outputs.PRESSIP\OutputValue	-6.0	1.6	0.4	-1.0	0.0	-1.0	-1.0	-1.0	0.0	0.0	0.0	-1.0	-1.0	0.0	0.0	0.0	-1.0	0.0
20:22:23	165.0	352.9	353.5	354.5	354.7	354.0	44.7	0.1	0.0	0.0	354.7	352.9	0.0	-0.1	353.9	353.8	355.1	355.1	354.3	360.1	101.1	165.0	81.5	8.5	355.3	355.0	44.0	53.5	4.1	37.2	0.0	7.1	.Autoclave.Outputs.PRESSIP\OutputValue	-6.0	1.8	0.4	-1.0	0.0	-1.0	-1.0	-1.0	0.0	0.0	0.0	-1.0	-1.0	0.0	0.0	0.0	-1.0	0.0
20:23:23	166.0	352.9	353.3	355.1	354.6	353.9	44.7	0.1	0.0	0.0	355.1	352.9	0.4	0.0	354.0	354.0	355.1	355.1	354.3	360.1	101.1	166.0	82.5	7.5	355.4	355.0	44.0	54.3	4.1	37.2	0.0	8.6	.Autoclave.Outputs.PRESSIP\OutputValue	-6.0	2.2	0.0	-1.0	0.0	-1.0	-1.0	-1.0	0.0	0.0	0.0	-1.0	-1.0	0.0	0.0	0.0	-1.0	0.0
20:24:24	167.1	352.9	353.5	354.5	354.6	353.7	44.7	0.0	0.0	0.0	354.6	352.9	0.1	-0.7	353.8	353.7	355.1	355.0	354.3	359.8	101.2	167.0	83.5	6.5	355.4	355.0	44.0	53.7	4.2	37.4	0.0	7.3	.Autoclave.Outputs.PRESSIP\OutputValue	-6.0	1.7	0.5	-1.0	0.0	-1.0	-1.0	-1.0	0.0	0.0	0.0	-1.0	-1.0	0.0	0.0	0.0	-1.0	0.0
20:25:23	168.0	353.0	353.3	354.7	354.6	353.9	44.7	0.1	0.0	0.0	354.7	353.0	0.9	-0.2	353.9	353.8	355.1	355.1	354.3	359.9	101.1	168.0	84.5	5.5	355.3	355.0	44.0	53.6	4.2	37.2	0.0	7.2	.Autoclave.Outputs.PRESSIP\OutputValue	-6.0	1.7	0.4	-1.0	0.0	-1.0	-1.0	-1.0	0.0	0.0	0.0	-1.0	-1.0	0.0	0.0	0.0	-1.0	0.0
20:26:23	169.0	352.8	353.4	355.0	354.7	354.4	44.7	0.1	0.0	0.0	355.0	352.8	0.2	-1.1	354.1	353.9	355.2	355.2	354.3	360.0	101.2	169.0	85.5	4.5	355.3	355.0	44.0	53.0	4.2	37.4	0.0	6.0	.Autoclave.Outputs.PRESSIP\OutputValue	-6.0	2.2	0.2	-1.0	0.0	-1.0	-1.0	-1.0	0.0	0.0	0.0	-1.0	-1.0	0.0	0.0	0.0	-1.0	0.0
20:27:23	170.0	353.0	353.3	354.6	354.6	353.9	44.7	0.1	0.0	0.0	354.6	353.0	0.7	-0.1	353.9	353.8	355.2	355.1	354.4	359.8	101.3	170.0	86.5	3.5	355.3	355.0	44.0	53.0	4.2	37.2	0.0	5.9	.Autoclave.Outputs.PRESSIP\OutputValue	-6.0	1.6	0.6	-1.0	0.0	-1.0	-1.0	-1.0	0.0	0.0	0.0	-1.0	-1.0	0.0	0.0	0.0	-1.0	0.0
20:28:23	171.0	352.9	353.3	354.6	354.7	353.9	44.7	0.1	0.0	0.0	354.7	352.9	0.5	-0.3	353.9	353.8	355.1	355.2	354.4	359.9	101.2	171.0	87.5	2.5	355.0	355.0	44.0	51.6	4.2	37.2	0.0	3.3	.Autoclave.Outputs.PRESSIP\OutputValue	-6.0	1.8	0.4	-1.0	0.0	-1.0	-1.0	-1.0	0.0	0.0	0.0	-1.0	-1.0	0.0	0.0	0.0	-1.0	0.0
20:29:23	172.0	352.9	353.4	354.8	354.6	353.8	44.7	0.1	0.0	0.0	354.8	352.9	0.1	-0.2	353.9	353.8	355.1	355.1	354.3	360.1	101.3	172.0	88.5	1.5	355.0	355.0	44.0	51.0	4.2	37.0	0.0	2.0	.Autoclave.Outputs.PRESSIP\OutputValue	-6.0	1.9	0.3	-1.0	0.0	-1.0	-1.0	-1.0	0.0	0.0	0.0	-1.0	-1.0	0.0	0.0	0.0	-1.0	0.0
20:30:24	173.0	352.9	353.5	354.8	354.7	354.3	44.7	0.0	0.0	0.0	354.8	352.9	0.2	-0.1	354.0	353.8	355.2	355.2	354.3	359.9	101.4	173.0	89.5	0.5	355.4	355.0	44.0	52.3	4.3	37.2	0.0	4.7	.Autoclave.Outputs.PRESSIP\OutputValue	-6.0	1.9	0.4	-1.0	0.0	-1.0	-1.0	-1.0	0.0	0.0	0.0	-1.0	-1.0	0.0	0.0	0.0	-1.0	0.0
20:30:55	173.6	352.9	353.5	354.6	354.6	353.7	44.7	0.0	0.0	0.0	354.6	352.9	0.1	-0.3	353.9	353.7	355.1	355.2	354.4	360.2	101.2	173.5	90.0	0.0	355.1	355.0	44.0	53.7	4.3	36.6	0.0	7.4	.Autoclave.Outputs.PRESSIP\OutputValue	-6.0	1.7	0.2	-1.0	0.0	-1.0	-1.0	-1.0	0.0	0.0	0.0	-1.0	-1.0	0.0	0.0	0.0	-1.0	0.0
20:31:23	174.0	352.9	352.3	354.2	354.6	354.1	43.6	0.1	0.0	0.0	354.6	352.3	-0.1	-0.2	353.6	353.4	352.4	352.4	351.6	336.0	101.1	174.0	0.5	0.0	352.8	352.8	44.0	54.2	4.2	48.2	0.0	8.4	.Autoclave.Outputs.PRESSIP\OutputValue	-6.0	2.3	-2.2	-1.0	0.0	-1.0	-1.0	-1.0	0.0	0.0	0.0	-1.0	-1.0	0.0	0.0	0.0	-1.0	0.0
20:32:24	175.1	351.5	349.7	350.4	351.3	351.3	44.2	0.0	0.0	0.0	351.5	349.7	-1.3	-3.9	350.8	350.6	345.5	345.5	344.8	351.9	101.2	175.0	1.5	0.0	348.3	348.3	44.0	71.8	4.5	41.7	0.0	43.6	.Autoclave.Outputs.PRESSIP\OutputValue	-5.8	1.8	-6.0	-1.0	0.0	-1.0	-1.0	-1.0	0.0	0.0	0.0	-1.0	-1.0	0.0	0.0	0.0	-1.0	0.0
20:33:23	176.0	351.0	348.3	350.8	350.8	351.1	43.2	0.1	0.0	0.0	351.1	348.3	0.9	-0.6	350.4	349.7	343.6	343.2	342.5	328.5	101.1	176.0	2.5	0.0	343.9	343.8	44.0	54.5	4.5	52.2	0.0	9.1	.Autoclave.Outputs.PRESSIP\OutputValue	-5.9	2.8	-7.5	-1.0	0.0	-1.0	-1.0	-1.0	0.0	0.0	0.0	-1.0	-1.0	0.0	0.0	0.0	-1.0	0.0
20:34:23	177.0	349.3	345.2	347.1	347.0	348.5	44.3	0.1	0.0	0.0	349.3	345.2	-1.7	-3.8	347.4	347.2	336.8	336.7	336.1	341.8	101.2	177.0	3.5	0.0	339.4	339.3	44.0	70.5	5.0	40.7	0.0	40.9	.Autoclave.Outputs.PRESSIP\OutputValue	-5.9	4.1	-12.5	-1.0	0.0	-1.0	-1.0	-1.0	0.0	0.0	0.0	-1.0	-1.0	0.0	0.0	0.0	-1.0	0.0
20:35:23	178.0	348.4	343.3	345.3	345.4	346.9	43.2	0.1	0.0	0.0	348.4	343.3	-0.8	-2.5	345.9	345.8	332.6	332.6	331.8	315.0	101.0	178.0	4.5	0.0	334.9	334.8	44.0	65.8	5.0	52.5	0.0	31.6	.Autoclave.Outputs.PRESSIP\OutputValue	-5.8	5.1	-15.8	-1.0	0.0	-1.0	-1.0	-1.0	0.0	0.0	0.0	-1.0	-1.0	0.0	0.0	0.0	-1.0	0.0
20:36:23	179.0	346.6	341.0	342.4	341.6	344.2	43.8	0.1	0.0	0.0	346.6	341.0	-2.1	-4.0	343.2	343.8	328.8	328.8	328.0	333.2	101.2	179.0	5.5	0.0	330.4	330.3	44.0	64.9	5.4	46.8	0.0	29.8	.Autoclave.Outputs.PRESSIP\OutputValue	-5.1	5.6	-17.8	-1.0	0.0	-1.0	-1.0	-1.0	0.0	0.0	0.0	-1.0	-1.0	0.0	0.0	0.0	-1.0	0.0
20:36:46	179.4	346.0	340.6	342.0	341.2	343.6	43.8	0.1	0.0	0.0	346.0	340.6	-0.5	-2.4	342.7	343.3	329.3	329.3	328.4	332.0	101.3	179.4	5.9	0.0	328.7	328.7	44.0	49.8	5.4	47.7	0.0	0.0	.Autoclave.Outputs.PRESSIP\OutputValue	-5.0	5.4	-16.8	-1.0	0.0	-1.0	-1.0	-1.0	0.0	0.0	0.0	-1.0	-1.0	0.0	0.0	0.0	-1.0	0.0
20:37:23	180.0	344.7	337.0	339.5	339.1	342.3	43.9	0.1	0.0	0.0	344.7	337.0	-1.6	-3.9	340.5	340.8	321.4	321.2	320.3	309.6	101.3	180.0	0.6	0.0	325.9	325.8	44.0	83.6	5.4	46.9	0.0	67.2	.Autoclave.Outputs.PRESSIP\OutputValue	-4.4	7.7	-23.3	-1.0	0.0	-1.0	-1.0	-1.0	0.0	0.0	0.0	-1.0	-1.0	0.0	0.0	0.0	-1.0	0.0
20:38:23	181.0	342.7	335.5	337.1	335.4	339.3	44.4	0.1	0.0	0.0	342.7	335.4	-2.4	-4.4	338.0	339.0	320.7	320.6	319.8	324.7	101.4	181.0	1.6	0.0	321.4	321.3	44.0	58.7	5.8	41.5	0.0	17.3	.Autoclave.Outputs.PRESSIP\OutputValue	-5.0	7.3	-22.0	-1.0	0.0	-1.0	-1.0	-1.0	0.0	0.0	0.0	-1.0	-1.0	0.0	0.0	0.0	-1.0	0.0
20:39:23	182.0	340.4	331.6	332.6	331.5	335.6	43.7	0.1	0.0	0.0	340.4	331.5	-2.0	-3.8	334.3	335.9	311.8	311.8	311.1	309.0	101.4	182.0	2.6	0.0	316.9	316.8	44.0	87.4	5.9	48.5	0.0	74.8	.Autoclave.Outputs.PRESSIP\OutputValue	-4.7	8.9	-28.6	-1.0	0.0	-1.0	-1.0	-1.0	0.0	0.0	0.0	-1.0	-1.0	0.0	0.0	0.0	-1.0	0.0
20:40:23	183.0	338.5	329.9	331.1	328.6	333.7	43.8	0.1	0.0	0.0	338.5	328.6	-2.0	-3.6	332.3	333.5	312.9	312.9	312.1	315.8	101.4	183.0	3.6	0.0	312.4	312.3	44.0	51.7	6.1	47.6	0.0	3.4	.Autoclave.Outputs.PRESSIP\OutputValue	-4.3	9.9	-25.6	-1.0	0.0	-1.0	-1.0	-1.0	0.0	0.0	0.0	-1.0	-1.0	0.0	0.0	0.0	-1.0	0.0
20:41:24	184.1	335.8	325.4	326.9	324.0	330.4	44.2	0.0	0.0	0.0	335.8	324.0	-2.7	-4.5	328.5	329.9	304.0	304.0	303.2	306.2	101.4	184.0	4.6	0.0	307.8	307.8	44.0	79.8	6.3	44.1	0.0	59.6	.Autoclave.Outputs.PRESSIP\OutputValue	-3.9	11.8	-31.7	-1.0	0.0	-1.0	-1.0	-1.0	0.0	0.0	0.0	-1.0	-1.0	0.0	0.0	0.0	-1.0	0.0
20:42:23	185.0	333.7	324.2	324.7	321.3	327.8	44.1	0.1	0.0	0.0	333.7	321.3	-1.2	-2.9	326.3	327.5	304.5	304.6	303.8	306.8	101.4	185.0	5.6	0.0	303.4	303.3	44.0	46.6	6.4	44.4	-1.0	0.0	.Autoclave.Outputs.PRESSIP\OutputValue	-4.2	12.4	-29.1	-1.0	0.0	-1.0	-1.0	-1.0	0.0	0.0	0.0	-1.0	-1.0	0.0	0.0	0.0	-1.0	0.0
20:43:23	186.0	330.7	319.9	320.0	316.5	324.2	43.7	0.1	0.0	0.0	330.7	316.5	-3.2	-5.1	322.2	323.6	296.8	296.8	296.1	299.0	101.4	186.0	6.6	0.0	298.9	298.8	44.0	68.3	6.6	49.7	0.0	36.5	.Autoclave.Outputs.PRESSIP\OutputValue	-3.3	14.2	-33.8	-1.0	0.0	-1.0	-1.0	-1.0	0.0	0.0	0.0	-1.0	-1.0	0.0	0.0	0.0	-1.0	0.0
20:44:23	187.0	328.3	317.9	317.8	313.6	321.8	43.0	0.1	0.0	0.0	328.3	313.6	-1.9	-3.0	319.9	320.9	295.3	295.3	294.6	286.4	101.3	187.0	7.6	0.0	294.4	294.3	44.0	47.6	6.6	57.5	-1.0	0.0	.Autoclave.Outputs.PRESSIP\OutputValue	-2.5	14.7	-32.9	-1.0	0.0	-1.0	-1.0	-1.0	0.0	0.0	0.0	-1.0	-1.0	0.0	0.0	0.0	-1.0	0.0
20:45:23	188.0	325.1	313.8	313.0	309.0	317.7	44.1	0.1	0.0	0.0	325.1	309.0	-3.1	-4.7	315.7	317.0	289.1	289.1	288.4	290.4	101.5	188.0	8.6	0.0	289.9	289.8	44.0	59.9	6.9	46.3	0.0	19.7	.Autoclave.Outputs.PRESSIP\OutputValue	-2.4	16.1	-35.9	-1.0	0.0	-1.0	-1.0	-1.0	0.0	0.0	0.0	-1.0	-1.0	0.0	0.0	0.0	-1.0	0.0
20:46:23	189.0	322.5	310.8	309.2	305.5	315.3	43.0	0.0	0.0	0.0	322.5	305.5	-1.8	-3.2	312.6	314.0	283.9	283.7	282.8	268.8	101.3	189.0	9.6	0.0	285.3	285.3	44.0	64.4	6.8	57.2	0.0	28.9	.Autoclave.Outputs.PRESSIP\OutputValue	-2.2	17.0	-38.5	-1.0	0.0	-1.0	-1.0	-1.0	0.0	0.0	0.0	-1.0	-1.0	0.0	0.0	0.0	-1.0	0.0
20:47:23	190.0	319.2	307.1	305.8	300.8	311.5	43.5	0.1	0.0	0.0	319.2	300.8	-3.5	-5.1	308.9	310.0	280.8	280.8	280.1	281.8	101.5	190.0	10.6	0.0	280.9	280.8	44.0	55.4	7.1	53.3	0.0	10.9	.Autoclave.Outputs.PRESSIP\OutputValue	-1.2	18.4	-38.3	-1.0	0.0	-1.0	-1.0	-1.0	0.0	0.0	0.0	-1.0	-1.0	0.0	0.0	0.0	-1.0	0.0
20:48:23	191.0	316.1	302.1	301.4	297.0	307.9	43.6	0.1	0.0	0.0	316.1	297.0	-3.0	-4.3	304.9	306.5	272.7	272.5	271.9	265.5	101.6	191.0	11.6	0.0	276.4	276.3	44.0	79.4	7.1	54.1	0.0	58.8	.Autoclave.Outputs.PRESSIP\OutputValue	-0.1	19.1	-43.3	-1.0	0.0	-1.0	-1.0	-1.0	0.0	0.0	0.0	-1.0	-1.0	0.0	0.0	0.0	-1.0	0.0
20:49:23	192.0	312.9	300.0	297.6	292.8	304.1	43.8	0.1	0.0	0.0	312.9	292.8	-2.9	-4.4	301.5	302.8	272.4	272.4	271.7	272.7	101.3	192.0	12.6	0.0	271.9	271.8	44.0	51.6	7.2	52.2	0.0	3.2	.Autoclave.Outputs.PRESSIP\OutputValue	0.2	20.1	-40.4	-1.0	0.0	-1.0	-1.0	-1.0	0.0	0.0	0.0	-1.0	-1.0	0.0	0.0	0.0	-1.0	0.0
20:50:23	193.0	309.2	295.2	293.5	288.1	300.6	44.2	0.1	0.0	0.0	309.2	288.1	-3.5	-5.0	297.3	298.6	265.1	265.1	264.4	266.8	101.6	193.0	13.6	0.0	267.4	267.3	44.0	70.4	7.3	49.1	0.0	40.7	.Autoclave.Outputs.PRESSIP\OutputValue	0.6	21.1	-44.0	-1.0	0.0	-1.0	-1.0	-1.0	0.0	0.0	0.0	-1.0	-1.0	0.0	0.0	0.0	-1.0	0.0
20:51:23	194.0	306.1	292.2	290.7	284.8	297.7	43.4	0.1	0.0	0.0	306.1	284.8	-2.4	-4.1	294.3	295.5	263.2	263.2	262.4	253.7	101.4	194.0	14.6	0.0	262.9	262.8	44.0	52.4	7.3	57.0	0.0	4.8	.Autoclave.Outputs.PRESSIP\OutputValue	0.6	21.3	-42.9	-1.0	0.0	-1.0	-1.0	-1.0	0.0	0.0	0.0	-1.0	-1.0	0.0	0.0	0.0	-1.0	0.0
20:52:23	195.0	302.6	288.9	285.5	280.2	293.6	43.6	0.1	0.0	0.0	302.6	280.2	-3.6	-4.8	290.2	291.4	259.1	259.1	258.4	259.6	101.5	195.0	15.6	0.0	258.4	258.3	44.0	51.0	7.4	55.3	0.0	2.0	.Autoclave.Outputs.PRESSIP\OutputValue	1.5	22.4	-43.5	-1.0	0.0	-1.0	-1.0	-1.0	0.0	0.0	0.0	-1.0	-1.0	0.0	0.0	0.0	-1.0	0.0
20:53:24	196.1	298.9	284.6	281.1	275.4	289.6	44.1	0.0	0.0	0.0	298.9	275.4	-3.8	-5.3	285.9	287.2	252.1	252.1	251.5	254.0	101.7	196.0	16.6	0.0	253.9	253.9	44.0	67.6	7.5	51.2	0.0	35.1	.Autoclave.Outputs.PRESSIP\OutputValue	2.2	23.5	-46.8	-1.0	0.0	-1.0	-1.0	-1.0	0.0	0.0	0.0	-1.0	-1.0	0.0	0.0	0.0	-1.0	0.0
20:54:23	197.0	295.3	280.3	276.8	271.5	285.4	43.4	0.1	0.0	0.0	295.3	271.5	-3.3	-3.9	281.9	283.4	246.6	246.6	245.9	241.1	101.5	197.0	17.6	0.0	249.4	249.3	44.0	73.4	7.5	58.5	0.0	46.8	.Autoclave.Outputs.PRESSIP\OutputValue	2.6	23.8	-48.7	-1.0	0.0	-1.0	-1.0	-1.0	0.0	0.0	0.0	-1.0	-1.0	0.0	0.0	0.0	-1.0	0.0
20:55:23	198.0	292.1	277.1	273.7	267.4	282.1	43.2	0.1	0.0	0.0	292.1	267.4	-3.1	-4.5	278.5	279.8	244.9	244.9	244.3	234.5	101.4	198.0	18.6	0.0	244.9	244.8	44.0	53.4	7.6	62.0	0.0	6.8	.Autoclave.Outputs.PRESSIP\OutputValue	3.5	24.7	-47.2	-1.0	0.0	-1.0	-1.0	-1.0	0.0	0.0	0.0	-1.0	-1.0	0.0	0.0	0.0	-1.0	0.0
20:56:23	199.0	288.0	273.7	269.1	262.9	277.9	44.0	0.1	0.0	0.0	288.0	262.9	-3.8	-4.4	274.3	275.5	241.6	241.6	240.8	242.0	101.6	199.0	19.6	0.0	240.4	240.3	44.0	47.5	7.7	53.0	-1.0	0.0	.Autoclave.Outputs.PRESSIP\OutputValue	3.5	25.1	-46.4	-1.0	0.0	-1.0	-1.0	-1.0	0.0	0.0	0.0	-1.0	-1.0	0.0	0.0	0.0	-1.0	0.0
20:57:23	200.0	284.2	269.1	265.5	258.3	273.4	43.8	0.1	0.0	0.0	284.2	258.3	-4.1	-5.2	270.1	271.3	236.2	236.2	235.6	238.2	101.6	200.0	20.6	0.0	235.8	235.8	44.0	54.2	7.8	56.7	0.0	8.5	.Autoclave.Outputs.PRESSIP\OutputValue	4.3	25.9	-48.0	-1.0	0.0	-1.0	-1.0	-1.0	0.0	0.0	0.0	-1.0	-1.0	0.0	0.0	0.0	-1.0	0.0
20:58:23	201.0	280.2	264.7	260.2	253.8	269.6	44.2	0.1	0.0	0.0	280.2	253.8	-3.6	-4.4	265.7	267.0	230.4	230.4	229.7	232.3	101.6	201.0	21.6	0.0	231.4	231.3	44.0	62.4	7.9	52.7	0.0	24.9	.Autoclave.Outputs.PRESSIP\OutputValue	4.8	26.4	-49.8	-1.0	0.0	-1.0	-1.0	-1.0	0.0	0.0	0.0	-1.0	-1.0	0.0	0.0	0.0	-1.0	0.0
20:59:23	202.0	276.7	260.7	255.7	249.5	265.6	43.8	0.1	0.0	0.0	276.7	249.5	-3.7	-4.8	261.7	263.1	224.8	224.8	224.0	225.8	101.6	202.0	22.6	0.0	226.9	226.8	44.0	70.4	7.9	57.2	0.0	40.8	.Autoclave.Outputs.PRESSIP\OutputValue	5.1	27.2	-51.9	-1.0	0.0	-1.0	-1.0	-1.0	0.0	0.0	0.0	-1.0	-1.0	0.0	0.0	0.0	-1.0	0.0
21:00:23	203.0	272.7	255.8	251.6	245.3	261.1	43.9	0.1	0.0	0.0	272.7	245.3	-3.8	-4.9	257.3	259.0	220.5	220.4	219.7	216.1	101.7	203.0	23.6	0.0	222.3	222.3	44.0	68.4	7.9	57.4	0.0	36.8	.Autoclave.Outputs.PRESSIP\OutputValue	5.9	27.4	-52.2	-1.0	0.0	-1.0	-1.0	-1.0	0.0	0.0	0.0	-1.0	-1.0	0.0	0.0	0.0	-1.0	0.0
21:01:23	204.0	268.8	252.3	248.0	241.3	257.3	43.3	0.1	0.0	0.0	268.8	241.3	-3.5	-4.7	253.6	255.1	216.9	216.9	216.1	208.1	101.5	204.0	24.6	0.0	217.8	217.8	44.0	61.7	7.9	63.0	0.0	23.5	.Autoclave.Outputs.PRESSIP\OutputValue	6.0	27.5	-51.9	-1.0	0.0	-1.0	-1.0	-1.0	0.0	0.0	0.0	-1.0	-1.0	0.0	0.0	0.0	-1.0	0.0
21:02:23	205.0	264.9	248.6	243.0	237.0	252.9	43.0	0.1	0.0	0.0	264.9	237.0	-3.9	-4.5	249.3	251.0	213.5	213.5	212.8	205.3	101.4	205.0	25.6	0.0	213.3	213.3	44.0	53.1	7.9	66.7	0.0	6.2	.Autoclave.Outputs.PRESSIP\OutputValue	6.9	27.9	-51.4	-1.0	0.0	-1.0	-1.0	-1.0	0.0	0.0	0.0	-1.0	-1.0	0.0	0.0	0.0	-1.0	0.0
21:03:23	206.0	260.9	244.3	238.8	232.8	249.0	43.5	0.1	0.0	0.0	260.9	232.8	-4.2	-4.9	245.2	246.9	209.8	209.8	209.2	203.6	101.6	206.0	26.6	0.0	208.8	208.8	44.0	48.5	8.0	62.3	-1.0	0.0	.Autoclave.Outputs.PRESSIP\OutputValue	7.2	28.1	-51.1	-1.0	0.0	-1.0	-1.0	-1.0	0.0	0.0	0.0	-1.0	-1.0	0.0	0.0	0.0	-1.0	0.0
21:04:23	207.0	256.9	240.7	234.8	228.5	244.6	43.3	0.1	0.0	0.0	256.9	228.5	-3.7	-4.5	241.1	242.7	205.8	205.8	205.2	202.8	101.6	207.0	27.6	0.0	204.4	204.3	44.0	45.9	8.0	64.6	-1.0	0.0	.Autoclave.Outputs.PRESSIP\OutputValue	8.0	28.4	-51.1	-1.0	0.0	-1.0	-1.0	-1.0	0.0	0.0	0.0	-1.0	-1.0	0.0	0.0	0.0	-1.0	0.0
21:05:23	208.0	252.8	236.2	230.7	223.9	240.1	44.0	0.1	0.0	0.0	252.8	223.9	-4.3	-5.1	236.8	238.4	201.1	201.1	200.4	202.2	101.6	208.0	28.6	0.0	199.9	199.8	44.0	47.3	8.0	58.1	-1.0	0.0	.Autoclave.Outputs.PRESSIP\OutputValue	7.9	28.9	-51.7	-1.0	0.0	-1.0	-1.0	-1.0	0.0	0.0	0.0	-1.0	-1.0	0.0	0.0	0.0	-1.0	0.0
21:06:24	209.1	248.9	232.2	225.9	219.4	236.1	43.6	0.0	0.0	0.0	248.9	219.4	-4.0	-4.5	232.5	234.2	196.7	196.7	195.9	197.1	101.6	209.0	29.6	0.0	195.4	195.3	44.0	47.3	8.0	61.6	-1.0	0.0	.Autoclave.Outputs.PRESSIP\OutputValue	8.0	29.5	-52.2	-1.0	0.0	-1.0	-1.0	-1.0	0.0	0.0	0.0	-1.0	-1.0	0.0	0.0	0.0	-1.0	0.0
21:07:23	210.0	244.7	228.3	221.8	215.0	231.6	44.1	0.1	0.0	0.0	244.7	215.0	-4.0	-4.8	228.3	229.9	192.0	192.0	191.3	192.9	101.7	210.0	30.6	0.0	190.9	190.8	44.0	48.6	8.0	57.1	-1.0	0.0	.Autoclave.Outputs.PRESSIP\OutputValue	7.9	29.7	-52.7	-1.0	0.0	-1.0	-1.0	-1.0	0.0	0.0	0.0	-1.0	-1.0	0.0	0.0	0.0	-1.0	0.0
21:08:23	211.0	240.8	223.8	217.4	210.5	227.3	43.7	0.1	0.0	0.0	240.8	210.5	-4.2	-4.5	224.0	225.7	187.3	187.3	186.8	188.1	101.6	211.0	31.6	0.0	186.4	186.3	44.0	50.1	8.0	60.6	-1.0	0.1	.Autoclave.Outputs.PRESSIP\OutputValue	8.0	30.3	-53.5	-1.0	0.0	-1.0	-1.0	-1.0	0.0	0.0	0.0	-1.0	-1.0	0.0	0.0	0.0	-1.0	0.0
21:09:23	212.0	236.5	219.7	212.7	206.2	222.7	43.4	0.1	0.0	0.0	236.5	206.2	-4.1	-4.9	219.6	221.4	183.3	183.3	182.7	183.7	101.5	212.0	32.6	0.0	181.9	181.8	44.0	46.7	7.9	64.0	-1.0	0.0	.Autoclave.Outputs.PRESSIP\OutputValue	8.0	30.3	-53.2	-1.0	0.0	-1.0	-1.0	-1.0	0.0	0.0	0.0	-1.0	-1.0	0.0	0.0	0.0	-1.0	0.0
21:10:23	213.0	232.4	215.1	208.4	201.9	218.6	43.8	0.1	0.0	0.0	232.4	201.9	-4.3	-4.6	215.3	217.2	178.6	178.6	177.8	179.4	101.8	213.0	33.6	0.0	177.4	177.3	44.0	48.0	7.9	59.9	-1.0	0.0	.Autoclave.Outputs.PRESSIP\OutputValue	8.0	30.5	-53.8	-1.0	0.0	-1.0	-1.0	-1.0	0.0	0.0	0.0	-1.0	-1.0	0.0	0.0	0.0	-1.0	0.0
21:11:23	214.0	228.4	211.0	203.9	197.6	214.4	43.3	0.1	0.0	0.0	228.4	197.6	-3.6	-4.5	211.1	213.0	174.4	174.3	173.5	172.2	101.6	214.0	34.6	0.0	172.9	172.8	44.0	45.9	7.9	65.0	-1.0	0.0	.Autoclave.Outputs.PRESSIP\OutputValue	8.0	30.8	-54.0	-1.0	0.0	-1.0	-1.0	-1.0	0.0	0.0	0.0	-1.0	-1.0	0.0	0.0	0.0	-1.0	0.0
21:12:23	215.0	224.1	207.3	199.6	193.2	209.9	43.5	0.1	0.0	0.0	224.1	193.2	-3.9	-4.8	206.8	208.7	169.7	169.7	168.9	165.7	101.6	215.0	35.6	0.0	168.3	168.3	44.0	47.1	7.8	63.5	-1.0	0.0	.Autoclave.Outputs.PRESSIP\OutputValue	8.0	30.9	-54.4	-1.0	0.0	-1.0	-1.0	-1.0	0.0	0.0	0.0	-1.0	-1.0	0.0	0.0	0.0	-1.0	0.0
21:13:23	216.0	220.1	202.0	194.6	188.8	205.7	43.0	0.1	0.0	0.0	220.1	188.8	-4.2	-5.3	202.2	204.5	164.6	164.6	163.9	160.2	101.6	216.0	36.6	0.0	163.9	163.8	44.0	49.8	7.7	67.8	-1.0	0.0	.Autoclave.Outputs.PRESSIP\OutputValue	8.0	31.3	-55.5	-1.0	0.0	-1.0	-1.0	-1.0	0.0	0.0	0.0	-1.0	-1.0	0.0	0.0	0.0	-1.0	0.0
21:14:24	217.1	215.8	197.9	190.2	184.4	200.9	43.4	0.0	0.0	0.0	215.8	184.4	-4.4	-5.0	197.8	200.1	160.2	160.1	159.3	155.5	101.8	217.0	37.6	0.0	159.3	159.3	44.0	50.4	7.7	64.4	-1.0	0.7	.Autoclave.Outputs.PRESSIP\OutputValue	8.0	31.4	-55.6	-1.0	0.0	-1.0	-1.0	-1.0	0.0	0.0	0.0	-1.0	-1.0	0.0	0.0	0.0	-1.0	0.0
21:15:23	218.0	211.6	193.5	186.0	180.1	196.7	43.1	0.1	0.0	0.0	211.6	180.1	-4.2	-4.8	193.6	195.8	156.1	155.9	155.3	152.0	101.6	218.0	38.6	0.0	154.9	154.8	44.0	47.7	7.6	67.2	-1.0	0.0	.Autoclave.Outputs.PRESSIP\OutputValue	8.0	31.5	-55.5	-1.0	0.0	-1.0	-1.0	-1.0	0.0	0.0	0.0	-1.0	-1.0	0.0	0.0	0.0	-1.0	0.0
21:16:23	219.0	207.3	189.2	181.9	175.7	192.4	43.5	0.1	0.0	0.0	207.3	175.7	-4.0	-4.6	189.3	191.5	151.7	151.7	151.0	148.6	101.8	219.0	39.6	0.0	150.4	150.3	44.0	46.2	7.5	63.3	-1.0	0.0	.Autoclave.Outputs.PRESSIP\OutputValue	8.0	31.6	-55.6	-1.0	0.0	-1.0	-1.0	-1.0	0.0	0.0	0.0	-1.0	-1.0	0.0	0.0	0.0	-1.0	0.0
21:17:23	220.0	203.0	184.7	177.2	171.3	187.5	43.2	0.1	0.0	0.0	203.0	171.3	-4.3	-5.2	184.7	187.1	147.7	147.7	146.9	145.6	101.8	220.0	40.6	0.0	145.9	145.8	44.0	43.5	7.4	66.3	-1.0	0.0	.Autoclave.Outputs.PRESSIP\OutputValue	8.0	31.7	-55.3	-1.0	0.0	-1.0	-1.0	-1.0	0.0	0.0	0.0	-1.0	-1.0	0.0	0.0	0.0	-1.0	0.0
21:18:23	221.0	198.8	180.1	172.4	166.8	182.7	43.4	0.1	0.0	0.0	198.8	166.8	-4.2	-5.1	180.1	182.8	141.7	141.7	141.0	140.7	101.8	221.0	41.6	0.0	141.4	141.3	44.0	53.5	7.3	64.2	0.0	7.0	.Autoclave.Outputs.PRESSIP\OutputValue	8.0	32.0	-57.1	-1.0	0.0	-1.0	-1.0	-1.0	0.0	0.0	0.0	-1.0	-1.0	0.0	0.0	0.0	-1.0	0.0
21:19:23	222.0	194.7	176.5	168.0	162.6	178.6	43.7	0.1	0.0	0.0	194.7	162.6	-3.1	-4.8	176.1	178.6	138.7	138.7	138.0	136.7	101.9	222.0	42.6	0.0	136.9	136.8	44.0	43.4	7.1	61.4	-1.0	0.0	.Autoclave.Outputs.PRESSIP\OutputValue	8.0	32.1	-56.0	-1.0	0.0	-1.0	-1.0	-1.0	0.0	0.0	0.0	-1.0	-1.0	0.0	0.0	0.0	-1.0	0.0
21:20:23	223.0	190.4	172.2	163.2	158.3	174.3	43.3	0.1	0.0	0.0	190.4	158.3	-4.4	-5.0	171.7	174.3	134.1	134.0	133.2	132.3	101.8	223.0	43.6	0.0	132.4	132.3	44.0	43.9	7.0	65.7	-1.0	0.0	.Autoclave.Outputs.PRESSIP\OutputValue	8.0	32.1	-56.3	-1.0	0.0	-1.0	-1.0	-1.0	0.0	0.0	0.0	-1.0	-1.0	0.0	0.0	0.0	-1.0	0.0
21:21:23	224.0	186.2	167.2	159.4	154.1	170.1	43.5	0.1	0.0	0.0	186.2	154.1	-3.7	-5.0	167.4	170.1	130.5	130.5	129.7	129.4	101.9	224.0	44.6	0.0	127.9	127.8	44.0	38.3	6.8	62.5	-1.0	0.0	.Autoclave.Outputs.PRESSIP\OutputValue	8.0	32.1	-55.7	-1.0	0.0	-1.0	-1.0	-1.0	0.0	0.0	0.0	-1.0	-1.0	0.0	0.0	0.0	-1.0	0.0
21:22:23	225.0	182.0	164.4	155.4	150.1	165.7	43.3	0.1	0.0	0.0	182.0	150.1	-3.0	-4.4	163.5	166.0	127.3	127.3	126.5	126.3	101.8	225.0	45.6	0.0	123.4	123.3	44.0	28.6	6.5	65.3	-1.0	0.0	.Autoclave.Outputs.PRESSIP\OutputValue	8.0	31.9	-54.7	-1.0	0.0	-1.0	-1.0	-1.0	0.0	0.0	0.0	-1.0	-1.0	0.0	0.0	0.0	-1.0	0.0
21:23:23	226.0	178.0	160.8	151.5	146.3	162.1	43.0	0.1	0.0	0.0	178.0	146.3	-3.7	-4.2	159.7	162.1	124.6	124.5	123.7	124.1	101.8	226.0	46.6	0.0	118.9	118.8	44.0	16.2	6.0	67.2	-1.0	0.0	.Autoclave.Outputs.PRESSIP\OutputValue	8.0	31.7	-53.4	-1.0	0.0	-1.0	-1.0	-1.0	0.0	0.0	0.0	-1.0	-1.0	0.0	0.0	0.0	-1.0	0.0
21:24:23	227.0	174.1	156.8	148.4	142.9	158.4	43.5	0.1	0.0	0.0	174.1	142.9	-3.1	-4.1	156.1	158.5	122.4	122.3	121.6	122.1	101.8	227.0	47.6	0.0	114.4	114.3	44.0	0.0	0.0	62.7	-1.0	0.0	.Autoclave.Outputs.PRESSIP\OutputValue	8.0	31.2	-51.6	-1.0	0.0	-1.0	-1.0	-1.0	0.0	0.0	0.0	-1.0	-1.0	0.0	0.0	0.0	-1.0	0.0
21:25:23	228.0	170.2	153.6	144.9	139.8	155.0	43.3	0.1	0.0	0.0	170.2	139.8	-3.1	-3.8	152.7	155.0	120.2	120.2	119.5	120.0	101.8	228.0	48.6	0.0	109.8	109.8	44.0	0.0	0.0	65.0	-1.0	0.0	.Autoclave.Outputs.PRESSIP\OutputValue	8.0	30.4	-49.9	-1.0	0.0	-1.0	-1.0	-1.0	0.0	0.0	0.0	-1.0	-1.0	0.0	0.0	0.0	-1.0	0.0
21:26:23	229.0	166.7	150.9	142.0	136.8	151.6	43.1	0.1	0.0	0.0	166.7	136.8	-3.2	-3.9	149.6	151.7	118.2	118.2	117.5	118.4	101.8	229.0	49.6	0.0	105.4	105.3	44.0	0.0	0.0	66.5	-1.0	0.0	.Autoclave.Outputs.PRESSIP\OutputValue	8.0	29.9	-48.4	-1.0	0.0	-1.0	-1.0	-1.0	0.0	0.0	0.0	-1.0	-1.0	0.0	0.0	0.0	-1.0	0.0
21:27:23	230.0	163.2	147.6	139.0	134.0	148.3	43.5	0.1	0.0	0.0	163.2	134.0	-2.7	-3.5	146.4	148.6	116.8	116.8	116.0	117.1	101.9	230.0	50.6	0.0	100.9	100.8	44.0	0.0	0.0	62.3	-1.0	0.0	.Autoclave.Outputs.PRESSIP\OutputValue	8.0	29.2	-46.3	-1.0	0.0	-1.0	-1.0	-1.0	0.0	0.0	0.0	-1.0	-1.0	0.0	0.0	0.0	-1.0	0.0
21:28:23	231.0	159.8	145.0	136.1	131.4	145.3	43.4	0.1	0.0	0.0	159.8	131.4	-2.7	-3.6	143.5	145.6	115.2	115.2	114.5	115.6	101.9	231.0	51.6	0.0	96.4	96.3	44.0	0.0	0.0	64.0	-1.0	0.0	.Autoclave.Outputs.PRESSIP\OutputValue	8.0	28.4	-44.5	-1.0	0.0	-1.0	-1.0	-1.0	0.0	0.0	0.0	-1.0	-1.0	0.0	0.0	0.0	-1.0	0.0
21:29:23	232.0	156.6	142.2	133.6	129.1	142.5	43.2	0.1	0.0	0.0	156.6	129.1	-2.4	-3.2	140.8	142.8	113.6	113.6	113.1	114.2	101.8	232.0	52.6	0.0	91.9	91.8	44.0	0.0	0.0	65.5	-1.0	0.0	.Autoclave.Outputs.PRESSIP\OutputValue	8.0	27.5	-42.9	-1.0	0.0	-1.0	-1.0	-1.0	0.0	0.0	0.0	-1.0	-1.0	0.0	0.0	0.0	-1.0	0.0
21:30:23	233.0	153.5	139.7	131.2	126.8	139.9	43.1	0.1	0.0	0.0	153.5	126.8	-2.3	-3.2	138.2	140.1	112.3	112.3	111.7	112.9	101.9	233.0	53.6	0.0	87.4	87.4	44.0	0.0	0.0	66.7	-1.0	0.0	.Autoclave.Outputs.PRESSIP\OutputValue	8.0	26.7	-41.1	-1.0	0.0	-1.0	-1.0	-1.0	0.0	0.0	0.0	-1.0	-1.0	0.0	0.0	0.0	-1.0	0.0
21:31:24	234.0	150.6	137.7	129.1	124.6	136.9	43.6	0.0	0.0	0.0	150.6	124.6	-2.0	-3.0	135.8	137.6	111.4	111.4	110.6	112.4	101.9	234.0	54.6	0.0	82.9	82.9	44.0	0.0	0.0	61.9	-1.0	0.0	.Autoclave.Outputs.PRESSIP\OutputValue	8.0	26.0	-39.1	-1.0	0.0	-1.0	-1.0	-1.0	0.0	0.0	0.0	-1.0	-1.0	0.0	0.0	0.0	-1.0	0.0
21:32:16	234.9	148.0	135.7	127.2	123.1	134.7	43.5	0.0	0.0	0.0	148.0	123.1	-1.9	-2.8	133.7	135.5	110.2	110.2	109.5	111.2	101.8	234.9	55.5	0.0	80.0	80.0	44.0	0.0	0.0	63.3	-1.0	0.0	.Autoclave.Outputs.PRESSIP\OutputValue	8.0	24.9	-37.9	-1.0	0.0	-1.0	-1.0	-1.0	0.0	0.0	0.0	-1.0	-1.0	0.0	0.0	0.0	-1.0	0.0
21:32:23	235.0	147.7	135.4	126.9	122.8	135.0	43.5	0.1	0.0	0.0	147.7	122.8	-1.9	-2.8	133.5	135.2	110.0	110.0	109.4	111.0	101.9	235.0	0.1	0.0	80.0	80.0	42.6	0.0	0.0	49.7	-1.0	0.0	.Autoclave.Outputs.PRESSIP\OutputValue	7.9	24.9	-37.6	-1.0	0.0	-1.0	-1.0	-1.0	0.0	0.0	0.0	-1.0	-1.0	0.0	0.0	0.0	-1.0	0.0
21:33:23	236.0	144.7	132.1	124.0	120.3	131.5	33.4	0.1	0.0	0.0	144.7	120.3	-2.5	-3.4	130.5	132.5	105.0	105.0	104.5	105.7	100.8	236.0	1.1	0.0	80.0	80.0	32.6	0.0	0.0	49.3	-1.0	0.0	.Autoclave.Outputs.PRESSIP\OutputValue	6.7	24.4	-39.6	-1.0	0.0	-1.0	-1.0	-1.0	0.0	0.0	0.0	-1.0	-1.0	-1.0	0.0	0.0	-1.0	0.0
21:34:23	237.0	142.2	129.9	121.8	117.9	129.3	22.9	0.1	0.0	0.0	142.2	117.9	-2.2	-2.5	128.2	130.0	101.2	101.2	100.4	101.7	100.0	237.0	2.1	0.0	80.0	80.0	22.6	0.0	0.0	52.9	-1.0	0.0	.Autoclave.Outputs.PRESSIP\OutputValue	5.4	24.3	-40.9	-1.0	0.0	-1.0	-1.0	-1.0	0.0	0.0	0.0	-1.0	-1.0	-1.0	0.0	0.0	-1.0	0.0
21:35:23	238.0	140.2	128.7	120.0	115.8	127.4	13.3	0.1	0.0	0.0	140.2	115.8	-1.4	-2.3	126.4	128.0	97.7	97.7	97.1	98.5	99.1	238.0	3.1	0.0	80.0	80.0	12.6	0.0	0.0	47.8	-1.0	0.0	.Autoclave.Outputs.PRESSIP\OutputValue	3.9	24.4	-42.4	-1.0	0.0	-1.0	-1.0	-1.0	0.0	0.0	0.0	-1.0	-1.0	-1.0	0.0	0.0	-1.0	0.0
21:36:23	239.0	138.3	127.2	119.2	113.8	126.5	4.2	0.1	0.0	0.0	138.3	113.8	-0.9	-2.0	125.0	126.0	94.9	94.8	94.2	95.9	98.3	239.0	4.1	0.0	80.0	80.0	2.6	0.0	0.0	36.1	-1.0	0.0	.Autoclave.Outputs.PRESSIP\OutputValue	2.1	24.5	-43.3	-1.0	0.0	-1.0	-1.0	-1.0	0.0	0.0	0.0	-1.0	-1.0	-1.0	0.0	0.0	-1.0	0.0
21:37:07	239.8	137.4	127.0	118.9	113.0	126.0	1.0	0.1	0.0	0.0	137.4	113.0	-0.5	-1.5	124.4	125.2	94.5	94.6	93.8	96.1	98.4	239.7	4.8	0.0	80.0	80.0	0.0	0.0	0.0	39.3	-1.0	0.0	.Autoclave.Outputs.PRESSIP\OutputValue	-0.6	24.4	-42.8	-1.0	0.0	-1.0	-1.0	-1.0	0.0	0.0	0.0	-1.0	-1.0	-1.0	0.0	0.0	-1.0	0.0
