
Time	Elapsed	PTC11	PTC12	PTC13	PTC14	PTC15	VPRB2	PRESS	SVAC	HIPRB	LOPRB	HITC	LOTC	HIRATE	LORATE	AVGTC	MEAN	AIRTC	AIRTC1	AIRTC2	HILIMTC	CAPSTC	RUNTIME	SEGTIME	SEGTIMELEFT	TSET_AIR	TSET_PART	PSET	TEMPOUT	TEMPINT	PRESSOUT	COOLIP	SCROUT	PRESSIP	PRESSINT	SPREAD	AIRPARTDELTA	CAPSFLOW	SILENCE	BARLOCK	HIPSI	FANON	HYDON	FANSTARTSTOPPB	HYDPMPSTARTSTOPPB	COOLCNTRLONOFFSW	PRESSCNTRLONOFFSW	PRESSDUMPSW	PCMANUALSW	HILIMIT	BLWRMTRHILIMIT	MANINSIDE
HH:MM:SS	Mins	Deg.F	Deg.F	Deg.F	Deg.F	Deg.F	"Hg	Psig	"Hg			Deg.F	Deg.F	Deg.F	Deg.F	Deg.F	Deg.F	Deg.F	Deg.F	Deg.F	Deg.F	Deg.F	Mins	Mins	Mins	Deg.F	Deg.F	Psig				%	%	%	%	Deg.F	Deg.F															
20:35:26	0.0	80.0	78.9	74.0	81.0	80.3	-26.3	-0.3	-28.0	-26.3	-26.3	81.0	74.0	0.3	0.1	78.8	77.5	96.5	96.5	95.8	112.1	103.8	233.7	0.0	0.0	70.0	70.0	0.0	0.0	0.0	50.0	0.0	0.0	.Autoclave.Outputs.PRESSIP\OutputValue	8.0	7.0	15.5	-1.0	0.0	-1.0	-1.0	0.0	0.0	0.0	0.0	-1.0	-1.0	-1.0	0.0	0.0	-1.0	0.0
20:35:28	0.0	80.0	78.9	74.0	81.0	80.3	-26.3	-0.3	-28.0	-26.3	-26.3	81.0	74.0	0.3	0.1	78.8	77.5	96.5	96.5	95.8	112.1	103.8	233.7	0.0	0.0	70.0	70.0	0.0	0.0	0.0	50.0	0.0	0.0	.Autoclave.Outputs.PRESSIP\OutputValue	8.0	7.0	15.5	-1.0	0.0	-1.0	-1.0	0.0	0.0	0.0	0.0	-1.0	-1.0	-1.0	0.0	0.0	-1.0	0.0
20:35:28	0.0	80.0	78.9	74.0	81.0	80.3	-26.3	-0.3	-28.0	-26.3	-26.3	81.0	74.0	0.3	0.1	78.8	77.5	96.5	96.5	95.8	112.1	103.9	233.7	0.0	0.0	70.0	70.0	0.0	0.0	0.0	50.0	0.0	0.0	.Autoclave.Outputs.PRESSIP\OutputValue	8.0	7.0	15.5	-1.0	0.0	-1.0	-1.0	0.0	0.0	0.0	0.0	-1.0	-1.0	-1.0	0.0	0.0	-1.0	0.0
20:35:28	0.0	80.0	78.9	74.0	81.0	80.3	-26.3	-0.3	-28.0	-26.3	-26.3	81.0	74.0	0.3	0.1	78.8	77.5	96.5	96.5	95.8	112.1	103.9	233.7	0.0	0.0	70.0	70.0	0.0	0.0	0.0	50.0	0.0	0.0	.Autoclave.Outputs.PRESSIP\OutputValue	8.0	7.0	15.5	-1.0	0.0	-1.0	-1.0	0.0	0.0	0.0	0.0	-1.0	-1.0	-1.0	0.0	0.0	-1.0	0.0
20:36:28	1.0	81.2	80.0	73.4	82.2	80.4	-26.3	1.1	-28.0	-26.3	-26.3	82.2	73.4	1.2	0.1	79.4	77.8	95.9	95.9	95.4	98.9	100.5	1.0	1.0	0.0	88.8	85.5	1.5	0.0	0.0	62.4	-1.0	0.0	.Autoclave.Outputs.PRESSIP\OutputValue	8.0	8.8	13.7	-1.0	0.0	-1.0	-1.0	-1.0	0.0	0.0	0.0	-1.0	-1.0	0.0	0.0	0.0	-1.0	0.0
20:37:28	2.0	82.5	81.3	96.9	83.7	81.1	-26.4	2.4	-27.9	-26.4	-26.4	83.7	81.1	1.5	0.8	82.2	82.4	95.4	95.4	94.8	97.3	100.1	2.0	2.0	0.0	96.2	90.0	3.0	52.1	-0.3	64.3	0.0	4.1	.Autoclave.Outputs.PRESSIP\OutputValue	8.0	2.6	11.7	-1.0	0.0	-1.0	-1.0	-1.0	0.0	0.0	0.0	-1.0	-1.0	0.0	0.0	0.0	-1.0	0.0
20:38:28	3.0	84.0	83.0	90.2	85.4	81.9	-26.4	3.7	-28.0	-26.4	-26.4	85.4	81.9	1.7	0.8	83.6	83.7	101.3	101.5	100.9	114.0	100.1	3.0	3.0	0.0	103.4	94.4	4.5	62.1	-0.1	68.0	0.0	24.3	.Autoclave.Outputs.PRESSIP\OutputValue	8.0	3.5	15.9	-1.0	0.0	-1.0	-1.0	-1.0	0.0	0.0	0.0	-1.0	-1.0	0.0	0.0	0.0	-1.0	0.0
20:39:29	4.1	86.4	85.3	90.9	87.9	82.9	-26.4	5.1	-28.0	-26.4	-26.4	87.9	82.9	2.5	0.9	85.6	85.4	107.9	108.0	107.3	120.2	100.1	4.0	4.0	0.0	110.0	98.9	6.0	61.8	0.1	67.3	0.0	23.7	.Autoclave.Outputs.PRESSIP\OutputValue	8.0	5.0	20.0	-1.0	0.0	-1.0	-1.0	-1.0	0.0	0.0	0.0	-1.0	-1.0	0.0	0.0	0.0	-1.0	0.0
20:40:28	5.0	88.2	88.0	83.1	90.6	83.9	-26.4	6.8	-28.0	-26.4	-26.4	90.6	83.9	2.8	1.0	87.7	87.3	114.2	114.2	113.6	126.3	100.2	5.0	5.0	0.0	116.3	103.5	7.5	61.2	0.3	65.2	0.0	22.3	.Autoclave.Outputs.PRESSIP\OutputValue	8.0	6.7	23.6	-1.0	0.0	-1.0	-1.0	-1.0	0.0	0.0	0.0	-1.0	-1.0	0.0	0.0	0.0	-1.0	0.0
20:41:28	6.0	92.1	90.8	108.2	93.5	84.9	-26.4	8.5	-28.0	-26.4	-26.4	93.5	84.9	3.9	1.2	90.3	89.2	120.4	120.4	119.8	132.7	100.4	6.0	6.0	0.0	122.3	108.0	9.0	61.4	0.5	63.1	0.0	22.7	.Autoclave.Outputs.PRESSIP\OutputValue	8.0	8.6	26.9	-1.0	0.0	-1.0	-1.0	-1.0	0.0	0.0	0.0	-1.0	-1.0	0.0	0.0	0.0	-1.0	0.0
20:42:28	7.0	95.4	94.2	85.9	96.2	86.3	-26.4	9.7	-28.0	-26.4	-26.4	96.2	86.3	3.3	1.1	93.0	91.3	126.4	126.5	125.8	139.7	100.4	7.0	7.0	0.0	128.6	112.5	10.5	63.2	0.7	68.0	0.0	26.4	.Autoclave.Outputs.PRESSIP\OutputValue	8.0	9.9	30.2	-1.0	0.0	-1.0	-1.0	-1.0	0.0	0.0	0.0	-1.0	-1.0	0.0	0.0	0.0	-1.0	0.0
20:42:31	7.1	95.3	94.4	94.7	96.5	86.1	-26.4	10.1	-28.0	-26.4	-26.4	96.5	86.1	3.3	1.1	93.1	91.3	126.7	126.8	126.1	140.2	100.4	7.1	7.0	0.0	128.8	112.7	10.6	62.6	0.8	64.2	0.0	25.2	.Autoclave.Outputs.PRESSIP\OutputValue	8.0	10.4	30.2	-1.0	0.0	-1.0	-1.0	-1.0	0.0	0.0	0.0	-1.0	-1.0	0.0	0.0	0.0	-1.0	0.0
20:43:28	8.0	98.7	97.7	85.7	99.5	87.9	-26.4	11.3	-27.5	-26.4	-26.4	99.5	87.9	3.7	1.8	96.0	93.7	132.3	132.3	131.6	145.4	100.5	8.0	1.0	0.0	134.3	117.0	12.0	64.5	1.0	64.7	0.0	29.0	.Autoclave.Outputs.PRESSIP\OutputValue	8.0	11.6	32.8	-1.0	0.0	-1.0	-1.0	-1.0	0.0	0.0	0.0	-1.0	-1.0	0.0	0.0	0.0	-1.0	0.0
20:44:28	9.0	102.2	101.4	97.9	102.8	89.0	-25.0	12.9	-22.8	-25.0	-25.0	102.8	89.0	3.6	1.1	98.9	95.9	138.0	138.0	137.4	151.4	100.7	9.0	2.0	0.0	140.1	121.5	13.5	63.4	1.2	64.1	0.0	26.8	.Autoclave.Outputs.PRESSIP\OutputValue	8.0	13.8	35.2	-1.0	0.0	-1.0	-1.0	-1.0	0.0	0.0	0.0	-1.0	-1.0	0.0	0.0	0.0	-1.0	0.0
20:45:28	10.0	106.0	105.3	92.8	106.2	91.3	-22.6	14.7	-17.7	-22.6	-22.6	106.2	91.3	3.8	2.3	102.2	98.8	143.9	143.9	143.1	156.4	100.7	10.0	3.0	0.0	145.7	126.0	15.0	62.9	1.4	60.8	0.0	25.8	.Autoclave.Outputs.PRESSIP\OutputValue	8.0	14.9	37.7	-1.0	0.0	-1.0	-1.0	-1.0	0.0	0.0	0.0	-1.0	-1.0	0.0	0.0	0.0	-1.0	0.0
20:46:28	11.0	109.6	109.4	105.1	109.8	93.8	-20.3	15.7	-12.7	-20.3	-20.3	109.8	93.8	4.3	2.5	105.7	101.8	148.8	148.8	148.1	161.3	100.7	11.0	4.0	0.0	151.2	130.5	16.5	65.0	1.6	66.0	0.0	30.1	.Autoclave.Outputs.PRESSIP\OutputValue	8.0	16.0	39.0	-1.0	0.0	-1.0	-1.0	-1.0	0.0	0.0	0.0	-1.0	-1.0	0.0	0.0	0.0	-1.0	0.0
20:47:28	12.0	113.5	113.6	95.7	113.6	96.2	-18.1	17.5	-8.0	-18.1	-18.1	113.6	96.2	4.4	2.5	109.2	104.9	154.2	154.2	153.6	167.1	100.9	12.0	5.0	0.0	156.3	135.0	18.0	63.9	1.9	63.1	0.0	27.8	.Autoclave.Outputs.PRESSIP\OutputValue	8.0	17.4	40.5	-1.0	0.0	-1.0	-1.0	-1.0	0.0	0.0	0.0	-1.0	-1.0	0.0	0.0	0.0	-1.0	0.0
20:48:28	13.0	117.1	118.0	98.9	117.1	99.1	-16.2	18.9	-4.5	-16.2	-16.2	118.0	99.1	4.4	2.6	112.8	108.6	158.4	158.5	157.8	170.6	100.9	13.0	6.0	0.0	161.0	139.5	19.5	67.2	2.1	65.3	0.0	34.3	.Autoclave.Outputs.PRESSIP\OutputValue	8.0	18.9	40.3	-1.0	0.0	-1.0	-1.0	-1.0	0.0	0.0	0.0	-1.0	-1.0	0.0	0.0	0.0	-1.0	0.0
20:49:28	14.0	121.2	122.3	101.6	120.7	100.9	-14.8	20.1	-3.4	-14.8	-14.8	122.3	100.9	4.4	2.2	116.3	111.6	163.1	163.2	162.4	175.3	100.9	14.0	7.0	0.0	165.6	144.0	21.0	66.3	2.3	67.0	0.0	32.6	.Autoclave.Outputs.PRESSIP\OutputValue	8.0	21.4	40.7	-1.0	0.0	-1.0	-1.0	-1.0	0.0	0.0	0.0	-1.0	-1.0	0.0	0.0	0.0	-1.0	0.0
20:50:28	15.0	125.5	126.8	104.6	124.4	103.6	-13.6	21.7	-3.0	-13.6	-13.6	126.8	103.6	4.5	2.6	120.1	115.2	167.7	167.9	167.1	179.6	101.0	15.0	8.0	0.0	170.2	148.5	22.5	67.2	2.6	65.9	0.0	34.3	.Autoclave.Outputs.PRESSIP\OutputValue	8.0	23.2	40.9	-1.0	0.0	-1.0	-1.0	-1.0	0.0	0.0	0.0	-1.0	-1.0	0.0	0.0	0.0	-1.0	0.0
20:51:28	16.0	129.4	131.3	107.7	128.3	106.6	-12.4	23.4	-2.8	-12.4	-12.4	131.3	106.6	4.6	3.1	123.9	118.9	172.7	172.7	171.9	183.7	101.1	16.0	9.0	0.0	174.8	153.0	24.0	65.1	2.8	63.9	0.0	30.2	.Autoclave.Outputs.PRESSIP\OutputValue	8.0	24.7	41.4	-1.0	0.0	-1.0	-1.0	-1.0	0.0	0.0	0.0	-1.0	-1.0	0.0	0.0	0.0	-1.0	0.0
20:52:28	17.0	133.3	135.8	112.9	131.9	109.4	-11.2	24.9	-2.7	-11.2	-11.2	135.8	109.4	4.4	2.8	127.6	122.6	176.5	176.7	176.0	189.0	101.1	17.0	10.0	0.0	179.2	157.5	25.5	68.9	3.0	65.2	0.0	37.7	.Autoclave.Outputs.PRESSIP\OutputValue	8.0	26.4	40.7	-1.0	0.0	-1.0	-1.0	-1.0	0.0	0.0	0.0	-1.0	-1.0	0.0	0.0	0.0	-1.0	0.0
20:53:28	18.0	137.5	140.3	120.9	135.6	112.4	-10.2	26.2	-2.5	-10.2	-10.2	140.3	112.4	4.7	3.1	131.4	126.3	181.2	181.2	180.6	193.7	101.2	18.0	11.0	0.0	183.8	162.0	27.0	68.4	3.3	66.1	0.0	36.8	.Autoclave.Outputs.PRESSIP\OutputValue	8.0	27.9	40.9	-1.0	0.0	-1.0	-1.0	-1.0	0.0	0.0	0.0	-1.0	-1.0	0.0	0.0	0.0	-1.0	0.0
20:54:28	19.0	141.2	144.9	117.1	139.4	115.5	-9.1	27.8	-2.3	-9.1	-9.1	144.9	115.5	4.7	3.1	135.2	130.2	186.2	186.2	185.6	197.6	101.4	19.0	12.0	0.0	188.3	166.5	28.5	65.1	3.5	65.0	0.0	30.2	.Autoclave.Outputs.PRESSIP\OutputValue	8.0	29.4	41.3	-1.0	0.0	-1.0	-1.0	-1.0	0.0	0.0	0.0	-1.0	-1.0	0.0	0.0	0.0	-1.0	0.0
20:55:28	20.0	145.3	149.6	120.5	143.0	118.6	-8.1	29.6	-2.1	-8.1	-8.1	149.6	118.6	4.8	3.3	139.1	134.1	190.2	190.2	189.5	203.7	101.4	20.0	13.0	0.0	192.5	171.0	30.0	68.0	3.8	61.6	0.0	36.0	.Autoclave.Outputs.PRESSIP\OutputValue	8.0	31.0	40.6	-1.0	0.0	-1.0	-1.0	-1.0	0.0	0.0	0.0	-1.0	-1.0	0.0	0.0	0.0	-1.0	0.0
20:56:28	21.0	148.9	154.2	123.8	146.8	121.6	-7.2	30.7	-1.9	-7.2	-7.2	154.2	121.6	4.7	2.9	142.9	137.9	194.5	194.5	193.7	206.6	101.3	21.0	14.0	0.0	196.9	175.5	31.5	68.3	4.0	66.2	0.0	36.5	.Autoclave.Outputs.PRESSIP\OutputValue	8.0	32.6	40.3	-1.0	0.0	-1.0	-1.0	-1.0	0.0	0.0	0.0	-1.0	-1.0	0.0	0.0	0.0	-1.0	0.0
20:57:28	22.0	153.2	158.9	127.3	150.2	123.8	-6.4	32.3	-1.7	-6.4	-6.4	158.9	150.2	4.7	3.6	154.1	154.5	199.1	199.1	198.3	210.2	101.4	22.0	15.0	0.0	201.2	180.0	33.0	67.3	4.2	64.9	0.0	34.5	.Autoclave.Outputs.PRESSIP\OutputValue	8.0	8.7	40.2	-1.0	0.0	-1.0	-1.0	-1.0	0.0	0.0	0.0	-1.0	-1.0	0.0	0.0	0.0	-1.0	0.0
20:58:28	23.0	157.6	163.5	130.8	154.1	126.8	-5.6	34.1	-1.5	-5.6	-5.6	163.5	126.8	4.8	2.7	150.5	145.1	203.2	203.3	202.7	216.7	101.4	23.0	16.0	0.0	205.6	184.5	34.5	68.1	4.5	61.6	0.0	36.3	.Autoclave.Outputs.PRESSIP\OutputValue	8.0	36.7	39.7	-1.0	0.0	-1.0	-1.0	-1.0	0.0	0.0	0.0	-1.0	-1.0	0.0	0.0	0.0	-1.0	0.0
20:59:28	24.0	161.8	168.1	135.0	157.9	0.0	-4.9	35.1	-1.3	-4.9	-4.9	168.1	157.9	4.7	3.9	162.6	163.0	207.4	207.4	206.7	219.1	101.4	24.0	17.0	0.0	209.9	189.0	36.0	69.6	4.7	66.8	0.0	39.2	.Autoclave.Outputs.PRESSIP\OutputValue	8.0	10.2	39.3	-1.0	0.0	-1.0	-1.0	-1.0	0.0	0.0	0.0	-1.0	-1.0	0.0	0.0	0.0	-1.0	0.0
21:00:28	25.0	165.8	172.9	138.3	161.8	134.6	-4.3	37.1	-1.1	-4.3	-4.3	172.9	161.8	4.8	3.9	166.8	167.3	211.9	212.0	211.3	225.6	101.5	25.0	18.0	0.0	214.2	193.5	37.5	67.7	5.0	62.0	0.0	35.5	.Autoclave.Outputs.PRESSIP\OutputValue	8.0	11.1	39.0	-1.0	0.0	-1.0	-1.0	-1.0	0.0	0.0	0.0	-1.0	-1.0	0.0	0.0	0.0	-1.0	0.0
21:01:28	26.0	170.2	177.8	142.0	165.5	138.1	-3.7	38.0	-1.0	-3.7	-3.7	177.8	165.5	5.0	4.0	171.2	171.6	216.0	216.1	215.5	228.0	101.4	26.0	19.0	0.0	218.3	198.0	39.0	68.5	5.2	67.4	0.0	37.0	.Autoclave.Outputs.PRESSIP\OutputValue	8.0	12.3	38.2	-1.0	0.0	-1.0	-1.0	-1.0	0.0	0.0	0.0	-1.0	-1.0	0.0	0.0	0.0	-1.0	0.0
21:02:28	27.0	174.6	182.3	145.7	169.3	138.2	-3.2	39.8	-0.8	-3.2	-3.2	182.3	169.3	4.7	3.8	175.4	175.8	220.2	220.3	219.5	231.3	101.5	27.0	20.0	0.0	222.6	202.5	40.5	70.2	5.4	65.5	0.0	40.3	.Autoclave.Outputs.PRESSIP\OutputValue	8.0	13.0	37.9	-1.0	0.0	-1.0	-1.0	-1.0	0.0	0.0	0.0	-1.0	-1.0	0.0	0.0	0.0	-1.0	0.0
21:03:28	28.0	179.6	187.1	149.5	172.9	145.8	-2.7	41.5	-0.7	-2.7	-2.7	187.1	172.9	5.1	3.5	179.9	180.0	224.6	224.8	223.9	236.0	101.8	28.0	21.0	0.0	226.9	207.0	42.0	69.1	5.7	62.8	0.0	38.2	.Autoclave.Outputs.PRESSIP\OutputValue	8.0	14.2	37.5	-1.0	0.0	-1.0	-1.0	-1.0	0.0	0.0	0.0	-1.0	-1.0	0.0	0.0	0.0	-1.0	0.0
21:03:59	28.5	181.7	189.5	151.4	174.7	147.5	-2.5	42.1	-0.6	-2.5	-2.5	189.5	174.7	5.0	3.8	182.0	182.1	226.8	226.9	226.1	238.6	101.5	28.5	21.4	0.0	229.0	209.2	42.7	68.4	5.8	65.6	0.0	36.8	.Autoclave.Outputs.PRESSIP\OutputValue	8.0	14.8	37.4	-1.0	0.0	-1.0	-1.0	-1.0	0.0	0.0	0.0	-1.0	-1.0	0.0	0.0	0.0	-1.0	0.0
21:04:28	29.0	183.6	191.8	153.4	176.6	149.3	-2.3	42.7	-0.5	-2.3	-2.3	191.8	176.6	4.8	4.2	184.0	184.2	228.5	228.5	227.9	240.6	101.6	29.0	0.5	0.0	231.1	211.5	43.5	70.5	5.9	65.7	0.0	41.0	.Autoclave.Outputs.PRESSIP\OutputValue	8.0	15.2	36.7	-1.0	0.0	-1.0	-1.0	-1.0	0.0	0.0	0.0	-1.0	-1.0	0.0	0.0	0.0	-1.0	0.0
21:05:28	30.0	188.2	196.8	157.2	180.8	153.1	-2.0	43.8	-0.4	-2.0	-2.0	196.8	180.8	4.9	3.8	188.6	188.8	233.2	233.2	232.4	244.9	101.7	30.0	1.5	0.0	235.3	216.0	44.0	68.2	6.1	60.4	0.0	36.5	.Autoclave.Outputs.PRESSIP\OutputValue	8.0	16.0	36.4	-1.0	0.0	-1.0	-1.0	-1.0	0.0	0.0	0.0	-1.0	-1.0	0.0	0.0	0.0	-1.0	0.0
21:06:28	31.0	192.5	201.8	161.3	184.4	157.0	-1.6	44.0	-0.4	-1.6	-1.6	201.8	184.4	5.2	3.4	192.9	193.1	237.1	237.1	236.4	248.7	101.6	31.0	2.5	0.0	239.3	220.5	44.0	69.0	6.4	57.6	0.0	37.9	.Autoclave.Outputs.PRESSIP\OutputValue	8.0	17.4	35.3	-1.0	0.0	-1.0	-1.0	-1.0	0.0	0.0	0.0	-1.0	-1.0	0.0	0.0	0.0	-1.0	0.0
21:07:28	32.0	196.9	206.5	164.9	188.2	160.7	-1.3	44.3	-0.3	-1.3	-1.3	206.5	188.2	5.0	4.0	197.2	197.3	241.3	241.4	240.6	252.1	101.6	32.0	3.5	0.0	243.4	225.0	44.0	69.1	6.6	54.6	0.0	38.2	.Autoclave.Outputs.PRESSIP\OutputValue	7.7	18.3	34.8	-1.0	0.0	-1.0	-1.0	-1.0	0.0	0.0	0.0	-1.0	-1.0	0.0	0.0	0.0	-1.0	0.0
21:08:28	33.0	201.6	211.2	168.9	191.9	165.0	-1.0	44.7	-0.2	-1.0	-1.0	211.2	191.9	4.8	3.8	201.6	201.5	245.3	245.3	244.6	257.4	101.6	33.0	4.5	0.0	247.6	229.5	44.0	72.0	6.8	49.9	0.0	43.9	.Autoclave.Outputs.PRESSIP\OutputValue	6.7	19.3	34.1	-1.0	0.0	-1.0	-1.0	-1.0	0.0	0.0	0.0	-1.0	-1.0	0.0	0.0	0.0	-1.0	0.0
21:09:28	34.0	206.1	215.8	172.7	195.7	168.7	-0.8	45.0	-0.2	-0.8	-0.8	215.8	195.7	4.9	3.8	205.9	205.8	249.9	249.9	249.2	261.6	101.5	34.0	5.5	0.0	252.0	234.0	44.0	68.6	7.0	45.2	0.0	37.1	.Autoclave.Outputs.PRESSIP\OutputValue	5.0	20.1	34.1	-1.0	0.0	-1.0	-1.0	-1.0	0.0	0.0	0.0	-1.0	-1.0	0.0	0.0	0.0	-1.0	0.0
21:10:28	35.0	210.8	220.4	176.3	198.9	0.0	-0.5	44.0	-0.1	-0.5	-0.5	220.4	198.9	4.7	3.7	210.0	209.7	254.4	254.4	253.8	266.1	101.5	35.0	6.5	0.0	256.5	238.5	44.0	69.4	7.3	54.7	0.0	38.9	.Autoclave.Outputs.PRESSIP\OutputValue	4.9	21.5	34.0	-1.0	0.0	-1.0	-1.0	-1.0	0.0	0.0	0.0	-1.0	-1.0	0.0	0.0	0.0	-1.0	0.0
21:11:28	36.0	215.4	225.1	180.0	202.6	177.3	-0.3	44.3	-0.1	-0.3	-0.3	225.1	202.6	4.6	3.6	214.4	213.9	258.8	258.8	258.0	270.0	101.5	36.0	7.5	0.0	260.8	243.0	44.0	69.4	7.5	51.4	0.0	38.7	.Autoclave.Outputs.PRESSIP\OutputValue	4.6	22.5	33.7	-1.0	0.0	-1.0	-1.0	-1.0	0.0	0.0	0.0	-1.0	-1.0	0.0	0.0	0.0	-1.0	0.0
21:12:28	37.0	220.0	229.6	183.7	206.3	180.6	-0.1	44.6	-0.1	-0.1	-0.1	229.6	206.3	4.9	3.6	218.6	218.0	263.2	263.2	262.6	275.1	101.6	37.0	8.5	0.0	265.4	247.5	44.0	70.3	7.7	47.4	0.0	40.6	.Autoclave.Outputs.PRESSIP\OutputValue	3.6	23.3	33.6	-1.0	0.0	-1.0	-1.0	-1.0	0.0	0.0	0.0	-1.0	-1.0	0.0	0.0	0.0	-1.0	0.0
21:13:28	38.0	225.3	234.3	187.4	210.2	0.0	0.1	45.0	0.0	0.1	0.1	234.3	210.2	5.3	4.0	223.3	222.3	267.4	267.4	266.7	279.5	101.6	38.0	9.5	0.0	269.7	252.0	44.0	71.8	8.0	42.4	0.0	43.6	.Autoclave.Outputs.PRESSIP\OutputValue	2.0	24.1	33.1	-1.0	0.0	-1.0	-1.0	-1.0	0.0	0.0	0.0	-1.0	-1.0	0.0	0.0	0.0	-1.0	0.0
21:14:28	39.0	229.1	238.7	191.5	214.0	188.6	0.1	44.0	0.0	0.1	0.1	238.7	214.0	4.5	3.8	227.3	226.4	272.1	272.0	271.4	284.6	101.4	39.0	10.5	0.0	274.4	256.5	44.0	71.1	8.2	51.7	0.0	42.2	.Autoclave.Outputs.PRESSIP\OutputValue	1.9	24.7	33.4	-1.0	0.0	-1.0	-1.0	-1.0	0.0	0.0	0.0	-1.0	-1.0	0.0	0.0	0.0	-1.0	0.0
21:15:28	40.0	233.2	243.3	195.3	217.7	192.7	0.2	44.3	0.0	0.2	0.2	243.3	217.7	4.6	3.6	231.4	230.5	276.6	276.6	275.9	288.9	101.5	40.0	11.5	0.0	278.8	261.0	44.0	72.0	8.4	48.2	0.0	44.0	.Autoclave.Outputs.PRESSIP\OutputValue	1.6	25.6	33.3	-1.0	0.0	-1.0	-1.0	-1.0	0.0	0.0	0.0	-1.0	-1.0	0.0	0.0	0.0	-1.0	0.0
21:16:28	41.0	238.7	247.9	199.2	221.8	197.4	0.3	44.6	0.0	0.3	0.3	247.9	221.8	4.9	4.1	236.1	234.9	281.0	281.2	280.4	293.0	101.5	41.0	12.5	0.0	283.0	265.5	44.0	71.1	8.7	44.6	0.0	42.1	.Autoclave.Outputs.PRESSIP\OutputValue	0.7	26.1	33.1	-1.0	0.0	-1.0	-1.0	-1.0	0.0	0.0	0.0	-1.0	-1.0	0.0	0.0	0.0	-1.0	0.0
21:17:28	42.0	243.3	252.3	203.2	225.4	200.7	0.4	44.9	0.0	0.4	0.4	252.3	225.4	5.2	3.8	240.3	238.9	285.4	285.4	284.8	297.9	101.5	42.0	13.5	0.0	287.7	270.0	44.0	71.0	8.9	39.7	0.0	41.9	.Autoclave.Outputs.PRESSIP\OutputValue	-0.9	26.9	33.1	-1.0	0.0	-1.0	-1.0	-1.0	0.0	0.0	0.0	-1.0	-1.0	0.0	0.0	0.0	-1.0	0.0
21:18:28	43.0	247.2	256.6	207.0	229.3	205.2	0.5	44.0	0.0	0.5	0.5	256.6	229.3	4.6	3.9	244.4	243.0	290.0	290.0	289.2	302.9	101.4	43.0	14.5	0.0	292.3	274.5	44.0	72.5	9.1	49.0	0.0	45.1	.Autoclave.Outputs.PRESSIP\OutputValue	-1.1	27.3	33.4	-1.0	0.0	-1.0	-1.0	-1.0	0.0	0.0	0.0	-1.0	-1.0	0.0	0.0	0.0	-1.0	0.0
21:19:28	44.0	251.8	261.3	211.1	232.9	206.5	0.5	44.3	0.0	0.5	0.5	261.3	232.9	4.7	4.0	248.7	247.1	294.8	294.7	294.0	307.2	101.6	44.0	15.5	0.0	296.7	279.0	44.0	70.2	9.4	46.0	0.0	40.5	.Autoclave.Outputs.PRESSIP\OutputValue	-1.3	28.4	33.5	-1.0	0.0	-1.0	-1.0	-1.0	0.0	0.0	0.0	-1.0	-1.0	0.0	0.0	0.0	-1.0	0.0
21:20:28	45.0	256.5	265.6	214.9	236.6	213.7	0.6	44.5	0.0	0.6	0.6	265.6	236.6	4.8	3.6	252.9	251.1	298.6	298.6	297.9	311.4	101.6	45.0	16.5	0.0	301.3	283.5	44.0	75.0	9.6	42.4	0.0	50.0	.Autoclave.Outputs.PRESSIP\OutputValue	-2.1	29.0	33.0	-1.0	0.0	-1.0	-1.0	-1.0	0.0	0.0	0.0	-1.0	-1.0	0.0	0.0	0.0	-1.0	0.0
21:21:28	46.0	261.0	270.3	218.7	240.9	217.9	0.7	44.9	0.0	0.7	0.7	270.3	240.9	4.6	4.2	257.4	255.6	303.4	303.3	302.6	316.4	101.5	46.0	17.5	0.0	305.7	288.0	44.0	72.7	9.8	37.8	0.0	45.5	.Autoclave.Outputs.PRESSIP\OutputValue	-3.5	29.4	33.1	-1.0	0.0	-1.0	-1.0	-1.0	0.0	0.0	0.0	-1.0	-1.0	0.0	0.0	0.0	-1.0	0.0
21:22:28	47.0	265.2	274.6	222.5	245.0	221.7	0.8	43.8	0.0	0.8	0.8	274.6	245.0	4.7	4.3	261.6	259.8	307.9	307.9	307.2	321.0	101.5	47.0	18.5	0.0	310.3	292.5	44.0	73.5	10.1	47.5	0.0	46.9	.Autoclave.Outputs.PRESSIP\OutputValue	-4.2	29.6	33.2	-1.0	0.0	-1.0	-1.0	-1.0	0.0	0.0	0.0	-1.0	-1.0	0.0	0.0	0.0	-1.0	0.0
21:23:28	48.0	269.9	279.0	226.7	249.2	226.4	0.8	44.2	0.0	0.8	0.8	279.0	249.2	4.5	4.3	266.1	264.1	312.6	312.6	311.9	325.5	101.5	48.0	19.5	0.0	314.8	297.0	44.0	73.0	10.3	44.1	0.0	46.1	.Autoclave.Outputs.PRESSIP\OutputValue	-4.2	29.8	33.5	-1.0	0.0	-1.0	-1.0	-1.0	0.0	0.0	0.0	-1.0	-1.0	0.0	0.0	0.0	-1.0	0.0
21:24:28	49.0	274.1	283.5	230.8	253.5	229.9	0.9	44.4	0.0	0.9	0.9	283.5	253.5	4.5	4.2	270.4	268.5	317.3	317.3	316.6	329.8	101.6	49.0	20.5	0.0	319.4	301.5	44.0	73.4	10.6	40.9	0.0	46.7	.Autoclave.Outputs.PRESSIP\OutputValue	-4.8	30.0	33.7	-1.0	0.0	-1.0	-1.0	-1.0	0.0	0.0	0.0	-1.0	-1.0	0.0	0.0	0.0	-1.0	0.0
21:25:28	50.0	278.5	288.2	235.1	257.6	233.3	1.0	44.8	0.0	1.0	1.0	288.2	257.6	4.9	4.4	274.8	272.9	321.5	321.5	320.8	334.7	101.6	50.0	21.5	0.0	323.7	306.0	44.0	73.3	10.8	36.5	0.0	46.7	.Autoclave.Outputs.PRESSIP\OutputValue	-6.0	30.6	33.2	-1.0	0.0	-1.0	-1.0	-1.0	0.0	0.0	0.0	-1.0	-1.0	0.0	0.0	0.0	-1.0	0.0
21:26:28	51.0	283.1	292.8	238.8	261.9	236.6	1.0	43.6	0.0	1.0	1.0	292.8	261.9	4.6	4.3	279.3	277.4	325.3	325.3	324.4	337.6	101.4	51.0	22.5	0.0	328.1	310.5	44.0	78.5	11.1	48.6	0.0	57.0	.Autoclave.Outputs.PRESSIP\OutputValue	-5.9	30.9	32.4	-1.0	0.0	-1.0	-1.0	-1.0	0.0	0.0	0.0	-1.0	-1.0	0.0	0.0	0.0	-1.0	0.0
21:27:28	52.0	287.3	297.3	243.2	266.2	243.0	1.1	44.0	0.0	1.1	1.1	297.3	266.2	4.6	3.9	283.6	281.8	330.5	330.5	329.8	344.0	101.7	52.0	23.5	0.0	332.7	315.0	44.0	75.2	11.3	44.5	0.0	50.4	.Autoclave.Outputs.PRESSIP\OutputValue	-5.7	31.1	33.1	-1.0	0.0	-1.0	-1.0	-1.0	0.0	0.0	0.0	-1.0	-1.0	0.0	0.0	0.0	-1.0	0.0
21:28:28	53.0	291.4	301.7	247.1	270.2	247.1	1.2	44.3	0.0	1.2	1.2	301.7	270.2	4.7	4.3	287.8	286.0	335.1	335.1	334.2	348.6	101.8	53.0	24.5	0.0	337.3	319.5	44.0	74.3	11.5	41.0	0.0	48.5	.Autoclave.Outputs.PRESSIP\OutputValue	-6.0	31.5	33.3	-1.0	0.0	-1.0	-1.0	-1.0	0.0	0.0	0.0	-1.0	-1.0	0.0	0.0	0.0	-1.0	0.0
21:29:28	54.0	296.6	306.1	251.1	274.6	251.2	1.2	44.6	0.0	1.2	1.2	306.1	274.6	4.8	4.3	292.5	290.4	339.6	339.6	338.8	352.8	101.8	54.0	25.5	0.0	341.9	324.0	44.0	76.4	11.8	38.0	0.0	52.9	.Autoclave.Outputs.PRESSIP\OutputValue	-6.0	31.5	33.4	-1.0	0.0	-1.0	-1.0	-1.0	0.0	0.0	0.0	-1.0	-1.0	0.0	0.0	0.0	-1.0	0.0
21:30:28	55.0	300.6	310.8	255.2	278.6	255.8	1.3	44.9	0.0	1.3	1.3	310.8	278.6	4.6	4.1	296.7	294.7	343.7	343.7	342.8	357.7	101.8	55.0	26.5	0.0	346.3	328.5	44.0	77.7	12.0	35.1	0.0	55.4	.Autoclave.Outputs.PRESSIP\OutputValue	-6.0	32.2	32.9	-1.0	0.0	-1.0	-1.0	-1.0	0.0	0.0	0.0	-1.0	-1.0	0.0	0.0	0.0	-1.0	0.0
21:31:28	56.0	304.7	315.3	259.7	282.9	259.2	1.4	43.9	0.0	1.4	1.4	315.3	282.9	4.6	4.0	301.0	299.1	348.6	348.8	348.0	363.0	101.9	56.0	27.5	0.0	350.7	333.0	44.0	75.3	12.3	45.4	0.0	50.6	.Autoclave.Outputs.PRESSIP\OutputValue	-5.7	32.4	33.3	-1.0	0.0	-1.0	-1.0	-1.0	0.0	0.0	0.0	-1.0	-1.0	0.0	0.0	0.0	-1.0	0.0
21:32:28	57.0	309.0	319.6	263.6	287.2	264.2	1.4	44.1	0.0	1.4	1.4	319.6	263.6	5.3	4.1	288.7	291.6	352.9	352.9	352.1	366.8	102.0	57.0	28.5	0.0	355.4	337.5	44.0	76.9	12.5	43.0	0.0	53.8	.Autoclave.Outputs.PRESSIP\OutputValue	-5.7	55.9	33.3	-1.0	0.0	-1.0	-1.0	-1.0	0.0	0.0	0.0	-1.0	-1.0	0.0	0.0	0.0	-1.0	0.0
21:33:28	58.0	313.5	324.2	268.0	291.4	267.5	1.5	44.4	0.0	1.5	1.5	324.2	267.5	4.5	3.8	292.9	295.8	357.8	357.8	357.1	371.1	101.8	58.0	29.5	0.0	359.8	342.0	44.0	74.5	12.7	39.8	0.0	48.9	.Autoclave.Outputs.PRESSIP\OutputValue	-6.0	56.7	33.6	-1.0	0.0	-1.0	-1.0	-1.0	0.0	0.0	0.0	-1.0	-1.0	0.0	0.0	0.0	-1.0	0.0
21:34:28	59.0	318.5	328.7	272.2	295.7	272.7	1.6	44.7	0.0	1.6	1.6	328.7	272.2	4.9	4.2	297.6	300.4	362.1	362.1	361.3	375.8	102.0	59.0	30.5	0.0	364.4	346.5	44.0	77.2	12.9	36.6	0.0	54.4	.Autoclave.Outputs.PRESSIP\OutputValue	-6.0	56.4	33.4	-1.0	0.0	-1.0	-1.0	-1.0	0.0	0.0	0.0	-1.0	-1.0	0.0	0.0	0.0	-1.0	0.0
21:35:28	60.0	322.5	333.5	276.3	300.0	277.4	1.7	45.0	0.0	1.7	1.7	333.5	276.3	4.7	4.2	301.9	304.9	366.2	366.2	365.5	380.5	102.1	60.0	31.5	0.0	368.6	351.0	44.0	77.6	13.2	34.0	0.0	55.2	.Autoclave.Outputs.PRESSIP\OutputValue	-6.0	57.1	32.7	-1.0	0.0	-1.0	-1.0	-1.0	0.0	0.0	0.0	-1.0	-1.0	0.0	0.0	0.0	-1.0	0.0
21:36:28	61.0	326.9	338.0	280.3	304.1	165.3	1.7	44.4	0.0	1.7	1.7	338.0	280.3	4.6	3.9	312.3	309.1	370.9	370.9	370.1	384.3	102.1	61.0	32.5	0.0	372.1	355.0	44.0	69.1	13.4	40.4	0.0	38.1	.Autoclave.Outputs.PRESSIP\OutputValue	-6.0	57.6	32.9	-1.0	0.0	-1.0	-1.0	-1.0	0.0	0.0	0.0	-1.0	-1.0	0.0	0.0	0.0	-1.0	0.0
21:37:28	62.0	329.4	341.3	284.2	307.9	0.0	1.8	44.1	0.0	1.8	1.8	341.3	284.2	4.1	2.9	315.7	312.7	369.1	369.1	368.2	376.2	102.1	62.0	33.5	0.0	368.7	355.0	44.0	58.4	13.4	42.9	0.0	16.7	.Autoclave.Outputs.PRESSIP\OutputValue	-6.0	57.0	27.8	-1.0	0.0	-1.0	-1.0	-1.0	0.0	0.0	0.0	-1.0	-1.0	0.0	0.0	0.0	-1.0	0.0
21:38:28	63.0	331.4	342.9	287.6	310.9	0.0	1.9	44.1	0.0	1.9	1.9	342.9	287.6	3.5	1.8	318.2	315.2	367.7	367.7	367.0	374.8	102.1	63.0	34.5	0.0	367.1	355.0	44.0	57.7	13.3	43.1	0.0	15.3	.Autoclave.Outputs.PRESSIP\OutputValue	-6.0	55.2	24.8	-1.0	0.0	-1.0	-1.0	-1.0	0.0	0.0	0.0	-1.0	-1.0	0.0	0.0	0.0	-1.0	0.0
21:39:28	64.0	332.5	344.2	290.5	313.4	58.0	1.9	44.0	0.0	1.9	1.9	344.2	290.5	2.9	1.1	320.1	317.3	366.2	366.2	365.5	373.6	102.1	64.0	35.5	0.0	365.8	355.0	44.0	59.0	13.3	43.8	0.0	17.9	.Autoclave.Outputs.PRESSIP\OutputValue	-6.0	53.6	22.0	-1.0	0.0	-1.0	-1.0	-1.0	0.0	0.0	0.0	-1.0	-1.0	0.0	0.0	0.0	-1.0	0.0
21:40:28	65.0	333.2	345.2	293.3	315.7	86.4	2.0	44.0	0.0	2.0	2.0	345.2	293.3	2.9	0.9	321.8	319.2	365.2	365.2	364.5	372.6	102.1	65.0	36.5	0.0	364.8	355.0	44.0	58.9	13.3	43.6	0.0	17.8	.Autoclave.Outputs.PRESSIP\OutputValue	-6.0	51.8	20.0	-1.0	0.0	-1.0	-1.0	-1.0	0.0	0.0	0.0	-1.0	-1.0	0.0	0.0	0.0	-1.0	0.0
21:41:28	66.0	334.4	345.9	295.6	317.7	118.5	2.0	44.0	0.0	2.0	2.0	345.9	295.6	2.5	0.7	323.4	320.7	364.6	364.6	363.9	371.4	102.2	66.0	37.5	0.0	364.1	355.0	44.0	58.2	13.2	43.8	0.0	16.4	.Autoclave.Outputs.PRESSIP\OutputValue	-6.0	50.2	18.7	-1.0	0.0	-1.0	-1.0	-1.0	0.0	0.0	0.0	-1.0	-1.0	0.0	0.0	0.0	-1.0	0.0
21:42:28	67.0	335.2	346.8	297.3	319.8	186.9	2.1	44.0	0.0	2.1	2.1	346.8	297.3	2.2	0.6	324.8	322.0	364.0	363.9	363.3	370.9	102.5	67.0	38.5	0.0	363.5	355.0	44.0	58.1	13.2	43.8	0.0	16.3	.Autoclave.Outputs.PRESSIP\OutputValue	-6.0	49.4	17.2	-1.0	0.0	-1.0	-1.0	-1.0	0.0	0.0	0.0	-1.0	-1.0	0.0	0.0	0.0	-1.0	0.0
21:43:28	68.0	335.9	347.3	300.3	321.7	181.9	2.2	44.0	0.0	2.2	2.2	347.3	300.3	2.4	0.5	326.3	323.8	363.4	363.5	362.7	369.6	102.3	68.0	39.5	0.0	362.8	355.0	44.0	56.8	13.1	43.8	0.0	13.5	.Autoclave.Outputs.PRESSIP\OutputValue	-6.0	46.9	16.1	-1.0	0.0	-1.0	-1.0	-1.0	0.0	0.0	0.0	-1.0	-1.0	0.0	0.0	0.0	-1.0	0.0
21:44:28	69.0	336.9	347.8	302.3	323.0	180.4	2.2	44.0	0.0	2.2	2.2	347.8	302.3	2.2	0.6	327.5	325.0	363.0	363.1	362.2	369.4	102.3	69.0	40.5	0.0	362.2	355.0	44.0	57.4	13.0	44.2	0.0	14.7	.Autoclave.Outputs.PRESSIP\OutputValue	-6.0	45.4	15.2	-1.0	0.0	-1.0	-1.0	-1.0	0.0	0.0	0.0	-1.0	-1.0	0.0	0.0	0.0	-1.0	0.0
21:45:28	70.0	337.4	348.1	304.3	324.5	204.8	2.2	44.0	0.0	2.2	2.2	348.1	304.3	2.0	0.2	328.6	326.2	362.6	362.6	361.9	368.8	102.3	70.0	41.5	0.0	361.9	355.0	44.0	56.6	13.0	44.2	0.0	13.3	.Autoclave.Outputs.PRESSIP\OutputValue	-6.0	43.7	14.5	-1.0	0.0	-1.0	-1.0	-1.0	0.0	0.0	0.0	-1.0	-1.0	0.0	0.0	0.0	-1.0	0.0
21:46:28	71.0	338.0	348.5	306.3	325.9	235.6	2.3	44.0	0.0	2.3	2.3	348.5	306.3	2.0	0.5	329.7	327.4	362.3	362.3	361.5	368.5	102.4	71.0	42.5	0.0	361.5	355.0	44.0	55.9	12.9	43.8	0.0	11.8	.Autoclave.Outputs.PRESSIP\OutputValue	-6.0	42.1	13.8	-1.0	0.0	-1.0	-1.0	-1.0	0.0	0.0	0.0	-1.0	-1.0	0.0	0.0	0.0	-1.0	0.0
21:47:28	72.0	338.6	348.8	308.2	327.3	190.9	2.3	44.0	0.0	2.3	2.3	348.8	308.2	2.0	0.4	330.7	328.5	361.8	361.9	361.1	368.2	102.3	72.0	43.5	0.0	361.2	355.0	44.0	57.2	12.8	44.0	0.0	14.3	.Autoclave.Outputs.PRESSIP\OutputValue	-6.0	40.5	13.0	-1.0	0.0	-1.0	-1.0	-1.0	0.0	0.0	0.0	-1.0	-1.0	0.0	0.0	0.0	-1.0	0.0
21:48:28	73.0	339.3	349.2	310.0	328.5	222.0	2.3	44.0	0.0	2.3	2.3	349.2	310.0	1.9	0.4	331.7	329.6	361.6	361.6	360.8	367.7	102.3	73.0	44.5	0.0	360.8	355.0	44.0	55.8	12.8	44.2	0.0	11.5	.Autoclave.Outputs.PRESSIP\OutputValue	-6.0	39.1	12.4	-1.0	0.0	-1.0	-1.0	-1.0	0.0	0.0	0.0	-1.0	-1.0	0.0	0.0	0.0	-1.0	0.0
21:49:28	74.0	339.6	349.5	311.9	329.9	230.0	2.4	44.0	0.0	2.4	2.4	349.5	311.9	1.8	0.2	332.7	330.7	361.3	361.3	360.5	367.0	102.4	74.0	45.5	0.0	360.5	355.0	44.0	55.7	12.7	44.2	0.0	11.4	.Autoclave.Outputs.PRESSIP\OutputValue	-6.0	37.5	11.8	-1.0	0.0	-1.0	-1.0	-1.0	0.0	0.0	0.0	-1.0	-1.0	0.0	0.0	0.0	-1.0	0.0
21:50:29	75.1	340.3	349.8	313.3	331.1	220.3	2.4	44.0	0.0	2.4	2.4	349.8	313.3	1.5	0.3	333.6	331.5	360.9	361.0	360.1	367.0	102.5	75.0	46.5	0.0	360.2	355.0	44.0	56.3	12.6	44.0	0.0	12.6	.Autoclave.Outputs.PRESSIP\OutputValue	-6.0	36.4	11.1	-1.0	0.0	-1.0	-1.0	-1.0	0.0	0.0	0.0	-1.0	-1.0	0.0	0.0	0.0	-1.0	0.0
21:51:28	76.0	341.1	350.0	314.8	331.9	221.6	2.4	44.0	0.0	2.4	2.4	350.0	314.8	1.6	0.2	334.4	332.4	360.7	360.7	359.9	366.6	102.4	76.0	47.5	0.0	359.9	355.0	44.0	55.6	12.6	44.0	0.0	11.1	.Autoclave.Outputs.PRESSIP\OutputValue	-6.0	35.1	10.7	-1.0	0.0	-1.0	-1.0	-1.0	0.0	0.0	0.0	-1.0	-1.0	0.0	0.0	0.0	-1.0	0.0
21:52:28	77.0	341.5	350.3	316.5	333.3	217.2	2.4	44.0	0.0	2.4	2.4	350.3	316.5	1.7	0.3	335.4	333.4	360.5	360.5	359.8	366.3	102.5	77.0	48.5	0.0	359.7	355.0	44.0	54.8	12.5	44.2	0.0	9.6	.Autoclave.Outputs.PRESSIP\OutputValue	-6.0	33.8	10.2	-1.0	0.0	-1.0	-1.0	-1.0	0.0	0.0	0.0	-1.0	-1.0	0.0	0.0	0.0	-1.0	0.0
21:53:28	78.0	342.1	350.6	317.8	334.1	254.1	2.4	44.0	0.0	2.4	2.4	350.6	317.8	1.4	0.2	336.1	334.2	360.3	360.3	359.5	366.0	102.6	78.0	49.5	0.0	359.5	355.0	44.0	56.1	12.4	44.2	0.0	12.2	.Autoclave.Outputs.PRESSIP\OutputValue	-6.0	32.8	9.7	-1.0	0.0	-1.0	-1.0	-1.0	0.0	0.0	0.0	-1.0	-1.0	0.0	0.0	0.0	-1.0	0.0
21:54:28	79.0	342.4	350.7	319.2	335.2	195.2	2.5	44.0	0.0	2.5	2.5	350.7	319.2	1.5	0.1	336.9	334.9	360.1	360.1	359.2	366.1	102.6	79.0	50.5	0.0	359.3	355.0	44.0	55.3	12.4	44.0	0.0	10.7	.Autoclave.Outputs.PRESSIP\OutputValue	-6.0	31.5	9.4	-1.0	0.0	-1.0	-1.0	-1.0	0.0	0.0	0.0	-1.0	-1.0	0.0	0.0	0.0	-1.0	0.0
21:55:28	80.0	343.0	350.9	320.6	336.2	243.3	2.5	44.0	0.0	2.5	2.5	350.9	320.6	1.3	0.3	337.7	335.7	360.0	360.0	359.3	365.8	102.6	80.0	51.5	0.0	359.1	355.0	44.0	55.3	12.3	44.4	0.0	10.5	.Autoclave.Outputs.PRESSIP\OutputValue	-6.0	30.3	9.1	-1.0	0.0	-1.0	-1.0	-1.0	0.0	0.0	0.0	-1.0	-1.0	0.0	0.0	0.0	-1.0	0.0
21:56:28	81.0	343.3	351.1	321.7	336.9	228.6	2.5	44.0	0.0	2.5	2.5	351.1	321.7	1.2	0.1	338.2	336.4	359.7	359.7	359.0	365.6	102.6	81.0	52.5	0.0	358.9	355.0	44.0	54.5	12.2	43.8	0.0	9.0	.Autoclave.Outputs.PRESSIP\OutputValue	-6.0	29.4	8.6	-1.0	0.0	-1.0	-1.0	-1.0	0.0	0.0	0.0	-1.0	-1.0	0.0	0.0	0.0	-1.0	0.0
21:57:28	82.0	344.0	351.2	323.0	337.7	241.3	2.5	44.0	0.0	2.5	2.5	351.2	323.0	1.3	0.2	339.0	337.1	359.5	359.5	358.8	365.4	102.6	82.0	53.5	0.0	358.8	355.0	44.0	55.8	12.1	44.2	0.0	11.6	.Autoclave.Outputs.PRESSIP\OutputValue	-6.0	28.2	8.3	-1.0	0.0	-1.0	-1.0	-1.0	0.0	0.0	0.0	-1.0	-1.0	0.0	0.0	0.0	-1.0	0.0
21:58:28	83.0	344.2	351.4	324.1	338.4	272.1	2.5	44.0	0.0	2.5	2.5	351.4	324.1	1.2	0.2	339.5	337.7	359.3	359.3	358.6	364.9	102.6	83.0	54.5	0.0	358.6	355.0	44.0	55.0	12.1	44.1	0.0	10.1	.Autoclave.Outputs.PRESSIP\OutputValue	-5.9	27.3	7.9	-1.0	0.0	-1.0	-1.0	-1.0	0.0	0.0	0.0	-1.0	-1.0	0.0	0.0	0.0	-1.0	0.0
21:59:28	84.0	344.6	351.6	325.3	339.3	236.1	2.5	44.0	0.0	2.5	2.5	351.6	325.3	1.3	0.1	340.2	338.4	359.2	359.1	358.3	364.5	102.7	84.0	55.5	0.0	358.4	355.0	44.0	55.0	12.0	44.4	0.0	9.9	.Autoclave.Outputs.PRESSIP\OutputValue	-5.9	26.3	7.6	-1.0	0.0	-1.0	-1.0	-1.0	0.0	0.0	0.0	-1.0	-1.0	0.0	0.0	0.0	-1.0	0.0
22:00:28	85.0	345.2	351.8	326.4	340.0	244.7	2.6	44.0	0.0	2.6	2.6	351.8	326.4	1.1	0.2	340.8	339.1	359.0	359.0	358.3	364.4	102.6	85.0	56.5	0.0	358.2	355.0	44.0	54.9	11.9	44.1	0.0	9.8	.Autoclave.Outputs.PRESSIP\OutputValue	-5.9	25.4	7.2	-1.0	0.0	-1.0	-1.0	-1.0	0.0	0.0	0.0	-1.0	-1.0	0.0	0.0	0.0	-1.0	0.0
22:01:28	86.0	345.3	351.9	327.6	340.6	268.6	2.5	44.0	0.0	2.5	2.5	351.9	327.6	1.1	0.2	341.3	339.7	359.0	359.0	358.1	364.3	102.7	86.0	57.5	0.0	358.0	355.0	44.0	53.5	11.8	44.1	0.0	6.9	.Autoclave.Outputs.PRESSIP\OutputValue	-5.9	24.3	7.1	-1.0	0.0	-1.0	-1.0	-1.0	0.0	0.0	0.0	-1.0	-1.0	0.0	0.0	0.0	-1.0	0.0
22:02:28	87.0	345.7	352.0	328.6	341.1	255.3	2.6	44.0	0.0	2.6	2.6	352.0	328.6	1.1	0.1	341.8	340.3	358.7	358.6	358.0	364.3	102.7	87.0	58.5	0.0	357.9	355.0	44.0	54.7	11.7	44.3	0.0	9.5	.Autoclave.Outputs.PRESSIP\OutputValue	-5.9	23.4	6.7	-1.0	0.0	-1.0	-1.0	-1.0	0.0	0.0	0.0	-1.0	-1.0	0.0	0.0	0.0	-1.0	0.0
22:03:28	88.0	346.0	352.2	329.6	341.7	259.8	2.6	44.0	0.0	2.6	2.6	352.2	329.6	1.0	0.1	342.4	340.9	358.7	358.7	358.0	364.3	102.6	88.0	59.5	0.0	357.9	355.0	44.0	54.0	11.7	43.9	0.0	8.0	.Autoclave.Outputs.PRESSIP\OutputValue	-5.9	22.6	6.5	-1.0	0.0	-1.0	-1.0	-1.0	0.0	0.0	0.0	-1.0	-1.0	0.0	0.0	0.0	-1.0	0.0
22:04:28	89.0	346.5	352.3	330.6	342.4	233.0	2.6	43.5	0.0	2.6	2.6	352.3	330.6	1.4	0.2	342.9	341.4	358.3	358.1	357.3	353.3	102.6	89.0	60.5	0.0	357.7	355.0	44.0	55.2	11.6	48.9	-1.0	10.5	.Autoclave.Outputs.PRESSIP\OutputValue	-5.8	21.7	6.0	-1.0	0.0	-1.0	-1.0	-1.0	0.0	0.0	0.0	-1.0	-1.0	0.0	0.0	0.0	-1.0	0.0
22:05:28	90.0	344.4	349.9	329.5	341.8	331.3	2.6	44.0	0.0	2.6	2.6	349.9	329.5	-1.1	-2.5	341.4	339.7	352.7	352.7	352.1	365.5	102.8	90.0	61.5	0.0	360.2	355.0	44.0	97.7	0.0	45.2	0.0	95.4	.Autoclave.Outputs.PRESSIP\OutputValue	-4.8	20.4	2.8	-1.0	0.0	-1.0	-1.0	-1.0	0.0	0.0	0.0	-1.0	-1.0	0.0	0.0	0.0	-1.0	0.0
22:06:28	91.0	345.9	351.3	331.6	342.7	333.0	2.6	43.9	0.0	2.6	2.6	351.3	331.6	2.0	1.4	342.9	341.4	357.7	357.7	356.9	363.0	102.7	91.0	62.5	0.0	358.7	355.0	44.0	55.3	0.3	45.9	0.0	10.6	.Autoclave.Outputs.PRESSIP\OutputValue	-4.8	19.7	6.4	-1.0	0.0	-1.0	-1.0	-1.0	0.0	0.0	0.0	-1.0	-1.0	0.0	0.0	0.0	-1.0	0.0
22:07:29	92.0	346.4	351.6	332.5	343.2	333.3	2.6	43.9	0.0	2.6	2.6	351.6	332.5	0.8	0.3	343.4	342.0	357.3	357.1	356.4	363.2	102.6	92.0	63.5	0.0	358.4	355.0	44.0	56.8	0.4	46.1	0.0	13.5	.Autoclave.Outputs.PRESSIP\OutputValue	-4.7	19.1	5.7	-1.0	0.0	-1.0	-1.0	-1.0	0.0	0.0	0.0	-1.0	-1.0	0.0	0.0	0.0	-1.0	0.0
22:08:28	93.0	346.7	351.7	333.3	343.8	334.5	2.6	43.9	0.0	2.6	2.6	351.7	333.3	0.9	0.2	343.9	342.5	357.1	357.1	356.3	363.0	102.6	93.0	64.5	0.0	358.2	355.0	44.0	56.9	0.6	46.2	0.0	13.8	.Autoclave.Outputs.PRESSIP\OutputValue	-4.5	18.4	5.4	-1.0	0.0	-1.0	-1.0	-1.0	0.0	0.0	0.0	-1.0	-1.0	0.0	0.0	0.0	-1.0	0.0
22:09:28	94.0	347.0	351.9	333.9	344.3	335.0	2.6	43.9	0.0	2.6	2.6	351.9	333.9	0.7	0.1	344.3	342.9	357.0	357.0	356.2	362.9	102.6	94.0	65.5	0.0	358.0	355.0	44.0	55.0	0.7	46.1	0.0	10.0	.Autoclave.Outputs.PRESSIP\OutputValue	-4.4	18.0	5.1	-1.0	0.0	-1.0	-1.0	-1.0	0.0	0.0	0.0	-1.0	-1.0	0.0	0.0	0.0	-1.0	0.0
22:10:28	95.0	347.2	352.1	333.8	344.7	335.8	2.6	43.9	0.0	2.6	2.6	352.1	333.8	0.8	0.2	344.4	342.9	357.0	357.0	356.2	362.7	102.6	95.0	66.5	0.0	357.8	355.0	44.0	55.1	0.8	46.3	0.0	10.2	.Autoclave.Outputs.PRESSIP\OutputValue	-4.3	18.3	4.9	-1.0	0.0	-1.0	-1.0	-1.0	0.0	0.0	0.0	-1.0	-1.0	0.0	0.0	0.0	-1.0	0.0
22:11:28	96.0	347.7	352.2	335.6	345.2	336.2	2.6	43.9	0.0	2.6	2.6	352.2	335.6	0.4	-0.3	345.2	343.9	356.8	356.8	356.1	362.5	102.7	96.0	67.5	0.0	357.9	355.0	44.0	55.9	0.9	46.8	0.0	11.7	.Autoclave.Outputs.PRESSIP\OutputValue	-4.2	16.6	4.6	-1.0	0.0	-1.0	-1.0	-1.0	0.0	0.0	0.0	-1.0	-1.0	0.0	0.0	0.0	-1.0	0.0
22:12:28	97.0	347.8	352.3	336.2	345.5	337.0	2.6	43.9	0.0	2.6	2.6	352.3	336.2	0.5	0.1	345.4	344.2	356.9	356.9	356.1	362.4	102.7	97.0	68.5	0.0	357.6	355.0	44.0	54.6	1.0	46.7	0.0	9.3	.Autoclave.Outputs.PRESSIP\OutputValue	-4.1	16.1	4.6	-1.0	0.0	-1.0	-1.0	-1.0	0.0	0.0	0.0	-1.0	-1.0	0.0	0.0	0.0	-1.0	0.0
22:13:28	98.0	348.1	352.3	337.0	346.0	337.8	2.6	43.9	0.0	2.6	2.6	352.3	337.0	0.7	-0.7	345.8	344.6	356.9	356.9	356.2	362.7	102.8	98.0	69.5	0.0	357.8	355.0	44.0	54.7	1.1	46.6	0.0	9.4	.Autoclave.Outputs.PRESSIP\OutputValue	-3.9	15.3	4.6	-1.0	0.0	-1.0	-1.0	-1.0	0.0	0.0	0.0	-1.0	-1.0	0.0	0.0	0.0	-1.0	0.0
22:14:28	99.0	348.2	352.4	337.7	346.3	338.1	2.6	44.0	0.0	2.6	2.6	352.4	337.7	1.8	0.0	346.1	345.0	356.7	356.8	356.0	362.5	102.9	99.0	70.5	0.0	357.7	355.0	44.0	55.5	1.1	46.8	0.0	10.9	.Autoclave.Outputs.PRESSIP\OutputValue	-3.8	14.7	4.3	-1.0	0.0	-1.0	-1.0	-1.0	0.0	0.0	0.0	-1.0	-1.0	0.0	0.0	0.0	-1.0	0.0
22:15:28	100.0	348.3	352.5	338.3	346.7	338.8	2.6	43.9	0.0	2.6	2.6	352.5	338.3	0.6	0.0	346.4	345.4	356.8	356.8	356.0	362.4	102.8	100.0	71.5	0.0	357.6	355.0	44.0	54.9	1.2	46.9	0.0	9.8	.Autoclave.Outputs.PRESSIP\OutputValue	-3.7	14.2	4.3	-1.0	0.0	-1.0	-1.0	-1.0	0.0	0.0	0.0	-1.0	-1.0	0.0	0.0	0.0	-1.0	0.0
22:16:28	101.0	348.6	352.6	338.9	347.0	339.4	2.6	44.0	0.0	2.6	2.6	352.6	338.9	0.6	0.1	346.8	345.7	356.8	356.7	355.9	361.9	102.7	101.0	72.5	0.0	357.4	355.0	44.0	54.3	1.3	47.2	0.0	8.6	.Autoclave.Outputs.PRESSIP\OutputValue	-3.6	13.7	4.2	-1.0	0.0	-1.0	-1.0	-1.0	0.0	0.0	0.0	-1.0	-1.0	0.0	0.0	0.0	-1.0	0.0
22:17:28	102.0	348.8	352.4	339.3	347.3	339.9	2.6	43.9	0.0	2.6	2.6	352.4	339.3	0.5	-0.1	346.9	345.8	356.8	356.7	355.8	361.9	102.8	102.0	73.5	0.0	357.4	355.0	44.0	53.7	1.4	47.3	0.0	7.4	.Autoclave.Outputs.PRESSIP\OutputValue	-3.5	13.1	4.4	-1.0	0.0	-1.0	-1.0	-1.0	0.0	0.0	0.0	-1.0	-1.0	0.0	0.0	0.0	-1.0	0.0
22:18:28	103.0	349.1	352.6	339.0	347.6	340.4	2.5	44.0	0.0	2.5	2.5	352.6	339.0	0.4	-0.1	347.1	345.8	356.6	356.6	355.9	362.1	102.8	103.0	74.5	0.0	357.4	355.0	44.0	54.5	1.5	47.2	0.0	8.9	.Autoclave.Outputs.PRESSIP\OutputValue	-3.4	13.6	4.0	-1.0	0.0	-1.0	-1.0	-1.0	0.0	0.0	0.0	-1.0	-1.0	0.0	0.0	0.0	-1.0	0.0
22:19:29	104.1	349.3	352.7	340.5	347.9	340.8	2.5	43.9	0.0	2.5	2.5	352.7	340.5	1.3	-0.1	347.6	346.6	356.6	356.7	355.9	361.9	102.7	104.0	75.5	0.0	357.2	355.0	44.0	53.9	1.5	47.3	0.0	7.8	.Autoclave.Outputs.PRESSIP\OutputValue	-3.3	12.2	3.9	-1.0	0.0	-1.0	-1.0	-1.0	0.0	0.0	0.0	-1.0	-1.0	0.0	0.0	0.0	-1.0	0.0
22:20:28	105.0	349.4	352.9	340.6	348.3	341.5	2.5	43.9	0.0	2.5	2.5	352.9	340.6	0.7	0.1	347.8	346.7	356.4	356.4	355.7	361.6	102.7	105.0	76.5	0.0	357.1	355.0	44.0	54.6	1.6	47.4	0.0	9.2	.Autoclave.Outputs.PRESSIP\OutputValue	-3.2	12.3	3.5	-1.0	0.0	-1.0	-1.0	-1.0	0.0	0.0	0.0	-1.0	-1.0	0.0	0.0	0.0	-1.0	0.0
22:21:28	106.0	349.6	352.9	341.2	348.3	341.8	2.5	44.0	0.0	2.5	2.5	352.9	341.2	0.7	0.0	348.0	347.0	356.5	356.4	355.7	362.2	102.7	106.0	77.5	0.0	357.1	355.0	44.0	54.0	1.7	47.3	0.0	8.0	.Autoclave.Outputs.PRESSIP\OutputValue	-3.1	11.7	3.6	-1.0	0.0	-1.0	-1.0	-1.0	0.0	0.0	0.0	-1.0	-1.0	0.0	0.0	0.0	-1.0	0.0
22:22:28	107.0	349.8	353.0	342.0	348.8	342.5	2.5	44.0	0.0	2.5	2.5	353.0	342.0	0.6	0.1	348.4	347.5	356.4	356.4	355.6	362.0	102.8	107.0	78.5	0.0	357.1	355.0	44.0	54.8	1.8	47.4	0.0	9.5	.Autoclave.Outputs.PRESSIP\OutputValue	-3.0	11.0	3.4	-1.0	0.0	-1.0	-1.0	-1.0	0.0	0.0	0.0	-1.0	-1.0	0.0	0.0	0.0	-1.0	0.0
22:23:28	108.0	349.9	353.0	342.3	348.7	342.9	2.5	43.9	0.0	2.5	2.5	353.0	342.3	0.5	-0.1	348.5	347.6	356.4	356.4	355.6	361.9	102.8	108.0	79.5	0.0	356.9	355.0	44.0	54.2	1.8	47.7	0.0	8.3	.Autoclave.Outputs.PRESSIP\OutputValue	-2.9	10.7	3.4	-1.0	0.0	-1.0	-1.0	-1.0	0.0	0.0	0.0	-1.0	-1.0	0.0	0.0	0.0	-1.0	0.0
22:24:28	109.0	350.0	353.1	342.9	349.3	343.1	2.5	44.0	0.0	2.5	2.5	353.1	342.9	0.5	0.1	348.8	348.0	356.3	356.3	355.5	361.9	102.6	109.0	80.5	0.0	357.0	355.0	44.0	54.9	1.9	47.6	0.0	9.8	.Autoclave.Outputs.PRESSIP\OutputValue	-2.8	10.2	3.2	-1.0	0.0	-1.0	-1.0	-1.0	0.0	0.0	0.0	-1.0	-1.0	0.0	0.0	0.0	-1.0	0.0
22:25:28	110.0	350.3	353.1	343.3	349.5	343.5	2.5	43.9	0.0	2.5	2.5	353.1	343.3	0.4	0.0	349.0	348.2	356.3	356.3	355.5	361.3	102.5	110.0	81.5	0.0	356.8	355.0	44.0	53.6	2.0	47.8	0.0	7.2	.Autoclave.Outputs.PRESSIP\OutputValue	-2.7	9.8	3.2	-1.0	0.0	-1.0	-1.0	-1.0	0.0	0.0	0.0	-1.0	-1.0	0.0	0.0	0.0	-1.0	0.0
22:26:28	111.0	350.3	353.2	343.9	349.8	344.2	2.5	44.0	0.0	2.5	2.5	353.2	343.9	0.6	0.0	349.3	348.5	356.3	356.3	355.4	361.7	102.6	111.0	82.5	0.0	356.7	355.0	44.0	53.0	2.0	47.7	0.0	6.0	.Autoclave.Outputs.PRESSIP\OutputValue	-2.6	9.3	3.1	-1.0	0.0	-1.0	-1.0	-1.0	0.0	0.0	0.0	-1.0	-1.0	0.0	0.0	0.0	-1.0	0.0
22:27:28	112.0	350.5	353.3	344.2	347.2	344.2	2.5	44.0	0.0	2.5	2.5	353.3	344.2	0.3	-1.3	348.8	348.7	356.1	356.1	355.3	361.1	102.6	112.0	83.5	0.0	356.7	355.0	44.0	54.4	2.1	47.8	0.0	8.8	.Autoclave.Outputs.PRESSIP\OutputValue	-2.6	9.1	2.8	-1.0	0.0	-1.0	-1.0	-1.0	0.0	0.0	0.0	-1.0	-1.0	0.0	0.0	0.0	-1.0	0.0
22:28:28	113.0	350.6	353.3	344.8	350.1	344.8	2.5	43.9	0.0	2.5	2.5	353.3	344.8	1.7	0.0	349.7	349.0	356.0	356.0	355.3	361.2	102.7	113.0	84.5	0.0	356.7	355.0	44.0	55.1	2.1	48.1	0.0	10.3	.Autoclave.Outputs.PRESSIP\OutputValue	-2.5	8.5	2.7	-1.0	0.0	-1.0	-1.0	-1.0	0.0	0.0	0.0	-1.0	-1.0	0.0	0.0	0.0	-1.0	0.0
22:29:22	113.9	350.7	353.3	345.2	350.1	345.3	2.5	43.9	0.0	2.5	2.5	353.3	345.2	0.3	0.0	349.8	349.2	356.3	356.2	355.4	361.5	102.8	113.9	85.4	0.0	356.7	355.0	44.0	53.2	2.2	48.0	0.0	6.4	.Autoclave.Outputs.PRESSIP\OutputValue	-2.4	8.1	3.0	-1.0	0.0	-1.0	-1.0	-1.0	0.0	0.0	0.0	-1.0	-1.0	0.0	0.0	0.0	-1.0	0.0
22:29:28	114.0	350.7	353.4	345.2	350.2	345.2	2.5	43.9	0.0	2.5	2.5	353.4	345.2	0.4	-0.1	349.9	349.3	356.1	356.1	355.4	361.3	102.7	114.0	0.1	89.9	356.7	355.0	44.0	53.9	2.2	48.2	0.0	7.7	.Autoclave.Outputs.PRESSIP\OutputValue	-2.4	8.2	2.7	-1.0	0.0	-1.0	-1.0	-1.0	0.0	0.0	0.0	-1.0	-1.0	0.0	0.0	0.0	-1.0	0.0
22:30:28	115.0	350.8	353.3	345.5	350.4	345.4	2.5	44.0	0.0	2.5	2.5	353.3	345.5	0.4	-0.1	350.0	349.4	356.2	356.2	355.4	361.3	102.8	115.0	1.1	88.9	356.7	355.0	44.0	52.6	2.3	47.9	0.0	5.2	.Autoclave.Outputs.PRESSIP\OutputValue	-2.3	7.8	2.9	-1.0	0.0	-1.0	-1.0	-1.0	0.0	0.0	0.0	-1.0	-1.0	0.0	0.0	0.0	-1.0	0.0
22:31:28	116.0	350.8	353.3	345.8	350.7	345.8	2.5	44.0	0.0	2.5	2.5	353.3	345.8	0.3	-0.1	350.1	349.5	356.2	356.2	355.4	361.3	102.8	116.0	2.1	87.9	356.8	355.0	44.0	55.3	2.3	47.9	0.0	10.6	.Autoclave.Outputs.PRESSIP\OutputValue	-2.3	7.5	2.9	-1.0	0.0	-1.0	-1.0	-1.0	0.0	0.0	0.0	-1.0	-1.0	0.0	0.0	0.0	-1.0	0.0
22:32:28	117.0	350.9	353.3	346.2	350.7	346.3	2.4	44.0	0.0	2.4	2.4	353.3	346.2	0.4	0.0	350.3	349.7	356.2	356.2	355.4	361.0	102.6	117.0	3.1	86.9	356.6	355.0	44.0	54.0	2.4	48.3	0.0	8.1	.Autoclave.Outputs.PRESSIP\OutputValue	-2.2	7.1	2.9	-1.0	0.0	-1.0	-1.0	-1.0	0.0	0.0	0.0	-1.0	-1.0	0.0	0.0	0.0	-1.0	0.0
22:33:28	118.0	351.0	353.5	346.6	351.0	346.4	2.5	44.0	0.0	2.5	2.5	353.5	346.6	0.4	0.1	350.5	350.0	356.1	356.1	355.4	361.5	102.7	118.0	4.1	85.9	356.6	355.0	44.0	54.1	2.4	48.0	0.0	8.2	.Autoclave.Outputs.PRESSIP\OutputValue	-2.2	6.9	2.6	-1.0	0.0	-1.0	-1.0	-1.0	0.0	0.0	0.0	-1.0	-1.0	0.0	0.0	0.0	-1.0	0.0
22:34:28	119.0	351.2	353.3	346.9	351.1	346.6	2.4	44.0	0.0	2.4	2.4	353.3	346.9	0.3	-0.1	350.6	350.1	356.0	356.0	355.2	361.2	102.7	119.0	5.1	84.9	356.6	355.0	44.0	54.8	2.5	48.3	0.0	9.6	.Autoclave.Outputs.PRESSIP\OutputValue	-2.1	6.4	2.7	-1.0	0.0	-1.0	-1.0	-1.0	0.0	0.0	0.0	-1.0	-1.0	0.0	0.0	0.0	-1.0	0.0
22:35:28	120.0	351.3	353.4	347.2	351.4	347.0	2.4	44.0	0.0	2.4	2.4	353.4	347.2	0.4	0.0	350.8	350.3	356.0	355.9	355.3	361.3	102.8	120.0	6.1	83.9	356.7	355.0	44.0	54.9	2.5	48.3	0.0	9.7	.Autoclave.Outputs.PRESSIP\OutputValue	-2.1	6.2	2.6	-1.0	0.0	-1.0	-1.0	-1.0	0.0	0.0	0.0	-1.0	-1.0	0.0	0.0	0.0	-1.0	0.0
22:36:28	121.0	351.4	353.5	347.5	351.5	347.3	2.4	44.0	0.0	2.4	2.4	353.5	347.5	0.3	0.0	351.0	350.5	356.0	356.0	355.4	360.8	102.6	121.0	7.1	82.9	356.5	355.0	44.0	52.9	2.6	48.3	0.0	5.8	.Autoclave.Outputs.PRESSIP\OutputValue	-2.0	6.0	2.5	-1.0	0.0	-1.0	-1.0	-1.0	0.0	0.0	0.0	-1.0	-1.0	0.0	0.0	0.0	-1.0	0.0
22:37:28	122.0	351.5	353.5	347.8	351.6	347.4	2.4	43.9	0.0	2.4	2.4	353.5	347.8	0.3	0.0	351.1	350.6	356.0	356.0	355.2	361.0	102.6	122.0	8.1	81.9	356.5	355.0	44.0	54.3	2.6	48.6	0.0	8.6	.Autoclave.Outputs.PRESSIP\OutputValue	-2.0	5.7	2.5	-1.0	0.0	-1.0	-1.0	-1.0	0.0	0.0	0.0	-1.0	-1.0	0.0	0.0	0.0	-1.0	0.0
22:38:28	123.0	351.6	353.5	348.1	351.7	347.8	2.4	44.0	0.0	2.4	2.4	353.5	348.1	0.3	0.1	351.2	350.8	356.0	356.0	355.2	361.2	102.8	123.0	9.1	80.9	356.4	355.0	44.0	54.3	2.7	48.3	0.0	8.7	.Autoclave.Outputs.PRESSIP\OutputValue	-1.9	5.4	2.5	-1.0	0.0	-1.0	-1.0	-1.0	0.0	0.0	0.0	-1.0	-1.0	0.0	0.0	0.0	-1.0	0.0
22:39:28	124.0	351.6	353.6	348.4	351.8	348.0	2.4	44.0	0.0	2.4	2.4	353.6	348.4	0.3	-0.1	351.3	351.0	356.1	356.1	355.2	361.2	102.8	124.0	10.1	79.9	356.4	355.0	44.0	53.7	2.7	48.5	0.0	7.5	.Autoclave.Outputs.PRESSIP\OutputValue	-1.9	5.2	2.5	-1.0	0.0	-1.0	-1.0	-1.0	0.0	0.0	0.0	-1.0	-1.0	0.0	0.0	0.0	-1.0	0.0
22:40:28	125.0	351.7	353.6	348.6	352.0	348.4	2.4	44.0	0.0	2.4	2.4	353.6	348.6	0.4	0.1	351.5	351.1	356.1	356.1	355.2	361.2	102.6	125.0	11.1	78.9	356.4	355.0	44.0	53.8	2.8	48.3	0.0	7.6	.Autoclave.Outputs.PRESSIP\OutputValue	-1.8	5.0	2.5	-1.0	0.0	-1.0	-1.0	-1.0	0.0	0.0	0.0	-1.0	-1.0	0.0	0.0	0.0	-1.0	0.0
22:41:28	126.0	351.7	353.7	347.8	352.1	348.6	2.4	44.0	0.0	2.4	2.4	353.7	347.8	0.3	-0.7	351.3	350.7	356.0	356.0	355.2	361.4	102.5	126.0	12.1	77.9	356.2	355.0	44.0	52.5	2.8	48.2	0.0	5.0	.Autoclave.Outputs.PRESSIP\OutputValue	-1.8	5.9	2.3	-1.0	0.0	-1.0	-1.0	-1.0	0.0	0.0	0.0	-1.0	-1.0	0.0	0.0	0.0	-1.0	0.0
22:42:28	127.0	351.8	353.6	348.8	352.0	348.6	2.4	44.0	0.0	2.4	2.4	353.6	348.8	1.1	-0.2	351.5	351.2	355.9	355.9	355.1	361.3	102.6	127.0	13.1	76.9	356.3	355.0	44.0	54.5	2.9	48.2	0.0	9.1	.Autoclave.Outputs.PRESSIP\OutputValue	-1.8	4.8	2.3	-1.0	0.0	-1.0	-1.0	-1.0	0.0	0.0	0.0	-1.0	-1.0	0.0	0.0	0.0	-1.0	0.0
22:43:28	128.0	351.9	353.7	349.0	350.3	348.9	2.3	44.0	0.0	2.3	2.3	353.7	349.0	0.1	-0.2	351.2	351.3	355.9	356.0	355.2	361.2	102.7	128.0	14.1	75.9	356.3	355.0	44.0	54.6	2.9	48.2	0.0	9.2	.Autoclave.Outputs.PRESSIP\OutputValue	-1.7	4.7	2.2	-1.0	0.0	-1.0	-1.0	-1.0	0.0	0.0	0.0	-1.0	-1.0	0.0	0.0	0.0	-1.0	0.0
22:44:28	129.0	352.0	353.6	349.4	352.1	349.0	2.3	44.0	0.0	2.3	2.3	353.6	349.4	0.5	0.1	351.8	351.5	355.9	355.9	355.0	361.0	102.5	129.0	15.1	74.9	356.4	355.0	44.0	55.3	3.0	48.5	0.0	10.6	.Autoclave.Outputs.PRESSIP\OutputValue	-1.7	4.2	2.3	-1.0	0.0	-1.0	-1.0	-1.0	0.0	0.0	0.0	-1.0	-1.0	0.0	0.0	0.0	-1.0	0.0
22:45:28	130.0	352.0	353.7	349.6	352.4	349.2	2.3	44.0	0.0	2.3	2.3	353.7	349.6	0.3	0.0	351.9	351.6	355.8	355.8	355.1	360.8	102.5	130.0	16.1	73.9	356.4	355.0	44.0	54.7	3.0	48.5	0.0	9.3	.Autoclave.Outputs.PRESSIP\OutputValue	-1.7	4.1	2.1	-1.0	0.0	-1.0	-1.0	-1.0	0.0	0.0	0.0	-1.0	-1.0	0.0	0.0	0.0	-1.0	0.0
22:46:28	131.0	352.0	353.6	349.6	352.4	349.5	2.3	44.0	0.0	2.3	2.3	353.6	349.6	0.2	0.0	351.9	351.6	355.9	355.9	355.2	361.0	102.6	131.0	17.1	72.9	356.2	355.0	44.0	54.7	3.1	48.7	0.0	9.4	.Autoclave.Outputs.PRESSIP\OutputValue	-1.7	4.0	2.3	-1.0	0.0	-1.0	-1.0	-1.0	0.0	0.0	0.0	-1.0	-1.0	0.0	0.0	0.0	-1.0	0.0
22:47:28	132.0	352.0	353.8	349.8	352.6	349.5	2.3	44.0	0.0	2.3	2.3	353.8	349.8	0.0	-0.7	352.0	351.8	355.8	355.8	355.2	360.8	102.6	132.0	18.1	71.9	356.2	355.0	44.0	53.4	3.1	48.5	0.0	6.8	.Autoclave.Outputs.PRESSIP\OutputValue	-1.6	4.0	2.0	-1.0	0.0	-1.0	-1.0	-1.0	0.0	0.0	0.0	-1.0	-1.0	0.0	0.0	0.0	-1.0	0.0
22:48:28	133.0	352.2	353.8	349.2	352.7	349.6	2.3	44.0	0.0	2.3	2.3	353.8	349.2	0.7	-0.1	352.0	351.5	355.9	355.9	355.1	360.8	102.5	133.0	19.1	70.9	356.2	355.0	44.0	53.5	3.1	48.4	0.0	6.9	.Autoclave.Outputs.PRESSIP\OutputValue	-1.6	4.6	2.1	-1.0	0.0	-1.0	-1.0	-1.0	0.0	0.0	0.0	-1.0	-1.0	0.0	0.0	0.0	-1.0	0.0
22:49:28	134.0	352.2	353.7	349.5	352.5	349.8	2.3	44.0	0.0	2.3	2.3	353.7	349.5	0.6	0.0	352.0	351.6	355.8	355.8	355.1	361.0	102.5	134.0	20.1	69.9	356.3	355.0	44.0	53.5	3.2	48.2	0.0	7.0	.Autoclave.Outputs.PRESSIP\OutputValue	-1.6	4.2	2.1	-1.0	0.0	-1.0	-1.0	-1.0	0.0	0.0	0.0	-1.0	-1.0	0.0	0.0	0.0	-1.0	0.0
22:50:28	135.0	352.4	353.8	350.7	352.9	350.3	2.3	44.0	0.0	2.3	2.3	353.8	350.7	0.8	0.0	352.4	352.2	355.9	355.9	355.2	360.8	102.6	135.0	21.1	68.9	356.2	355.0	44.0	53.5	3.2	48.6	0.0	7.1	.Autoclave.Outputs.PRESSIP\OutputValue	-1.6	3.1	2.1	-1.0	0.0	-1.0	-1.0	-1.0	0.0	0.0	0.0	-1.0	-1.0	0.0	0.0	0.0	-1.0	0.0
22:51:28	136.0	352.4	353.8	350.9	353.1	350.4	2.3	44.0	0.0	2.3	2.3	353.8	350.9	0.2	0.0	352.5	352.3	355.9	355.9	355.2	361.1	102.6	136.0	22.1	67.9	356.2	355.0	44.0	53.6	3.2	48.4	0.0	7.1	.Autoclave.Outputs.PRESSIP\OutputValue	-1.6	2.9	2.1	-1.0	0.0	-1.0	-1.0	-1.0	0.0	0.0	0.0	-1.0	-1.0	0.0	0.0	0.0	-1.0	0.0
22:52:28	137.0	352.4	353.8	351.1	353.1	350.6	2.3	44.0	0.0	2.3	2.3	353.8	351.1	0.2	0.0	352.6	352.4	355.9	355.9	355.1	360.7	102.6	137.0	23.1	66.9	356.2	355.0	44.0	54.3	3.3	48.4	0.0	8.5	.Autoclave.Outputs.PRESSIP\OutputValue	-1.6	2.7	2.1	-1.0	0.0	-1.0	-1.0	-1.0	0.0	0.0	0.0	-1.0	-1.0	0.0	0.0	0.0	-1.0	0.0
22:53:28	138.0	352.5	353.8	351.2	353.2	350.7	2.3	44.0	0.0	2.3	2.3	353.8	351.2	0.2	0.0	352.7	352.5	355.9	355.9	355.1	360.8	102.5	138.0	24.1	65.9	356.0	355.0	44.0	52.3	3.3	48.4	0.0	4.6	.Autoclave.Outputs.PRESSIP\OutputValue	-1.6	2.6	2.1	-1.0	0.0	-1.0	-1.0	-1.0	0.0	0.0	0.0	-1.0	-1.0	0.0	0.0	0.0	-1.0	0.0
22:54:28	139.0	352.6	353.8	351.4	353.4	350.9	2.3	44.0	0.0	2.3	2.3	353.8	351.4	0.2	0.1	352.8	352.6	355.8	355.8	355.0	360.8	102.5	139.0	25.1	64.9	356.1	355.0	44.0	54.3	3.3	48.6	0.0	8.7	.Autoclave.Outputs.PRESSIP\OutputValue	-1.6	2.4	2.0	-1.0	0.0	-1.0	-1.0	-1.0	0.0	0.0	0.0	-1.0	-1.0	0.0	0.0	0.0	-1.0	0.0
22:55:28	140.0	352.4	353.8	351.5	353.3	350.9	2.3	44.0	0.0	2.3	2.3	353.8	351.5	0.2	-0.1	352.7	352.6	355.8	355.8	355.1	361.1	102.4	140.0	26.1	63.9	356.1	355.0	44.0	53.7	3.4	48.2	0.0	7.4	.Autoclave.Outputs.PRESSIP\OutputValue	-1.6	2.3	2.0	-1.0	0.0	-1.0	-1.0	-1.0	0.0	0.0	0.0	-1.0	-1.0	0.0	0.0	0.0	-1.0	0.0
22:56:28	141.0	352.7	353.8	351.7	353.5	351.3	2.2	44.0	0.0	2.2	2.2	353.8	351.7	0.1	-0.1	352.9	352.7	355.9	355.9	355.0	361.2	102.5	141.0	27.1	62.9	356.1	355.0	44.0	53.7	3.4	48.4	0.0	7.5	.Autoclave.Outputs.PRESSIP\OutputValue	-1.6	2.1	2.1	-1.0	0.0	-1.0	-1.0	-1.0	0.0	0.0	0.0	-1.0	-1.0	0.0	0.0	0.0	-1.0	0.0
22:57:28	142.0	352.6	353.9	351.8	353.6	351.3	2.2	44.0	0.0	2.2	2.2	353.9	351.8	0.3	0.1	353.0	352.8	355.9	355.9	355.1	361.0	102.7	142.0	28.1	61.9	356.3	355.0	44.0	53.1	3.4	48.4	0.0	6.2	.Autoclave.Outputs.PRESSIP\OutputValue	-1.6	2.1	2.0	-1.0	0.0	-1.0	-1.0	-1.0	0.0	0.0	0.0	-1.0	-1.0	0.0	0.0	0.0	-1.0	0.0
22:58:28	143.0	352.7	353.7	351.9	353.6	351.3	2.2	44.0	0.0	2.2	2.2	353.7	351.9	0.1	-0.1	353.0	352.8	355.9	356.0	355.2	361.3	102.6	143.0	29.1	60.9	356.2	355.0	44.0	53.8	3.5	48.2	0.0	7.6	.Autoclave.Outputs.PRESSIP\OutputValue	-1.6	1.8	2.2	-1.0	0.0	-1.0	-1.0	-1.0	0.0	0.0	0.0	-1.0	-1.0	0.0	0.0	0.0	-1.0	0.0
22:59:28	144.0	352.7	353.9	352.1	353.6	351.3	2.2	44.0	0.0	2.2	2.2	353.9	352.1	0.2	0.0	353.1	353.0	355.8	355.8	355.0	360.8	102.4	144.0	30.1	59.9	356.1	355.0	44.0	53.8	3.5	48.4	0.0	7.7	.Autoclave.Outputs.PRESSIP\OutputValue	-1.6	1.8	1.9	-1.0	0.0	-1.0	-1.0	-1.0	0.0	0.0	0.0	-1.0	-1.0	0.0	0.0	0.0	-1.0	0.0
23:00:28	145.0	352.7	354.0	352.1	353.8	351.5	2.2	44.0	0.0	2.2	2.2	354.0	352.1	0.1	0.0	353.1	353.0	355.9	355.9	355.1	361.0	102.6	145.0	31.1	58.9	356.1	355.0	44.0	53.2	3.5	48.2	0.0	6.4	.Autoclave.Outputs.PRESSIP\OutputValue	-1.6	1.9	1.9	-1.0	0.0	-1.0	-1.0	-1.0	0.0	0.0	0.0	-1.0	-1.0	0.0	0.0	0.0	-1.0	0.0
23:01:28	146.0	352.7	353.9	352.2	353.6	351.7	2.2	44.0	0.0	2.2	2.2	353.9	352.2	0.2	-0.2	353.1	353.0	356.0	356.0	355.2	361.1	102.6	146.0	32.1	57.9	356.2	355.0	44.0	53.2	3.6	48.2	0.0	6.4	.Autoclave.Outputs.PRESSIP\OutputValue	-1.6	1.7	2.1	-1.0	0.0	-1.0	-1.0	-1.0	0.0	0.0	0.0	-1.0	-1.0	0.0	0.0	0.0	-1.0	0.0
23:02:28	147.0	352.8	354.0	352.4	353.6	351.8	2.2	44.0	0.0	2.2	2.2	354.0	352.4	0.3	0.0	353.2	353.2	355.8	355.8	355.0	360.7	102.6	147.0	33.1	56.9	356.1	355.0	44.0	54.6	3.6	48.5	0.0	9.2	.Autoclave.Outputs.PRESSIP\OutputValue	-1.7	1.6	1.8	-1.0	0.0	-1.0	-1.0	-1.0	0.0	0.0	0.0	-1.0	-1.0	0.0	0.0	0.0	-1.0	0.0
23:03:28	148.0	352.9	353.9	352.4	353.8	351.7	2.2	44.0	0.0	2.2	2.2	353.9	352.4	0.0	-0.1	353.2	353.1	355.8	355.9	355.0	360.8	102.5	148.0	34.1	55.9	356.1	355.0	44.0	53.3	3.6	48.3	0.0	6.6	.Autoclave.Outputs.PRESSIP\OutputValue	-1.7	1.5	1.9	-1.0	0.0	-1.0	-1.0	-1.0	0.0	0.0	0.0	-1.0	-1.0	0.0	0.0	0.0	-1.0	0.0
23:04:28	149.0	352.9	354.0	352.6	353.8	351.9	2.2	44.0	0.0	2.2	2.2	354.0	352.6	0.2	0.0	353.3	353.3	355.8	355.8	355.0	360.7	102.5	149.0	35.1	54.9	356.0	355.0	44.0	53.3	3.6	48.3	0.0	6.6	.Autoclave.Outputs.PRESSIP\OutputValue	-1.7	1.4	1.8	-1.0	0.0	-1.0	-1.0	-1.0	0.0	0.0	0.0	-1.0	-1.0	0.0	0.0	0.0	-1.0	0.0
23:05:28	150.0	352.8	354.0	352.6	353.8	351.9	2.2	44.0	0.0	2.2	2.2	354.0	352.6	0.1	-0.1	353.3	353.3	355.8	355.8	355.1	360.8	102.6	150.0	36.1	53.9	356.0	355.0	44.0	53.3	3.7	48.3	0.0	6.7	.Autoclave.Outputs.PRESSIP\OutputValue	-1.7	1.4	1.8	-1.0	0.0	-1.0	-1.0	-1.0	0.0	0.0	0.0	-1.0	-1.0	0.0	0.0	0.0	-1.0	0.0
23:06:28	151.0	352.9	353.9	352.6	353.7	352.0	2.2	44.0	0.0	2.2	2.2	353.9	352.6	0.1	-0.1	353.3	353.2	355.8	355.8	355.0	361.0	102.4	151.0	37.1	52.9	356.1	355.0	44.0	54.0	3.7	48.1	0.0	8.1	.Autoclave.Outputs.PRESSIP\OutputValue	-1.7	1.3	1.9	-1.0	0.0	-1.0	-1.0	-1.0	0.0	0.0	0.0	-1.0	-1.0	0.0	0.0	0.0	-1.0	0.0
23:07:28	152.0	353.0	354.0	352.8	353.8	352.0	2.1	44.0	0.0	2.1	2.1	354.0	352.8	0.3	0.0	353.4	353.4	355.7	355.8	355.0	361.0	102.5	152.0	38.1	51.9	356.1	355.0	44.0	54.1	3.7	47.8	0.0	8.1	.Autoclave.Outputs.PRESSIP\OutputValue	-1.8	1.2	1.7	-1.0	0.0	-1.0	-1.0	-1.0	0.0	0.0	0.0	-1.0	-1.0	0.0	0.0	0.0	-1.0	0.0
23:08:28	153.0	353.0	354.0	352.7	353.8	352.2	2.1	44.0	0.0	2.1	2.1	354.0	352.7	0.2	0.1	353.4	353.3	355.8	355.8	355.2	360.7	102.5	153.0	39.1	50.9	356.0	355.0	44.0	53.4	3.8	48.0	0.0	6.8	.Autoclave.Outputs.PRESSIP\OutputValue	-1.8	1.3	1.8	-1.0	0.0	-1.0	-1.0	-1.0	0.0	0.0	0.0	-1.0	-1.0	0.0	0.0	0.0	-1.0	0.0
23:09:28	154.0	353.1	353.9	352.9	353.8	352.1	2.1	44.0	0.0	2.1	2.1	353.9	352.9	0.1	-0.1	353.4	353.4	355.8	355.8	355.0	360.8	102.5	154.0	40.1	49.9	355.9	355.0	44.0	52.8	3.8	47.7	0.0	5.5	.Autoclave.Outputs.PRESSIP\OutputValue	-1.9	1.0	1.9	-1.0	0.0	-1.0	-1.0	-1.0	0.0	0.0	0.0	-1.0	-1.0	0.0	0.0	0.0	-1.0	0.0
23:10:28	155.0	353.1	354.0	353.1	353.9	352.7	2.1	44.0	0.0	2.1	2.1	354.0	353.1	0.1	0.0	353.5	353.5	355.7	355.7	355.0	360.7	102.5	155.0	41.1	48.9	356.0	355.0	44.0	54.1	3.8	47.7	0.0	8.3	.Autoclave.Outputs.PRESSIP\OutputValue	-1.9	0.9	1.7	-1.0	0.0	-1.0	-1.0	-1.0	0.0	0.0	0.0	-1.0	-1.0	0.0	0.0	0.0	-1.0	0.0
23:11:28	156.0	353.1	354.0	353.2	354.2	352.5	2.1	44.0	0.0	2.1	2.1	354.2	353.1	0.2	0.0	353.6	353.6	355.7	355.7	354.9	360.9	102.5	156.0	42.1	47.9	355.9	355.0	44.0	53.3	3.8	47.8	0.0	6.6	.Autoclave.Outputs.PRESSIP\OutputValue	-2.0	1.1	1.5	-1.0	0.0	-1.0	-1.0	-1.0	0.0	0.0	0.0	-1.0	-1.0	0.0	0.0	0.0	-1.0	0.0
23:12:28	157.0	353.2	354.1	353.2	354.0	352.6	2.1	44.0	0.0	2.1	2.1	354.1	353.2	0.2	0.0	353.6	353.6	355.7	355.7	354.8	360.7	102.5	157.0	43.1	46.9	355.9	355.0	44.0	53.3	3.9	47.8	0.0	6.7	.Autoclave.Outputs.PRESSIP\OutputValue	-2.0	0.9	1.6	-1.0	0.0	-1.0	-1.0	-1.0	0.0	0.0	0.0	-1.0	-1.0	0.0	0.0	0.0	-1.0	0.0
23:13:28	158.0	353.1	354.1	353.3	354.1	352.5	2.1	44.0	0.0	2.1	2.1	354.1	353.1	0.2	-0.2	353.6	353.6	355.6	355.6	354.9	360.6	102.4	158.0	44.1	45.9	355.9	355.0	44.0	54.0	3.9	47.9	0.0	8.1	.Autoclave.Outputs.PRESSIP\OutputValue	-2.0	1.0	1.5	-1.0	0.0	-1.0	-1.0	-1.0	0.0	0.0	0.0	-1.0	-1.0	0.0	0.0	0.0	-1.0	0.0
23:14:28	159.0	353.1	354.0	353.4	354.1	352.6	2.1	44.0	0.0	2.1	2.1	354.1	353.1	0.0	0.0	353.6	353.6	355.7	355.7	354.9	360.7	102.5	159.0	45.1	44.9	355.9	355.0	44.0	53.4	3.9	47.9	0.0	6.8	.Autoclave.Outputs.PRESSIP\OutputValue	-2.1	1.0	1.6	-1.0	0.0	-1.0	-1.0	-1.0	0.0	0.0	0.0	-1.0	-1.0	0.0	0.0	0.0	-1.0	0.0
23:15:28	160.0	353.1	353.9	353.4	354.2	352.7	2.1	44.0	0.0	2.1	2.1	354.2	353.1	0.3	0.0	353.6	353.6	355.7	355.7	354.8	360.5	102.5	160.0	46.1	43.9	355.8	355.0	44.0	52.7	3.9	47.5	0.0	5.5	.Autoclave.Outputs.PRESSIP\OutputValue	-2.1	1.1	1.5	-1.0	0.0	-1.0	-1.0	-1.0	0.0	0.0	0.0	-1.0	-1.0	0.0	0.0	0.0	-1.0	0.0
23:16:28	161.0	353.1	353.9	353.5	354.1	352.8	2.1	44.0	0.0	2.1	2.1	354.1	353.1	0.1	-0.3	353.6	353.6	355.6	355.6	354.8	360.7	102.4	161.0	47.1	42.9	355.9	355.0	44.0	54.1	3.9	47.5	0.0	8.2	.Autoclave.Outputs.PRESSIP\OutputValue	-2.1	1.0	1.5	-1.0	0.0	-1.0	-1.0	-1.0	0.0	0.0	0.0	-1.0	-1.0	0.0	0.0	0.0	-1.0	0.0
23:17:28	162.0	353.2	354.0	353.5	354.2	352.8	2.0	44.0	0.0	2.0	2.0	354.2	353.2	0.1	-0.1	353.7	353.7	355.7	355.7	355.0	360.9	102.5	162.0	48.1	41.9	355.8	355.0	44.0	53.5	4.0	47.2	0.0	6.9	.Autoclave.Outputs.PRESSIP\OutputValue	-2.2	1.0	1.5	-1.0	0.0	-1.0	-1.0	-1.0	0.0	0.0	0.0	-1.0	-1.0	0.0	0.0	0.0	-1.0	0.0
23:18:28	163.0	353.2	354.0	353.6	354.2	352.9	2.1	44.0	0.0	2.1	2.1	354.2	353.2	0.1	0.0	353.7	353.7	355.6	355.5	354.8	360.7	102.3	163.0	49.1	40.9	355.8	355.0	44.0	53.5	4.0	47.6	0.0	7.0	.Autoclave.Outputs.PRESSIP\OutputValue	-2.2	1.0	1.4	-1.0	0.0	-1.0	-1.0	-1.0	0.0	0.0	0.0	-1.0	-1.0	0.0	0.0	0.0	-1.0	0.0
23:19:28	164.0	353.1	353.8	353.7	354.2	352.9	2.0	44.0	0.0	2.0	2.0	354.2	353.1	0.0	0.0	353.7	353.6	355.6	355.6	354.8	360.6	102.4	164.0	50.1	39.9	355.8	355.0	44.0	53.5	4.0	47.7	0.0	7.0	.Autoclave.Outputs.PRESSIP\OutputValue	-2.2	1.1	1.4	-1.0	0.0	-1.0	-1.0	-1.0	0.0	0.0	0.0	-1.0	-1.0	0.0	0.0	0.0	-1.0	0.0
23:20:28	165.0	353.1	354.0	353.7	354.3	353.0	2.0	44.0	0.0	2.0	2.0	354.3	353.1	0.1	-0.1	353.8	353.7	355.5	355.5	354.8	360.5	102.3	165.0	51.1	38.9	355.7	355.0	44.0	53.5	4.0	47.6	0.0	7.0	.Autoclave.Outputs.PRESSIP\OutputValue	-2.2	1.2	1.2	-1.0	0.0	-1.0	-1.0	-1.0	0.0	0.0	0.0	-1.0	-1.0	0.0	0.0	0.0	-1.0	0.0
23:21:28	166.0	353.1	353.9	353.8	354.3	353.3	2.0	44.0	0.0	2.0	2.0	354.3	353.1	0.1	-0.1	353.8	353.7	355.5	355.6	354.8	360.3	102.4	166.0	52.1	37.9	355.7	355.0	44.0	52.9	4.0	47.5	0.0	5.8	.Autoclave.Outputs.PRESSIP\OutputValue	-2.3	1.2	1.2	-1.0	0.0	-1.0	-1.0	-1.0	0.0	0.0	0.0	-1.0	-1.0	0.0	0.0	0.0	-1.0	0.0
23:22:28	167.0	353.1	354.0	353.8	354.3	353.1	2.0	44.0	0.0	2.0	2.0	354.3	353.1	0.2	0.0	353.8	353.7	355.4	355.4	354.7	360.4	102.4	167.0	53.1	36.9	355.7	355.0	44.0	54.2	4.1	47.5	0.0	8.5	.Autoclave.Outputs.PRESSIP\OutputValue	-2.3	1.2	1.1	-1.0	0.0	-1.0	-1.0	-1.0	0.0	0.0	0.0	-1.0	-1.0	0.0	0.0	0.0	-1.0	0.0
23:23:28	168.0	353.1	353.9	353.9	354.3	353.2	2.0	44.0	0.0	2.0	2.0	354.3	353.1	0.0	-0.2	353.8	353.7	355.6	355.6	354.8	360.3	102.3	168.0	54.1	35.9	355.6	355.0	44.0	52.3	4.1	47.8	0.0	4.5	.Autoclave.Outputs.PRESSIP\OutputValue	-2.3	1.2	1.3	-1.0	0.0	-1.0	-1.0	-1.0	0.0	0.0	0.0	-1.0	-1.0	0.0	0.0	0.0	-1.0	0.0
23:24:28	169.0	352.9	353.7	353.9	354.3	353.1	2.0	44.0	0.0	2.0	2.0	354.3	352.9	0.1	-0.1	353.7	353.6	355.6	355.5	354.8	360.6	102.3	169.0	55.1	34.9	355.7	355.0	44.0	52.9	4.1	47.4	0.0	5.9	.Autoclave.Outputs.PRESSIP\OutputValue	-2.4	1.4	1.3	-1.0	0.0	-1.0	-1.0	-1.0	0.0	0.0	0.0	-1.0	-1.0	0.0	0.0	0.0	-1.0	0.0
23:25:29	170.1	352.9	353.7	353.8	354.3	353.2	2.0	44.0	0.0	2.0	2.0	354.3	352.9	0.0	-0.1	353.7	353.6	355.6	355.5	354.8	360.7	102.5	170.0	56.1	33.9	355.7	355.0	44.0	53.0	4.1	47.0	0.0	5.9	.Autoclave.Outputs.PRESSIP\OutputValue	-2.4	1.4	1.3	-1.0	0.0	-1.0	-1.0	-1.0	0.0	0.0	0.0	-1.0	-1.0	0.0	0.0	0.0	-1.0	0.0
23:26:28	171.0	353.0	353.7	353.9	354.1	353.2	2.0	44.0	0.0	2.0	2.0	354.1	353.0	0.0	-0.1	353.7	353.5	355.5	355.5	354.8	360.7	102.3	171.0	57.1	32.9	355.7	355.0	44.0	53.6	4.2	47.2	0.0	7.3	.Autoclave.Outputs.PRESSIP\OutputValue	-2.5	1.1	1.4	-1.0	0.0	-1.0	-1.0	-1.0	0.0	0.0	0.0	-1.0	-1.0	0.0	0.0	0.0	-1.0	0.0
23:27:28	172.0	353.0	353.8	353.2	354.5	353.3	2.0	44.0	0.0	2.0	2.0	354.5	353.0	0.2	-1.0	353.6	353.7	355.4	355.4	354.7	360.9	102.3	172.0	58.1	31.9	355.7	355.0	44.0	54.3	4.2	47.1	0.0	8.7	.Autoclave.Outputs.PRESSIP\OutputValue	-2.5	1.5	0.9	-1.0	0.0	-1.0	-1.0	-1.0	0.0	0.0	0.0	-1.0	-1.0	0.0	0.0	0.0	-1.0	0.0
23:28:28	173.0	353.0	353.8	353.3	354.3	353.1	2.0	44.0	0.0	2.0	2.0	354.3	353.0	0.3	-0.1	353.6	353.6	355.7	355.7	354.9	360.8	102.2	173.0	59.1	30.9	355.7	355.0	44.0	53.0	4.2	47.1	0.0	6.0	.Autoclave.Outputs.PRESSIP\OutputValue	-2.6	1.3	1.4	-1.0	0.0	-1.0	-1.0	-1.0	0.0	0.0	0.0	-1.0	-1.0	0.0	0.0	0.0	-1.0	0.0
23:29:28	174.0	353.0	353.7	353.4	354.4	353.4	2.0	44.0	0.0	2.0	2.0	354.4	353.0	0.1	-0.2	353.6	353.7	355.6	355.5	354.7	360.1	102.2	174.0	60.1	29.9	355.9	355.0	44.0	53.7	4.2	47.4	0.0	7.4	.Autoclave.Outputs.PRESSIP\OutputValue	-2.6	1.4	1.2	-1.0	0.0	-1.0	-1.0	-1.0	0.0	0.0	0.0	-1.0	-1.0	0.0	0.0	0.0	-1.0	0.0
23:30:28	175.0	353.0	353.9	354.2	354.4	353.6	2.0	44.0	0.0	2.0	2.0	354.4	353.0	1.2	0.0	353.9	353.7	355.4	355.5	354.7	360.6	102.2	175.0	61.1	28.9	355.6	355.0	44.0	53.7	4.2	47.2	0.0	7.4	.Autoclave.Outputs.PRESSIP\OutputValue	-2.6	1.4	1.0	-1.0	0.0	-1.0	-1.0	-1.0	0.0	0.0	0.0	-1.0	-1.0	0.0	0.0	0.0	-1.0	0.0
23:31:28	176.0	353.1	353.8	353.2	354.4	353.5	1.9	44.0	0.0	1.9	1.9	354.4	353.1	0.1	-1.1	353.6	353.7	355.5	355.5	354.7	360.8	102.2	176.0	62.1	27.9	356.1	355.0	44.0	56.6	4.2	47.1	0.0	13.1	.Autoclave.Outputs.PRESSIP\OutputValue	-2.7	1.3	1.1	-1.0	0.0	-1.0	-1.0	-1.0	0.0	0.0	0.0	-1.0	-1.0	0.0	0.0	0.0	-1.0	0.0
23:32:28	177.0	353.0	353.9	353.4	354.5	353.4	1.9	44.0	0.0	1.9	1.9	354.5	353.0	0.3	-0.1	353.7	353.7	355.4	355.4	354.7	360.5	102.2	177.0	63.1	26.9	355.5	355.0	44.0	53.1	4.3	47.1	0.0	6.2	.Autoclave.Outputs.PRESSIP\OutputValue	-2.7	1.5	0.9	-1.0	0.0	-1.0	-1.0	-1.0	0.0	0.0	0.0	-1.0	-1.0	0.0	0.0	0.0	-1.0	0.0
23:33:28	178.0	353.2	353.8	354.3	354.3	353.5	1.9	44.0	0.0	1.9	1.9	354.3	353.2	0.8	0.0	353.9	353.7	355.5	355.5	354.8	360.6	102.1	178.0	64.1	25.9	355.6	355.0	44.0	53.8	4.3	47.1	0.0	7.5	.Autoclave.Outputs.PRESSIP\OutputValue	-2.7	1.1	1.2	-1.0	0.0	-1.0	-1.0	-1.0	0.0	0.0	0.0	-1.0	-1.0	0.0	0.0	0.0	-1.0	0.0
23:34:28	179.0	353.2	354.0	354.3	354.5	353.4	1.9	44.0	0.0	1.9	1.9	354.5	353.2	0.2	0.0	354.0	353.8	355.4	355.4	354.7	360.7	102.2	179.0	65.1	24.9	355.6	355.0	44.0	53.1	4.3	47.0	0.0	6.2	.Autoclave.Outputs.PRESSIP\OutputValue	-2.8	1.3	0.9	-1.0	0.0	-1.0	-1.0	-1.0	0.0	0.0	0.0	-1.0	-1.0	0.0	0.0	0.0	-1.0	0.0
23:35:28	180.0	353.2	353.9	354.2	354.4	353.3	1.9	44.0	0.0	1.9	1.9	354.4	353.2	0.1	-0.1	353.9	353.8	355.4	355.4	354.7	360.5	102.2	180.0	66.1	23.9	355.7	355.0	44.0	53.7	4.3	47.0	0.0	7.4	.Autoclave.Outputs.PRESSIP\OutputValue	-2.8	1.2	1.0	-1.0	0.0	-1.0	-1.0	-1.0	0.0	0.0	0.0	-1.0	-1.0	0.0	0.0	0.0	-1.0	0.0
23:36:28	181.0	353.3	354.0	354.2	354.4	353.6	1.9	44.0	0.0	1.9	1.9	354.4	353.3	0.0	0.0	354.0	353.8	355.5	355.5	354.8	360.5	102.2	181.0	67.1	22.9	355.5	355.0	44.0	52.5	4.3	46.9	0.0	5.0	.Autoclave.Outputs.PRESSIP\OutputValue	-2.9	1.1	1.1	-1.0	0.0	-1.0	-1.0	-1.0	0.0	0.0	0.0	-1.0	-1.0	0.0	0.0	0.0	-1.0	0.0
23:37:28	182.0	353.2	354.0	354.3	354.4	353.6	1.9	44.0	0.0	1.9	1.9	354.4	353.2	0.1	0.0	354.0	353.8	355.6	355.6	354.7	360.6	102.1	182.0	68.1	21.9	355.6	355.0	44.0	53.2	4.3	46.9	0.0	6.3	.Autoclave.Outputs.PRESSIP\OutputValue	-2.9	1.2	1.2	-1.0	0.0	-1.0	-1.0	-1.0	0.0	0.0	0.0	-1.0	-1.0	0.0	0.0	0.0	-1.0	0.0
23:38:28	183.0	353.2	354.0	354.2	354.4	353.5	1.9	44.0	0.0	1.9	1.9	354.4	353.2	0.2	-0.2	353.9	353.8	355.6	355.6	354.8	360.3	102.1	183.0	69.1	20.9	355.6	355.0	44.0	51.9	4.4	46.6	0.0	3.7	.Autoclave.Outputs.PRESSIP\OutputValue	-3.0	1.2	1.2	-1.0	0.0	-1.0	-1.0	-1.0	0.0	0.0	0.0	-1.0	-1.0	0.0	0.0	0.0	-1.0	0.0
23:39:28	184.0	353.1	353.9	354.4	354.4	353.4	1.9	44.0	0.0	1.9	1.9	354.4	353.1	0.0	-0.2	353.9	353.7	355.5	355.5	354.7	360.5	102.0	184.0	70.1	19.9	355.6	355.0	44.0	53.2	4.4	46.6	0.0	6.4	.Autoclave.Outputs.PRESSIP\OutputValue	-3.0	1.3	1.1	-1.0	0.0	-1.0	-1.0	-1.0	0.0	0.0	0.0	-1.0	-1.0	0.0	0.0	0.0	-1.0	0.0
23:40:28	185.0	353.3	353.9	354.3	354.5	353.5	1.9	44.0	0.0	1.9	1.9	354.5	353.3	0.2	0.0	354.0	353.9	355.5	355.5	354.7	360.8	101.9	185.0	71.1	18.9	355.4	355.0	44.0	51.9	4.4	46.7	0.0	3.8	.Autoclave.Outputs.PRESSIP\OutputValue	-3.1	1.2	1.0	-1.0	0.0	-1.0	-1.0	-1.0	0.0	0.0	0.0	-1.0	-1.0	0.0	0.0	0.0	-1.0	0.0
23:41:28	186.0	353.2	353.8	354.3	354.4	353.6	1.9	44.0	0.0	1.9	1.9	354.4	353.2	0.2	-0.2	353.9	353.8	355.3	355.3	354.7	360.5	102.1	186.0	72.1	17.9	355.6	355.0	44.0	53.9	4.4	46.5	0.0	7.8	.Autoclave.Outputs.PRESSIP\OutputValue	-3.1	1.2	0.9	-1.0	0.0	-1.0	-1.0	-1.0	0.0	0.0	0.0	-1.0	-1.0	0.0	0.0	0.0	-1.0	0.0
23:42:28	187.0	353.2	353.9	354.5	354.6	353.7	1.9	44.0	0.0	1.9	1.9	354.6	353.2	0.2	-0.1	354.0	353.9	355.4	355.4	354.7	360.1	102.1	187.0	73.1	16.9	355.5	355.0	44.0	52.6	4.4	46.8	0.0	5.2	.Autoclave.Outputs.PRESSIP\OutputValue	-3.2	1.4	0.8	-1.0	0.0	-1.0	-1.0	-1.0	0.0	0.0	0.0	-1.0	-1.0	0.0	0.0	0.0	-1.0	0.0
23:43:28	188.0	353.2	353.9	354.5	354.5	353.7	1.9	44.0	0.0	1.9	1.9	354.5	353.2	0.0	0.0	354.0	353.8	355.3	355.3	354.7	360.5	102.1	188.0	74.1	15.9	355.5	355.0	44.0	53.9	4.4	46.4	0.0	7.9	.Autoclave.Outputs.PRESSIP\OutputValue	-3.2	1.3	0.8	-1.0	0.0	-1.0	-1.0	-1.0	0.0	0.0	0.0	-1.0	-1.0	0.0	0.0	0.0	-1.0	0.0
23:44:28	189.0	353.2	353.8	353.9	352.5	353.9	1.9	44.0	0.0	1.9	1.9	353.9	352.5	0.1	-0.6	353.3	353.2	355.5	355.5	354.8	360.2	102.1	189.0	75.1	14.9	355.4	355.0	44.0	51.9	4.4	46.7	0.0	3.9	.Autoclave.Outputs.PRESSIP\OutputValue	-3.3	1.4	1.6	-1.0	0.0	-1.0	-1.0	-1.0	0.0	0.0	0.0	-1.0	-1.0	0.0	0.0	0.0	-1.0	0.0
23:45:28	190.0	353.4	353.8	354.4	353.9	353.9	1.8	44.0	0.0	1.8	1.8	354.4	353.4	0.2	-2.3	353.9	353.9	355.4	355.5	354.7	361.3	102.1	190.0	76.1	13.9	355.4	355.0	44.0	52.6	4.5	46.1	0.0	5.3	.Autoclave.Outputs.PRESSIP\OutputValue	-3.3	1.0	1.0	-1.0	0.0	-1.0	-1.0	-1.0	0.0	0.0	0.0	-1.0	-1.0	0.0	0.0	0.0	-1.0	0.0
23:46:28	191.0	353.2	353.9	353.5	354.7	354.0	1.8	44.0	0.0	1.8	1.8	354.7	353.2	2.3	-0.6	353.8	353.9	355.3	355.3	354.6	360.5	102.1	191.0	77.1	12.9	355.4	355.0	44.0	52.6	4.5	46.5	0.0	5.3	.Autoclave.Outputs.PRESSIP\OutputValue	-3.3	1.5	0.6	-1.0	0.0	-1.0	-1.0	-1.0	0.0	0.0	0.0	-1.0	-1.0	0.0	0.0	0.0	-1.0	0.0
23:47:28	192.0	353.3	353.9	353.6	354.6	353.9	1.9	44.1	0.0	1.9	1.9	354.6	353.3	0.3	-0.3	353.8	353.9	355.2	355.3	354.5	360.7	102.1	192.0	78.1	11.9	355.4	355.0	44.0	54.0	4.5	46.5	0.0	8.0	.Autoclave.Outputs.PRESSIP\OutputValue	-3.4	1.3	0.6	-1.0	0.0	-1.0	-1.0	-1.0	0.0	0.0	0.0	-1.0	-1.0	0.0	0.0	0.0	-1.0	0.0
23:48:28	193.0	353.3	353.8	353.6	354.6	353.8	1.8	44.0	0.0	1.8	1.8	354.6	353.3	0.0	-0.3	353.8	353.9	355.2	355.2	354.5	360.5	102.0	193.0	79.1	10.9	355.4	355.0	44.0	54.0	4.5	46.2	0.0	8.0	.Autoclave.Outputs.PRESSIP\OutputValue	-3.4	1.3	0.6	-1.0	0.0	-1.0	-1.0	-1.0	0.0	0.0	0.0	-1.0	-1.0	0.0	0.0	0.0	-1.0	0.0
23:49:28	194.0	353.2	353.8	354.2	354.5	353.8	1.8	44.0	0.0	1.8	1.8	354.5	353.2	0.6	0.0	353.9	353.8	355.4	355.4	354.6	360.3	102.1	194.0	80.1	9.9	355.4	355.0	44.0	51.3	4.5	46.4	0.0	2.7	.Autoclave.Outputs.PRESSIP\OutputValue	-3.4	1.3	0.9	-1.0	0.0	-1.0	-1.0	-1.0	0.0	0.0	0.0	-1.0	-1.0	0.0	0.0	0.0	-1.0	0.0
23:50:28	195.0	353.1	353.8	354.6	354.6	353.8	1.8	44.0	0.0	1.8	1.8	354.6	353.1	0.3	-0.2	354.0	353.8	355.2	355.2	354.5	360.3	102.1	195.0	81.1	8.9	355.5	355.0	44.0	53.9	4.5	46.4	0.0	7.9	.Autoclave.Outputs.PRESSIP\OutputValue	-3.4	1.5	0.6	-1.0	0.0	-1.0	-1.0	-1.0	0.0	0.0	0.0	-1.0	-1.0	0.0	0.0	0.0	-1.0	0.0
23:51:28	196.0	353.1	353.8	354.5	354.5	353.9	1.8	44.0	0.0	1.8	1.8	354.5	353.1	0.5	-0.1	354.0	353.8	355.4	355.4	354.6	360.2	102.1	196.0	82.1	7.9	355.4	355.0	44.0	53.3	4.5	46.1	0.0	6.6	.Autoclave.Outputs.PRESSIP\OutputValue	-3.5	1.4	0.9	-1.0	0.0	-1.0	-1.0	-1.0	0.0	0.0	0.0	-1.0	-1.0	0.0	0.0	0.0	-1.0	0.0
23:52:28	197.0	353.1	353.6	354.7	354.6	353.8	1.8	44.0	0.0	1.8	1.8	354.7	353.1	0.1	0.0	354.0	353.9	355.3	355.4	354.5	360.5	102.1	197.0	83.1	6.9	355.4	355.0	44.0	53.3	4.6	46.3	0.0	6.6	.Autoclave.Outputs.PRESSIP\OutputValue	-3.5	1.6	0.6	-1.0	0.0	-1.0	-1.0	-1.0	0.0	0.0	0.0	-1.0	-1.0	0.0	0.0	0.0	-1.0	0.0
23:53:28	198.0	353.0	353.7	354.6	354.6	353.9	1.8	44.0	0.0	1.8	1.8	354.6	353.0	0.1	-0.1	354.0	353.8	355.2	355.2	354.5	360.1	102.1	198.0	84.1	5.9	355.3	355.0	44.0	52.1	4.6	46.4	0.0	4.1	.Autoclave.Outputs.PRESSIP\OutputValue	-3.5	1.6	0.6	-1.0	0.0	-1.0	-1.0	-1.0	0.0	0.0	0.0	-1.0	-1.0	0.0	0.0	0.0	-1.0	0.0
23:54:28	199.0	353.0	353.8	354.6	354.7	354.1	1.8	44.0	0.0	1.8	1.8	354.7	353.0	0.1	-0.1	354.0	353.8	355.2	355.2	354.5	359.9	102.0	199.0	85.1	4.9	355.3	355.0	44.0	53.3	4.6	46.4	0.0	6.6	.Autoclave.Outputs.PRESSIP\OutputValue	-3.6	1.7	0.5	-1.0	0.0	-1.0	-1.0	-1.0	0.0	0.0	0.0	-1.0	-1.0	0.0	0.0	0.0	-1.0	0.0
23:55:28	200.0	353.1	353.7	354.7	354.8	354.2	1.8	44.0	0.0	1.8	1.8	354.8	353.1	0.1	0.0	354.1	353.9	355.2	355.2	354.3	360.1	102.0	200.0	86.1	3.9	355.3	355.0	44.0	52.7	4.6	46.2	0.0	5.3	.Autoclave.Outputs.PRESSIP\OutputValue	-3.6	1.7	0.4	-1.0	0.0	-1.0	-1.0	-1.0	0.0	0.0	0.0	-1.0	-1.0	0.0	0.0	0.0	-1.0	0.0
23:56:28	201.0	353.2	353.9	354.7	354.7	354.0	1.8	44.0	0.0	1.8	1.8	354.7	353.2	0.0	-0.1	354.1	353.9	355.1	355.2	354.4	360.0	102.1	201.0	87.1	2.9	355.2	355.0	44.0	54.0	4.6	46.0	0.0	8.0	.Autoclave.Outputs.PRESSIP\OutputValue	-3.6	1.5	0.4	-1.0	0.0	-1.0	-1.0	-1.0	0.0	0.0	0.0	-1.0	-1.0	0.0	0.0	0.0	-1.0	0.0
23:57:28	202.0	353.1	353.8	354.7	354.7	353.9	1.8	44.0	0.0	1.8	1.8	354.7	353.1	0.1	-0.1	354.1	353.9	355.2	355.2	354.3	360.1	102.0	202.0	88.1	1.9	355.2	355.0	44.0	52.7	4.6	46.0	0.0	5.4	.Autoclave.Outputs.PRESSIP\OutputValue	-3.6	1.6	0.5	-1.0	0.0	-1.0	-1.0	-1.0	0.0	0.0	0.0	-1.0	-1.0	0.0	0.0	0.0	-1.0	0.0
23:58:28	203.0	353.2	353.9	354.6	354.6	354.0	1.8	44.0	0.0	1.8	1.8	354.6	353.2	0.1	-0.1	354.1	353.9	355.2	355.2	354.4	360.1	102.1	203.0	89.1	0.9	355.2	355.0	44.0	51.4	4.6	46.1	0.0	2.7	.Autoclave.Outputs.PRESSIP\OutputValue	-3.7	1.4	0.6	-1.0	0.0	-1.0	-1.0	-1.0	0.0	0.0	0.0	-1.0	-1.0	0.0	0.0	0.0	-1.0	0.0
23:59:22	203.9	353.2	353.8	354.7	354.6	353.8	1.8	44.0	0.0	1.8	1.8	354.7	353.2	0.0	-0.2	354.1	353.9	355.2	355.2	354.4	360.0	102.2	203.9	90.0	0.0	355.2	355.0	44.0	52.7	4.6	46.3	0.0	5.4	.Autoclave.Outputs.PRESSIP\OutputValue	-3.7	1.5	0.5	-1.0	0.0	-1.0	-1.0	-1.0	0.0	0.0	0.0	-1.0	-1.0	0.0	0.0	0.0	-1.0	0.0
23:59:28	204.0	353.1	353.8	354.7	354.5	354.0	1.8	44.0	0.0	1.8	1.8	354.7	353.1	0.1	-0.1	354.0	353.9	355.1	355.2	354.5	360.0	102.2	204.0	0.1	0.0	354.6	354.6	44.0	49.6	4.6	46.5	0.0	0.0	.Autoclave.Outputs.PRESSIP\OutputValue	-3.7	1.6	0.4	-1.0	0.0	-1.0	-1.0	-1.0	0.0	0.0	0.0	-1.0	-1.0	0.0	0.0	0.0	-1.0	0.0
00:00:28	205.0	349.5	350.8	353.5	353.3	352.9	1.8	44.4	0.0	1.8	1.8	353.5	349.5	-1.2	-3.7	351.8	351.5	343.8	343.9	343.0	347.1	102.5	205.0	1.1	0.0	350.0	350.0	44.0	94.8	4.9	42.6	0.0	89.5	.Autoclave.Outputs.PRESSIP\OutputValue	-3.5	4.0	-9.7	-1.0	0.0	-1.0	-1.0	-1.0	0.0	0.0	0.0	-1.0	-1.0	0.0	0.0	0.0	-1.0	0.0
00:01:28	206.0	348.9	349.5	352.9	352.2	352.2	1.7	44.4	0.0	1.7	1.7	352.9	348.9	-0.9	-2.1	350.9	350.9	346.3	346.3	345.6	349.1	102.3	206.0	2.1	0.0	345.5	345.5	44.0	48.3	5.1	41.2	0.0	0.0	.Autoclave.Outputs.PRESSIP\OutputValue	-4.5	4.0	-6.6	-1.0	0.0	-1.0	-1.0	-1.0	0.0	0.0	0.0	-1.0	-1.0	0.0	0.0	0.0	-1.0	0.0
00:02:28	207.0	344.6	345.7	351.4	350.5	350.8	1.7	44.0	0.0	1.7	1.7	351.4	344.6	-1.2	-4.0	348.0	348.0	335.7	335.7	334.9	338.4	102.2	207.0	3.1	0.0	341.0	341.0	44.0	89.3	5.4	46.8	0.0	78.6	.Autoclave.Outputs.PRESSIP\OutputValue	-4.1	6.8	-15.7	-1.0	0.0	-1.0	-1.0	-1.0	0.0	0.0	0.0	-1.0	-1.0	0.0	0.0	0.0	-1.0	0.0
00:03:28	208.0	343.3	343.9	350.2	349.0	349.8	1.7	43.9	0.0	1.7	1.7	350.2	343.3	-1.3	-2.2	346.6	346.7	337.7	337.7	337.0	339.8	102.1	208.0	4.1	0.0	336.5	336.5	44.0	46.1	5.5	47.2	-1.0	0.0	.Autoclave.Outputs.PRESSIP\OutputValue	-4.1	6.9	-12.5	-1.0	0.0	-1.0	-1.0	-1.0	0.0	0.0	0.0	-1.0	-1.0	0.0	0.0	0.0	-1.0	0.0
00:04:28	209.0	339.0	339.8	348.5	346.5	251.1	1.7	44.3	0.0	1.7	1.7	348.5	339.0	-1.7	-4.4	343.4	343.7	328.1	328.2	327.4	331.5	102.1	209.0	5.1	0.0	332.0	332.0	44.0	80.5	5.9	43.7	0.0	60.9	.Autoclave.Outputs.PRESSIP\OutputValue	-3.8	9.5	-20.5	-1.0	0.0	-1.0	-1.0	-1.0	0.0	0.0	0.0	-1.0	-1.0	0.0	0.0	0.0	-1.0	0.0
00:05:28	210.0	337.5	338.0	347.1	344.8	346.9	1.7	43.4	0.0	1.7	1.7	347.1	337.5	-1.5	-1.9	341.8	342.3	327.7	327.6	326.8	313.2	101.8	210.0	6.1	0.0	327.5	327.5	44.0	53.2	6.0	51.8	0.0	6.5	.Autoclave.Outputs.PRESSIP\OutputValue	-4.2	9.6	-19.5	-1.0	0.0	-1.0	-1.0	-1.0	0.0	0.0	0.0	-1.0	-1.0	0.0	0.0	0.0	-1.0	0.0
00:05:57	210.5	334.6	335.4	345.9	343.4	345.7	1.7	43.6	0.0	1.7	1.7	345.9	334.6	-1.8	-3.6	339.8	340.2	320.1	320.1	319.3	318.0	102.1	210.5	6.6	0.0	325.4	325.4	44.0	90.2	6.1	50.1	0.0	80.4	.Autoclave.Outputs.PRESSIP\OutputValue	-3.7	11.4	-26.0	-1.0	0.0	-1.0	-1.0	-1.0	0.0	0.0	0.0	-1.0	-1.0	0.0	0.0	0.0	-1.0	0.0
00:06:28	211.0	333.4	333.4	344.6	341.9	322.4	1.7	43.8	0.0	1.7	1.7	344.6	333.4	-2.5	-4.7	338.3	339.0	321.0	321.0	320.2	324.2	102.2	211.0	0.5	0.0	323.0	323.0	44.0	68.2	6.4	48.3	0.0	36.5	.Autoclave.Outputs.PRESSIP\OutputValue	-3.4	11.3	-23.7	-1.0	0.0	-1.0	-1.0	-1.0	0.0	0.0	0.0	-1.0	-1.0	0.0	0.0	0.0	-1.0	0.0
00:07:28	212.0	329.8	331.0	343.1	339.8	305.2	1.6	43.8	0.0	1.6	1.6	343.1	329.8	-1.4	-2.9	335.9	336.4	314.8	314.7	313.8	301.3	102.2	212.0	1.5	0.0	318.5	318.5	44.0	79.6	6.4	49.9	0.0	59.2	.Autoclave.Outputs.PRESSIP\OutputValue	-2.7	13.4	-28.4	-1.0	0.0	-1.0	-1.0	-1.0	0.0	0.0	0.0	-1.0	-1.0	0.0	0.0	0.0	-1.0	0.0
00:08:28	213.0	327.0	326.7	340.7	336.9	324.9	1.6	44.3	0.0	1.6	1.6	340.7	326.7	-2.5	-4.6	332.8	333.7	313.5	313.5	312.6	316.8	102.0	213.0	2.5	0.0	314.0	314.0	44.0	58.8	6.7	44.5	0.0	17.5	.Autoclave.Outputs.PRESSIP\OutputValue	-3.0	14.1	-27.3	-1.0	0.0	-1.0	-1.0	-1.0	0.0	0.0	0.0	-1.0	-1.0	0.0	0.0	0.0	-1.0	0.0
00:09:28	214.0	323.1	323.2	338.5	334.2	321.7	1.6	43.6	0.0	1.6	1.6	338.5	323.1	-2.2	-4.0	329.7	330.8	304.9	304.9	304.1	301.8	102.1	214.0	3.5	0.0	309.5	309.5	44.0	85.6	6.8	51.6	0.0	71.2	.Autoclave.Outputs.PRESSIP\OutputValue	-2.5	15.5	-33.6	-1.0	0.0	-1.0	-1.0	-1.0	0.0	0.0	0.0	-1.0	-1.0	0.0	0.0	0.0	-1.0	0.0
00:10:28	215.0	320.8	319.8	336.3	331.5	336.8	1.5	43.7	0.0	1.5	1.5	336.3	319.8	-2.2	-3.3	327.1	328.0	305.8	305.8	305.1	307.7	102.0	215.0	4.5	0.0	305.0	305.0	44.0	49.6	7.0	51.1	0.0	0.0	.Autoclave.Outputs.PRESSIP\OutputValue	-1.9	16.6	-30.5	-1.0	0.0	-1.0	-1.0	-1.0	0.0	0.0	0.0	-1.0	-1.0	0.0	0.0	0.0	-1.0	0.0
00:11:28	216.0	316.3	315.7	333.7	328.5	226.5	1.5	44.2	0.0	1.5	1.5	333.7	315.7	-2.4	-4.6	323.5	324.7	297.3	297.2	296.5	299.5	102.0	216.0	5.5	0.0	300.5	300.5	44.0	76.5	7.2	46.1	0.0	52.9	.Autoclave.Outputs.PRESSIP\OutputValue	-1.4	18.1	-36.4	-1.0	0.0	-1.0	-1.0	-1.0	0.0	0.0	0.0	-1.0	-1.0	0.0	0.0	0.0	-1.0	0.0
00:12:28	217.0	313.8	312.8	331.6	325.9	229.9	1.5	43.5	0.0	1.5	1.5	331.6	312.8	-2.3	-3.1	321.0	322.2	297.1	296.9	296.3	287.8	102.0	217.0	6.5	0.0	296.0	296.0	44.0	48.0	7.2	52.3	-1.0	0.0	.Autoclave.Outputs.PRESSIP\OutputValue	-1.7	18.9	-34.5	-1.0	0.0	-1.0	-1.0	-1.0	0.0	0.0	0.0	-1.0	-1.0	0.0	0.0	0.0	-1.0	0.0
00:13:28	218.0	309.6	308.3	329.0	322.7	172.1	1.4	43.7	0.0	1.4	1.4	329.0	308.3	-2.5	-4.5	317.4	318.6	290.7	290.7	289.9	291.5	102.1	218.0	7.5	0.0	291.5	291.5	44.0	60.2	7.5	52.2	0.0	20.4	.Autoclave.Outputs.PRESSIP\OutputValue	-0.8	20.8	-38.3	-1.0	0.0	-1.0	-1.0	-1.0	0.0	0.0	0.0	-1.0	-1.0	0.0	0.0	0.0	-1.0	0.0
00:14:28	219.0	306.8	305.4	326.6	319.9	98.8	1.4	43.6	0.0	1.4	1.4	326.6	305.4	-2.3	-2.9	314.7	316.0	285.1	284.9	284.2	270.9	102.1	219.0	8.5	0.0	287.0	287.0	44.0	68.3	7.5	54.0	0.0	36.6	.Autoclave.Outputs.PRESSIP\OutputValue	0.1	21.2	-41.5	-1.0	0.0	-1.0	-1.0	-1.0	0.0	0.0	0.0	-1.0	-1.0	0.0	0.0	0.0	-1.0	0.0
00:15:28	220.0	302.8	300.9	323.6	316.6	109.7	1.4	44.0	0.0	1.4	1.4	323.6	300.9	-3.1	-4.7	311.0	312.3	282.7	282.7	281.9	283.2	102.1	220.0	9.5	0.0	282.5	282.5	44.0	54.5	7.7	49.7	0.0	9.0	.Autoclave.Outputs.PRESSIP\OutputValue	0.1	22.7	-40.9	-1.0	0.0	-1.0	-1.0	-1.0	0.0	0.0	0.0	-1.0	-1.0	0.0	0.0	0.0	-1.0	0.0
00:16:28	221.0	298.2	296.8	320.4	313.6	111.2	1.3	43.5	0.0	1.3	1.3	320.4	296.8	-2.9	-4.5	307.3	308.6	274.3	274.3	273.7	272.5	102.1	221.0	10.5	0.0	278.0	278.0	44.0	79.1	7.7	55.5	0.0	58.2	.Autoclave.Outputs.PRESSIP\OutputValue	0.8	23.6	-46.1	-1.0	0.0	-1.0	-1.0	-1.0	0.0	0.0	0.0	-1.0	-1.0	0.0	0.0	0.0	-1.0	0.0
00:17:28	222.0	295.4	293.4	318.3	310.3	25.6	1.3	43.1	0.0	1.3	1.3	318.3	293.4	-2.4	-3.6	304.4	305.9	274.6	274.6	273.8	267.8	101.9	222.0	11.5	0.0	273.5	273.5	44.0	49.3	7.8	60.7	-1.0	0.0	.Autoclave.Outputs.PRESSIP\OutputValue	1.7	24.9	-43.7	-1.0	0.0	-1.0	-1.0	-1.0	0.0	0.0	0.0	-1.0	-1.0	0.0	0.0	0.0	-1.0	0.0
00:18:28	223.0	291.4	289.1	315.4	307.0	0.0	1.2	44.1	0.0	1.2	1.2	315.4	289.1	-2.9	-4.5	300.8	302.3	268.9	268.9	268.1	270.2	102.0	223.0	12.5	0.0	269.0	269.0	44.0	56.8	8.0	51.4	0.0	13.7	.Autoclave.Outputs.PRESSIP\OutputValue	2.0	26.3	-46.5	-1.0	0.0	-1.0	-1.0	-1.0	0.0	0.0	0.0	-1.0	-1.0	0.0	0.0	0.0	-1.0	0.0
00:19:28	224.0	286.9	285.1	311.7	303.4	0.0	1.2	43.5	0.0	1.2	1.2	311.7	285.1	-3.3	-4.6	296.8	298.4	261.6	261.5	260.8	259.3	101.8	224.0	13.5	0.0	264.5	264.5	44.0	75.5	8.0	58.1	0.0	51.0	.Autoclave.Outputs.PRESSIP\OutputValue	2.8	26.6	-50.1	-1.0	0.0	-1.0	-1.0	-1.0	0.0	0.0	0.0	-1.0	-1.0	0.0	0.0	0.0	-1.0	0.0
00:20:28	225.0	284.2	281.6	309.4	300.1	0.0	1.2	43.5	0.0	1.2	1.2	309.4	281.6	-2.8	-3.6	293.8	295.5	260.2	260.2	259.6	248.3	101.7	225.0	14.5	0.0	260.0	260.0	44.0	53.6	8.0	58.9	0.0	7.1	.Autoclave.Outputs.PRESSIP\OutputValue	3.8	27.8	-49.2	-1.0	0.0	-1.0	-1.0	-1.0	0.0	0.0	0.0	-1.0	-1.0	0.0	0.0	0.0	-1.0	0.0
00:21:28	226.0	280.2	277.4	306.2	296.4	0.0	1.1	44.1	0.0	1.1	1.1	306.2	277.4	-3.1	-4.4	290.1	291.8	256.5	256.5	255.7	256.7	101.9	226.0	15.5	0.0	255.5	255.5	44.0	49.0	8.2	53.3	-1.0	0.0	.Autoclave.Outputs.PRESSIP\OutputValue	3.9	28.8	-49.7	-1.0	0.0	-1.0	-1.0	-1.0	0.0	0.0	0.0	-1.0	-1.0	0.0	0.0	0.0	-1.0	0.0
00:22:28	227.0	276.3	272.9	302.9	292.6	0.0	1.1	43.7	0.0	1.1	1.1	302.9	272.9	-3.3	-4.3	286.2	287.9	250.4	250.4	249.6	252.1	101.9	227.0	16.5	0.0	251.0	251.0	44.0	60.5	8.3	56.9	0.0	20.9	.Autoclave.Outputs.PRESSIP\OutputValue	4.7	30.0	-52.5	-1.0	0.0	-1.0	-1.0	-1.0	0.0	0.0	0.0	-1.0	-1.0	0.0	0.0	0.0	-1.0	0.0
00:23:28	228.0	272.4	269.0	299.6	289.0	0.0	1.0	44.2	0.0	1.0	1.0	299.6	269.0	-3.1	-4.0	282.5	284.3	244.5	244.5	243.7	243.3	102.0	228.0	17.5	0.0	246.5	246.5	44.0	70.5	8.3	53.4	0.0	41.0	.Autoclave.Outputs.PRESSIP\OutputValue	5.3	30.6	-55.1	-1.0	0.0	-1.0	-1.0	-1.0	0.0	0.0	0.0	-1.0	-1.0	0.0	0.0	0.0	-1.0	0.0
00:24:28	229.0	268.7	265.5	296.4	285.0	0.0	1.0	43.5	0.0	1.0	1.0	296.4	265.5	-3.2	-3.8	278.9	281.0	239.6	239.5	238.7	231.7	101.8	229.0	18.5	0.0	242.0	242.0	44.0	72.5	8.3	60.2	0.0	45.0	.Autoclave.Outputs.PRESSIP\OutputValue	5.3	30.9	-56.8	-1.0	0.0	-1.0	-1.0	-1.0	0.0	0.0	0.0	-1.0	-1.0	0.0	0.0	0.0	-1.0	0.0
00:25:28	230.0	265.4	261.3	293.3	281.3	0.0	0.9	43.2	0.0	0.9	0.9	293.3	261.3	-3.1	-4.4	275.3	277.3	238.7	238.7	237.9	228.8	101.7	230.0	19.5	0.0	237.5	237.5	44.0	47.3	8.4	63.7	-1.0	0.0	.Autoclave.Outputs.PRESSIP\OutputValue	5.8	32.0	-54.6	-1.0	0.0	-1.0	-1.0	-1.0	0.0	0.0	0.0	-1.0	-1.0	0.0	0.0	0.0	-1.0	0.0
00:26:28	231.0	261.0	257.0	289.7	277.4	0.0	0.9	44.2	0.0	0.9	0.9	289.7	257.0	-3.6	-4.8	271.3	273.4	234.2	234.2	233.3	235.7	101.9	231.0	20.5	0.0	233.0	233.0	44.0	50.0	8.4	54.1	-1.0	0.1	.Autoclave.Outputs.PRESSIP\OutputValue	6.0	32.7	-55.5	-1.0	0.0	-1.0	-1.0	-1.0	0.0	0.0	0.0	-1.0	-1.0	0.0	0.0	0.0	-1.0	0.0
00:27:28	232.0	257.5	252.4	286.4	273.7	0.0	0.8	43.8	0.0	0.8	0.8	286.4	252.4	-3.3	-4.4	267.5	269.4	228.5	228.5	227.8	229.1	101.8	232.0	21.5	0.0	228.5	228.5	44.0	56.8	8.5	59.1	0.0	13.5	.Autoclave.Outputs.PRESSIP\OutputValue	6.7	34.0	-57.9	-1.0	0.0	-1.0	-1.0	-1.0	0.0	0.0	0.0	-1.0	-1.0	0.0	0.0	0.0	-1.0	0.0
00:28:28	233.0	253.3	248.7	282.6	269.6	0.0	0.8	44.1	0.0	0.8	0.8	282.6	248.7	-3.7	-3.9	263.6	265.7	222.5	222.5	221.8	222.7	101.8	233.0	22.5	0.0	224.0	224.0	44.0	66.8	8.5	56.6	0.0	33.6	.Autoclave.Outputs.PRESSIP\OutputValue	7.4	33.9	-60.1	-1.0	0.0	-1.0	-1.0	-1.0	0.0	0.0	0.0	-1.0	-1.0	0.0	0.0	0.0	-1.0	0.0
00:29:28	234.0	249.5	244.5	279.5	266.2	0.0	0.8	43.5	0.0	0.8	0.8	279.5	244.5	-3.0	-4.2	259.9	262.0	217.7	217.7	217.0	215.2	101.7	234.0	23.5	0.0	219.5	219.5	44.0	69.5	8.5	62.5	0.0	39.1	.Autoclave.Outputs.PRESSIP\OutputValue	7.9	35.0	-61.8	-1.0	0.0	-1.0	-1.0	-1.0	0.0	0.0	0.0	-1.0	-1.0	0.0	0.0	0.0	-1.0	0.0
00:30:28	235.0	245.9	240.8	276.0	262.4	0.0	0.7	43.6	0.0	0.7	0.7	276.0	240.8	-3.4	-3.7	256.3	258.4	215.0	214.8	214.1	203.9	101.9	235.0	24.5	0.0	215.0	215.0	44.0	56.8	8.5	62.3	0.0	13.7	.Autoclave.Outputs.PRESSIP\OutputValue	8.0	35.2	-61.0	-1.0	0.0	-1.0	-1.0	-1.0	0.0	0.0	0.0	-1.0	-1.0	0.0	0.0	0.0	-1.0	0.0
00:31:28	236.0	241.5	236.7	272.5	258.3	0.0	0.7	43.4	0.0	0.7	0.7	272.5	236.7	-3.8	-4.5	252.3	254.6	211.3	211.3	210.5	202.4	101.9	236.0	25.5	0.0	210.5	210.5	44.0	50.2	8.5	64.2	-1.0	0.4	.Autoclave.Outputs.PRESSIP\OutputValue	8.0	35.8	-61.2	-1.0	0.0	-1.0	-1.0	-1.0	0.0	0.0	0.0	-1.0	-1.0	0.0	0.0	0.0	-1.0	0.0
00:32:28	237.0	237.7	232.4	268.9	254.5	0.0	0.6	43.2	0.0	0.6	0.6	268.9	232.4	-3.6	-4.4	248.4	250.7	207.5	207.5	206.8	201.9	101.8	237.0	26.5	0.0	206.0	206.0	44.0	45.5	8.5	65.5	-1.0	0.0	.Autoclave.Outputs.PRESSIP\OutputValue	8.0	36.5	-61.4	-1.0	0.0	-1.0	-1.0	-1.0	0.0	0.0	0.0	-1.0	-1.0	0.0	0.0	0.0	-1.0	0.0
00:33:28	238.0	233.7	228.0	265.1	250.5	0.0	0.6	43.9	0.0	0.6	0.6	265.1	228.0	-3.9	-4.3	244.3	246.6	202.8	202.8	202.2	202.8	101.8	238.0	27.5	0.0	201.5	201.5	44.0	48.1	8.5	59.1	-1.0	0.0	.Autoclave.Outputs.PRESSIP\OutputValue	8.0	37.1	-62.3	-1.0	0.0	-1.0	-1.0	-1.0	0.0	0.0	0.0	-1.0	-1.0	0.0	0.0	0.0	-1.0	0.0
00:34:28	239.0	229.4	223.7	261.4	246.6	0.0	0.5	43.5	0.0	0.5	0.5	261.4	223.7	-3.8	-4.5	240.3	242.6	198.1	198.1	197.5	198.3	101.8	239.0	28.5	0.0	197.0	197.0	44.0	48.8	8.5	62.7	-1.0	0.0	.Autoclave.Outputs.PRESSIP\OutputValue	8.0	37.7	-63.3	-1.0	0.0	-1.0	-1.0	-1.0	0.0	0.0	0.0	-1.0	-1.0	0.0	0.0	0.0	-1.0	0.0
00:35:28	240.0	225.0	219.2	257.7	242.5	0.0	0.5	43.9	0.0	0.5	0.5	257.7	219.2	-3.7	-4.5	236.1	238.5	192.3	192.3	191.5	193.4	101.8	240.0	29.5	0.0	192.5	192.5	44.0	58.9	8.5	59.5	0.0	17.8	.Autoclave.Outputs.PRESSIP\OutputValue	8.0	38.5	-65.5	-1.0	0.0	-1.0	-1.0	-1.0	0.0	0.0	0.0	-1.0	-1.0	0.0	0.0	0.0	-1.0	0.0
00:36:28	241.0	221.0	215.0	254.1	238.6	0.0	0.4	43.5	0.0	0.4	0.4	254.1	215.0	-3.5	-4.2	232.2	234.6	187.7	187.7	186.9	188.2	101.7	241.0	30.5	0.0	188.0	188.0	44.0	58.9	8.4	63.3	0.0	17.8	.Autoclave.Outputs.PRESSIP\OutputValue	8.0	39.1	-66.5	-1.0	0.0	-1.0	-1.0	-1.0	0.0	0.0	0.0	-1.0	-1.0	0.0	0.0	0.0	-1.0	0.0
00:37:28	242.0	216.8	211.1	250.2	234.4	0.0	0.4	43.8	0.0	0.4	0.4	250.2	211.1	-3.8	-4.7	228.1	230.7	182.6	182.6	181.8	182.2	101.8	242.0	31.5	0.0	183.5	183.5	44.0	62.8	8.4	60.1	0.0	25.5	.Autoclave.Outputs.PRESSIP\OutputValue	8.0	39.1	-67.7	-1.0	0.0	-1.0	-1.0	-1.0	0.0	0.0	0.0	-1.0	-1.0	0.0	0.0	0.0	-1.0	0.0
00:38:28	243.0	212.3	206.8	246.5	230.5	0.0	0.4	43.4	0.0	0.4	0.4	246.5	206.8	-3.9	-4.2	224.0	226.7	178.2	178.2	177.5	176.7	101.6	243.0	32.5	0.0	179.0	179.0	44.0	62.1	8.3	63.6	0.0	24.2	.Autoclave.Outputs.PRESSIP\OutputValue	8.0	39.7	-68.4	-1.0	0.0	-1.0	-1.0	-1.0	0.0	0.0	0.0	-1.0	-1.0	0.0	0.0	0.0	-1.0	0.0
00:39:28	244.0	208.6	202.9	243.3	226.7	0.0	0.3	43.6	0.0	0.3	0.3	243.3	202.9	-3.3	-4.2	220.4	223.1	173.9	173.8	173.2	169.7	101.5	244.0	33.5	0.0	174.5	174.5	44.0	60.7	8.3	61.9	0.0	21.5	.Autoclave.Outputs.PRESSIP\OutputValue	8.0	40.4	-69.5	-1.0	0.0	-1.0	-1.0	-1.0	0.0	0.0	0.0	-1.0	-1.0	0.0	0.0	0.0	-1.0	0.0
00:40:29	245.1	204.5	198.7	239.1	222.4	0.0	0.3	43.3	0.0	0.3	0.3	239.1	198.7	-3.3	-4.2	216.2	218.9	169.7	169.7	168.9	165.7	101.6	245.0	34.5	0.0	170.0	170.0	44.0	58.7	8.2	65.3	0.0	17.4	.Autoclave.Outputs.PRESSIP\OutputValue	8.0	40.5	-69.5	-1.0	0.0	-1.0	-1.0	-1.0	0.0	0.0	0.0	-1.0	-1.0	0.0	0.0	0.0	-1.0	0.0
00:41:28	246.0	200.6	194.5	235.6	218.3	0.0	0.2	43.6	0.0	0.2	0.2	235.6	194.5	-4.1	-4.4	212.3	215.1	165.1	165.1	164.4	162.5	101.7	246.0	35.5	0.0	165.5	165.5	44.0	57.9	8.1	61.6	0.0	15.8	.Autoclave.Outputs.PRESSIP\OutputValue	8.0	41.2	-70.6	-1.0	0.0	-1.0	-1.0	-1.0	0.0	0.0	0.0	-1.0	-1.0	0.0	0.0	0.0	-1.0	0.0
00:42:28	247.0	197.0	190.5	231.2	214.3	0.0	0.2	43.2	0.0	0.2	0.2	231.2	190.5	-3.8	-4.4	208.3	210.9	161.5	161.5	160.6	156.1	101.8	247.0	36.5	0.0	161.0	161.0	44.0	53.2	8.0	66.5	0.0	6.4	.Autoclave.Outputs.PRESSIP\OutputValue	8.0	40.8	-69.8	-1.0	0.0	-1.0	-1.0	-1.0	0.0	0.0	0.0	-1.0	-1.0	0.0	0.0	0.0	-1.0	0.0
00:43:28	248.0	192.3	186.1	226.9	210.0	0.0	0.1	43.5	0.0	0.1	0.1	226.9	186.1	-4.3	-4.7	203.8	206.5	157.1	157.0	156.3	151.9	101.7	248.0	37.5	0.0	156.5	156.5	44.0	52.4	7.9	63.3	-1.0	4.8	.Autoclave.Outputs.PRESSIP\OutputValue	8.0	40.9	-69.9	-1.0	0.0	-1.0	-1.0	-1.0	0.0	0.0	0.0	-1.0	-1.0	0.0	0.0	0.0	-1.0	0.0
00:44:28	249.0	189.0	181.9	223.0	205.9	0.0	0.1	43.2	0.0	0.1	0.1	223.0	181.9	-3.3	-4.2	200.0	202.5	153.7	153.7	152.9	148.7	101.6	249.0	38.5	0.0	152.0	152.0	44.0	45.0	7.8	65.9	-1.0	0.0	.Autoclave.Outputs.PRESSIP\OutputValue	8.0	41.2	-69.4	-1.0	0.0	-1.0	-1.0	-1.0	0.0	0.0	0.0	-1.0	-1.0	0.0	0.0	0.0	-1.0	0.0
00:45:28	250.0	184.4	177.6	219.1	201.7	0.0	0.0	43.5	0.0	0.0	0.0	219.1	177.6	-4.2	-4.4	195.7	198.4	149.0	149.0	148.2	144.8	101.6	250.0	39.5	0.0	147.5	147.5	44.0	46.3	7.7	63.1	-1.0	0.0	.Autoclave.Outputs.PRESSIP\OutputValue	8.0	41.6	-70.2	-1.0	0.0	-1.0	-1.0	-1.0	0.0	0.0	0.0	-1.0	-1.0	0.0	0.0	0.0	-1.0	0.0
00:46:28	251.0	179.9	173.5	215.0	197.3	0.0	0.0	43.2	-0.1	0.0	0.0	215.0	173.5	-4.2	-4.5	191.4	194.2	144.5	144.6	143.8	141.4	101.6	251.0	40.5	0.0	143.0	143.0	44.0	46.1	7.6	66.3	-1.0	0.0	.Autoclave.Outputs.PRESSIP\OutputValue	8.0	41.5	-70.5	-1.0	0.0	-1.0	-1.0	-1.0	0.0	0.0	0.0	-1.0	-1.0	0.0	0.0	0.0	-1.0	0.0
00:47:28	252.0	176.4	169.5	210.9	193.0	0.0	-0.1	43.4	-0.1	-0.1	-0.1	210.9	169.5	-3.8	-4.4	187.4	190.2	140.7	140.7	139.9	137.3	101.6	252.0	41.5	0.0	138.5	138.5	44.0	41.4	7.4	63.6	-1.0	0.0	.Autoclave.Outputs.PRESSIP\OutputValue	8.0	41.4	-70.2	-1.0	0.0	-1.0	-1.0	-1.0	0.0	0.0	0.0	-1.0	-1.0	0.0	0.0	0.0	-1.0	0.0
00:48:28	253.0	171.9	165.7	206.8	189.0	0.0	-0.1	43.1	-0.1	-0.1	-0.1	206.8	165.7	-4.1	-4.4	183.3	186.2	136.8	136.8	136.1	134.0	101.5	253.0	42.5	0.0	134.0	134.0	44.0	37.2	7.2	66.8	-1.0	0.0	.Autoclave.Outputs.PRESSIP\OutputValue	8.0	41.1	-70.0	-1.0	0.0	-1.0	-1.0	-1.0	0.0	0.0	0.0	-1.0	-1.0	0.0	0.0	0.0	-1.0	0.0
00:49:28	254.0	168.5	161.9	203.0	185.1	0.0	-0.3	43.5	-0.1	-0.3	-0.3	203.0	161.9	-3.8	-3.9	179.6	182.4	134.0	134.0	133.0	131.5	101.7	254.0	43.5	0.0	129.5	129.5	44.0	26.1	6.8	62.7	-1.0	0.0	.Autoclave.Outputs.PRESSIP\OutputValue	8.0	41.1	-69.0	-1.0	0.0	-1.0	-1.0	-1.0	0.0	0.0	0.0	-1.0	-1.0	0.0	0.0	0.0	-1.0	0.0
00:50:28	255.0	165.3	158.2	199.4	181.3	0.0	-0.4	43.3	-0.1	-0.4	-0.4	199.4	158.2	-3.6	-3.9	176.0	178.8	131.2	131.1	130.3	129.1	101.6	255.0	44.5	0.0	125.0	125.0	44.0	13.6	6.3	64.8	-1.0	0.0	.Autoclave.Outputs.PRESSIP\OutputValue	8.0	41.2	-68.2	-1.0	0.0	-1.0	-1.0	-1.0	0.0	0.0	0.0	-1.0	-1.0	0.0	0.0	0.0	-1.0	0.0
00:51:28	256.0	162.6	155.0	195.9	177.7	0.0	-0.4	43.1	-0.1	-0.4	-0.4	195.9	155.0	-2.3	-3.7	172.8	175.4	128.6	128.6	127.9	127.1	101.6	256.0	45.5	0.0	120.5	120.5	44.0	0.0	0.0	67.0	-1.0	0.0	.Autoclave.Outputs.PRESSIP\OutputValue	8.0	40.9	-67.3	-1.0	0.0	-1.0	-1.0	-1.0	0.0	0.0	0.0	-1.0	-1.0	0.0	0.0	0.0	-1.0	0.0
00:52:28	257.0	159.8	152.0	192.4	174.2	172.0	-0.5	43.6	-0.1	-0.5	-0.5	192.4	152.0	-3.1	-3.6	169.6	172.2	126.8	126.8	126.0	125.3	101.6	257.0	46.5	0.0	116.0	116.0	44.0	0.0	0.0	62.1	-1.0	0.0	.Autoclave.Outputs.PRESSIP\OutputValue	8.0	40.4	-65.6	-1.0	0.0	-1.0	-1.0	-1.0	0.0	0.0	0.0	-1.0	-1.0	0.0	0.0	0.0	-1.0	0.0
00:53:28	258.0	157.1	149.3	189.1	170.7	176.8	-0.5	43.4	-0.1	-0.5	-0.5	189.1	149.3	-2.7	-3.5	166.5	169.2	124.8	124.8	123.9	123.5	101.6	258.0	47.5	0.0	111.5	111.5	44.0	0.0	0.0	64.2	-1.0	0.0	.Autoclave.Outputs.PRESSIP\OutputValue	8.0	39.8	-64.3	-1.0	0.0	-1.0	-1.0	-1.0	0.0	0.0	0.0	-1.0	-1.0	0.0	0.0	0.0	-1.0	0.0
00:54:28	259.0	154.4	146.2	186.1	167.7	173.8	-0.6	43.2	-0.1	-0.6	-0.6	186.1	146.2	-2.7	-3.3	163.6	166.1	123.0	123.0	122.4	122.1	101.5	259.0	48.5	0.0	107.0	107.0	44.0	0.0	0.0	65.9	-1.0	0.0	.Autoclave.Outputs.PRESSIP\OutputValue	8.0	39.9	-63.0	-1.0	0.0	-1.0	-1.0	-1.0	0.0	0.0	0.0	-1.0	-1.0	0.0	0.0	0.0	-1.0	0.0
00:55:28	260.0	152.2	143.8	183.1	164.6	162.1	-0.7	43.0	-0.1	-0.7	-0.7	183.1	143.8	-2.1	-3.1	160.9	163.4	121.3	121.3	120.6	120.6	101.6	260.0	49.5	0.0	102.5	102.5	44.0	0.0	0.0	68.0	-1.0	0.0	.Autoclave.Outputs.PRESSIP\OutputValue	8.0	39.3	-61.7	-1.0	0.0	-1.0	-1.0	-1.0	0.0	0.0	0.0	-1.0	-1.0	0.0	0.0	0.0	-1.0	0.0
00:56:28	261.0	149.9	141.7	180.1	162.1	167.3	-0.7	43.5	-0.1	-0.7	-0.7	180.1	141.7	-2.2	-3.0	158.4	160.9	120.1	120.1	119.3	119.4	101.6	261.0	50.5	0.0	98.0	98.0	44.0	0.0	0.0	62.9	-1.0	0.0	.Autoclave.Outputs.PRESSIP\OutputValue	8.0	38.4	-59.9	-1.0	0.0	-1.0	-1.0	-1.0	0.0	0.0	0.0	-1.0	-1.0	0.0	0.0	0.0	-1.0	0.0
00:57:28	262.0	147.7	139.3	177.4	159.6	168.7	-0.8	43.4	-0.1	-0.8	-0.8	177.4	139.3	-2.2	-2.9	156.0	158.3	118.3	118.4	117.7	118.2	101.5	262.0	51.5	0.0	93.5	93.5	44.0	0.0	0.0	64.6	-1.0	0.0	.Autoclave.Outputs.PRESSIP\OutputValue	8.0	38.1	-59.0	-1.0	0.0	-1.0	-1.0	-1.0	0.0	0.0	0.0	-1.0	-1.0	0.0	0.0	0.0	-1.0	0.0
00:58:28	263.0	145.5	137.1	174.9	157.1	172.3	-0.9	43.2	-0.1	-0.9	-0.9	174.9	137.1	-2.5	-2.8	153.6	156.0	117.1	117.0	116.4	116.9	101.4	263.0	52.5	0.0	89.0	89.0	44.0	0.0	0.0	65.5	-1.0	0.0	.Autoclave.Outputs.PRESSIP\OutputValue	8.0	37.8	-57.7	-1.0	0.0	-1.0	-1.0	-1.0	0.0	0.0	0.0	-1.0	-1.0	0.0	0.0	0.0	-1.0	0.0
00:59:28	264.0	143.4	135.0	172.2	154.8	159.5	-1.0	43.1	-0.1	-1.0	-1.0	172.2	135.0	-1.9	-2.9	151.3	153.6	116.0	116.0	115.3	115.8	101.4	264.0	53.5	0.0	84.5	84.5	44.0	0.0	0.0	67.2	-1.0	0.0	.Autoclave.Outputs.PRESSIP\OutputValue	8.0	37.2	-56.1	-1.0	0.0	-1.0	-1.0	-1.0	0.0	0.0	0.0	-1.0	-1.0	0.0	0.0	0.0	-1.0	0.0
01:00:28	265.0	141.7	133.3	169.8	152.3	159.9	-1.0	43.6	-0.1	-1.0	-1.0	169.8	133.3	-1.4	-2.5	149.2	151.5	115.1	115.2	114.5	115.2	101.5	265.0	54.5	0.0	80.0	80.0	44.0	0.0	0.0	61.6	-1.0	0.0	.Autoclave.Outputs.PRESSIP\OutputValue	8.0	36.5	-54.6	-1.0	0.0	-1.0	-1.0	-1.0	0.0	0.0	0.0	-1.0	-1.0	0.0	0.0	0.0	-1.0	0.0
01:01:29	266.0	139.7	131.8	167.1	150.1	161.3	-1.1	43.5	-0.1	-1.1	-1.1	167.1	131.8	-1.6	-2.6	147.1	149.4	113.9	113.9	113.2	114.2	101.4	266.0	55.5	0.0	80.0	80.0	44.0	0.0	0.0	62.9	-1.0	0.0	.Autoclave.Outputs.PRESSIP\OutputValue	8.0	35.3	-53.1	-1.0	0.0	-1.0	-1.0	-1.0	0.0	0.0	0.0	-1.0	-1.0	0.0	0.0	0.0	-1.0	0.0
01:02:28	267.0	137.7	130.0	164.9	147.9	155.2	-1.1	43.4	-0.1	-1.1	-1.1	164.9	130.0	-1.8	-2.2	145.1	147.4	112.7	112.7	112.0	113.2	101.3	267.0	56.5	0.0	80.0	80.0	44.0	0.0	0.0	63.6	-1.0	0.0	.Autoclave.Outputs.PRESSIP\OutputValue	8.0	34.9	-52.1	-1.0	0.0	-1.0	-1.0	-1.0	0.0	0.0	0.0	-1.0	-1.0	0.0	0.0	0.0	-1.0	0.0
01:03:28	268.0	136.2	128.5	162.5	145.8	150.1	-1.1	43.3	-0.1	-1.1	-1.1	162.5	128.5	-1.4	-2.6	143.2	145.5	111.9	111.9	111.1	112.4	101.4	268.0	57.5	0.0	80.0	80.0	44.0	0.0	0.0	65.0	-1.0	0.0	.Autoclave.Outputs.PRESSIP\OutputValue	8.0	34.0	-50.5	-1.0	0.0	-1.0	-1.0	-1.0	0.0	0.0	0.0	-1.0	-1.0	0.0	0.0	0.0	-1.0	0.0
01:04:28	269.0	134.4	127.1	160.3	143.8	151.0	-1.2	43.2	-0.1	-1.2	-1.2	160.3	127.1	-1.6	-2.1	141.4	143.7	110.9	111.0	110.2	111.6	101.3	269.0	58.5	0.0	80.0	80.0	44.0	0.0	0.0	65.7	-1.0	0.0	.Autoclave.Outputs.PRESSIP\OutputValue	8.0	33.2	-49.3	-1.0	0.0	-1.0	-1.0	-1.0	0.0	0.0	0.0	-1.0	-1.0	0.0	0.0	0.0	-1.0	0.0
01:05:28	270.0	133.0	125.5	158.6	141.9	145.0	-1.2	43.1	-0.1	-1.2	-1.2	158.6	125.5	-1.5	-2.0	139.7	142.0	110.3	110.3	109.5	110.7	101.2	270.0	59.5	0.0	80.0	80.0	44.0	0.0	0.0	66.7	-1.0	0.0	.Autoclave.Outputs.PRESSIP\OutputValue	8.0	33.1	-48.2	-1.0	0.0	-1.0	-1.0	-1.0	0.0	0.0	0.0	-1.0	-1.0	0.0	0.0	0.0	-1.0	0.0
01:06:28	271.0	131.9	124.4	156.3	140.2	147.8	-1.3	43.0	-0.1	-1.3	-1.3	156.3	124.4	-1.1	-2.2	138.2	140.3	109.4	109.2	108.6	109.9	101.2	271.0	60.5	0.0	80.0	80.0	44.0	0.0	0.0	67.6	-1.0	0.0	.Autoclave.Outputs.PRESSIP\OutputValue	8.0	31.9	-46.8	-1.0	0.0	-1.0	-1.0	-1.0	0.0	0.0	0.0	-1.0	-1.0	0.0	0.0	0.0	-1.0	0.0
01:07:28	272.0	130.1	123.0	154.1	138.4	140.8	-1.3	43.6	-0.1	-1.3	-1.3	154.1	123.0	-1.1	-2.2	136.4	138.6	108.9	108.9	108.2	109.5	101.3	272.0	61.5	0.0	80.0	80.0	44.0	0.0	0.0	62.1	-1.0	0.0	.Autoclave.Outputs.PRESSIP\OutputValue	8.0	31.0	-45.1	-1.0	0.0	-1.0	-1.0	-1.0	0.0	0.0	0.0	-1.0	-1.0	0.0	0.0	0.0	-1.0	0.0
01:08:28	273.0	128.7	121.6	152.2	136.9	145.4	-1.3	43.5	-0.1	-1.3	-1.3	152.2	121.6	-1.5	-1.9	134.8	136.9	108.2	108.2	107.4	108.7	101.1	273.0	62.5	0.0	80.0	80.0	44.0	0.0	0.0	63.1	-1.0	0.0	.Autoclave.Outputs.PRESSIP\OutputValue	8.0	30.5	-43.9	-1.0	0.0	-1.0	-1.0	-1.0	0.0	0.0	0.0	-1.0	-1.0	0.0	0.0	0.0	-1.0	0.0
01:09:28	274.0	127.6	120.4	150.3	135.3	138.0	-1.4	43.4	-0.1	-1.4	-1.4	150.3	120.4	-1.0	-1.8	133.4	135.4	107.2	107.2	106.6	108.2	101.1	274.0	63.5	0.0	80.0	80.0	44.0	0.0	0.0	63.6	-1.0	0.0	.Autoclave.Outputs.PRESSIP\OutputValue	8.0	29.8	-43.0	-1.0	0.0	-1.0	-1.0	-1.0	0.0	0.0	0.0	-1.0	-1.0	0.0	0.0	0.0	-1.0	0.0
01:10:28	275.0	126.4	119.3	148.8	133.9	133.9	-1.4	43.3	-0.1	-1.4	-1.4	148.8	119.3	-1.0	-1.9	132.1	134.1	106.6	106.6	105.9	107.7	101.0	275.0	64.5	0.0	80.0	80.0	44.0	0.0	0.0	64.6	-1.0	0.0	.Autoclave.Outputs.PRESSIP\OutputValue	8.0	29.4	-42.1	-1.0	0.0	-1.0	-1.0	-1.0	0.0	0.0	0.0	-1.0	-1.0	0.0	0.0	0.0	-1.0	0.0
01:10:50	275.4	125.8	119.0	148.0	133.2	133.0	-1.4	43.3	-0.1	-1.4	-1.4	148.0	119.0	-1.1	-1.8	131.5	133.5	106.5	106.5	105.8	107.4	101.0	275.4	64.9	0.0	80.0	80.0	44.0	0.0	0.0	64.8	-1.0	0.0	.Autoclave.Outputs.PRESSIP\OutputValue	8.0	28.9	-41.5	-1.0	0.0	-1.0	-1.0	-1.0	0.0	0.0	0.0	-1.0	-1.0	0.0	0.0	0.0	-1.0	0.0
01:11:28	276.0	124.8	118.0	146.8	132.2	129.4	-1.4	38.0	-0.1	-1.4	-1.4	146.8	118.0	-1.1	-1.8	130.4	132.4	104.0	104.1	103.3	104.2	100.3	276.0	0.6	0.0	80.0	80.0	37.6	0.0	0.0	51.2	-1.0	0.0	.Autoclave.Outputs.PRESSIP\OutputValue	7.3	28.7	-42.7	-1.0	0.0	-1.0	-1.0	-1.0	0.0	0.0	0.0	-1.0	-1.0	-1.0	0.0	0.0	-1.0	0.0
01:12:28	277.0	123.1	116.2	145.2	130.5	136.9	-1.5	28.7	-0.1	-1.5	-1.5	145.2	116.2	-1.7	-1.9	128.8	130.7	99.9	99.9	99.2	100.8	99.5	277.0	1.6	0.0	80.0	80.0	27.6	0.0	0.0	45.2	-1.0	0.0	.Autoclave.Outputs.PRESSIP\OutputValue	6.1	28.9	-45.2	-1.0	0.0	-1.0	-1.0	-1.0	0.0	0.0	0.0	-1.0	-1.0	-1.0	0.0	0.0	-1.0	0.0
01:13:28	278.0	121.8	114.6	144.0	129.2	127.2	-1.6	18.3	-0.1	-1.6	-1.6	144.0	114.6	-1.3	-1.7	127.4	129.3	96.8	96.8	96.1	97.9	98.8	278.0	2.6	0.0	80.0	80.0	17.6	0.0	0.0	45.4	-1.0	0.0	.Autoclave.Outputs.PRESSIP\OutputValue	4.7	29.3	-47.1	-1.0	0.0	-1.0	-1.0	-1.0	0.0	0.0	0.0	-1.0	-1.0	-1.0	0.0	0.0	-1.0	0.0
01:14:28	279.0	121.6	113.3	143.1	128.2	128.0	-1.8	8.4	-0.1	-1.8	-1.8	143.1	113.3	-0.3	-1.2	126.6	128.2	93.7	93.8	93.0	94.5	98.0	279.0	3.6	0.0	80.0	80.0	7.6	0.0	0.0	44.6	-1.0	0.0	.Autoclave.Outputs.PRESSIP\OutputValue	3.2	29.7	-49.3	-1.0	0.0	-1.0	-1.0	-1.0	0.0	0.0	0.0	-1.0	-1.0	-1.0	0.0	0.0	-1.0	0.0
01:15:28	280.0	122.3	112.6	143.2	127.7	129.4	-1.8	1.8	-0.1	-1.8	-1.8	143.2	112.6	0.7	-0.8	126.5	127.9	92.3	92.3	91.6	93.8	97.5	280.0	4.6	0.0	80.0	80.0	0.0	0.0	0.0	32.3	-1.0	0.0	.Autoclave.Outputs.PRESSIP\OutputValue	-0.2	30.5	-50.8	-1.0	0.0	-1.0	-1.0	-1.0	0.0	0.0	0.0	-1.0	-1.0	-1.0	0.0	0.0	-1.0	0.0
01:15:43	280.3	122.4	112.6	143.3	127.5	128.4	-1.8	1.0	-0.1	-1.8	-1.8	143.3	112.6	0.7	-0.6	126.5	128.0	92.5	92.5	91.8	94.1	97.6	280.3	4.9	0.0	80.0	80.0	0.0	0.0	0.0	39.0	-1.0	0.0	.Autoclave.Outputs.PRESSIP\OutputValue	-0.8	30.6	-50.7	-1.0	0.0	-1.0	-1.0	-1.0	0.0	0.0	0.0	-1.0	-1.0	-1.0	0.0	0.0	-1.0	0.0
