

Time	Elapsed	PTC10	PTC11	PTC12	PTC13	PTC14	PTC15	VPRB3	VPRB4	PRESS	SVAC	HIPRB	LOPRB	HITC	LOTC	HIRATE	LORATE	AVGTC	MEAN	AIRTC	AIRTC1	AIRTC2	HILIMTC	CAPSTC	RUNTIME	SEGTIME	SEGTIMELEFT	TSET_AIR	TSET_PART	PSET	TEMPOUT	TEMPINT	PRESSOUT	COOLIP	SCROUT	PRESSIP	PRESSINT	SPREAD	AIRPARTDELTA	CAPSFLOW	SILENCE	BARLOCK	HIPSI	FANON	HYDON	FANSTARTSTOPPB	HYDPMPSTARTSTOPPB	COOLCNTRLONOFFSW	PRESSCNTRLONOFFSW	PRESSDUMPSW	PCMANUALSW	HILIMIT	BLWRMTRHILIMIT	MANINSIDE
HH:MM:SS	Mins	Deg.F	Deg.F	Deg.F	Deg.F	Deg.F	Deg.F	"Hg	"Hg	Psig	"Hg			Deg.F	Deg.F	Deg.F	Deg.F	Deg.F	Deg.F	Deg.F	Deg.F	Deg.F	Deg.F	Deg.F	Mins	Mins	Mins	Deg.F	Deg.F	Psig				%	%	%	%	Deg.F	Deg.F															
18:28:11	0.0	82.5	82.2	82.4	78.3	84.9	84.5	-26.5	-27.6	-0.4	-27.9	-26.5	-27.6	84.9	78.3	1.2	-0.1	82.5	81.3	87.0	87.0	86.4	90.9	88.4	12.7	0.0	0.0	70.0	70.0	0.0	0.0	0.0	50.0	0.0	0.0	.Autoclave.Outputs.PRESSIP\OutputValue	8.0	7.4	2.0	-1.0	0.0	-1.0	-1.0	0.0	0.0	0.0	0.0	-1.0	-1.0	-1.0	0.0	0.0	-1.0	0.0
18:28:15	0.1	82.5	82.2	82.4	78.3	84.9	84.5	-26.5	-27.6	-0.4	-27.9	-26.5	-27.6	84.9	78.3	1.2	-0.1	82.5	81.3	87.0	87.0	86.4	90.9	88.4	12.7	0.0	0.0	70.0	70.0	0.0	0.0	0.0	50.0	0.0	0.0	.Autoclave.Outputs.PRESSIP\OutputValue	8.0	7.4	2.0	-1.0	0.0	-1.0	-1.0	0.0	0.0	0.0	0.0	-1.0	-1.0	-1.0	0.0	0.0	-1.0	0.0
18:28:16	0.1	82.5	82.2	82.4	78.3	84.9	84.5	-26.5	-27.6	-0.4	-27.9	-26.5	-27.6	84.9	78.3	1.2	-0.1	82.5	81.6	87.0	87.0	86.4	90.8	88.4	12.7	0.0	0.0	70.0	70.0	0.0	0.0	0.0	50.0	0.0	0.0	.Autoclave.Outputs.PRESSIP\OutputValue	8.0	6.6	2.0	-1.0	0.0	-1.0	-1.0	0.0	0.0	0.0	0.0	-1.0	-1.0	-1.0	0.0	0.0	-1.0	0.0
18:28:16	0.1	82.5	82.2	82.4	78.3	84.9	84.5	-26.5	-27.6	-0.4	-27.9	-26.5	-27.6	84.9	78.3	1.2	-0.1	82.5	81.6	87.0	87.0	86.4	90.8	88.4	12.7	0.0	0.0	70.0	70.0	0.0	0.0	0.0	50.0	0.0	0.0	.Autoclave.Outputs.PRESSIP\OutputValue	8.0	6.6	2.1	-1.0	0.0	-1.0	-1.0	0.0	0.0	0.0	0.0	-1.0	-1.0	-1.0	0.0	0.0	-1.0	0.0
18:29:16	1.1	82.8	82.5	82.6	80.6	85.1	84.8	-26.4	-27.5	0.6	-27.9	-26.4	-27.5	85.1	80.6	1.2	0.1	83.1	82.8	91.0	91.2	90.5	105.3	88.1	1.1	1.0	0.0	93.6	89.4	1.5	64.6	0.1	67.1	0.0	29.2	.Autoclave.Outputs.PRESSIP\OutputValue	8.0	4.5	5.9	-1.0	0.0	-1.0	-1.0	-1.0	0.0	0.0	0.0	-1.0	-1.0	0.0	0.0	0.0	-1.0	0.0
18:30:16	2.1	83.9	83.2	83.6	83.2	85.6	86.3	-26.3	-27.4	2.2	-27.9	-26.3	-27.4	86.3	83.2	2.2	0.4	84.3	84.7	99.2	99.2	98.6	112.1	88.4	2.1	2.0	0.0	101.3	93.9	3.0	62.7	0.3	65.5	0.0	25.3	.Autoclave.Outputs.PRESSIP\OutputValue	8.0	3.1	12.9	-1.0	0.0	-1.0	-1.0	-1.0	0.0	0.0	0.0	-1.0	-1.0	0.0	0.0	0.0	-1.0	0.0
18:31:16	3.1	85.3	83.9	84.6	86.7	86.3	87.6	-26.1	-27.5	3.8	-27.9	-26.1	-27.5	87.6	83.9	3.9	0.6	85.7	85.8	106.7	106.8	106.2	121.4	88.5	3.1	3.0	0.0	109.1	98.4	4.5	64.2	0.5	64.8	0.0	28.4	.Autoclave.Outputs.PRESSIP\OutputValue	8.0	3.7	19.1	-1.0	0.0	-1.0	-1.0	-1.0	0.0	0.0	0.0	-1.0	-1.0	0.0	0.0	0.0	-1.0	0.0
18:32:16	4.1	86.6	84.9	86.3	89.5	87.1	89.9	-26.0	-27.4	5.4	-27.9	-26.0	-27.4	89.9	84.9	3.2	1.1	87.4	87.4	113.6	113.6	112.9	126.7	88.8	4.1	4.0	0.0	115.9	102.9	6.0	64.5	0.8	63.6	0.0	29.0	.Autoclave.Outputs.PRESSIP\OutputValue	8.0	5.0	23.7	-1.0	0.0	-1.0	-1.0	-1.0	0.0	0.0	0.0	-1.0	-1.0	0.0	0.0	0.0	-1.0	0.0
18:33:16	5.1	88.3	85.9	87.7	92.4	88.1	92.5	-25.8	-27.5	7.2	-27.9	-25.8	-27.5	92.5	85.9	2.6	0.9	89.2	89.2	119.5	119.5	118.9	134.0	89.1	5.1	5.0	0.0	122.4	107.4	7.5	67.3	1.0	61.3	0.0	34.5	.Autoclave.Outputs.PRESSIP\OutputValue	8.0	6.6	27.0	-1.0	0.0	-1.0	-1.0	-1.0	0.0	0.0	0.0	-1.0	-1.0	0.0	0.0	0.0	-1.0	0.0
18:34:16	6.1	89.0	87.0	90.1	96.0	89.5	96.0	-25.6	-27.4	8.0	-27.9	-25.6	-27.4	96.0	87.0	4.2	1.2	91.3	91.5	125.3	125.3	124.6	138.5	89.0	6.1	6.0	0.0	127.8	111.9	9.0	64.9	1.2	68.1	0.0	29.8	.Autoclave.Outputs.PRESSIP\OutputValue	8.0	9.0	29.3	-1.0	0.0	-1.0	-1.0	-1.0	0.0	0.0	0.0	-1.0	-1.0	0.0	0.0	0.0	-1.0	0.0
18:35:16	7.1	91.2	88.5	92.3	99.3	90.7	99.1	-25.4	-27.3	9.7	-27.9	-25.4	-27.3	99.3	88.5	3.9	1.3	93.5	93.9	131.1	131.1	130.5	143.5	89.2	7.1	7.0	0.0	133.5	116.4	10.5	65.3	1.4	65.6	0.0	30.6	.Autoclave.Outputs.PRESSIP\OutputValue	8.0	10.8	31.8	-1.0	0.0	-1.0	-1.0	-1.0	0.0	0.0	0.0	-1.0	-1.0	0.0	0.0	0.0	-1.0	0.0
18:35:30	7.3	92.5	88.7	92.9	100.1	91.2	99.6	-25.4	-27.3	10.0	-27.9	-25.4	-27.3	100.1	88.7	3.9	1.4	94.2	94.4	132.2	132.3	131.7	145.0	89.2	7.3	7.2	0.0	134.7	117.4	10.8	66.0	1.5	67.4	0.0	32.0	.Autoclave.Outputs.PRESSIP\OutputValue	8.0	11.4	32.1	-1.0	0.0	-1.0	-1.0	-1.0	0.0	0.0	0.0	-1.0	-1.0	0.0	0.0	0.0	-1.0	0.0
18:36:16	8.1	93.2	90.0	94.5	102.6	92.6	101.9	-25.5	-27.3	11.4	-27.9	-25.5	-27.3	102.6	90.0	3.2	1.4	95.8	96.3	137.0	137.0	136.4	149.5	89.6	8.1	0.8	0.0	139.2	120.9	12.0	64.7	1.6	63.6	0.0	29.4	.Autoclave.Outputs.PRESSIP\OutputValue	8.0	12.5	34.4	-1.0	0.0	-1.0	-1.0	-1.0	0.0	0.0	0.0	-1.0	-1.0	0.0	0.0	0.0	-1.0	0.0
18:37:16	9.1	96.5	91.6	96.8	106.4	94.4	105.3	-23.9	-24.1	12.8	-23.7	-23.9	-24.1	106.4	91.6	4.0	1.6	98.5	99.0	142.1	142.2	141.4	155.0	89.7	9.1	1.8	0.0	144.6	125.4	13.5	66.2	1.9	66.3	0.0	32.5	.Autoclave.Outputs.PRESSIP\OutputValue	8.0	14.7	35.7	-1.0	0.0	-1.0	-1.0	-1.0	0.0	0.0	0.0	-1.0	-1.0	0.0	0.0	0.0	-1.0	0.0
18:38:16	10.1	98.7	93.3	99.6	109.8	96.5	108.9	-20.4	-18.6	14.1	-18.6	-18.6	-20.4	109.8	93.3	4.1	1.8	101.1	101.6	147.5	147.4	146.7	159.7	89.9	10.1	2.8	0.0	150.1	129.9	15.0	66.6	2.1	66.5	0.0	33.1	.Autoclave.Outputs.PRESSIP\OutputValue	8.0	16.4	37.7	-1.0	0.0	-1.0	-1.0	-1.0	0.0	0.0	0.0	-1.0	-1.0	0.0	0.0	0.0	-1.0	0.0
18:39:16	11.1	101.2	95.2	102.3	114.1	98.6	112.6	-16.4	-13.5	15.9	-13.4	-13.5	-16.4	114.1	95.2	4.0	1.9	104.0	104.7	152.8	152.9	152.2	165.5	90.2	11.1	3.8	0.0	154.9	134.4	16.5	64.2	2.4	64.0	0.0	28.3	.Autoclave.Outputs.PRESSIP\OutputValue	8.0	18.8	38.7	-1.0	0.0	-1.0	-1.0	-1.0	0.0	0.0	0.0	-1.0	-1.0	0.0	0.0	0.0	-1.0	0.0
18:40:16	12.1	103.7	97.2	104.7	117.7	101.1	116.4	-12.6	-8.6	17.5	-8.8	-8.6	-12.6	117.7	97.2	4.0	2.0	106.8	107.5	157.5	157.5	156.9	171.3	90.4	12.1	4.8	0.0	160.0	138.9	18.0	68.1	2.6	63.3	0.0	36.2	.Autoclave.Outputs.PRESSIP\OutputValue	8.0	20.4	39.8	-1.0	0.0	-1.0	-1.0	-1.0	0.0	0.0	0.0	-1.0	-1.0	0.0	0.0	0.0	-1.0	0.0
18:41:16	13.1	104.9	99.3	108.3	121.6	104.0	120.4	-8.8	-4.5	18.6	-4.6	-4.5	-8.8	121.6	99.3	4.0	2.2	109.8	110.5	162.8	163.0	162.1	175.4	90.6	13.1	5.8	0.0	165.2	143.4	19.5	67.9	2.8	67.6	0.0	35.8	.Autoclave.Outputs.PRESSIP\OutputValue	8.0	22.2	41.2	-1.0	0.0	-1.0	-1.0	-1.0	0.0	0.0	0.0	-1.0	-1.0	0.0	0.0	0.0	-1.0	0.0
18:42:16	14.1	109.3	101.7	111.1	124.8	107.3	124.3	-6.5	-2.5	20.3	-2.8	-2.5	-6.5	124.8	101.7	4.1	2.5	113.1	113.3	168.3	168.3	167.6	181.1	90.8	14.1	6.8	0.0	171.0	147.9	21.0	68.9	3.1	64.9	0.0	37.7	.Autoclave.Outputs.PRESSIP\OutputValue	8.0	23.0	43.5	-1.0	0.0	-1.0	-1.0	-1.0	0.0	0.0	0.0	-1.0	-1.0	0.0	0.0	0.0	-1.0	0.0
18:43:16	15.1	112.2	104.1	114.1	129.0	110.2	127.0	-5.0	-1.8	22.2	-2.0	-1.8	-5.0	129.0	104.1	4.3	2.3	116.1	116.6	173.6	173.6	173.0	187.1	91.2	15.1	7.8	0.0	175.9	152.4	22.5	66.3	3.3	61.4	0.0	32.7	.Autoclave.Outputs.PRESSIP\OutputValue	8.0	24.8	44.6	-1.0	0.0	-1.0	-1.0	-1.0	0.0	0.0	0.0	-1.0	-1.0	0.0	0.0	0.0	-1.0	0.0
18:44:16	16.1	115.1	106.6	117.7	132.4	113.4	132.8	-3.9	-1.3	23.2	-1.6	-1.3	-3.9	132.8	106.6	5.6	2.5	119.7	119.7	178.6	178.7	178.0	191.6	91.3	16.1	8.8	0.0	181.1	156.9	24.0	67.0	3.6	65.5	0.0	34.0	.Autoclave.Outputs.PRESSIP\OutputValue	8.0	26.2	45.8	-1.0	0.0	-1.0	-1.0	-1.0	0.0	0.0	0.0	-1.0	-1.0	0.0	0.0	0.0	-1.0	0.0
18:45:16	17.1	118.5	109.3	121.2	136.6	116.8	136.2	-3.0	-1.0	24.9	-1.2	-1.0	-3.0	136.6	109.3	4.5	2.5	123.1	123.0	183.7	183.8	183.1	195.6	91.6	17.1	9.8	0.0	186.1	161.4	25.5	66.6	3.8	63.3	0.0	33.1	.Autoclave.Outputs.PRESSIP\OutputValue	8.0	27.2	47.1	-1.0	0.0	-1.0	-1.0	-1.0	0.0	0.0	0.0	-1.0	-1.0	0.0	0.0	0.0	-1.0	0.0
18:46:16	18.1	121.3	111.9	124.9	140.9	120.5	141.3	-2.2	-0.7	26.2	-0.9	-0.7	-2.2	141.3	111.9	4.2	2.2	126.8	126.6	187.8	187.8	187.2	200.4	91.6	18.1	10.8	0.0	190.5	165.9	27.0	69.6	4.1	66.3	0.0	39.1	.Autoclave.Outputs.PRESSIP\OutputValue	8.0	29.4	46.5	-1.0	0.0	-1.0	-1.0	-1.0	0.0	0.0	0.0	-1.0	-1.0	0.0	0.0	0.0	-1.0	0.0
18:47:16	19.1	124.4	115.0	128.7	145.2	124.2	145.2	-1.6	-0.5	27.8	-0.7	-0.5	-1.6	145.2	115.0	4.7	3.0	130.4	130.1	192.6	192.8	192.1	203.7	91.8	19.1	11.8	0.0	194.5	170.4	28.5	63.7	4.3	64.9	0.0	27.3	.Autoclave.Outputs.PRESSIP\OutputValue	8.0	30.2	47.4	-1.0	0.0	-1.0	-1.0	-1.0	0.0	0.0	0.0	-1.0	-1.0	0.0	0.0	0.0	-1.0	0.0
18:48:16	20.1	127.8	117.8	132.4	148.8	128.2	150.7	-1.1	-0.2	29.5	-0.5	-0.2	-1.1	150.7	117.8	4.9	2.9	134.3	134.3	197.0	197.1	196.4	207.9	92.2	20.1	12.8	0.0	199.2	174.9	30.0	66.6	4.5	62.4	0.0	33.1	.Autoclave.Outputs.PRESSIP\OutputValue	8.0	32.9	46.3	-1.0	0.0	-1.0	-1.0	-1.0	0.0	0.0	0.0	-1.0	-1.0	0.0	0.0	0.0	-1.0	0.0
18:49:16	21.1	131.2	120.7	136.3	152.8	131.2	155.2	-0.7	0.0	30.9	-0.4	0.0	-0.7	155.2	120.7	4.7	3.2	137.9	138.0	201.2	201.2	200.5	212.3	92.3	21.1	13.8	0.0	203.8	179.4	31.5	70.3	4.7	63.7	0.0	40.6	.Autoclave.Outputs.PRESSIP\OutputValue	8.0	34.5	46.0	-1.0	0.0	-1.0	-1.0	-1.0	0.0	0.0	0.0	-1.0	-1.0	0.0	0.0	0.0	-1.0	0.0
18:50:16	22.1	134.6	123.7	140.1	157.2	136.3	160.2	-0.4	-0.2	32.1	-0.3	-0.2	-0.4	160.2	123.7	5.4	3.1	142.0	142.0	205.6	205.6	205.0	216.0	92.4	22.1	14.8	0.0	207.3	183.9	33.0	64.3	5.0	66.7	0.0	28.6	.Autoclave.Outputs.PRESSIP\OutputValue	8.0	36.5	45.4	-1.0	0.0	-1.0	-1.0	-1.0	0.0	0.0	0.0	-1.0	-1.0	0.0	0.0	0.0	-1.0	0.0
18:51:16	23.1	138.0	127.1	144.1	161.2	139.9	164.9	-0.2	0.1	34.0	-0.2	0.1	-0.2	164.9	127.1	4.6	3.2	145.9	146.0	210.3	210.2	209.6	220.9	92.8	23.1	15.8	0.0	212.0	188.4	34.5	64.6	5.2	62.8	0.0	29.2	.Autoclave.Outputs.PRESSIP\OutputValue	8.0	37.8	45.4	-1.0	0.0	-1.0	-1.0	-1.0	0.0	0.0	0.0	-1.0	-1.0	0.0	0.0	0.0	-1.0	0.0
18:52:16	24.1	141.4	130.2	148.2	166.0	144.7	169.6	0.0	0.1	35.7	-0.1	0.1	0.0	169.6	130.2	5.0	3.3	150.0	149.9	213.9	214.1	213.4	225.0	92.9	24.1	16.8	0.0	216.2	192.9	36.0	68.7	5.4	62.8	0.0	37.5	.Autoclave.Outputs.PRESSIP\OutputValue	8.0	39.4	44.3	-1.0	0.0	-1.0	-1.0	-1.0	0.0	0.0	0.0	-1.0	-1.0	0.0	0.0	0.0	-1.0	0.0
18:53:16	25.1	144.5	133.4	152.1	169.9	149.1	174.1	0.1	0.1	36.6	-0.1	0.1	0.1	174.1	133.4	4.7	3.2	153.8	153.7	218.2	218.2	217.4	229.2	93.0	25.1	17.8	0.0	220.5	197.4	37.5	69.1	5.7	66.8	0.0	38.1	.Autoclave.Outputs.PRESSIP\OutputValue	8.0	40.7	44.1	-1.0	0.0	-1.0	-1.0	-1.0	0.0	0.0	0.0	-1.0	-1.0	0.0	0.0	0.0	-1.0	0.0
18:54:16	26.1	148.8	136.9	156.3	174.1	153.1	179.4	0.1	0.1	38.4	-0.1	0.1	0.1	179.4	136.9	5.2	3.3	158.1	158.1	222.4	222.4	221.6	232.6	93.4	26.1	18.8	0.0	224.3	201.9	39.0	66.4	5.9	64.0	0.0	32.9	.Autoclave.Outputs.PRESSIP\OutputValue	8.0	42.5	43.0	-1.0	0.0	-1.0	-1.0	-1.0	0.0	0.0	0.0	-1.0	-1.0	0.0	0.0	0.0	-1.0	0.0
18:55:16	27.1	152.4	140.2	160.6	179.3	157.6	184.6	0.2	0.1	40.0	-0.6	0.2	0.1	184.6	140.2	4.9	3.2	162.4	162.4	227.0	227.0	226.3	237.1	93.4	27.1	19.8	0.0	228.4	206.4	40.5	62.8	6.1	63.6	0.0	25.7	.Autoclave.Outputs.PRESSIP\OutputValue	8.0	44.4	42.4	-1.0	0.0	-1.0	-1.0	-1.0	0.0	0.0	0.0	-1.0	-1.0	0.0	0.0	0.0	-1.0	0.0
18:56:16	28.1	156.1	143.9	165.3	183.8	162.5	189.3	0.2	0.1	41.1	-0.1	0.2	0.1	189.3	143.9	5.2	3.7	166.8	166.6	230.5	230.6	229.8	241.3	93.6	28.1	20.8	0.0	232.4	210.9	42.0	67.6	6.3	66.7	0.0	35.1	.Autoclave.Outputs.PRESSIP\OutputValue	8.0	45.4	41.2	-1.0	0.0	-1.0	-1.0	-1.0	0.0	0.0	0.0	-1.0	-1.0	0.0	0.0	0.0	-1.0	0.0
18:56:28	28.3	156.9	144.6	166.0	184.4	163.3	190.0	0.2	0.1	42.0	-0.1	0.2	0.1	190.0	144.6	5.4	3.7	167.5	167.3	231.3	231.4	230.6	242.5	93.7	28.3	20.9	0.0	233.4	211.7	42.3	67.7	6.4	61.9	0.0	35.3	.Autoclave.Outputs.PRESSIP\OutputValue	8.0	45.4	41.3	-1.0	0.0	-1.0	-1.0	-1.0	0.0	0.0	0.0	-1.0	-1.0	0.0	0.0	0.0	-1.0	0.0
18:57:16	29.1	160.0	147.8	169.4	187.7	167.2	193.8	0.3	0.2	43.0	0.0	0.3	0.2	193.8	147.8	4.7	3.8	171.0	170.8	234.9	234.9	234.4	246.4	93.9	29.1	0.8	0.0	236.9	215.4	43.5	69.0	6.5	62.9	0.0	38.0	.Autoclave.Outputs.PRESSIP\OutputValue	8.0	46.0	41.1	-1.0	0.0	-1.0	-1.0	-1.0	0.0	0.0	0.0	-1.0	-1.0	0.0	0.0	0.0	-1.0	0.0
18:58:16	30.1	164.0	151.4	174.0	192.2	171.5	198.5	0.2	0.1	43.3	0.0	0.2	0.1	198.5	151.4	4.9	3.8	175.3	174.9	239.0	239.0	238.3	249.6	93.8	30.1	1.8	0.0	241.2	219.9	44.0	69.3	6.8	65.3	0.0	38.5	.Autoclave.Outputs.PRESSIP\OutputValue	8.0	47.1	40.5	-1.0	0.0	-1.0	-1.0	-1.0	0.0	0.0	0.0	-1.0	-1.0	0.0	0.0	0.0	-1.0	0.0
18:59:16	31.1	167.8	155.2	178.6	197.2	175.4	203.8	0.3	0.1	43.6	0.0	0.3	0.1	203.8	155.2	5.3	3.3	179.7	179.5	242.9	242.9	242.2	254.3	93.9	31.1	2.8	0.0	245.2	224.4	44.0	69.5	7.0	62.1	0.0	39.1	.Autoclave.Outputs.PRESSIP\OutputValue	8.0	48.6	39.1	-1.0	0.0	-1.0	-1.0	-1.0	0.0	0.0	0.0	-1.0	-1.0	0.0	0.0	0.0	-1.0	0.0
19:00:16	32.1	171.8	159.0	182.9	202.0	180.5	208.1	0.3	0.1	43.9	0.0	0.3	0.1	208.1	159.0	5.0	3.7	184.0	183.5	247.6	247.6	247.0	258.9	94.1	32.1	3.8	0.0	249.6	228.9	44.0	68.4	7.2	58.9	0.0	36.8	.Autoclave.Outputs.PRESSIP\OutputValue	8.0	49.1	39.5	-1.0	0.0	-1.0	-1.0	-1.0	0.0	0.0	0.0	-1.0	-1.0	0.0	0.0	0.0	-1.0	0.0
19:01:16	33.1	175.6	163.0	187.5	206.7	185.2	213.4	0.3	0.1	44.1	0.0	0.3	0.1	213.4	163.0	5.7	3.9	188.6	188.2	251.1	251.2	250.6	261.8	94.2	33.1	4.8	0.0	252.9	233.4	44.0	71.1	7.4	56.2	0.0	42.1	.Autoclave.Outputs.PRESSIP\OutputValue	7.9	50.4	37.7	-1.0	0.0	-1.0	-1.0	-1.0	0.0	0.0	0.0	-1.0	-1.0	0.0	0.0	0.0	-1.0	0.0
19:02:16	34.1	179.8	166.7	191.8	210.8	189.2	218.0	0.3	0.2	44.5	0.0	0.3	0.2	218.0	166.7	4.3	3.9	192.7	192.3	255.8	255.8	255.1	265.8	94.2	34.1	5.8	0.0	257.8	237.9	44.0	68.1	7.6	52.3	0.0	36.2	.Autoclave.Outputs.PRESSIP\OutputValue	7.2	51.3	37.8	-1.0	0.0	-1.0	-1.0	-1.0	0.0	0.0	0.0	-1.0	-1.0	0.0	0.0	0.0	-1.0	0.0
19:03:16	35.1	183.8	170.5	196.0	215.5	193.7	222.5	0.3	0.1	44.8	-0.1	0.3	0.1	222.5	170.5	5.0	3.8	197.0	196.5	260.0	259.9	259.3	270.8	94.4	35.1	6.8	0.0	262.1	242.4	44.0	69.8	7.8	47.8	0.0	39.5	.Autoclave.Outputs.PRESSIP\OutputValue	5.9	52.0	37.5	-1.0	0.0	-1.0	-1.0	-1.0	0.0	0.0	0.0	-1.0	-1.0	0.0	0.0	0.0	-1.0	0.0
19:04:16	36.1	188.0	174.3	200.6	219.8	197.9	227.5	0.4	0.1	43.9	0.0	0.4	0.1	227.5	174.3	4.7	3.3	201.4	200.9	263.7	263.8	263.2	276.5	94.4	36.1	7.8	0.0	266.3	246.9	44.0	73.1	8.1	55.7	0.0	46.3	.Autoclave.Outputs.PRESSIP\OutputValue	4.8	53.2	36.2	-1.0	0.0	-1.0	-1.0	-1.0	0.0	0.0	0.0	-1.0	-1.0	0.0	0.0	0.0	-1.0	0.0
19:05:16	37.1	192.0	178.4	204.7	224.0	202.5	231.8	0.4	0.1	44.2	0.0	0.4	0.1	231.8	178.4	5.8	3.9	205.6	205.1	268.4	268.4	267.8	280.8	94.7	37.1	8.8	0.0	270.9	251.4	44.0	72.6	8.3	52.6	0.0	45.1	.Autoclave.Outputs.PRESSIP\OutputValue	4.7	53.4	36.6	-1.0	0.0	-1.0	-1.0	-1.0	0.0	0.0	0.0	-1.0	-1.0	0.0	0.0	0.0	-1.0	0.0
19:06:16	38.1	196.7	182.2	208.9	228.7	206.9	236.5	0.4	0.1	44.5	0.0	0.4	0.1	236.5	182.2	4.7	4.1	210.0	209.3	273.2	273.2	272.6	285.3	94.8	38.1	9.8	0.0	275.4	255.9	44.0	71.0	8.5	48.9	0.0	42.0	.Autoclave.Outputs.PRESSIP\OutputValue	4.0	54.3	36.7	-1.0	0.0	-1.0	-1.0	-1.0	0.0	0.0	0.0	-1.0	-1.0	0.0	0.0	0.0	-1.0	0.0
19:07:16	39.1	201.0	186.1	212.0	233.1	211.3	241.2	0.4	0.1	44.8	0.0	0.4	0.1	241.2	186.1	4.9	3.9	214.1	213.6	277.8	277.8	277.2	289.5	94.9	39.1	10.8	0.0	279.5	260.4	44.0	67.7	8.7	44.6	0.0	35.5	.Autoclave.Outputs.PRESSIP\OutputValue	2.7	55.1	36.6	-1.0	0.0	-1.0	-1.0	-1.0	0.0	0.0	0.0	-1.0	-1.0	0.0	0.0	0.0	-1.0	0.0
19:08:16	40.1	204.9	189.9	216.8	237.3	215.9	245.6	0.4	0.2	43.9	0.0	0.4	0.2	245.6	189.9	5.0	3.9	218.4	217.7	281.7	281.7	281.1	294.8	95.0	40.1	11.8	0.0	284.2	264.8	44.0	73.9	8.9	52.4	0.0	47.9	.Autoclave.Outputs.PRESSIP\OutputValue	1.6	55.7	36.1	-1.0	0.0	-1.0	-1.0	-1.0	0.0	0.0	0.0	-1.0	-1.0	0.0	0.0	0.0	-1.0	0.0
19:09:17	41.1	210.0	194.0	221.3	242.5	220.3	250.3	0.4	0.1	44.2	0.0	0.4	0.1	250.3	194.0	5.3	4.2	223.1	222.1	286.5	286.5	286.0	298.6	95.1	41.1	12.8	0.0	288.4	269.4	44.0	70.1	9.1	49.5	0.0	40.3	.Autoclave.Outputs.PRESSIP\OutputValue	1.6	56.3	36.2	-1.0	0.0	-1.0	-1.0	-1.0	0.0	0.0	0.0	-1.0	-1.0	0.0	0.0	0.0	-1.0	0.0
19:10:16	42.1	214.8	198.1	226.0	247.0	224.9	254.8	0.4	0.1	44.5	0.0	0.4	0.1	254.8	198.1	5.0	4.0	227.6	226.4	290.6	290.6	289.9	302.3	95.2	42.1	13.8	0.0	292.9	273.9	44.0	73.0	9.3	46.4	0.0	46.0	.Autoclave.Outputs.PRESSIP\OutputValue	0.9	56.7	35.8	-1.0	0.0	-1.0	-1.0	-1.0	0.0	0.0	0.0	-1.0	-1.0	0.0	0.0	0.0	-1.0	0.0
19:11:16	43.1	219.0	202.1	230.3	251.1	229.2	259.6	0.5	0.1	44.8	0.0	0.5	0.1	259.6	202.1	4.8	4.3	231.9	230.8	295.1	295.1	294.4	306.5	95.3	43.1	14.8	0.0	297.3	278.4	44.0	71.4	9.5	41.9	0.0	42.7	.Autoclave.Outputs.PRESSIP\OutputValue	-0.4	57.5	35.5	-1.0	0.0	-1.0	-1.0	-1.0	0.0	0.0	0.0	-1.0	-1.0	0.0	0.0	0.0	-1.0	0.0
19:12:16	44.1	223.2	205.9	234.2	255.4	234.2	263.5	0.5	0.1	43.9	-0.1	0.5	0.1	263.5	205.9	4.7	3.5	236.1	234.7	299.7	299.8	299.1	313.2	95.3	44.1	15.8	0.0	302.4	282.9	44.0	74.9	9.8	49.6	0.0	49.7	.Autoclave.Outputs.PRESSIP\OutputValue	-1.3	57.6	36.2	-1.0	0.0	-1.0	-1.0	-1.0	0.0	0.0	0.0	-1.0	-1.0	0.0	0.0	0.0	-1.0	0.0
19:13:16	45.1	227.2	210.0	238.5	260.0	238.4	268.5	0.5	0.2	44.2	0.0	0.5	0.2	268.5	210.0	5.3	4.3	240.4	239.2	303.8	303.8	303.1	317.0	95.4	45.1	16.8	0.0	306.2	287.4	44.0	73.1	10.0	46.5	0.0	46.2	.Autoclave.Outputs.PRESSIP\OutputValue	-1.4	58.5	35.3	-1.0	0.0	-1.0	-1.0	-1.0	0.0	0.0	0.0	-1.0	-1.0	0.0	0.0	0.0	-1.0	0.0
19:14:16	46.1	231.0	214.0	242.6	265.1	243.3	273.2	0.6	0.2	44.5	0.0	0.6	0.2	273.2	214.0	4.8	3.8	244.9	243.6	308.9	308.9	308.2	321.3	95.6	46.1	17.8	0.0	310.7	291.9	44.0	69.2	10.2	43.0	0.0	38.4	.Autoclave.Outputs.PRESSIP\OutputValue	-2.1	59.2	35.7	-1.0	0.0	-1.0	-1.0	-1.0	0.0	0.0	0.0	-1.0	-1.0	0.0	0.0	0.0	-1.0	0.0
19:15:16	47.1	235.8	218.0	247.2	269.3	247.8	277.8	0.6	0.2	44.8	0.0	0.6	0.2	277.8	218.0	4.8	3.5	249.3	247.9	313.2	313.2	312.5	326.0	95.6	47.1	18.8	0.0	314.9	296.4	44.0	70.6	10.4	38.8	0.0	41.1	.Autoclave.Outputs.PRESSIP\OutputValue	-3.3	59.8	35.4	-1.0	0.0	-1.0	-1.0	-1.0	0.0	0.0	0.0	-1.0	-1.0	0.0	0.0	0.0	-1.0	0.0
19:16:16	48.1	240.5	222.5	251.4	273.8	253.0	281.9	0.6	0.1	43.9	0.0	0.6	0.1	281.9	222.5	5.1	4.3	253.9	252.2	317.2	317.3	316.6	331.6	95.6	48.1	19.8	0.0	320.0	300.9	44.0	76.9	10.6	46.6	0.0	53.8	.Autoclave.Outputs.PRESSIP\OutputValue	-4.5	59.4	35.3	-1.0	0.0	-1.0	-1.0	-1.0	0.0	0.0	0.0	-1.0	-1.0	0.0	0.0	0.0	-1.0	0.0
19:17:16	49.1	244.2	226.6	255.8	279.0	255.6	286.8	0.6	0.2	44.1	0.0	0.6	0.2	286.8	226.6	5.4	3.8	258.0	256.7	322.5	322.5	321.8	334.4	95.9	49.1	20.8	0.0	324.0	305.4	44.0	69.1	10.8	44.4	0.0	38.2	.Autoclave.Outputs.PRESSIP\OutputValue	-4.5	60.2	35.7	-1.0	0.0	-1.0	-1.0	-1.0	0.0	0.0	0.0	-1.0	-1.0	0.0	0.0	0.0	-1.0	0.0
19:18:16	50.1	248.3	230.6	259.9	283.2	262.3	290.7	0.7	0.2	44.5	0.0	0.7	0.2	290.7	230.6	4.4	4.0	262.5	260.7	326.8	326.9	326.2	339.7	96.0	50.1	21.8	0.0	329.0	309.9	44.0	75.1	11.0	40.6	0.0	50.3	.Autoclave.Outputs.PRESSIP\OutputValue	-5.0	60.1	36.1	-1.0	0.0	-1.0	-1.0	-1.0	0.0	0.0	0.0	-1.0	-1.0	0.0	0.0	0.0	-1.0	0.0
19:19:16	51.1	252.8	235.0	264.5	287.3	265.4	295.2	0.7	0.2	44.7	-0.1	0.7	0.2	295.2	235.0	5.2	4.1	266.7	265.1	331.4	331.3	330.6	343.8	96.0	51.1	22.8	0.0	333.7	314.4	44.0	74.2	11.2	36.8	0.0	48.4	.Autoclave.Outputs.PRESSIP\OutputValue	-6.0	60.2	36.2	-1.0	0.0	-1.0	-1.0	-1.0	0.0	0.0	0.0	-1.0	-1.0	0.0	0.0	0.0	-1.0	0.0
19:20:16	52.1	256.8	238.9	268.7	291.7	269.6	299.8	0.7	0.2	43.6	0.0	0.7	0.2	299.8	238.9	4.3	3.7	270.9	269.4	335.1	335.2	334.4	347.3	95.9	52.1	23.8	0.0	338.0	318.9	44.0	79.5	11.4	48.0	0.0	59.1	.Autoclave.Outputs.PRESSIP\OutputValue	-5.9	60.9	35.3	-1.0	0.0	-1.0	-1.0	-1.0	0.0	0.0	0.0	-1.0	-1.0	0.0	0.0	0.0	-1.0	0.0
19:21:16	53.1	261.7	243.3	273.1	296.7	274.2	304.2	0.7	0.2	44.1	0.0	0.7	0.2	304.2	243.3	5.1	4.0	275.5	273.8	340.4	340.4	339.6	353.4	96.3	53.1	24.8	0.0	342.5	323.4	44.0	73.9	11.7	43.7	0.0	47.8	.Autoclave.Outputs.PRESSIP\OutputValue	-5.7	60.9	36.2	-1.0	0.0	-1.0	-1.0	-1.0	0.0	0.0	0.0	-1.0	-1.0	0.0	0.0	0.0	-1.0	0.0
19:22:16	54.1	265.5	247.5	277.4	301.3	278.6	308.9	0.7	0.2	44.3	0.0	0.7	0.2	308.9	247.5	4.8	4.1	279.9	278.2	345.2	345.2	344.4	357.9	96.4	54.1	25.8	0.0	347.1	327.9	44.0	72.1	11.9	40.8	0.0	44.3	.Autoclave.Outputs.PRESSIP\OutputValue	-6.0	61.4	36.3	-1.0	0.0	-1.0	-1.0	-1.0	0.0	0.0	0.0	-1.0	-1.0	0.0	0.0	0.0	-1.0	0.0
19:23:16	55.1	269.5	251.7	281.8	305.7	283.4	313.5	0.7	0.2	44.6	0.0	0.7	0.2	313.5	251.7	4.9	3.3	284.3	282.6	349.5	349.6	348.9	362.2	96.3	55.1	26.8	0.0	351.3	332.4	44.0	72.2	12.1	38.0	0.0	44.4	.Autoclave.Outputs.PRESSIP\OutputValue	-6.0	61.8	36.0	-1.0	0.0	-1.0	-1.0	-1.0	0.0	0.0	0.0	-1.0	-1.0	0.0	0.0	0.0	-1.0	0.0
19:24:16	56.1	274.3	256.0	286.3	310.6	288.0	318.2	0.8	0.2	44.9	-0.1	0.8	0.2	318.2	256.0	5.6	4.1	288.9	287.1	353.9	353.9	353.2	366.7	96.5	56.1	27.8	0.0	355.7	336.9	44.0	71.8	12.3	35.0	0.0	43.7	.Autoclave.Outputs.PRESSIP\OutputValue	-6.0	62.2	35.7	-1.0	0.0	-1.0	-1.0	-1.0	0.0	0.0	0.0	-1.0	-1.0	0.0	0.0	0.0	-1.0	0.0
19:25:16	57.1	278.8	260.2	290.6	314.6	292.3	322.4	0.8	0.2	44.1	0.0	0.8	0.2	322.4	260.2	5.7	4.1	293.2	291.3	358.2	358.2	357.4	371.7	96.5	57.1	28.8	0.0	360.4	341.4	44.0	76.0	12.5	43.5	0.0	52.1	.Autoclave.Outputs.PRESSIP\OutputValue	-5.9	62.2	35.8	-1.0	0.0	-1.0	-1.0	-1.0	0.0	0.0	0.0	-1.0	-1.0	0.0	0.0	0.0	-1.0	0.0
19:26:16	58.1	282.9	264.3	295.3	320.1	296.6	327.3	0.8	0.2	44.3	0.0	0.8	0.2	327.3	264.3	5.6	3.7	297.8	295.8	362.6	362.6	361.9	376.1	96.6	58.1	29.8	0.0	364.6	345.9	44.0	74.1	12.7	40.6	0.0	48.3	.Autoclave.Outputs.PRESSIP\OutputValue	-6.0	63.0	35.3	-1.0	0.0	-1.0	-1.0	-1.0	0.0	0.0	0.0	-1.0	-1.0	0.0	0.0	0.0	-1.0	0.0
19:27:16	59.1	287.6	268.6	300.1	324.3	301.8	332.1	0.9	0.2	44.6	0.0	0.9	0.2	332.1	268.6	5.2	4.1	302.4	300.4	366.5	366.5	365.8	379.8	96.8	59.1	30.8	0.0	368.9	350.4	44.0	76.3	12.9	38.0	0.0	52.7	.Autoclave.Outputs.PRESSIP\OutputValue	-6.0	63.5	34.4	-1.0	0.0	-1.0	-1.0	-1.0	0.0	0.0	0.0	-1.0	-1.0	0.0	0.0	0.0	-1.0	0.0
19:28:16	60.1	291.4	272.9	304.5	329.7	305.9	336.7	0.9	0.3	44.9	0.0	0.9	0.3	336.7	272.9	5.3	4.3	306.9	304.8	371.7	371.6	370.8	384.4	97.0	60.1	31.8	0.0	373.1	354.9	44.0	70.5	13.1	35.1	0.0	40.9	.Autoclave.Outputs.PRESSIP\OutputValue	-6.0	63.8	35.0	-1.0	0.0	-1.0	-1.0	-1.0	0.0	0.0	0.0	-1.0	-1.0	0.0	0.0	0.0	-1.0	0.0
19:29:16	61.1	295.2	276.7	309.3	330.9	310.4	339.4	0.9	0.2	44.8	0.0	0.9	0.2	339.4	276.7	4.8	1.8	310.3	308.1	370.5	370.5	369.9	378.7	96.9	61.1	32.8	0.0	370.4	355.0	44.0	60.5	13.1	36.5	0.0	21.1	.Autoclave.Outputs.PRESSIP\OutputValue	-6.0	62.7	31.1	-1.0	0.0	-1.0	-1.0	-1.0	0.0	0.0	0.0	-1.0	-1.0	0.0	0.0	0.0	-1.0	0.0
19:30:16	62.1	298.6	280.2	312.4	332.4	313.8	341.7	1.0	0.2	44.7	0.0	1.0	0.2	341.7	280.2	3.5	1.2	313.2	311.0	369.1	369.1	368.3	376.5	97.0	62.1	33.8	0.0	368.3	355.0	44.0	55.8	13.1	37.0	0.0	11.7	.Autoclave.Outputs.PRESSIP\OutputValue	-6.0	61.5	27.4	-1.0	0.0	-1.0	-1.0	-1.0	0.0	0.0	0.0	-1.0	-1.0	0.0	0.0	0.0	-1.0	0.0
19:31:16	63.1	301.2	283.3	314.9	333.4	317.3	343.3	1.0	0.3	44.6	0.0	1.0	0.3	343.3	283.3	4.3	1.4	315.6	313.3	367.3	367.3	366.5	373.7	97.1	63.1	34.8	0.0	366.6	355.0	44.0	56.4	13.0	37.6	0.0	12.9	.Autoclave.Outputs.PRESSIP\OutputValue	-6.0	60.0	24.0	-1.0	0.0	-1.0	-1.0	-1.0	0.0	0.0	0.0	-1.0	-1.0	0.0	0.0	0.0	-1.0	0.0
19:32:16	64.1	303.5	286.1	317.2	335.2	320.9	344.7	1.0	0.3	44.6	0.0	1.0	0.3	344.7	286.1	3.4	1.1	317.9	315.4	365.9	365.9	365.2	372.6	97.1	64.1	35.8	0.0	365.3	355.0	44.0	57.1	12.9	37.8	0.0	14.1	.Autoclave.Outputs.PRESSIP\OutputValue	-6.0	58.6	21.2	-1.0	0.0	-1.0	-1.0	-1.0	0.0	0.0	0.0	-1.0	-1.0	0.0	0.0	0.0	-1.0	0.0
19:33:16	65.1	305.3	288.9	319.1	336.3	323.7	345.9	1.0	0.3	44.6	0.0	1.0	0.3	345.9	288.9	3.1	1.3	319.9	317.4	364.8	364.8	364.0	371.1	97.1	65.1	36.8	0.0	364.1	355.0	44.0	55.7	12.9	38.3	0.0	11.3	.Autoclave.Outputs.PRESSIP\OutputValue	-6.0	57.0	18.9	-1.0	0.0	-1.0	-1.0	-1.0	0.0	0.0	0.0	-1.0	-1.0	0.0	0.0	0.0	-1.0	0.0
19:34:16	66.1	307.4	291.5	320.8	337.2	326.4	347.1	1.0	0.2	44.2	0.0	1.0	0.2	347.1	291.5	2.7	0.7	321.7	319.3	363.7	363.7	363.0	364.3	97.3	66.1	37.8	0.0	362.9	355.0	44.0	54.9	12.8	41.5	-1.0	9.8	.Autoclave.Outputs.PRESSIP\OutputValue	-6.0	55.6	16.6	-1.0	0.0	-1.0	-1.0	-1.0	0.0	0.0	0.0	-1.0	-1.0	0.0	0.0	0.0	-1.0	0.0
19:35:16	67.1	307.6	293.2	321.2	335.6	328.1	345.5	1.0	0.2	44.5	0.0	1.0	0.2	345.5	293.2	1.7	-1.6	321.9	319.4	356.8	356.8	356.0	369.4	97.5	67.1	38.8	0.0	364.5	355.0	44.0	100.0	0.0	39.1	0.0	100.0	.Autoclave.Outputs.PRESSIP\OutputValue	-6.0	52.3	11.3	-1.0	0.0	-1.0	-1.0	-1.0	0.0	0.0	0.0	-1.0	-1.0	0.0	0.0	0.0	-1.0	0.0
19:36:16	68.1	309.5	295.7	322.8	338.4	330.5	347.5	1.1	0.3	44.4	-0.1	1.1	0.3	347.5	295.7	3.2	1.5	324.1	321.6	360.9	360.8	360.1	367.5	97.4	68.1	39.8	0.0	362.5	355.0	44.0	59.8	0.3	39.7	0.0	19.5	.Autoclave.Outputs.PRESSIP\OutputValue	-6.0	51.8	13.4	-1.0	0.0	-1.0	-1.0	-1.0	0.0	0.0	0.0	-1.0	-1.0	0.0	0.0	0.0	-1.0	0.0
19:37:16	69.1	311.7	298.0	324.4	339.7	332.4	348.3	1.0	0.3	44.4	-0.1	1.0	0.3	348.3	298.0	2.2	1.0	325.7	323.2	360.2	360.2	359.5	367.0	97.6	69.1	40.8	0.0	361.7	355.0	44.0	58.6	0.4	39.7	0.0	17.2	.Autoclave.Outputs.PRESSIP\OutputValue	-6.0	50.3	11.9	-1.0	0.0	-1.0	-1.0	-1.0	0.0	0.0	0.0	-1.0	-1.0	0.0	0.0	0.0	-1.0	0.0
19:38:16	70.1	313.0	300.1	325.8	340.5	334.0	348.9	1.1	0.3	44.4	0.0	1.1	0.3	348.9	300.1	2.3	0.5	327.0	324.5	359.9	360.0	359.2	366.3	97.7	70.1	41.8	0.0	361.1	355.0	44.0	57.4	0.6	39.8	0.0	14.8	.Autoclave.Outputs.PRESSIP\OutputValue	-6.0	48.8	11.0	-1.0	0.0	-1.0	-1.0	-1.0	0.0	0.0	0.0	-1.0	-1.0	0.0	0.0	0.0	-1.0	0.0
19:39:16	71.1	314.3	302.1	327.0	341.4	335.7	349.4	1.1	0.2	44.4	0.0	1.1	0.2	349.4	302.1	2.0	0.7	328.3	325.8	359.4	359.4	358.6	365.6	97.7	71.1	42.8	0.0	360.5	355.0	44.0	56.2	0.7	40.2	0.0	12.4	.Autoclave.Outputs.PRESSIP\OutputValue	-6.0	47.3	10.0	-1.0	0.0	-1.0	-1.0	-1.0	0.0	0.0	0.0	-1.0	-1.0	0.0	0.0	0.0	-1.0	0.0
19:40:16	72.1	316.0	304.0	328.0	342.1	337.3	349.9	1.1	0.2	44.4	0.0	1.1	0.2	349.9	304.0	2.1	0.4	329.6	327.0	358.9	358.9	358.2	365.3	97.7	72.1	43.8	0.0	360.2	355.0	44.0	57.0	0.8	40.0	0.0	13.9	.Autoclave.Outputs.PRESSIP\OutputValue	-6.0	45.9	9.0	-1.0	0.0	-1.0	-1.0	-1.0	0.0	0.0	0.0	-1.0	-1.0	0.0	0.0	0.0	-1.0	0.0
19:41:16	73.1	317.5	305.8	328.9	342.6	338.6	350.1	1.1	0.3	44.4	0.0	1.1	0.3	350.1	305.8	1.9	0.3	330.6	328.0	358.8	358.8	357.9	364.8	97.9	73.1	44.8	0.0	359.8	355.0	44.0	55.1	0.9	40.0	0.0	10.2	.Autoclave.Outputs.PRESSIP\OutputValue	-6.0	44.3	8.7	-1.0	0.0	-1.0	-1.0	-1.0	0.0	0.0	0.0	-1.0	-1.0	0.0	0.0	0.0	-1.0	0.0
19:42:16	74.1	318.9	307.9	330.0	343.6	340.1	350.6	1.1	0.3	44.4	0.0	1.1	0.3	350.6	307.9	1.9	0.4	331.8	329.2	358.4	358.4	357.6	364.6	97.9	74.1	45.8	0.0	359.4	355.0	44.0	55.9	1.0	40.0	0.0	11.7	.Autoclave.Outputs.PRESSIP\OutputValue	-6.0	42.8	7.8	-1.0	0.0	-1.0	-1.0	-1.0	0.0	0.0	0.0	-1.0	-1.0	0.0	0.0	0.0	-1.0	0.0
19:43:16	75.1	320.1	309.7	331.3	344.3	341.0	351.0	1.1	0.3	44.4	0.0	1.1	0.3	351.0	309.7	1.8	0.4	332.9	330.3	358.0	358.0	357.2	363.9	98.0	75.1	46.8	0.0	359.0	355.0	44.0	56.0	1.1	40.0	0.0	11.9	.Autoclave.Outputs.PRESSIP\OutputValue	-6.0	41.3	7.0	-1.0	0.0	-1.0	-1.0	-1.0	0.0	0.0	0.0	-1.0	-1.0	0.0	0.0	0.0	-1.0	0.0
19:44:16	76.1	321.3	311.3	331.8	344.8	341.9	351.3	1.1	0.3	44.4	-0.1	1.1	0.3	351.3	311.3	1.8	0.5	333.7	331.3	357.8	357.7	357.1	363.7	98.0	76.1	47.8	0.0	358.6	355.0	44.0	54.7	1.2	40.0	0.0	9.4	.Autoclave.Outputs.PRESSIP\OutputValue	-6.0	40.0	6.5	-1.0	0.0	-1.0	-1.0	-1.0	0.0	0.0	0.0	-1.0	-1.0	0.0	0.0	0.0	-1.0	0.0
19:45:16	77.1	322.7	312.9	332.5	345.6	342.9	351.5	1.1	0.3	44.4	0.0	1.1	0.3	351.5	312.9	1.6	0.1	334.7	332.2	357.7	357.7	356.9	363.6	98.1	77.1	48.8	0.0	358.5	355.0	44.0	54.8	1.3	40.2	0.0	9.6	.Autoclave.Outputs.PRESSIP\OutputValue	-6.0	38.6	6.2	-1.0	0.0	-1.0	-1.0	-1.0	0.0	0.0	0.0	-1.0	-1.0	0.0	0.0	0.0	-1.0	0.0
19:46:16	78.1	323.9	314.4	333.8	346.1	343.7	351.8	1.1	0.2	44.4	0.0	1.1	0.2	351.8	314.4	1.7	0.3	335.6	333.1	357.3	357.3	356.6	363.0	98.1	78.1	49.8	0.0	358.2	355.0	44.0	55.6	1.4	40.0	0.0	11.1	.Autoclave.Outputs.PRESSIP\OutputValue	-6.0	37.4	5.5	-1.0	0.0	-1.0	-1.0	-1.0	0.0	0.0	0.0	-1.0	-1.0	0.0	0.0	0.0	-1.0	0.0
19:47:16	79.1	325.1	315.8	334.5	346.6	344.6	352.0	1.1	0.3	44.4	0.0	1.1	0.3	352.0	315.8	1.3	0.2	336.4	333.9	357.1	357.1	356.4	362.9	98.2	79.1	50.8	0.0	358.0	355.0	44.0	55.7	1.5	40.0	0.0	11.3	.Autoclave.Outputs.PRESSIP\OutputValue	-6.0	36.2	5.1	-1.0	0.0	-1.0	-1.0	-1.0	0.0	0.0	0.0	-1.0	-1.0	0.0	0.0	0.0	-1.0	0.0
19:48:16	80.1	326.1	317.4	335.6	347.1	345.4	352.4	1.1	0.3	44.4	0.0	1.1	0.3	352.4	317.4	1.6	0.3	337.3	334.9	356.9	356.9	356.2	362.6	98.3	80.1	51.8	0.0	357.8	355.0	44.0	55.1	1.6	40.2	0.0	10.1	.Autoclave.Outputs.PRESSIP\OutputValue	-6.0	35.0	4.5	-1.0	0.0	-1.0	-1.0	-1.0	0.0	0.0	0.0	-1.0	-1.0	0.0	0.0	0.0	-1.0	0.0
19:49:16	81.1	327.1	318.7	336.3	347.4	346.0	352.3	1.1	0.3	44.4	-0.1	1.1	0.3	352.3	318.7	1.3	0.1	338.0	335.5	356.8	356.8	356.0	362.9	98.4	81.1	52.8	0.0	357.6	355.0	44.0	55.8	1.7	39.8	0.0	11.6	.Autoclave.Outputs.PRESSIP\OutputValue	-6.0	33.6	4.5	-1.0	0.0	-1.0	-1.0	-1.0	0.0	0.0	0.0	-1.0	-1.0	0.0	0.0	0.0	-1.0	0.0
19:50:16	82.1	328.2	320.0	336.6	348.0	346.6	352.7	1.1	0.2	44.4	-0.1	1.1	0.2	352.7	320.0	1.4	0.1	338.7	336.3	356.7	356.6	355.9	362.4	98.4	82.1	53.8	0.0	357.3	355.0	44.0	54.6	1.7	39.8	0.0	9.1	.Autoclave.Outputs.PRESSIP\OutputValue	-6.0	32.7	4.0	-1.0	0.0	-1.0	-1.0	-1.0	0.0	0.0	0.0	-1.0	-1.0	0.0	0.0	0.0	-1.0	0.0
19:51:16	83.1	329.2	321.2	337.1	348.3	347.3	352.8	1.1	0.3	44.4	0.0	1.1	0.3	352.8	321.2	1.4	0.4	339.3	337.0	356.5	356.5	355.8	362.1	98.5	83.1	54.8	0.0	357.2	355.0	44.0	54.6	1.8	39.8	0.0	9.3	.Autoclave.Outputs.PRESSIP\OutputValue	-6.0	31.6	3.7	-1.0	0.0	-1.0	-1.0	-1.0	0.0	0.0	0.0	-1.0	-1.0	0.0	0.0	0.0	-1.0	0.0
19:52:16	84.1	330.0	322.4	338.2	348.8	347.9	352.9	1.1	0.3	44.4	0.0	1.1	0.3	352.9	322.4	1.2	0.0	340.0	337.6	356.4	356.5	355.7	362.1	98.6	84.1	55.8	0.0	357.1	355.0	44.0	54.7	1.9	39.8	0.0	9.4	.Autoclave.Outputs.PRESSIP\OutputValue	-6.0	30.5	3.5	-1.0	0.0	-1.0	-1.0	-1.0	0.0	0.0	0.0	-1.0	-1.0	0.0	0.0	0.0	-1.0	0.0
19:53:16	85.1	330.6	323.5	338.8	349.1	348.4	353.0	1.1	0.3	44.4	0.0	1.1	0.3	353.0	323.5	1.0	0.1	340.6	338.2	356.3	356.3	355.5	361.7	98.7	85.1	56.8	0.0	356.9	355.0	44.0	54.1	2.0	39.8	0.0	8.2	.Autoclave.Outputs.PRESSIP\OutputValue	-6.0	29.5	3.3	-1.0	0.0	-1.0	-1.0	-1.0	0.0	0.0	0.0	-1.0	-1.0	0.0	0.0	0.0	-1.0	0.0
19:54:16	86.1	331.7	324.7	338.5	349.5	349.0	353.1	1.1	0.3	44.4	0.0	1.1	0.3	353.1	324.7	1.3	0.1	341.1	338.9	356.3	356.3	355.5	361.9	98.7	86.1	57.8	0.0	356.9	355.0	44.0	54.2	2.0	39.7	0.0	8.4	.Autoclave.Outputs.PRESSIP\OutputValue	-6.0	28.4	3.2	-1.0	0.0	-1.0	-1.0	-1.0	0.0	0.0	0.0	-1.0	-1.0	0.0	0.0	0.0	-1.0	0.0
19:55:16	87.1	332.4	325.7	339.9	349.9	349.3	353.2	1.1	0.3	44.4	0.0	1.1	0.3	353.2	325.7	1.1	0.2	341.7	339.4	356.1	356.1	355.3	361.5	98.9	87.1	58.8	0.0	356.7	355.0	44.0	54.3	2.1	39.8	0.0	8.5	.Autoclave.Outputs.PRESSIP\OutputValue	-6.0	27.5	2.9	-1.0	0.0	-1.0	-1.0	-1.0	0.0	0.0	0.0	-1.0	-1.0	0.0	0.0	0.0	-1.0	0.0
19:56:16	88.1	333.2	326.8	340.6	350.0	349.7	353.3	1.1	0.3	44.5	0.0	1.1	0.3	353.3	326.8	1.0	0.0	342.3	340.0	356.1	356.1	355.2	361.7	98.8	88.1	59.8	0.0	356.8	355.0	44.0	55.0	2.2	39.5	0.0	10.0	.Autoclave.Outputs.PRESSIP\OutputValue	-6.0	26.5	2.8	-1.0	0.0	-1.0	-1.0	-1.0	0.0	0.0	0.0	-1.0	-1.0	0.0	0.0	0.0	-1.0	0.0
19:57:16	89.1	334.0	327.8	341.2	350.4	350.0	353.4	1.1	0.3	44.5	0.0	1.1	0.3	353.4	327.8	1.1	0.1	342.8	340.6	356.0	356.0	355.3	361.6	98.9	89.1	60.8	0.0	356.6	355.0	44.0	54.4	2.2	39.3	0.0	8.8	.Autoclave.Outputs.PRESSIP\OutputValue	-6.0	25.6	2.6	-1.0	0.0	-1.0	-1.0	-1.0	0.0	0.0	0.0	-1.0	-1.0	0.0	0.0	0.0	-1.0	0.0
19:58:16	90.1	334.6	328.8	341.5	350.6	350.4	353.5	1.0	0.3	44.4	0.0	1.0	0.3	353.5	328.8	0.9	0.0	343.2	341.1	356.0	356.0	355.3	361.6	98.9	90.1	61.8	0.0	356.6	355.0	44.0	55.1	2.3	39.7	0.0	10.3	.Autoclave.Outputs.PRESSIP\OutputValue	-6.0	24.7	2.5	-1.0	0.0	-1.0	-1.0	-1.0	0.0	0.0	0.0	-1.0	-1.0	0.0	0.0	0.0	-1.0	0.0
19:59:16	91.1	335.4	329.7	341.9	350.8	350.6	353.5	1.0	0.3	44.5	-0.5	1.0	0.3	353.5	329.7	1.0	0.0	343.6	341.6	355.8	355.8	355.1	361.1	99.0	91.1	62.8	0.0	356.5	355.0	44.0	55.2	2.4	39.3	0.0	10.4	.Autoclave.Outputs.PRESSIP\OutputValue	-6.0	23.8	2.3	-1.0	0.0	-1.0	-1.0	-1.0	0.0	0.0	0.0	-1.0	-1.0	0.0	0.0	0.0	-1.0	0.0
20:00:16	92.1	336.3	330.7	342.5	351.2	350.9	353.6	1.1	0.3	44.5	0.0	1.1	0.3	353.6	330.7	1.0	0.0	344.2	342.1	355.9	355.9	355.1	361.3	99.1	92.1	63.8	0.0	356.4	355.0	44.0	53.9	2.4	39.5	0.0	7.8	.Autoclave.Outputs.PRESSIP\OutputValue	-6.0	22.9	2.3	-1.0	0.0	-1.0	-1.0	-1.0	0.0	0.0	0.0	-1.0	-1.0	0.0	0.0	0.0	-1.0	0.0
20:01:16	93.1	336.9	331.6	343.0	351.4	351.2	353.7	1.1	0.4	44.5	0.0	1.1	0.4	353.7	331.6	0.9	0.0	344.6	342.6	355.8	355.8	354.8	361.4	99.1	93.1	64.8	0.0	356.2	355.0	44.0	54.6	2.5	39.1	0.0	9.3	.Autoclave.Outputs.PRESSIP\OutputValue	-6.0	22.1	2.1	-1.0	0.0	-1.0	-1.0	-1.0	0.0	0.0	0.0	-1.0	-1.0	0.0	0.0	0.0	-1.0	0.0
20:02:16	94.1	337.5	332.3	343.5	351.6	351.6	353.8	1.1	0.3	44.5	0.0	1.1	0.3	353.8	332.3	0.9	0.1	345.0	343.0	355.7	355.7	354.9	361.1	99.1	94.1	65.8	0.0	356.2	355.0	44.0	54.7	2.5	39.1	0.0	9.4	.Autoclave.Outputs.PRESSIP\OutputValue	-6.0	21.5	1.9	-1.0	0.0	-1.0	-1.0	-1.0	0.0	0.0	0.0	-1.0	-1.0	0.0	0.0	0.0	-1.0	0.0
20:03:16	95.1	338.0	333.3	343.9	351.8	351.6	353.8	1.0	0.3	44.5	-0.6	1.0	0.3	353.8	333.3	0.8	0.1	345.4	343.5	355.6	355.7	354.9	361.1	99.2	95.1	66.8	0.0	356.1	355.0	44.0	54.8	2.6	39.1	0.0	9.5	.Autoclave.Outputs.PRESSIP\OutputValue	-6.0	20.5	1.8	-1.0	0.0	-1.0	-1.0	-1.0	0.0	0.0	0.0	-1.0	-1.0	0.0	0.0	0.0	-1.0	0.0
20:04:16	96.1	338.8	334.0	344.4	352.0	352.0	353.8	1.1	0.3	44.5	0.0	1.1	0.3	353.8	334.0	0.8	0.1	345.8	343.9	355.6	355.6	354.8	360.9	99.2	96.1	67.8	0.0	356.1	355.0	44.0	54.1	2.7	39.1	0.0	8.3	.Autoclave.Outputs.PRESSIP\OutputValue	-6.0	19.8	1.8	-1.0	0.0	-1.0	-1.0	-1.0	0.0	0.0	0.0	-1.0	-1.0	0.0	0.0	0.0	-1.0	0.0
20:05:16	97.1	339.2	334.7	344.7	352.2	351.9	354.0	1.1	0.3	44.5	0.0	1.1	0.3	354.0	334.7	0.8	-0.1	346.1	344.3	355.6	355.7	354.9	360.8	99.4	97.1	68.8	0.0	356.1	355.0	44.0	54.2	2.7	39.3	0.0	8.4	.Autoclave.Outputs.PRESSIP\OutputValue	-6.0	19.3	1.6	-1.0	0.0	-1.0	-1.0	-1.0	0.0	0.0	0.0	-1.0	-1.0	0.0	0.0	0.0	-1.0	0.0
20:06:16	98.1	339.7	335.4	345.1	352.3	352.6	353.9	1.0	0.3	44.5	0.0	1.0	0.3	353.9	335.4	0.8	0.0	346.5	344.6	355.6	355.6	354.8	360.9	99.4	98.1	69.8	0.0	356.1	355.0	44.0	53.6	2.8	39.1	0.0	7.2	.Autoclave.Outputs.PRESSIP\OutputValue	-6.0	18.5	1.7	-1.0	0.0	-1.0	-1.0	-1.0	0.0	0.0	0.0	-1.0	-1.0	0.0	0.0	0.0	-1.0	0.0
20:07:16	99.1	340.2	336.1	345.5	352.5	352.5	354.0	1.0	0.4	44.5	0.0	1.0	0.4	354.0	336.1	0.7	0.0	346.8	345.0	355.6	355.6	354.7	361.1	99.4	99.1	70.8	0.0	356.1	355.0	44.0	55.0	2.8	38.9	0.0	9.9	.Autoclave.Outputs.PRESSIP\OutputValue	-6.0	17.9	1.6	-1.0	0.0	-1.0	-1.0	-1.0	0.0	0.0	0.0	-1.0	-1.0	0.0	0.0	0.0	-1.0	0.0
20:08:16	100.1	340.9	336.9	345.8	352.6	352.4	353.9	1.0	0.3	44.5	0.0	1.0	0.3	353.9	336.9	0.7	0.0	347.1	345.4	355.5	355.5	354.8	361.0	99.4	100.1	71.8	0.0	356.0	355.0	44.0	55.0	2.9	38.9	0.0	10.1	.Autoclave.Outputs.PRESSIP\OutputValue	-6.0	17.0	1.6	-1.0	0.0	-1.0	-1.0	-1.0	0.0	0.0	0.0	-1.0	-1.0	0.0	0.0	0.0	-1.0	0.0
20:09:16	101.1	341.4	337.4	345.3	352.7	353.0	354.0	1.0	0.3	44.5	0.0	1.0	0.3	354.0	337.4	0.7	0.0	347.3	345.7	355.5	355.4	354.7	360.7	99.4	101.1	72.8	0.0	355.9	355.0	44.0	54.4	2.9	39.1	0.0	8.8	.Autoclave.Outputs.PRESSIP\OutputValue	-6.0	16.6	1.5	-1.0	0.0	-1.0	-1.0	-1.0	0.0	0.0	0.0	-1.0	-1.0	0.0	0.0	0.0	-1.0	0.0
20:10:16	102.1	341.8	338.1	346.4	352.9	352.9	354.1	1.0	0.4	44.5	0.0	1.0	0.4	354.1	338.1	0.6	0.1	347.7	346.1	355.4	355.4	354.7	361.1	99.5	102.1	73.8	0.0	355.9	355.0	44.0	54.5	3.0	38.5	0.0	8.9	.Autoclave.Outputs.PRESSIP\OutputValue	-6.0	16.0	1.3	-1.0	0.0	-1.0	-1.0	-1.0	0.0	0.0	0.0	-1.0	-1.0	0.0	0.0	0.0	-1.0	0.0
20:11:16	103.1	342.3	338.8	346.7	353.0	353.0	354.1	1.0	0.4	44.5	0.0	1.0	0.4	354.1	338.8	0.7	0.0	348.0	346.4	355.4	355.4	354.7	360.7	99.4	103.1	74.8	0.0	355.9	355.0	44.0	54.5	3.0	38.7	0.0	9.0	.Autoclave.Outputs.PRESSIP\OutputValue	-6.0	15.3	1.3	-1.0	0.0	-1.0	-1.0	-1.0	0.0	0.0	0.0	-1.0	-1.0	0.0	0.0	0.0	-1.0	0.0
20:12:16	104.1	342.7	339.3	347.1	353.0	353.1	354.1	1.0	0.4	44.5	-0.6	1.0	0.4	354.1	339.3	0.6	-0.1	348.2	346.7	355.5	355.5	354.7	360.9	99.5	104.1	75.8	0.0	356.0	355.0	44.0	54.6	3.1	38.7	0.0	9.1	.Autoclave.Outputs.PRESSIP\OutputValue	-6.0	14.8	1.4	-1.0	0.0	-1.0	-1.0	-1.0	0.0	0.0	0.0	-1.0	-1.0	0.0	0.0	0.0	-1.0	0.0
20:13:16	105.1	343.2	339.9	347.4	353.2	353.1	354.1	1.0	0.3	44.5	0.0	1.0	0.3	354.1	339.9	0.6	0.0	348.5	347.0	355.4	355.4	354.7	360.8	99.6	105.1	76.8	0.0	355.9	355.0	44.0	53.9	3.1	38.5	0.0	7.9	.Autoclave.Outputs.PRESSIP\OutputValue	-6.0	14.2	1.3	-1.0	0.0	-1.0	-1.0	-1.0	0.0	0.0	0.0	-1.0	-1.0	0.0	0.0	0.0	-1.0	0.0
20:14:16	106.1	343.5	340.5	347.7	353.3	353.4	354.2	1.0	0.4	44.6	-0.1	1.0	0.4	354.2	340.5	0.7	-0.2	348.8	347.3	355.4	355.5	354.7	360.9	99.7	106.1	77.8	0.0	355.8	355.0	44.0	54.7	3.2	38.5	0.0	9.3	.Autoclave.Outputs.PRESSIP\OutputValue	-6.0	13.7	1.2	-1.0	0.0	-1.0	-1.0	-1.0	0.0	0.0	0.0	-1.0	-1.0	0.0	0.0	0.0	-1.0	0.0
20:15:16	107.1	344.0	341.0	348.0	353.4	353.5	354.1	1.0	0.3	44.5	-0.1	1.0	0.3	354.1	341.0	0.6	0.1	349.0	347.5	355.5	355.5	354.7	360.4	99.9	107.1	78.8	0.0	355.8	355.0	44.0	54.0	3.2	38.5	0.0	8.1	.Autoclave.Outputs.PRESSIP\OutputValue	-6.0	13.1	1.4	-1.0	0.0	-1.0	-1.0	-1.0	0.0	0.0	0.0	-1.0	-1.0	0.0	0.0	0.0	-1.0	0.0
20:16:16	108.1	344.5	341.4	348.2	353.5	353.5	354.1	1.0	0.3	44.5	-0.1	1.0	0.3	354.1	341.4	0.5	-0.1	349.2	347.7	355.6	355.6	354.7	360.9	99.9	108.1	79.8	0.0	355.8	355.0	44.0	52.7	3.2	38.5	0.0	5.5	.Autoclave.Outputs.PRESSIP\OutputValue	-6.0	12.7	1.5	-1.0	0.0	-1.0	-1.0	-1.0	0.0	0.0	0.0	-1.0	-1.0	0.0	0.0	0.0	-1.0	0.0
20:17:16	109.1	344.7	341.9	348.5	353.7	353.6	354.4	0.9	0.4	44.5	0.0	0.9	0.4	354.4	341.9	0.4	0.0	349.5	348.1	355.3	355.2	354.6	360.7	99.9	109.1	80.8	0.0	355.7	355.0	44.0	54.1	3.3	38.5	0.0	8.2	.Autoclave.Outputs.PRESSIP\OutputValue	-6.0	12.5	0.9	-1.0	0.0	-1.0	-1.0	-1.0	0.0	0.0	0.0	-1.0	-1.0	0.0	0.0	0.0	-1.0	0.0
20:18:16	110.1	344.9	342.4	348.6	353.7	353.7	354.3	0.9	0.3	44.5	0.0	0.9	0.3	354.3	342.4	0.5	0.0	349.6	348.3	355.4	355.2	354.7	360.5	100.0	110.1	81.8	0.0	355.7	355.0	44.0	53.5	3.3	38.5	0.0	7.0	.Autoclave.Outputs.PRESSIP\OutputValue	-6.0	11.9	1.1	-1.0	0.0	-1.0	-1.0	-1.0	0.0	0.0	0.0	-1.0	-1.0	0.0	0.0	0.0	-1.0	0.0
20:19:16	111.1	345.4	342.9	348.9	353.9	353.7	354.3	1.0	0.3	44.5	0.0	1.0	0.3	354.3	342.9	0.5	0.0	349.8	348.6	355.2	355.2	354.5	360.6	100.0	111.1	82.8	0.0	355.7	355.0	44.0	54.2	3.4	38.7	0.0	8.4	.Autoclave.Outputs.PRESSIP\OutputValue	-6.0	11.4	0.9	-1.0	0.0	-1.0	-1.0	-1.0	0.0	0.0	0.0	-1.0	-1.0	0.0	0.0	0.0	-1.0	0.0
20:20:16	112.1	345.6	343.3	349.1	353.9	353.9	354.3	1.0	0.4	44.6	0.0	1.0	0.4	354.3	343.3	0.4	-0.1	350.0	348.8	355.3	355.3	354.6	360.6	100.0	112.1	83.8	0.0	355.7	355.0	44.0	53.6	3.4	38.2	0.0	7.1	.Autoclave.Outputs.PRESSIP\OutputValue	-6.0	11.0	1.0	-1.0	0.0	-1.0	-1.0	-1.0	0.0	0.0	0.0	-1.0	-1.0	0.0	0.0	0.0	-1.0	0.0
20:21:16	113.1	346.1	343.7	349.3	353.9	353.9	354.4	0.9	0.3	44.6	0.0	0.9	0.3	354.4	343.7	0.5	0.0	350.2	349.0	355.3	355.3	354.5	360.6	99.9	113.1	84.8	0.0	355.7	355.0	44.0	54.3	3.4	38.0	0.0	8.5	.Autoclave.Outputs.PRESSIP\OutputValue	-6.0	10.7	0.9	-1.0	0.0	-1.0	-1.0	-1.0	0.0	0.0	0.0	-1.0	-1.0	0.0	0.0	0.0	-1.0	0.0
20:22:16	114.1	346.1	344.1	349.5	354.0	353.9	354.4	0.9	0.3	44.6	0.0	0.9	0.3	354.4	344.1	0.3	0.0	350.3	349.2	355.3	355.3	354.6	360.7	100.1	114.1	85.8	0.0	355.6	355.0	44.0	54.3	3.5	38.0	0.0	8.6	.Autoclave.Outputs.PRESSIP\OutputValue	-6.0	10.3	0.9	-1.0	0.0	-1.0	-1.0	-1.0	0.0	0.0	0.0	-1.0	-1.0	0.0	0.0	0.0	-1.0	0.0
20:23:16	115.1	346.8	344.5	349.7	354.1	353.9	354.3	0.9	0.3	44.6	0.0	0.9	0.3	354.3	344.5	0.5	0.0	350.5	349.4	355.3	355.3	354.6	360.5	100.0	115.1	86.8	0.0	355.7	355.0	44.0	54.3	3.5	38.0	0.0	8.7	.Autoclave.Outputs.PRESSIP\OutputValue	-6.0	9.8	1.0	-1.0	0.0	-1.0	-1.0	-1.0	0.0	0.0	0.0	-1.0	-1.0	0.0	0.0	0.0	-1.0	0.0
20:24:16	116.1	346.8	344.8	349.9	354.1	354.1	354.4	0.9	0.3	44.6	0.0	0.9	0.3	354.4	344.8	0.3	0.0	350.7	349.6	355.3	355.3	354.5	360.4	100.1	116.1	87.8	0.0	355.6	355.0	44.0	53.0	3.6	38.0	0.0	6.1	.Autoclave.Outputs.PRESSIP\OutputValue	-6.0	9.6	0.9	-1.0	0.0	-1.0	-1.0	-1.0	0.0	0.0	0.0	-1.0	-1.0	0.0	0.0	0.0	-1.0	0.0
20:25:07	116.9	347.1	345.3	350.2	354.2	354.1	354.4	0.9	0.4	44.6	0.0	0.9	0.4	354.4	345.3	0.4	-0.1	350.9	349.8	355.4	355.2	354.5	360.7	100.1	116.9	88.7	0.0	355.7	355.0	44.0	53.1	3.6	38.0	0.0	6.2	.Autoclave.Outputs.PRESSIP\OutputValue	-6.0	9.1	1.1	-1.0	0.0	-1.0	-1.0	-1.0	0.0	0.0	0.0	-1.0	-1.0	0.0	0.0	0.0	-1.0	0.0
20:25:16	117.1	347.1	345.3	350.1	354.2	354.1	354.4	0.9	0.3	44.6	0.0	0.9	0.3	354.4	345.3	0.5	-0.1	350.9	349.8	355.4	355.4	354.6	360.7	100.1	117.1	0.2	89.8	355.6	355.0	44.0	53.8	3.6	38.0	0.0	7.5	.Autoclave.Outputs.PRESSIP\OutputValue	-6.0	9.1	1.0	-1.0	0.0	-1.0	-1.0	-1.0	0.0	0.0	0.0	-1.0	-1.0	0.0	0.0	0.0	-1.0	0.0
20:26:16	118.1	347.3	345.6	350.3	354.3	354.1	354.4	0.9	0.3	44.6	0.0	0.9	0.3	354.4	345.6	0.2	0.0	351.0	350.0	355.4	355.3	354.7	360.7	100.2	118.1	1.1	88.9	355.6	355.0	44.0	53.1	3.6	37.8	0.0	6.2	.Autoclave.Outputs.PRESSIP\OutputValue	-6.0	8.8	1.0	-1.0	0.0	-1.0	-1.0	-1.0	0.0	0.0	0.0	-1.0	-1.0	0.0	0.0	0.0	-1.0	0.0
20:27:16	119.1	347.6	346.0	350.5	354.3	354.2	354.4	0.9	0.3	44.6	0.0	0.9	0.3	354.4	346.0	0.5	0.0	351.2	350.2	355.4	355.3	354.6	360.4	100.2	119.1	2.2	87.8	355.6	355.0	44.0	53.1	3.7	38.0	0.0	6.3	.Autoclave.Outputs.PRESSIP\OutputValue	-6.0	8.4	1.0	-1.0	0.0	-1.0	-1.0	-1.0	0.0	0.0	0.0	-1.0	-1.0	0.0	0.0	0.0	-1.0	0.0
20:28:16	120.1	347.8	346.4	350.7	354.3	354.3	354.4	0.9	0.4	44.6	0.0	0.9	0.4	354.4	346.4	0.3	0.0	351.3	350.4	355.4	355.3	354.6	360.5	100.3	120.1	3.2	86.8	355.7	355.0	44.0	53.2	3.7	37.8	0.0	6.4	.Autoclave.Outputs.PRESSIP\OutputValue	-6.0	8.0	1.0	-1.0	0.0	-1.0	-1.0	-1.0	0.0	0.0	0.0	-1.0	-1.0	0.0	0.0	0.0	-1.0	0.0
20:29:16	121.1	348.0	346.6	350.8	354.3	354.4	354.4	0.9	0.3	44.6	0.0	0.9	0.3	354.4	346.6	0.3	0.0	351.4	350.5	355.3	355.4	354.6	360.6	100.3	121.1	4.2	85.8	355.6	355.0	44.0	53.9	3.7	37.6	0.0	7.8	.Autoclave.Outputs.PRESSIP\OutputValue	-6.0	7.8	0.9	-1.0	0.0	-1.0	-1.0	-1.0	0.0	0.0	0.0	-1.0	-1.0	0.0	0.0	0.0	-1.0	0.0
20:30:16	122.1	348.1	346.9	350.9	354.4	354.4	354.4	0.9	0.4	44.6	0.0	0.9	0.4	354.4	346.9	0.3	-0.1	351.5	350.6	355.3	355.3	354.6	360.6	100.2	122.1	5.2	84.8	355.5	355.0	44.0	53.9	3.7	37.6	0.0	7.8	.Autoclave.Outputs.PRESSIP\OutputValue	-6.0	7.5	0.9	-1.0	0.0	-1.0	-1.0	-1.0	0.0	0.0	0.0	-1.0	-1.0	0.0	0.0	0.0	-1.0	0.0
20:31:16	123.1	348.4	347.2	351.1	354.4	354.5	354.4	0.9	0.3	44.6	0.0	0.9	0.3	354.5	347.2	0.3	-0.1	351.7	350.8	355.3	355.3	354.6	360.6	100.4	123.1	6.2	83.8	355.5	355.0	44.0	53.2	3.8	37.8	0.0	6.4	.Autoclave.Outputs.PRESSIP\OutputValue	-6.0	7.3	0.8	-1.0	0.0	-1.0	-1.0	-1.0	0.0	0.0	0.0	-1.0	-1.0	0.0	0.0	0.0	-1.0	0.0
20:32:16	124.1	348.5	347.4	351.2	354.5	354.4	354.5	0.9	0.3	44.6	0.0	0.9	0.3	354.5	347.4	0.3	0.0	351.7	350.9	355.3	355.3	354.6	360.3	100.4	124.1	7.2	82.8	355.5	355.0	44.0	53.2	3.8	37.8	0.0	6.4	.Autoclave.Outputs.PRESSIP\OutputValue	-6.0	7.1	0.8	-1.0	0.0	-1.0	-1.0	-1.0	0.0	0.0	0.0	-1.0	-1.0	0.0	0.0	0.0	-1.0	0.0
20:33:16	125.1	348.8	347.7	351.2	354.4	354.5	354.4	0.9	0.3	44.7	0.0	0.9	0.3	354.5	347.7	0.2	-0.1	351.8	351.1	355.4	355.4	354.5	360.5	100.5	125.1	8.2	81.8	355.5	355.0	44.0	53.9	3.8	37.4	0.0	7.8	.Autoclave.Outputs.PRESSIP\OutputValue	-6.0	6.8	0.9	-1.0	0.0	-1.0	-1.0	-1.0	0.0	0.0	0.0	-1.0	-1.0	0.0	0.0	0.0	-1.0	0.0
20:34:16	126.1	348.8	347.9	351.4	354.5	354.5	354.5	0.9	0.3	44.6	0.0	0.9	0.3	354.5	347.9	0.3	0.0	351.9	351.2	355.2	355.2	354.4	360.4	100.5	126.1	9.2	80.8	355.5	355.0	44.0	53.9	3.9	37.6	0.0	7.9	.Autoclave.Outputs.PRESSIP\OutputValue	-6.0	6.6	0.7	-1.0	0.0	-1.0	-1.0	-1.0	0.0	0.0	0.0	-1.0	-1.0	0.0	0.0	0.0	-1.0	0.0
20:35:16	127.1	349.2	348.1	351.5	354.5	354.5	354.4	0.9	0.4	44.7	0.0	0.9	0.4	354.5	348.1	0.3	0.0	352.0	351.3	355.3	355.3	354.6	360.5	100.5	127.1	10.1	79.9	355.2	355.0	44.0	51.4	3.9	37.4	0.0	2.8	.Autoclave.Outputs.PRESSIP\OutputValue	-6.0	6.4	0.8	-1.0	0.0	-1.0	-1.0	-1.0	0.0	0.0	0.0	-1.0	-1.0	0.0	0.0	0.0	-1.0	0.0
20:36:16	128.1	349.3	348.4	351.7	354.5	354.5	354.4	0.9	0.3	44.7	0.0	0.9	0.3	354.5	348.4	0.2	-0.1	352.1	351.4	355.2	355.2	354.5	360.5	100.5	128.1	11.2	78.9	355.5	355.0	44.0	54.0	3.9	37.4	0.0	8.0	.Autoclave.Outputs.PRESSIP\OutputValue	-6.0	6.1	0.7	-1.0	0.0	-1.0	-1.0	-1.0	0.0	0.0	0.0	-1.0	-1.0	0.0	0.0	0.0	-1.0	0.0
20:37:16	129.1	349.4	348.6	351.7	354.6	354.7	354.4	0.8	0.3	44.7	0.0	0.8	0.3	354.7	348.6	0.3	-0.1	352.2	351.6	355.2	355.2	354.5	360.2	100.5	129.1	12.2	77.8	355.5	355.0	44.0	54.0	3.9	37.2	0.0	8.0	.Autoclave.Outputs.PRESSIP\OutputValue	-6.0	6.1	0.5	-1.0	0.0	-1.0	-1.0	-1.0	0.0	0.0	0.0	-1.0	-1.0	0.0	0.0	0.0	-1.0	0.0
20:38:16	130.1	349.5	348.7	351.8	354.5	354.5	354.4	0.8	0.3	44.6	0.0	0.8	0.3	354.5	348.7	0.3	0.0	352.2	351.6	355.2	355.2	354.5	360.3	100.7	130.1	13.2	76.8	355.5	355.0	44.0	53.4	4.0	37.6	0.0	6.8	.Autoclave.Outputs.PRESSIP\OutputValue	-6.0	5.8	0.7	-1.0	0.0	-1.0	-1.0	-1.0	0.0	0.0	0.0	-1.0	-1.0	0.0	0.0	0.0	-1.0	0.0
20:39:16	131.1	349.6	349.0	351.9	354.5	354.5	354.4	0.9	0.3	44.7	0.0	0.9	0.3	354.5	349.0	0.2	-0.1	352.3	351.7	355.2	355.2	354.5	360.4	100.6	131.1	14.1	75.9	355.5	355.0	44.0	54.1	4.0	37.2	0.0	8.1	.Autoclave.Outputs.PRESSIP\OutputValue	-6.0	5.5	0.7	-1.0	0.0	-1.0	-1.0	-1.0	0.0	0.0	0.0	-1.0	-1.0	0.0	0.0	0.0	-1.0	0.0
20:40:16	132.1	349.9	349.3	352.1	354.5	354.5	354.4	0.8	0.3	44.6	0.0	0.8	0.3	354.5	349.3	0.2	-0.1	352.4	351.9	355.2	355.3	354.6	360.3	100.7	132.1	15.2	74.8	355.4	355.0	44.0	54.1	4.0	37.6	0.0	8.2	.Autoclave.Outputs.PRESSIP\OutputValue	-6.0	5.2	0.7	-1.0	0.0	-1.0	-1.0	-1.0	0.0	0.0	0.0	-1.0	-1.0	0.0	0.0	0.0	-1.0	0.0
20:41:16	133.1	350.0	349.4	352.2	354.5	354.5	354.3	0.8	0.3	44.7	0.0	0.8	0.3	354.5	349.4	0.2	-0.1	352.5	351.9	355.2	355.2	354.5	360.4	100.8	133.1	16.1	73.9	355.4	355.0	44.0	53.5	4.0	37.2	0.0	6.9	.Autoclave.Outputs.PRESSIP\OutputValue	-6.0	5.1	0.7	-1.0	0.0	-1.0	-1.0	-1.0	0.0	0.0	0.0	-1.0	-1.0	0.0	0.0	0.0	-1.0	0.0
20:42:16	134.1	350.2	349.7	352.2	354.5	354.6	354.4	0.8	0.4	44.7	0.0	0.8	0.4	354.6	349.7	0.2	0.0	352.6	352.1	355.2	355.2	354.5	360.5	100.7	134.1	17.2	72.8	355.3	355.0	44.0	52.8	4.1	37.2	0.0	5.6	.Autoclave.Outputs.PRESSIP\OutputValue	-6.0	4.9	0.6	-1.0	0.0	-1.0	-1.0	-1.0	0.0	0.0	0.0	-1.0	-1.0	0.0	0.0	0.0	-1.0	0.0
20:43:16	135.1	350.3	349.9	352.3	354.6	354.5	354.4	0.8	0.3	44.7	0.0	0.8	0.3	354.6	349.9	0.1	-0.1	352.7	352.2	355.2	355.2	354.5	360.3	100.7	135.1	18.2	71.8	355.4	355.0	44.0	53.5	4.1	37.0	0.0	7.0	.Autoclave.Outputs.PRESSIP\OutputValue	-6.0	4.7	0.6	-1.0	0.0	-1.0	-1.0	-1.0	0.0	0.0	0.0	-1.0	-1.0	0.0	0.0	0.0	-1.0	0.0
20:44:16	136.1	350.3	350.0	352.3	354.6	354.4	354.3	0.8	0.3	44.7	0.0	0.8	0.3	354.6	350.0	0.4	-0.1	352.6	352.3	355.2	355.2	354.5	360.4	100.7	136.1	19.2	70.8	355.4	355.0	44.0	52.9	4.1	37.0	0.0	5.7	.Autoclave.Outputs.PRESSIP\OutputValue	-6.0	4.6	0.6	-1.0	0.0	-1.0	-1.0	-1.0	0.0	0.0	0.0	-1.0	-1.0	0.0	0.0	0.0	-1.0	0.0
20:45:16	137.1	350.4	350.1	352.4	354.6	354.4	354.4	0.8	0.4	44.7	0.0	0.8	0.4	354.6	350.1	0.1	-0.2	352.7	352.3	355.3	355.2	354.5	360.3	100.8	137.1	20.2	69.8	355.4	355.0	44.0	53.5	4.1	37.2	0.0	7.1	.Autoclave.Outputs.PRESSIP\OutputValue	-6.0	4.5	0.7	-1.0	0.0	-1.0	-1.0	-1.0	0.0	0.0	0.0	-1.0	-1.0	0.0	0.0	0.0	-1.0	0.0
20:46:16	138.1	350.6	350.3	352.6	354.6	354.6	354.4	0.8	0.4	44.7	0.0	0.8	0.4	354.6	350.3	0.2	-0.1	352.8	352.4	355.2	355.2	354.4	360.4	100.8	138.1	21.2	68.8	355.4	355.0	44.0	54.2	4.2	37.2	0.0	8.5	.Autoclave.Outputs.PRESSIP\OutputValue	-6.0	4.3	0.6	-1.0	0.0	-1.0	-1.0	-1.0	0.0	0.0	0.0	-1.0	-1.0	0.0	0.0	0.0	-1.0	0.0
20:47:16	139.1	350.7	350.5	352.6	354.6	354.5	354.4	0.8	0.3	44.7	0.0	0.8	0.3	354.6	350.5	0.2	0.1	352.9	352.5	355.2	355.2	354.4	360.5	100.8	139.1	22.2	67.8	355.3	355.0	44.0	53.6	4.2	37.0	0.0	7.2	.Autoclave.Outputs.PRESSIP\OutputValue	-6.0	4.1	0.6	-1.0	0.0	-1.0	-1.0	-1.0	0.0	0.0	0.0	-1.0	-1.0	0.0	0.0	0.0	-1.0	0.0
20:48:16	140.1	350.8	350.6	352.7	354.7	354.6	354.4	0.8	0.3	44.7	0.0	0.8	0.3	354.7	350.6	0.1	-0.1	353.0	352.6	355.1	355.1	354.4	360.3	100.9	140.1	23.2	66.8	355.3	355.0	44.0	52.9	4.2	37.2	0.0	5.9	.Autoclave.Outputs.PRESSIP\OutputValue	-6.0	4.1	0.4	-1.0	0.0	-1.0	-1.0	-1.0	0.0	0.0	0.0	-1.0	-1.0	0.0	0.0	0.0	-1.0	0.0
20:49:16	141.1	350.9	350.7	352.8	354.7	354.5	354.4	0.8	0.4	44.7	0.0	0.8	0.4	354.7	350.7	0.2	-0.1	353.0	352.7	355.1	355.1	354.4	360.3	100.9	141.1	24.2	65.8	355.4	355.0	44.0	54.3	4.2	37.0	0.0	8.6	.Autoclave.Outputs.PRESSIP\OutputValue	-6.0	4.0	0.4	-1.0	0.0	-1.0	-1.0	-1.0	0.0	0.0	0.0	-1.0	-1.0	0.0	0.0	0.0	-1.0	0.0
20:50:16	142.1	351.1	350.9	352.8	354.7	354.6	354.4	0.8	0.4	44.7	0.0	0.8	0.4	354.7	350.9	0.1	-0.1	353.1	352.8	355.1	355.1	354.5	360.3	100.9	142.1	25.2	64.8	355.3	355.0	44.0	54.3	4.2	36.8	0.0	8.6	.Autoclave.Outputs.PRESSIP\OutputValue	-6.0	3.8	0.4	-1.0	0.0	-1.0	-1.0	-1.0	0.0	0.0	0.0	-1.0	-1.0	0.0	0.0	0.0	-1.0	0.0
20:51:16	143.1	350.8	350.9	352.9	354.6	354.6	354.4	0.8	0.3	44.7	0.0	0.8	0.3	354.6	350.8	0.0	-0.1	353.0	352.7	355.1	355.1	354.5	360.1	100.9	143.1	26.2	63.8	355.3	355.0	44.0	53.7	4.3	36.8	0.0	7.3	.Autoclave.Outputs.PRESSIP\OutputValue	-6.0	3.8	0.5	-1.0	0.0	-1.0	-1.0	-1.0	0.0	0.0	0.0	-1.0	-1.0	0.0	0.0	0.0	-1.0	0.0
20:52:16	144.1	350.9	351.0	352.9	354.7	354.5	354.4	0.8	0.3	44.7	0.0	0.8	0.3	354.7	350.9	0.1	0.0	353.1	352.8	355.1	355.1	354.3	360.2	100.9	144.1	27.2	62.8	355.3	355.0	44.0	54.4	4.3	37.0	0.0	8.7	.Autoclave.Outputs.PRESSIP\OutputValue	-6.0	3.8	0.4	-1.0	0.0	-1.0	-1.0	-1.0	0.0	0.0	0.0	-1.0	-1.0	0.0	0.0	0.0	-1.0	0.0
20:53:16	145.1	351.1	351.2	353.0	354.7	354.4	354.3	0.8	0.4	44.7	0.0	0.8	0.4	354.7	351.1	0.2	-0.1	353.1	352.9	355.1	355.1	354.4	360.3	101.1	145.1	28.2	61.8	355.4	355.0	44.0	54.4	4.3	36.8	0.0	8.8	.Autoclave.Outputs.PRESSIP\OutputValue	-6.0	3.6	0.4	-1.0	0.0	-1.0	-1.0	-1.0	0.0	0.0	0.0	-1.0	-1.0	0.0	0.0	0.0	-1.0	0.0
20:54:16	146.1	351.1	351.3	353.1	354.7	354.5	354.4	0.8	0.4	44.7	0.0	0.8	0.4	354.7	351.1	0.2	-0.2	353.2	352.9	355.1	355.2	354.4	360.3	101.1	146.1	29.1	60.9	355.3	355.0	44.0	54.4	4.3	37.0	0.0	8.8	.Autoclave.Outputs.PRESSIP\OutputValue	-6.0	3.6	0.4	-1.0	0.0	-1.0	-1.0	-1.0	0.0	0.0	0.0	-1.0	-1.0	0.0	0.0	0.0	-1.0	0.0
20:55:16	147.1	351.1	351.4	353.1	354.6	354.6	354.4	0.8	0.3	44.7	0.0	0.8	0.3	354.6	351.1	0.1	0.0	353.2	352.8	355.1	355.1	354.4	360.3	101.0	147.1	30.2	59.8	355.4	355.0	44.0	54.4	4.3	36.6	0.0	8.8	.Autoclave.Outputs.PRESSIP\OutputValue	-6.0	3.5	0.5	-1.0	0.0	-1.0	-1.0	-1.0	0.0	0.0	0.0	-1.0	-1.0	0.0	0.0	0.0	-1.0	0.0
20:56:16	148.1	351.1	351.5	353.2	354.7	354.5	354.4	0.8	0.3	44.7	0.0	0.8	0.3	354.7	351.1	0.2	-0.1	353.2	352.9	355.2	355.2	354.5	360.2	101.0	148.1	31.2	58.8	355.2	355.0	44.0	53.1	4.4	37.0	0.0	6.2	.Autoclave.Outputs.PRESSIP\OutputValue	-6.0	3.6	0.5	-1.0	0.0	-1.0	-1.0	-1.0	0.0	0.0	0.0	-1.0	-1.0	0.0	0.0	0.0	-1.0	0.0
20:57:16	149.1	351.4	351.7	353.2	354.7	354.5	354.3	0.8	0.3	44.7	0.0	0.8	0.3	354.7	351.4	0.2	-0.2	353.3	353.0	355.2	355.2	354.5	360.4	101.1	149.1	32.2	57.9	355.4	355.0	44.0	53.1	4.4	36.8	0.0	6.2	.Autoclave.Outputs.PRESSIP\OutputValue	-6.0	3.3	0.5	-1.0	0.0	-1.0	-1.0	-1.0	0.0	0.0	0.0	-1.0	-1.0	0.0	0.0	0.0	-1.0	0.0
20:58:16	150.1	351.5	351.8	353.3	354.7	354.4	354.4	0.8	0.4	44.7	0.0	0.8	0.4	354.7	351.5	0.2	0.0	353.3	353.1	355.2	355.2	354.5	360.3	101.1	150.1	33.2	56.8	355.3	355.0	44.0	53.1	4.4	36.6	0.0	6.3	.Autoclave.Outputs.PRESSIP\OutputValue	-6.0	3.2	0.5	-1.0	0.0	-1.0	-1.0	-1.0	0.0	0.0	0.0	-1.0	-1.0	0.0	0.0	0.0	-1.0	0.0
20:59:16	151.1	351.5	351.9	353.3	354.7	354.6	354.4	0.8	0.4	44.7	0.0	0.8	0.4	354.7	351.5	0.1	0.0	353.4	353.1	355.1	355.1	354.4	360.1	101.2	151.1	34.2	55.8	355.2	355.0	44.0	52.5	4.4	36.6	0.0	5.0	.Autoclave.Outputs.PRESSIP\OutputValue	-6.0	3.2	0.4	-1.0	0.0	-1.0	-1.0	-1.0	0.0	0.0	0.0	-1.0	-1.0	0.0	0.0	0.0	-1.0	0.0
21:00:16	152.1	351.5	351.8	353.3	354.7	354.6	354.3	0.8	0.3	44.8	0.0	0.8	0.3	354.7	351.5	0.1	-0.1	353.4	353.1	355.2	355.1	354.4	360.1	101.2	152.1	35.2	54.8	355.3	355.0	44.0	52.5	4.4	36.6	0.0	5.0	.Autoclave.Outputs.PRESSIP\OutputValue	-6.0	3.2	0.5	-1.0	0.0	-1.0	-1.0	-1.0	0.0	0.0	0.0	-1.0	-1.0	0.0	0.0	0.0	-1.0	0.0
21:01:16	153.1	351.6	352.0	353.3	354.7	354.6	354.4	0.8	0.3	44.8	0.0	0.8	0.3	354.7	351.6	0.1	-0.1	353.4	353.1	355.1	355.1	354.3	360.1	101.2	153.1	36.2	53.8	355.3	355.0	44.0	53.8	4.4	36.5	0.0	7.7	.Autoclave.Outputs.PRESSIP\OutputValue	-6.0	3.1	0.4	-1.0	0.0	-1.0	-1.0	-1.0	0.0	0.0	0.0	-1.0	-1.0	0.0	0.0	0.0	-1.0	0.0
21:02:16	154.1	351.6	352.0	353.3	354.7	354.6	354.4	0.8	0.4	44.7	0.0	0.8	0.4	354.7	351.6	0.1	0.0	353.4	353.1	355.1	355.1	354.4	360.3	101.3	154.1	37.2	52.8	355.2	355.0	44.0	53.9	4.5	36.6	0.0	7.7	.Autoclave.Outputs.PRESSIP\OutputValue	-6.0	3.1	0.4	-1.0	0.0	-1.0	-1.0	-1.0	0.0	0.0	0.0	-1.0	-1.0	0.0	0.0	0.0	-1.0	0.0
21:03:16	155.1	351.7	352.1	353.4	354.8	354.6	354.4	0.7	0.3	44.7	0.0	0.7	0.3	354.8	351.7	0.1	-0.1	353.5	353.2	355.2	355.1	354.3	360.4	101.3	155.1	38.2	51.8	355.2	355.0	44.0	53.2	4.5	36.8	0.0	6.4	.Autoclave.Outputs.PRESSIP\OutputValue	-6.0	3.1	0.4	-1.0	0.0	-1.0	-1.0	-1.0	0.0	0.0	0.0	-1.0	-1.0	0.0	0.0	0.0	-1.0	0.0
21:04:16	156.1	351.7	352.2	353.5	354.6	354.5	354.3	0.7	0.4	44.8	0.0	0.7	0.4	354.6	351.7	0.2	-0.1	353.5	353.1	355.2	355.2	354.5	360.0	101.4	156.1	39.2	50.8	355.3	355.0	44.0	53.2	4.5	36.6	0.0	6.5	.Autoclave.Outputs.PRESSIP\OutputValue	-6.0	2.9	0.6	-1.0	0.0	-1.0	-1.0	-1.0	0.0	0.0	0.0	-1.0	-1.0	0.0	0.0	0.0	-1.0	0.0
21:05:16	157.1	351.4	352.2	353.4	354.7	354.5	354.3	0.7	0.3	44.8	0.0	0.7	0.3	354.7	351.4	0.1	-0.1	353.4	353.0	355.1	355.2	354.3	360.3	101.4	157.1	40.1	49.9	355.2	355.0	44.0	53.9	4.5	36.6	0.0	7.8	.Autoclave.Outputs.PRESSIP\OutputValue	-6.0	3.3	0.4	-1.0	0.0	-1.0	-1.0	-1.0	0.0	0.0	0.0	-1.0	-1.0	0.0	0.0	0.0	-1.0	0.0
21:06:17	158.1	351.8	352.3	353.5	354.7	354.6	354.3	0.7	0.4	44.8	0.0	0.7	0.4	354.7	351.8	0.1	-0.1	353.5	353.2	355.1	355.1	354.4	360.1	101.3	158.1	41.1	48.9	355.3	355.0	44.0	53.3	4.5	36.6	0.0	6.5	.Autoclave.Outputs.PRESSIP\OutputValue	-6.0	2.9	0.4	-1.0	0.0	-1.0	-1.0	-1.0	0.0	0.0	0.0	-1.0	-1.0	0.0	0.0	0.0	-1.0	0.0
21:07:16	159.1	351.8	352.4	353.6	354.7	354.6	354.3	0.8	0.3	44.7	0.0	0.8	0.3	354.7	351.8	0.1	0.0	353.6	353.2	355.1	355.1	354.3	360.2	101.3	159.1	42.2	47.8	355.3	355.0	44.0	53.9	4.5	36.5	0.0	7.9	.Autoclave.Outputs.PRESSIP\OutputValue	-6.0	2.9	0.4	-1.0	0.0	-1.0	-1.0	-1.0	0.0	0.0	0.0	-1.0	-1.0	0.0	0.0	0.0	-1.0	0.0
21:08:16	160.1	351.9	352.5	353.6	354.7	354.6	354.4	0.7	0.3	44.8	0.0	0.7	0.3	354.7	351.9	0.3	-0.1	353.6	353.3	355.2	355.1	354.4	360.2	101.3	160.1	43.2	46.9	355.2	355.0	44.0	52.6	4.5	36.5	0.0	5.3	.Autoclave.Outputs.PRESSIP\OutputValue	-6.0	2.8	0.5	-1.0	0.0	-1.0	-1.0	-1.0	0.0	0.0	0.0	-1.0	-1.0	0.0	0.0	0.0	-1.0	0.0
21:09:16	161.1	351.8	352.6	353.5	354.9	354.6	354.3	0.7	0.3	44.8	0.0	0.7	0.3	354.9	351.8	0.2	-0.2	353.6	353.3	355.1	355.1	354.3	360.3	101.4	161.1	44.2	45.8	355.3	355.0	44.0	53.3	4.6	36.5	0.0	6.6	.Autoclave.Outputs.PRESSIP\OutputValue	-6.0	3.1	0.2	-1.0	0.0	-1.0	-1.0	-1.0	0.0	0.0	0.0	-1.0	-1.0	0.0	0.0	0.0	-1.0	0.0
21:10:16	162.1	351.9	352.6	353.8	354.8	354.6	354.4	0.7	0.3	44.7	0.0	0.7	0.3	354.8	351.9	0.3	-0.2	353.7	353.3	355.1	355.2	354.4	360.2	101.4	162.1	45.2	44.8	355.3	355.0	44.0	53.3	4.6	36.5	0.0	6.6	.Autoclave.Outputs.PRESSIP\OutputValue	-6.0	2.9	0.3	-1.0	0.0	-1.0	-1.0	-1.0	0.0	0.0	0.0	-1.0	-1.0	0.0	0.0	0.0	-1.0	0.0
21:11:16	163.1	351.7	352.7	353.8	354.7	354.6	354.3	0.7	0.3	44.7	0.0	0.7	0.3	354.7	351.7	0.1	-0.3	353.6	353.2	355.1	355.1	354.3	360.0	101.3	163.1	46.1	43.9	355.3	355.0	44.0	53.3	4.6	36.5	0.0	6.7	.Autoclave.Outputs.PRESSIP\OutputValue	-6.0	3.0	0.4	-1.0	0.0	-1.0	-1.0	-1.0	0.0	0.0	0.0	-1.0	-1.0	0.0	0.0	0.0	-1.0	0.0
21:12:16	164.1	351.9	352.6	353.6	354.8	354.6	354.4	0.7	0.3	44.8	0.0	0.7	0.3	354.8	351.9	0.2	-0.1	353.6	353.3	355.1	355.1	354.3	360.1	101.5	164.1	47.2	42.8	355.3	355.0	44.0	54.0	4.6	36.3	0.0	8.0	.Autoclave.Outputs.PRESSIP\OutputValue	-6.0	2.9	0.3	-1.0	0.0	-1.0	-1.0	-1.0	0.0	0.0	0.0	-1.0	-1.0	0.0	0.0	0.0	-1.0	0.0
21:13:16	165.1	352.0	352.7	353.7	354.8	354.5	354.4	0.7	0.3	44.8	0.0	0.7	0.3	354.8	352.0	0.3	-0.1	353.7	353.4	355.1	355.1	354.4	360.0	101.5	165.1	48.2	41.8	355.2	355.0	44.0	53.4	4.6	36.5	0.0	6.7	.Autoclave.Outputs.PRESSIP\OutputValue	-6.0	2.8	0.3	-1.0	0.0	-1.0	-1.0	-1.0	0.0	0.0	0.0	-1.0	-1.0	0.0	0.0	0.0	-1.0	0.0
21:14:16	166.1	351.9	352.8	353.7	354.7	354.5	354.3	0.7	0.3	44.7	0.0	0.7	0.3	354.7	351.9	0.1	-0.2	353.6	353.3	355.0	355.1	354.3	360.0	101.4	166.1	49.2	40.8	355.4	355.0	44.0	55.4	4.6	36.5	0.0	10.7	.Autoclave.Outputs.PRESSIP\OutputValue	-6.0	2.8	0.3	-1.0	0.0	-1.0	-1.0	-1.0	0.0	0.0	0.0	-1.0	-1.0	0.0	0.0	0.0	-1.0	0.0
21:15:16	167.1	351.9	352.8	353.8	354.7	354.5	354.4	0.7	0.3	44.8	0.0	0.7	0.3	354.7	351.9	0.1	-0.2	353.7	353.3	355.1	355.2	354.4	360.1	101.6	167.1	50.2	39.8	355.3	355.0	44.0	54.1	4.6	36.5	0.0	8.1	.Autoclave.Outputs.PRESSIP\OutputValue	-6.0	2.8	0.4	-1.0	0.0	-1.0	-1.0	-1.0	0.0	0.0	0.0	-1.0	-1.0	0.0	0.0	0.0	-1.0	0.0
21:16:16	168.1	351.9	352.8	353.7	354.8	354.5	354.4	0.7	0.4	44.8	0.0	0.7	0.4	354.8	351.9	0.2	0.0	353.7	353.3	355.2	355.2	354.5	360.0	101.5	168.1	51.2	38.8	355.2	355.0	44.0	53.4	4.7	36.5	0.0	6.8	.Autoclave.Outputs.PRESSIP\OutputValue	-6.0	2.9	0.4	-1.0	0.0	-1.0	-1.0	-1.0	0.0	0.0	0.0	-1.0	-1.0	0.0	0.0	0.0	-1.0	0.0
21:17:16	169.1	352.0	352.9	353.8	354.7	354.4	354.4	0.7	0.3	44.8	0.0	0.7	0.3	354.7	352.0	0.1	-0.1	353.7	353.3	355.2	355.2	354.3	360.2	101.5	169.1	52.2	37.8	355.2	355.0	44.0	54.1	4.7	36.1	0.0	8.2	.Autoclave.Outputs.PRESSIP\OutputValue	-6.0	2.7	0.5	-1.0	0.0	-1.0	-1.0	-1.0	0.0	0.0	0.0	-1.0	-1.0	0.0	0.0	0.0	-1.0	0.0
21:18:16	170.1	351.9	352.9	353.8	354.8	354.6	354.3	0.7	0.3	44.8	0.0	0.7	0.3	354.8	351.9	0.1	-0.1	353.7	353.3	355.1	355.1	354.4	360.1	101.6	170.1	53.2	36.8	355.3	355.0	44.0	54.1	4.7	36.1	0.0	8.2	.Autoclave.Outputs.PRESSIP\OutputValue	-6.0	2.9	0.3	-1.0	0.0	-1.0	-1.0	-1.0	0.0	0.0	0.0	-1.0	-1.0	0.0	0.0	0.0	-1.0	0.0
21:19:16	171.1	352.1	352.9	353.8	354.8	354.6	354.3	0.7	0.4	44.8	0.0	0.7	0.4	354.8	352.1	0.2	-0.1	353.7	353.4	355.2	355.2	354.3	360.1	101.5	171.1	54.2	35.8	355.2	355.0	44.0	53.4	4.7	36.3	0.0	6.9	.Autoclave.Outputs.PRESSIP\OutputValue	-6.0	2.7	0.4	-1.0	0.0	-1.0	-1.0	-1.0	0.0	0.0	0.0	-1.0	-1.0	0.0	0.0	0.0	-1.0	0.0
21:20:16	172.1	351.9	353.0	353.8	354.8	354.6	354.3	0.7	0.3	44.8	0.0	0.7	0.3	354.8	351.9	0.1	-0.2	353.7	353.3	355.1	355.1	354.4	360.2	101.6	172.1	55.2	34.8	355.2	355.0	44.0	52.8	4.7	36.1	0.0	5.6	.Autoclave.Outputs.PRESSIP\OutputValue	-6.0	2.9	0.3	-1.0	0.0	-1.0	-1.0	-1.0	0.0	0.0	0.0	-1.0	-1.0	0.0	0.0	0.0	-1.0	0.0
21:21:16	173.1	351.9	353.0	353.8	354.7	354.5	354.3	0.7	0.3	44.8	0.0	0.7	0.3	354.7	351.9	0.0	-0.2	353.7	353.3	355.1	355.1	354.4	360.2	101.7	173.1	56.2	33.8	355.3	355.0	44.0	54.1	4.7	36.3	0.0	8.3	.Autoclave.Outputs.PRESSIP\OutputValue	-6.0	2.8	0.4	-1.0	0.0	-1.0	-1.0	-1.0	0.0	0.0	0.0	-1.0	-1.0	0.0	0.0	0.0	-1.0	0.0
21:22:16	174.1	352.1	353.1	353.8	354.8	354.5	354.2	0.7	0.3	44.8	0.0	0.7	0.3	354.8	352.1	0.3	-0.1	353.7	353.4	355.1	355.1	354.3	360.3	101.6	174.1	57.2	32.8	355.2	355.0	44.0	53.5	4.7	36.1	0.0	6.9	.Autoclave.Outputs.PRESSIP\OutputValue	-6.0	2.7	0.3	-1.0	0.0	-1.0	-1.0	-1.0	0.0	0.0	0.0	-1.0	-1.0	0.0	0.0	0.0	-1.0	0.0
21:23:16	175.1	352.0	353.1	353.6	354.8	354.5	354.4	0.7	0.3	44.8	0.0	0.7	0.3	354.8	352.0	0.3	-0.1	353.7	353.4	355.1	355.1	354.5	360.1	101.6	175.1	58.2	31.8	355.2	355.0	44.0	52.8	4.7	35.9	0.0	5.6	.Autoclave.Outputs.PRESSIP\OutputValue	-6.0	2.8	0.3	-1.0	0.0	-1.0	-1.0	-1.0	0.0	0.0	0.0	-1.0	-1.0	0.0	0.0	0.0	-1.0	0.0
21:24:16	176.1	352.1	353.2	353.9	354.8	354.6	354.3	0.7	0.4	44.8	0.0	0.7	0.4	354.8	352.1	0.1	0.0	353.8	353.4	355.2	355.2	354.3	360.2	101.8	176.1	59.2	30.8	355.2	355.0	44.0	52.8	4.7	35.9	0.0	5.7	.Autoclave.Outputs.PRESSIP\OutputValue	-6.0	2.7	0.4	-1.0	0.0	-1.0	-1.0	-1.0	0.0	0.0	0.0	-1.0	-1.0	0.0	0.0	0.0	-1.0	0.0
21:25:16	177.1	352.1	353.2	353.9	354.7	354.5	354.3	0.7	0.4	44.8	0.0	0.7	0.4	354.7	352.1	0.0	-0.3	353.8	353.4	355.2	355.2	354.5	360.0	101.7	177.1	60.2	29.8	355.3	355.0	44.0	54.2	4.8	36.3	0.0	8.3	.Autoclave.Outputs.PRESSIP\OutputValue	-6.0	2.6	0.5	-1.0	0.0	-1.0	-1.0	-1.0	0.0	0.0	0.0	-1.0	-1.0	0.0	0.0	0.0	-1.0	0.0
21:26:16	178.1	352.1	353.2	353.9	354.8	354.4	354.4	0.7	0.3	44.8	0.0	0.7	0.3	354.8	352.1	0.4	-0.3	353.8	353.4	355.2	355.2	354.5	360.3	101.7	178.1	61.2	28.8	355.3	355.0	44.0	52.8	4.8	35.9	0.0	5.7	.Autoclave.Outputs.PRESSIP\OutputValue	-6.0	2.7	0.4	-1.0	0.0	-1.0	-1.0	-1.0	0.0	0.0	0.0	-1.0	-1.0	0.0	0.0	0.0	-1.0	0.0
21:27:16	179.1	352.1	353.2	353.6	354.7	354.6	354.3	0.7	0.4	44.8	0.0	0.7	0.4	354.7	352.1	0.3	-0.1	353.7	353.4	355.1	355.1	354.5	360.3	101.8	179.1	62.2	27.8	355.3	355.0	44.0	54.2	4.8	36.1	0.0	8.4	.Autoclave.Outputs.PRESSIP\OutputValue	-6.0	2.6	0.4	-1.0	0.0	-1.0	-1.0	-1.0	0.0	0.0	0.0	-1.0	-1.0	0.0	0.0	0.0	-1.0	0.0
21:28:16	180.1	352.2	353.4	354.0	354.7	354.5	354.2	0.7	0.3	44.8	-0.6	0.7	0.3	354.7	352.2	0.2	-0.1	353.8	353.4	355.1	355.1	354.4	360.3	101.8	180.1	63.2	26.8	355.4	355.0	44.0	54.2	4.8	35.7	0.0	8.4	.Autoclave.Outputs.PRESSIP\OutputValue	-6.0	2.5	0.4	-1.0	0.0	-1.0	-1.0	-1.0	0.0	0.0	0.0	-1.0	-1.0	0.0	0.0	0.0	-1.0	0.0
21:29:16	181.1	352.2	353.4	354.0	354.8	354.5	354.3	0.7	0.3	44.8	0.0	0.7	0.3	354.8	352.2	0.4	0.0	353.9	353.5	355.2	355.2	354.5	360.1	101.6	181.1	64.2	25.8	355.3	355.0	44.0	52.9	4.8	36.1	0.0	5.8	.Autoclave.Outputs.PRESSIP\OutputValue	-6.0	2.6	0.4	-1.0	0.0	-1.0	-1.0	-1.0	0.0	0.0	0.0	-1.0	-1.0	0.0	0.0	0.0	-1.0	0.0
21:30:16	182.1	352.2	353.4	354.1	354.8	354.6	354.4	0.7	0.3	44.8	0.0	0.7	0.3	354.8	352.2	0.1	-0.1	353.9	353.5	355.2	355.2	354.4	360.0	101.7	182.1	65.2	24.8	355.2	355.0	44.0	53.6	4.8	35.9	0.0	7.1	.Autoclave.Outputs.PRESSIP\OutputValue	-6.0	2.6	0.4	-1.0	0.0	-1.0	-1.0	-1.0	0.0	0.0	0.0	-1.0	-1.0	0.0	0.0	0.0	-1.0	0.0
21:31:16	183.1	352.3	353.4	354.0	354.8	354.6	354.4	0.7	0.4	44.8	0.0	0.7	0.4	354.8	352.3	0.1	-0.1	353.9	353.5	355.1	355.1	354.3	360.0	101.9	183.1	66.2	23.8	355.2	355.0	44.0	54.2	4.8	35.9	0.0	8.5	.Autoclave.Outputs.PRESSIP\OutputValue	-6.0	2.5	0.3	-1.0	0.0	-1.0	-1.0	-1.0	0.0	0.0	0.0	-1.0	-1.0	0.0	0.0	0.0	-1.0	0.0
21:32:16	184.1	352.2	353.5	353.9	354.8	354.6	354.4	0.6	0.3	44.8	0.0	0.6	0.3	354.8	352.2	0.1	-0.4	353.9	353.5	355.2	355.2	354.5	360.3	101.8	184.1	67.2	22.8	355.2	355.0	44.0	53.6	4.8	35.9	0.0	7.1	.Autoclave.Outputs.PRESSIP\OutputValue	-6.0	2.6	0.4	-1.0	0.0	-1.0	-1.0	-1.0	0.0	0.0	0.0	-1.0	-1.0	0.0	0.0	0.0	-1.0	0.0
21:33:16	185.1	352.1	353.4	354.1	354.8	354.6	354.4	0.6	0.4	44.8	0.0	0.6	0.4	354.8	352.1	0.1	-0.3	353.9	353.4	355.2	355.2	354.5	360.1	102.0	185.1	68.2	21.8	355.3	355.0	44.0	53.6	4.8	35.9	0.0	7.2	.Autoclave.Outputs.PRESSIP\OutputValue	-6.0	2.7	0.4	-1.0	0.0	-1.0	-1.0	-1.0	0.0	0.0	0.0	-1.0	-1.0	0.0	0.0	0.0	-1.0	0.0
21:34:16	186.1	352.1	353.5	354.0	354.9	354.6	354.3	0.6	0.4	44.8	0.0	0.6	0.4	354.9	352.1	0.2	-0.1	353.9	353.5	355.2	355.1	354.4	360.1	101.9	186.1	69.2	20.8	355.2	355.0	44.0	52.9	4.8	35.9	0.0	5.8	.Autoclave.Outputs.PRESSIP\OutputValue	-6.0	2.8	0.3	-1.0	0.0	-1.0	-1.0	-1.0	0.0	0.0	0.0	-1.0	-1.0	0.0	0.0	0.0	-1.0	0.0
21:35:16	187.1	352.2	353.5	354.0	354.9	354.6	354.4	0.7	0.4	44.8	0.0	0.7	0.4	354.9	352.2	0.1	-0.2	353.9	353.5	355.2	355.1	354.4	360.2	101.9	187.1	70.2	19.8	355.2	355.0	44.0	52.9	4.9	35.9	0.0	5.9	.Autoclave.Outputs.PRESSIP\OutputValue	-6.0	2.7	0.3	-1.0	0.0	-1.0	-1.0	-1.0	0.0	0.0	0.0	-1.0	-1.0	0.0	0.0	0.0	-1.0	0.0
21:36:16	188.1	352.2	353.5	354.1	354.8	354.6	354.4	0.6	0.4	44.8	0.0	0.6	0.4	354.8	352.2	0.1	-0.1	353.9	353.5	355.2	355.1	354.4	359.8	101.8	188.1	71.1	18.9	355.2	355.0	44.0	53.0	4.9	36.1	0.0	6.0	.Autoclave.Outputs.PRESSIP\OutputValue	-6.0	2.6	0.4	-1.0	0.0	-1.0	-1.0	-1.0	0.0	0.0	0.0	-1.0	-1.0	0.0	0.0	0.0	-1.0	0.0
21:37:16	189.1	352.1	353.6	354.1	354.8	354.6	354.4	0.7	0.3	44.8	0.0	0.7	0.3	354.8	352.1	0.2	-0.1	353.9	353.4	355.2	355.1	354.3	360.2	102.0	189.1	72.2	17.8	355.2	355.0	44.0	52.9	4.9	35.7	0.0	5.9	.Autoclave.Outputs.PRESSIP\OutputValue	-6.0	2.7	0.4	-1.0	0.0	-1.0	-1.0	-1.0	0.0	0.0	0.0	-1.0	-1.0	0.0	0.0	0.0	-1.0	0.0
21:38:16	190.1	352.1	353.6	354.3	354.8	354.7	354.3	0.7	0.4	44.8	0.0	0.7	0.4	354.8	352.1	0.0	-0.1	354.0	353.4	355.2	355.2	354.5	360.2	102.0	190.1	73.2	16.8	355.2	355.0	44.0	53.0	4.9	35.9	0.0	5.9	.Autoclave.Outputs.PRESSIP\OutputValue	-6.0	2.7	0.4	-1.0	0.0	-1.0	-1.0	-1.0	0.0	0.0	0.0	-1.0	-1.0	0.0	0.0	0.0	-1.0	0.0
21:39:16	191.1	352.3	353.6	354.1	354.8	354.6	354.3	0.6	0.3	44.8	0.0	0.6	0.3	354.8	352.3	0.3	0.0	353.9	353.5	355.1	355.1	354.3	360.2	102.0	191.1	74.1	15.9	355.2	355.0	44.0	53.6	4.9	35.7	0.0	7.3	.Autoclave.Outputs.PRESSIP\OutputValue	-6.0	2.5	0.3	-1.0	0.0	-1.0	-1.0	-1.0	0.0	0.0	0.0	-1.0	-1.0	0.0	0.0	0.0	-1.0	0.0
21:40:16	192.1	351.8	353.6	354.1	354.9	354.6	354.4	0.7	0.3	44.8	0.0	0.7	0.3	354.9	351.8	0.1	-0.2	353.9	353.3	355.1	355.1	354.3	360.1	102.0	192.1	75.2	14.8	355.2	355.0	44.0	53.6	4.9	35.9	0.0	7.3	.Autoclave.Outputs.PRESSIP\OutputValue	-6.0	3.1	0.2	-1.0	0.0	-1.0	-1.0	-1.0	0.0	0.0	0.0	-1.0	-1.0	0.0	0.0	0.0	-1.0	0.0
21:41:16	193.1	352.1	353.7	353.6	354.8	354.6	354.4	0.6	0.3	44.8	0.0	0.6	0.3	354.8	352.1	0.0	-0.1	353.9	353.4	355.1	355.1	354.4	360.1	102.0	193.1	76.2	13.8	355.2	355.0	44.0	53.0	4.9	35.9	0.0	6.0	.Autoclave.Outputs.PRESSIP\OutputValue	-6.0	2.7	0.3	-1.0	0.0	-1.0	-1.0	-1.0	0.0	0.0	0.0	-1.0	-1.0	0.0	0.0	0.0	-1.0	0.0
21:42:16	194.1	352.3	353.7	354.2	354.8	354.6	354.3	0.6	0.4	44.8	-0.4	0.6	0.4	354.8	352.3	0.1	-0.1	354.0	353.5	355.1	355.1	354.3	360.1	102.0	194.1	77.2	12.8	355.2	355.0	44.0	53.7	4.9	35.9	0.0	7.3	.Autoclave.Outputs.PRESSIP\OutputValue	-6.0	2.5	0.3	-1.0	0.0	-1.0	-1.0	-1.0	0.0	0.0	0.0	-1.0	-1.0	0.0	0.0	0.0	-1.0	0.0
21:43:16	195.1	352.4	353.7	354.1	354.9	354.7	354.4	0.6	0.3	44.8	0.0	0.6	0.3	354.9	352.4	0.0	-0.1	354.0	353.6	355.1	355.1	354.4	360.1	102.1	195.1	78.2	11.8	355.3	355.0	44.0	53.7	4.9	35.7	0.0	7.3	.Autoclave.Outputs.PRESSIP\OutputValue	-6.0	2.5	0.2	-1.0	0.0	-1.0	-1.0	-1.0	0.0	0.0	0.0	-1.0	-1.0	0.0	0.0	0.0	-1.0	0.0
21:44:16	196.1	352.4	353.7	354.1	354.8	354.6	354.4	0.6	0.3	44.8	0.0	0.6	0.3	354.8	352.4	0.2	0.0	354.0	353.6	355.1	355.1	354.3	360.1	102.0	196.1	79.2	10.8	355.2	355.0	44.0	53.7	4.9	35.7	0.0	7.3	.Autoclave.Outputs.PRESSIP\OutputValue	-6.0	2.4	0.3	-1.0	0.0	-1.0	-1.0	-1.0	0.0	0.0	0.0	-1.0	-1.0	0.0	0.0	0.0	-1.0	0.0
21:45:16	197.1	352.2	353.7	354.1	354.8	354.6	354.3	0.6	0.3	44.8	0.0	0.6	0.3	354.8	352.2	0.3	-0.2	353.9	353.5	355.2	355.2	354.5	360.3	102.1	197.1	80.2	9.8	355.2	355.0	44.0	53.0	4.9	35.7	0.0	6.0	.Autoclave.Outputs.PRESSIP\OutputValue	-6.0	2.6	0.4	-1.0	0.0	-1.0	-1.0	-1.0	0.0	0.0	0.0	-1.0	-1.0	0.0	0.0	0.0	-1.0	0.0
21:46:16	198.1	352.5	353.8	354.1	354.7	354.5	354.3	0.7	0.4	44.8	0.0	0.7	0.4	354.7	352.5	0.1	-0.2	354.0	353.6	355.2	355.2	354.5	360.3	102.2	198.1	81.2	8.8	355.3	355.0	44.0	53.0	4.9	35.7	0.0	6.0	.Autoclave.Outputs.PRESSIP\OutputValue	-6.0	2.2	0.5	-1.0	0.0	-1.0	-1.0	-1.0	0.0	0.0	0.0	-1.0	-1.0	0.0	0.0	0.0	-1.0	0.0
21:47:16	199.1	352.1	353.7	354.7	354.8	354.6	354.3	0.6	0.3	44.8	0.0	0.6	0.3	354.8	352.1	0.2	-0.2	354.0	353.4	355.2	355.2	354.5	360.2	102.3	199.1	82.1	7.9	355.3	355.0	44.0	53.0	4.9	35.5	0.0	6.0	.Autoclave.Outputs.PRESSIP\OutputValue	-6.0	2.7	0.4	-1.0	0.0	-1.0	-1.0	-1.0	0.0	0.0	0.0	-1.0	-1.0	0.0	0.0	0.0	-1.0	0.0
21:48:16	200.1	352.2	353.8	354.1	354.7	354.6	354.3	0.6	0.4	44.8	0.0	0.6	0.4	354.7	352.2	0.1	-0.2	353.9	353.4	355.2	355.2	354.4	360.2	102.2	200.1	83.2	6.8	355.2	355.0	44.0	53.7	5.0	35.9	0.0	7.4	.Autoclave.Outputs.PRESSIP\OutputValue	-6.0	2.5	0.5	-1.0	0.0	-1.0	-1.0	-1.0	0.0	0.0	0.0	-1.0	-1.0	0.0	0.0	0.0	-1.0	0.0
21:49:16	201.1	352.3	353.7	354.3	354.8	354.6	354.3	0.7	0.4	44.8	0.0	0.7	0.4	354.8	352.3	0.2	-0.1	354.0	353.5	355.3	355.3	354.5	360.1	102.3	201.1	84.2	5.8	355.2	355.0	44.0	52.4	5.0	35.5	0.0	4.7	.Autoclave.Outputs.PRESSIP\OutputValue	-6.0	2.5	0.5	-1.0	0.0	-1.0	-1.0	-1.0	0.0	0.0	0.0	-1.0	-1.0	0.0	0.0	0.0	-1.0	0.0
21:50:16	202.1	352.3	353.8	354.2	354.8	354.5	354.3	0.6	0.4	44.8	0.0	0.6	0.4	354.8	352.3	0.0	-0.1	354.0	353.5	355.2	355.2	354.3	360.2	102.3	202.1	85.2	4.8	355.2	355.0	44.0	53.7	5.0	35.5	0.0	7.4	.Autoclave.Outputs.PRESSIP\OutputValue	-6.0	2.5	0.4	-1.0	0.0	-1.0	-1.0	-1.0	0.0	0.0	0.0	-1.0	-1.0	0.0	0.0	0.0	-1.0	0.0
21:51:16	203.1	352.4	353.8	354.2	354.8	354.6	354.4	0.7	0.3	44.8	0.0	0.7	0.3	354.8	352.4	0.2	0.0	354.0	353.6	355.1	355.1	354.4	360.1	102.3	203.1	86.2	3.8	355.2	355.0	44.0	53.1	5.0	35.7	0.0	6.1	.Autoclave.Outputs.PRESSIP\OutputValue	-6.0	2.4	0.3	-1.0	0.0	-1.0	-1.0	-1.0	0.0	0.0	0.0	-1.0	-1.0	0.0	0.0	0.0	-1.0	0.0
21:52:16	204.1	352.1	353.8	354.2	354.8	354.7	354.4	0.6	0.3	44.8	0.0	0.6	0.3	354.8	352.1	0.0	-0.5	354.0	353.4	355.1	355.1	354.4	360.2	102.4	204.1	87.2	2.8	355.2	355.0	44.0	53.7	5.0	35.5	0.0	7.5	.Autoclave.Outputs.PRESSIP\OutputValue	-6.0	2.7	0.3	-1.0	0.0	-1.0	-1.0	-1.0	0.0	0.0	0.0	-1.0	-1.0	0.0	0.0	0.0	-1.0	0.0
21:53:16	205.1	352.4	353.8	354.1	354.8	354.6	354.4	0.7	0.3	44.8	0.0	0.7	0.3	354.8	352.4	0.5	-0.1	354.0	353.6	355.2	355.2	354.4	360.3	102.5	205.1	88.2	1.8	355.2	355.0	44.0	53.1	5.0	35.5	0.0	6.1	.Autoclave.Outputs.PRESSIP\OutputValue	-6.0	2.4	0.4	-1.0	0.0	-1.0	-1.0	-1.0	0.0	0.0	0.0	-1.0	-1.0	0.0	0.0	0.0	-1.0	0.0
21:54:16	206.1	352.3	353.7	354.1	354.8	354.6	354.3	0.6	0.3	44.8	0.0	0.6	0.3	354.8	352.3	0.0	-0.1	354.0	353.5	355.2	355.1	354.3	360.1	102.5	206.1	89.2	0.8	355.3	355.0	44.0	53.7	5.0	35.7	0.0	7.5	.Autoclave.Outputs.PRESSIP\OutputValue	-6.0	2.5	0.4	-1.0	0.0	-1.0	-1.0	-1.0	0.0	0.0	0.0	-1.0	-1.0	0.0	0.0	0.0	-1.0	0.0
21:55:07	206.9	352.3	353.7	354.1	354.8	354.5	354.4	0.7	0.4	44.8	0.0	0.7	0.4	354.8	352.3	0.2	-0.1	354.0	353.5	355.2	355.2	354.5	360.2	102.5	206.9	90.0	0.0	355.3	355.0	44.0	53.7	5.0	35.5	0.0	7.5	.Autoclave.Outputs.PRESSIP\OutputValue	-6.0	2.5	0.4	-1.0	0.0	-1.0	-1.0	-1.0	0.0	0.0	0.0	-1.0	-1.0	0.0	0.0	0.0	-1.0	0.0
21:55:16	207.1	352.1	353.7	354.2	354.7	354.6	354.3	0.6	0.3	44.8	0.0	0.6	0.3	354.7	352.1	0.2	-0.1	353.9	353.4	355.2	355.1	354.4	359.8	102.7	207.1	0.2	0.0	354.3	354.3	44.0	47.6	5.0	35.7	0.0	0.0	.Autoclave.Outputs.PRESSIP\OutputValue	-6.0	2.6	0.5	-1.0	0.0	-1.0	-1.0	-1.0	0.0	0.0	0.0	-1.0	-1.0	0.0	0.0	0.0	-1.0	0.0
21:56:16	208.1	350.4	352.8	353.1	350.1	353.6	350.9	0.6	0.3	44.2	0.0	0.6	0.3	353.6	350.1	-0.7	-4.6	351.8	351.9	344.4	344.4	343.6	347.8	102.7	208.1	1.1	0.0	349.9	349.8	44.0	88.7	4.0	41.6	0.0	77.4	.Autoclave.Outputs.PRESSIP\OutputValue	-5.9	3.5	-9.2	-1.0	0.0	-1.0	-1.0	-1.0	0.0	0.0	0.0	-1.0	-1.0	0.0	0.0	0.0	-1.0	0.0
21:57:16	209.1	349.5	352.2	351.9	350.1	353.2	350.6	0.6	0.3	44.2	0.0	0.6	0.3	353.2	349.5	0.0	-1.5	351.2	351.3	346.1	346.1	345.3	348.8	102.7	209.1	2.2	0.0	345.3	345.3	44.0	47.5	4.2	41.5	0.0	0.0	.Autoclave.Outputs.PRESSIP\OutputValue	-6.0	3.7	-7.1	-1.0	0.0	-1.0	-1.0	-1.0	0.0	0.0	0.0	-1.0	-1.0	0.0	0.0	0.0	-1.0	0.0
21:58:16	210.1	347.5	350.8	350.2	345.5	351.7	346.9	0.6	0.3	43.8	0.0	0.6	0.3	351.7	345.5	-1.2	-4.7	348.8	348.6	335.7	335.7	334.9	338.3	102.8	210.1	3.2	0.0	340.8	340.8	44.0	87.1	4.5	47.0	0.0	74.1	.Autoclave.Outputs.PRESSIP\OutputValue	-5.2	6.2	-16.0	-1.0	0.0	-1.0	-1.0	-1.0	0.0	0.0	0.0	-1.0	-1.0	0.0	0.0	0.0	-1.0	0.0
21:59:16	211.1	346.6	350.1	348.7	345.2	350.8	346.0	0.6	0.3	43.7	0.0	0.6	0.3	350.8	345.2	-0.3	-1.9	347.9	348.0	337.2	337.1	336.3	339.7	102.8	211.1	4.1	0.0	336.4	336.3	44.0	47.4	4.6	47.8	0.0	0.0	.Autoclave.Outputs.PRESSIP\OutputValue	-4.8	5.6	-13.6	-1.0	0.0	-1.0	-1.0	-1.0	0.0	0.0	0.0	-1.0	-1.0	0.0	0.0	0.0	-1.0	0.0
22:00:16	212.1	344.1	348.6	346.8	340.6	349.0	342.1	0.5	0.3	44.3	0.0	0.5	0.3	349.0	340.6	-1.4	-4.7	345.2	344.8	326.7	326.7	325.9	329.4	103.2	212.1	5.2	0.0	331.8	331.8	44.0	87.5	4.9	42.8	0.0	75.1	.Autoclave.Outputs.PRESSIP\OutputValue	-4.4	8.4	-22.3	-1.0	0.0	-1.0	-1.0	-1.0	0.0	0.0	0.0	-1.0	-1.0	0.0	0.0	0.0	-1.0	0.0
22:01:16	213.1	342.6	347.4	344.6	340.0	347.6	340.9	0.6	0.3	44.3	0.0	0.6	0.3	347.6	340.0	-0.5	-2.6	343.8	343.8	328.3	328.3	327.4	330.7	102.9	213.1	6.2	0.0	327.3	327.3	44.0	47.1	5.1	42.3	0.0	0.0	.Autoclave.Outputs.PRESSIP\OutputValue	-5.0	7.6	-19.3	-1.0	0.0	-1.0	-1.0	-1.0	0.0	0.0	0.0	-1.0	-1.0	0.0	0.0	0.0	-1.0	0.0
22:02:00	213.8	340.6	345.9	343.1	335.4	345.9	337.5	0.5	0.3	43.7	0.0	0.5	0.3	345.9	335.4	-1.5	-4.7	341.4	340.7	318.7	318.7	317.9	318.0	102.9	213.8	6.9	0.0	324.1	324.1	44.0	89.7	5.2	48.5	0.0	79.5	.Autoclave.Outputs.PRESSIP\OutputValue	-4.5	10.5	-27.4	-1.0	0.0	-1.0	-1.0	-1.0	0.0	0.0	0.0	-1.0	-1.0	0.0	0.0	0.0	-1.0	0.0
22:02:16	214.1	340.1	345.5	342.1	335.2	345.4	336.7	0.5	0.3	43.8	0.0	0.5	0.3	345.5	335.2	-1.9	-4.8	340.8	340.3	319.2	319.2	318.4	321.4	103.0	214.1	0.3	0.0	322.8	322.8	44.0	78.1	5.4	47.5	0.0	56.1	.Autoclave.Outputs.PRESSIP\OutputValue	-4.4	10.3	-26.3	-1.0	0.0	-1.0	-1.0	-1.0	0.0	0.0	0.0	-1.0	-1.0	0.0	0.0	0.0	-1.0	0.0
22:03:16	215.1	338.4	344.1	340.1	334.2	343.7	335.2	0.5	0.2	43.4	0.0	0.5	0.2	344.1	334.2	-1.0	-2.2	339.3	339.1	319.5	319.5	318.6	315.4	103.0	215.1	1.3	0.0	318.3	318.3	44.0	44.8	5.4	51.8	-1.0	0.0	.Autoclave.Outputs.PRESSIP\OutputValue	-4.0	9.9	-24.6	-1.0	0.0	-1.0	-1.0	-1.0	0.0	0.0	0.0	-1.0	-1.0	0.0	0.0	0.0	-1.0	0.0
22:04:16	216.1	336.1	342.1	337.4	330.2	341.2	331.0	0.5	0.3	44.2	0.0	0.5	0.3	342.1	330.2	-2.0	-4.2	336.3	336.1	311.7	311.7	310.9	314.2	103.2	216.1	2.3	0.0	313.8	313.8	44.0	69.2	5.7	43.7	0.0	38.4	.Autoclave.Outputs.PRESSIP\OutputValue	-3.9	11.8	-30.4	-1.0	0.0	-1.0	-1.0	-1.0	0.0	0.0	0.0	-1.0	-1.0	0.0	0.0	0.0	-1.0	0.0
22:05:16	217.1	333.7	340.6	335.6	327.3	339.0	328.9	0.4	0.2	43.2	0.0	0.4	0.2	340.6	327.3	-1.6	-2.2	334.2	333.9	308.7	308.7	307.8	292.8	103.1	217.1	3.3	0.0	309.3	309.3	44.0	57.1	5.7	54.0	0.0	14.2	.Autoclave.Outputs.PRESSIP\OutputValue	-4.0	13.2	-31.9	-1.0	0.0	-1.0	-1.0	-1.0	0.0	0.0	0.0	-1.0	-1.0	0.0	0.0	0.0	-1.0	0.0
22:06:16	218.1	331.3	338.3	332.2	324.1	336.2	325.0	0.4	0.2	43.7	0.0	0.4	0.2	338.3	324.1	-2.3	-4.3	331.2	331.2	303.6	303.6	303.0	306.0	103.5	218.1	4.3	0.0	304.8	304.8	44.0	62.2	6.1	49.8	0.0	24.4	.Autoclave.Outputs.PRESSIP\OutputValue	-3.2	14.1	-34.6	-1.0	0.0	-1.0	-1.0	-1.0	0.0	0.0	0.0	-1.0	-1.0	0.0	0.0	0.0	-1.0	0.0
22:07:16	219.1	328.6	336.4	330.3	319.9	333.6	321.0	0.4	0.2	44.0	0.0	0.4	0.2	336.4	319.9	-1.7	-4.2	328.3	328.1	295.9	295.9	295.1	290.8	103.7	219.1	5.3	0.0	300.3	300.3	44.0	83.6	6.1	47.9	0.0	67.1	.Autoclave.Outputs.PRESSIP\OutputValue	-2.5	16.4	-40.4	-1.0	0.0	-1.0	-1.0	-1.0	0.0	0.0	0.0	-1.0	-1.0	0.0	0.0	0.0	-1.0	0.0
22:08:16	220.1	326.8	334.3	326.7	318.2	330.9	318.3	0.4	0.2	44.1	0.0	0.4	0.2	334.3	318.2	-1.9	-3.8	325.9	326.2	296.2	296.1	295.3	297.9	103.7	220.1	6.3	0.0	295.8	295.8	44.0	51.8	6.3	46.1	0.0	3.5	.Autoclave.Outputs.PRESSIP\OutputValue	-2.8	16.0	-38.0	-1.0	0.0	-1.0	-1.0	-1.0	0.0	0.0	0.0	-1.0	-1.0	0.0	0.0	0.0	-1.0	0.0
22:09:16	221.1	323.4	331.9	323.9	313.7	327.9	313.9	0.4	0.2	43.7	0.0	0.4	0.2	331.9	313.7	-2.5	-4.5	322.4	322.8	288.2	288.2	287.5	289.4	103.8	221.1	7.3	0.0	291.3	291.3	44.0	75.2	6.4	51.1	0.0	50.5	.Autoclave.Outputs.PRESSIP\OutputValue	-2.1	18.1	-43.6	-1.0	0.0	-1.0	-1.0	-1.0	0.0	0.0	0.0	-1.0	-1.0	0.0	0.0	0.0	-1.0	0.0
22:10:16	222.1	321.0	329.9	320.9	311.8	325.1	311.5	0.3	0.2	43.5	0.0	0.3	0.2	329.9	311.5	-1.9	-3.2	320.0	320.7	288.1	288.1	287.3	289.2	103.8	222.1	8.3	0.0	286.8	286.8	44.0	46.6	6.5	53.2	-1.0	0.0	.Autoclave.Outputs.PRESSIP\OutputValue	-1.4	18.4	-41.7	-1.0	0.0	-1.0	-1.0	-1.0	0.0	0.0	0.0	-1.0	-1.0	0.0	0.0	0.0	-1.0	0.0
22:11:16	223.1	317.9	327.5	317.6	307.5	321.9	307.1	0.3	0.2	44.1	0.0	0.3	0.2	327.5	307.1	-2.6	-4.7	316.6	317.3	281.3	281.3	280.5	282.7	104.0	223.1	9.3	0.0	282.4	282.3	44.0	61.7	6.7	48.3	0.0	23.3	.Autoclave.Outputs.PRESSIP\OutputValue	-0.9	20.4	-46.1	-1.0	0.0	-1.0	-1.0	-1.0	0.0	0.0	0.0	-1.0	-1.0	0.0	0.0	0.0	-1.0	0.0
22:12:16	224.1	315.6	325.4	315.1	304.3	318.9	304.2	0.3	0.2	43.2	0.0	0.3	0.2	325.4	304.2	-2.1	-3.0	313.9	314.8	278.2	278.0	277.2	265.0	104.0	224.1	10.3	0.0	277.8	277.8	44.0	52.2	6.6	57.1	0.0	4.4	.Autoclave.Outputs.PRESSIP\OutputValue	-0.8	21.2	-47.1	-1.0	0.0	-1.0	-1.0	-1.0	0.0	0.0	0.0	-1.0	-1.0	0.0	0.0	0.0	-1.0	0.0
22:13:16	225.1	312.8	322.8	311.7	300.5	315.4	300.1	0.3	0.2	43.5	0.0	0.3	0.2	322.8	300.1	-2.6	-4.3	310.5	311.4	273.5	273.5	272.8	273.6	104.3	225.1	11.3	0.0	273.3	273.3	44.0	53.7	6.8	55.5	0.0	7.4	.Autoclave.Outputs.PRESSIP\OutputValue	0.4	22.7	-49.2	-1.0	0.0	-1.0	-1.0	-1.0	0.0	0.0	0.0	-1.0	-1.0	0.0	0.0	0.0	-1.0	0.0
22:14:16	226.1	310.0	320.2	309.3	296.0	312.2	295.9	0.2	0.2	43.7	0.0	0.2	0.2	320.2	295.9	-2.5	-4.3	307.3	308.0	265.8	265.7	264.9	258.9	104.2	226.1	12.3	0.0	268.9	268.8	44.0	75.2	6.8	54.9	0.0	50.3	.Autoclave.Outputs.PRESSIP\OutputValue	1.5	24.3	-54.3	-1.0	0.0	-1.0	-1.0	-1.0	0.0	0.0	0.0	-1.0	-1.0	0.0	0.0	0.0	-1.0	0.0
22:15:16	227.1	307.7	317.8	305.5	293.8	308.7	292.6	0.2	0.1	43.8	0.0	0.2	0.1	317.8	292.6	-2.5	-3.7	304.4	305.2	265.3	265.3	264.6	265.5	104.2	227.1	13.3	0.0	264.4	264.3	44.0	47.9	6.9	53.4	-1.0	0.0	.Autoclave.Outputs.PRESSIP\OutputValue	1.7	25.2	-52.4	-1.0	0.0	-1.0	-1.0	-1.0	0.0	0.0	0.0	-1.0	-1.0	0.0	0.0	0.0	-1.0	0.0
22:16:16	228.1	304.5	315.0	302.1	289.7	305.1	288.4	0.2	0.2	43.5	0.0	0.2	0.2	315.0	288.4	-2.8	-4.4	300.8	301.7	259.6	259.5	258.8	261.1	104.5	228.1	14.3	0.0	259.9	259.8	44.0	56.7	7.0	57.5	0.0	13.4	.Autoclave.Outputs.PRESSIP\OutputValue	2.8	26.6	-55.3	-1.0	0.0	-1.0	-1.0	-1.0	0.0	0.0	0.0	-1.0	-1.0	0.0	0.0	0.0	-1.0	0.0
22:17:16	229.1	301.0	312.3	298.8	285.7	301.7	284.5	0.2	0.1	44.0	0.0	0.2	0.1	312.3	284.5	-2.7	-4.0	297.3	298.4	253.3	253.3	252.6	253.4	104.7	229.1	15.3	0.0	255.4	255.3	44.0	68.8	7.1	53.8	0.0	37.7	.Autoclave.Outputs.PRESSIP\OutputValue	3.8	27.8	-58.9	-1.0	0.0	-1.0	-1.0	-1.0	0.0	0.0	0.0	-1.0	-1.0	0.0	0.0	0.0	-1.0	0.0
22:18:16	230.1	298.6	309.6	296.0	281.4	298.1	280.7	0.2	0.1	43.3	0.0	0.2	0.1	309.6	280.7	-2.6	-3.8	294.1	295.1	248.4	248.4	247.7	241.5	104.5	230.1	16.3	0.0	250.8	250.8	44.0	70.0	7.1	61.0	0.0	40.0	.Autoclave.Outputs.PRESSIP\OutputValue	4.3	28.9	-61.1	-1.0	0.0	-1.0	-1.0	-1.0	0.0	0.0	0.0	-1.0	-1.0	0.0	0.0	0.0	-1.0	0.0
22:19:16	231.1	295.1	306.7	292.1	278.4	294.4	277.4	0.1	0.1	42.9	0.0	0.1	0.1	306.7	277.4	-2.8	-3.9	290.7	292.1	246.9	246.9	246.1	237.2	104.6	231.1	17.3	0.0	246.4	246.3	44.0	50.2	7.2	65.8	-1.0	0.5	.Autoclave.Outputs.PRESSIP\OutputValue	5.2	29.3	-59.8	-1.0	0.0	-1.0	-1.0	-1.0	0.0	0.0	0.0	-1.0	-1.0	0.0	0.0	0.0	-1.0	0.0
22:20:16	232.1	292.0	303.8	288.6	275.2	290.7	273.1	0.1	0.2	44.1	0.0	0.2	0.1	303.8	273.1	-3.0	-4.3	287.2	288.5	243.1	243.0	242.2	243.4	104.8	232.1	18.3	0.0	241.8	241.8	44.0	47.0	7.3	54.3	-1.0	0.0	.Autoclave.Outputs.PRESSIP\OutputValue	5.2	30.7	-60.7	-1.0	0.0	-1.0	-1.0	-1.0	0.0	0.0	0.0	-1.0	-1.0	0.0	0.0	0.0	-1.0	0.0
22:21:16	233.1	289.1	300.7	285.1	271.4	286.7	269.0	0.1	0.1	43.8	0.0	0.1	0.1	300.7	269.0	-2.6	-4.1	283.7	284.9	237.9	237.9	237.3	239.0	104.8	233.1	19.3	0.0	237.4	237.3	44.0	51.8	7.3	57.9	0.0	3.6	.Autoclave.Outputs.PRESSIP\OutputValue	5.9	31.7	-62.8	-1.0	0.0	-1.0	-1.0	-1.0	0.0	0.0	0.0	-1.0	-1.0	0.0	0.0	0.0	-1.0	0.0
22:22:16	234.1	286.2	297.9	281.7	267.2	282.8	264.9	0.0	0.1	43.4	0.0	0.1	0.0	297.9	264.9	-3.0	-4.2	280.1	281.4	232.5	232.5	231.9	233.9	104.8	234.1	20.3	0.0	232.8	232.8	44.0	57.1	7.4	62.8	0.0	14.2	.Autoclave.Outputs.PRESSIP\OutputValue	7.1	33.0	-65.4	-1.0	0.0	-1.0	-1.0	-1.0	0.0	0.0	0.0	-1.0	-1.0	0.0	0.0	0.0	-1.0	0.0
22:23:16	235.1	282.9	294.9	278.3	263.4	278.9	260.5	0.0	0.1	44.0	0.0	0.1	0.0	294.9	260.5	-3.0	-4.5	276.5	277.7	227.2	227.2	226.5	228.4	104.9	235.1	21.3	0.0	228.3	228.3	44.0	63.2	7.4	58.6	0.0	26.4	.Autoclave.Outputs.PRESSIP\OutputValue	8.0	34.4	-67.7	-1.0	0.0	-1.0	-1.0	-1.0	0.0	0.0	0.0	-1.0	-1.0	0.0	0.0	0.0	-1.0	0.0
22:24:16	236.1	279.6	292.0	275.1	259.1	275.1	256.5	0.0	0.1	43.5	0.0	0.1	0.0	292.0	256.5	-3.0	-4.1	272.9	274.3	221.8	221.7	221.0	220.7	104.8	236.1	22.3	0.0	223.9	223.9	44.0	69.6	7.4	63.1	0.0	39.2	.Autoclave.Outputs.PRESSIP\OutputValue	8.0	35.5	-70.2	-1.0	0.0	-1.0	-1.0	-1.0	0.0	0.0	0.0	-1.0	-1.0	0.0	0.0	0.0	-1.0	0.0
22:25:17	237.1	276.7	288.9	271.6	255.5	271.3	252.5	-0.1	0.1	43.5	0.0	0.1	-0.1	288.9	252.5	-3.0	-4.0	269.4	270.7	218.2	218.2	217.4	208.3	105.0	237.1	23.3	0.0	219.4	219.3	44.0	61.9	7.4	62.5	0.0	23.8	.Autoclave.Outputs.PRESSIP\OutputValue	8.0	36.4	-70.7	-1.0	0.0	-1.0	-1.0	-1.0	0.0	0.0	0.0	-1.0	-1.0	0.0	0.0	0.0	-1.0	0.0
22:26:16	238.1	273.2	285.7	267.7	251.4	267.5	248.8	-0.2	0.1	43.3	-0.5	0.1	-0.2	285.7	248.8	-3.3	-3.9	265.7	267.3	215.3	215.3	214.6	206.7	104.9	238.1	24.3	0.0	214.8	214.8	44.0	52.6	7.4	64.6	0.0	5.1	.Autoclave.Outputs.PRESSIP\OutputValue	8.0	36.9	-70.4	-1.0	0.0	-1.0	-1.0	-1.0	0.0	0.0	0.0	-1.0	-1.0	0.0	0.0	0.0	-1.0	0.0
22:27:16	239.1	270.5	282.4	264.0	247.8	263.4	244.8	-0.2	0.1	43.1	0.0	0.1	-0.2	282.4	244.8	-2.9	-4.4	262.2	263.6	211.6	211.5	210.8	205.9	105.0	239.1	25.3	0.0	210.3	210.3	44.0	47.3	7.5	66.1	-1.0	0.0	.Autoclave.Outputs.PRESSIP\OutputValue	8.0	37.6	-70.8	-1.0	0.0	-1.0	-1.0	-1.0	0.0	0.0	0.0	-1.0	-1.0	0.0	0.0	0.0	-1.0	0.0
22:28:16	240.1	266.3	279.1	259.9	243.7	259.1	240.7	-0.2	0.1	44.0	0.0	0.1	-0.2	279.1	240.7	-3.4	-4.7	258.1	259.9	207.3	207.2	206.7	206.1	105.2	240.1	26.3	0.0	205.8	205.8	44.0	45.9	7.5	58.5	-1.0	0.0	.Autoclave.Outputs.PRESSIP\OutputValue	7.9	38.4	-71.8	-1.0	0.0	-1.0	-1.0	-1.0	0.0	0.0	0.0	-1.0	-1.0	0.0	0.0	0.0	-1.0	0.0
22:29:16	241.1	262.9	275.9	256.2	239.7	255.0	236.3	-0.3	0.1	43.7	0.0	0.1	-0.3	275.9	236.3	-3.1	-4.4	254.3	256.1	202.4	202.4	201.8	203.3	105.2	241.1	27.3	0.0	201.3	201.3	44.0	48.7	7.5	61.2	-1.0	0.0	.Autoclave.Outputs.PRESSIP\OutputValue	8.0	39.6	-73.5	-1.0	0.0	-1.0	-1.0	-1.0	0.0	0.0	0.0	-1.0	-1.0	0.0	0.0	0.0	-1.0	0.0
22:30:16	242.1	260.2	272.9	252.9	236.6	250.9	232.3	-0.4	0.1	43.4	0.0	0.1	-0.4	272.9	232.3	-3.0	-4.0	251.0	252.6	197.8	197.9	197.2	198.6	105.2	242.1	28.3	0.0	196.8	196.8	44.0	49.3	7.5	64.6	0.0	0.0	.Autoclave.Outputs.PRESSIP\OutputValue	8.0	40.6	-75.1	-1.0	0.0	-1.0	-1.0	-1.0	0.0	0.0	0.0	-1.0	-1.0	0.0	0.0	0.0	-1.0	0.0
22:31:16	243.1	255.8	269.6	249.1	231.9	246.9	228.2	-0.3	0.1	43.8	0.0	0.1	-0.3	269.6	228.2	-3.2	-5.0	246.9	248.9	193.1	193.1	192.4	193.6	105.4	243.1	29.3	0.0	192.3	192.3	44.0	50.0	7.5	60.1	0.0	0.0	.Autoclave.Outputs.PRESSIP\OutputValue	8.0	41.4	-76.5	-1.0	0.0	-1.0	-1.0	-1.0	0.0	0.0	0.0	-1.0	-1.0	0.0	0.0	0.0	-1.0	0.0
22:32:16	244.1	252.9	266.2	245.3	228.4	242.7	223.7	-0.4	0.1	43.5	0.0	0.1	-0.4	266.2	223.7	-2.5	-4.4	243.2	245.0	188.5	188.5	187.7	189.1	105.3	244.1	30.3	0.0	187.8	187.8	44.0	51.9	7.4	63.5	0.0	3.8	.Autoclave.Outputs.PRESSIP\OutputValue	8.0	42.5	-77.7	-1.0	0.0	-1.0	-1.0	-1.0	0.0	0.0	0.0	-1.0	-1.0	0.0	0.0	0.0	-1.0	0.0
22:33:16	245.1	249.2	262.8	241.4	223.2	238.6	219.1	-0.5	0.1	43.8	0.0	0.1	-0.5	262.8	219.1	-3.4	-4.7	239.1	241.0	183.6	183.6	182.9	184.8	105.4	245.1	31.3	0.0	183.3	183.3	44.0	53.9	7.4	60.1	0.0	7.8	.Autoclave.Outputs.PRESSIP\OutputValue	8.0	43.7	-79.2	-1.0	0.0	-1.0	-1.0	-1.0	0.0	0.0	0.0	-1.0	-1.0	0.0	0.0	0.0	-1.0	0.0
22:34:16	246.1	245.8	259.4	237.6	220.1	234.4	215.5	-0.5	0.1	43.4	0.0	0.1	-0.5	259.4	215.5	-3.1	-4.2	235.5	237.5	179.8	179.8	179.0	179.8	105.3	246.1	32.3	0.0	178.8	178.8	44.0	49.9	7.3	63.8	0.0	0.0	.Autoclave.Outputs.PRESSIP\OutputValue	8.0	43.9	-79.6	-1.0	0.0	-1.0	-1.0	-1.0	0.0	0.0	0.0	-1.0	-1.0	0.0	0.0	0.0	-1.0	0.0
22:35:16	247.1	242.3	256.0	233.7	215.6	230.4	211.0	-0.5	0.1	43.9	0.0	0.1	-0.5	256.0	211.0	-3.5	-4.7	231.5	233.5	175.5	175.5	174.7	175.6	105.5	247.1	33.3	0.0	174.3	174.3	44.0	47.9	7.3	59.3	-1.0	0.0	.Autoclave.Outputs.PRESSIP\OutputValue	8.0	45.0	-80.5	-1.0	0.0	-1.0	-1.0	-1.0	0.0	0.0	0.0	-1.0	-1.0	0.0	0.0	0.0	-1.0	0.0
22:36:16	248.1	238.6	252.3	229.7	211.2	226.1	206.9	-0.6	0.1	43.5	0.0	0.1	-0.6	252.3	206.9	-3.7	-4.8	227.5	229.6	171.3	171.3	170.6	171.4	105.4	248.1	34.3	0.0	169.8	169.8	44.0	45.8	7.2	62.9	-1.0	0.0	.Autoclave.Outputs.PRESSIP\OutputValue	8.0	45.4	-81.0	-1.0	0.0	-1.0	-1.0	-1.0	0.0	0.0	0.0	-1.0	-1.0	0.0	0.0	0.0	-1.0	0.0
22:37:16	249.1	234.6	248.7	226.0	207.7	221.7	202.5	-0.7	0.1	43.9	0.0	0.1	-0.7	248.7	202.5	-3.5	-4.6	223.5	225.6	166.5	166.5	165.8	166.9	105.5	249.1	35.3	0.0	165.3	165.3	44.0	48.4	7.1	59.5	-1.0	0.0	.Autoclave.Outputs.PRESSIP\OutputValue	8.0	46.2	-82.2	-1.0	0.0	-1.0	-1.0	-1.0	0.0	0.0	0.0	-1.0	-1.0	0.0	0.0	0.0	-1.0	0.0
22:38:16	250.1	231.2	245.1	222.1	203.1	217.8	198.4	-0.7	0.1	43.5	0.0	0.1	-0.7	245.1	198.4	-3.4	-5.2	219.6	221.8	161.7	161.7	161.1	161.9	105.5	250.1	36.3	0.0	160.8	160.8	44.0	49.7	7.0	63.5	0.0	0.0	.Autoclave.Outputs.PRESSIP\OutputValue	8.0	46.7	-83.4	-1.0	0.0	-1.0	-1.0	-1.0	0.0	0.0	0.0	-1.0	-1.0	0.0	0.0	0.0	-1.0	0.0
22:39:16	251.1	227.6	241.6	218.8	199.6	213.1	194.2	-0.7	0.1	43.5	0.0	0.1	-0.7	241.6	194.2	-3.0	-4.4	215.8	217.9	156.6	156.6	155.8	153.7	105.6	251.1	37.3	0.0	156.4	156.3	44.0	52.3	6.9	62.7	0.0	4.6	.Autoclave.Outputs.PRESSIP\OutputValue	8.0	47.4	-85.0	-1.0	0.0	-1.0	-1.0	-1.0	0.0	0.0	0.0	-1.0	-1.0	0.0	0.0	0.0	-1.0	0.0
22:40:16	252.1	223.5	238.0	214.6	194.7	209.1	189.9	-0.8	0.1	43.2	0.0	0.1	-0.8	238.0	189.9	-3.1	-4.6	211.6	214.0	152.4	152.3	151.6	149.3	105.5	252.1	38.3	0.0	151.9	151.8	44.0	51.6	6.8	66.5	-1.0	3.1	.Autoclave.Outputs.PRESSIP\OutputValue	8.0	48.1	-85.6	-1.0	0.0	-1.0	-1.0	-1.0	0.0	0.0	0.0	-1.0	-1.0	0.0	0.0	0.0	-1.0	0.0
22:41:16	253.1	220.7	234.7	210.7	191.3	204.9	185.7	-0.8	0.1	43.5	0.0	0.1	-0.8	234.7	185.7	-3.5	-4.3	208.0	210.2	149.7	149.7	149.0	146.8	105.6	253.1	39.3	0.0	147.4	147.3	44.0	39.5	6.7	62.9	-1.0	0.0	.Autoclave.Outputs.PRESSIP\OutputValue	8.0	49.0	-85.0	-1.0	0.0	-1.0	-1.0	-1.0	0.0	0.0	0.0	-1.0	-1.0	0.0	0.0	0.0	-1.0	0.0
22:42:16	254.1	217.2	231.1	206.9	186.7	201.1	181.8	-0.9	0.1	43.1	0.0	0.1	-0.9	231.1	181.8	-3.1	-4.6	204.1	206.5	144.6	144.6	143.9	142.4	105.5	254.1	40.3	0.0	142.8	142.8	44.0	42.5	6.5	66.8	-1.0	0.0	.Autoclave.Outputs.PRESSIP\OutputValue	8.0	49.3	-86.5	-1.0	0.0	-1.0	-1.0	-1.0	0.0	0.0	0.0	-1.0	-1.0	0.0	0.0	0.0	-1.0	0.0
22:43:16	255.1	213.2	227.2	203.0	183.2	196.4	177.5	-1.0	0.1	43.5	0.0	0.1	-1.0	227.2	177.5	-3.5	-4.2	200.1	202.4	140.9	140.9	140.1	139.1	105.7	255.1	41.3	0.0	138.3	138.3	44.0	37.7	6.2	62.9	-1.0	0.0	.Autoclave.Outputs.PRESSIP\OutputValue	8.0	49.7	-86.3	-1.0	0.0	-1.0	-1.0	-1.0	0.0	0.0	0.0	-1.0	-1.0	0.0	0.0	0.0	-1.0	0.0
22:44:16	256.1	209.5	223.8	198.9	179.2	192.3	173.5	-1.0	0.1	43.2	0.0	0.1	-1.0	223.8	173.5	-3.5	-4.4	196.2	198.7	137.7	137.6	136.8	136.2	105.6	256.1	42.3	0.0	133.9	133.8	44.0	28.7	5.9	65.7	-1.0	0.0	.Autoclave.Outputs.PRESSIP\OutputValue	8.0	50.3	-86.1	-1.0	0.0	-1.0	-1.0	-1.0	0.0	0.0	0.0	-1.0	-1.0	0.0	0.0	0.0	-1.0	0.0
22:45:16	257.1	205.6	220.2	194.8	175.9	188.0	169.8	-1.0	0.1	43.7	0.0	0.1	-1.0	220.2	169.8	-3.6	-4.3	192.4	195.0	135.2	135.3	134.5	134.0	105.7	257.1	43.3	0.0	129.3	129.3	44.0	14.9	5.5	61.4	-1.0	0.0	.Autoclave.Outputs.PRESSIP\OutputValue	8.0	50.4	-85.0	-1.0	0.0	-1.0	-1.0	-1.0	0.0	0.0	0.0	-1.0	-1.0	0.0	0.0	0.0	-1.0	0.0
22:46:16	258.1	203.1	216.7	191.3	171.9	184.5	165.9	-1.0	0.1	43.4	0.0	0.1	-1.0	216.7	165.9	-2.8	-4.3	188.9	191.3	132.4	132.4	131.6	131.5	105.6	258.1	44.3	0.0	124.9	124.8	44.0	3.0	4.8	64.0	-1.0	0.0	.Autoclave.Outputs.PRESSIP\OutputValue	8.0	50.8	-84.3	-1.0	0.0	-1.0	-1.0	-1.0	0.0	0.0	0.0	-1.0	-1.0	0.0	0.0	0.0	-1.0	0.0
22:47:16	259.1	200.6	213.6	188.1	169.1	180.6	162.7	-1.1	0.1	43.2	0.0	0.1	-1.1	213.6	162.7	-2.7	-3.6	185.8	188.1	130.1	130.1	129.4	129.4	105.7	259.1	45.3	0.0	120.3	120.3	44.0	0.0	0.0	66.3	-1.0	0.0	.Autoclave.Outputs.PRESSIP\OutputValue	8.0	50.9	-83.5	-1.0	0.0	-1.0	-1.0	-1.0	0.0	0.0	0.0	-1.0	-1.0	0.0	0.0	0.0	-1.0	0.0
22:48:16	260.1	197.3	210.4	184.8	166.6	176.9	159.6	-1.2	0.1	43.6	0.0	0.1	-1.2	210.4	159.6	-2.7	-3.8	182.6	185.0	128.3	128.3	127.5	128.3	105.7	260.1	46.3	0.0	115.9	115.8	44.0	0.0	0.0	61.6	-1.0	0.0	.Autoclave.Outputs.PRESSIP\OutputValue	8.0	50.8	-82.1	-1.0	0.0	-1.0	-1.0	-1.0	0.0	0.0	0.0	-1.0	-1.0	0.0	0.0	0.0	-1.0	0.0
22:49:16	261.1	193.4	206.9	181.6	163.5	173.6	156.7	-1.2	0.1	43.4	0.0	0.1	-1.2	206.9	156.7	-2.8	-3.8	179.3	181.8	126.4	126.4	125.7	126.2	105.6	261.1	47.3	0.0	111.3	111.3	44.0	0.0	0.0	63.8	-1.0	0.0	.Autoclave.Outputs.PRESSIP\OutputValue	8.0	50.2	-80.5	-1.0	0.0	-1.0	-1.0	-1.0	0.0	0.0	0.0	-1.0	-1.0	0.0	0.0	0.0	-1.0	0.0
22:50:16	262.1	190.9	203.7	178.5	160.8	169.9	153.9	-1.2	0.1	43.2	0.0	0.1	-1.2	203.7	153.9	-2.8	-3.5	176.3	178.8	124.7	124.7	123.9	124.5	105.4	262.1	48.3	0.0	106.8	106.8	44.0	0.0	0.0	65.7	-1.0	0.0	.Autoclave.Outputs.PRESSIP\OutputValue	8.0	49.8	-79.0	-1.0	0.0	-1.0	-1.0	-1.0	0.0	0.0	0.0	-1.0	-1.0	0.0	0.0	0.0	-1.0	0.0
22:51:16	263.1	188.5	200.4	175.7	158.2	166.6	151.2	-1.3	0.1	43.1	0.0	0.1	-1.3	200.4	151.2	-2.3	-3.3	173.4	175.8	123.1	123.1	122.2	123.2	105.5	263.1	49.3	0.0	102.3	102.3	44.0	0.0	0.0	66.8	-1.0	0.0	.Autoclave.Outputs.PRESSIP\OutputValue	8.0	49.2	-77.2	-1.0	0.0	-1.0	-1.0	-1.0	0.0	0.0	0.0	-1.0	-1.0	0.0	0.0	0.0	-1.0	0.0
22:52:16	264.1	185.5	197.8	173.0	156.0	163.6	148.7	-1.3	0.1	43.6	0.0	0.1	-1.3	197.8	148.7	-2.3	-3.2	170.8	173.2	122.0	122.0	121.3	122.1	105.6	264.1	50.3	0.0	97.9	97.8	44.0	0.0	0.0	61.8	-1.0	0.0	.Autoclave.Outputs.PRESSIP\OutputValue	8.0	49.1	-75.7	-1.0	0.0	-1.0	-1.0	-1.0	0.0	0.0	0.0	-1.0	-1.0	0.0	0.0	0.0	-1.0	0.0
22:53:16	265.1	182.9	194.7	170.2	153.2	160.5	146.1	-1.3	0.1	43.5	0.0	0.1	-1.3	194.7	146.1	-2.4	-3.1	167.9	170.4	120.3	120.3	119.6	120.8	105.5	265.1	51.3	0.0	93.3	93.3	44.0	0.0	0.0	63.6	-1.0	0.0	.Autoclave.Outputs.PRESSIP\OutputValue	8.0	48.6	-74.3	-1.0	0.0	-1.0	-1.0	-1.0	0.0	0.0	0.0	-1.0	-1.0	0.0	0.0	0.0	-1.0	0.0
22:54:16	266.1	180.0	192.0	167.7	151.0	157.8	143.8	-1.4	0.1	43.3	0.0	0.1	-1.4	192.0	143.8	-2.3	-2.9	165.4	167.9	119.1	119.1	118.4	119.6	105.6	266.1	52.3	0.0	88.8	88.8	44.0	0.0	0.0	65.0	-1.0	0.0	.Autoclave.Outputs.PRESSIP\OutputValue	8.0	48.2	-72.8	-1.0	0.0	-1.0	-1.0	-1.0	0.0	0.0	0.0	-1.0	-1.0	0.0	0.0	0.0	-1.0	0.0
22:55:16	267.1	178.1	189.2	165.1	148.8	154.9	141.6	-1.4	0.1	43.2	0.0	0.1	-1.4	189.2	141.6	-2.1	-2.9	162.9	165.4	117.8	117.8	117.1	118.6	105.5	267.1	53.3	0.0	84.3	84.3	44.0	0.0	0.0	66.1	-1.0	0.0	.Autoclave.Outputs.PRESSIP\OutputValue	8.0	47.6	-71.3	-1.0	0.0	-1.0	-1.0	-1.0	0.0	0.0	0.0	-1.0	-1.0	0.0	0.0	0.0	-1.0	0.0
22:56:16	268.1	175.1	186.3	162.4	146.7	152.4	139.6	-1.3	0.1	43.1	-0.1	0.1	-1.3	186.3	139.6	-2.0	-3.0	160.4	162.9	116.8	116.8	116.1	117.7	105.3	268.1	54.3	0.0	80.0	80.0	44.0	0.0	0.0	66.8	-1.0	0.0	.Autoclave.Outputs.PRESSIP\OutputValue	8.0	46.7	-69.4	-1.0	0.0	-1.0	-1.0	-1.0	0.0	0.0	0.0	-1.0	-1.0	0.0	0.0	0.0	-1.0	0.0
22:57:16	269.1	172.5	183.7	160.3	144.8	150.0	137.8	-1.5	0.1	43.8	0.0	0.1	-1.5	183.7	137.8	-2.0	-2.8	158.2	160.7	116.1	116.1	115.4	117.3	105.6	269.1	55.3	0.0	80.0	80.0	44.0	0.0	0.0	60.1	-1.0	0.0	.Autoclave.Outputs.PRESSIP\OutputValue	8.0	45.9	-67.5	-1.0	0.0	-1.0	-1.0	-1.0	0.0	0.0	0.0	-1.0	-1.0	0.0	0.0	0.0	-1.0	0.0
22:58:16	270.1	169.9	181.2	157.9	142.2	147.6	135.9	-1.5	0.1	43.7	0.0	0.1	-1.5	181.2	135.9	-2.0	-2.7	155.8	158.5	115.1	115.1	114.4	116.0	105.4	270.1	56.3	0.0	80.0	80.0	44.0	0.0	0.0	61.2	-1.0	0.0	.Autoclave.Outputs.PRESSIP\OutputValue	8.0	45.3	-66.0	-1.0	0.0	-1.0	-1.0	-1.0	0.0	0.0	0.0	-1.0	-1.0	0.0	0.0	0.0	-1.0	0.0
22:59:16	271.1	167.9	178.8	155.8	140.9	145.3	134.0	-1.5	0.1	43.6	0.0	0.1	-1.5	178.8	134.0	-1.6	-2.6	153.8	156.4	114.0	114.0	113.4	115.3	105.4	271.1	57.3	0.0	80.0	80.0	44.0	0.0	0.0	62.3	-1.0	0.0	.Autoclave.Outputs.PRESSIP\OutputValue	8.0	44.8	-64.7	-1.0	0.0	-1.0	-1.0	-1.0	0.0	0.0	0.0	-1.0	-1.0	0.0	0.0	0.0	-1.0	0.0
23:00:16	272.1	165.9	176.2	153.6	139.1	143.1	132.4	-1.5	0.1	43.5	0.0	0.1	-1.5	176.2	132.4	-1.9	-2.4	151.7	154.3	113.4	113.4	112.7	114.4	105.5	272.1	58.3	0.0	80.0	80.0	44.0	0.0	0.0	63.1	-1.0	0.0	.Autoclave.Outputs.PRESSIP\OutputValue	8.0	43.8	-62.7	-1.0	0.0	-1.0	-1.0	-1.0	0.0	0.0	0.0	-1.0	-1.0	0.0	0.0	0.0	-1.0	0.0
23:01:16	273.1	163.3	173.7	151.7	136.7	141.0	130.8	-1.5	0.1	43.4	0.0	0.1	-1.5	173.7	130.8	-1.5	-2.7	149.5	152.2	112.5	112.5	111.8	113.7	105.4	273.1	59.3	0.0	80.0	80.0	44.0	0.0	0.0	64.0	-1.0	0.0	.Autoclave.Outputs.PRESSIP\OutputValue	8.0	42.9	-61.1	-1.0	0.0	-1.0	-1.0	-1.0	0.0	0.0	0.0	-1.0	-1.0	0.0	0.0	0.0	-1.0	0.0
23:02:16	274.1	161.4	171.4	149.5	135.1	139.1	129.4	-1.5	0.1	43.3	0.0	0.1	-1.5	171.4	129.4	-1.3	-2.2	147.6	150.4	111.8	111.8	111.1	113.0	105.4	274.1	60.3	0.0	80.0	80.0	44.0	0.0	0.0	64.8	-1.0	0.0	.Autoclave.Outputs.PRESSIP\OutputValue	8.0	42.0	-59.5	-1.0	0.0	-1.0	-1.0	-1.0	0.0	0.0	0.0	-1.0	-1.0	0.0	0.0	0.0	-1.0	0.0
23:03:16	275.1	159.3	169.1	147.7	133.7	137.2	128.0	-1.6	0.1	43.2	0.0	0.1	-1.6	169.1	128.0	-1.4	-2.5	145.8	148.5	111.1	111.1	110.3	112.3	105.3	275.1	61.3	0.0	80.0	80.0	44.0	0.0	0.0	65.7	-1.0	0.0	.Autoclave.Outputs.PRESSIP\OutputValue	8.0	41.1	-57.9	-1.0	0.0	-1.0	-1.0	-1.0	0.0	0.0	0.0	-1.0	-1.0	0.0	0.0	0.0	-1.0	0.0
23:04:16	276.1	156.8	166.8	146.1	132.5	135.4	126.6	-1.6	0.1	43.2	0.0	0.1	-1.6	166.8	126.6	-1.4	-2.5	144.0	146.7	110.4	110.3	109.7	111.6	105.2	276.1	62.3	0.0	80.0	80.0	44.0	0.0	0.0	66.3	-1.0	0.0	.Autoclave.Outputs.PRESSIP\OutputValue	8.0	40.2	-56.3	-1.0	0.0	-1.0	-1.0	-1.0	0.0	0.0	0.0	-1.0	-1.0	0.0	0.0	0.0	-1.0	0.0
23:05:16	277.1	155.6	164.7	144.3	130.9	133.8	125.2	-1.6	0.1	43.1	0.0	0.1	-1.6	164.7	125.2	-1.4	-2.1	142.4	144.9	109.6	109.6	109.0	111.2	105.2	277.1	63.3	0.0	80.0	80.0	44.0	0.0	0.0	67.4	-1.0	0.0	.Autoclave.Outputs.PRESSIP\OutputValue	8.0	39.5	-55.0	-1.0	0.0	-1.0	-1.0	-1.0	0.0	0.0	0.0	-1.0	-1.0	0.0	0.0	0.0	-1.0	0.0
23:06:16	278.1	153.8	162.8	142.7	129.5	132.2	123.9	-1.6	0.1	43.6	0.0	0.1	-1.6	162.8	123.9	-1.3	-2.2	140.8	143.3	109.3	109.3	108.6	110.9	105.4	278.1	64.3	0.0	80.0	80.0	44.0	0.0	0.0	61.9	-1.0	0.0	.Autoclave.Outputs.PRESSIP\OutputValue	8.0	38.9	-53.4	-1.0	0.0	-1.0	-1.0	-1.0	0.0	0.0	0.0	-1.0	-1.0	0.0	0.0	0.0	-1.0	0.0
23:07:16	279.1	151.9	160.7	141.2	128.5	130.7	122.9	-1.6	0.1	43.5	-0.1	0.1	-1.6	160.7	122.9	-1.0	-2.3	139.3	141.8	108.6	108.6	108.0	110.3	105.3	279.1	65.3	0.0	80.0	80.0	44.0	0.0	0.0	62.7	-1.0	0.0	.Autoclave.Outputs.PRESSIP\OutputValue	8.0	37.8	-52.0	-1.0	0.0	-1.0	-1.0	-1.0	0.0	0.0	0.0	-1.0	-1.0	0.0	0.0	0.0	-1.0	0.0
23:08:16	280.1	150.5	158.9	139.7	127.3	129.1	121.6	-1.6	0.1	43.5	0.0	0.1	-1.6	158.9	121.6	-1.4	-1.9	137.8	140.2	108.1	108.2	107.4	109.7	105.1	280.1	66.3	0.0	80.0	80.0	44.0	0.0	0.0	63.3	-1.0	0.0	.Autoclave.Outputs.PRESSIP\OutputValue	8.0	37.3	-50.7	-1.0	0.0	-1.0	-1.0	-1.0	0.0	0.0	0.0	-1.0	-1.0	0.0	0.0	0.0	-1.0	0.0
23:09:16	281.1	148.9	157.0	138.3	125.9	127.5	120.7	-1.6	0.1	43.4	0.0	0.1	-1.6	157.0	120.7	-0.8	-1.9	136.4	138.8	107.5	107.6	106.8	109.2	105.2	281.1	67.3	0.0	80.0	80.0	44.0	0.0	0.0	64.0	-1.0	0.0	.Autoclave.Outputs.PRESSIP\OutputValue	8.0	36.3	-49.4	-1.0	0.0	-1.0	-1.0	-1.0	0.0	0.0	0.0	-1.0	-1.0	0.0	0.0	0.0	-1.0	0.0
23:10:16	282.1	146.8	155.1	136.8	124.7	126.5	119.6	-1.6	0.1	43.3	0.0	0.1	-1.6	155.1	119.6	-1.0	-2.2	134.9	137.3	107.1	107.0	106.4	108.8	105.2	282.1	68.3	0.0	80.0	80.0	44.0	0.0	0.0	64.4	-1.0	0.0	.Autoclave.Outputs.PRESSIP\OutputValue	8.0	35.5	-47.9	-1.0	0.0	-1.0	-1.0	-1.0	0.0	0.0	0.0	-1.0	-1.0	0.0	0.0	0.0	-1.0	0.0
23:11:16	283.1	145.0	153.3	135.4	123.4	125.2	118.6	-1.7	0.1	43.3	0.0	0.1	-1.7	153.3	118.6	-1.2	-2.1	133.5	135.9	106.7	106.7	105.9	108.3	105.1	283.1	69.3	0.0	80.0	80.0	44.0	0.0	0.0	65.1	-1.0	0.0	.Autoclave.Outputs.PRESSIP\OutputValue	8.0	34.7	-46.5	-1.0	0.0	-1.0	-1.0	-1.0	0.0	0.0	0.0	-1.0	-1.0	0.0	0.0	0.0	-1.0	0.0
23:12:16	284.1	143.6	151.5	134.0	122.9	124.0	117.9	-1.6	0.1	43.2	-0.1	0.1	-1.6	151.5	117.9	-0.9	-1.9	132.3	134.7	106.1	106.1	105.4	107.9	105.0	284.1	70.3	0.0	80.0	80.0	44.0	0.0	0.0	65.7	-1.0	0.0	.Autoclave.Outputs.PRESSIP\OutputValue	8.0	33.6	-45.3	-1.0	0.0	-1.0	-1.0	-1.0	0.0	0.0	0.0	-1.0	-1.0	0.0	0.0	0.0	-1.0	0.0
23:13:16	285.1	142.2	149.9	132.9	121.3	123.5	116.7	-1.7	0.1	43.2	0.0	0.1	-1.7	149.9	116.7	-1.1	-1.8	131.1	133.3	105.7	105.7	105.1	107.6	105.0	285.1	71.3	0.0	80.0	80.0	44.0	0.0	0.0	66.1	-1.0	0.0	.Autoclave.Outputs.PRESSIP\OutputValue	8.0	33.2	-44.1	-1.0	0.0	-1.0	-1.0	-1.0	0.0	0.0	0.0	-1.0	-1.0	0.0	0.0	0.0	-1.0	0.0
23:14:16	286.1	140.8	148.4	131.7	120.6	121.9	116.0	-1.7	0.1	43.1	0.0	0.1	-1.7	148.4	116.0	-0.5	-1.6	129.9	132.2	105.4	105.4	104.7	107.2	105.0	286.1	72.3	0.0	80.0	80.0	44.0	0.0	0.0	66.7	-1.0	0.0	.Autoclave.Outputs.PRESSIP\OutputValue	8.0	32.4	-42.9	-1.0	0.0	-1.0	-1.0	-1.0	0.0	0.0	0.0	-1.0	-1.0	0.0	0.0	0.0	-1.0	0.0
23:14:28	286.3	140.4	148.0	131.4	120.2	121.7	115.8	-1.6	0.1	43.1	0.0	0.1	-1.6	148.0	115.8	-0.7	-1.5	129.6	131.9	105.3	105.2	104.7	107.1	105.0	286.3	72.5	0.0	80.0	80.0	44.0	0.0	0.0	66.5	-1.0	0.0	.Autoclave.Outputs.PRESSIP\OutputValue	8.0	32.2	-42.7	-1.0	0.0	-1.0	-1.0	-1.0	0.0	0.0	0.0	-1.0	-1.0	0.0	0.0	0.0	-1.0	0.0
23:15:16	287.1	139.3	146.6	130.6	118.8	120.6	114.6	-1.6	0.1	36.4	0.0	0.1	-1.6	146.6	114.6	-1.1	-1.8	128.4	130.6	102.2	102.2	101.4	103.5	104.2	287.1	0.8	0.0	80.0	80.0	35.9	0.0	0.0	53.3	-1.0	0.0	.Autoclave.Outputs.PRESSIP\OutputValue	7.2	32.0	-44.3	-1.0	0.0	-1.0	-1.0	-1.0	0.0	0.0	0.0	-1.0	-1.0	-1.0	0.0	0.0	-1.0	0.0
23:16:16	288.1	137.8	145.1	128.9	116.7	119.6	112.7	-1.7	0.0	26.7	-0.1	0.0	-1.7	145.1	112.7	-1.4	-2.1	126.8	128.9	98.6	98.6	98.0	100.0	103.4	288.1	1.8	0.0	80.0	80.0	25.9	0.0	0.0	49.4	-1.0	0.0	.Autoclave.Outputs.PRESSIP\OutputValue	5.9	32.4	-46.4	-1.0	0.0	-1.0	-1.0	-1.0	0.0	0.0	0.0	-1.0	-1.0	0.0	0.0	0.0	-1.0	0.0
23:17:16	289.1	136.6	143.9	127.8	115.4	118.3	111.6	-1.7	0.0	16.5	-0.1	0.0	-1.7	143.9	111.6	-0.8	-1.3	125.6	127.7	95.7	95.6	94.8	97.0	102.6	289.1	2.8	0.0	80.0	80.0	15.9	0.0	0.0	49.4	-1.0	0.0	.Autoclave.Outputs.PRESSIP\OutputValue	4.5	32.3	-48.1	-1.0	0.0	-1.0	-1.0	-1.0	0.0	0.0	0.0	-1.0	-1.0	0.0	0.0	0.0	-1.0	0.0
23:18:16	290.1	135.8	142.7	126.5	114.4	117.3	110.0	-1.7	-0.3	6.6	-0.1	-0.3	-1.7	142.7	110.0	-1.0	-1.5	124.4	126.3	92.7	92.7	91.9	94.5	101.7	290.1	3.8	0.0	80.0	80.0	5.9	0.0	0.0	46.0	-1.0	0.0	.Autoclave.Outputs.PRESSIP\OutputValue	3.1	32.7	-49.9	-1.0	0.0	-1.0	-1.0	-1.0	0.0	0.0	0.0	-1.0	-1.0	-1.0	0.0	0.0	-1.0	0.0
23:19:16	291.1	135.6	142.4	125.9	114.6	116.8	109.6	-1.9	-0.8	1.1	-0.1	-0.8	-1.9	142.4	109.6	-0.1	-0.8	124.1	126.0	92.2	92.2	91.5	94.7	101.6	291.1	4.8	0.0	80.0	80.0	0.0	0.0	0.0	38.3	-1.0	0.0	.Autoclave.Outputs.PRESSIP\OutputValue	-0.2	32.8	-50.1	-1.0	0.0	-1.0	-1.0	-1.0	0.0	0.0	0.0	-1.0	-1.0	-1.0	0.0	0.0	-1.0	0.0
23:19:19	291.1	135.6	142.4	125.8	114.6	116.7	109.5	-1.9	-0.7	1.0	-0.1	-0.7	-1.9	142.4	109.5	-0.1	-0.8	124.1	125.9	92.3	92.3	91.5	94.9	101.6	291.1	4.8	0.0	80.0	80.0	0.0	0.0	0.0	39.1	-1.0	0.0	.Autoclave.Outputs.PRESSIP\OutputValue	-0.3	32.9	-50.0	-1.0	0.0	-1.0	-1.0	-1.0	0.0	0.0	0.0	-1.0	-1.0	-1.0	0.0	0.0	-1.0	0.0
