Filename:	AC(7X15)_20160621-002.DAT
LoadNumber:	5457
Filepath:	C:\ASC DATA
Equipment:	Autoclave, 7x15
Run Recipe:	Recipes\AIDC\BELL\G11-1   BELL 350F  44P
Run Date:	Tuesday, June 21, 2016
Run Time:	21:51:26
File Length:	175134
OperatorName:	OPERATOR

PART INFORMATION

PART INDEX #1
Part Number:	205-032-813-133A
Serial Number:	22676706
Part Name:	
Part TCs:	PTC10	PTC11	PTC12	PTC13	PTC14	
Part Probes:	VPRB3	
Other Sensors:	

PART INDEX #2
Part Number:	TEST
Serial Number:	TEST
Part Name:	
Part TCs:	
Part Probes:	VPRB4	
Other Sensors:	

Time	Elapsed	PTC10	PTC11	PTC12	PTC13	PTC14	VPRB3	VPRB4	PRESS	SVAC	HIPRB	LOPRB	HITC	LOTC	HIRATE	LORATE	AVGTC	MEAN	AIRTC	AIRTC1	AIRTC2	HILIMTC	CAPSTC	RUNTIME	SEGTIME	SEGTIMELEFT	TSET_AIR	TSET_PART	PSET	TEMPOUT	TEMPINT	PRESSOUT	COOLIP	SCROUT	PRESSIP	PRESSINT	SPREAD	AIRPARTDELTA	CAPSFLOW	SILENCE	BARLOCK	HIPSI	FANON	HYDON	FANSTARTSTOPPB	HYDPMPSTARTSTOPPB	COOLCNTRLONOFFSW	PRESSCNTRLONOFFSW	PRESSDUMPSW	PCMANUALSW	HILIMIT	BLWRMTRHILIMIT	MANINSIDE
HH:MM:SS	Mins	Deg.F	Deg.F	Deg.F	Deg.F	Deg.F	"Hg	"Hg	Psig	"Hg			Deg.F	Deg.F	Deg.F	Deg.F	Deg.F	Deg.F	Deg.F	Deg.F	Deg.F	Deg.F	Deg.F	Mins	Mins	Mins	Deg.F	Deg.F	Psig				%	%	%	%	Deg.F	Deg.F															
17:17:24	0.0	81.5	81.0	79.4	79.8	79.6	-27.1	-27.6	-0.4	-27.9	-27.1	-27.6	81.5	79.4	0.1	-0.1	80.3	80.5	88.0	88.1	87.4	93.0	91.9	220.8	0.0	0.0	70.0	70.0	0.0	0.0	0.0	50.0	0.0	0.0	.Autoclave.Outputs.PRESSIP\OutputValue	8.0	2.1	6.5	-1.0	0.0	-1.0	-1.0	0.0	0.0	0.0	0.0	-1.0	-1.0	-1.0	0.0	0.0	-1.0	0.0
17:17:26	0.0	81.5	81.0	79.4	79.8	79.6	-27.1	-27.6	-0.4	-27.9	-27.1	-27.6	81.5	79.4	0.1	-0.1	80.3	80.5	88.0	88.1	87.4	93.0	91.9	220.8	0.0	0.0	70.0	70.0	0.0	0.0	0.0	50.0	0.0	0.0	.Autoclave.Outputs.PRESSIP\OutputValue	8.0	2.1	6.5	-1.0	0.0	-1.0	-1.0	0.0	0.0	0.0	0.0	-1.0	-1.0	-1.0	0.0	0.0	-1.0	0.0
17:17:26	0.0	81.5	81.0	79.4	79.8	79.6	-27.1	-27.6	-0.4	-27.9	-27.1	-27.6	81.5	79.4	0.1	-0.1	80.3	80.5	88.1	88.1	87.4	93.0	91.9	220.8	0.0	0.0	70.0	70.0	0.0	0.0	0.0	50.0	0.0	0.0	.Autoclave.Outputs.PRESSIP\OutputValue	8.0	2.1	6.5	-1.0	0.0	-1.0	-1.0	0.0	0.0	0.0	0.0	-1.0	-1.0	-1.0	0.0	0.0	-1.0	0.0
17:17:26	0.0	81.5	81.0	79.4	79.8	79.6	-27.1	-27.6	-0.4	-27.9	-27.1	-27.6	81.5	79.4	0.1	-0.1	80.3	80.5	88.1	88.1	87.4	93.0	91.9	220.8	0.0	0.0	70.0	70.0	0.0	0.0	0.0	50.0	0.0	0.0	.Autoclave.Outputs.PRESSIP\OutputValue	8.0	2.1	6.6	-1.0	0.0	-1.0	-1.0	0.0	0.0	0.0	0.0	-1.0	-1.0	-1.0	0.0	0.0	-1.0	0.0
17:18:26	1.0	81.9	81.3	79.7	81.0	80.6	-27.2	-27.6	1.1	-27.9	-27.2	-27.6	81.9	79.7	1.1	0.1	80.9	80.8	89.2	89.3	88.6	92.9	91.2	1.0	1.0	0.0	90.2	86.0	1.5	52.2	-0.3	62.0	0.0	4.5	.Autoclave.Outputs.PRESSIP\OutputValue	8.0	2.2	7.3	-1.0	0.0	-1.0	-1.0	-1.0	0.0	0.0	0.0	-1.0	-1.0	0.0	0.0	0.0	-1.0	0.0
17:19:26	2.0	82.8	82.1	80.4	82.2	82.3	-27.2	-27.5	2.1	-27.9	-27.2	-27.5	82.8	80.4	1.8	0.6	82.0	81.6	95.7	95.8	95.1	109.2	91.3	2.0	2.0	0.0	98.1	90.5	3.0	63.6	0.0	66.6	0.0	27.2	.Autoclave.Outputs.PRESSIP\OutputValue	8.0	2.4	12.9	-1.0	0.0	-1.0	-1.0	-1.0	0.0	0.0	0.0	-1.0	-1.0	0.0	0.0	0.0	-1.0	0.0
17:20:26	3.0	84.7	84.1	81.5	84.4	84.2	-27.2	-27.5	3.8	-27.9	-27.2	-27.5	84.7	81.5	2.2	1.1	83.8	83.1	102.8	102.8	102.2	116.7	91.5	3.0	3.0	0.0	105.3	95.0	4.5	64.8	0.2	65.3	0.0	29.6	.Autoclave.Outputs.PRESSIP\OutputValue	8.0	3.2	18.1	-1.0	0.0	-1.0	-1.0	-1.0	0.0	0.0	0.0	-1.0	-1.0	0.0	0.0	0.0	-1.0	0.0
17:21:26	4.0	87.3	86.6	82.8	86.9	86.1	-27.3	-27.5	5.5	-27.9	-27.3	-27.5	87.3	82.8	2.6	1.3	86.0	85.1	109.3	109.4	108.9	123.3	91.8	4.0	4.0	0.0	111.7	99.5	6.0	64.8	0.4	62.3	0.0	29.5	.Autoclave.Outputs.PRESSIP\OutputValue	8.0	4.5	22.0	-1.0	0.0	-1.0	-1.0	-1.0	0.0	0.0	0.0	-1.0	-1.0	0.0	0.0	0.0	-1.0	0.0
17:22:26	5.0	90.1	89.5	84.1	89.7	88.2	-27.1	-27.5	7.2	-27.9	-27.1	-27.5	90.1	84.1	2.9	0.9	88.3	87.1	115.0	115.0	114.4	127.4	91.9	5.0	5.0	0.0	117.5	104.0	7.5	64.7	0.6	60.8	0.0	29.4	.Autoclave.Outputs.PRESSIP\OutputValue	8.0	6.0	24.9	-1.0	0.0	-1.0	-1.0	-1.0	0.0	0.0	0.0	-1.0	-1.0	0.0	0.0	0.0	-1.0	0.0
17:23:26	6.0	93.4	92.6	85.7	92.7	90.5	-27.2	-27.3	8.1	-27.9	-27.2	-27.3	93.4	85.7	3.2	1.6	91.0	89.6	120.9	121.0	120.3	134.9	92.0	6.0	6.0	0.0	123.5	108.5	9.0	66.7	0.9	66.9	0.0	33.4	.Autoclave.Outputs.PRESSIP\OutputValue	8.0	7.7	27.5	-1.0	0.0	-1.0	-1.0	-1.0	0.0	0.0	0.0	-1.0	-1.0	0.0	0.0	0.0	-1.0	0.0
17:24:26	7.0	96.8	96.0	87.6	97.5	93.3	-27.2	-27.2	9.7	-27.9	-27.2	-27.2	97.5	87.6	3.5	1.9	94.3	92.6	126.4	126.4	125.6	139.2	92.2	7.0	7.0	0.0	129.2	113.0	10.5	68.7	1.2	66.2	0.0	37.5	.Autoclave.Outputs.PRESSIP\OutputValue	8.0	9.9	28.9	-1.0	0.0	-1.0	-1.0	-1.0	0.0	0.0	0.0	-1.0	-1.0	0.0	0.0	0.0	-1.0	0.0
17:24:37	7.2	97.3	96.5	87.8	96.7	93.6	-27.2	-27.4	10.0	-27.9	-27.2	-27.4	97.3	87.8	10.0	1.9	94.4	92.6	127.0	127.0	126.4	140.1	92.1	7.2	7.2	0.0	130.1	113.7	10.7	69.1	0.0	67.1	0.0	38.1	.Autoclave.Outputs.PRESSIP\OutputValue	8.0	9.5	29.6	-1.0	0.0	-1.0	-1.0	-1.0	0.0	0.0	0.0	-1.0	-1.0	0.0	0.0	0.0	-1.0	0.0
17:25:26	8.0	100.2	99.4	89.5	101.0	95.6	-27.1	-27.2	11.4	-27.8	-27.1	-27.2	101.0	89.5	3.5	1.8	97.2	95.3	131.1	131.1	130.4	142.5	92.4	8.0	0.8	0.0	134.7	117.5	12.0	62.5	0.1	63.4	0.0	25.0	.Autoclave.Outputs.PRESSIP\OutputValue	8.0	11.4	30.1	-1.0	0.0	-1.0	-1.0	-1.0	0.0	0.0	0.0	-1.0	-1.0	0.0	0.0	0.0	-1.0	0.0
17:26:26	9.0	103.9	102.9	91.4	103.1	98.4	-26.2	-25.7	13.1	-23.4	-25.7	-26.2	103.9	91.4	7.6	2.0	100.0	97.7	136.6	136.7	136.0	150.8	92.7	9.0	1.8	0.0	140.2	122.0	13.5	72.7	0.4	62.0	0.0	45.4	.Autoclave.Outputs.PRESSIP\OutputValue	8.0	12.5	32.6	-1.0	0.0	-1.0	-1.0	-1.0	0.0	0.0	0.0	-1.0	-1.0	0.0	0.0	0.0	-1.0	0.0
17:27:26	10.0	107.8	106.6	93.7	111.6	101.4	-24.0	-19.2	14.3	-18.3	-19.2	-24.0	111.6	93.7	3.9	0.3	104.2	102.7	142.1	142.2	141.4	155.4	92.8	10.0	2.8	0.0	145.2	126.5	15.0	63.9	0.7	65.2	0.0	27.9	.Autoclave.Outputs.PRESSIP\OutputValue	8.0	17.8	30.5	-1.0	0.0	-1.0	-1.0	-1.0	0.0	0.0	0.0	-1.0	-1.0	0.0	0.0	0.0	-1.0	0.0
17:28:26	11.0	111.7	110.3	96.1	111.0	104.6	-21.6	-14.0	16.1	-13.5	-14.0	-21.6	111.7	96.1	3.9	2.2	106.8	103.9	147.7	147.7	147.0	160.1	93.0	11.0	3.8	0.0	150.3	131.0	16.5	67.6	1.0	61.8	0.0	35.2	.Autoclave.Outputs.PRESSIP\OutputValue	8.0	15.6	35.9	-1.0	0.0	-1.0	-1.0	-1.0	0.0	0.0	0.0	-1.0	-1.0	0.0	0.0	0.0	-1.0	0.0
17:29:26	12.0	115.6	114.1	98.5	115.4	107.4	-19.0	-9.0	17.0	-8.6	-9.0	-19.0	115.6	98.5	7.3	2.7	110.2	107.1	152.0	152.0	151.4	166.4	93.0	12.0	4.8	0.0	155.4	135.5	18.0	54.1	1.3	67.6	0.0	8.2	.Autoclave.Outputs.PRESSIP\OutputValue	8.0	17.1	36.3	-1.0	0.0	-1.0	-1.0	-1.0	0.0	0.0	0.0	-1.0	-1.0	0.0	0.0	0.0	-1.0	0.0
17:30:26	13.0	119.8	117.9	101.2	119.8	110.7	-16.5	-5.0	18.7	-5.0	-5.0	-16.5	119.8	101.2	4.2	1.8	113.9	110.5	157.3	157.3	156.7	170.7	93.3	13.0	5.8	0.0	160.0	140.0	19.5	68.6	1.5	65.8	0.0	37.2	.Autoclave.Outputs.PRESSIP\OutputValue	8.0	18.6	37.4	-1.0	0.0	-1.0	-1.0	-1.0	0.0	0.0	0.0	-1.0	-1.0	0.0	0.0	0.0	-1.0	0.0
17:31:26	14.0	124.0	121.9	103.9	124.0	113.3	-14.7	-3.6	20.6	-3.8	-3.6	-14.7	124.0	103.9	4.3	2.7	117.4	114.0	162.2	162.2	161.5	176.1	93.5	14.0	6.8	0.0	164.8	144.5	21.0	67.6	1.8	61.8	0.0	35.2	.Autoclave.Outputs.PRESSIP\OutputValue	8.0	20.1	38.1	-1.0	0.0	-1.0	-1.0	-1.0	0.0	0.0	0.0	-1.0	-1.0	0.0	0.0	0.0	-1.0	0.0
17:32:26	15.0	128.2	126.1	106.7	128.5	116.7	-13.0	-3.2	22.0	-3.4	-3.2	-13.0	128.5	106.7	5.8	2.7	121.2	117.6	166.8	166.9	166.2	179.9	93.6	15.0	7.8	0.0	169.6	149.0	22.5	69.2	2.1	64.6	0.0	38.5	.Autoclave.Outputs.PRESSIP\OutputValue	8.0	21.7	38.3	-1.0	0.0	-1.0	-1.0	-1.0	0.0	0.0	0.0	-1.0	-1.0	0.0	0.0	0.0	-1.0	0.0
17:33:26	16.0	132.5	129.8	109.7	132.9	120.4	-11.4	-2.9	23.2	-3.0	-2.9	-11.4	132.9	109.7	4.3	3.1	125.1	121.3	171.2	171.3	170.7	183.2	93.8	16.0	8.8	0.0	174.2	153.5	24.0	68.0	2.4	66.0	0.0	36.0	.Autoclave.Outputs.PRESSIP\OutputValue	8.0	23.1	38.3	-1.0	0.0	-1.0	-1.0	-1.0	0.0	0.0	0.0	-1.0	-1.0	0.0	0.0	0.0	-1.0	0.0
17:34:26	17.0	136.7	133.6	112.6	137.3	123.4	-10.0	-2.6	24.9	-2.7	-2.6	-10.0	137.3	112.6	4.3	3.1	128.7	125.0	176.0	176.0	175.3	188.6	93.9	17.0	9.8	0.0	178.8	158.0	25.5	69.1	2.6	63.5	0.0	38.3	.Autoclave.Outputs.PRESSIP\OutputValue	8.0	24.6	38.7	-1.0	0.0	-1.0	-1.0	-1.0	0.0	0.0	0.0	-1.0	-1.0	0.0	0.0	0.0	-1.0	0.0
17:35:26	18.0	140.9	137.5	115.6	141.7	127.2	-8.6	-2.3	26.0	-2.5	-2.3	-8.6	141.7	115.6	4.4	3.0	132.6	128.7	180.0	180.1	179.4	194.0	94.1	18.0	10.8	0.0	183.4	162.5	27.0	73.2	2.9	67.9	0.0	46.4	.Autoclave.Outputs.PRESSIP\OutputValue	8.0	26.0	38.3	-1.0	0.0	-1.0	-1.0	-1.0	0.0	0.0	0.0	-1.0	-1.0	0.0	0.0	0.0	-1.0	0.0
17:36:26	19.0	145.3	141.4	118.9	146.2	130.7	-7.3	-1.9	27.6	-2.2	-1.9	-7.3	146.2	118.9	4.8	3.1	136.5	132.6	185.1	185.1	184.3	197.7	94.2	19.0	11.8	0.0	187.9	167.0	28.5	70.4	3.2	67.2	0.0	40.9	.Autoclave.Outputs.PRESSIP\OutputValue	8.0	27.2	38.9	-1.0	0.0	-1.0	-1.0	-1.0	0.0	0.0	0.0	-1.0	-1.0	0.0	0.0	0.0	-1.0	0.0
17:37:27	20.1	149.8	145.4	122.4	151.0	134.1	-6.3	-1.6	29.5	-1.9	-1.6	-6.3	151.0	122.4	4.7	3.2	140.5	136.7	189.0	188.9	188.3	203.2	94.4	20.0	12.8	0.0	192.1	171.5	30.0	72.1	3.5	63.4	0.0	44.2	.Autoclave.Outputs.PRESSIP\OutputValue	8.0	28.5	38.0	-1.0	0.0	-1.0	-1.0	-1.0	0.0	0.0	0.0	-1.0	-1.0	0.0	0.0	0.0	-1.0	0.0
17:38:26	21.0	154.0	149.2	125.6	155.9	137.7	-5.3	-1.4	30.8	-1.6	-1.4	-5.3	155.9	125.6	4.9	3.4	144.5	140.7	193.6	193.7	193.0	206.3	94.6	21.0	13.8	0.0	196.2	176.0	31.5	68.6	3.8	67.1	0.0	37.2	.Autoclave.Outputs.PRESSIP\OutputValue	8.0	30.3	37.7	-1.0	0.0	-1.0	-1.0	-1.0	0.0	0.0	0.0	-1.0	-1.0	0.0	0.0	0.0	-1.0	0.0
17:39:26	22.0	158.4	153.0	129.1	160.4	141.7	-4.5	-1.1	32.3	-1.4	-1.1	-4.5	160.4	129.1	4.7	3.3	148.5	144.7	198.0	198.0	197.4	210.2	94.8	22.0	14.8	0.0	200.6	180.5	33.0	68.4	4.0	64.8	0.0	36.7	.Autoclave.Outputs.PRESSIP\OutputValue	8.0	31.3	37.6	-1.0	0.0	-1.0	-1.0	-1.0	0.0	0.0	0.0	-1.0	-1.0	0.0	0.0	0.0	-1.0	0.0
17:40:26	23.0	162.7	157.3	132.8	165.1	146.1	-3.8	-1.0	34.0	-1.2	-1.0	-3.8	165.1	132.8	4.8	3.4	152.8	148.9	202.3	202.4	201.7	215.8	95.1	23.0	15.8	0.0	204.9	185.0	34.5	69.5	4.3	62.6	0.0	39.1	.Autoclave.Outputs.PRESSIP\OutputValue	8.0	32.3	37.2	-1.0	0.0	-1.0	-1.0	-1.0	0.0	0.0	0.0	-1.0	-1.0	0.0	0.0	0.0	-1.0	0.0
17:41:26	24.0	167.3	161.6	136.0	169.9	150.5	-3.1	-0.7	35.1	-1.0	-0.7	-3.1	169.9	136.0	4.9	4.2	157.0	152.9	205.9	205.9	205.2	219.6	95.1	24.0	16.8	0.0	209.1	189.5	36.0	74.2	4.6	67.0	0.0	48.3	.Autoclave.Outputs.PRESSIP\OutputValue	8.0	33.9	36.0	-1.0	0.0	-1.0	-1.0	-1.0	0.0	0.0	0.0	-1.0	-1.0	0.0	0.0	0.0	-1.0	0.0
17:42:27	25.1	171.5	165.9	140.5	174.6	153.6	-2.6	-0.5	36.9	-0.8	-0.5	-2.6	174.6	140.5	4.7	3.0	161.2	157.5	210.6	210.7	210.1	222.3	95.4	25.0	17.8	0.0	213.4	194.0	37.5	71.4	4.9	63.8	0.0	42.8	.Autoclave.Outputs.PRESSIP\OutputValue	8.0	34.1	36.0	-1.0	0.0	-1.0	-1.0	-1.0	0.0	0.0	0.0	-1.0	-1.0	0.0	0.0	0.0	-1.0	0.0
17:43:26	26.0	175.6	170.2	144.3	179.3	157.5	-2.2	-0.4	38.6	-0.6	-0.4	-2.2	179.3	144.3	4.7	3.7	165.4	161.8	215.0	215.2	214.6	228.0	95.4	26.0	18.8	0.0	217.8	198.5	39.0	70.5	5.1	62.7	0.0	41.0	.Autoclave.Outputs.PRESSIP\OutputValue	8.0	35.0	35.7	-1.0	0.0	-1.0	-1.0	-1.0	0.0	0.0	0.0	-1.0	-1.0	0.0	0.0	0.0	-1.0	0.0
17:44:26	27.0	180.4	174.8	147.3	183.9	160.9	-1.7	-0.3	39.5	-0.5	-0.3	-1.7	183.9	147.3	4.8	3.6	169.4	165.6	219.1	219.3	218.5	231.6	95.5	27.0	19.8	0.0	222.2	203.0	40.5	73.6	5.4	67.5	0.0	47.2	.Autoclave.Outputs.PRESSIP\OutputValue	8.0	36.6	35.2	-1.0	0.0	-1.0	-1.0	-1.0	0.0	0.0	0.0	-1.0	-1.0	0.0	0.0	0.0	-1.0	0.0
17:45:26	28.0	184.6	179.2	151.1	188.7	165.5	-1.3	-0.1	41.4	-0.4	-0.1	-1.3	188.7	151.1	5.0	4.4	173.8	169.9	223.6	223.6	222.9	235.9	95.6	28.0	20.8	0.0	226.2	207.5	42.0	70.9	5.7	64.3	0.0	41.8	.Autoclave.Outputs.PRESSIP\OutputValue	8.0	37.6	34.9	-1.0	0.0	-1.0	-1.0	-1.0	0.0	0.0	0.0	-1.0	-1.0	0.0	0.0	0.0	-1.0	0.0
17:45:48	28.4	186.1	180.8	152.8	190.7	167.4	-1.2	-0.1	42.1	-0.3	-0.1	-1.2	190.7	152.8	5.2	4.4	175.5	171.7	224.8	225.0	224.3	237.6	95.7	28.4	21.2	0.0	227.6	209.1	42.5	72.1	5.8	63.9	0.0	44.3	.Autoclave.Outputs.PRESSIP\OutputValue	8.0	37.9	34.2	-1.0	0.0	-1.0	-1.0	-1.0	0.0	0.0	0.0	-1.0	-1.0	0.0	0.0	0.0	-1.0	0.0
17:46:26	29.0	189.0	183.6	155.7	193.8	169.3	-1.1	0.0	42.5	-0.3	0.0	-1.1	193.8	155.7	5.1	3.8	178.3	174.7	227.3	227.3	226.5	240.1	95.7	29.0	0.6	0.0	230.2	212.0	43.5	73.0	6.0	67.6	0.0	45.9	.Autoclave.Outputs.PRESSIP\OutputValue	8.0	38.1	33.6	-1.0	0.0	-1.0	-1.0	-1.0	0.0	0.0	0.0	-1.0	-1.0	0.0	0.0	0.0	-1.0	0.0
17:47:26	30.0	193.7	188.4	159.8	198.7	173.7	-0.8	0.0	43.7	-0.2	0.0	-0.8	198.7	159.8	5.5	4.6	182.9	179.2	231.5	231.5	230.8	244.2	95.8	30.0	1.6	0.0	234.4	216.5	44.0	73.9	6.3	61.4	0.0	47.7	.Autoclave.Outputs.PRESSIP\OutputValue	8.0	38.9	32.9	-1.0	0.0	-1.0	-1.0	-1.0	0.0	0.0	0.0	-1.0	-1.0	0.0	0.0	0.0	-1.0	0.0
17:48:26	31.0	198.1	193.0	163.7	203.4	178.3	-0.4	0.0	43.9	-0.4	0.0	-0.4	203.4	163.7	5.0	3.0	187.3	183.5	235.9	235.9	235.2	248.0	95.9	31.0	2.6	0.0	238.7	221.0	44.0	73.0	6.5	58.7	0.0	45.9	.Autoclave.Outputs.PRESSIP\OutputValue	8.0	39.7	32.6	-1.0	0.0	-1.0	-1.0	-1.0	0.0	0.0	0.0	-1.0	-1.0	0.0	0.0	0.0	-1.0	0.0
17:49:26	32.0	202.2	197.5	168.2	208.2	182.1	-0.2	0.1	44.3	-0.1	0.1	-0.2	208.2	168.2	4.8	3.9	191.6	188.2	239.9	240.0	239.2	253.1	96.0	32.0	3.6	0.0	242.9	225.5	44.0	75.0	6.8	54.7	0.0	49.9	.Autoclave.Outputs.PRESSIP\OutputValue	7.7	40.0	31.8	-1.0	0.0	-1.0	-1.0	-1.0	0.0	0.0	0.0	-1.0	-1.0	0.0	0.0	0.0	-1.0	0.0
17:50:26	33.0	206.6	202.1	171.5	212.7	186.9	0.0	0.1	44.6	0.0	0.1	0.0	212.7	171.5	4.7	4.0	196.0	192.1	244.5	244.6	243.7	256.8	96.1	33.0	4.6	0.0	247.4	230.0	44.0	73.2	7.1	51.0	0.0	46.4	.Autoclave.Outputs.PRESSIP\OutputValue	6.8	41.2	31.9	-1.0	0.0	-1.0	-1.0	-1.0	0.0	0.0	0.0	-1.0	-1.0	0.0	0.0	0.0	-1.0	0.0
17:51:26	34.0	210.9	206.5	176.1	217.3	190.2	0.1	0.2	45.0	0.0	0.2	0.1	217.3	176.1	4.8	3.4	200.2	196.7	248.5	248.6	247.8	262.1	96.2	34.0	5.6	0.0	251.7	234.5	44.0	76.4	7.4	45.8	0.0	52.7	.Autoclave.Outputs.PRESSIP\OutputValue	5.2	41.3	31.2	-1.0	0.0	-1.0	-1.0	-1.0	0.0	0.0	0.0	-1.0	-1.0	0.0	0.0	0.0	-1.0	0.0
17:52:26	35.0	215.0	210.5	179.1	221.5	194.1	0.1	0.1	44.0	0.0	0.1	0.1	221.5	179.1	4.6	3.6	204.1	200.3	253.5	253.5	252.9	266.7	96.1	35.0	6.6	0.0	256.4	239.0	44.0	74.8	7.7	55.0	0.0	49.7	.Autoclave.Outputs.PRESSIP\OutputValue	5.2	42.5	32.0	-1.0	0.0	-1.0	-1.0	-1.0	0.0	0.0	0.0	-1.0	-1.0	0.0	0.0	0.0	-1.0	0.0
17:53:26	36.0	219.6	215.1	183.9	226.1	197.5	0.3	0.2	44.3	0.0	0.3	0.2	226.1	183.9	4.7	3.2	208.4	205.0	258.1	258.1	257.4	271.4	96.3	36.0	7.6	0.0	260.8	243.5	44.0	73.7	8.0	51.4	0.0	47.4	.Autoclave.Outputs.PRESSIP\OutputValue	4.8	42.3	32.0	-1.0	0.0	-1.0	-1.0	-1.0	0.0	0.0	0.0	-1.0	-1.0	0.0	0.0	0.0	-1.0	0.0
17:54:26	37.0	224.2	219.7	187.4	230.5	201.4	0.3	0.2	44.6	0.0	0.3	0.2	230.5	187.4	4.6	3.8	212.6	209.0	262.5	262.6	261.9	275.3	96.5	37.0	8.6	0.0	265.5	248.0	44.0	75.7	8.3	47.3	0.0	51.5	.Autoclave.Outputs.PRESSIP\OutputValue	3.9	43.2	32.0	-1.0	0.0	-1.0	-1.0	-1.0	0.0	0.0	0.0	-1.0	-1.0	0.0	0.0	0.0	-1.0	0.0
17:55:27	38.1	228.7	225.0	191.7	235.1	206.1	0.4	0.2	45.0	0.0	0.4	0.2	235.1	191.7	4.6	4.3	217.3	213.4	267.4	267.4	266.7	280.6	96.6	38.0	9.6	0.0	269.9	252.5	44.0	73.7	8.6	42.2	0.0	47.4	.Autoclave.Outputs.PRESSIP\OutputValue	2.2	43.5	32.3	-1.0	0.0	-1.0	-1.0	-1.0	0.0	0.0	0.0	-1.0	-1.0	0.0	0.0	0.0	-1.0	0.0
17:56:26	39.0	233.0	229.5	195.6	239.5	209.8	0.4	0.2	44.4	0.0	0.4	0.2	239.5	195.6	5.1	3.7	221.5	217.6	271.7	271.7	271.0	284.9	96.6	39.0	10.6	0.0	274.4	257.0	44.0	75.3	8.9	47.9	0.0	50.7	.Autoclave.Outputs.PRESSIP\OutputValue	1.7	44.0	32.2	-1.0	0.0	-1.0	-1.0	-1.0	0.0	0.0	0.0	-1.0	-1.0	0.0	0.0	0.0	-1.0	0.0
17:57:26	40.0	237.2	234.0	200.2	244.2	214.5	0.5	0.2	44.7	0.0	0.5	0.2	244.2	200.2	5.3	4.3	226.0	222.2	276.2	276.2	275.6	289.3	96.8	40.0	11.6	0.0	278.8	261.5	44.0	74.1	9.2	43.8	0.0	48.1	.Autoclave.Outputs.PRESSIP\OutputValue	0.6	44.1	32.0	-1.0	0.0	-1.0	-1.0	-1.0	0.0	0.0	0.0	-1.0	-1.0	0.0	0.0	0.0	-1.0	0.0
17:58:26	41.0	241.7	238.8	203.9	248.5	218.6	0.6	0.2	45.0	0.0	0.6	0.2	248.5	203.9	4.9	3.4	230.3	226.2	280.5	280.5	279.9	293.6	96.8	41.0	12.6	0.0	283.5	266.0	44.0	78.5	9.4	39.0	0.0	56.9	.Autoclave.Outputs.PRESSIP\OutputValue	-1.0	44.6	32.0	-1.0	0.0	-1.0	-1.0	-1.0	0.0	0.0	0.0	-1.0	-1.0	0.0	0.0	0.0	-1.0	0.0
17:59:26	42.0	246.0	243.2	208.2	252.8	221.8	0.6	0.2	44.0	0.1	0.6	0.2	252.8	208.2	4.6	3.8	234.4	230.5	285.0	285.0	284.6	299.9	96.6	42.0	13.6	0.0	288.2	270.5	44.0	77.9	9.7	48.8	0.0	55.8	.Autoclave.Outputs.PRESSIP\OutputValue	-0.8	44.6	32.2	-1.0	0.0	-1.0	-1.0	-1.0	0.0	0.0	0.0	-1.0	-1.0	0.0	0.0	0.0	-1.0	0.0
18:00:26	43.0	250.5	248.0	211.9	257.5	226.1	0.7	0.2	44.3	0.1	0.7	0.2	257.5	211.9	4.8	4.3	238.8	234.7	289.7	289.7	289.2	303.4	96.8	43.0	14.6	0.0	292.4	275.0	44.0	74.9	10.0	45.6	0.0	49.8	.Autoclave.Outputs.PRESSIP\OutputValue	-1.2	45.6	32.2	-1.0	0.0	-1.0	-1.0	-1.0	0.0	0.0	0.0	-1.0	-1.0	0.0	0.0	0.0	-1.0	0.0
18:01:26	44.0	254.9	252.6	216.3	262.2	231.0	0.8	0.2	44.6	0.1	0.8	0.2	262.2	216.3	4.8	4.1	243.4	239.3	293.6	293.8	293.3	308.7	96.8	44.0	15.6	0.0	296.8	279.5	44.0	79.1	10.3	41.5	0.0	58.3	.Autoclave.Outputs.PRESSIP\OutputValue	-2.1	45.9	31.4	-1.0	0.0	-1.0	-1.0	-1.0	0.0	0.0	0.0	-1.0	-1.0	0.0	0.0	0.0	-1.0	0.0
18:02:26	45.0	259.6	257.2	220.5	266.7	235.4	0.8	0.2	44.9	0.1	0.8	0.2	266.7	220.5	4.7	4.3	247.9	243.6	298.8	298.8	298.1	312.4	96.9	45.0	16.6	0.0	301.4	284.0	44.0	77.6	10.6	37.1	0.0	55.1	.Autoclave.Outputs.PRESSIP\OutputValue	-3.6	46.2	32.1	-1.0	0.0	-1.0	-1.0	-1.0	0.0	0.0	0.0	-1.0	-1.0	0.0	0.0	0.0	-1.0	0.0
18:03:26	46.0	263.9	261.6	224.7	271.0	239.6	0.9	0.2	44.0	0.1	0.9	0.2	271.0	224.7	4.8	4.0	252.2	247.9	303.4	303.4	302.6	316.7	96.9	46.0	17.6	0.0	305.9	288.5	44.0	79.2	10.9	46.7	0.0	58.5	.Autoclave.Outputs.PRESSIP\OutputValue	-3.7	46.3	32.4	-1.0	0.0	-1.0	-1.0	-1.0	0.0	0.0	0.0	-1.0	-1.0	0.0	0.0	0.0	-1.0	0.0
18:04:26	47.0	268.6	266.5	228.9	275.6	243.4	1.0	0.2	44.3	0.1	1.0	0.2	275.6	228.9	4.7	4.0	256.6	252.3	307.7	307.6	307.1	322.2	96.9	47.0	18.6	0.0	310.4	293.0	44.0	76.8	11.1	43.2	0.0	53.5	.Autoclave.Outputs.PRESSIP\OutputValue	-4.0	46.7	32.1	-1.0	0.0	-1.0	-1.0	-1.0	0.0	0.0	0.0	-1.0	-1.0	0.0	0.0	0.0	-1.0	0.0
18:05:26	48.0	273.1	270.9	233.2	280.1	247.8	1.0	0.3	44.6	0.1	1.0	0.3	280.1	233.2	4.6	3.7	261.0	256.7	312.2	312.6	311.9	326.5	97.0	48.0	19.6	0.0	314.8	297.5	44.0	77.6	11.4	39.3	0.0	55.2	.Autoclave.Outputs.PRESSIP\OutputValue	-4.8	46.9	32.0	-1.0	0.0	-1.0	-1.0	-1.0	0.0	0.0	0.0	-1.0	-1.0	0.0	0.0	0.0	-1.0	0.0
18:06:26	49.0	277.7	275.4	237.4	284.0	252.7	1.0	0.3	44.9	0.1	1.0	0.3	284.0	237.4	4.8	4.2	265.4	260.7	316.6	316.6	316.2	330.3	97.0	49.0	20.6	0.0	319.5	302.0	44.0	75.6	10.6	35.1	0.0	51.2	.Autoclave.Outputs.PRESSIP\OutputValue	-6.0	46.6	32.5	-1.0	0.0	-1.0	-1.0	-1.0	0.0	0.0	0.0	-1.0	-1.0	0.0	0.0	0.0	-1.0	0.0
18:07:26	50.0	282.1	279.6	241.7	289.1	256.2	1.1	0.3	43.9	0.1	1.1	0.3	289.1	241.7	4.6	4.3	269.7	265.4	321.0	321.3	320.6	335.9	97.0	50.0	21.6	0.0	323.9	306.5	44.0	78.5	10.9	45.6	0.0	57.1	.Autoclave.Outputs.PRESSIP\OutputValue	-5.7	47.4	31.8	-1.0	0.0	-1.0	-1.0	-1.0	0.0	0.0	0.0	-1.0	-1.0	0.0	0.0	0.0	-1.0	0.0
18:08:26	51.0	286.7	284.4	246.0	293.6	258.9	1.1	0.3	44.2	0.1	1.1	0.3	293.6	246.0	4.8	3.0	273.9	269.8	325.6	325.6	325.0	340.7	97.3	51.0	22.6	0.0	328.4	311.0	44.0	77.5	11.2	42.2	0.0	55.1	.Autoclave.Outputs.PRESSIP\OutputValue	-5.7	47.6	31.9	-1.0	0.0	-1.0	-1.0	-1.0	0.0	0.0	0.0	-1.0	-1.0	0.0	0.0	0.0	-1.0	0.0
18:09:26	52.0	291.3	288.6	250.1	298.1	264.1	1.2	0.3	44.5	0.1	1.2	0.3	298.1	250.1	4.7	4.2	278.5	274.1	330.2	330.2	329.6	344.5	97.1	52.0	23.6	0.0	332.8	315.5	44.0	77.5	11.4	39.3	0.0	55.1	.Autoclave.Outputs.PRESSIP\OutputValue	-6.0	48.0	32.0	-1.0	0.0	-1.0	-1.0	-1.0	0.0	0.0	0.0	-1.0	-1.0	0.0	0.0	0.0	-1.0	0.0
18:10:26	53.0	295.6	293.0	254.6	302.6	268.5	1.2	0.4	44.8	0.1	1.2	0.4	302.6	254.6	4.7	3.9	282.9	278.6	334.5	334.5	333.9	349.3	97.5	53.0	24.6	0.0	337.5	320.0	44.0	80.5	11.7	36.1	0.0	61.0	.Autoclave.Outputs.PRESSIP\OutputValue	-6.0	48.0	31.8	-1.0	0.0	-1.0	-1.0	-1.0	0.0	0.0	0.0	-1.0	-1.0	0.0	0.0	0.0	-1.0	0.0
18:11:27	54.1	300.2	297.3	259.1	307.3	272.1	1.3	0.4	45.0	0.1	1.3	0.4	307.3	259.1	4.8	4.0	287.2	283.2	338.8	338.8	338.4	352.6	97.3	54.0	25.6	0.0	341.8	324.5	44.0	80.3	12.0	34.0	0.0	60.6	.Autoclave.Outputs.PRESSIP\OutputValue	-6.0	48.2	31.4	-1.0	0.0	-1.0	-1.0	-1.0	0.0	0.0	0.0	-1.0	-1.0	0.0	0.0	0.0	-1.0	0.0
18:12:26	55.0	304.8	301.8	263.3	311.7	276.4	1.3	0.4	44.5	0.1	1.3	0.4	311.7	263.3	4.8	4.1	291.6	287.5	343.9	343.9	343.3	358.4	97.4	55.0	26.6	0.0	346.5	329.0	44.0	77.2	12.3	39.1	0.0	54.5	.Autoclave.Outputs.PRESSIP\OutputValue	-6.0	48.4	32.1	-1.0	0.0	-1.0	-1.0	-1.0	0.0	0.0	0.0	-1.0	-1.0	0.0	0.0	0.0	-1.0	0.0
18:13:26	56.0	309.5	306.6	267.5	316.1	281.6	1.4	0.4	44.8	0.1	1.4	0.4	316.1	267.5	5.3	3.7	296.3	291.8	348.4	348.4	347.7	363.2	97.5	56.0	27.6	0.0	350.9	333.5	44.0	76.7	12.5	36.3	0.0	53.5	.Autoclave.Outputs.PRESSIP\OutputValue	-6.0	48.6	32.2	-1.0	0.0	-1.0	-1.0	-1.0	0.0	0.0	0.0	-1.0	-1.0	0.0	0.0	0.0	-1.0	0.0
18:14:26	57.0	314.0	311.2	271.8	320.6	285.0	1.5	0.4	43.9	0.1	1.5	0.4	320.6	271.8	5.0	3.5	300.5	296.2	352.0	352.1	351.4	368.6	97.4	57.0	28.6	0.0	355.4	338.0	44.0	84.5	12.8	46.0	0.0	69.0	.Autoclave.Outputs.PRESSIP\OutputValue	-5.9	48.8	31.4	-1.0	0.0	-1.0	-1.0	-1.0	0.0	0.0	0.0	-1.0	-1.0	0.0	0.0	0.0	-1.0	0.0
18:15:26	58.0	318.4	315.7	276.1	325.1	288.3	1.6	0.5	44.1	0.1	1.6	0.5	325.1	276.1	4.5	3.2	304.7	300.6	357.3	357.5	356.6	372.3	97.5	58.0	29.6	0.0	359.8	342.5	44.0	78.5	13.1	43.5	0.0	56.9	.Autoclave.Outputs.PRESSIP\OutputValue	-5.8	49.0	32.2	-1.0	0.0	-1.0	-1.0	-1.0	0.0	0.0	0.0	-1.0	-1.0	0.0	0.0	0.0	-1.0	0.0
18:16:26	59.0	323.1	320.4	280.6	329.6	291.7	1.6	0.6	44.4	0.1	1.6	0.6	329.6	280.6	4.7	3.8	309.1	305.1	361.5	361.5	360.7	376.3	97.7	59.0	30.6	0.0	364.5	347.0	44.0	81.6	13.4	40.4	0.0	63.3	.Autoclave.Outputs.PRESSIP\OutputValue	-6.0	49.0	31.9	-1.0	0.0	-1.0	-1.0	-1.0	0.0	0.0	0.0	-1.0	-1.0	0.0	0.0	0.0	-1.0	0.0
18:17:26	60.0	327.5	324.5	284.9	334.1	296.2	1.7	0.6	44.7	0.1	1.7	0.6	334.1	284.9	4.8	4.3	313.4	309.5	366.6	366.6	365.7	381.7	97.7	60.0	31.6	0.0	368.9	351.5	44.0	77.3	13.6	37.2	0.0	54.5	.Autoclave.Outputs.PRESSIP\OutputValue	-6.0	49.2	32.5	-1.0	0.0	-1.0	-1.0	-1.0	0.0	0.0	0.0	-1.0	-1.0	0.0	0.0	0.0	-1.0	0.0
18:18:26	61.0	332.1	329.2	289.4	338.5	300.4	1.7	0.7	44.9	0.1	1.7	0.7	338.5	289.4	4.7	4.0	317.9	314.0	370.8	370.7	370.0	384.5	97.8	61.0	32.6	0.0	371.5	355.0	44.0	66.5	13.9	35.1	0.0	33.1	.Autoclave.Outputs.PRESSIP\OutputValue	-6.0	49.1	32.3	-1.0	0.0	-1.0	-1.0	-1.0	0.0	0.0	0.0	-1.0	-1.0	0.0	0.0	0.0	-1.0	0.0
18:19:26	62.0	335.7	333.0	293.5	341.6	304.3	1.8	0.7	44.6	0.1	1.8	0.7	341.6	293.5	4.1	3.2	321.6	317.6	368.5	368.6	367.7	376.1	97.8	62.0	33.6	0.0	368.3	355.0	44.0	61.2	13.9	37.6	0.0	22.4	.Autoclave.Outputs.PRESSIP\OutputValue	-6.0	48.1	26.9	-1.0	0.0	-1.0	-1.0	-1.0	0.0	0.0	0.0	-1.0	-1.0	0.0	0.0	0.0	-1.0	0.0
18:20:26	63.0	337.8	336.2	296.6	343.3	306.5	1.8	0.7	44.6	0.1	1.8	0.7	343.3	296.6	3.4	1.7	324.1	320.0	366.7	366.7	365.9	374.8	97.9	63.0	34.6	0.0	366.5	355.0	44.0	59.9	13.8	38.0	0.0	19.7	.Autoclave.Outputs.PRESSIP\OutputValue	-6.0	46.7	23.4	-1.0	0.0	-1.0	-1.0	-1.0	0.0	0.0	0.0	-1.0	-1.0	0.0	0.0	0.0	-1.0	0.0
18:21:26	64.0	339.9	338.5	299.6	344.7	307.9	1.8	0.7	44.6	0.1	1.8	0.7	344.7	299.6	3.0	1.4	326.1	322.2	365.7	365.7	364.9	373.4	98.0	64.0	35.6	0.0	365.4	355.0	44.0	59.8	13.8	38.2	0.0	19.7	.Autoclave.Outputs.PRESSIP\OutputValue	-6.0	45.1	21.0	-1.0	0.0	-1.0	-1.0	-1.0	0.0	0.0	0.0	-1.0	-1.0	0.0	0.0	0.0	-1.0	0.0
18:22:26	65.0	341.6	340.2	302.3	345.7	310.1	1.9	0.7	44.6	0.1	1.9	0.7	345.7	302.3	2.7	1.0	328.0	324.0	364.7	364.8	363.9	372.1	98.0	65.0	36.6	0.0	364.3	355.0	44.0	59.1	13.8	38.3	0.0	18.3	.Autoclave.Outputs.PRESSIP\OutputValue	-6.0	43.4	19.0	-1.0	0.0	-1.0	-1.0	-1.0	0.0	0.0	0.0	-1.0	-1.0	0.0	0.0	0.0	-1.0	0.0
18:23:26	66.0	342.7	341.7	304.7	346.5	312.4	2.0	0.7	44.6	0.1	2.0	0.7	346.5	304.7	2.6	0.9	329.6	325.6	364.0	364.0	363.1	371.5	98.1	66.0	37.6	0.0	363.4	355.0	44.0	58.4	13.7	38.2	0.0	16.9	.Autoclave.Outputs.PRESSIP\OutputValue	-6.0	41.8	17.5	-1.0	0.0	-1.0	-1.0	-1.0	0.0	0.0	0.0	-1.0	-1.0	0.0	0.0	0.0	-1.0	0.0
18:24:27	67.0	343.8	343.0	307.0	347.2	315.1	2.1	0.7	44.6	0.1	2.1	0.7	347.2	307.0	2.7	0.8	331.2	327.1	363.3	363.2	362.5	370.5	98.2	67.0	38.6	0.0	362.8	355.0	44.0	58.4	13.7	38.2	0.0	16.8	.Autoclave.Outputs.PRESSIP\OutputValue	-6.0	40.2	16.1	-1.0	0.0	-1.0	-1.0	-1.0	0.0	0.0	0.0	-1.0	-1.0	0.0	0.0	0.0	-1.0	0.0
18:25:26	68.0	344.6	343.9	309.3	347.9	316.2	2.1	0.7	44.6	0.1	2.1	0.7	347.9	309.3	2.3	0.5	332.4	328.6	362.8	362.7	362.0	369.5	98.1	68.0	39.6	0.0	362.2	355.0	44.0	57.7	13.6	38.5	0.0	15.4	.Autoclave.Outputs.PRESSIP\OutputValue	-6.0	38.7	14.9	-1.0	0.0	-1.0	-1.0	-1.0	0.0	0.0	0.0	-1.0	-1.0	0.0	0.0	0.0	-1.0	0.0
18:26:26	69.0	345.6	344.8	311.3	348.4	317.7	2.1	0.7	44.6	0.1	2.1	0.7	348.4	311.3	2.1	0.6	333.5	329.8	362.1	362.0	361.4	368.7	98.2	69.0	40.6	0.0	361.6	355.0	44.0	59.0	13.6	38.3	0.0	17.9	.Autoclave.Outputs.PRESSIP\OutputValue	-6.0	37.2	13.7	-1.0	0.0	-1.0	-1.0	-1.0	0.0	0.0	0.0	-1.0	-1.0	0.0	0.0	0.0	-1.0	0.0
18:27:26	70.0	346.3	345.3	313.2	349.0	319.4	2.2	0.7	44.6	0.1	2.2	0.7	349.0	313.2	2.0	0.5	334.6	331.1	361.8	361.8	360.9	368.4	98.2	70.0	41.6	0.0	361.0	355.0	44.0	56.9	13.5	38.3	0.0	13.8	.Autoclave.Outputs.PRESSIP\OutputValue	-6.0	35.9	12.8	-1.0	0.0	-1.0	-1.0	-1.0	0.0	0.0	0.0	-1.0	-1.0	0.0	0.0	0.0	-1.0	0.0
18:28:26	71.0	346.8	346.2	315.0	349.3	320.8	2.2	0.7	44.6	0.1	2.2	0.7	349.3	315.0	1.8	0.4	335.6	332.1	361.3	361.2	360.5	367.9	98.3	71.0	42.6	0.0	360.7	355.0	44.0	57.5	13.5	38.5	0.0	15.0	.Autoclave.Outputs.PRESSIP\OutputValue	-6.0	34.4	12.0	-1.0	0.0	-1.0	-1.0	-1.0	0.0	0.0	0.0	-1.0	-1.0	0.0	0.0	0.0	-1.0	0.0
18:29:26	72.0	347.4	346.6	316.6	349.8	322.0	2.2	0.7	44.6	0.1	2.2	0.7	349.8	316.6	1.7	0.4	336.5	333.2	361.0	361.0	360.2	367.3	98.3	72.0	43.6	0.0	360.4	355.0	44.0	58.1	13.4	38.3	0.0	16.2	.Autoclave.Outputs.PRESSIP\OutputValue	-6.0	33.3	11.2	-1.0	0.0	-1.0	-1.0	-1.0	0.0	0.0	0.0	-1.0	-1.0	0.0	0.0	0.0	-1.0	0.0
18:30:26	73.0	348.0	347.0	318.3	350.0	323.4	2.3	0.8	44.5	0.1	2.3	0.8	350.0	318.3	1.6	0.4	337.3	334.1	360.7	360.7	359.9	367.2	98.3	73.0	44.6	0.0	360.0	355.0	44.0	56.7	13.3	38.5	0.0	13.4	.Autoclave.Outputs.PRESSIP\OutputValue	-6.0	31.8	10.7	-1.0	0.0	-1.0	-1.0	-1.0	0.0	0.0	0.0	-1.0	-1.0	0.0	0.0	0.0	-1.0	0.0
18:31:26	74.0	348.5	347.6	319.9	350.3	324.9	2.2	0.7	44.5	0.1	2.2	0.7	350.3	319.9	1.7	0.2	338.2	335.1	360.3	360.3	359.5	366.6	98.5	74.0	45.6	0.0	359.7	355.0	44.0	58.0	13.3	38.5	0.0	16.0	.Autoclave.Outputs.PRESSIP\OutputValue	-6.0	30.5	10.0	-1.0	0.0	-1.0	-1.0	-1.0	0.0	0.0	0.0	-1.0	-1.0	0.0	0.0	0.0	-1.0	0.0
18:32:26	75.0	348.7	348.2	321.3	350.6	325.5	2.3	0.7	44.6	0.1	2.3	0.7	350.6	321.3	1.4	0.0	338.8	335.9	360.0	360.0	359.3	366.3	98.5	75.0	46.6	0.0	359.5	355.0	44.0	57.3	13.2	38.3	0.0	14.5	.Autoclave.Outputs.PRESSIP\OutputValue	-6.0	29.4	9.4	-1.0	0.0	-1.0	-1.0	-1.0	0.0	0.0	0.0	-1.0	-1.0	0.0	0.0	0.0	-1.0	0.0
18:33:26	76.0	349.0	348.5	322.8	350.9	326.6	2.3	0.7	44.5	0.1	2.3	0.7	350.9	322.8	1.4	0.2	339.5	336.8	359.9	359.9	359.1	365.9	98.5	76.0	47.6	0.0	359.1	355.0	44.0	56.5	13.1	38.3	0.0	13.0	.Autoclave.Outputs.PRESSIP\OutputValue	-6.0	28.2	9.0	-1.0	0.0	-1.0	-1.0	-1.0	0.0	0.0	0.0	-1.0	-1.0	0.0	0.0	0.0	-1.0	0.0
18:34:26	77.0	349.4	348.9	324.1	351.2	328.2	2.3	0.8	44.6	0.1	2.3	0.8	351.2	324.1	1.4	0.1	340.3	337.6	359.6	359.6	359.0	365.8	98.6	77.0	48.6	0.0	359.0	355.0	44.0	56.4	13.0	38.3	0.0	12.9	.Autoclave.Outputs.PRESSIP\OutputValue	-6.0	27.2	8.4	-1.0	0.0	-1.0	-1.0	-1.0	0.0	0.0	0.0	-1.0	-1.0	0.0	0.0	0.0	-1.0	0.0
18:35:26	78.0	349.6	349.4	325.3	351.4	329.1	2.3	0.8	44.6	0.1	2.3	0.8	351.4	325.3	1.2	0.3	340.9	338.3	359.4	359.4	358.7	365.3	98.7	78.0	49.6	0.0	358.7	355.0	44.0	56.4	13.0	38.2	0.0	12.7	.Autoclave.Outputs.PRESSIP\OutputValue	-6.0	26.2	8.0	-1.0	0.0	-1.0	-1.0	-1.0	0.0	0.0	0.0	-1.0	-1.0	0.0	0.0	0.0	-1.0	0.0
18:36:26	79.0	349.9	349.7	326.5	351.5	329.9	2.3	0.8	44.5	0.1	2.3	0.8	351.5	326.5	1.3	0.1	341.5	339.0	359.3	359.3	358.5	364.9	98.5	79.0	50.6	0.0	358.6	355.0	44.0	57.0	12.9	38.5	0.0	13.9	.Autoclave.Outputs.PRESSIP\OutputValue	-6.0	25.1	7.8	-1.0	0.0	-1.0	-1.0	-1.0	0.0	0.0	0.0	-1.0	-1.0	0.0	0.0	0.0	-1.0	0.0
18:37:26	80.0	350.2	349.8	327.7	351.7	331.1	2.4	0.8	44.6	0.1	2.4	0.8	351.7	327.7	1.2	0.2	342.1	339.7	359.1	359.1	358.3	364.8	98.8	80.0	51.6	0.0	358.4	355.0	44.0	56.9	12.8	38.3	0.0	13.8	.Autoclave.Outputs.PRESSIP\OutputValue	-6.0	24.1	7.4	-1.0	0.0	-1.0	-1.0	-1.0	0.0	0.0	0.0	-1.0	-1.0	0.0	0.0	0.0	-1.0	0.0
18:38:26	81.0	350.4	350.2	328.7	351.8	331.9	2.3	0.8	44.6	0.1	2.3	0.8	351.8	328.7	1.1	0.2	342.6	340.2	358.9	358.9	358.1	364.7	98.7	81.0	52.6	0.0	358.2	355.0	44.0	56.1	12.7	38.2	0.0	12.3	.Autoclave.Outputs.PRESSIP\OutputValue	-6.0	23.2	7.1	-1.0	0.0	-1.0	-1.0	-1.0	0.0	0.0	0.0	-1.0	-1.0	0.0	0.0	0.0	-1.0	0.0
18:39:26	82.0	350.5	350.2	329.8	352.0	332.6	2.3	0.8	44.6	0.1	2.3	0.8	352.0	329.8	1.0	0.1	343.0	340.9	358.8	358.8	357.9	364.5	98.8	82.0	53.6	0.0	358.0	355.0	44.0	56.1	12.7	38.2	0.0	12.1	.Autoclave.Outputs.PRESSIP\OutputValue	-6.0	22.3	6.8	-1.0	0.0	-1.0	-1.0	-1.0	0.0	0.0	0.0	-1.0	-1.0	0.0	0.0	0.0	-1.0	0.0
18:40:26	83.0	349.8	350.3	330.4	351.0	332.2	2.4	0.7	44.1	0.1	2.4	0.7	351.0	330.4	0.7	-1.0	342.7	340.7	350.9	350.8	350.0	350.9	98.9	83.0	54.6	0.0	359.0	355.0	44.0	100.0	0.0	43.8	0.0	100.0	.Autoclave.Outputs.PRESSIP\OutputValue	-5.8	20.7	-0.1	-1.0	0.0	-1.0	-1.0	-1.0	0.0	0.0	0.0	-1.0	-1.0	0.0	0.0	0.0	-1.0	0.0
18:41:26	84.0	349.7	349.6	330.8	350.6	333.1	2.4	0.7	44.6	0.1	2.4	0.7	350.6	330.8	0.4	-0.7	342.7	340.7	357.1	357.1	356.2	367.1	98.9	84.0	55.6	0.0	359.4	355.0	44.0	64.3	0.3	37.6	0.0	28.6	.Autoclave.Outputs.PRESSIP\OutputValue	-6.0	19.9	6.5	-1.0	0.0	-1.0	-1.0	-1.0	0.0	0.0	0.0	-1.0	-1.0	0.0	0.0	0.0	-1.0	0.0
18:42:26	85.0	349.9	349.7	331.9	351.3	334.2	2.4	0.7	44.5	0.1	2.4	0.7	351.3	331.9	1.3	0.2	343.4	341.6	357.3	357.4	356.6	363.4	98.8	85.0	56.6	0.0	358.7	355.0	44.0	57.8	0.4	38.7	0.0	15.6	.Autoclave.Outputs.PRESSIP\OutputValue	-6.0	19.5	6.0	-1.0	0.0	-1.0	-1.0	-1.0	0.0	0.0	0.0	-1.0	-1.0	0.0	0.0	0.0	-1.0	0.0
18:43:26	86.0	350.0	349.8	332.8	351.5	335.0	2.3	0.8	44.5	0.1	2.3	0.8	351.5	332.8	1.0	-0.3	343.8	342.1	357.2	357.2	356.4	363.3	98.8	86.0	57.6	0.0	358.5	355.0	44.0	56.6	0.5	38.5	0.0	13.2	.Autoclave.Outputs.PRESSIP\OutputValue	-6.0	18.7	5.7	-1.0	0.0	-1.0	-1.0	-1.0	0.0	0.0	0.0	-1.0	-1.0	0.0	0.0	0.0	-1.0	0.0
18:44:26	87.0	350.3	349.8	333.7	351.7	335.8	2.4	0.8	44.5	0.1	2.4	0.8	351.7	333.7	0.9	0.1	344.2	342.7	357.0	357.0	356.3	363.2	98.9	87.0	58.6	0.0	358.3	355.0	44.0	57.4	0.7	38.7	0.0	14.8	.Autoclave.Outputs.PRESSIP\OutputValue	-6.0	18.0	5.3	-1.0	0.0	-1.0	-1.0	-1.0	0.0	0.0	0.0	-1.0	-1.0	0.0	0.0	0.0	-1.0	0.0
18:45:26	88.0	350.4	350.2	334.6	351.9	336.4	2.4	0.7	44.5	-0.2	2.4	0.7	351.9	334.6	0.9	0.1	344.7	343.2	356.9	357.0	356.1	362.7	98.9	88.0	59.6	0.0	358.1	355.0	44.0	56.8	0.8	38.9	0.0	13.7	.Autoclave.Outputs.PRESSIP\OutputValue	-6.0	17.3	5.0	-1.0	0.0	-1.0	-1.0	-1.0	0.0	0.0	0.0	-1.0	-1.0	0.0	0.0	0.0	-1.0	0.0
18:46:26	89.0	350.6	350.0	335.3	352.0	337.1	2.3	0.7	44.5	0.1	2.3	0.7	352.0	335.3	0.8	0.1	345.0	343.6	356.8	356.8	356.0	362.9	99.0	89.0	60.6	0.0	358.0	355.0	44.0	57.0	0.9	38.5	0.0	13.9	.Autoclave.Outputs.PRESSIP\OutputValue	-6.0	16.7	4.8	-1.0	0.0	-1.0	-1.0	-1.0	0.0	0.0	0.0	-1.0	-1.0	0.0	0.0	0.0	-1.0	0.0
18:47:26	90.0	350.6	350.5	336.0	352.2	337.8	2.3	0.8	44.5	0.1	2.3	0.8	352.2	336.0	0.7	-0.4	345.4	344.1	356.7	356.7	355.9	362.7	99.0	90.0	61.6	0.0	357.8	355.0	44.0	56.4	1.0	38.5	0.0	12.8	.Autoclave.Outputs.PRESSIP\OutputValue	-6.0	16.2	4.5	-1.0	0.0	-1.0	-1.0	-1.0	0.0	0.0	0.0	-1.0	-1.0	0.0	0.0	0.0	-1.0	0.0
18:48:26	91.0	350.8	350.7	336.8	352.5	338.6	2.3	0.8	44.5	0.1	2.3	0.8	352.5	336.8	0.8	0.2	345.9	344.6	356.6	356.7	355.9	362.4	98.9	91.0	62.6	0.0	357.6	355.0	44.0	55.2	1.1	38.7	0.0	10.3	.Autoclave.Outputs.PRESSIP\OutputValue	-6.0	15.7	4.1	-1.0	0.0	-1.0	-1.0	-1.0	0.0	0.0	0.0	-1.0	-1.0	0.0	0.0	0.0	-1.0	0.0
18:49:26	92.0	350.8	350.7	337.4	352.5	339.1	2.3	0.8	44.5	0.1	2.3	0.8	352.5	337.4	0.6	0.0	346.1	344.9	356.6	356.6	355.8	362.2	99.0	92.0	63.6	0.0	357.4	355.0	44.0	55.3	1.2	38.5	0.0	10.5	.Autoclave.Outputs.PRESSIP\OutputValue	-6.0	15.1	4.1	-1.0	0.0	-1.0	-1.0	-1.0	0.0	0.0	0.0	-1.0	-1.0	0.0	0.0	0.0	-1.0	0.0
18:50:26	93.0	350.9	350.8	338.0	352.6	339.9	2.3	0.8	44.5	0.1	2.3	0.8	352.6	338.0	0.8	0.0	346.4	345.3	356.6	356.5	355.8	362.1	99.0	93.0	64.6	0.0	357.4	355.0	44.0	54.7	1.3	38.3	0.0	9.4	.Autoclave.Outputs.PRESSIP\OutputValue	-6.0	14.6	4.0	-1.0	0.0	-1.0	-1.0	-1.0	0.0	0.0	0.0	-1.0	-1.0	0.0	0.0	0.0	-1.0	0.0
18:51:26	94.0	351.2	351.0	338.7	352.7	340.5	2.3	0.8	44.6	0.1	2.3	0.8	352.7	338.7	0.8	0.1	346.8	345.7	356.6	356.6	355.8	361.7	99.2	94.0	65.6	0.0	357.3	355.0	44.0	54.8	1.4	38.3	0.0	9.6	.Autoclave.Outputs.PRESSIP\OutputValue	-6.0	14.0	3.9	-1.0	0.0	-1.0	-1.0	-1.0	0.0	0.0	0.0	-1.0	-1.0	0.0	0.0	0.0	-1.0	0.0
18:52:26	95.0	351.2	351.2	339.3	352.7	341.1	2.3	0.8	44.6	0.1	2.3	0.8	352.7	339.3	0.6	0.0	347.1	346.0	356.4	356.4	355.5	362.1	99.2	95.0	66.6	0.0	357.2	355.0	44.0	55.5	1.5	38.2	0.0	11.1	.Autoclave.Outputs.PRESSIP\OutputValue	-6.0	13.4	3.7	-1.0	0.0	-1.0	-1.0	-1.0	0.0	0.0	0.0	-1.0	-1.0	0.0	0.0	0.0	-1.0	0.0
18:53:26	96.0	351.1	351.3	340.0	352.9	341.5	2.3	0.8	44.6	0.1	2.3	0.8	352.9	340.0	0.6	0.0	347.3	346.4	356.4	356.4	355.5	361.6	99.1	96.0	67.6	0.0	357.1	355.0	44.0	55.0	1.6	38.3	0.0	9.9	.Autoclave.Outputs.PRESSIP\OutputValue	-6.0	12.9	3.5	-1.0	0.0	-1.0	-1.0	-1.0	0.0	0.0	0.0	-1.0	-1.0	0.0	0.0	0.0	-1.0	0.0
18:54:26	97.0	351.4	351.5	340.4	353.0	341.9	2.2	0.8	44.6	0.1	2.2	0.8	353.0	340.4	0.5	-0.1	347.6	346.7	356.2	356.2	355.4	361.7	99.2	97.0	68.6	0.0	357.0	355.0	44.0	55.0	1.6	38.2	0.0	10.1	.Autoclave.Outputs.PRESSIP\OutputValue	-6.0	12.6	3.2	-1.0	0.0	-1.0	-1.0	-1.0	0.0	0.0	0.0	-1.0	-1.0	0.0	0.0	0.0	-1.0	0.0
18:55:26	98.0	351.4	351.5	341.0	353.1	342.4	2.3	0.7	44.6	0.1	2.3	0.7	353.1	341.0	0.6	0.0	347.9	347.0	356.1	356.1	355.4	361.5	99.1	98.0	69.6	0.0	356.9	355.0	44.0	55.1	1.7	38.3	0.0	10.2	.Autoclave.Outputs.PRESSIP\OutputValue	-6.0	12.1	3.0	-1.0	0.0	-1.0	-1.0	-1.0	0.0	0.0	0.0	-1.0	-1.0	0.0	0.0	0.0	-1.0	0.0
18:56:26	99.0	351.4	351.7	341.4	353.2	342.9	2.2	0.8	44.6	0.1	2.2	0.8	353.2	341.4	0.6	0.0	348.1	347.3	356.1	356.1	355.4	361.6	99.2	99.0	70.6	0.0	356.9	355.0	44.0	55.2	1.8	38.2	0.0	10.4	.Autoclave.Outputs.PRESSIP\OutputValue	-6.0	11.8	2.9	-1.0	0.0	-1.0	-1.0	-1.0	0.0	0.0	0.0	-1.0	-1.0	0.0	0.0	0.0	-1.0	0.0
18:57:26	100.0	351.5	351.5	342.0	353.3	343.3	2.2	0.7	44.6	0.1	2.2	0.7	353.3	342.0	0.5	-0.1	348.3	347.6	356.1	356.0	355.4	361.2	99.1	100.0	71.6	0.0	356.7	355.0	44.0	53.9	1.9	38.2	0.0	7.9	.Autoclave.Outputs.PRESSIP\OutputValue	-6.0	11.3	2.8	-1.0	0.0	-1.0	-1.0	-1.0	0.0	0.0	0.0	-1.0	-1.0	0.0	0.0	0.0	-1.0	0.0
18:58:26	101.0	351.6	351.7	342.3	353.3	343.6	2.2	0.8	44.6	0.1	2.2	0.8	353.3	342.3	0.6	0.0	348.5	347.8	356.1	356.1	355.3	361.3	99.3	101.0	72.6	0.0	356.7	355.0	44.0	54.0	1.9	38.2	0.0	8.0	.Autoclave.Outputs.PRESSIP\OutputValue	-6.0	11.0	2.8	-1.0	0.0	-1.0	-1.0	-1.0	0.0	0.0	0.0	-1.0	-1.0	0.0	0.0	0.0	-1.0	0.0
18:59:26	102.0	351.6	351.8	342.8	353.4	344.0	2.2	0.7	44.6	0.1	2.2	0.7	353.4	342.8	0.4	0.0	348.7	348.1	355.8	355.8	355.2	361.3	99.2	102.0	73.6	0.0	356.6	355.0	44.0	54.1	2.0	38.2	0.0	8.2	.Autoclave.Outputs.PRESSIP\OutputValue	-6.0	10.6	2.4	-1.0	0.0	-1.0	-1.0	-1.0	0.0	0.0	0.0	-1.0	-1.0	0.0	0.0	0.0	-1.0	0.0
19:00:26	103.0	351.6	351.8	343.2	353.4	344.6	2.2	0.8	44.6	0.1	2.2	0.8	353.4	343.2	0.5	0.0	348.9	348.3	355.9	355.9	355.2	360.9	99.3	103.0	74.6	0.0	356.5	355.0	44.0	54.1	2.1	38.2	0.0	8.3	.Autoclave.Outputs.PRESSIP\OutputValue	-6.0	10.2	2.5	-1.0	0.0	-1.0	-1.0	-1.0	0.0	0.0	0.0	-1.0	-1.0	0.0	0.0	0.0	-1.0	0.0
19:01:26	104.0	351.7	351.8	343.7	353.6	345.1	2.1	0.7	44.6	0.1	2.1	0.7	353.6	343.7	0.6	0.0	349.2	348.6	355.9	356.0	355.0	361.0	99.2	104.0	75.6	0.0	356.5	355.0	44.0	54.2	2.1	37.8	0.0	8.4	.Autoclave.Outputs.PRESSIP\OutputValue	-6.0	9.9	2.3	-1.0	0.0	-1.0	-1.0	-1.0	0.0	0.0	0.0	-1.0	-1.0	0.0	0.0	0.0	-1.0	0.0
19:02:26	105.0	351.7	351.8	344.2	353.6	345.4	2.1	0.8	44.6	0.1	2.1	0.8	353.6	344.2	0.4	0.0	349.3	348.9	355.8	355.8	355.0	360.8	99.3	105.0	76.6	0.0	356.4	355.0	44.0	54.3	2.2	38.0	0.0	8.6	.Autoclave.Outputs.PRESSIP\OutputValue	-6.0	9.4	2.2	-1.0	0.0	-1.0	-1.0	-1.0	0.0	0.0	0.0	-1.0	-1.0	0.0	0.0	0.0	-1.0	0.0
19:03:26	106.0	351.8	351.9	344.5	353.6	345.9	2.1	0.8	44.6	0.1	2.1	0.8	353.6	344.5	0.5	-0.2	349.5	349.0	355.7	355.8	355.0	360.9	99.4	106.0	77.6	0.0	356.4	355.0	44.0	54.3	2.3	38.2	0.0	8.7	.Autoclave.Outputs.PRESSIP\OutputValue	-6.0	9.1	2.1	-1.0	0.0	-1.0	-1.0	-1.0	0.0	0.0	0.0	-1.0	-1.0	0.0	0.0	0.0	-1.0	0.0
19:04:26	107.0	351.8	351.9	344.9	353.7	346.2	2.1	0.7	44.6	0.1	2.1	0.7	353.7	344.9	0.5	0.1	349.7	349.3	355.7	355.7	354.8	361.0	99.5	107.0	78.6	0.0	356.3	355.0	44.0	55.1	2.3	38.0	0.0	10.2	.Autoclave.Outputs.PRESSIP\OutputValue	-6.0	8.8	2.0	-1.0	0.0	-1.0	-1.0	-1.0	0.0	0.0	0.0	-1.0	-1.0	0.0	0.0	0.0	-1.0	0.0
19:05:11	107.8	351.9	352.2	345.3	353.8	346.4	2.1	0.7	44.6	0.1	2.1	0.7	353.8	345.3	0.5	0.0	349.9	349.5	355.7	355.7	354.9	360.7	99.3	107.8	79.4	0.0	356.3	355.0	44.0	53.8	2.4	38.0	0.0	7.6	.Autoclave.Outputs.PRESSIP\OutputValue	-6.0	8.5	2.0	-1.0	0.0	-1.0	-1.0	-1.0	0.0	0.0	0.0	-1.0	-1.0	0.0	0.0	0.0	-1.0	0.0
19:05:26	108.0	351.9	352.2	345.3	353.8	346.3	2.1	0.8	44.6	0.1	2.1	0.8	353.8	345.3	0.3	-0.2	349.9	349.5	355.5	355.5	354.8	361.0	99.4	108.0	0.3	89.7	356.2	355.0	44.0	55.1	2.4	38.0	0.0	10.3	.Autoclave.Outputs.PRESSIP\OutputValue	-6.0	8.5	1.7	-1.0	0.0	-1.0	-1.0	-1.0	0.0	0.0	0.0	-1.0	-1.0	0.0	0.0	0.0	-1.0	0.0
19:06:26	109.0	352.0	352.2	345.6	353.8	346.7	2.0	0.7	44.6	0.1	2.0	0.7	353.8	345.6	0.4	0.0	350.0	349.7	355.6	355.6	354.8	360.8	99.4	109.0	1.3	88.7	356.2	355.0	44.0	54.5	2.5	37.8	0.0	9.1	.Autoclave.Outputs.PRESSIP\OutputValue	-6.0	8.2	1.8	-1.0	0.0	-1.0	-1.0	-1.0	0.0	0.0	0.0	-1.0	-1.0	0.0	0.0	0.0	-1.0	0.0
19:07:27	110.1	351.9	352.0	345.8	353.9	347.1	2.1	0.8	44.6	0.0	2.1	0.8	353.9	345.8	0.4	-0.1	350.1	349.8	355.6	355.5	354.8	360.7	99.4	110.0	2.3	87.7	356.1	355.0	44.0	54.6	2.5	37.8	0.0	9.2	.Autoclave.Outputs.PRESSIP\OutputValue	-6.0	8.1	1.7	-1.0	0.0	-1.0	-1.0	-1.0	0.0	0.0	0.0	-1.0	-1.0	0.0	0.0	0.0	-1.0	0.0
19:08:26	111.0	352.0	352.2	346.2	353.8	347.4	2.0	0.8	44.6	0.1	2.0	0.8	353.8	346.2	0.3	-0.1	350.3	350.0	355.6	355.6	354.8	360.7	99.4	111.0	3.3	86.7	356.2	355.0	44.0	54.0	2.6	38.0	0.0	8.0	.Autoclave.Outputs.PRESSIP\OutputValue	-6.0	7.6	1.8	-1.0	0.0	-1.0	-1.0	-1.0	0.0	0.0	0.0	-1.0	-1.0	0.0	0.0	0.0	-1.0	0.0
19:09:26	112.0	352.0	352.3	346.5	353.9	347.7	2.0	0.8	44.6	0.1	2.0	0.8	353.9	346.5	0.4	0.0	350.5	350.2	355.5	355.5	354.8	360.7	99.5	112.0	4.3	85.7	356.1	355.0	44.0	55.4	2.6	37.8	0.0	10.8	.Autoclave.Outputs.PRESSIP\OutputValue	-6.0	7.4	1.6	-1.0	0.0	-1.0	-1.0	-1.0	0.0	0.0	0.0	-1.0	-1.0	0.0	0.0	0.0	-1.0	0.0
19:10:26	113.0	352.0	352.2	346.8	354.0	347.9	2.0	0.7	44.6	0.1	2.0	0.7	354.0	346.8	0.3	0.0	350.6	350.4	355.4	355.4	354.7	360.7	99.5	113.0	5.3	84.7	356.0	355.0	44.0	54.8	2.7	37.6	0.0	9.5	.Autoclave.Outputs.PRESSIP\OutputValue	-6.0	7.2	1.4	-1.0	0.0	-1.0	-1.0	-1.0	0.0	0.0	0.0	-1.0	-1.0	0.0	0.0	0.0	-1.0	0.0
19:11:26	114.0	352.0	352.3	346.9	354.1	348.2	1.9	0.7	44.6	0.1	1.9	0.7	354.1	346.9	0.3	-0.4	350.7	350.5	355.4	355.4	354.7	360.7	99.3	114.0	6.3	83.7	355.9	355.0	44.0	54.2	2.7	37.6	0.0	8.3	.Autoclave.Outputs.PRESSIP\OutputValue	-6.0	7.2	1.3	-1.0	0.0	-1.0	-1.0	-1.0	0.0	0.0	0.0	-1.0	-1.0	0.0	0.0	0.0	-1.0	0.0
19:12:26	115.0	352.1	352.3	347.3	354.1	348.6	1.9	0.8	44.6	0.1	1.9	0.8	354.1	347.3	0.4	-0.1	350.9	350.7	355.4	355.4	354.6	360.8	99.5	115.0	7.3	82.7	356.0	355.0	44.0	55.5	2.8	37.6	0.0	11.1	.Autoclave.Outputs.PRESSIP\OutputValue	-6.0	6.8	1.3	-1.0	0.0	-1.0	-1.0	-1.0	0.0	0.0	0.0	-1.0	-1.0	0.0	0.0	0.0	-1.0	0.0
19:13:26	116.0	352.1	352.2	347.5	354.1	348.6	1.9	0.7	44.7	0.1	1.9	0.7	354.1	347.5	0.3	-0.1	350.9	350.8	355.3	355.3	354.6	360.5	99.5	116.0	8.3	81.7	356.0	355.0	44.0	54.9	2.8	37.4	0.0	9.8	.Autoclave.Outputs.PRESSIP\OutputValue	-6.0	6.6	1.2	-1.0	0.0	-1.0	-1.0	-1.0	0.0	0.0	0.0	-1.0	-1.0	0.0	0.0	0.0	-1.0	0.0
19:14:27	117.1	352.0	352.4	347.7	354.1	348.8	1.9	0.7	44.6	0.0	1.9	0.7	354.1	347.7	0.3	-0.1	351.0	350.9	355.5	355.5	354.7	360.6	99.6	117.0	9.3	80.7	356.0	355.0	44.0	54.3	2.9	37.8	0.0	8.6	.Autoclave.Outputs.PRESSIP\OutputValue	-6.0	6.4	1.4	-1.0	0.0	-1.0	-1.0	-1.0	0.0	0.0	0.0	-1.0	-1.0	0.0	0.0	0.0	-1.0	0.0
19:15:26	118.0	352.2	352.5	348.0	354.1	349.1	1.9	0.7	44.7	0.0	1.9	0.7	354.1	348.0	0.3	0.0	351.2	351.0	355.3	355.4	354.7	360.8	99.7	118.0	10.3	79.7	355.9	355.0	44.0	55.0	2.9	37.4	0.0	10.0	.Autoclave.Outputs.PRESSIP\OutputValue	-6.0	6.1	1.2	-1.0	0.0	-1.0	-1.0	-1.0	0.0	0.0	0.0	-1.0	-1.0	0.0	0.0	0.0	-1.0	0.0
19:16:26	119.0	352.1	352.2	348.1	354.1	349.3	1.9	0.7	44.7	0.0	1.9	0.7	354.1	348.1	0.3	-0.1	351.1	351.1	355.5	355.6	354.7	360.8	99.7	119.0	11.3	78.7	355.9	355.0	44.0	54.4	3.0	37.4	0.0	8.8	.Autoclave.Outputs.PRESSIP\OutputValue	-6.0	6.0	1.4	-1.0	0.0	-1.0	-1.0	-1.0	0.0	0.0	0.0	-1.0	-1.0	0.0	0.0	0.0	-1.0	0.0
19:17:26	120.0	352.3	352.5	348.4	354.1	349.6	1.8	0.7	44.7	0.0	1.8	0.7	354.1	348.4	0.3	0.0	351.4	351.2	355.5	355.6	354.7	360.7	99.7	120.0	12.3	77.7	355.9	355.0	44.0	53.8	3.0	37.2	0.0	7.6	.Autoclave.Outputs.PRESSIP\OutputValue	-6.0	5.7	1.4	-1.0	0.0	-1.0	-1.0	-1.0	0.0	0.0	0.0	-1.0	-1.0	0.0	0.0	0.0	-1.0	0.0
19:18:26	121.0	352.3	352.4	348.6	354.2	349.7	1.9	0.8	44.7	0.0	1.9	0.8	354.2	348.6	0.2	0.0	351.4	351.4	355.4	355.4	354.7	360.4	99.6	121.0	13.3	76.7	355.9	355.0	44.0	53.8	3.1	37.6	0.0	7.7	.Autoclave.Outputs.PRESSIP\OutputValue	-6.0	5.6	1.2	-1.0	0.0	-1.0	-1.0	-1.0	0.0	0.0	0.0	-1.0	-1.0	0.0	0.0	0.0	-1.0	0.0
19:19:26	122.0	352.4	352.4	348.8	354.2	350.0	1.8	0.8	44.7	0.0	1.8	0.8	354.2	348.8	0.3	0.0	351.5	351.5	355.4	355.5	354.7	360.5	99.6	122.0	14.3	75.7	355.8	355.0	44.0	54.5	3.1	37.4	0.0	9.1	.Autoclave.Outputs.PRESSIP\OutputValue	-6.0	5.4	1.2	-1.0	0.0	-1.0	-1.0	-1.0	0.0	0.0	0.0	-1.0	-1.0	0.0	0.0	0.0	-1.0	0.0
19:20:26	123.0	352.3	352.7	349.0	354.3	350.3	1.8	0.8	44.6	0.0	1.8	0.8	354.3	349.0	0.2	-0.1	351.7	351.6	355.4	355.4	354.6	360.4	99.7	123.0	15.3	74.7	355.9	355.0	44.0	53.3	3.2	37.4	0.0	6.5	.Autoclave.Outputs.PRESSIP\OutputValue	-6.0	5.3	1.1	-1.0	0.0	-1.0	-1.0	-1.0	0.0	0.0	0.0	-1.0	-1.0	0.0	0.0	0.0	-1.0	0.0
19:21:26	124.0	352.3	352.6	349.2	354.2	350.3	1.7	0.7	44.7	0.0	1.7	0.7	354.2	349.2	0.3	0.0	351.7	351.7	355.5	355.5	354.7	360.6	99.6	124.0	16.3	73.7	355.8	355.0	44.0	54.6	3.2	37.2	0.0	9.3	.Autoclave.Outputs.PRESSIP\OutputValue	-6.0	5.0	1.3	-1.0	0.0	-1.0	-1.0	-1.0	0.0	0.0	0.0	-1.0	-1.0	0.0	0.0	0.0	-1.0	0.0
19:22:26	125.0	352.3	352.7	349.4	354.3	350.5	1.8	0.7	44.6	0.0	1.8	0.7	354.3	349.4	0.2	0.0	351.8	351.8	355.3	355.3	354.6	360.5	99.7	125.0	17.3	72.7	355.7	355.0	44.0	54.0	3.3	37.6	0.0	8.0	.Autoclave.Outputs.PRESSIP\OutputValue	-6.0	4.9	1.0	-1.0	0.0	-1.0	-1.0	-1.0	0.0	0.0	0.0	-1.0	-1.0	0.0	0.0	0.0	-1.0	0.0
19:23:26	126.0	352.2	352.5	349.5	354.4	350.6	1.8	0.8	44.7	0.0	1.8	0.8	354.4	349.5	0.1	-0.1	351.8	351.9	355.3	355.3	354.5	360.2	99.8	126.0	18.3	71.7	355.7	355.0	44.0	54.0	3.3	37.4	0.0	8.1	.Autoclave.Outputs.PRESSIP\OutputValue	-6.0	4.9	0.9	-1.0	0.0	-1.0	-1.0	-1.0	0.0	0.0	0.0	-1.0	-1.0	0.0	0.0	0.0	-1.0	0.0
19:24:26	127.0	352.2	352.4	349.6	354.3	350.8	1.7	0.7	44.7	0.0	1.7	0.7	354.3	349.6	0.2	-0.2	351.8	351.9	355.4	355.4	354.7	360.3	99.9	127.0	19.3	70.7	355.7	355.0	44.0	53.4	3.3	37.2	0.0	6.8	.Autoclave.Outputs.PRESSIP\OutputValue	-6.0	4.7	1.1	-1.0	0.0	-1.0	-1.0	-1.0	0.0	0.0	0.0	-1.0	-1.0	0.0	0.0	0.0	-1.0	0.0
19:25:26	128.0	352.2	352.4	349.8	354.3	350.9	1.7	0.7	44.7	0.0	1.7	0.7	354.3	349.8	0.2	-0.1	351.9	352.0	355.5	355.4	354.8	360.6	100.0	128.0	20.3	69.7	355.7	355.0	44.0	53.5	3.4	36.8	0.0	6.9	.Autoclave.Outputs.PRESSIP\OutputValue	-6.0	4.5	1.2	-1.0	0.0	-1.0	-1.0	-1.0	0.0	0.0	0.0	-1.0	-1.0	0.0	0.0	0.0	-1.0	0.0
19:26:26	129.0	352.2	352.3	349.9	354.3	351.1	1.7	0.7	44.6	0.0	1.7	0.7	354.3	349.9	0.2	-0.1	351.9	352.1	355.4	355.2	354.6	360.3	99.7	129.0	21.3	68.7	355.7	355.0	44.0	53.5	3.4	37.2	0.0	7.0	.Autoclave.Outputs.PRESSIP\OutputValue	-6.0	4.4	1.1	-1.0	0.0	-1.0	-1.0	-1.0	0.0	0.0	0.0	-1.0	-1.0	0.0	0.0	0.0	-1.0	0.0
19:27:26	130.0	352.1	352.4	350.1	354.3	351.2	1.7	0.7	44.7	0.0	1.7	0.7	354.3	350.1	0.3	-0.2	352.0	352.2	355.2	355.2	354.8	360.2	99.7	130.0	22.3	67.7	355.7	355.0	44.0	54.9	3.5	37.2	0.0	9.7	.Autoclave.Outputs.PRESSIP\OutputValue	-6.0	4.2	0.9	-1.0	0.0	-1.0	-1.0	-1.0	0.0	0.0	0.0	-1.0	-1.0	0.0	0.0	0.0	-1.0	0.0
19:28:26	131.0	352.4	352.4	350.3	354.4	351.2	1.7	0.7	44.7	-0.5	1.7	0.7	354.4	350.3	0.3	-0.1	352.1	352.3	355.2	355.1	354.6	360.5	99.7	131.0	23.3	66.7	355.7	355.0	44.0	54.2	3.5	36.8	0.0	8.5	.Autoclave.Outputs.PRESSIP\OutputValue	-6.0	4.1	0.8	-1.0	0.0	-1.0	-1.0	-1.0	0.0	0.0	0.0	-1.0	-1.0	0.0	0.0	0.0	-1.0	0.0
19:29:26	132.0	352.4	352.7	350.5	354.4	351.3	1.7	0.7	44.7	0.0	1.7	0.7	354.4	350.5	0.2	0.1	352.2	352.4	355.4	355.6	354.6	360.5	99.9	132.0	24.3	65.7	355.5	355.0	44.0	52.9	3.5	36.6	0.0	5.9	.Autoclave.Outputs.PRESSIP\OutputValue	-6.0	3.9	1.0	-1.0	0.0	-1.0	-1.0	-1.0	0.0	0.0	0.0	-1.0	-1.0	0.0	0.0	0.0	-1.0	0.0
19:30:26	133.0	352.4	352.0	350.5	354.5	351.6	1.6	0.8	44.7	0.0	1.6	0.8	354.5	350.5	0.1	-0.1	352.2	352.5	355.1	355.1	354.5	360.1	99.6	133.0	25.3	64.7	355.5	355.0	44.0	54.3	3.6	37.0	0.0	8.6	.Autoclave.Outputs.PRESSIP\OutputValue	-6.0	4.0	0.6	-1.0	0.0	-1.0	-1.0	-1.0	0.0	0.0	0.0	-1.0	-1.0	0.0	0.0	0.0	-1.0	0.0
19:31:26	134.0	352.6	352.7	350.6	354.5	351.7	1.6	0.7	44.7	0.0	1.6	0.7	354.5	350.6	0.3	-0.1	352.4	352.5	355.3	355.3	354.6	360.3	99.8	134.0	26.3	63.7	355.5	355.0	44.0	54.3	3.6	36.8	0.0	8.7	.Autoclave.Outputs.PRESSIP\OutputValue	-6.0	3.9	0.8	-1.0	0.0	-1.0	-1.0	-1.0	0.0	0.0	0.0	-1.0	-1.0	0.0	0.0	0.0	-1.0	0.0
19:32:26	135.0	352.5	352.7	350.7	354.5	351.8	1.6	0.7	44.7	0.0	1.6	0.7	354.5	350.7	0.2	-0.2	352.4	352.6	355.2	355.4	354.8	360.3	99.9	135.0	27.3	62.7	355.5	355.0	44.0	53.0	3.6	36.6	0.0	6.1	.Autoclave.Outputs.PRESSIP\OutputValue	-6.0	3.8	0.7	-1.0	0.0	-1.0	-1.0	-1.0	0.0	0.0	0.0	-1.0	-1.0	0.0	0.0	0.0	-1.0	0.0
19:33:26	136.0	352.5	352.8	350.9	354.6	351.9	1.5	0.7	44.7	0.0	1.5	0.7	354.6	350.9	0.2	0.1	352.5	352.7	355.1	355.1	354.7	359.7	99.8	136.0	28.3	61.7	355.5	355.0	44.0	53.1	3.6	37.0	0.0	6.1	.Autoclave.Outputs.PRESSIP\OutputValue	-6.0	3.7	0.5	-1.0	0.0	-1.0	-1.0	-1.0	0.0	0.0	0.0	-1.0	-1.0	0.0	0.0	0.0	-1.0	0.0
19:34:26	137.0	352.4	352.7	350.9	354.6	352.0	1.5	0.7	44.7	0.0	1.5	0.7	354.6	350.9	0.4	-0.3	352.5	352.7	355.2	355.2	354.5	360.5	99.7	137.0	29.3	60.7	355.4	355.0	44.0	53.8	3.7	36.6	0.0	7.5	.Autoclave.Outputs.PRESSIP\OutputValue	-6.0	3.7	0.6	-1.0	0.0	-1.0	-1.0	-1.0	0.0	0.0	0.0	-1.0	-1.0	0.0	0.0	0.0	-1.0	0.0
19:35:26	138.0	352.4	352.7	351.0	354.6	352.2	1.5	0.7	44.7	0.0	1.5	0.7	354.6	351.0	0.2	-0.2	352.6	352.8	355.1	355.1	354.5	360.1	99.7	138.0	30.3	59.7	355.4	355.0	44.0	52.5	3.7	36.8	0.0	4.9	.Autoclave.Outputs.PRESSIP\OutputValue	-6.0	3.6	0.5	-1.0	0.0	-1.0	-1.0	-1.0	0.0	0.0	0.0	-1.0	-1.0	0.0	0.0	0.0	-1.0	0.0
19:36:26	139.0	352.4	352.4	351.1	354.7	352.2	1.5	0.7	44.8	0.0	1.5	0.7	354.7	351.1	0.1	-0.3	352.5	352.9	355.1	355.1	354.3	360.0	99.8	139.0	31.3	58.7	355.3	355.0	44.0	53.2	3.7	36.5	0.0	6.3	.Autoclave.Outputs.PRESSIP\OutputValue	-6.0	3.6	0.4	-1.0	0.0	-1.0	-1.0	-1.0	0.0	0.0	0.0	-1.0	-1.0	0.0	0.0	0.0	-1.0	0.0
19:37:26	140.0	352.5	352.4	351.2	354.6	352.4	1.5	0.7	44.7	0.0	1.5	0.7	354.6	351.2	0.2	-0.1	352.6	352.9	355.1	355.1	354.4	360.0	99.7	140.0	32.3	57.7	355.4	355.0	44.0	53.2	3.8	36.6	0.0	6.4	.Autoclave.Outputs.PRESSIP\OutputValue	-6.0	3.4	0.5	-1.0	0.0	-1.0	-1.0	-1.0	0.0	0.0	0.0	-1.0	-1.0	0.0	0.0	0.0	-1.0	0.0
19:38:26	141.0	352.5	352.7	351.1	354.7	352.5	1.5	0.7	44.8	0.0	1.5	0.7	354.7	351.1	0.1	-0.1	352.7	352.9	355.0	355.1	354.3	360.2	99.7	141.0	33.3	56.7	355.3	355.0	44.0	54.5	3.8	36.3	0.0	9.1	.Autoclave.Outputs.PRESSIP\OutputValue	-6.0	3.6	0.3	-1.0	0.0	-1.0	-1.0	-1.0	0.0	0.0	0.0	-1.0	-1.0	0.0	0.0	0.0	-1.0	0.0
19:39:26	142.0	352.4	352.5	351.2	354.7	352.6	1.4	0.7	44.8	0.0	1.4	0.7	354.7	351.2	0.2	-0.1	352.7	352.9	355.0	355.0	354.2	359.9	99.7	142.0	34.3	55.7	355.3	355.0	44.0	53.9	3.8	36.5	0.0	7.8	.Autoclave.Outputs.PRESSIP\OutputValue	-6.0	3.5	0.3	-1.0	0.0	-1.0	-1.0	-1.0	0.0	0.0	0.0	-1.0	-1.0	0.0	0.0	0.0	-1.0	0.0
19:40:26	143.0	352.3	352.4	351.3	354.6	352.6	1.5	0.7	44.8	0.0	1.5	0.7	354.6	351.3	0.2	-0.1	352.6	352.9	355.1	355.0	354.3	360.0	99.9	143.0	35.3	54.7	355.3	355.0	44.0	53.9	3.9	36.5	0.0	7.9	.Autoclave.Outputs.PRESSIP\OutputValue	-6.0	3.3	0.5	-1.0	0.0	-1.0	-1.0	-1.0	0.0	0.0	0.0	-1.0	-1.0	0.0	0.0	0.0	-1.0	0.0
19:41:26	144.0	352.2	352.3	351.3	354.6	352.6	1.5	0.7	44.8	0.0	1.5	0.7	354.6	351.3	0.1	-0.2	352.6	352.9	355.1	355.1	354.4	360.3	99.9	144.0	36.3	53.7	355.4	355.0	44.0	53.3	3.9	36.5	0.0	6.6	.Autoclave.Outputs.PRESSIP\OutputValue	-6.0	3.3	0.5	-1.0	0.0	-1.0	-1.0	-1.0	0.0	0.0	0.0	-1.0	-1.0	0.0	0.0	0.0	-1.0	0.0
19:42:26	145.0	352.3	352.4	351.4	354.6	352.8	1.4	0.7	44.7	0.0	1.4	0.7	354.6	351.4	0.3	-0.2	352.7	353.0	355.1	355.2	354.5	360.1	100.1	145.0	37.3	52.7	355.3	355.0	44.0	54.0	3.9	36.5	0.0	8.0	.Autoclave.Outputs.PRESSIP\OutputValue	-6.0	3.2	0.5	-1.0	0.0	-1.0	-1.0	-1.0	0.0	0.0	0.0	-1.0	-1.0	0.0	0.0	0.0	-1.0	0.0
19:43:27	146.1	352.2	352.5	351.5	354.5	352.8	1.4	0.7	44.8	0.0	1.4	0.7	354.5	351.5	0.4	0.0	352.7	353.0	355.2	355.2	354.3	360.3	100.0	146.0	38.3	51.7	355.4	355.0	44.0	53.4	3.9	36.3	0.0	6.7	.Autoclave.Outputs.PRESSIP\OutputValue	-6.0	3.0	0.7	-1.0	0.0	-1.0	-1.0	-1.0	0.0	0.0	0.0	-1.0	-1.0	0.0	0.0	0.0	-1.0	0.0
19:44:27	147.1	352.4	352.5	351.7	354.6	352.9	1.4	0.7	44.8	0.0	1.4	0.7	354.6	351.7	0.1	-0.3	352.8	353.1	355.2	355.2	354.3	360.1	100.1	147.0	39.3	50.7	355.4	355.0	44.0	54.0	4.0	36.3	0.0	8.1	.Autoclave.Outputs.PRESSIP\OutputValue	-6.0	2.9	0.6	-1.0	0.0	-1.0	-1.0	-1.0	0.0	0.0	0.0	-1.0	-1.0	0.0	0.0	0.0	-1.0	0.0
19:45:26	148.0	352.4	352.6	351.7	354.6	353.0	1.4	0.7	44.8	0.0	1.4	0.7	354.6	351.7	0.3	0.0	352.8	353.1	355.1	355.1	354.3	360.1	100.1	148.0	40.3	49.7	355.4	355.0	44.0	54.1	4.0	36.3	0.0	8.1	.Autoclave.Outputs.PRESSIP\OutputValue	-6.0	2.9	0.5	-1.0	0.0	-1.0	-1.0	-1.0	0.0	0.0	0.0	-1.0	-1.0	0.0	0.0	0.0	-1.0	0.0
19:46:26	149.0	352.2	352.6	351.9	354.6	353.2	1.4	0.7	44.8	0.0	1.4	0.7	354.6	351.9	0.2	-0.3	352.9	353.2	355.1	355.2	354.3	360.3	100.1	149.0	41.3	48.7	355.4	355.0	44.0	54.1	4.0	36.3	0.0	8.2	.Autoclave.Outputs.PRESSIP\OutputValue	-6.0	2.7	0.5	-1.0	0.0	-1.0	-1.0	-1.0	0.0	0.0	0.0	-1.0	-1.0	0.0	0.0	0.0	-1.0	0.0
19:47:26	150.0	352.3	352.5	352.0	354.6	353.1	1.3	0.7	44.8	0.0	1.3	0.7	354.6	352.0	0.1	-0.3	352.9	353.3	355.2	355.2	354.4	360.2	100.2	150.0	42.3	47.7	355.4	355.0	44.0	53.4	4.0	36.3	0.0	6.9	.Autoclave.Outputs.PRESSIP\OutputValue	-6.0	2.6	0.6	-1.0	0.0	-1.0	-1.0	-1.0	0.0	0.0	0.0	-1.0	-1.0	0.0	0.0	0.0	-1.0	0.0
19:48:26	151.0	352.3	352.5	352.1	354.6	353.2	1.3	0.7	44.8	0.0	1.3	0.7	354.6	352.1	0.3	0.0	352.9	353.3	355.2	355.2	354.5	360.4	100.2	151.0	43.3	46.7	355.4	355.0	44.0	52.8	4.1	36.1	0.0	5.6	.Autoclave.Outputs.PRESSIP\OutputValue	-6.0	2.5	0.6	-1.0	0.0	-1.0	-1.0	-1.0	0.0	0.0	0.0	-1.0	-1.0	0.0	0.0	0.0	-1.0	0.0
19:49:26	152.0	352.1	352.2	352.0	354.6	353.2	1.3	0.7	44.8	0.0	1.3	0.7	354.6	352.0	0.1	-0.2	352.8	353.3	355.3	355.3	354.5	360.3	100.2	152.0	44.3	45.7	355.4	355.0	44.0	53.5	4.1	36.1	0.0	7.0	.Autoclave.Outputs.PRESSIP\OutputValue	-6.0	2.6	0.7	-1.0	0.0	-1.0	-1.0	-1.0	0.0	0.0	0.0	-1.0	-1.0	0.0	0.0	0.0	-1.0	0.0
19:50:26	153.0	352.3	352.5	352.2	354.5	353.2	1.3	0.8	44.8	-0.5	1.3	0.8	354.5	352.2	0.2	0.0	352.9	353.3	355.2	355.2	354.4	360.5	100.2	153.0	45.3	44.7	355.4	355.0	44.0	53.5	4.1	35.9	0.0	7.0	.Autoclave.Outputs.PRESSIP\OutputValue	-6.0	2.3	0.7	-1.0	0.0	-1.0	-1.0	-1.0	0.0	0.0	0.0	-1.0	-1.0	0.0	0.0	0.0	-1.0	0.0
19:51:26	154.0	352.1	352.4	352.1	354.6	353.4	1.3	0.7	44.8	0.0	1.3	0.7	354.6	352.1	0.1	-0.2	352.9	353.3	355.2	355.2	354.4	360.4	100.2	154.0	46.3	43.7	355.4	355.0	44.0	54.2	4.1	36.1	0.0	8.4	.Autoclave.Outputs.PRESSIP\OutputValue	-6.0	2.5	0.6	-1.0	0.0	-1.0	-1.0	-1.0	0.0	0.0	0.0	-1.0	-1.0	0.0	0.0	0.0	-1.0	0.0
19:52:26	155.0	352.3	352.4	352.2	354.6	353.5	1.3	0.7	44.8	0.0	1.3	0.7	354.6	352.2	0.1	-0.1	353.0	353.4	355.1	355.1	354.3	360.3	100.2	155.0	47.3	42.7	355.3	355.0	44.0	54.2	4.2	36.1	0.0	8.5	.Autoclave.Outputs.PRESSIP\OutputValue	-6.0	2.4	0.5	-1.0	0.0	-1.0	-1.0	-1.0	0.0	0.0	0.0	-1.0	-1.0	0.0	0.0	0.0	-1.0	0.0
19:53:26	156.0	352.2	352.5	352.3	354.6	353.6	1.3	0.7	44.8	0.0	1.3	0.7	354.6	352.2	0.1	0.0	353.0	353.4	355.2	355.2	354.3	360.1	100.3	156.0	48.3	41.7	355.3	355.0	44.0	52.3	4.2	35.9	0.0	4.5	.Autoclave.Outputs.PRESSIP\OutputValue	-6.0	2.4	0.6	-1.0	0.0	-1.0	-1.0	-1.0	0.0	0.0	0.0	-1.0	-1.0	0.0	0.0	0.0	-1.0	0.0
19:54:26	157.0	352.2	352.3	352.3	354.6	353.5	1.3	0.8	44.8	0.0	1.3	0.8	354.6	352.2	0.1	-0.1	353.0	353.4	355.2	355.2	354.5	360.2	100.1	157.0	49.3	40.7	355.4	355.0	44.0	53.6	4.2	35.9	0.0	7.2	.Autoclave.Outputs.PRESSIP\OutputValue	-6.0	2.4	0.6	-1.0	0.0	-1.0	-1.0	-1.0	0.0	0.0	0.0	-1.0	-1.0	0.0	0.0	0.0	-1.0	0.0
19:55:26	158.0	352.2	352.5	352.4	354.7	353.6	1.3	0.7	44.8	-0.3	1.3	0.7	354.7	352.2	0.1	-0.2	353.1	353.4	355.1	355.2	354.4	360.3	100.2	158.0	50.3	39.7	355.4	355.0	44.0	53.6	4.2	36.1	0.0	7.3	.Autoclave.Outputs.PRESSIP\OutputValue	-6.0	2.5	0.4	-1.0	0.0	-1.0	-1.0	-1.0	0.0	0.0	0.0	-1.0	-1.0	0.0	0.0	0.0	-1.0	0.0
19:56:26	159.0	352.3	352.3	352.4	354.7	353.7	1.2	0.7	44.8	0.0	1.2	0.7	354.7	352.3	0.2	-0.2	353.1	353.5	355.2	355.1	354.3	360.2	100.2	159.0	51.3	38.7	355.3	355.0	44.0	53.6	4.2	36.3	0.0	7.3	.Autoclave.Outputs.PRESSIP\OutputValue	-6.0	2.4	0.5	-1.0	0.0	-1.0	-1.0	-1.0	0.0	0.0	0.0	-1.0	-1.0	0.0	0.0	0.0	-1.0	0.0
19:57:27	160.1	352.2	352.5	352.5	354.6	353.7	1.2	0.7	44.8	0.0	1.2	0.7	354.6	352.2	0.1	-0.2	353.1	353.4	355.2	355.2	354.3	360.2	100.2	160.0	52.3	37.7	355.4	355.0	44.0	53.7	4.3	35.9	0.0	7.3	.Autoclave.Outputs.PRESSIP\OutputValue	-6.0	2.4	0.6	-1.0	0.0	-1.0	-1.0	-1.0	0.0	0.0	0.0	-1.0	-1.0	0.0	0.0	0.0	-1.0	0.0
19:58:26	161.0	352.2	352.5	352.6	354.7	353.8	1.2	0.7	44.8	0.0	1.2	0.7	354.7	352.2	0.1	-0.1	353.1	353.4	355.1	355.2	354.3	360.2	100.3	161.0	53.3	36.7	355.4	355.0	44.0	54.4	4.3	35.9	0.0	8.7	.Autoclave.Outputs.PRESSIP\OutputValue	-6.0	2.5	0.4	-1.0	0.0	-1.0	-1.0	-1.0	0.0	0.0	0.0	-1.0	-1.0	0.0	0.0	0.0	-1.0	0.0
19:59:26	162.0	352.3	352.5	352.6	354.7	353.8	1.2	0.7	44.8	0.0	1.2	0.7	354.7	352.3	0.1	-0.1	353.2	353.5	355.2	355.2	354.3	360.3	100.3	162.0	54.3	35.7	355.3	355.0	44.0	53.7	4.3	36.1	0.0	7.4	.Autoclave.Outputs.PRESSIP\OutputValue	-6.0	2.4	0.5	-1.0	0.0	-1.0	-1.0	-1.0	0.0	0.0	0.0	-1.0	-1.0	0.0	0.0	0.0	-1.0	0.0
20:00:26	163.0	352.1	352.5	352.7	354.7	353.8	1.2	0.7	44.8	0.0	1.2	0.7	354.7	352.1	0.3	-0.1	353.1	353.4	355.2	355.2	354.6	360.4	100.4	163.0	55.3	34.7	355.3	355.0	44.0	53.7	4.3	35.9	0.0	7.5	.Autoclave.Outputs.PRESSIP\OutputValue	-6.0	2.6	0.5	-1.0	0.0	-1.0	-1.0	-1.0	0.0	0.0	0.0	-1.0	-1.0	0.0	0.0	0.0	-1.0	0.0
20:01:26	164.0	352.2	352.5	352.7	354.6	353.8	1.2	0.7	44.8	0.0	1.2	0.7	354.6	352.2	0.2	-0.1	353.1	353.4	355.2	355.2	354.4	360.5	100.4	164.0	56.3	33.7	355.4	355.0	44.0	53.7	4.3	35.7	0.0	7.5	.Autoclave.Outputs.PRESSIP\OutputValue	-6.0	2.4	0.6	-1.0	0.0	-1.0	-1.0	-1.0	0.0	0.0	0.0	-1.0	-1.0	0.0	0.0	0.0	-1.0	0.0
20:02:26	165.0	352.3	352.5	352.7	354.7	353.8	1.2	0.8	44.8	0.0	1.2	0.8	354.7	352.3	0.3	-0.1	353.2	353.5	355.2	355.2	354.3	360.3	100.4	165.0	57.3	32.7	355.4	355.0	44.0	52.4	4.3	35.9	0.0	4.9	.Autoclave.Outputs.PRESSIP\OutputValue	-6.0	2.4	0.5	-1.0	0.0	-1.0	-1.0	-1.0	0.0	0.0	0.0	-1.0	-1.0	0.0	0.0	0.0	-1.0	0.0
20:03:26	166.0	352.1	352.4	352.8	354.6	353.9	1.2	0.7	44.8	0.0	1.2	0.7	354.6	352.1	0.0	-0.1	353.1	353.3	355.2	355.2	354.4	360.3	100.4	166.0	58.3	31.7	355.3	355.0	44.0	53.8	4.4	35.9	0.0	7.6	.Autoclave.Outputs.PRESSIP\OutputValue	-6.0	2.5	0.6	-1.0	0.0	-1.0	-1.0	-1.0	0.0	0.0	0.0	-1.0	-1.0	0.0	0.0	0.0	-1.0	0.0
20:04:26	167.0	352.3	352.4	352.8	354.8	353.9	1.2	0.7	44.8	0.0	1.2	0.7	354.8	352.3	0.1	-0.2	353.2	353.5	355.1	355.1	354.3	360.2	100.4	167.0	59.3	30.7	355.3	355.0	44.0	53.8	4.4	35.7	0.0	7.6	.Autoclave.Outputs.PRESSIP\OutputValue	-6.0	2.5	0.3	-1.0	0.0	-1.0	-1.0	-1.0	0.0	0.0	0.0	-1.0	-1.0	0.0	0.0	0.0	-1.0	0.0
20:05:26	168.0	352.3	352.7	352.8	354.7	354.0	1.2	0.7	44.8	0.0	1.2	0.7	354.7	352.3	0.1	-0.1	353.3	353.5	355.2	355.2	354.4	360.2	100.5	168.0	60.3	29.7	355.2	355.0	44.0	52.5	4.4	35.7	0.0	5.0	.Autoclave.Outputs.PRESSIP\OutputValue	-6.0	2.4	0.5	-1.0	0.0	-1.0	-1.0	-1.0	0.0	0.0	0.0	-1.0	-1.0	0.0	0.0	0.0	-1.0	0.0
20:06:26	169.0	352.2	352.5	352.8	354.7	354.0	1.1	0.7	44.8	0.0	1.1	0.7	354.7	352.2	0.2	-0.1	353.2	353.4	355.2	355.2	354.4	360.2	100.4	169.0	61.3	28.7	355.3	355.0	44.0	53.2	4.4	35.9	0.0	6.3	.Autoclave.Outputs.PRESSIP\OutputValue	-6.0	2.5	0.5	-1.0	0.0	-1.0	-1.0	-1.0	0.0	0.0	0.0	-1.0	-1.0	0.0	0.0	0.0	-1.0	0.0
20:07:26	170.0	352.1	352.4	352.8	354.6	353.9	1.1	0.8	44.8	0.0	1.1	0.8	354.6	352.1	0.0	0.0	353.1	353.3	355.2	355.2	354.4	360.3	100.4	170.0	62.3	27.7	355.4	355.0	44.0	53.2	4.4	35.7	0.0	6.4	.Autoclave.Outputs.PRESSIP\OutputValue	-6.0	2.5	0.6	-1.0	0.0	-1.0	-1.0	-1.0	0.0	0.0	0.0	-1.0	-1.0	0.0	0.0	0.0	-1.0	0.0
20:08:26	171.0	352.1	352.3	352.9	354.6	354.0	1.1	0.8	44.8	0.0	1.1	0.8	354.6	352.1	0.1	-0.1	353.2	353.3	355.2	355.2	354.5	360.1	100.4	171.0	63.3	26.7	355.4	355.0	44.0	53.9	4.5	35.7	0.0	7.7	.Autoclave.Outputs.PRESSIP\OutputValue	-6.0	2.5	0.6	-1.0	0.0	-1.0	-1.0	-1.0	0.0	0.0	0.0	-1.0	-1.0	0.0	0.0	0.0	-1.0	0.0
20:09:26	172.0	352.3	352.5	352.9	354.7	354.0	1.1	0.7	44.8	0.0	1.1	0.7	354.7	352.3	0.2	0.0	353.3	353.5	355.1	355.1	354.2	360.1	100.4	172.0	64.3	25.7	355.4	355.0	44.0	53.9	4.5	35.9	0.0	7.8	.Autoclave.Outputs.PRESSIP\OutputValue	-6.0	2.4	0.4	-1.0	0.0	-1.0	-1.0	-1.0	0.0	0.0	0.0	-1.0	-1.0	0.0	0.0	0.0	-1.0	0.0
20:10:26	173.0	352.1	352.4	352.9	354.6	354.2	1.1	0.7	44.8	-0.4	1.1	0.7	354.6	352.1	0.0	-0.2	353.2	353.3	355.3	355.3	354.5	360.3	100.4	173.0	65.3	24.7	355.3	355.0	44.0	53.2	4.5	35.5	0.0	6.5	.Autoclave.Outputs.PRESSIP\OutputValue	-6.0	2.5	0.7	-1.0	0.0	-1.0	-1.0	-1.0	0.0	0.0	0.0	-1.0	-1.0	0.0	0.0	0.0	-1.0	0.0
20:11:26	174.0	352.2	352.3	352.9	354.7	354.2	1.1	0.7	44.8	0.0	1.1	0.7	354.7	352.2	0.1	-0.1	353.2	353.4	355.2	355.2	354.4	360.3	100.4	174.0	66.3	23.7	355.3	355.0	44.0	53.2	4.5	35.7	0.0	6.5	.Autoclave.Outputs.PRESSIP\OutputValue	-6.0	2.5	0.5	-1.0	0.0	-1.0	-1.0	-1.0	0.0	0.0	0.0	-1.0	-1.0	0.0	0.0	0.0	-1.0	0.0
20:12:26	175.0	351.9	352.3	352.8	354.8	354.2	1.1	0.7	44.8	0.0	1.1	0.7	354.8	351.9	0.1	-0.1	353.2	353.3	355.0	355.0	354.3	360.3	100.3	175.0	67.3	22.7	355.3	355.0	44.0	53.9	4.5	35.5	0.0	7.9	.Autoclave.Outputs.PRESSIP\OutputValue	-6.0	2.9	0.2	-1.0	0.0	-1.0	-1.0	-1.0	0.0	0.0	0.0	-1.0	-1.0	0.0	0.0	0.0	-1.0	0.0
20:13:26	176.0	352.2	352.4	352.9	354.8	354.2	1.1	0.7	44.8	0.0	1.1	0.7	354.8	352.2	0.2	0.0	353.3	353.5	355.2	355.2	354.4	360.0	100.4	176.0	68.3	21.7	355.3	355.0	44.0	53.3	4.5	35.7	0.0	6.6	.Autoclave.Outputs.PRESSIP\OutputValue	-6.0	2.6	0.4	-1.0	0.0	-1.0	-1.0	-1.0	0.0	0.0	0.0	-1.0	-1.0	0.0	0.0	0.0	-1.0	0.0
20:14:26	177.0	352.0	352.4	353.0	354.8	354.2	1.1	0.7	44.8	0.0	1.1	0.7	354.8	352.0	0.1	0.0	353.3	353.4	355.1	355.1	354.3	360.0	100.4	177.0	69.3	20.7	355.3	355.0	44.0	54.0	4.5	35.7	0.0	7.9	.Autoclave.Outputs.PRESSIP\OutputValue	-6.0	2.8	0.3	-1.0	0.0	-1.0	-1.0	-1.0	0.0	0.0	0.0	-1.0	-1.0	0.0	0.0	0.0	-1.0	0.0
20:15:26	178.0	352.0	352.3	353.0	354.8	354.3	1.0	0.7	44.8	0.0	1.0	0.7	354.8	352.0	0.1	-0.2	353.3	353.4	355.1	355.1	354.3	360.0	100.4	178.0	70.3	19.7	355.2	355.0	44.0	53.3	4.6	35.5	0.0	6.6	.Autoclave.Outputs.PRESSIP\OutputValue	-6.0	2.8	0.3	-1.0	0.0	-1.0	-1.0	-1.0	0.0	0.0	0.0	-1.0	-1.0	0.0	0.0	0.0	-1.0	0.0
20:16:26	179.0	352.1	352.4	353.1	354.8	354.4	1.0	0.7	44.8	0.0	1.0	0.7	354.8	352.1	0.1	-0.2	353.3	353.4	355.2	355.1	354.3	360.0	100.6	179.0	71.3	18.7	355.3	355.0	44.0	52.7	4.6	35.7	0.0	5.3	.Autoclave.Outputs.PRESSIP\OutputValue	-6.0	2.7	0.4	-1.0	0.0	-1.0	-1.0	-1.0	0.0	0.0	0.0	-1.0	-1.0	0.0	0.0	0.0	-1.0	0.0
20:17:26	180.0	352.1	352.3	352.9	354.9	354.4	1.1	0.7	44.8	0.0	1.1	0.7	354.9	352.1	0.2	0.0	353.3	353.5	355.1	355.1	354.3	359.9	100.4	180.0	72.3	17.7	355.0	355.0	44.0	53.3	4.6	35.7	0.0	6.7	.Autoclave.Outputs.PRESSIP\OutputValue	-6.0	2.8	0.2	-1.0	0.0	-1.0	-1.0	-1.0	0.0	0.0	0.0	-1.0	-1.0	0.0	0.0	0.0	-1.0	0.0
20:18:26	181.0	352.1	352.4	353.1	354.9	354.4	1.0	0.7	44.8	0.0	1.0	0.7	354.9	352.1	0.2	-0.2	353.4	353.5	355.0	355.0	354.3	360.0	100.5	181.0	73.3	16.7	355.2	355.0	44.0	54.0	4.6	35.7	0.0	8.0	.Autoclave.Outputs.PRESSIP\OutputValue	-6.0	2.8	0.1	-1.0	0.0	-1.0	-1.0	-1.0	0.0	0.0	0.0	-1.0	-1.0	0.0	0.0	0.0	-1.0	0.0
20:19:26	182.0	352.2	352.4	353.0	354.8	354.4	1.0	0.7	44.8	0.0	1.0	0.7	354.8	352.2	0.0	-0.1	353.3	353.5	355.1	355.1	354.3	360.2	100.5	182.0	74.3	15.7	355.2	355.0	44.0	54.0	4.6	35.5	0.0	8.1	.Autoclave.Outputs.PRESSIP\OutputValue	-6.0	2.6	0.3	-1.0	0.0	-1.0	-1.0	-1.0	0.0	0.0	0.0	-1.0	-1.0	0.0	0.0	0.0	-1.0	0.0
20:20:26	183.0	352.2	352.5	353.1	354.8	354.4	1.0	0.7	44.8	0.0	1.0	0.7	354.8	352.2	0.1	-0.1	353.4	353.5	355.2	355.0	354.3	360.0	100.5	183.0	75.3	14.7	355.2	355.0	44.0	53.4	4.6	35.7	0.0	6.7	.Autoclave.Outputs.PRESSIP\OutputValue	-6.0	2.6	0.4	-1.0	0.0	-1.0	-1.0	-1.0	0.0	0.0	0.0	-1.0	-1.0	0.0	0.0	0.0	-1.0	0.0
20:21:27	184.1	351.9	352.2	353.1	354.8	354.4	1.0	0.7	44.8	0.0	1.0	0.7	354.8	351.9	0.1	0.0	353.3	353.3	355.0	355.1	354.3	360.3	100.5	184.0	76.3	13.7	355.1	355.0	44.0	54.1	4.6	35.5	0.0	8.1	.Autoclave.Outputs.PRESSIP\OutputValue	-6.0	2.9	0.2	-1.0	0.0	-1.0	-1.0	-1.0	0.0	0.0	0.0	-1.0	-1.0	0.0	0.0	0.0	-1.0	0.0
20:22:26	185.0	352.1	352.4	353.1	354.8	354.5	1.0	0.7	44.8	0.0	1.0	0.7	354.8	352.1	0.1	-0.1	353.4	353.4	355.0	355.0	354.2	360.1	100.4	185.0	77.3	12.7	355.2	355.0	44.0	54.1	4.7	35.5	0.0	8.1	.Autoclave.Outputs.PRESSIP\OutputValue	-6.0	2.7	0.2	-1.0	0.0	-1.0	-1.0	-1.0	0.0	0.0	0.0	-1.0	-1.0	0.0	0.0	0.0	-1.0	0.0
20:23:26	186.0	352.0	352.2	353.0	354.7	354.4	0.9	0.7	44.8	0.0	0.9	0.7	354.7	352.0	0.0	-0.2	353.2	353.3	355.1	355.1	354.3	360.0	100.5	186.0	78.3	11.7	355.3	355.0	44.0	53.4	4.7	35.5	0.0	6.8	.Autoclave.Outputs.PRESSIP\OutputValue	-6.0	2.7	0.4	-1.0	0.0	-1.0	-1.0	-1.0	0.0	0.0	0.0	-1.0	-1.0	0.0	0.0	0.0	-1.0	0.0
20:24:26	187.0	352.0	352.2	353.2	354.8	354.4	1.0	0.7	44.9	0.0	1.0	0.7	354.8	352.0	0.1	-0.1	353.3	353.4	355.1	355.1	354.3	360.3	100.4	187.0	79.3	10.7	355.2	355.0	44.0	53.4	4.7	35.3	0.0	6.9	.Autoclave.Outputs.PRESSIP\OutputValue	-6.0	2.8	0.3	-1.0	0.0	-1.0	-1.0	-1.0	0.0	0.0	0.0	-1.0	-1.0	0.0	0.0	0.0	-1.0	0.0
20:25:26	188.0	352.2	352.4	353.1	354.8	354.4	0.9	0.7	44.8	0.0	0.9	0.7	354.8	352.2	0.0	-0.1	353.4	353.5	355.1	355.1	354.3	360.0	100.5	188.0	80.3	9.7	355.2	355.0	44.0	54.1	4.7	35.5	0.0	8.2	.Autoclave.Outputs.PRESSIP\OutputValue	-6.0	2.6	0.3	-1.0	0.0	-1.0	-1.0	-1.0	0.0	0.0	0.0	-1.0	-1.0	0.0	0.0	0.0	-1.0	0.0
20:26:26	189.0	352.0	352.2	353.1	354.8	354.4	0.9	0.7	44.8	0.0	0.9	0.7	354.8	352.0	0.1	-0.2	353.3	353.4	355.1	355.1	354.3	360.2	100.6	189.0	81.3	8.7	355.3	355.0	44.0	54.1	4.7	35.5	0.0	8.2	.Autoclave.Outputs.PRESSIP\OutputValue	-6.0	2.8	0.3	-1.0	0.0	-1.0	-1.0	-1.0	0.0	0.0	0.0	-1.0	-1.0	0.0	0.0	0.0	-1.0	0.0
20:27:26	190.0	352.3	352.4	353.2	354.8	354.4	0.9	0.7	44.9	-0.5	0.9	0.7	354.8	352.3	0.2	-0.1	353.4	353.5	355.1	355.1	354.2	360.3	100.7	190.0	82.3	7.7	355.3	355.0	44.0	54.1	4.7	35.3	0.0	8.3	.Autoclave.Outputs.PRESSIP\OutputValue	-6.0	2.5	0.3	-1.0	0.0	-1.0	-1.0	-1.0	0.0	0.0	0.0	-1.0	-1.0	0.0	0.0	0.0	-1.0	0.0
20:28:26	191.0	352.1	352.3	353.2	354.7	354.4	0.9	0.7	44.8	0.0	0.9	0.7	354.7	352.1	0.1	-0.2	353.3	353.4	355.1	355.2	354.3	360.3	100.7	191.0	83.3	6.7	355.2	355.0	44.0	54.8	4.7	35.5	0.0	9.6	.Autoclave.Outputs.PRESSIP\OutputValue	-6.0	2.6	0.4	-1.0	0.0	-1.0	-1.0	-1.0	0.0	0.0	0.0	-1.0	-1.0	0.0	0.0	0.0	-1.0	0.0
20:29:26	192.0	352.2	352.3	353.1	354.7	354.4	0.9	0.7	44.9	0.0	0.9	0.7	354.7	352.2	0.1	-0.2	353.3	353.4	355.1	355.1	354.3	360.1	100.5	192.0	84.3	5.7	355.2	355.0	44.0	53.5	4.7	35.7	0.0	7.0	.Autoclave.Outputs.PRESSIP\OutputValue	-6.0	2.5	0.4	-1.0	0.0	-1.0	-1.0	-1.0	0.0	0.0	0.0	-1.0	-1.0	0.0	0.0	0.0	-1.0	0.0
20:30:26	193.0	352.1	352.3	353.2	354.8	354.6	0.9	0.7	44.9	0.0	0.9	0.7	354.8	352.1	0.1	-0.3	353.4	353.4	355.0	355.0	354.2	360.5	100.6	193.0	85.3	4.7	355.2	355.0	44.0	54.2	4.8	35.3	0.0	8.3	.Autoclave.Outputs.PRESSIP\OutputValue	-6.0	2.7	0.2	-1.0	0.0	-1.0	-1.0	-1.0	0.0	0.0	0.0	-1.0	-1.0	0.0	0.0	0.0	-1.0	0.0
20:31:26	194.0	352.3	352.4	353.3	354.8	354.5	0.9	0.7	44.9	0.0	0.9	0.7	354.8	352.3	0.0	-0.2	353.4	353.5	355.1	355.1	354.2	360.3	100.7	194.0	86.3	3.7	355.2	355.0	44.0	53.5	4.8	35.3	0.0	7.0	.Autoclave.Outputs.PRESSIP\OutputValue	-6.0	2.5	0.3	-1.0	0.0	-1.0	-1.0	-1.0	0.0	0.0	0.0	-1.0	-1.0	0.0	0.0	0.0	-1.0	0.0
20:32:26	195.0	352.1	352.3	353.3	354.8	354.6	0.9	0.7	44.9	0.0	0.9	0.7	354.8	352.1	0.2	-0.1	353.4	353.4	355.2	355.1	354.3	360.2	100.5	195.0	87.3	2.7	355.3	355.0	44.0	52.9	4.8	35.5	0.0	5.7	.Autoclave.Outputs.PRESSIP\OutputValue	-6.0	2.7	0.4	-1.0	0.0	-1.0	-1.0	-1.0	0.0	0.0	0.0	-1.0	-1.0	0.0	0.0	0.0	-1.0	0.0
20:33:26	196.0	352.0	352.2	353.3	354.8	354.6	0.9	0.7	44.8	0.0	0.9	0.7	354.8	352.0	0.1	-0.1	353.4	353.4	355.0	355.0	354.3	359.8	100.7	196.0	88.3	1.7	355.2	355.0	44.0	53.5	4.8	35.5	0.0	7.1	.Autoclave.Outputs.PRESSIP\OutputValue	-6.0	2.8	0.2	-1.0	0.0	-1.0	-1.0	-1.0	0.0	0.0	0.0	-1.0	-1.0	0.0	0.0	0.0	-1.0	0.0
20:34:26	197.0	352.2	352.4	353.3	354.8	354.6	0.9	0.7	44.8	0.0	0.9	0.7	354.8	352.2	0.2	-0.1	353.4	353.5	355.0	355.0	354.3	359.9	100.8	197.0	89.3	0.7	355.1	355.0	44.0	52.9	4.8	35.5	0.0	5.8	.Autoclave.Outputs.PRESSIP\OutputValue	-6.0	2.6	0.2	-1.0	0.0	-1.0	-1.0	-1.0	0.0	0.0	0.0	-1.0	-1.0	0.0	0.0	0.0	-1.0	0.0
20:35:11	197.8	352.1	352.2	353.2	354.9	354.6	0.9	0.7	44.9	0.0	0.9	0.7	354.9	352.1	0.1	-0.1	353.4	353.5	355.1	355.1	354.3	360.0	100.7	197.8	90.0	0.0	355.1	355.0	44.0	52.9	4.8	35.3	0.0	5.8	.Autoclave.Outputs.PRESSIP\OutputValue	-6.0	2.8	0.2	-1.0	0.0	-1.0	-1.0	-1.0	0.0	0.0	0.0	-1.0	-1.0	0.0	0.0	0.0	-1.0	0.0
20:35:26	198.0	352.1	352.2	353.3	354.8	354.6	0.9	0.7	44.8	0.0	0.9	0.7	354.8	352.1	0.1	-0.1	353.4	353.4	354.9	354.9	354.2	359.4	100.7	198.0	0.3	0.0	353.8	353.8	44.0	46.0	4.8	35.9	-1.0	0.0	.Autoclave.Outputs.PRESSIP\OutputValue	-6.0	2.7	0.1	-1.0	0.0	-1.0	-1.0	-1.0	0.0	0.0	0.0	-1.0	-1.0	0.0	0.0	0.0	-1.0	0.0
20:36:26	199.0	349.7	351.3	352.0	351.8	352.5	0.9	0.7	44.3	0.0	0.9	0.7	352.5	349.7	-0.9	-2.7	351.4	351.1	343.9	344.0	343.0	348.3	100.7	199.0	1.3	0.0	349.3	349.3	44.0	89.4	4.8	41.3	0.0	78.8	.Autoclave.Outputs.PRESSIP\OutputValue	-5.9	2.8	-8.6	-1.0	0.0	-1.0	-1.0	-1.0	0.0	0.0	0.0	-1.0	-1.0	0.0	0.0	0.0	-1.0	0.0
20:37:26	200.0	349.2	349.9	351.3	350.8	351.7	0.9	0.6	44.2	0.0	0.9	0.6	351.7	349.2	-0.7	-1.3	350.6	350.4	346.0	346.0	345.2	348.1	100.7	200.0	2.3	0.0	344.8	344.8	44.0	45.6	4.9	41.7	-1.0	0.0	.Autoclave.Outputs.PRESSIP\OutputValue	-6.0	2.5	-5.7	-1.0	0.0	-1.0	-1.0	-1.0	0.0	0.0	0.0	-1.0	-1.0	0.0	0.0	0.0	-1.0	0.0
20:38:26	201.0	346.0	347.9	349.7	346.7	349.1	0.8	0.6	43.8	0.0	0.8	0.6	349.7	346.0	-1.6	-3.7	347.9	347.8	335.9	335.9	335.0	339.2	100.7	201.0	3.3	0.0	340.3	340.3	44.0	84.0	5.3	47.0	0.0	68.1	.Autoclave.Outputs.PRESSIP\OutputValue	-5.1	3.7	-13.8	-1.0	0.0	-1.0	-1.0	-1.0	0.0	0.0	0.0	-1.0	-1.0	0.0	0.0	0.0	-1.0	0.0
20:39:26	202.0	344.5	345.8	348.6	345.3	347.9	0.8	0.6	43.4	0.0	0.8	0.6	348.6	344.5	-1.0	-1.9	346.4	346.5	337.2	337.3	336.5	332.3	100.6	202.0	4.3	0.0	335.8	335.8	44.0	44.7	5.4	50.9	-1.0	0.0	.Autoclave.Outputs.PRESSIP\OutputValue	-4.7	4.1	-11.4	-1.0	0.0	-1.0	-1.0	-1.0	0.0	0.0	0.0	-1.0	-1.0	0.0	0.0	0.0	-1.0	0.0
20:40:27	203.1	341.1	343.0	346.5	341.1	344.9	0.8	0.6	44.4	0.0	0.8	0.6	346.5	341.1	-2.0	-4.1	343.3	343.8	327.4	327.4	326.6	330.8	100.8	203.0	5.3	0.0	331.3	331.3	44.0	80.4	5.8	41.6	0.0	60.8	.Autoclave.Outputs.PRESSIP\OutputValue	-4.6	5.4	-19.1	-1.0	0.0	-1.0	-1.0	-1.0	0.0	0.0	0.0	-1.0	-1.0	0.0	0.0	0.0	-1.0	0.0
20:40:40	203.3	340.7	342.6	346.0	340.6	344.6	0.8	0.6	44.4	0.0	0.8	0.6	346.0	340.6	-2.3	-4.2	342.9	343.3	328.1	328.2	327.4	333.1	100.8	203.3	5.5	0.0	330.4	330.3	44.0	69.3	5.8	40.5	0.0	38.7	.Autoclave.Outputs.PRESSIP\OutputValue	-4.8	5.4	-18.0	-1.0	0.0	-1.0	-1.0	-1.0	0.0	0.0	0.0	-1.0	-1.0	0.0	0.0	0.0	-1.0	0.0
20:41:26	204.0	339.2	340.3	345.0	339.1	343.5	0.8	0.5	43.4	0.0	0.8	0.5	345.0	339.1	-1.3	-2.6	341.4	342.0	326.6	326.6	325.8	311.6	100.6	204.0	0.8	0.0	326.8	326.8	44.0	54.5	5.8	50.4	0.0	9.0	.Autoclave.Outputs.PRESSIP\OutputValue	-5.3	5.9	-18.4	-1.0	0.0	-1.0	-1.0	-1.0	0.0	0.0	0.0	-1.0	-1.0	0.0	0.0	0.0	-1.0	0.0
20:42:26	205.0	335.5	337.5	342.7	335.0	340.7	0.8	0.5	43.9	0.0	0.8	0.5	342.7	335.0	-2.3	-4.2	338.3	338.8	320.4	320.4	319.6	323.5	100.8	205.0	1.8	0.0	322.3	322.3	44.0	67.6	6.2	46.1	0.0	35.3	.Autoclave.Outputs.PRESSIP\OutputValue	-4.7	7.7	-22.3	-1.0	0.0	-1.0	-1.0	-1.0	0.0	0.0	0.0	-1.0	-1.0	0.0	0.0	0.0	-1.0	0.0
20:43:26	206.0	332.8	334.7	341.0	332.2	338.2	0.7	0.4	43.9	0.0	0.7	0.4	341.0	332.2	-1.6	-3.1	335.8	336.6	313.6	313.6	312.8	302.1	100.7	206.0	2.8	0.0	317.8	317.8	44.0	81.1	6.3	47.3	0.0	62.1	.Autoclave.Outputs.PRESSIP\OutputValue	-4.2	8.7	-27.4	-1.0	0.0	-1.0	-1.0	-1.0	0.0	0.0	0.0	-1.0	-1.0	0.0	0.0	0.0	-1.0	0.0
20:44:26	207.0	329.2	331.2	338.5	328.5	336.0	0.7	0.5	44.3	0.0	0.7	0.5	338.5	328.5	-2.6	-4.0	332.7	333.5	312.9	312.9	312.1	316.1	100.8	207.0	3.8	0.0	313.3	313.3	44.0	58.0	6.6	42.6	0.0	16.1	.Autoclave.Outputs.PRESSIP\OutputValue	-4.5	9.9	-25.6	-1.0	0.0	-1.0	-1.0	-1.0	0.0	0.0	0.0	-1.0	-1.0	0.0	0.0	0.0	-1.0	0.0
20:45:26	208.0	326.1	328.1	336.3	324.7	332.8	0.7	0.4	43.7	0.0	0.7	0.4	336.3	324.7	-2.1	-3.8	329.6	330.5	304.4	304.4	303.7	304.0	100.8	208.0	4.8	0.0	308.8	308.8	44.0	84.1	6.7	48.6	0.0	68.3	.Autoclave.Outputs.PRESSIP\OutputValue	-4.0	11.5	-31.8	-1.0	0.0	-1.0	-1.0	-1.0	0.0	0.0	0.0	-1.0	-1.0	0.0	0.0	0.0	-1.0	0.0
20:46:26	209.0	323.1	324.8	334.2	321.9	331.0	0.7	0.4	43.8	0.0	0.7	0.4	334.2	321.9	-1.9	-3.7	327.0	328.0	305.6	305.6	304.8	307.4	100.7	209.0	5.8	0.0	304.3	304.3	44.0	46.9	6.9	48.9	-1.0	0.0	.Autoclave.Outputs.PRESSIP\OutputValue	-3.6	12.2	-28.5	-1.0	0.0	-1.0	-1.0	-1.0	0.0	0.0	0.0	-1.0	-1.0	0.0	0.0	0.0	-1.0	0.0
20:47:26	210.0	319.0	321.2	331.5	317.4	327.7	0.6	0.4	44.3	0.0	0.6	0.4	331.5	317.4	-2.5	-4.3	323.3	324.4	297.0	297.0	296.3	299.4	100.9	210.0	6.8	0.0	299.8	299.8	44.0	73.9	7.1	44.1	0.0	47.9	.Autoclave.Outputs.PRESSIP\OutputValue	-3.2	14.0	-34.4	-1.0	0.0	-1.0	-1.0	-1.0	0.0	0.0	0.0	-1.0	-1.0	0.0	0.0	0.0	-1.0	0.0
20:48:26	211.0	315.9	317.8	329.3	314.7	325.7	0.6	0.4	43.2	0.0	0.6	0.4	329.3	314.7	-2.1	-3.2	320.7	322.0	295.3	295.1	294.3	280.4	100.6	211.0	7.8	0.0	295.3	295.3	44.0	55.3	7.1	53.4	0.0	10.5	.Autoclave.Outputs.PRESSIP\OutputValue	-3.4	14.5	-33.9	-1.0	0.0	-1.0	-1.0	-1.0	0.0	0.0	0.0	-1.0	-1.0	0.0	0.0	0.0	-1.0	0.0
20:49:26	212.0	312.0	314.1	326.5	310.4	322.7	0.5	0.3	43.7	0.0	0.5	0.3	326.5	310.4	-2.8	-4.4	317.1	318.4	290.4	290.4	289.6	290.9	100.7	212.0	8.8	0.0	290.8	290.8	44.0	58.2	7.4	50.4	0.0	16.4	.Autoclave.Outputs.PRESSIP\OutputValue	-2.6	16.0	-36.0	-1.0	0.0	-1.0	-1.0	-1.0	0.0	0.0	0.0	-1.0	-1.0	0.0	0.0	0.0	-1.0	0.0
20:50:27	213.1	308.5	310.8	323.9	306.8	319.9	0.5	0.3	44.1	0.0	0.5	0.3	323.9	306.8	-2.5	-3.6	314.0	315.3	283.0	282.9	282.1	277.4	101.0	213.0	9.8	0.0	286.3	286.3	44.0	77.5	7.4	47.6	0.0	55.0	.Autoclave.Outputs.PRESSIP\OutputValue	-1.9	17.0	-40.8	-1.0	0.0	-1.0	-1.0	-1.0	0.0	0.0	0.0	-1.0	-1.0	0.0	0.0	0.0	-1.0	0.0
20:51:26	214.0	304.9	306.9	321.3	303.2	317.1	0.5	0.3	44.2	0.0	0.5	0.3	321.3	303.2	-2.9	-3.8	310.7	312.2	282.7	282.7	281.9	282.7	100.9	214.0	10.8	0.0	281.8	281.8	44.0	49.7	7.5	46.0	0.0	0.0	.Autoclave.Outputs.PRESSIP\OutputValue	-2.3	18.0	-38.5	-1.0	0.0	-1.0	-1.0	-1.0	0.0	0.0	0.0	-1.0	-1.0	0.0	0.0	0.0	-1.0	0.0
20:52:26	215.0	300.9	303.1	318.1	298.6	313.7	0.4	0.3	43.9	0.0	0.4	0.3	318.1	298.6	-3.1	-4.6	306.9	308.3	275.6	275.6	274.9	276.8	100.9	215.0	11.8	0.0	277.3	277.3	44.0	67.2	7.7	49.9	0.0	34.3	.Autoclave.Outputs.PRESSIP\OutputValue	-1.6	19.4	-42.4	-1.0	0.0	-1.0	-1.0	-1.0	0.0	0.0	0.0	-1.0	-1.0	0.0	0.0	0.0	-1.0	0.0
20:53:26	216.0	297.5	299.6	315.5	295.4	310.8	0.4	0.2	43.8	0.0	0.4	0.2	315.5	295.4	-2.5	-3.8	303.8	305.4	271.8	271.8	270.9	257.8	100.9	216.0	12.8	0.0	272.8	272.8	44.0	62.6	7.6	51.0	0.0	25.2	.Autoclave.Outputs.PRESSIP\OutputValue	-0.9	20.0	-43.6	-1.0	0.0	-1.0	-1.0	-1.0	0.0	0.0	0.0	-1.0	-1.0	0.0	0.0	0.0	-1.0	0.0
20:54:26	217.0	293.5	295.7	312.5	291.2	307.8	0.3	0.2	44.2	0.0	0.3	0.2	312.5	291.2	-3.1	-4.3	300.1	301.8	269.0	268.9	268.2	268.7	100.9	217.0	13.8	0.0	268.4	268.3	44.0	51.5	7.8	47.3	0.0	2.9	.Autoclave.Outputs.PRESSIP\OutputValue	-1.2	21.2	-43.4	-1.0	0.0	-1.0	-1.0	-1.0	0.0	0.0	0.0	-1.0	-1.0	0.0	0.0	0.0	-1.0	0.0
20:55:26	218.0	289.2	291.5	309.3	286.9	304.3	0.3	0.2	43.8	0.0	0.3	0.2	309.3	286.9	-3.1	-4.5	296.2	298.1	261.9	262.0	261.2	262.6	100.9	218.0	14.8	0.0	263.9	263.8	44.0	69.0	7.9	51.5	0.0	38.0	.Autoclave.Outputs.PRESSIP\OutputValue	-0.5	22.3	-47.3	-1.0	0.0	-1.0	-1.0	-1.0	0.0	0.0	0.0	-1.0	-1.0	0.0	0.0	0.0	-1.0	0.0
20:56:26	219.0	285.5	287.7	306.3	283.3	301.1	0.2	0.2	44.0	0.0	0.2	0.2	306.3	283.3	-2.9	-3.9	292.8	294.8	256.6	256.6	255.8	251.2	100.9	219.0	15.8	0.0	259.3	259.3	44.0	73.6	7.9	50.3	0.0	47.2	.Autoclave.Outputs.PRESSIP\OutputValue	0.1	23.0	-49.7	-1.0	0.0	-1.0	-1.0	-1.0	0.0	0.0	0.0	-1.0	-1.0	0.0	0.0	0.0	-1.0	0.0
20:57:26	220.0	281.8	283.9	303.3	279.6	298.2	0.2	0.2	43.3	0.0	0.2	0.2	303.3	279.6	-3.0	-4.2	289.4	291.5	253.9	253.9	253.0	240.0	100.7	220.0	16.8	0.0	254.8	254.8	44.0	60.3	8.0	57.2	0.0	20.7	.Autoclave.Outputs.PRESSIP\OutputValue	0.1	23.7	-49.4	-1.0	0.0	-1.0	-1.0	-1.0	0.0	0.0	0.0	-1.0	-1.0	0.0	0.0	0.0	-1.0	0.0
20:58:26	221.0	277.7	279.7	300.0	275.5	294.9	0.1	0.2	43.6	0.0	0.2	0.1	300.0	275.5	-3.3	-4.3	285.6	287.8	251.6	251.6	250.9	250.5	100.9	221.0	17.8	0.0	250.3	250.3	44.0	47.0	8.1	54.2	-1.0	0.0	.Autoclave.Outputs.PRESSIP\OutputValue	0.6	24.5	-48.4	-1.0	0.0	-1.0	-1.0	-1.0	0.0	0.0	0.0	-1.0	-1.0	0.0	0.0	0.0	-1.0	0.0
20:59:26	222.0	273.7	275.8	296.8	271.3	291.4	0.1	0.2	44.2	0.0	0.2	0.1	296.8	271.3	-3.3	-4.0	281.8	284.1	246.2	246.2	245.5	247.5	100.9	222.0	18.8	0.0	245.8	245.8	44.0	53.8	8.2	49.0	0.0	7.6	.Autoclave.Outputs.PRESSIP\OutputValue	0.9	25.5	-50.6	-1.0	0.0	-1.0	-1.0	-1.0	0.0	0.0	0.0	-1.0	-1.0	0.0	0.0	0.0	-1.0	0.0
21:00:26	223.0	269.5	271.4	293.4	267.0	288.0	0.1	0.2	43.8	-0.1	0.2	0.1	293.4	267.0	-3.4	-4.4	277.9	280.2	240.6	240.6	239.9	240.7	101.0	223.0	19.8	0.0	241.3	241.3	44.0	61.2	8.2	53.4	0.0	22.4	.Autoclave.Outputs.PRESSIP\OutputValue	1.5	26.4	-52.8	-1.0	0.0	-1.0	-1.0	-1.0	0.0	0.0	0.0	-1.0	-1.0	0.0	0.0	0.0	-1.0	0.0
21:01:26	224.0	265.5	267.6	290.2	263.0	284.3	0.0	0.1	44.0	0.0	0.1	0.0	290.2	263.0	-3.3	-4.6	274.1	276.6	234.9	234.8	234.0	232.0	101.0	224.0	20.8	0.0	236.8	236.8	44.0	69.2	8.2	51.9	0.0	38.4	.Autoclave.Outputs.PRESSIP\OutputValue	2.1	27.2	-55.3	-1.0	0.0	-1.0	-1.0	-1.0	0.0	0.0	0.0	-1.0	-1.0	0.0	0.0	0.0	-1.0	0.0
21:02:26	225.0	261.8	263.8	286.9	258.9	281.3	-0.1	0.1	43.6	0.0	0.1	-0.1	286.9	258.9	-3.4	-4.3	270.6	272.9	230.5	230.2	229.5	224.8	100.7	225.0	21.8	0.0	232.4	232.3	44.0	69.1	8.2	56.7	0.0	38.2	.Autoclave.Outputs.PRESSIP\OutputValue	2.4	28.0	-56.4	-1.0	0.0	-1.0	-1.0	-1.0	0.0	0.0	0.0	-1.0	-1.0	0.0	0.0	0.0	-1.0	0.0
21:03:26	226.0	257.4	259.5	283.7	255.2	277.9	-0.1	0.1	43.6	0.0	0.1	-0.1	283.7	255.2	-3.4	-4.4	266.8	269.5	226.8	226.8	226.0	215.7	100.8	226.0	22.8	0.0	227.8	227.8	44.0	60.7	8.2	57.5	0.0	21.4	.Autoclave.Outputs.PRESSIP\OutputValue	3.1	28.5	-56.9	-1.0	0.0	-1.0	-1.0	-1.0	0.0	0.0	0.0	-1.0	-1.0	0.0	0.0	0.0	-1.0	0.0
21:04:26	227.0	253.3	255.5	280.4	251.0	274.6	-0.3	0.1	43.6	-0.2	0.1	-0.3	280.4	251.0	-3.3	-4.3	263.0	265.7	224.7	224.6	223.8	215.7	100.7	227.0	23.8	0.0	223.3	223.3	44.0	47.3	8.3	56.6	-1.0	0.0	.Autoclave.Outputs.PRESSIP\OutputValue	3.0	29.4	-55.7	-1.0	0.0	-1.0	-1.0	-1.0	0.0	0.0	0.0	-1.0	-1.0	0.0	0.0	0.0	-1.0	0.0
21:05:26	228.0	249.2	251.1	276.7	246.8	271.2	-0.3	0.1	43.6	0.0	0.1	-0.3	276.7	246.8	-3.3	-4.5	259.0	261.8	220.4	220.3	219.6	217.6	100.7	228.0	24.8	0.0	218.9	218.8	44.0	46.2	8.3	57.7	-1.0	0.0	.Autoclave.Outputs.PRESSIP\OutputValue	3.6	29.9	-56.3	-1.0	0.0	-1.0	-1.0	-1.0	0.0	0.0	0.0	-1.0	-1.0	0.0	0.0	0.0	-1.0	0.0
21:06:26	229.0	245.4	247.1	273.1	242.6	268.2	-0.5	0.1	43.4	0.0	0.1	-0.5	273.1	242.6	-3.1	-4.2	255.3	257.9	215.8	215.8	215.1	215.5	100.9	229.0	25.8	0.0	214.3	214.3	44.0	46.1	8.3	60.7	-1.0	0.0	.Autoclave.Outputs.PRESSIP\OutputValue	4.9	30.5	-57.3	-1.0	0.0	-1.0	-1.0	-1.0	0.0	0.0	0.0	-1.0	-1.0	0.0	0.0	0.0	-1.0	0.0
21:07:26	230.0	240.8	242.7	269.3	238.2	264.4	-0.5	0.1	43.9	0.0	0.1	-0.5	269.3	238.2	-3.8	-4.6	251.1	253.8	210.4	210.5	209.8	211.5	100.8	230.0	26.8	0.0	209.8	209.8	44.0	52.8	8.4	56.2	0.0	5.6	.Autoclave.Outputs.PRESSIP\OutputValue	5.7	31.1	-58.9	-1.0	0.0	-1.0	-1.0	-1.0	0.0	0.0	0.0	-1.0	-1.0	0.0	0.0	0.0	-1.0	0.0
21:08:26	231.0	236.4	238.7	266.1	234.2	261.0	-0.6	0.1	43.6	0.0	0.1	-0.6	266.1	234.2	-3.4	-4.4	247.3	250.2	205.1	205.1	204.3	206.6	100.7	231.0	27.8	0.0	205.3	205.3	44.0	58.8	8.4	60.8	0.0	17.7	.Autoclave.Outputs.PRESSIP\OutputValue	6.7	31.9	-61.0	-1.0	0.0	-1.0	-1.0	-1.0	0.0	0.0	0.0	-1.0	-1.0	0.0	0.0	0.0	-1.0	0.0
21:09:26	232.0	232.4	234.6	262.7	230.1	257.4	-0.7	0.0	43.9	0.0	0.0	-0.7	262.7	230.1	-3.4	-4.2	243.4	246.4	199.7	199.7	199.0	200.0	101.0	232.0	28.8	0.0	200.8	200.8	44.0	64.1	8.3	58.2	0.0	28.3	.Autoclave.Outputs.PRESSIP\OutputValue	7.6	32.6	-63.0	-1.0	0.0	-1.0	-1.0	-1.0	0.0	0.0	0.0	-1.0	-1.0	0.0	0.0	0.0	-1.0	0.0
21:10:26	233.0	228.0	230.3	259.2	225.9	254.1	-0.8	0.0	43.5	0.0	0.0	-0.8	259.2	225.9	-3.3	-4.7	239.5	242.6	195.2	195.2	194.5	193.1	100.9	233.0	29.8	0.0	196.4	196.3	44.0	64.2	8.3	63.1	0.0	28.5	.Autoclave.Outputs.PRESSIP\OutputValue	8.0	33.3	-64.0	-1.0	0.0	-1.0	-1.0	-1.0	0.0	0.0	0.0	-1.0	-1.0	0.0	0.0	0.0	-1.0	0.0
21:11:26	234.0	224.2	226.3	255.6	221.9	250.2	-0.8	0.1	43.8	0.0	0.1	-0.8	255.6	221.9	-3.4	-4.1	235.6	238.8	191.3	191.3	190.6	188.6	100.9	234.0	30.8	0.0	191.8	191.8	44.0	60.2	8.3	59.9	0.0	20.4	.Autoclave.Outputs.PRESSIP\OutputValue	8.0	33.7	-64.3	-1.0	0.0	-1.0	-1.0	-1.0	0.0	0.0	0.0	-1.0	-1.0	0.0	0.0	0.0	-1.0	0.0
21:12:26	235.0	219.8	222.1	252.2	217.8	246.3	-1.0	0.0	43.4	0.0	0.0	-1.0	252.2	217.8	-3.8	-4.3	231.6	235.0	186.5	186.6	185.9	182.7	101.0	235.0	31.8	0.0	187.3	187.3	44.0	62.2	8.2	64.0	0.0	24.4	.Autoclave.Outputs.PRESSIP\OutputValue	8.0	34.4	-65.7	-1.0	0.0	-1.0	-1.0	-1.0	0.0	0.0	0.0	-1.0	-1.0	0.0	0.0	0.0	-1.0	0.0
21:13:26	236.0	215.8	217.7	248.4	213.6	242.4	-1.1	0.0	43.8	0.0	0.0	-1.1	248.4	213.6	-3.7	-4.5	227.6	231.0	182.7	182.7	182.0	179.9	101.0	236.0	32.8	0.0	182.8	182.8	44.0	56.8	8.2	60.1	0.0	13.5	.Autoclave.Outputs.PRESSIP\OutputValue	8.0	34.9	-65.7	-1.0	0.0	-1.0	-1.0	-1.0	0.0	0.0	0.0	-1.0	-1.0	0.0	0.0	0.0	-1.0	0.0
21:14:26	237.0	211.3	213.4	244.5	209.2	238.7	-1.2	0.0	43.6	0.0	0.0	-1.2	244.5	209.2	-3.8	-4.6	223.4	226.8	178.0	178.0	177.3	178.9	101.0	237.0	33.8	0.0	178.3	178.3	44.0	58.8	8.2	61.9	0.0	17.6	.Autoclave.Outputs.PRESSIP\OutputValue	8.0	35.4	-66.5	-1.0	0.0	-1.0	-1.0	-1.0	0.0	0.0	0.0	-1.0	-1.0	0.0	0.0	0.0	-1.0	0.0
21:15:26	238.0	207.2	209.2	241.1	205.1	234.8	-1.2	-0.1	43.9	0.0	-0.1	-1.2	241.1	205.1	-3.8	-4.2	219.5	223.1	174.0	174.0	173.4	172.3	101.0	238.0	34.8	0.0	173.9	173.8	44.0	56.1	8.1	59.5	0.0	12.1	.Autoclave.Outputs.PRESSIP\OutputValue	8.0	36.1	-67.1	-1.0	0.0	-1.0	-1.0	-1.0	0.0	0.0	0.0	-1.0	-1.0	0.0	0.0	0.0	-1.0	0.0
21:16:26	239.0	202.8	204.9	236.9	200.7	231.3	-1.3	0.0	43.6	0.0	0.0	-1.3	236.9	200.7	-3.5	-4.6	215.3	218.8	170.4	170.5	169.8	170.0	101.0	239.0	35.8	0.0	169.3	169.3	44.0	49.3	8.0	62.1	-1.0	0.0	.Autoclave.Outputs.PRESSIP\OutputValue	8.0	36.3	-66.5	-1.0	0.0	-1.0	-1.0	-1.0	0.0	0.0	0.0	-1.0	-1.0	0.0	0.0	0.0	-1.0	0.0
21:17:26	240.0	198.5	200.6	233.1	196.5	227.8	-1.4	0.0	43.9	0.0	0.0	-1.4	233.1	196.5	-3.5	-4.5	211.3	214.8	165.9	165.9	165.1	165.9	100.9	240.0	36.8	0.0	164.8	164.8	44.0	49.3	7.9	58.9	-1.0	0.0	.Autoclave.Outputs.PRESSIP\OutputValue	8.0	36.7	-67.2	-1.0	0.0	-1.0	-1.0	-1.0	0.0	0.0	0.0	-1.0	-1.0	0.0	0.0	0.0	-1.0	0.0
21:18:26	241.0	194.1	196.3	229.5	192.1	224.2	-1.5	0.0	43.5	0.0	0.0	-1.5	229.5	192.1	-3.8	-4.5	207.2	210.8	160.9	160.9	160.2	161.0	100.9	241.0	37.8	0.0	160.4	160.3	44.0	52.5	7.8	62.9	0.0	5.1	.Autoclave.Outputs.PRESSIP\OutputValue	8.0	37.5	-68.6	-1.0	0.0	-1.0	-1.0	-1.0	0.0	0.0	0.0	-1.0	-1.0	0.0	0.0	0.0	-1.0	0.0
21:19:26	242.0	189.9	192.0	225.7	187.9	219.6	-1.6	0.0	43.5	0.0	0.0	-1.6	225.7	187.9	-3.9	-4.5	203.0	206.8	156.7	156.7	156.0	151.7	100.9	242.0	38.8	0.0	155.8	155.8	44.0	49.0	7.7	62.5	-1.0	0.0	.Autoclave.Outputs.PRESSIP\OutputValue	8.0	37.8	-69.0	-1.0	0.0	-1.0	-1.0	-1.0	0.0	0.0	0.0	-1.0	-1.0	0.0	0.0	0.0	-1.0	0.0
21:20:26	243.0	185.9	187.9	221.9	184.0	216.3	-1.6	0.0	43.3	0.0	0.0	-1.6	221.9	184.0	-3.5	-4.4	199.2	202.9	153.5	153.5	152.7	149.3	100.8	243.0	39.8	0.0	151.3	151.3	44.0	41.6	7.6	65.5	-1.0	0.0	.Autoclave.Outputs.PRESSIP\OutputValue	8.0	37.9	-68.4	-1.0	0.0	-1.0	-1.0	-1.0	0.0	0.0	0.0	-1.0	-1.0	0.0	0.0	0.0	-1.0	0.0
21:21:26	244.0	181.3	183.6	218.0	179.8	212.6	-1.8	0.0	43.5	0.0	0.0	-1.8	218.0	179.8	-3.7	-4.5	195.1	198.9	147.9	147.9	147.0	144.2	101.0	244.0	40.8	0.0	146.8	146.8	44.0	48.2	7.4	62.7	-1.0	0.0	.Autoclave.Outputs.PRESSIP\OutputValue	8.0	38.2	-70.1	-1.0	0.0	-1.0	-1.0	-1.0	0.0	0.0	0.0	-1.0	-1.0	0.0	0.0	0.0	-1.0	0.0
21:22:27	245.1	177.1	179.1	214.1	175.4	208.9	-1.8	0.0	43.2	0.0	0.0	-1.8	214.1	175.4	-3.6	-4.6	190.9	194.7	143.6	143.6	142.8	140.3	100.9	245.0	41.8	0.0	142.3	142.3	44.0	47.3	7.3	66.5	-1.0	0.0	.Autoclave.Outputs.PRESSIP\OutputValue	8.0	38.7	-70.5	-1.0	0.0	-1.0	-1.0	-1.0	0.0	0.0	0.0	-1.0	-1.0	0.0	0.0	0.0	-1.0	0.0
21:23:26	246.0	173.0	174.9	210.3	171.1	204.9	-1.9	0.0	43.6	0.0	0.0	-1.9	210.3	171.1	-3.9	-4.3	186.8	190.7	139.9	139.9	139.1	137.1	101.0	246.0	42.8	0.0	137.8	137.8	44.0	41.9	7.2	62.3	-1.0	0.0	.Autoclave.Outputs.PRESSIP\OutputValue	8.0	39.2	-70.4	-1.0	0.0	-1.0	-1.0	-1.0	0.0	0.0	0.0	-1.0	-1.0	0.0	0.0	0.0	-1.0	0.0
21:24:26	247.0	168.9	170.7	206.3	167.0	201.0	-2.0	0.0	43.3	0.0	0.0	-2.0	206.3	167.0	-3.8	-4.3	182.8	186.6	136.4	136.4	135.7	134.4	100.8	247.0	43.8	0.0	133.3	133.3	44.0	35.6	6.9	65.3	-1.0	0.0	.Autoclave.Outputs.PRESSIP\OutputValue	8.0	39.3	-69.9	-1.0	0.0	-1.0	-1.0	-1.0	0.0	0.0	0.0	-1.0	-1.0	0.0	0.0	0.0	-1.0	0.0
21:25:26	248.0	165.1	166.9	202.6	163.4	197.9	-2.1	0.0	43.0	0.0	0.0	-2.1	202.6	163.4	-3.3	-4.1	179.2	183.0	133.7	133.7	132.9	132.1	100.8	248.0	44.8	0.0	128.9	128.8	44.0	22.0	6.5	67.8	-1.0	0.0	.Autoclave.Outputs.PRESSIP\OutputValue	8.0	39.2	-68.9	-1.0	0.0	-1.0	-1.0	-1.0	0.0	0.0	0.0	-1.0	-1.0	0.0	0.0	0.0	-1.0	0.0
21:26:26	249.0	161.5	163.1	198.9	159.8	194.2	-2.2	0.0	43.4	0.0	0.0	-2.2	198.9	159.8	-3.5	-4.0	175.5	179.3	131.6	131.6	130.8	129.9	100.8	249.0	45.8	0.0	124.3	124.3	44.0	5.2	5.9	63.6	-1.0	0.0	.Autoclave.Outputs.PRESSIP\OutputValue	8.0	39.1	-67.3	-1.0	0.0	-1.0	-1.0	-1.0	0.0	0.0	0.0	-1.0	-1.0	0.0	0.0	0.0	-1.0	0.0
21:27:26	250.0	158.1	159.6	195.4	156.5	190.6	-2.2	0.0	43.2	0.0	0.0	-2.2	195.4	156.5	-3.2	-3.7	172.0	175.9	129.1	129.1	128.4	127.7	100.7	250.0	46.8	0.0	119.8	119.8	44.0	0.0	0.0	65.9	-1.0	0.0	.Autoclave.Outputs.PRESSIP\OutputValue	8.0	38.9	-66.3	-1.0	0.0	-1.0	-1.0	-1.0	0.0	0.0	0.0	-1.0	-1.0	0.0	0.0	0.0	-1.0	0.0
21:28:26	251.0	155.0	156.4	192.2	153.4	187.9	-2.3	0.0	43.0	-0.1	0.0	-2.3	192.2	153.4	-2.7	-3.4	169.0	172.8	127.3	127.2	126.6	126.1	100.8	251.0	47.8	0.0	115.3	115.3	44.0	0.0	0.0	67.8	-1.0	0.0	.Autoclave.Outputs.PRESSIP\OutputValue	8.0	38.8	-64.9	-1.0	0.0	-1.0	-1.0	-1.0	0.0	0.0	0.0	-1.0	-1.0	0.0	0.0	0.0	-1.0	0.0
21:29:27	252.1	152.0	153.3	189.1	150.6	184.7	-2.4	0.0	43.5	-0.1	0.0	-2.4	189.1	150.6	-2.9	-3.3	165.9	169.8	125.6	125.5	124.9	124.7	100.8	252.0	48.8	0.0	110.8	110.8	44.0	0.0	0.0	63.1	-1.0	0.0	.Autoclave.Outputs.PRESSIP\OutputValue	8.0	38.5	-63.5	-1.0	0.0	-1.0	-1.0	-1.0	0.0	0.0	0.0	-1.0	-1.0	0.0	0.0	0.0	-1.0	0.0
21:30:26	253.0	149.3	150.3	186.2	148.1	182.2	-2.5	0.0	43.3	0.0	0.0	-2.5	186.2	148.1	-2.5	-3.1	163.2	167.1	123.5	123.5	122.8	123.0	100.8	253.0	49.8	0.0	106.3	106.3	44.0	0.0	0.0	65.0	-1.0	0.0	.Autoclave.Outputs.PRESSIP\OutputValue	8.0	38.1	-62.6	-1.0	0.0	-1.0	-1.0	-1.0	0.0	0.0	0.0	-1.0	-1.0	0.0	0.0	0.0	-1.0	0.0
21:31:26	254.0	146.7	147.9	183.1	145.5	179.6	-2.5	0.0	43.1	0.0	0.0	-2.5	183.1	145.5	-2.6	-3.1	160.5	164.3	122.0	122.0	121.3	121.6	100.7	254.0	50.8	0.0	101.9	101.8	44.0	0.0	0.0	66.7	-1.0	0.0	.Autoclave.Outputs.PRESSIP\OutputValue	8.0	37.6	-61.0	-1.0	0.0	-1.0	-1.0	-1.0	0.0	0.0	0.0	-1.0	-1.0	0.0	0.0	0.0	-1.0	0.0
21:32:26	255.0	144.2	145.3	180.0	143.3	176.7	-2.5	0.0	43.7	-0.1	0.0	-2.5	180.0	143.3	-2.2	-2.9	157.9	161.6	121.1	121.1	120.4	120.8	100.9	255.0	51.8	0.0	97.3	97.3	44.0	0.0	0.0	61.2	-1.0	0.0	.Autoclave.Outputs.PRESSIP\OutputValue	8.0	36.7	-58.8	-1.0	0.0	-1.0	-1.0	-1.0	0.0	0.0	0.0	-1.0	-1.0	0.0	0.0	0.0	-1.0	0.0
21:33:26	256.0	141.7	142.8	177.4	141.0	174.4	-2.6	0.0	43.5	-0.1	0.0	-2.6	177.4	141.0	-2.2	-3.1	155.4	159.2	119.4	119.5	118.7	119.3	100.7	256.0	52.8	0.0	92.8	92.8	44.0	0.0	0.0	63.3	-1.0	0.0	.Autoclave.Outputs.PRESSIP\OutputValue	8.0	36.4	-57.9	-1.0	0.0	-1.0	-1.0	-1.0	0.0	0.0	0.0	-1.0	-1.0	0.0	0.0	0.0	-1.0	0.0
21:34:26	257.0	139.6	140.5	174.5	139.0	172.2	-2.7	0.1	43.4	-0.1	0.1	-2.7	174.5	139.0	-2.1	-2.6	153.1	156.7	117.9	117.9	117.2	118.1	100.7	257.0	53.8	0.0	88.3	88.3	44.0	0.0	0.0	64.2	-1.0	0.0	.Autoclave.Outputs.PRESSIP\OutputValue	8.0	35.5	-56.5	-1.0	0.0	-1.0	-1.0	-1.0	0.0	0.0	0.0	-1.0	-1.0	0.0	0.0	0.0	-1.0	0.0
21:35:26	258.0	137.4	138.4	172.0	137.2	169.5	-2.7	0.1	43.2	-0.1	0.1	-2.7	172.0	137.2	-1.9	-2.8	150.9	154.6	116.7	116.7	116.0	117.1	100.9	258.0	54.8	0.0	83.8	83.8	44.0	0.0	0.0	65.5	-1.0	0.0	.Autoclave.Outputs.PRESSIP\OutputValue	8.0	34.8	-55.2	-1.0	0.0	-1.0	-1.0	-1.0	0.0	0.0	0.0	-1.0	-1.0	0.0	0.0	0.0	-1.0	0.0
21:36:26	259.0	135.3	136.3	169.5	135.2	167.1	-2.8	0.1	43.2	-0.1	0.1	-2.8	169.5	135.2	-1.8	-2.5	148.7	152.3	115.7	115.7	115.1	115.9	100.9	259.0	55.8	0.0	80.0	80.0	44.0	0.0	0.0	66.8	-1.0	0.0	.Autoclave.Outputs.PRESSIP\OutputValue	8.0	34.3	-53.7	-1.0	0.0	-1.0	-1.0	-1.0	0.0	0.0	0.0	-1.0	-1.0	0.0	0.0	0.0	-1.0	0.0
21:37:26	260.0	133.5	134.2	167.0	133.5	164.8	-2.8	0.1	43.0	-0.1	0.1	-2.8	167.0	133.5	-1.9	-2.7	146.6	150.2	114.8	114.8	114.1	115.0	100.8	260.0	56.8	0.0	80.0	80.0	44.0	0.0	0.0	67.8	-1.0	0.0	.Autoclave.Outputs.PRESSIP\OutputValue	8.0	33.5	-52.1	-1.0	0.0	-1.0	-1.0	-1.0	0.0	0.0	0.0	-1.0	-1.0	0.0	0.0	0.0	-1.0	0.0
21:38:26	261.0	131.7	132.6	164.6	131.8	162.4	-2.9	0.1	43.6	-0.1	0.1	-2.9	164.6	131.7	-1.6	-2.7	144.6	148.1	113.8	113.8	113.1	114.3	100.8	261.0	57.8	0.0	80.0	80.0	44.0	0.0	0.0	62.3	-1.0	0.0	.Autoclave.Outputs.PRESSIP\OutputValue	8.0	32.8	-50.7	-1.0	0.0	-1.0	-1.0	-1.0	0.0	0.0	0.0	-1.0	-1.0	0.0	0.0	0.0	-1.0	0.0
21:39:27	262.1	130.0	130.8	162.3	130.2	160.8	-2.9	0.1	43.4	-0.1	0.1	-2.9	162.3	130.0	-1.5	-1.9	142.8	146.1	112.7	112.7	112.0	113.6	100.7	262.0	58.8	0.0	80.0	80.0	44.0	0.0	0.0	63.6	-1.0	0.0	.Autoclave.Outputs.PRESSIP\OutputValue	8.0	32.2	-49.5	-1.0	0.0	-1.0	-1.0	-1.0	0.0	0.0	0.0	-1.0	-1.0	0.0	0.0	0.0	-1.0	0.0
21:40:26	263.0	128.2	129.0	160.3	128.9	158.9	-2.9	0.1	43.3	-0.1	0.1	-2.9	160.3	128.2	-1.5	-2.2	141.0	144.2	112.1	112.0	111.3	112.8	100.8	263.0	59.8	0.0	80.0	80.0	44.0	0.0	0.0	64.8	-1.0	0.0	.Autoclave.Outputs.PRESSIP\OutputValue	8.0	32.0	-48.1	-1.0	0.0	-1.0	-1.0	-1.0	0.0	0.0	0.0	-1.0	-1.0	0.0	0.0	0.0	-1.0	0.0
21:41:26	264.0	126.9	127.6	157.9	127.5	156.7	-3.0	0.1	43.2	-0.1	0.1	-3.0	157.9	126.9	-1.4	-2.5	139.3	142.4	111.1	111.1	110.5	112.1	100.9	264.0	60.8	0.0	80.0	80.0	44.0	0.0	0.0	65.7	-1.0	0.0	.Autoclave.Outputs.PRESSIP\OutputValue	8.0	30.9	-46.7	-1.0	0.0	-1.0	-1.0	-1.0	0.0	0.0	0.0	-1.0	-1.0	0.0	0.0	0.0	-1.0	0.0
21:42:26	265.0	125.6	126.1	155.6	126.1	154.8	-3.1	0.1	43.2	-0.1	0.1	-3.1	155.6	125.6	-1.2	-2.2	137.6	140.6	110.4	110.5	109.8	111.2	100.9	265.0	61.8	0.0	80.0	80.0	44.0	0.0	0.0	66.3	-1.0	0.0	.Autoclave.Outputs.PRESSIP\OutputValue	8.0	29.9	-45.1	-1.0	0.0	-1.0	-1.0	-1.0	0.0	0.0	0.0	-1.0	-1.0	0.0	0.0	0.0	-1.0	0.0
21:43:27	266.1	124.1	124.9	154.0	124.9	153.6	-3.0	0.0	43.1	-0.1	0.0	-3.0	154.0	124.1	-1.2	-1.9	136.3	139.0	109.8	109.7	109.1	110.6	101.0	266.0	62.8	0.0	80.0	80.0	44.0	0.0	0.0	67.2	-1.0	0.0	.Autoclave.Outputs.PRESSIP\OutputValue	8.0	29.8	-44.1	-1.0	0.0	-1.0	-1.0	-1.0	0.0	0.0	0.0	-1.0	-1.0	0.0	0.0	0.0	-1.0	0.0
21:44:26	267.0	122.8	123.5	152.0	123.6	151.4	-3.1	0.0	43.6	-0.1	0.0	-3.1	152.0	122.8	-1.3	-2.3	134.7	137.4	109.3	109.3	108.7	110.4	101.1	267.0	63.8	0.0	80.0	80.0	44.0	0.0	0.0	61.6	-1.0	0.0	.Autoclave.Outputs.PRESSIP\OutputValue	8.0	29.1	-42.6	-1.0	0.0	-1.0	-1.0	-1.0	0.0	0.0	0.0	-1.0	-1.0	0.0	0.0	0.0	-1.0	0.0
21:45:26	268.0	121.8	122.3	150.0	122.5	149.9	-3.0	0.1	43.6	-0.1	0.1	-3.0	150.0	121.8	-1.0	-2.0	133.3	135.9	108.7	108.7	108.0	109.6	101.0	268.0	64.8	0.0	80.0	80.0	44.0	0.0	0.0	62.1	-1.0	0.0	.Autoclave.Outputs.PRESSIP\OutputValue	8.0	28.1	-41.2	-1.0	0.0	-1.0	-1.0	-1.0	0.0	0.0	0.0	-1.0	-1.0	0.0	0.0	0.0	-1.0	0.0
21:46:27	269.1	120.6	121.0	148.2	121.4	148.2	-3.1	0.1	43.5	-0.1	0.1	-3.1	148.2	120.6	-1.1	-2.0	131.9	134.4	107.7	107.8	107.0	109.1	100.9	269.0	65.8	0.0	80.0	80.0	44.0	0.0	0.0	62.9	-1.0	0.0	.Autoclave.Outputs.PRESSIP\OutputValue	8.0	27.6	-40.5	-1.0	0.0	-1.0	-1.0	-1.0	0.0	0.0	0.0	-1.0	-1.0	0.0	0.0	0.0	-1.0	0.0
21:46:35	269.2	120.5	120.9	148.0	121.2	147.8	-2.9	0.1	43.5	-0.1	0.1	-2.9	148.0	120.5	-1.1	-1.8	131.7	134.2	107.7	107.7	107.0	109.0	100.9	269.2	65.9	0.0	80.0	80.0	44.0	0.0	0.0	62.9	-1.0	0.0	.Autoclave.Outputs.PRESSIP\OutputValue	8.0	27.4	-40.3	-1.0	0.0	-1.0	-1.0	-1.0	0.0	0.0	0.0	-1.0	-1.0	0.0	0.0	0.0	-1.0	0.0
21:47:27	270.1	118.9	119.7	146.4	119.9	146.3	-3.1	0.1	36.4	-0.1	0.1	-3.1	146.4	118.9	-1.3	-1.8	130.2	132.6	104.2	104.2	103.4	104.8	100.1	270.0	0.9	0.0	80.0	80.0	35.3	0.0	0.0	46.7	-1.0	0.0	.Autoclave.Outputs.PRESSIP\OutputValue	7.0	27.4	-42.1	-1.0	0.0	-1.0	-1.0	-1.0	0.0	0.0	0.0	-1.0	-1.0	-1.0	0.0	0.0	-1.0	0.0
21:48:26	271.0	117.2	118.0	144.4	118.4	144.7	-3.1	0.0	26.4	-0.1	0.0	-3.1	144.7	117.2	-1.5	-1.9	128.5	131.0	100.7	100.7	100.0	101.6	99.4	271.0	1.9	0.0	80.0	80.0	25.3	0.0	0.0	45.9	-1.0	0.0	.Autoclave.Outputs.PRESSIP\OutputValue	5.7	27.5	-44.0	-1.0	0.0	-1.0	-1.0	-1.0	0.0	0.0	0.0	-1.0	-1.0	0.0	0.0	0.0	-1.0	0.0
21:49:26	272.0	115.5	116.3	143.3	116.8	144.0	-3.2	0.0	15.8	-0.1	0.0	-3.2	144.0	115.5	-1.0	-1.7	127.2	129.8	97.5	97.5	96.8	98.0	98.6	272.0	2.9	0.0	80.0	80.0	15.3	0.0	0.0	49.9	-1.0	0.0	.Autoclave.Outputs.PRESSIP\OutputValue	4.4	28.5	-46.5	-1.0	0.0	-1.0	-1.0	-1.0	0.0	0.0	0.0	-1.0	-1.0	0.0	0.0	0.0	-1.0	0.0
21:50:26	273.0	114.4	114.9	142.4	115.8	143.7	-3.3	-0.1	6.3	-0.7	-0.1	-3.3	143.7	114.4	-0.2	-1.4	126.2	129.1	94.8	94.8	94.1	95.6	97.8	273.0	3.9	0.0	80.0	80.0	5.3	0.0	0.0	42.1	-1.0	0.0	.Autoclave.Outputs.PRESSIP\OutputValue	2.7	29.3	-48.9	-1.0	0.0	-1.0	-1.0	-1.0	0.0	0.0	0.0	-1.0	-1.0	-1.0	0.0	0.0	-1.0	0.0
21:51:26	274.0	114.2	114.1	142.1	115.1	144.2	-3.2	-0.4	1.0	-0.1	-0.4	-3.2	144.2	114.1	0.2	-1.0	125.9	129.2	94.3	94.2	93.6	95.8	97.8	274.0	4.8	0.0	80.0	80.0	0.0	0.0	0.0	38.8	-1.0	0.0	.Autoclave.Outputs.PRESSIP\OutputValue	-0.8	30.1	-49.7	-1.0	0.0	-1.0	-1.0	-1.0	0.0	0.0	0.0	-1.0	-1.0	-1.0	0.0	0.0	-1.0	0.0
