

Time	Elapsed	PTC13	PTC14	PTC15	PTC16	PTC17	VPRB2	PRESS	SVAC	HIPRB	LOPRB	HITC	LOTC	HIRATE	LORATE	AVGTC	MEAN	AIRTC	AIRTC1	AIRTC2	HILIMTC	CAPSTC	RUNTIME	SEGTIME	SEGTIMELEFT	TSET_AIR	TSET_PART	PSET	TEMPOUT	TEMPINT	PRESSOUT	COOLIP	SCROUT	PRESSIP	PRESSINT	SPREAD	AIRPARTDELTA	CAPSFLOW	SILENCE	BARLOCK	HIPSI	FANON	HYDON	FANSTARTSTOPPB	HYDPMPSTARTSTOPPB	COOLCNTRLONOFFSW	PRESSCNTRLONOFFSW	PRESSDUMPSW	PCMANUALSW	HILIMIT	BLWRMTRHILIMIT	MANINSIDE
HH:MM:SS	Mins	Deg.F	Deg.F	Deg.F	Deg.F	Deg.F	"Hg	Psig	"Hg			Deg.F	Deg.F	Deg.F	Deg.F	Deg.F	Deg.F	Deg.F	Deg.F	Deg.F	Deg.F	Deg.F	Mins	Mins	Mins	Deg.F	Deg.F	Psig				%	%	%	%	Deg.F	Deg.F															
14:05:04	0.0	75.6	76.8	74.6	76.2	75.9	-8.9	-0.4	-9.0	-8.9	-8.9	76.8	74.6	0.4	-0.1	75.8	75.8	96.5	96.5	95.8	105.2	100.8	226.6	0.0	0.0	70.0	70.0	0.0	0.0	0.0	50.0	0.0	0.0	.Autoclave.Outputs.PRESSIP\OutputValue	8.0	2.1	19.7	-1.0	0.0	-1.0	-1.0	0.0	0.0	0.0	0.0	-1.0	-1.0	-1.0	0.0	0.0	-1.0	0.0
14:05:06	0.0	75.6	76.8	74.6	76.2	75.9	-8.9	-0.4	-9.0	-8.9	-8.9	76.8	74.6	0.4	-0.1	75.8	75.8	96.5	96.5	95.8	105.2	100.8	226.6	0.0	0.0	70.0	70.0	0.0	0.0	0.0	50.0	0.0	0.0	.Autoclave.Outputs.PRESSIP\OutputValue	8.0	2.1	19.7	-1.0	0.0	-1.0	-1.0	0.0	0.0	0.0	0.0	-1.0	-1.0	-1.0	0.0	0.0	-1.0	0.0
14:05:06	0.0	75.6	76.8	74.6	76.2	75.9	-8.9	-0.4	-9.0	-8.9	-8.9	76.8	74.6	0.4	-0.1	75.8	75.7	96.5	96.5	95.7	105.2	100.8	226.6	0.0	0.0	70.0	70.0	0.0	0.0	0.0	50.0	0.0	0.0	.Autoclave.Outputs.PRESSIP\OutputValue	8.0	2.2	19.7	-1.0	0.0	-1.0	-1.0	0.0	0.0	0.0	0.0	-1.0	-1.0	-1.0	0.0	0.0	-1.0	0.0
14:05:06	0.0	75.6	76.8	74.6	76.2	75.9	-8.9	-0.4	-9.0	-8.9	-8.9	76.8	74.6	0.4	-0.1	75.8	75.7	96.5	96.5	95.7	105.2	100.8	226.6	0.0	0.0	70.0	70.0	0.0	0.0	0.0	50.0	0.0	0.0	.Autoclave.Outputs.PRESSIP\OutputValue	8.0	2.2	19.7	-1.0	0.0	-1.0	-1.0	0.0	0.0	0.0	0.0	-1.0	-1.0	-1.0	0.0	0.0	-1.0	0.0
14:06:07	1.0	76.1	77.2	74.9	77.7	77.0	-9.0	1.1	-8.9	-9.0	-9.0	77.7	74.9	1.5	0.2	76.6	76.3	96.6	96.6	96.0	98.4	98.6	1.0	1.0	0.0	85.9	81.8	2.0	0.0	0.0	67.0	-1.0	0.0	.Autoclave.Outputs.PRESSIP\OutputValue	8.0	2.8	18.9	-1.0	0.0	-1.0	-1.0	-1.0	0.0	0.0	0.0	-1.0	-1.0	0.0	0.0	0.0	-1.0	0.0
14:07:07	2.0	76.4	77.9	75.1	78.2	77.6	-9.0	3.2	-9.0	-9.0	-9.0	78.2	76.4	0.7	0.3	77.5	77.3	96.3	96.4	95.7	97.8	98.4	2.0	2.0	0.0	95.3	86.8	4.0	40.3	-0.3	65.3	-1.0	0.0	.Autoclave.Outputs.PRESSIP\OutputValue	8.0	1.8	18.1	-1.0	0.0	-1.0	-1.0	-1.0	0.0	0.0	0.0	-1.0	-1.0	0.0	0.0	0.0	-1.0	0.0
14:08:06	3.0	76.8	78.6	75.4	79.6	78.6	-9.0	5.1	-8.9	-9.0	-9.0	79.6	76.8	1.0	0.4	78.4	78.2	101.5	101.5	100.9	114.4	98.5	3.0	3.0	0.0	104.0	91.8	6.0	64.4	-0.1	67.2	0.0	28.8	.Autoclave.Outputs.PRESSIP\OutputValue	8.0	2.8	22.0	-1.0	0.0	-1.0	-1.0	-1.0	0.0	0.0	0.0	-1.0	-1.0	0.0	0.0	0.0	-1.0	0.0
14:09:07	4.0	77.3	79.6	0.0	81.0	79.7	-9.0	7.5	-9.0	-9.0	-9.0	81.0	77.3	1.5	0.5	79.4	79.1	110.2	110.2	109.5	123.8	98.7	4.0	4.0	0.0	112.6	96.8	8.0	64.1	0.2	62.6	0.0	28.1	.Autoclave.Outputs.PRESSIP\OutputValue	8.0	3.7	29.3	-1.0	0.0	-1.0	-1.0	-1.0	0.0	0.0	0.0	-1.0	-1.0	0.0	0.0	0.0	-1.0	0.0
14:10:07	5.0	78.0	80.8	0.0	82.6	81.1	-9.0	9.3	-9.0	-9.0	-9.0	82.6	78.0	1.5	0.7	80.6	80.3	118.5	118.4	117.8	131.5	98.6	5.0	5.0	0.0	121.1	101.8	10.0	64.8	0.4	64.8	0.0	29.6	.Autoclave.Outputs.PRESSIP\OutputValue	8.0	4.6	36.0	-1.0	0.0	-1.0	-1.0	-1.0	0.0	0.0	0.0	-1.0	-1.0	0.0	0.0	0.0	-1.0	0.0
14:11:07	6.0	78.6	82.0	77.2	84.3	82.6	-9.0	11.2	-9.0	-9.0	-9.0	84.3	78.6	1.8	0.9	81.9	81.4	126.4	126.4	125.7	140.0	98.8	6.0	6.0	0.0	129.4	106.8	12.0	68.5	0.7	66.2	0.0	37.0	.Autoclave.Outputs.PRESSIP\OutputValue	8.0	5.7	42.1	-1.0	0.0	-1.0	-1.0	-1.0	0.0	0.0	0.0	-1.0	-1.0	0.0	0.0	0.0	-1.0	0.0
14:12:07	7.0	79.5	83.6	77.9	86.5	84.5	-9.0	13.3	-8.9	-9.0	-9.0	86.5	77.9	2.2	0.7	82.4	82.2	134.1	134.3	133.7	148.1	99.0	7.0	7.0	0.0	137.1	111.8	14.0	69.5	1.0	67.0	0.0	39.0	.Autoclave.Outputs.PRESSIP\OutputValue	8.0	8.6	47.6	-1.0	0.0	-1.0	-1.0	-1.0	0.0	0.0	0.0	-1.0	-1.0	0.0	0.0	0.0	-1.0	0.0
14:13:07	8.0	80.6	85.4	78.8	88.8	86.4	-9.0	15.6	-9.0	-9.0	-9.0	88.8	78.8	2.5	1.0	84.0	83.8	142.0	142.0	141.3	156.2	99.0	8.0	8.0	0.0	144.7	116.8	16.0	68.4	1.3	62.0	0.0	36.8	.Autoclave.Outputs.PRESSIP\OutputValue	8.0	10.0	53.2	-1.0	0.0	-1.0	-1.0	-1.0	0.0	0.0	0.0	-1.0	-1.0	0.0	0.0	0.0	-1.0	0.0
14:14:06	9.0	82.1	87.4	80.0	91.2	88.7	-9.0	17.0	-9.0	-9.0	-9.0	91.2	80.0	2.4	1.1	85.9	85.6	148.5	148.5	147.9	156.2	99.1	9.0	9.0	0.0	148.9	120.0	18.0	52.6	1.6	68.0	0.0	5.2	.Autoclave.Outputs.PRESSIP\OutputValue	8.0	11.2	57.3	-1.0	0.0	-1.0	-1.0	-1.0	0.0	0.0	0.0	-1.0	-1.0	0.0	0.0	0.0	-1.0	0.0
14:15:07	10.0	83.3	89.2	81.3	93.0	90.6	-9.0	19.3	-9.0	-9.0	-9.0	93.0	81.3	2.2	1.2	87.5	87.1	146.6	146.6	146.0	150.6	99.4	10.0	10.0	0.0	147.1	120.0	20.0	54.0	1.6	64.7	0.0	8.0	.Autoclave.Outputs.PRESSIP\OutputValue	8.0	11.7	53.6	-1.0	0.0	-1.0	-1.0	-1.0	0.0	0.0	0.0	-1.0	-1.0	0.0	0.0	0.0	-1.0	0.0
14:15:22	10.3	83.7	89.6	81.5	93.5	91.1	-9.0	20.1	-9.0	-9.0	-9.0	93.5	81.5	2.3	1.3	87.9	87.5	145.8	145.9	145.2	151.0	99.4	10.3	10.2	0.0	146.6	120.0	20.5	54.7	1.6	62.8	0.0	9.3	.Autoclave.Outputs.PRESSIP\OutputValue	8.0	12.0	52.4	-1.0	0.0	-1.0	-1.0	-1.0	0.0	0.0	0.0	-1.0	-1.0	0.0	0.0	0.0	-1.0	0.0
14:16:07	11.0	84.9	91.1	82.4	95.1	92.6	-6.3	21.7	-5.9	-6.3	-6.3	95.1	82.4	2.0	1.2	89.2	88.7	144.9	144.9	144.2	148.9	99.5	11.0	0.8	0.0	144.9	120.0	22.0	50.0	1.7	60.5	0.0	0.1	.Autoclave.Outputs.PRESSIP\OutputValue	8.0	12.7	49.8	-1.0	0.0	-1.0	-1.0	-1.0	0.0	0.0	0.0	-1.0	-1.0	0.0	0.0	0.0	-1.0	0.0
14:17:07	12.0	86.1	92.9	83.5	97.0	94.5	-2.7	23.1	-2.4	-2.7	-2.7	97.0	83.5	2.0	1.2	90.8	90.2	143.1	143.1	142.4	146.6	99.5	12.0	1.8	0.0	143.0	120.0	24.0	50.1	1.7	66.4	0.0	0.1	.Autoclave.Outputs.PRESSIP\OutputValue	8.0	13.5	46.1	-1.0	0.0	-1.0	-1.0	-1.0	0.0	0.0	0.0	-1.0	-1.0	0.0	0.0	0.0	-1.0	0.0
14:18:07	13.0	87.7	94.7	84.9	99.0	96.5	-1.1	25.2	-0.9	-1.1	-1.1	99.0	84.9	1.9	1.3	92.6	91.9	141.9	141.9	141.2	145.6	99.6	13.0	2.8	0.0	141.2	120.0	26.0	45.4	1.6	65.5	0.0	0.0	.Autoclave.Outputs.PRESSIP\OutputValue	8.0	14.1	42.9	-1.0	0.0	-1.0	-1.0	-1.0	0.0	0.0	0.0	-1.0	-1.0	0.0	0.0	0.0	-1.0	0.0
14:19:06	14.0	89.0	96.4	86.0	100.5	98.3	-0.5	27.4	-0.4	-0.5	-0.5	100.5	86.0	1.9	1.2	94.0	93.2	138.4	138.4	137.7	142.2	99.7	14.0	3.8	0.0	139.6	120.0	28.0	58.1	1.7	64.0	0.0	16.1	.Autoclave.Outputs.PRESSIP\OutputValue	8.0	14.5	37.9	-1.0	0.0	-1.0	-1.0	-1.0	0.0	0.0	0.0	-1.0	-1.0	0.0	0.0	0.0	-1.0	0.0
14:20:06	15.0	90.4	98.0	87.1	102.4	100.0	0.0	29.3	-0.2	0.0	0.0	102.4	87.1	2.1	1.2	95.6	94.7	137.8	137.8	137.1	141.3	99.8	15.0	4.8	0.0	137.6	120.0	30.0	49.4	1.7	64.8	0.0	0.0	.Autoclave.Outputs.PRESSIP\OutputValue	8.0	15.3	35.4	-1.0	0.0	-1.0	-1.0	-1.0	0.0	0.0	0.0	-1.0	-1.0	0.0	0.0	0.0	-1.0	0.0
14:21:06	16.0	91.8	99.7	88.3	103.7	101.7	0.0	31.4	-0.1	0.0	0.0	103.7	88.3	1.7	1.2	97.0	96.0	135.5	135.5	134.7	134.0	100.0	16.0	5.8	0.0	136.3	120.0	32.0	55.4	1.6	64.8	0.0	10.8	.Autoclave.Outputs.PRESSIP\OutputValue	8.0	15.4	31.8	-1.0	0.0	-1.0	-1.0	-1.0	0.0	0.0	0.0	-1.0	-1.0	0.0	0.0	0.0	-1.0	0.0
14:22:06	17.0	93.0	100.9	89.4	105.2	103.0	0.0	33.3	-0.1	0.0	0.0	105.2	89.4	1.7	1.1	98.3	97.3	134.9	134.9	134.1	138.2	100.0	17.0	6.8	0.0	134.8	120.0	34.0	48.8	1.7	64.6	0.0	0.0	.Autoclave.Outputs.PRESSIP\OutputValue	8.0	15.8	29.7	-1.0	0.0	-1.0	-1.0	-1.0	0.0	0.0	0.0	-1.0	-1.0	0.0	0.0	0.0	-1.0	0.0
14:23:06	18.0	94.3	102.3	90.6	106.5	104.4	0.0	35.3	-0.1	0.0	0.0	106.5	90.6	1.5	1.3	99.6	98.5	133.2	133.2	132.5	131.8	100.1	18.0	7.8	0.0	133.4	120.0	36.0	50.1	1.6	65.1	0.0	0.2	.Autoclave.Outputs.PRESSIP\OutputValue	8.0	15.9	26.7	-1.0	0.0	-1.0	-1.0	-1.0	0.0	0.0	0.0	-1.0	-1.0	0.0	0.0	0.0	-1.0	0.0
14:24:07	19.1	95.4	103.6	91.5	108.1	105.8	0.1	37.7	-0.1	0.1	0.1	108.1	91.5	1.5	0.8	100.9	99.8	132.3	132.4	131.6	136.2	100.2	19.0	8.8	0.0	132.1	120.0	38.0	47.5	1.7	61.0	0.0	0.0	.Autoclave.Outputs.PRESSIP\OutputValue	8.0	16.6	24.2	-1.0	0.0	-1.0	-1.0	-1.0	0.0	0.0	0.0	-1.0	-1.0	0.0	0.0	0.0	-1.0	0.0
14:25:06	20.0	96.6	104.8	92.5	109.1	107.0	0.1	39.1	0.0	0.1	0.1	109.1	92.5	1.4	1.1	102.0	100.8	129.6	129.6	128.8	131.8	100.4	20.0	9.8	0.0	130.8	120.0	40.0	58.8	1.7	67.2	0.0	17.6	.Autoclave.Outputs.PRESSIP\OutputValue	8.0	16.6	20.5	-1.0	0.0	-1.0	-1.0	-1.0	0.0	0.0	0.0	-1.0	-1.0	0.0	0.0	0.0	-1.0	0.0
14:26:07	21.0	97.6	105.9	93.5	110.3	108.1	0.1	41.3	0.0	0.1	0.1	110.3	93.5	1.3	0.9	103.1	101.9	130.5	130.5	130.0	134.3	100.3	21.0	10.8	0.0	129.7	120.0	42.0	44.1	1.7	64.7	0.0	0.0	.Autoclave.Outputs.PRESSIP\OutputValue	8.0	16.8	20.2	-1.0	0.0	-1.0	-1.0	-1.0	0.0	0.0	0.0	-1.0	-1.0	0.0	0.0	0.0	-1.0	0.0
14:26:22	21.3	97.9	106.2	93.8	110.8	108.4	0.1	42.1	0.0	0.1	0.1	110.8	93.8	1.3	1.1	103.4	102.3	130.6	130.7	130.0	133.7	100.3	21.3	11.0	0.0	129.3	120.0	42.5	40.8	1.7	63.1	-1.0	0.0	.Autoclave.Outputs.PRESSIP\OutputValue	8.0	17.0	19.9	-1.0	0.0	-1.0	-1.0	-1.0	0.0	0.0	0.0	-1.0	-1.0	0.0	0.0	0.0	-1.0	0.0
14:27:07	22.0	98.8	107.0	94.5	111.9	109.4	0.1	43.5	0.0	0.1	0.1	111.9	94.5	1.5	0.9	104.3	103.2	132.6	132.7	131.9	142.1	100.5	22.0	0.8	0.0	135.7	123.8	44.0	70.3	1.8	63.5	0.0	40.7	.Autoclave.Outputs.PRESSIP\OutputValue	8.0	17.4	20.7	-1.0	0.0	-1.0	-1.0	-1.0	0.0	0.0	0.0	-1.0	-1.0	0.0	0.0	0.0	-1.0	0.0
14:28:06	23.0	100.2	108.6	95.8	114.2	111.3	0.1	44.7	0.0	0.1	0.1	114.2	95.8	2.3	1.3	106.0	105.0	140.6	140.8	140.1	149.7	100.4	23.0	1.7	0.0	143.4	128.7	45.0	68.3	2.1	60.6	0.0	36.7	.Autoclave.Outputs.PRESSIP\OutputValue	8.0	18.4	26.4	-1.0	0.0	-1.0	-1.0	-1.0	0.0	0.0	0.0	-1.0	-1.0	0.0	0.0	0.0	-1.0	0.0
14:29:07	24.0	101.8	110.2	97.1	116.4	113.4	0.1	45.3	0.0	0.1	0.1	116.4	97.1	2.4	1.2	107.8	106.7	148.2	148.2	147.6	157.3	100.4	24.0	2.7	0.0	150.9	133.7	45.0	68.0	2.3	55.2	0.0	35.9	.Autoclave.Outputs.PRESSIP\OutputValue	7.8	19.3	31.8	-1.0	0.0	-1.0	-1.0	-1.0	0.0	0.0	0.0	-1.0	-1.0	0.0	0.0	0.0	-1.0	0.0
14:30:06	25.0	103.3	112.0	98.6	119.3	115.6	0.1	45.9	0.0	0.1	0.1	119.3	98.6	2.8	1.6	109.8	108.9	155.7	155.9	155.2	165.0	100.6	25.0	3.8	0.0	158.1	138.8	45.0	66.9	2.6	48.0	0.0	33.9	.Autoclave.Outputs.PRESSIP\OutputValue	6.6	20.7	36.4	-1.0	0.0	-1.0	-1.0	-1.0	0.0	0.0	0.0	-1.0	-1.0	0.0	0.0	0.0	-1.0	0.0
14:31:06	26.0	105.3	114.0	100.1	122.0	118.0	0.1	45.3	0.0	0.1	0.1	122.0	100.1	2.7	1.5	111.9	111.0	163.1	163.1	162.4	173.0	100.4	26.0	4.8	0.0	165.6	143.8	45.0	67.3	2.9	52.9	0.0	34.6	.Autoclave.Outputs.PRESSIP\OutputValue	5.9	21.9	41.1	-1.0	0.0	-1.0	-1.0	-1.0	0.0	0.0	0.0	-1.0	-1.0	0.0	0.0	0.0	-1.0	0.0
14:32:07	27.0	107.3	116.3	101.9	125.0	120.6	0.1	45.9	0.0	0.1	0.1	125.0	101.9	3.0	1.8	114.2	113.4	169.8	169.8	169.2	180.1	100.5	27.0	5.8	0.0	172.6	148.8	45.0	69.5	3.2	46.1	0.0	39.0	.Autoclave.Outputs.PRESSIP\OutputValue	4.8	23.1	44.8	-1.0	0.0	-1.0	-1.0	-1.0	0.0	0.0	0.0	-1.0	-1.0	0.0	0.0	0.0	-1.0	0.0
14:33:06	28.0	109.4	118.7	103.6	128.2	123.8	0.1	45.2	0.0	0.1	0.1	128.2	103.6	3.3	1.8	116.7	115.9	176.4	176.6	175.9	187.7	100.4	28.0	6.7	0.0	179.3	153.7	45.0	70.3	3.5	51.5	0.0	40.7	.Autoclave.Outputs.PRESSIP\OutputValue	4.1	24.6	48.2	-1.0	0.0	-1.0	-1.0	-1.0	0.0	0.0	0.0	-1.0	-1.0	0.0	0.0	0.0	-1.0	0.0
14:34:06	29.0	111.8	121.5	105.6	131.3	126.9	0.1	45.7	0.0	0.1	0.1	131.3	105.6	3.3	2.1	119.4	118.4	183.0	183.2	182.5	193.9	100.5	29.0	7.7	0.0	186.3	158.7	45.0	74.0	3.8	45.8	0.0	47.9	.Autoclave.Outputs.PRESSIP\OutputValue	3.2	25.7	51.7	-1.0	0.0	-1.0	-1.0	-1.0	0.0	0.0	0.0	-1.0	-1.0	0.0	0.0	0.0	-1.0	0.0
14:35:07	30.0	114.2	124.3	107.7	135.1	130.2	0.1	45.1	0.0	0.1	0.1	135.1	107.7	3.5	2.0	122.3	121.4	189.6	189.6	188.9	201.2	100.4	30.0	8.8	0.0	192.5	163.8	45.0	71.8	4.1	51.1	0.0	43.6	.Autoclave.Outputs.PRESSIP\OutputValue	2.3	27.4	54.5	-1.0	0.0	-1.0	-1.0	-1.0	0.0	0.0	0.0	-1.0	-1.0	0.0	0.0	0.0	-1.0	0.0
14:36:07	31.0	116.8	127.5	110.1	138.7	133.8	0.1	45.6	0.0	0.1	0.1	138.7	110.1	3.9	2.4	125.4	124.4	195.6	195.6	194.9	207.4	100.5	31.0	9.8	0.0	198.8	168.8	45.0	73.6	4.4	45.9	0.0	47.1	.Autoclave.Outputs.PRESSIP\OutputValue	1.6	28.6	56.9	-1.0	0.0	-1.0	-1.0	-1.0	0.0	0.0	0.0	-1.0	-1.0	0.0	0.0	0.0	-1.0	0.0
14:37:06	32.0	119.6	130.6	112.5	142.5	137.3	0.1	44.8	0.0	0.1	0.1	142.5	112.5	4.1	2.4	128.5	127.5	201.1	201.1	200.5	212.3	100.3	32.0	10.7	0.0	205.0	173.7	45.0	78.2	4.7	52.8	0.0	56.3	.Autoclave.Outputs.PRESSIP\OutputValue	0.1	30.0	58.6	-1.0	0.0	-1.0	-1.0	-1.0	0.0	0.0	0.0	-1.0	-1.0	0.0	0.0	0.0	-1.0	0.0
14:38:07	33.0	122.3	133.9	115.0	146.5	141.2	0.1	45.4	0.0	0.1	0.1	146.5	115.0	3.9	2.5	131.8	130.7	208.0	208.0	207.5	219.6	100.5	33.0	11.8	0.0	211.0	178.8	45.0	71.9	5.0	46.3	0.0	43.9	.Autoclave.Outputs.PRESSIP\OutputValue	-0.2	31.5	61.5	-1.0	0.0	-1.0	-1.0	-1.0	0.0	0.0	0.0	-1.0	-1.0	0.0	0.0	0.0	-1.0	0.0
14:39:07	34.0	125.5	137.3	117.5	150.7	145.1	0.1	45.8	0.0	0.1	0.1	150.7	117.5	4.2	2.7	135.2	134.1	213.8	213.7	213.1	225.8	100.5	34.0	12.8	0.0	216.8	183.8	45.0	72.9	5.3	40.6	0.0	45.8	.Autoclave.Outputs.PRESSIP\OutputValue	-1.3	33.2	63.1	-1.0	0.0	-1.0	-1.0	-1.0	0.0	0.0	0.0	-1.0	-1.0	0.0	0.0	0.0	-1.0	0.0
14:40:07	35.1	128.4	140.7	120.2	155.2	149.1	0.1	45.0	-0.1	0.1	0.1	155.2	120.2	4.7	2.7	138.7	137.7	219.8	219.8	219.2	232.9	100.4	35.0	13.8	0.0	222.3	188.8	45.0	70.0	5.6	47.4	0.0	40.0	.Autoclave.Outputs.PRESSIP\OutputValue	-2.0	35.0	64.6	-1.0	0.0	-1.0	-1.0	-1.0	0.0	0.0	0.0	-1.0	-1.0	0.0	0.0	0.0	-1.0	0.0
14:41:06	36.0	131.7	144.5	123.1	159.1	152.9	0.1	45.5	0.0	0.1	0.1	159.1	123.1	3.9	3.0	142.3	141.1	225.5	225.7	225.0	238.2	100.5	36.0	14.8	0.0	228.5	193.8	45.0	74.1	5.9	43.3	0.0	48.1	.Autoclave.Outputs.PRESSIP\OutputValue	-2.4	36.0	66.4	-1.0	0.0	-1.0	-1.0	-1.0	0.0	0.0	0.0	-1.0	-1.0	0.0	0.0	0.0	-1.0	0.0
14:42:06	37.0	134.8	148.3	126.1	163.1	157.2	0.1	45.9	0.0	0.1	0.1	163.1	126.1	4.4	3.0	145.9	144.6	231.3	231.3	230.6	243.4	100.6	37.0	15.7	0.0	234.4	198.7	45.0	74.3	6.2	37.6	0.0	48.6	.Autoclave.Outputs.PRESSIP\OutputValue	-3.7	37.0	68.2	-1.0	0.0	-1.0	-1.0	-1.0	0.0	0.0	0.0	-1.0	-1.0	0.0	0.0	0.0	-1.0	0.0
14:43:07	38.0	137.9	152.1	129.0	167.3	161.4	0.1	45.1	0.0	0.1	0.1	167.3	129.0	4.6	2.8	149.5	148.1	237.3	237.3	236.7	250.0	100.4	38.0	16.8	0.0	240.2	203.8	45.0	74.1	6.5	44.6	0.0	48.3	.Autoclave.Outputs.PRESSIP\OutputValue	-4.3	38.3	70.0	-1.0	0.0	-1.0	-1.0	-1.0	0.0	0.0	0.0	-1.0	-1.0	0.0	0.0	0.0	-1.0	0.0
14:44:07	39.0	141.5	156.0	132.0	171.9	165.4	0.1	45.5	0.0	0.1	0.1	171.9	132.0	4.5	3.2	153.4	151.9	241.9	241.9	241.2	256.1	100.6	39.0	17.8	0.0	245.6	208.8	45.0	79.8	6.8	39.9	0.0	59.6	.Autoclave.Outputs.PRESSIP\OutputValue	-4.8	39.9	70.1	-1.0	0.0	-1.0	-1.0	-1.0	0.0	0.0	0.0	-1.0	-1.0	0.0	0.0	0.0	-1.0	0.0
14:45:06	40.0	145.1	160.1	135.2	176.8	170.0	0.1	45.9	0.0	0.1	0.1	176.8	135.2	4.8	3.3	157.4	156.0	248.1	248.1	247.5	260.3	100.6	40.0	18.8	0.0	250.8	213.8	45.0	72.6	7.1	35.2	0.0	45.2	.Autoclave.Outputs.PRESSIP\OutputValue	-6.0	41.6	71.4	-1.0	0.0	-1.0	-1.0	-1.0	0.0	0.0	0.0	-1.0	-1.0	0.0	0.0	0.0	-1.0	0.0
14:46:07	41.0	148.6	164.1	138.4	181.1	174.1	0.1	45.1	0.0	0.1	0.1	181.1	138.4	4.7	3.1	161.3	159.7	253.7	253.7	252.9	266.7	100.5	41.0	19.8	0.0	256.4	218.8	45.0	73.7	7.4	43.6	0.0	47.4	.Autoclave.Outputs.PRESSIP\OutputValue	-5.9	42.7	72.7	-1.0	0.0	-1.0	-1.0	-1.0	0.0	0.0	0.0	-1.0	-1.0	0.0	0.0	0.0	-1.0	0.0
14:47:07	42.0	152.2	168.2	141.6	185.8	178.7	0.1	45.5	-0.1	0.1	0.1	185.8	141.6	4.6	3.2	165.3	163.7	259.1	259.1	258.5	272.1	100.6	42.0	20.8	0.0	261.6	223.8	45.0	72.7	7.7	39.3	0.0	45.3	.Autoclave.Outputs.PRESSIP\OutputValue	-6.0	44.2	73.4	-1.0	0.0	-1.0	-1.0	-1.0	0.0	0.0	0.0	-1.0	-1.0	0.0	0.0	0.0	-1.0	0.0
14:48:06	43.0	156.0	172.5	145.0	190.7	183.3	0.1	45.8	0.0	0.1	0.1	190.7	145.0	4.9	3.5	169.5	167.8	263.9	263.9	263.4	278.0	100.7	43.0	21.8	0.0	266.9	228.8	45.0	75.4	8.0	35.7	0.0	50.7	.Autoclave.Outputs.PRESSIP\OutputValue	-6.0	45.7	73.3	-1.0	0.0	-1.0	-1.0	-1.0	0.0	0.0	0.0	-1.0	-1.0	0.0	0.0	0.0	-1.0	0.0
14:49:06	44.0	159.4	176.8	148.3	195.2	187.9	0.1	45.0	0.0	0.1	0.1	195.2	148.3	4.7	3.3	173.5	171.7	269.2	269.2	268.4	283.1	100.6	44.0	22.8	0.0	270.8	233.0	45.0	67.7	8.3	44.1	0.0	35.4	.Autoclave.Outputs.PRESSIP\OutputValue	-5.9	46.9	74.1	-1.0	0.0	-1.0	-1.0	-1.0	0.0	0.0	0.0	-1.0	-1.0	0.0	0.0	0.0	-1.0	0.0
14:50:06	45.0	163.0	180.8	151.9	198.4	191.4	0.1	44.6	-0.1	0.1	0.1	198.4	151.9	4.0	3.3	177.1	175.1	268.1	268.1	267.4	274.1	100.5	45.0	23.7	0.0	267.6	233.0	45.0	52.4	8.3	48.4	0.0	4.7	.Autoclave.Outputs.PRESSIP\OutputValue	-5.3	46.5	69.8	-1.0	0.0	-1.0	-1.0	-1.0	0.0	0.0	0.0	-1.0	-1.0	0.0	0.0	0.0	-1.0	0.0
14:51:06	46.0	166.4	184.6	155.0	201.7	194.8	-0.1	44.5	-0.1	-0.1	-0.1	201.7	155.0	3.9	3.1	180.5	178.3	264.5	264.5	263.9	270.9	100.6	46.0	24.8	0.0	264.4	233.0	45.0	56.4	8.2	50.5	0.0	12.7	.Autoclave.Outputs.PRESSIP\OutputValue	-4.4	46.7	62.9	-1.0	0.0	-1.0	-1.0	-1.0	0.0	0.0	0.0	-1.0	-1.0	0.0	0.0	0.0	-1.0	0.0
14:52:06	47.0	169.5	188.1	158.1	204.4	198.0	-0.1	44.4	-0.1	-0.1	-0.1	204.4	158.1	3.5	3.0	183.6	181.2	262.0	262.0	261.3	267.9	100.7	47.0	25.8	0.0	261.5	233.0	45.0	53.0	8.2	52.7	0.0	6.0	.Autoclave.Outputs.PRESSIP\OutputValue	-3.3	46.3	57.7	-1.0	0.0	-1.0	-1.0	-1.0	0.0	0.0	0.0	-1.0	-1.0	0.0	0.0	0.0	-1.0	0.0
14:53:06	48.0	172.5	191.3	161.2	206.8	200.5	0.0	44.9	-0.1	0.0	0.0	206.8	161.2	3.4	2.2	186.5	184.0	255.6	255.6	254.9	259.8	100.7	48.0	26.8	0.0	259.2	233.0	45.0	80.5	8.3	48.3	0.0	61.0	.Autoclave.Outputs.PRESSIP\OutputValue	-2.2	45.6	48.9	-1.0	0.0	-1.0	-1.0	-1.0	0.0	0.0	0.0	-1.0	-1.0	0.0	0.0	0.0	-1.0	0.0
14:54:07	49.0	175.3	194.3	163.9	209.7	203.6	0.1	45.0	-0.1	0.1	0.1	209.7	163.9	3.3	2.9	189.4	186.8	255.8	255.8	255.2	262.0	100.6	49.0	27.8	0.0	256.3	233.0	45.0	60.6	8.5	48.2	0.0	21.3	.Autoclave.Outputs.PRESSIP\OutputValue	-2.2	45.8	46.2	-1.0	0.0	-1.0	-1.0	-1.0	0.0	0.0	0.0	-1.0	-1.0	0.0	0.0	0.0	-1.0	0.0
14:55:06	50.0	178.0	197.2	166.5	212.2	206.0	0.1	44.8	-0.1	0.1	0.1	212.2	166.5	3.0	2.5	192.0	189.3	254.7	254.5	253.9	259.3	100.6	50.0	28.8	0.0	253.8	233.0	45.0	50.6	8.4	49.5	0.0	1.2	.Autoclave.Outputs.PRESSIP\OutputValue	-2.0	45.7	42.6	-1.0	0.0	-1.0	-1.0	-1.0	0.0	0.0	0.0	-1.0	-1.0	0.0	0.0	0.0	-1.0	0.0
14:56:06	51.0	180.4	199.7	169.1	214.2	208.1	0.1	44.7	-0.1	0.1	0.1	214.2	169.1	2.7	2.0	194.3	191.6	252.5	252.5	251.8	257.0	100.5	51.0	29.8	0.0	251.8	233.0	45.0	51.9	8.4	51.1	0.0	3.8	.Autoclave.Outputs.PRESSIP\OutputValue	-1.5	45.1	38.4	-1.0	0.0	-1.0	-1.0	-1.0	0.0	0.0	0.0	-1.0	-1.0	0.0	0.0	0.0	-1.0	0.0
14:57:07	52.0	182.8	202.0	171.6	216.1	210.2	0.1	44.6	-0.1	0.1	0.1	216.1	171.6	2.5	1.9	196.5	193.8	250.6	250.6	249.9	255.0	100.6	52.0	30.8	0.0	249.9	233.0	45.0	51.8	8.3	52.7	0.0	3.7	.Autoclave.Outputs.PRESSIP\OutputValue	-0.9	44.4	34.6	-1.0	0.0	-1.0	-1.0	-1.0	0.0	0.0	0.0	-1.0	-1.0	0.0	0.0	0.0	-1.0	0.0
14:58:07	53.0	185.0	204.2	173.9	216.8	211.5	0.0	44.9	-0.1	0.0	0.0	216.8	173.9	2.5	0.9	198.3	195.4	245.9	245.8	245.1	241.4	100.8	53.0	31.8	0.0	249.2	233.0	45.0	77.8	8.3	51.4	0.0	55.6	.Autoclave.Outputs.PRESSIP\OutputValue	0.0	42.9	29.1	-1.0	0.0	-1.0	-1.0	-1.0	0.0	0.0	0.0	-1.0	-1.0	0.0	0.0	0.0	-1.0	0.0
14:59:07	54.0	187.1	206.1	176.1	219.2	213.4	0.1	45.3	-0.1	0.1	0.1	219.2	176.1	2.4	1.8	200.4	197.7	246.4	246.4	245.7	251.9	100.6	54.0	32.8	0.0	246.9	233.0	45.0	60.0	8.5	46.5	0.0	20.1	.Autoclave.Outputs.PRESSIP\OutputValue	-0.5	43.1	27.2	-1.0	0.0	-1.0	-1.0	-1.0	0.0	0.0	0.0	-1.0	-1.0	0.0	0.0	0.0	-1.0	0.0
15:00:07	55.0	189.0	207.9	178.2	220.6	214.9	0.1	45.3	-0.1	0.1	0.1	220.6	178.2	2.1	1.5	202.1	199.4	246.0	246.0	245.3	250.1	100.6	55.0	33.8	0.0	245.5	233.0	45.0	52.0	8.5	46.3	0.0	4.1	.Autoclave.Outputs.PRESSIP\OutputValue	-1.1	42.4	25.4	-1.0	0.0	-1.0	-1.0	-1.0	0.0	0.0	0.0	-1.0	-1.0	0.0	0.0	0.0	-1.0	0.0
15:01:06	56.0	190.9	209.5	180.2	221.8	216.3	0.1	45.2	-0.1	0.1	0.1	221.8	180.2	2.1	1.2	203.7	201.0	244.8	244.8	244.2	249.5	100.7	56.0	34.8	0.0	244.3	233.0	45.0	52.0	8.4	46.4	0.0	4.0	.Autoclave.Outputs.PRESSIP\OutputValue	-1.5	41.6	23.0	-1.0	0.0	-1.0	-1.0	-1.0	0.0	0.0	0.0	-1.0	-1.0	0.0	0.0	0.0	-1.0	0.0
15:02:06	57.0	192.5	211.0	182.3	222.3	217.1	0.0	45.0	-0.1	0.0	0.0	222.3	182.3	2.1	0.4	205.0	202.3	240.1	240.1	239.4	244.5	100.7	57.0	35.8	0.0	243.7	233.0	45.0	80.1	8.5	49.0	0.0	60.1	.Autoclave.Outputs.PRESSIP\OutputValue	-1.4	40.0	17.8	-1.0	0.0	-1.0	-1.0	-1.0	0.0	0.0	0.0	-1.0	-1.0	0.0	0.0	0.0	-1.0	0.0
15:03:07	58.0	194.3	212.3	183.9	223.6	218.4	0.1	45.1	-0.1	0.1	0.1	223.6	183.9	1.7	1.3	206.5	203.8	242.3	242.2	241.6	247.5	100.6	58.0	36.8	0.0	242.4	233.0	45.0	56.9	8.6	47.5	0.0	13.7	.Autoclave.Outputs.PRESSIP\OutputValue	-1.6	39.7	18.7	-1.0	0.0	-1.0	-1.0	-1.0	0.0	0.0	0.0	-1.0	-1.0	0.0	0.0	0.0	-1.0	0.0
15:04:06	59.0	195.7	213.7	185.7	224.6	219.4	0.0	45.0	-0.1	0.0	0.0	224.6	185.7	1.8	1.0	207.8	205.2	242.0	242.0	241.2	246.2	100.6	59.0	37.8	0.0	241.4	233.0	45.0	52.8	8.6	48.1	0.0	5.6	.Autoclave.Outputs.PRESSIP\OutputValue	-1.7	38.9	17.4	-1.0	0.0	-1.0	-1.0	-1.0	0.0	0.0	0.0	-1.0	-1.0	0.0	0.0	0.0	-1.0	0.0
15:05:06	60.0	197.4	215.0	187.4	225.3	220.3	0.0	45.0	-0.1	0.0	0.0	225.3	187.4	1.8	0.9	209.1	206.4	241.3	241.3	240.6	245.5	100.6	60.0	38.7	0.0	240.6	233.0	45.0	51.4	8.5	48.5	0.0	2.9	.Autoclave.Outputs.PRESSIP\OutputValue	-1.7	37.9	16.0	-1.0	0.0	-1.0	-1.0	-1.0	0.0	0.0	0.0	-1.0	-1.0	0.0	0.0	0.0	-1.0	0.0
15:06:06	61.0	198.9	216.0	189.1	226.3	221.2	0.0	44.9	-0.1	0.0	0.0	226.3	189.1	1.7	0.8	210.3	207.7	240.7	240.6	239.9	244.8	100.8	61.0	39.7	0.0	239.7	233.0	45.0	50.0	8.4	49.0	-1.0	0.0	.Autoclave.Outputs.PRESSIP\OutputValue	-1.6	37.2	14.4	-1.0	0.0	-1.0	-1.0	-1.0	0.0	0.0	0.0	-1.0	-1.0	0.0	0.0	0.0	-1.0	0.0
15:07:07	62.0	200.1	216.8	190.6	226.6	221.7	0.1	44.9	-0.1	0.1	0.1	226.6	190.6	1.5	0.4	211.2	208.6	237.8	237.9	237.2	244.8	100.7	62.0	40.8	0.0	239.4	233.0	45.0	66.9	8.6	50.0	0.0	33.8	.Autoclave.Outputs.PRESSIP\OutputValue	-1.0	36.0	11.2	-1.0	0.0	-1.0	-1.0	-1.0	0.0	0.0	0.0	-1.0	-1.0	0.0	0.0	0.0	-1.0	0.0
15:08:07	63.0	201.4	218.0	192.2	227.2	222.4	0.1	44.9	-0.1	0.1	0.1	227.2	192.2	1.6	0.8	212.2	209.7	239.1	239.1	238.4	243.9	100.7	63.0	41.8	0.0	238.8	233.0	45.0	54.9	8.6	50.4	0.0	9.8	.Autoclave.Outputs.PRESSIP\OutputValue	-0.8	35.0	11.9	-1.0	0.0	-1.0	-1.0	-1.0	0.0	0.0	0.0	-1.0	-1.0	0.0	0.0	0.0	-1.0	0.0
15:09:06	64.0	202.8	219.0	193.5	227.9	223.1	0.0	44.8	-0.1	0.0	0.0	227.9	193.5	1.6	0.6	213.3	210.7	238.8	238.8	238.0	243.0	100.7	64.0	42.8	0.0	238.2	233.0	45.0	52.9	8.6	51.0	0.0	5.7	.Autoclave.Outputs.PRESSIP\OutputValue	-0.5	34.4	10.9	-1.0	0.0	-1.0	-1.0	-1.0	0.0	0.0	0.0	-1.0	-1.0	0.0	0.0	0.0	-1.0	0.0
15:10:06	65.0	204.1	219.7	195.0	228.4	223.6	0.1	44.8	-0.1	0.1	0.1	228.4	195.0	1.5	0.5	214.2	211.7	238.3	238.3	237.6	242.7	100.7	65.0	43.8	0.0	237.7	233.0	45.0	51.5	8.5	51.5	0.0	2.9	.Autoclave.Outputs.PRESSIP\OutputValue	-0.2	33.4	9.9	-1.0	0.0	-1.0	-1.0	-1.0	0.0	0.0	0.0	-1.0	-1.0	0.0	0.0	0.0	-1.0	0.0
15:11:07	66.0	205.3	220.6	196.5	228.8	224.3	0.1	44.8	-0.1	0.1	0.1	228.8	196.5	1.4	0.4	215.1	212.7	237.9	237.9	237.1	242.3	100.7	66.0	44.8	0.0	237.2	233.0	45.0	51.4	8.4	52.5	0.0	2.8	.Autoclave.Outputs.PRESSIP\OutputValue	0.2	32.3	9.1	-1.0	0.0	-1.0	-1.0	-1.0	0.0	0.0	0.0	-1.0	-1.0	0.0	0.0	0.0	-1.0	0.0
15:12:06	67.0	206.4	221.4	197.8	229.3	224.7	0.0	44.8	-0.1	0.0	0.0	229.3	197.8	1.3	0.4	215.9	213.6	237.7	237.7	236.9	241.9	100.7	67.0	45.8	0.0	236.9	233.0	45.0	51.3	8.4	52.7	0.0	2.6	.Autoclave.Outputs.PRESSIP\OutputValue	0.6	31.5	8.4	-1.0	0.0	-1.0	-1.0	-1.0	0.0	0.0	0.0	-1.0	-1.0	0.0	0.0	0.0	-1.0	0.0
15:13:07	68.0	207.3	222.0	199.0	229.3	225.0	0.1	44.8	-0.1	0.1	0.1	229.3	199.0	1.3	0.1	216.5	214.2	234.9	234.9	234.1	242.1	100.8	68.0	46.8	0.0	236.6	233.0	45.0	67.5	8.6	53.8	0.0	35.0	.Autoclave.Outputs.PRESSIP\OutputValue	1.6	30.3	5.6	-1.0	0.0	-1.0	-1.0	-1.0	0.0	0.0	0.0	-1.0	-1.0	0.0	0.0	0.0	-1.0	0.0
15:14:07	69.0	208.3	222.7	200.3	229.8	225.5	0.0	44.7	-0.1	0.0	0.0	229.8	200.3	1.3	0.5	217.3	215.1	236.5	236.5	235.8	241.2	100.7	69.0	47.8	0.0	236.2	233.0	45.0	54.2	8.6	54.9	0.0	8.4	.Autoclave.Outputs.PRESSIP\OutputValue	2.1	29.5	6.7	-1.0	0.0	-1.0	-1.0	-1.0	0.0	0.0	0.0	-1.0	-1.0	0.0	0.0	0.0	-1.0	0.0
15:15:06	70.0	209.5	223.3	201.4	230.1	225.9	0.0	44.7	-0.1	0.0	0.0	230.1	201.4	1.1	0.3	218.0	215.8	236.5	236.4	235.7	241.0	100.9	70.0	48.8	0.0	235.9	233.0	45.0	52.2	8.5	55.3	0.0	4.3	.Autoclave.Outputs.PRESSIP\OutputValue	2.7	28.7	6.4	-1.0	0.0	-1.0	-1.0	-1.0	0.0	0.0	0.0	-1.0	-1.0	0.0	0.0	0.0	-1.0	0.0
15:16:07	71.0	210.4	223.9	202.6	230.3	226.3	0.1	44.7	-0.1	0.1	0.1	230.3	202.6	1.2	0.3	218.7	216.5	236.3	236.3	235.6	240.6	100.8	71.0	49.8	0.0	235.7	233.0	45.0	52.1	8.5	56.3	0.0	4.2	.Autoclave.Outputs.PRESSIP\OutputValue	3.2	27.7	6.0	-1.0	0.0	-1.0	-1.0	-1.0	0.0	0.0	0.0	-1.0	-1.0	0.0	0.0	0.0	-1.0	0.0
15:17:06	72.0	211.3	224.5	203.6	230.5	226.6	0.1	44.7	-0.1	0.1	0.1	230.5	203.6	1.1	0.2	219.3	217.1	236.1	236.1	235.4	240.4	100.8	72.0	50.8	0.0	235.5	233.0	45.0	52.7	8.4	56.8	0.0	5.4	.Autoclave.Outputs.PRESSIP\OutputValue	3.8	26.9	5.6	-1.0	0.0	-1.0	-1.0	-1.0	0.0	0.0	0.0	-1.0	-1.0	0.0	0.0	0.0	-1.0	0.0
15:18:07	73.0	212.1	224.9	204.6	230.8	227.0	0.0	44.7	-0.1	0.0	0.0	230.8	204.6	1.1	0.2	219.9	217.7	235.9	235.9	235.2	240.1	100.8	73.0	51.8	0.0	235.2	233.0	45.0	51.3	8.3	57.7	0.0	2.6	.Autoclave.Outputs.PRESSIP\OutputValue	4.5	26.2	5.1	-1.0	0.0	-1.0	-1.0	-1.0	0.0	0.0	0.0	-1.0	-1.0	0.0	0.0	0.0	-1.0	0.0
15:19:07	74.0	213.0	225.4	205.7	231.0	227.3	0.1	44.7	-0.6	0.1	0.1	231.0	205.7	1.0	0.3	220.5	218.4	235.7	235.8	235.1	240.0	100.8	74.0	52.8	0.0	235.0	233.0	45.0	51.2	8.3	58.5	0.0	2.4	.Autoclave.Outputs.PRESSIP\OutputValue	5.1	25.3	4.7	-1.0	0.0	-1.0	-1.0	-1.0	0.0	0.0	0.0	-1.0	-1.0	0.0	0.0	0.0	-1.0	0.0
15:20:06	75.0	213.7	225.9	206.7	230.6	227.2	0.0	44.1	-0.1	0.0	0.0	230.6	206.7	1.1	-0.2	220.8	218.7	232.6	232.6	231.9	228.0	100.9	75.0	53.7	0.0	235.4	233.0	45.0	73.8	8.2	64.9	0.0	47.7	.Autoclave.Outputs.PRESSIP\OutputValue	6.0	23.9	2.0	-1.0	0.0	-1.0	-1.0	-1.0	0.0	0.0	0.0	-1.0	-1.0	0.0	0.0	0.0	-1.0	0.0
15:21:07	76.0	214.4	226.3	207.6	231.3	227.7	0.1	44.6	-0.1	0.1	0.1	231.3	207.6	0.9	0.3	221.4	219.5	234.5	234.6	233.8	239.8	100.8	76.0	54.8	0.0	234.7	233.0	45.0	57.4	8.4	60.7	0.0	14.8	.Autoclave.Outputs.PRESSIP\OutputValue	7.0	23.7	3.2	-1.0	0.0	-1.0	-1.0	-1.0	0.0	0.0	0.0	-1.0	-1.0	0.0	0.0	0.0	-1.0	0.0
15:22:07	77.1	215.2	226.6	208.4	231.4	228.0	0.0	44.6	-0.1	0.0	0.0	231.4	208.4	0.9	0.1	221.9	219.9	235.0	235.0	234.3	239.7	100.7	77.0	55.8	0.0	234.6	233.0	45.0	53.4	8.4	61.3	0.0	6.7	.Autoclave.Outputs.PRESSIP\OutputValue	7.7	23.0	3.6	-1.0	0.0	-1.0	-1.0	-1.0	0.0	0.0	0.0	-1.0	-1.0	0.0	0.0	0.0	-1.0	0.0
15:23:06	78.0	216.0	227.0	209.4	231.5	228.2	0.0	44.6	-0.1	0.0	0.0	231.5	209.4	1.0	0.1	222.4	220.5	235.0	235.0	234.3	239.3	100.8	78.0	56.7	0.0	234.5	233.0	45.0	52.6	8.4	61.8	0.0	5.3	.Autoclave.Outputs.PRESSIP\OutputValue	8.0	22.1	3.5	-1.0	0.0	-1.0	-1.0	-1.0	0.0	0.0	0.0	-1.0	-1.0	0.0	0.0	0.0	-1.0	0.0
15:24:07	79.0	216.7	227.4	210.3	231.6	228.5	0.0	44.6	-0.1	0.0	0.0	231.6	210.3	0.9	0.1	222.9	221.0	234.9	234.9	234.2	239.3	101.0	79.0	57.8	0.0	234.3	233.0	45.0	51.9	8.3	61.8	0.0	3.8	.Autoclave.Outputs.PRESSIP\OutputValue	8.0	21.3	3.3	-1.0	0.0	-1.0	-1.0	-1.0	0.0	0.0	0.0	-1.0	-1.0	0.0	0.0	0.0	-1.0	0.0
15:25:06	80.0	217.4	227.7	211.2	231.7	228.7	0.0	44.6	-0.1	0.0	0.0	231.7	211.2	0.9	0.3	223.3	221.5	234.7	234.7	234.0	239.1	100.9	80.0	58.8	0.0	234.2	233.0	45.0	52.5	8.2	61.8	0.0	5.0	.Autoclave.Outputs.PRESSIP\OutputValue	8.0	20.5	3.0	-1.0	0.0	-1.0	-1.0	-1.0	0.0	0.0	0.0	-1.0	-1.0	0.0	0.0	0.0	-1.0	0.0
15:26:06	81.0	217.9	228.1	212.0	231.9	228.8	0.1	44.6	-0.1	0.1	0.1	231.9	212.0	0.8	0.1	223.7	222.0	234.8	234.8	234.0	238.9	100.8	81.0	59.8	0.0	234.2	233.0	45.0	51.8	8.2	61.8	0.0	3.6	.Autoclave.Outputs.PRESSIP\OutputValue	8.0	19.9	2.9	-1.0	0.0	-1.0	-1.0	-1.0	0.0	0.0	0.0	-1.0	-1.0	0.0	0.0	0.0	-1.0	0.0
15:27:07	82.0	218.6	228.2	212.7	231.9	229.0	0.0	44.6	-0.1	0.0	0.0	231.9	212.7	0.8	0.0	224.1	222.3	234.6	234.6	233.9	239.0	100.9	82.0	60.8	0.0	234.1	233.0	45.0	52.4	8.1	62.0	0.0	4.8	.Autoclave.Outputs.PRESSIP\OutputValue	8.0	19.2	2.7	-1.0	0.0	-1.0	-1.0	-1.0	0.0	0.0	0.0	-1.0	-1.0	0.0	0.0	0.0	-1.0	0.0
15:28:06	83.0	219.2	228.5	213.4	232.0	229.3	0.0	44.6	-0.1	0.0	0.0	232.0	213.4	0.8	0.2	224.5	222.7	234.6	234.6	233.8	238.9	100.9	83.0	61.8	0.0	233.9	233.0	45.0	51.7	8.0	62.0	0.0	3.3	.Autoclave.Outputs.PRESSIP\OutputValue	8.0	18.6	2.6	-1.0	0.0	-1.0	-1.0	-1.0	0.0	0.0	0.0	-1.0	-1.0	0.0	0.0	0.0	-1.0	0.0
15:29:07	84.0	219.8	228.7	214.2	232.1	229.3	0.0	44.6	-0.1	0.0	0.0	232.1	214.2	0.7	-0.1	224.8	223.2	234.6	234.5	233.8	238.9	100.8	84.0	62.8	0.0	233.9	233.0	45.0	50.9	8.0	62.0	0.0	1.9	.Autoclave.Outputs.PRESSIP\OutputValue	8.0	17.9	2.5	-1.0	0.0	-1.0	-1.0	-1.0	0.0	0.0	0.0	-1.0	-1.0	0.0	0.0	0.0	-1.0	0.0
15:30:06	85.0	220.2	229.0	214.8	232.1	229.5	0.0	44.6	-0.1	0.0	0.0	232.1	214.8	0.7	0.2	225.1	223.5	234.5	234.5	233.7	238.8	100.9	85.0	63.8	0.0	233.9	233.0	45.0	50.9	7.9	61.8	0.0	1.7	.Autoclave.Outputs.PRESSIP\OutputValue	8.0	17.3	2.4	-1.0	0.0	-1.0	-1.0	-1.0	0.0	0.0	0.0	-1.0	-1.0	0.0	0.0	0.0	-1.0	0.0
15:31:07	86.0	220.7	229.1	215.5	232.2	229.6	0.1	44.6	-0.1	0.1	0.1	232.2	215.5	0.7	0.1	225.4	223.9	234.5	234.5	233.7	238.8	100.8	86.0	64.8	0.0	233.7	233.0	45.0	49.5	7.8	62.2	0.0	0.0	.Autoclave.Outputs.PRESSIP\OutputValue	8.0	16.7	2.3	-1.0	0.0	-1.0	-1.0	-1.0	0.0	0.0	0.0	-1.0	-1.0	0.0	0.0	0.0	-1.0	0.0
15:32:06	87.0	221.2	229.3	216.2	232.3	229.8	0.0	44.6	-0.1	0.0	0.0	232.3	216.2	0.7	0.0	225.8	224.3	234.4	234.4	233.7	238.8	100.9	87.0	65.8	0.0	233.8	233.0	45.0	52.0	7.7	62.0	0.0	4.1	.Autoclave.Outputs.PRESSIP\OutputValue	8.0	16.1	2.1	-1.0	0.0	-1.0	-1.0	-1.0	0.0	0.0	0.0	-1.0	-1.0	0.0	0.0	0.0	-1.0	0.0
15:33:06	88.0	221.8	229.6	216.9	232.4	229.9	0.0	44.6	-0.1	0.0	0.0	232.4	216.9	0.6	0.1	226.1	224.7	234.4	234.5	233.7	238.7	100.9	88.0	66.7	0.0	233.7	233.0	45.0	50.0	7.7	62.0	0.0	0.0	.Autoclave.Outputs.PRESSIP\OutputValue	8.0	15.5	2.0	-1.0	0.0	-1.0	-1.0	-1.0	0.0	0.0	0.0	-1.0	-1.0	0.0	0.0	0.0	-1.0	0.0
15:34:07	89.0	222.2	229.7	217.5	231.9	229.9	0.0	44.2	-0.1	0.0	0.0	231.9	217.5	0.8	-0.2	226.2	224.7	232.5	232.5	231.7	226.3	100.9	89.0	67.8	0.0	234.1	233.0	45.0	64.6	7.6	65.5	0.0	29.1	.Autoclave.Outputs.PRESSIP\OutputValue	8.0	14.4	0.6	-1.0	0.0	-1.0	-1.0	-1.0	0.0	0.0	0.0	-1.0	-1.0	0.0	0.0	0.0	-1.0	0.0
15:35:06	90.0	222.7	230.0	218.0	232.4	230.2	0.1	45.2	-0.1	0.1	0.1	232.4	218.0	0.5	0.1	226.7	225.2	233.2	233.2	232.5	238.4	100.9	90.0	68.7	0.0	233.6	233.0	45.0	58.1	7.8	54.8	0.0	16.2	.Autoclave.Outputs.PRESSIP\OutputValue	7.6	14.4	0.8	-1.0	0.0	-1.0	-1.0	-1.0	0.0	0.0	0.0	-1.0	-1.0	0.0	0.0	0.0	-1.0	0.0
15:36:06	91.0	223.3	230.1	218.6	232.4	230.3	0.0	45.3	-0.1	0.0	0.0	232.4	218.6	0.7	-0.1	226.9	225.5	233.9	233.9	233.1	238.3	100.9	91.0	69.7	0.0	233.6	233.0	45.0	53.4	7.8	54.5	0.0	6.9	.Autoclave.Outputs.PRESSIP\OutputValue	7.1	13.8	1.5	-1.0	0.0	-1.0	-1.0	-1.0	0.0	0.0	0.0	-1.0	-1.0	0.0	0.0	0.0	-1.0	0.0
15:37:06	92.0	223.5	230.3	219.2	232.5	230.4	0.0	45.3	-0.1	0.0	0.0	232.5	219.2	0.4	0.1	227.2	225.9	234.0	234.0	233.2	238.3	101.0	92.0	70.8	0.0	233.5	233.0	45.0	52.7	7.8	53.7	0.0	5.5	.Autoclave.Outputs.PRESSIP\OutputValue	6.5	13.3	1.5	-1.0	0.0	-1.0	-1.0	-1.0	0.0	0.0	0.0	-1.0	-1.0	0.0	0.0	0.0	-1.0	0.0
15:38:07	93.1	224.0	230.5	219.8	232.5	230.5	0.0	45.3	-0.5	0.0	0.0	232.5	219.8	0.7	0.0	227.5	226.2	233.9	233.9	233.2	238.2	100.9	93.0	71.8	0.0	233.5	233.0	45.0	52.0	7.7	53.4	0.0	4.0	.Autoclave.Outputs.PRESSIP\OutputValue	6.0	12.7	1.4	-1.0	0.0	-1.0	-1.0	-1.0	0.0	0.0	0.0	-1.0	-1.0	0.0	0.0	0.0	-1.0	0.0
15:39:07	94.0	224.3	230.6	220.3	232.6	230.5	0.0	45.3	-0.1	0.0	0.0	232.6	220.3	0.5	0.0	227.7	226.5	233.8	233.9	233.1	238.3	101.0	94.0	72.8	0.0	233.4	233.0	45.0	53.3	7.7	52.6	0.0	6.6	.Autoclave.Outputs.PRESSIP\OutputValue	5.4	12.3	1.2	-1.0	0.0	-1.0	-1.0	-1.0	0.0	0.0	0.0	-1.0	-1.0	0.0	0.0	0.0	-1.0	0.0
15:40:06	95.0	224.8	230.7	220.7	232.6	230.6	0.1	45.3	-0.1	0.1	0.1	232.6	220.7	0.5	0.0	227.9	226.7	234.0	234.0	233.2	238.2	101.1	95.0	73.8	0.0	233.5	233.0	45.0	52.6	7.6	52.0	0.0	5.2	.Autoclave.Outputs.PRESSIP\OutputValue	4.9	11.9	1.4	-1.0	0.0	-1.0	-1.0	-1.0	0.0	0.0	0.0	-1.0	-1.0	0.0	0.0	0.0	-1.0	0.0
15:41:06	96.0	225.1	230.8	221.1	232.6	230.7	0.0	45.3	-0.1	0.0	0.0	232.6	221.1	0.4	0.0	228.1	226.9	233.9	233.9	233.1	238.2	101.1	96.0	74.8	0.0	233.4	233.0	45.0	51.9	7.6	51.5	0.0	3.7	.Autoclave.Outputs.PRESSIP\OutputValue	4.3	11.5	1.3	-1.0	0.0	-1.0	-1.0	-1.0	0.0	0.0	0.0	-1.0	-1.0	0.0	0.0	0.0	-1.0	0.0
15:42:07	97.0	225.4	230.9	221.6	232.6	230.8	0.1	45.3	-0.1	0.1	0.1	232.6	221.6	0.5	0.0	228.3	227.1	233.9	233.9	233.1	238.3	101.0	97.0	75.8	0.0	233.4	233.0	45.0	51.8	7.5	50.7	0.0	3.6	.Autoclave.Outputs.PRESSIP\OutputValue	3.7	11.0	1.3	-1.0	0.0	-1.0	-1.0	-1.0	0.0	0.0	0.0	-1.0	-1.0	0.0	0.0	0.0	-1.0	0.0
15:43:06	98.0	225.8	231.1	222.0	232.7	230.8	0.0	45.3	-0.1	0.0	0.0	232.7	222.0	0.5	0.1	228.5	227.4	233.9	233.9	233.2	238.2	101.0	98.0	76.7	0.0	233.4	233.0	45.0	51.1	7.4	50.3	0.0	2.1	.Autoclave.Outputs.PRESSIP\OutputValue	3.1	10.7	1.2	-1.0	0.0	-1.0	-1.0	-1.0	0.0	0.0	0.0	-1.0	-1.0	0.0	0.0	0.0	-1.0	0.0
15:44:07	99.0	226.1	231.1	222.5	232.7	231.0	0.0	45.3	-0.1	0.0	0.0	232.7	222.5	0.4	0.0	228.7	227.6	233.9	233.9	233.1	238.2	100.9	99.0	77.8	0.0	233.2	233.0	45.0	51.0	7.4	49.8	0.0	2.0	.Autoclave.Outputs.PRESSIP\OutputValue	2.6	10.2	1.2	-1.0	0.0	-1.0	-1.0	-1.0	0.0	0.0	0.0	-1.0	-1.0	0.0	0.0	0.0	-1.0	0.0
15:44:14	99.2	226.1	231.2	222.5	232.7	231.1	0.0	45.3	-0.1	0.0	0.0	232.7	222.5	0.4	0.0	228.7	227.6	233.8	233.9	233.2	238.1	100.9	99.1	77.9	0.0	233.3	233.0	45.0	51.0	7.4	49.9	0.0	2.0	.Autoclave.Outputs.PRESSIP\OutputValue	2.5	10.2	1.2	-1.0	0.0	-1.0	-1.0	-1.0	0.0	0.0	0.0	-1.0	-1.0	0.0	0.0	0.0	-1.0	0.0
15:45:07	100.0	226.5	231.3	222.9	233.6	231.7	0.1	45.9	-0.1	0.1	0.1	233.6	222.9	1.0	0.1	229.2	228.3	239.2	239.4	238.6	249.6	100.9	100.0	0.9	0.0	241.1	237.5	45.0	68.4	7.5	42.2	0.0	36.7	.Autoclave.Outputs.PRESSIP\OutputValue	1.4	10.7	5.6	-1.0	0.0	-1.0	-1.0	-1.0	0.0	0.0	0.0	-1.0	-1.0	0.0	0.0	0.0	-1.0	0.0
15:46:07	101.0	227.2	231.9	223.4	235.0	232.9	0.1	45.2	-0.1	0.1	0.1	235.0	223.4	1.4	0.4	230.1	229.2	247.9	247.9	247.2	258.8	100.9	101.0	1.9	0.0	249.8	242.5	45.0	68.6	7.7	48.8	0.0	37.3	.Autoclave.Outputs.PRESSIP\OutputValue	1.0	11.6	12.9	-1.0	0.0	-1.0	-1.0	-1.0	0.0	0.0	0.0	-1.0	-1.0	0.0	0.0	0.0	-1.0	0.0
15:47:07	102.0	228.0	232.8	224.2	236.8	234.1	0.1	45.8	-0.1	0.1	0.1	236.8	224.2	1.9	0.9	231.2	230.5	255.5	255.6	254.9	268.0	100.9	102.0	2.9	0.0	258.0	247.5	45.0	72.1	8.0	42.1	0.0	44.3	.Autoclave.Outputs.PRESSIP\OutputValue	0.0	12.6	18.7	-1.0	0.0	-1.0	-1.0	-1.0	0.0	0.0	0.0	-1.0	-1.0	0.0	0.0	0.0	-1.0	0.0
15:48:07	103.0	229.2	233.9	225.2	238.6	235.7	0.1	45.1	-0.1	0.1	0.1	238.6	225.2	1.7	1.0	232.5	231.9	263.6	263.7	262.9	277.4	100.9	103.0	3.9	0.0	266.2	252.4	45.0	72.9	8.3	48.2	0.0	45.7	.Autoclave.Outputs.PRESSIP\OutputValue	-0.7	13.4	25.0	-1.0	0.0	-1.0	-1.0	-1.0	0.0	0.0	0.0	-1.0	-1.0	0.0	0.0	0.0	-1.0	0.0
15:49:06	104.0	230.5	235.2	226.4	240.8	237.6	0.1	45.6	-0.1	0.1	0.1	240.8	226.4	2.2	1.0	234.1	233.6	271.3	271.3	270.7	284.6	101.1	104.0	4.9	0.0	274.1	257.4	45.0	73.7	8.5	42.8	0.0	47.5	.Autoclave.Outputs.PRESSIP\OutputValue	-1.4	14.4	30.5	-1.0	0.0	-1.0	-1.0	-1.0	0.0	0.0	0.0	-1.0	-1.0	0.0	0.0	0.0	-1.0	0.0
15:50:07	105.0	232.0	236.9	227.7	242.3	239.3	0.1	45.5	-0.1	0.1	0.1	242.3	227.7	1.9	1.3	235.6	235.0	273.4	273.4	272.7	280.1	101.1	105.0	5.9	0.0	273.7	258.0	45.0	58.1	8.6	43.0	0.0	16.2	.Autoclave.Outputs.PRESSIP\OutputValue	-2.4	14.6	31.1	-1.0	0.0	-1.0	-1.0	-1.0	0.0	0.0	0.0	-1.0	-1.0	0.0	0.0	0.0	-1.0	0.0
15:51:07	106.1	233.2	238.3	228.8	243.6	240.8	0.0	45.4	-0.1	0.0	0.0	243.6	228.8	1.4	1.1	236.9	236.2	272.6	272.5	271.8	278.3	101.1	106.0	6.9	0.0	272.4	258.0	45.0	55.4	8.6	42.5	0.0	10.9	.Autoclave.Outputs.PRESSIP\OutputValue	-3.3	14.8	29.0	-1.0	0.0	-1.0	-1.0	-1.0	0.0	0.0	0.0	-1.0	-1.0	0.0	0.0	0.0	-1.0	0.0
15:52:07	107.0	234.6	239.7	229.9	244.9	242.1	0.1	45.3	-0.1	0.1	0.1	244.9	229.9	1.5	1.3	238.2	237.4	271.4	271.5	270.8	276.3	101.1	107.0	7.9	0.0	271.1	258.0	45.0	54.1	8.5	42.5	0.0	8.1	.Autoclave.Outputs.PRESSIP\OutputValue	-4.1	15.0	26.5	-1.0	0.0	-1.0	-1.0	-1.0	0.0	0.0	0.0	-1.0	-1.0	0.0	0.0	0.0	-1.0	0.0
15:53:07	108.0	235.7	241.1	231.2	246.1	243.4	0.1	45.3	-0.1	0.1	0.1	246.1	231.2	1.3	1.1	239.5	238.7	270.2	270.2	269.6	274.9	100.9	108.0	8.9	0.0	269.9	258.0	45.0	53.4	8.5	42.4	0.0	6.7	.Autoclave.Outputs.PRESSIP\OutputValue	-4.8	14.9	24.1	-1.0	0.0	-1.0	-1.0	-1.0	0.0	0.0	0.0	-1.0	-1.0	0.0	0.0	0.0	-1.0	0.0
15:54:07	109.1	236.8	242.3	232.3	247.3	244.7	0.1	45.2	-0.1	0.1	0.1	247.3	232.3	1.4	1.1	240.7	239.8	269.2	269.2	268.5	273.8	101.0	109.0	9.9	0.0	268.7	258.0	45.0	52.7	8.5	42.2	0.0	5.3	.Autoclave.Outputs.PRESSIP\OutputValue	-5.4	15.0	21.9	-1.0	0.0	-1.0	-1.0	-1.0	0.0	0.0	0.0	-1.0	-1.0	0.0	0.0	0.0	-1.0	0.0
15:55:07	110.0	238.0	243.5	233.4	248.3	245.8	0.1	45.2	-0.1	0.1	0.1	248.3	233.4	1.2	1.0	241.8	240.9	268.2	268.1	267.4	272.9	100.9	110.0	10.9	0.0	267.7	258.0	45.0	53.3	8.4	42.1	0.0	6.6	.Autoclave.Outputs.PRESSIP\OutputValue	-5.8	14.9	19.9	-1.0	0.0	-1.0	-1.0	-1.0	0.0	0.0	0.0	-1.0	-1.0	0.0	0.0	0.0	-1.0	0.0
15:56:07	111.0	238.9	244.5	234.3	249.1	246.7	0.1	45.2	-0.1	0.1	0.1	249.1	234.3	1.1	0.6	242.7	241.7	267.4	267.4	266.7	271.9	101.0	111.0	11.9	0.0	266.9	258.0	45.0	52.6	8.4	42.3	0.0	5.1	.Autoclave.Outputs.PRESSIP\OutputValue	-6.0	14.8	18.3	-1.0	0.0	-1.0	-1.0	-1.0	0.0	0.0	0.0	-1.0	-1.0	0.0	0.0	0.0	-1.0	0.0
15:57:07	112.0	239.9	245.5	235.3	250.1	247.6	0.1	45.1	-0.1	0.1	0.1	250.1	235.3	1.1	0.9	243.7	242.7	266.5	266.5	265.9	271.0	100.9	112.0	12.9	0.0	266.0	258.0	45.0	53.2	8.3	42.7	0.0	6.4	.Autoclave.Outputs.PRESSIP\OutputValue	-6.0	14.8	16.4	-1.0	0.0	-1.0	-1.0	-1.0	0.0	0.0	0.0	-1.0	-1.0	0.0	0.0	0.0	-1.0	0.0
15:58:06	113.0	240.7	246.4	236.1	250.7	248.5	0.1	45.1	-0.1	0.1	0.1	250.7	236.1	1.0	0.8	244.5	243.4	265.8	265.8	265.1	270.3	100.9	113.0	13.9	0.0	265.3	258.0	45.0	51.8	8.3	42.9	0.0	3.6	.Autoclave.Outputs.PRESSIP\OutputValue	-6.0	14.6	15.1	-1.0	0.0	-1.0	-1.0	-1.0	0.0	0.0	0.0	-1.0	-1.0	0.0	0.0	0.0	-1.0	0.0
15:59:07	114.0	241.6	247.2	236.9	251.6	249.4	0.1	45.1	-0.1	0.1	0.1	251.6	236.9	1.0	0.6	245.3	244.3	264.9	264.9	264.2	269.6	100.9	114.0	14.9	0.0	264.5	258.0	45.0	53.1	8.2	43.3	0.0	6.2	.Autoclave.Outputs.PRESSIP\OutputValue	-6.0	14.7	13.3	-1.0	0.0	-1.0	-1.0	-1.0	0.0	0.0	0.0	-1.0	-1.0	0.0	0.0	0.0	-1.0	0.0
16:00:06	115.0	242.3	248.0	237.8	252.1	250.0	0.1	45.0	-0.1	0.1	0.1	252.1	237.8	1.1	0.5	246.0	245.0	264.4	264.4	263.6	268.8	100.9	115.0	15.9	0.0	263.8	258.0	45.0	52.4	8.1	43.8	0.0	4.7	.Autoclave.Outputs.PRESSIP\OutputValue	-6.0	14.3	12.3	-1.0	0.0	-1.0	-1.0	-1.0	0.0	0.0	0.0	-1.0	-1.0	0.0	0.0	0.0	-1.0	0.0
16:01:06	116.0	243.0	248.7	238.6	252.8	250.6	0.1	45.0	-0.1	0.1	0.1	252.8	238.6	0.8	0.5	246.7	245.7	263.7	263.7	263.1	268.1	100.9	116.0	16.9	0.0	263.3	258.0	45.0	53.0	8.1	43.8	0.0	5.9	.Autoclave.Outputs.PRESSIP\OutputValue	-6.0	14.2	10.9	-1.0	0.0	-1.0	-1.0	-1.0	0.0	0.0	0.0	-1.0	-1.0	0.0	0.0	0.0	-1.0	0.0
16:01:46	116.7	243.5	249.1	239.2	253.2	251.0	0.1	45.0	-0.1	0.1	0.1	253.2	239.2	0.8	0.6	247.2	246.2	263.5	263.5	262.8	267.9	100.9	116.7	17.5	0.0	262.8	258.0	45.0	51.6	8.0	44.0	0.0	3.2	.Autoclave.Outputs.PRESSIP\OutputValue	-6.0	14.0	10.3	-1.0	0.0	-1.0	-1.0	-1.0	0.0	0.0	0.0	-1.0	-1.0	0.0	0.0	0.0	-1.0	0.0
16:02:07	117.0	243.8	249.4	239.5	252.6	250.8	0.1	44.0	-0.1	0.1	0.1	252.6	239.5	0.7	-0.1	247.2	246.1	260.5	260.5	259.8	248.7	100.7	117.0	0.4	90.6	261.0	258.0	45.0	57.1	8.0	54.3	0.0	14.3	.Autoclave.Outputs.PRESSIP\OutputValue	-5.7	13.1	7.9	-1.0	0.0	-1.0	-1.0	-1.0	0.0	0.0	0.0	-1.0	-1.0	0.0	0.0	0.0	-1.0	0.0
16:03:07	118.0	244.0	249.7	239.9	253.3	251.4	0.1	45.6	-0.1	0.1	0.1	253.3	239.9	0.6	0.2	247.7	246.6	259.1	259.1	258.5	266.6	100.9	118.0	1.4	89.6	261.0	258.0	45.0	68.2	8.3	38.4	0.0	36.3	.Autoclave.Outputs.PRESSIP\OutputValue	-6.0	13.4	5.8	-1.0	0.0	-1.0	-1.0	-1.0	0.0	0.0	0.0	-1.0	-1.0	0.0	0.0	0.0	-1.0	0.0
16:04:07	119.0	244.9	250.3	240.7	253.8	251.9	0.1	45.6	-0.6	0.1	0.1	253.8	240.7	0.8	0.4	248.3	247.3	261.3	261.3	260.5	266.2	100.9	119.0	2.4	88.6	261.0	258.0	45.0	54.2	8.4	38.2	0.0	8.4	.Autoclave.Outputs.PRESSIP\OutputValue	-6.0	13.1	7.5	-1.0	0.0	-1.0	-1.0	-1.0	0.0	0.0	0.0	-1.0	-1.0	0.0	0.0	0.0	-1.0	0.0
16:05:07	120.0	245.2	250.8	241.1	254.2	252.3	0.1	45.6	-0.1	0.1	0.1	254.2	241.1	0.6	0.5	248.7	247.7	261.4	261.4	260.7	266.2	101.0	120.0	3.4	87.6	261.0	258.0	45.0	53.5	8.3	38.2	0.0	7.0	.Autoclave.Outputs.PRESSIP\OutputValue	-6.0	13.1	7.2	-1.0	0.0	-1.0	-1.0	-1.0	0.0	0.0	0.0	-1.0	-1.0	0.0	0.0	0.0	-1.0	0.0
16:06:06	121.0	245.9	251.3	241.8	254.5	252.6	0.1	45.6	-0.1	0.1	0.1	254.5	241.8	0.7	0.3	249.2	248.2	261.5	261.5	260.7	266.1	100.9	121.0	4.4	86.6	261.0	258.0	45.0	53.5	8.3	38.2	0.0	6.9	.Autoclave.Outputs.PRESSIP\OutputValue	-6.0	12.7	7.0	-1.0	0.0	-1.0	-1.0	-1.0	0.0	0.0	0.0	-1.0	-1.0	0.0	0.0	0.0	-1.0	0.0
16:07:06	122.0	246.3	251.6	242.4	255.0	253.0	0.1	45.6	-0.1	0.1	0.1	255.0	242.4	0.7	0.4	249.7	248.7	261.4	261.4	260.7	266.2	101.0	122.0	5.4	85.6	261.0	258.0	45.0	53.4	8.2	38.0	0.0	6.8	.Autoclave.Outputs.PRESSIP\OutputValue	-6.0	12.6	6.4	-1.0	0.0	-1.0	-1.0	-1.0	0.0	0.0	0.0	-1.0	-1.0	0.0	0.0	0.0	-1.0	0.0
16:08:06	123.0	246.7	252.1	243.0	255.2	253.3	0.1	45.6	-0.1	0.1	0.1	255.2	243.0	0.7	0.2	250.1	249.1	261.3	261.2	260.5	265.9	101.0	123.0	6.4	84.6	260.7	258.0	45.0	52.4	8.2	38.2	0.0	4.9	.Autoclave.Outputs.PRESSIP\OutputValue	-6.0	12.2	6.1	-1.0	0.0	-1.0	-1.0	-1.0	0.0	0.0	0.0	-1.0	-1.0	0.0	0.0	0.0	-1.0	0.0
16:09:06	124.0	247.4	252.5	243.6	255.5	253.6	0.0	45.6	-0.1	0.0	0.0	255.5	243.6	0.7	0.3	250.5	249.6	261.0	261.0	260.4	265.5	101.0	124.0	7.4	83.6	260.4	258.0	45.0	51.1	8.1	38.4	0.0	2.1	.Autoclave.Outputs.PRESSIP\OutputValue	-6.0	11.9	5.5	-1.0	0.0	-1.0	-1.0	-1.0	0.0	0.0	0.0	-1.0	-1.0	0.0	0.0	0.0	-1.0	0.0
16:10:06	125.0	247.8	252.8	244.1	255.7	254.0	0.0	45.5	-0.1	0.0	0.0	255.7	244.1	0.5	0.1	250.9	249.9	260.7	260.7	260.0	265.4	101.1	125.0	8.4	82.6	260.3	258.0	45.0	52.3	8.1	38.5	0.0	4.7	.Autoclave.Outputs.PRESSIP\OutputValue	-6.0	11.6	5.0	-1.0	0.0	-1.0	-1.0	-1.0	0.0	0.0	0.0	-1.0	-1.0	0.0	0.0	0.0	-1.0	0.0
16:11:06	126.0	248.3	253.3	244.7	255.9	254.3	0.0	45.5	-0.1	0.0	0.0	255.9	244.7	0.8	0.4	251.3	250.3	260.6	260.6	259.9	264.8	101.0	126.0	9.4	81.6	260.1	258.0	45.0	52.3	8.0	38.5	0.0	4.6	.Autoclave.Outputs.PRESSIP\OutputValue	-6.0	11.2	4.7	-1.0	0.0	-1.0	-1.0	-1.0	0.0	0.0	0.0	-1.0	-1.0	0.0	0.0	0.0	-1.0	0.0
16:12:07	127.0	248.7	253.6	245.1	256.3	254.5	0.1	45.5	-0.4	0.1	0.1	256.3	245.1	0.6	0.1	251.6	250.7	260.3	260.3	259.6	264.8	101.2	127.0	10.4	80.6	259.8	258.0	45.0	52.2	8.0	38.7	0.0	4.4	.Autoclave.Outputs.PRESSIP\OutputValue	-6.0	11.2	4.0	-1.0	0.0	-1.0	-1.0	-1.0	0.0	0.0	0.0	-1.0	-1.0	0.0	0.0	0.0	-1.0	0.0
16:13:07	128.0	249.1	253.9	245.7	256.3	254.7	0.1	45.5	-0.1	0.1	0.1	256.3	245.7	0.5	0.2	251.9	251.0	260.1	260.1	259.5	264.5	101.1	128.0	11.4	79.6	259.6	258.0	45.0	52.2	7.9	38.9	0.0	4.3	.Autoclave.Outputs.PRESSIP\OutputValue	-6.0	10.6	3.8	-1.0	0.0	-1.0	-1.0	-1.0	0.0	0.0	0.0	-1.0	-1.0	0.0	0.0	0.0	-1.0	0.0
16:14:07	129.0	249.5	254.2	246.1	256.5	254.9	0.0	45.5	-0.1	0.0	0.0	256.5	246.1	0.5	0.1	252.2	251.3	260.0	260.0	259.2	264.5	101.1	129.0	12.4	78.6	259.4	258.0	45.0	52.1	7.9	38.5	0.0	4.2	.Autoclave.Outputs.PRESSIP\OutputValue	-6.0	10.4	3.5	-1.0	0.0	-1.0	-1.0	-1.0	0.0	0.0	0.0	-1.0	-1.0	0.0	0.0	0.0	-1.0	0.0
16:15:07	130.0	249.9	254.3	246.6	256.7	255.0	0.0	45.5	-0.1	0.0	0.0	256.7	246.6	0.4	0.2	252.5	251.7	259.8	259.7	259.0	264.1	101.2	130.0	13.4	77.6	259.2	258.0	45.0	52.1	7.8	39.1	0.0	4.1	.Autoclave.Outputs.PRESSIP\OutputValue	-6.0	10.1	3.1	-1.0	0.0	-1.0	-1.0	-1.0	0.0	0.0	0.0	-1.0	-1.0	0.0	0.0	0.0	-1.0	0.0
16:16:06	131.0	250.4	254.6	246.9	256.8	255.2	0.0	45.5	-0.1	0.0	0.0	256.8	246.9	0.5	0.1	252.8	251.9	259.7	259.6	259.0	264.2	101.1	131.0	14.4	76.6	259.2	258.0	45.0	52.0	7.8	39.1	0.0	4.0	.Autoclave.Outputs.PRESSIP\OutputValue	-6.0	9.9	2.9	-1.0	0.0	-1.0	-1.0	-1.0	0.0	0.0	0.0	-1.0	-1.0	0.0	0.0	0.0	-1.0	0.0
16:17:06	132.0	250.6	254.8	247.4	256.9	255.4	0.0	45.5	-0.1	0.0	0.0	256.9	247.4	0.4	0.0	253.0	252.2	259.5	259.5	258.8	264.0	101.2	132.0	15.4	75.6	259.1	258.0	45.0	52.6	7.7	39.1	0.0	5.2	.Autoclave.Outputs.PRESSIP\OutputValue	-6.0	9.5	2.6	-1.0	0.0	-1.0	-1.0	-1.0	0.0	0.0	0.0	-1.0	-1.0	0.0	0.0	0.0	-1.0	0.0
16:18:07	133.0	250.7	254.9	247.6	257.0	255.6	0.0	45.5	-0.1	0.0	0.0	257.0	247.6	0.3	0.0	253.2	252.3	259.5	259.4	258.8	263.8	101.1	133.0	16.4	74.6	259.0	258.0	45.0	51.9	7.7	39.1	0.0	3.8	.Autoclave.Outputs.PRESSIP\OutputValue	-6.0	9.4	2.5	-1.0	0.0	-1.0	-1.0	-1.0	0.0	0.0	0.0	-1.0	-1.0	0.0	0.0	0.0	-1.0	0.0
16:19:06	134.0	251.0	255.2	248.1	257.1	255.7	0.0	45.5	-0.1	0.0	0.0	257.1	248.1	0.5	0.1	253.4	252.6	259.4	259.4	258.6	263.7	101.1	134.0	17.4	73.6	258.9	258.0	45.0	51.9	7.6	39.1	0.0	3.7	.Autoclave.Outputs.PRESSIP\OutputValue	-6.0	9.0	2.3	-1.0	0.0	-1.0	-1.0	-1.0	0.0	0.0	0.0	-1.0	-1.0	0.0	0.0	0.0	-1.0	0.0
16:20:06	135.0	251.5	255.3	248.4	257.3	255.9	0.0	45.5	-0.1	0.0	0.0	257.3	248.4	0.4	0.2	253.7	252.9	259.3	259.2	258.6	263.6	101.1	135.0	18.4	72.6	258.8	258.0	45.0	51.8	7.6	39.1	0.0	3.6	.Autoclave.Outputs.PRESSIP\OutputValue	-6.0	8.9	2.0	-1.0	0.0	-1.0	-1.0	-1.0	0.0	0.0	0.0	-1.0	-1.0	0.0	0.0	0.0	-1.0	0.0
16:21:06	136.0	251.7	255.5	248.8	257.3	255.9	0.0	45.5	-0.1	0.0	0.0	257.3	248.8	0.4	0.0	253.8	253.1	259.2	259.2	258.5	263.4	101.3	136.0	19.4	71.6	258.8	258.0	45.0	52.4	7.5	39.5	0.0	4.8	.Autoclave.Outputs.PRESSIP\OutputValue	-6.0	8.5	1.9	-1.0	0.0	-1.0	-1.0	-1.0	0.0	0.0	0.0	-1.0	-1.0	0.0	0.0	0.0	-1.0	0.0
16:22:07	137.0	252.0	255.6	249.2	257.3	256.0	0.0	45.5	-0.1	0.0	0.0	257.3	249.2	0.4	0.0	254.0	253.3	259.1	259.1	258.5	263.5	101.3	137.0	20.4	70.6	258.7	258.0	45.0	51.7	7.5	39.5	0.0	3.4	.Autoclave.Outputs.PRESSIP\OutputValue	-6.0	8.1	1.8	-1.0	0.0	-1.0	-1.0	-1.0	0.0	0.0	0.0	-1.0	-1.0	0.0	0.0	0.0	-1.0	0.0
16:23:07	138.1	252.3	255.8	249.5	257.4	256.2	0.1	45.5	-0.1	0.1	0.1	257.4	249.5	0.3	0.0	254.2	253.5	259.1	259.1	258.3	263.4	101.3	138.0	21.4	69.6	258.6	258.0	45.0	51.7	7.4	39.5	0.0	3.3	.Autoclave.Outputs.PRESSIP\OutputValue	-6.0	7.9	1.7	-1.0	0.0	-1.0	-1.0	-1.0	0.0	0.0	0.0	-1.0	-1.0	0.0	0.0	0.0	-1.0	0.0
16:24:07	139.0	252.5	255.9	249.8	257.5	256.2	0.0	45.4	-0.1	0.0	0.0	257.5	249.8	0.3	0.1	254.4	253.7	259.0	258.9	258.3	263.3	101.2	139.0	22.4	68.6	258.6	258.0	45.0	52.3	7.4	39.7	0.0	4.6	.Autoclave.Outputs.PRESSIP\OutputValue	-6.0	7.7	1.5	-1.0	0.0	-1.0	-1.0	-1.0	0.0	0.0	0.0	-1.0	-1.0	0.0	0.0	0.0	-1.0	0.0
16:25:07	140.0	252.7	256.0	250.1	257.6	256.3	0.1	45.5	-0.1	0.1	0.1	257.6	250.1	0.3	0.0	254.5	253.9	259.0	258.9	258.3	263.2	101.3	140.0	23.4	67.6	258.5	258.0	45.0	51.6	7.3	39.7	0.0	3.1	.Autoclave.Outputs.PRESSIP\OutputValue	-6.0	7.5	1.4	-1.0	0.0	-1.0	-1.0	-1.0	0.0	0.0	0.0	-1.0	-1.0	0.0	0.0	0.0	-1.0	0.0
16:26:06	141.0	252.9	256.1	250.4	257.6	256.4	0.1	45.5	-0.1	0.1	0.1	257.6	250.4	0.4	0.0	254.7	254.0	258.8	258.8	258.1	263.3	101.3	141.0	24.4	66.6	258.5	258.0	45.0	52.9	7.3	39.3	0.0	5.7	.Autoclave.Outputs.PRESSIP\OutputValue	-6.0	7.2	1.2	-1.0	0.0	-1.0	-1.0	-1.0	0.0	0.0	0.0	-1.0	-1.0	0.0	0.0	0.0	-1.0	0.0
16:27:06	142.0	253.2	256.2	250.6	257.6	256.4	0.0	45.5	-0.1	0.0	0.0	257.6	250.6	0.3	-0.2	254.8	254.1	258.8	258.8	258.1	263.4	101.3	142.0	25.4	65.6	258.4	258.0	45.0	52.1	7.2	39.5	0.0	4.3	.Autoclave.Outputs.PRESSIP\OutputValue	-6.0	7.0	1.2	-1.0	0.0	-1.0	-1.0	-1.0	0.0	0.0	0.0	-1.0	-1.0	0.0	0.0	0.0	-1.0	0.0
16:28:06	143.0	253.2	256.3	251.0	257.6	256.4	0.0	45.5	-0.1	0.0	0.0	257.6	251.0	0.5	0.0	254.9	254.3	258.9	258.9	258.1	263.3	101.4	143.0	26.4	64.6	258.4	258.0	45.0	52.1	7.2	39.3	0.0	4.2	.Autoclave.Outputs.PRESSIP\OutputValue	-6.0	6.6	1.3	-1.0	0.0	-1.0	-1.0	-1.0	0.0	0.0	0.0	-1.0	-1.0	0.0	0.0	0.0	-1.0	0.0
16:29:06	144.0	253.5	256.4	251.1	257.6	256.6	0.0	45.4	-0.1	0.0	0.0	257.6	251.1	0.2	0.1	255.0	254.4	258.7	258.7	258.0	263.1	101.3	144.0	27.4	63.6	258.4	258.0	45.0	52.7	7.1	39.7	0.0	5.4	.Autoclave.Outputs.PRESSIP\OutputValue	-6.0	6.5	1.1	-1.0	0.0	-1.0	-1.0	-1.0	0.0	0.0	0.0	-1.0	-1.0	0.0	0.0	0.0	-1.0	0.0
16:30:07	145.0	253.8	256.5	251.4	257.7	256.6	0.0	45.4	-0.1	0.0	0.0	257.7	251.4	0.3	-0.1	255.2	254.6	258.8	258.8	258.1	263.2	101.2	145.0	28.4	62.6	258.4	258.0	45.0	52.0	7.1	39.7	0.0	4.0	.Autoclave.Outputs.PRESSIP\OutputValue	-6.0	6.3	1.1	-1.0	0.0	-1.0	-1.0	-1.0	0.0	0.0	0.0	-1.0	-1.0	0.0	0.0	0.0	-1.0	0.0
16:31:06	146.0	253.8	256.6	251.6	257.6	256.7	0.0	45.5	-0.1	0.0	0.0	257.6	251.6	0.4	0.0	255.3	254.6	258.7	258.7	258.0	263.1	101.3	146.0	29.4	61.6	258.4	258.0	45.0	52.0	7.0	39.5	0.0	3.9	.Autoclave.Outputs.PRESSIP\OutputValue	-6.0	6.0	1.1	-1.0	0.0	-1.0	-1.0	-1.0	0.0	0.0	0.0	-1.0	-1.0	0.0	0.0	0.0	-1.0	0.0
16:32:07	147.0	254.1	256.6	251.8	257.6	256.7	0.0	45.5	-0.1	0.0	0.0	257.6	251.8	0.2	0.0	255.4	254.7	258.8	258.8	258.0	263.3	101.3	147.0	30.4	60.6	258.4	258.0	45.0	51.9	7.0	39.5	0.0	3.8	.Autoclave.Outputs.PRESSIP\OutputValue	-6.0	5.8	1.2	-1.0	0.0	-1.0	-1.0	-1.0	0.0	0.0	0.0	-1.0	-1.0	0.0	0.0	0.0	-1.0	0.0
16:33:07	148.0	254.3	256.6	252.0	257.7	256.7	0.0	45.5	-0.1	0.0	0.0	257.7	252.0	0.2	0.0	255.5	254.9	258.7	258.7	258.0	263.1	101.4	148.0	31.4	59.6	258.3	258.0	45.0	52.5	7.0	39.5	0.0	5.1	.Autoclave.Outputs.PRESSIP\OutputValue	-6.0	5.7	1.0	-1.0	0.0	-1.0	-1.0	-1.0	0.0	0.0	0.0	-1.0	-1.0	0.0	0.0	0.0	-1.0	0.0
16:34:06	149.0	254.3	256.8	252.2	257.8	256.8	0.1	45.5	-0.1	0.1	0.1	257.8	252.2	0.3	0.1	255.6	255.0	258.6	258.6	257.9	262.8	101.3	149.0	32.4	58.6	258.2	258.0	45.0	51.8	6.9	39.5	0.0	3.7	.Autoclave.Outputs.PRESSIP\OutputValue	-6.0	5.6	0.8	-1.0	0.0	-1.0	-1.0	-1.0	0.0	0.0	0.0	-1.0	-1.0	0.0	0.0	0.0	-1.0	0.0
16:35:07	150.0	254.5	256.8	252.4	257.8	256.9	0.0	45.4	-0.1	0.0	0.0	257.8	252.4	0.2	0.0	255.7	255.1	258.6	258.6	257.9	263.0	101.4	150.0	33.4	57.6	258.2	258.0	45.0	51.8	6.9	39.5	0.0	3.6	.Autoclave.Outputs.PRESSIP\OutputValue	-6.0	5.4	0.8	-1.0	0.0	-1.0	-1.0	-1.0	0.0	0.0	0.0	-1.0	-1.0	0.0	0.0	0.0	-1.0	0.0
16:36:07	151.1	254.7	256.9	252.6	257.8	256.9	0.1	45.5	-0.1	0.1	0.1	257.8	252.6	0.2	0.0	255.8	255.2	258.6	258.6	257.9	263.3	101.3	151.0	34.4	56.6	258.2	258.0	45.0	51.7	6.8	39.3	0.0	3.5	.Autoclave.Outputs.PRESSIP\OutputValue	-6.0	5.2	0.8	-1.0	0.0	-1.0	-1.0	-1.0	0.0	0.0	0.0	-1.0	-1.0	0.0	0.0	0.0	-1.0	0.0
16:37:07	152.0	255.0	257.0	252.9	257.8	257.0	0.0	45.5	-0.1	0.0	0.0	257.8	252.9	0.2	-0.1	255.9	255.4	258.6	258.5	257.9	263.0	101.4	152.0	35.4	55.6	258.2	258.0	45.0	52.4	6.8	39.5	0.0	4.7	.Autoclave.Outputs.PRESSIP\OutputValue	-6.0	4.9	0.8	-1.0	0.0	-1.0	-1.0	-1.0	0.0	0.0	0.0	-1.0	-1.0	0.0	0.0	0.0	-1.0	0.0
16:38:07	153.0	255.0	257.0	253.1	257.8	257.1	0.0	45.4	-0.2	0.0	0.0	257.8	253.1	0.4	0.1	256.0	255.5	258.4	258.5	257.7	262.7	101.4	153.0	36.4	54.6	258.1	258.0	45.0	53.0	6.7	39.7	0.0	6.0	.Autoclave.Outputs.PRESSIP\OutputValue	-6.0	4.7	0.6	-1.0	0.0	-1.0	-1.0	-1.0	0.0	0.0	0.0	-1.0	-1.0	0.0	0.0	0.0	-1.0	0.0
16:39:07	154.1	255.2	257.1	253.3	258.0	257.1	0.0	45.4	-0.1	0.0	0.0	258.0	253.3	0.2	0.0	256.1	255.7	258.5	258.5	257.8	262.9	101.3	154.0	37.4	53.6	258.1	258.0	45.0	51.6	6.7	39.7	0.0	3.2	.Autoclave.Outputs.PRESSIP\OutputValue	-6.0	4.7	0.5	-1.0	0.0	-1.0	-1.0	-1.0	0.0	0.0	0.0	-1.0	-1.0	0.0	0.0	0.0	-1.0	0.0
16:40:06	155.0	255.3	257.1	253.4	257.9	257.1	0.1	45.4	-0.1	0.1	0.1	257.9	253.4	0.2	0.0	256.2	255.7	258.4	258.4	257.6	262.9	101.4	155.0	38.4	52.6	258.1	258.0	45.0	52.9	6.7	39.7	0.0	5.8	.Autoclave.Outputs.PRESSIP\OutputValue	-6.0	4.5	0.5	-1.0	0.0	-1.0	-1.0	-1.0	0.0	0.0	0.0	-1.0	-1.0	0.0	0.0	0.0	-1.0	0.0
16:41:06	156.0	255.3	257.2	253.6	257.9	257.2	0.1	45.5	-0.1	0.1	0.1	257.9	253.6	0.2	-0.1	256.2	255.8	258.4	258.4	257.8	262.9	101.4	156.0	39.4	51.6	258.1	258.0	45.0	52.2	6.6	39.5	0.0	4.4	.Autoclave.Outputs.PRESSIP\OutputValue	-6.0	4.3	0.5	-1.0	0.0	-1.0	-1.0	-1.0	0.0	0.0	0.0	-1.0	-1.0	0.0	0.0	0.0	-1.0	0.0
16:42:07	157.0	255.5	257.2	253.8	257.9	257.2	0.1	45.4	-0.1	0.1	0.1	257.9	253.8	0.2	0.0	256.3	255.9	258.5	258.5	257.8	262.7	101.5	157.0	40.4	50.6	258.1	258.0	45.0	51.5	6.6	39.7	0.0	3.0	.Autoclave.Outputs.PRESSIP\OutputValue	-6.0	4.1	0.6	-1.0	0.0	-1.0	-1.0	-1.0	0.0	0.0	0.0	-1.0	-1.0	0.0	0.0	0.0	-1.0	0.0
16:43:06	158.0	255.7	257.2	253.9	258.0	257.3	0.0	45.4	-0.1	0.0	0.0	258.0	253.9	0.3	-0.1	256.4	256.0	258.4	258.3	257.7	262.7	101.6	158.0	41.4	49.6	258.1	258.0	45.0	52.1	6.5	39.7	0.0	4.2	.Autoclave.Outputs.PRESSIP\OutputValue	-6.0	4.1	0.4	-1.0	0.0	-1.0	-1.0	-1.0	0.0	0.0	0.0	-1.0	-1.0	0.0	0.0	0.0	-1.0	0.0
16:44:07	159.0	255.7	257.3	254.0	258.0	257.3	0.0	45.4	-0.1	0.0	0.0	258.0	254.0	0.2	0.0	256.5	256.0	258.3	258.3	257.6	262.7	101.4	159.0	42.4	48.6	258.0	258.0	45.0	52.7	6.5	39.7	0.0	5.5	.Autoclave.Outputs.PRESSIP\OutputValue	-6.0	4.0	0.3	-1.0	0.0	-1.0	-1.0	-1.0	0.0	0.0	0.0	-1.0	-1.0	0.0	0.0	0.0	-1.0	0.0
16:45:07	160.0	255.9	257.4	254.2	258.0	257.4	0.0	45.4	-0.1	0.0	0.0	258.0	254.2	0.3	-0.1	256.6	256.1	258.3	258.3	257.6	262.7	101.5	160.0	43.4	47.6	258.0	258.0	45.0	52.0	6.5	39.7	0.0	4.1	.Autoclave.Outputs.PRESSIP\OutputValue	-6.0	3.8	0.3	-1.0	0.0	-1.0	-1.0	-1.0	0.0	0.0	0.0	-1.0	-1.0	0.0	0.0	0.0	-1.0	0.0
16:46:07	161.0	256.3	257.2	254.4	257.9	257.3	0.0	45.5	-0.1	0.0	0.0	257.9	254.4	0.2	0.0	256.6	256.2	258.4	258.4	257.6	262.8	101.4	161.0	44.4	46.6	258.0	258.0	45.0	51.3	6.4	39.7	0.0	2.7	.Autoclave.Outputs.PRESSIP\OutputValue	-6.0	3.5	0.5	-1.0	0.0	-1.0	-1.0	-1.0	0.0	0.0	0.0	-1.0	-1.0	0.0	0.0	0.0	-1.0	0.0
16:47:07	162.0	256.1	257.4	254.5	258.0	257.4	0.1	45.5	-0.1	0.1	0.1	258.0	254.5	0.2	0.0	256.7	256.3	258.3	258.4	257.6	262.7	101.4	162.0	45.4	45.6	258.0	258.0	45.0	52.0	6.4	39.3	0.0	3.9	.Autoclave.Outputs.PRESSIP\OutputValue	-6.0	3.5	0.3	-1.0	0.0	-1.0	-1.0	-1.0	0.0	0.0	0.0	-1.0	-1.0	0.0	0.0	0.0	-1.0	0.0
16:48:06	163.0	255.9	257.4	254.6	257.8	257.4	0.1	45.4	-0.1	0.1	0.1	257.8	254.6	0.0	-0.2	256.6	256.2	258.4	258.5	257.8	262.8	101.4	163.0	46.4	44.6	258.1	258.0	45.0	51.9	6.4	39.5	0.0	3.9	.Autoclave.Outputs.PRESSIP\OutputValue	-6.0	3.2	0.6	-1.0	0.0	-1.0	-1.0	-1.0	0.0	0.0	0.0	-1.0	-1.0	0.0	0.0	0.0	-1.0	0.0
16:49:07	164.0	256.2	257.4	254.7	257.9	257.3	0.0	45.5	-0.1	0.0	0.0	257.9	254.7	0.2	-0.1	256.7	256.3	258.4	258.4	257.6	262.8	101.5	164.0	47.4	43.6	258.1	258.0	45.0	52.6	6.3	39.5	0.0	5.1	.Autoclave.Outputs.PRESSIP\OutputValue	-6.0	3.2	0.5	-1.0	0.0	-1.0	-1.0	-1.0	0.0	0.0	0.0	-1.0	-1.0	0.0	0.0	0.0	-1.0	0.0
16:50:07	165.0	256.4	257.4	254.8	258.0	257.3	0.0	45.5	-0.4	0.0	0.0	258.0	254.8	0.1	0.0	256.8	256.4	258.4	258.4	257.8	262.8	101.5	165.0	48.4	42.6	258.1	258.0	45.0	51.2	6.3	39.5	0.0	2.4	.Autoclave.Outputs.PRESSIP\OutputValue	-6.0	3.2	0.4	-1.0	0.0	-1.0	-1.0	-1.0	0.0	0.0	0.0	-1.0	-1.0	0.0	0.0	0.0	-1.0	0.0
16:51:06	166.0	256.4	257.4	254.8	257.9	257.4	0.0	45.5	-0.1	0.0	0.0	257.9	254.8	0.1	0.0	256.8	256.4	258.4	258.5	257.8	262.7	101.4	166.0	49.4	41.6	258.1	258.0	45.0	51.2	6.2	39.7	0.0	2.3	.Autoclave.Outputs.PRESSIP\OutputValue	-6.0	3.1	0.5	-1.0	0.0	-1.0	-1.0	-1.0	0.0	0.0	0.0	-1.0	-1.0	0.0	0.0	0.0	-1.0	0.0
16:52:07	167.1	256.4	257.5	255.0	257.9	257.4	0.0	45.5	-0.1	0.0	0.0	257.9	255.0	0.2	-0.2	256.8	256.5	258.4	258.4	257.6	262.8	101.5	167.0	50.4	40.6	258.1	258.0	45.0	52.5	6.2	39.3	0.0	4.9	.Autoclave.Outputs.PRESSIP\OutputValue	-6.0	2.9	0.5	-1.0	0.0	-1.0	-1.0	-1.0	0.0	0.0	0.0	-1.0	-1.0	0.0	0.0	0.0	-1.0	0.0
16:53:07	168.0	256.5	257.5	255.2	258.0	257.4	0.0	45.5	-0.3	0.0	0.0	258.0	255.2	0.2	0.1	256.9	256.6	258.4	258.3	257.6	262.6	101.3	168.0	51.4	39.6	258.0	258.0	45.0	51.1	6.2	39.5	0.0	2.2	.Autoclave.Outputs.PRESSIP\OutputValue	-6.0	2.8	0.4	-1.0	0.0	-1.0	-1.0	-1.0	0.0	0.0	0.0	-1.0	-1.0	0.0	0.0	0.0	-1.0	0.0
16:54:06	169.0	256.5	257.5	255.2	258.0	257.5	0.0	45.4	-0.1	0.0	0.0	258.0	255.2	0.1	-0.2	256.9	256.6	258.4	258.3	257.6	262.7	101.4	169.0	52.4	38.6	258.0	258.0	45.0	51.7	6.1	39.7	0.0	3.5	.Autoclave.Outputs.PRESSIP\OutputValue	-6.0	2.8	0.4	-1.0	0.0	-1.0	-1.0	-1.0	0.0	0.0	0.0	-1.0	-1.0	0.0	0.0	0.0	-1.0	0.0
16:55:07	170.1	256.6	257.6	255.3	258.0	257.5	0.0	45.4	-0.1	0.0	0.0	258.0	255.3	0.2	-0.2	257.0	256.7	258.3	258.3	257.6	262.7	101.6	170.0	53.4	37.6	258.0	258.0	45.0	51.0	6.1	39.7	0.0	2.1	.Autoclave.Outputs.PRESSIP\OutputValue	-6.0	2.7	0.3	-1.0	0.0	-1.0	-1.0	-1.0	0.0	0.0	0.0	-1.0	-1.0	0.0	0.0	0.0	-1.0	0.0
16:56:07	171.0	256.7	257.6	255.4	257.9	257.5	0.0	45.5	-0.1	0.0	0.0	257.9	255.4	0.2	0.0	257.0	256.7	258.3	258.3	257.6	262.7	101.5	171.0	54.4	36.6	258.1	258.0	45.0	52.3	6.1	39.5	0.0	4.7	.Autoclave.Outputs.PRESSIP\OutputValue	-6.0	2.5	0.4	-1.0	0.0	-1.0	-1.0	-1.0	0.0	0.0	0.0	-1.0	-1.0	0.0	0.0	0.0	-1.0	0.0
16:57:07	172.0	257.0	257.6	255.5	258.0	257.6	0.1	45.4	-0.1	0.1	0.1	258.0	255.5	0.2	-0.1	257.1	256.8	258.3	258.3	257.6	262.6	101.6	172.0	55.4	35.6	258.1	258.0	45.0	52.3	6.0	39.9	0.0	4.6	.Autoclave.Outputs.PRESSIP\OutputValue	-6.0	2.5	0.3	-1.0	0.0	-1.0	-1.0	-1.0	0.0	0.0	0.0	-1.0	-1.0	0.0	0.0	0.0	-1.0	0.0
16:58:07	173.0	256.8	257.7	255.5	258.0	257.5	0.0	45.4	-0.1	0.0	0.0	258.0	255.5	0.1	0.0	257.1	256.8	258.3	258.3	257.6	262.6	101.6	173.0	56.4	34.6	258.0	258.0	45.0	50.9	6.0	39.3	0.0	1.9	.Autoclave.Outputs.PRESSIP\OutputValue	-6.0	2.5	0.3	-1.0	0.0	-1.0	-1.0	-1.0	0.0	0.0	0.0	-1.0	-1.0	0.0	0.0	0.0	-1.0	0.0
16:59:07	174.0	257.1	257.6	255.6	258.0	257.6	0.1	45.4	-0.1	0.1	0.1	258.0	255.6	0.1	0.0	257.2	256.8	258.2	258.2	257.5	262.7	101.5	174.0	57.4	33.6	258.0	258.0	45.0	51.6	6.0	39.7	0.0	3.1	.Autoclave.Outputs.PRESSIP\OutputValue	-6.0	2.4	0.2	-1.0	0.0	-1.0	-1.0	-1.0	0.0	0.0	0.0	-1.0	-1.0	0.0	0.0	0.0	-1.0	0.0
17:00:06	175.0	257.1	257.7	255.7	257.9	257.6	0.0	45.4	-0.1	0.0	0.0	257.9	255.7	0.2	-0.1	257.2	256.8	258.3	258.3	257.6	262.5	101.6	175.0	58.4	32.6	258.0	258.0	45.0	51.5	5.9	39.7	0.0	3.1	.Autoclave.Outputs.PRESSIP\OutputValue	-6.0	2.2	0.4	-1.0	0.0	-1.0	-1.0	-1.0	0.0	0.0	0.0	-1.0	-1.0	0.0	0.0	0.0	-1.0	0.0
17:01:06	176.0	257.1	257.7	255.9	258.0	257.6	0.0	45.4	-0.1	0.0	0.0	258.0	255.9	0.1	0.0	257.3	257.0	258.2	258.2	257.6	262.7	101.7	176.0	59.4	31.6	258.0	258.0	45.0	51.5	5.9	39.7	0.0	3.0	.Autoclave.Outputs.PRESSIP\OutputValue	-6.0	2.1	0.2	-1.0	0.0	-1.0	-1.0	-1.0	0.0	0.0	0.0	-1.0	-1.0	0.0	0.0	0.0	-1.0	0.0
17:02:06	177.0	257.1	257.7	255.9	258.0	257.6	0.0	45.4	-0.1	0.0	0.0	258.0	255.9	0.2	0.0	257.3	257.0	258.3	258.2	257.6	262.7	101.8	177.0	60.4	30.6	258.0	258.0	45.0	51.5	5.9	39.9	0.0	2.9	.Autoclave.Outputs.PRESSIP\OutputValue	-6.0	2.1	0.3	-1.0	0.0	-1.0	-1.0	-1.0	0.0	0.0	0.0	-1.0	-1.0	0.0	0.0	0.0	-1.0	0.0
17:03:06	178.0	257.2	257.7	256.0	258.0	257.7	0.0	45.5	-0.1	0.0	0.0	258.0	256.0	0.2	0.0	257.3	257.0	258.3	258.3	257.6	262.5	101.7	178.0	61.4	29.6	258.0	258.0	45.0	51.4	5.8	39.5	0.0	2.9	.Autoclave.Outputs.PRESSIP\OutputValue	-6.0	2.0	0.3	-1.0	0.0	-1.0	-1.0	-1.0	0.0	0.0	0.0	-1.0	-1.0	0.0	0.0	0.0	-1.0	0.0
17:04:06	179.0	257.3	257.8	256.1	258.1	257.7	0.0	45.4	-0.1	0.0	0.0	258.1	256.1	0.2	0.1	257.4	257.1	258.2	258.1	257.5	262.6	101.7	179.0	62.3	28.7	257.9	258.0	45.0	51.4	5.8	39.5	0.0	2.8	.Autoclave.Outputs.PRESSIP\OutputValue	-6.0	2.0	0.1	-1.0	0.0	-1.0	-1.0	-1.0	0.0	0.0	0.0	-1.0	-1.0	0.0	0.0	0.0	-1.0	0.0
17:05:07	180.1	257.3	257.8	256.0	258.1	257.8	0.1	45.4	-0.1	0.1	0.1	258.1	256.0	0.0	-0.2	257.4	257.1	258.2	258.1	257.4	262.6	101.7	180.0	63.4	27.6	257.9	258.0	45.0	51.4	5.8	39.5	0.0	2.7	.Autoclave.Outputs.PRESSIP\OutputValue	-6.0	2.1	0.1	-1.0	0.0	-1.0	-1.0	-1.0	0.0	0.0	0.0	-1.0	-1.0	0.0	0.0	0.0	-1.0	0.0
17:06:07	181.0	257.3	257.8	256.2	258.1	257.7	0.0	45.4	-0.1	0.0	0.0	258.1	256.2	0.2	-0.1	257.4	257.2	258.2	258.2	257.5	262.6	101.6	181.0	64.4	26.6	258.0	258.0	45.0	52.7	5.7	39.7	0.0	5.3	.Autoclave.Outputs.PRESSIP\OutputValue	-6.0	1.9	0.1	-1.0	0.0	-1.0	-1.0	-1.0	0.0	0.0	0.0	-1.0	-1.0	0.0	0.0	0.0	-1.0	0.0
17:07:07	182.0	257.5	257.8	256.3	258.1	257.8	0.0	45.4	-0.1	0.0	0.0	258.1	256.3	0.2	0.0	257.5	257.2	258.2	258.2	257.5	262.4	101.8	182.0	65.4	25.6	257.9	258.0	45.0	51.3	5.7	39.7	0.0	2.6	.Autoclave.Outputs.PRESSIP\OutputValue	-6.0	1.8	0.1	-1.0	0.0	-1.0	-1.0	-1.0	0.0	0.0	0.0	-1.0	-1.0	0.0	0.0	0.0	-1.0	0.0
17:08:06	183.0	257.4	257.9	256.4	258.1	257.8	0.0	45.4	-0.1	0.0	0.0	258.1	256.4	0.0	-0.1	257.5	257.3	258.3	258.3	257.5	262.5	101.7	183.0	66.4	24.6	258.0	258.0	45.0	51.2	5.7	40.1	0.0	2.5	.Autoclave.Outputs.PRESSIP\OutputValue	-6.0	1.7	0.2	-1.0	0.0	-1.0	-1.0	-1.0	0.0	0.0	0.0	-1.0	-1.0	0.0	0.0	0.0	-1.0	0.0
17:09:07	184.0	257.4	257.8	256.3	258.1	257.8	0.0	45.4	-0.1	0.0	0.0	258.1	256.3	0.1	-0.1	257.5	257.2	258.2	258.2	257.5	262.6	101.7	184.0	67.4	23.6	258.0	258.0	45.0	51.9	5.6	39.5	0.0	3.8	.Autoclave.Outputs.PRESSIP\OutputValue	-6.0	1.8	0.1	-1.0	0.0	-1.0	-1.0	-1.0	0.0	0.0	0.0	-1.0	-1.0	0.0	0.0	0.0	-1.0	0.0
17:10:07	185.0	257.5	257.8	256.4	257.9	257.8	0.1	45.5	-0.1	0.1	0.1	257.9	256.4	0.1	-0.1	257.5	257.2	258.1	258.2	257.5	262.7	101.8	185.0	68.4	22.6	257.9	258.0	45.0	52.5	5.6	39.5	0.0	5.0	.Autoclave.Outputs.PRESSIP\OutputValue	-6.0	1.5	0.2	-1.0	0.0	-1.0	-1.0	-1.0	0.0	0.0	0.0	-1.0	-1.0	0.0	0.0	0.0	-1.0	0.0
17:11:06	186.0	257.5	257.8	256.5	258.1	257.8	0.0	45.4	-0.1	0.0	0.0	258.1	256.5	0.1	-0.1	257.5	257.3	258.2	258.2	257.5	262.6	101.8	186.0	69.4	21.6	257.9	258.0	45.0	51.2	5.6	39.7	0.0	2.3	.Autoclave.Outputs.PRESSIP\OutputValue	-6.0	1.6	0.1	-1.0	0.0	-1.0	-1.0	-1.0	0.0	0.0	0.0	-1.0	-1.0	0.0	0.0	0.0	-1.0	0.0
17:12:07	187.0	257.6	257.9	256.5	258.0	257.8	0.1	45.4	-0.1	0.1	0.1	258.0	256.5	0.2	-0.1	257.6	257.3	258.2	258.2	257.5	262.6	101.8	187.0	70.4	20.6	257.9	258.0	45.0	51.1	5.5	39.7	0.0	2.2	.Autoclave.Outputs.PRESSIP\OutputValue	-6.0	1.5	0.2	-1.0	0.0	-1.0	-1.0	-1.0	0.0	0.0	0.0	-1.0	-1.0	0.0	0.0	0.0	-1.0	0.0
17:13:07	188.0	257.6	257.7	256.5	258.1	257.7	0.1	45.5	-0.1	0.1	0.1	258.1	256.5	0.1	-0.1	257.5	257.3	258.1	258.2	257.4	262.5	101.8	188.0	71.4	19.6	258.0	258.0	45.0	51.8	5.5	39.7	0.0	3.5	.Autoclave.Outputs.PRESSIP\OutputValue	-6.0	1.6	0.0	-1.0	0.0	-1.0	-1.0	-1.0	0.0	0.0	0.0	-1.0	-1.0	0.0	0.0	0.0	-1.0	0.0
17:14:06	189.0	257.4	257.7	256.5	258.0	257.8	0.0	45.4	-0.1	0.0	0.0	258.0	256.5	0.0	-0.1	257.5	257.3	258.1	258.1	257.4	262.6	101.8	189.0	72.4	18.6	258.0	258.0	45.0	52.4	5.5	39.7	0.0	4.8	.Autoclave.Outputs.PRESSIP\OutputValue	-6.0	1.5	0.1	-1.0	0.0	-1.0	-1.0	-1.0	0.0	0.0	0.0	-1.0	-1.0	0.0	0.0	0.0	-1.0	0.0
17:15:06	190.0	257.6	257.7	256.5	258.0	257.8	0.0	45.5	-0.1	0.0	0.0	258.0	256.5	0.1	-0.1	257.5	257.3	258.3	258.3	257.6	262.6	101.7	190.0	73.4	17.6	258.1	258.0	45.0	51.7	5.4	39.5	0.0	3.4	.Autoclave.Outputs.PRESSIP\OutputValue	-6.0	1.5	0.3	-1.0	0.0	-1.0	-1.0	-1.0	0.0	0.0	0.0	-1.0	-1.0	0.0	0.0	0.0	-1.0	0.0
17:16:07	191.0	257.8	257.7	256.6	258.0	257.8	0.0	45.5	-0.1	0.0	0.0	258.0	256.6	0.1	0.0	257.6	257.3	258.2	258.3	257.6	262.6	101.9	191.0	74.4	16.6	258.0	258.0	45.0	51.7	5.4	39.5	0.0	3.4	.Autoclave.Outputs.PRESSIP\OutputValue	-6.0	1.4	0.2	-1.0	0.0	-1.0	-1.0	-1.0	0.0	0.0	0.0	-1.0	-1.0	0.0	0.0	0.0	-1.0	0.0
17:17:06	192.0	257.6	257.7	256.6	258.0	257.8	0.0	45.5	-0.1	0.0	0.0	258.0	256.6	0.1	0.0	257.5	257.3	258.2	258.2	257.5	262.5	101.9	192.0	75.4	15.6	258.0	258.0	45.0	51.0	5.4	39.5	0.0	2.0	.Autoclave.Outputs.PRESSIP\OutputValue	-6.0	1.4	0.2	-1.0	0.0	-1.0	-1.0	-1.0	0.0	0.0	0.0	-1.0	-1.0	0.0	0.0	0.0	-1.0	0.0
17:18:07	193.0	257.6	257.8	256.7	258.0	257.8	0.0	45.4	-0.1	0.0	0.0	258.0	256.7	0.1	0.0	257.6	257.4	258.3	258.3	257.5	262.5	101.8	193.0	76.4	14.6	258.1	258.0	45.0	50.9	5.4	39.7	0.0	1.9	.Autoclave.Outputs.PRESSIP\OutputValue	-6.0	1.3	0.3	-1.0	0.0	-1.0	-1.0	-1.0	0.0	0.0	0.0	-1.0	-1.0	0.0	0.0	0.0	-1.0	0.0
17:19:06	194.0	257.9	257.9	256.8	258.0	257.9	0.0	45.5	-0.1	0.0	0.0	258.0	256.8	0.2	0.0	257.7	257.4	258.3	258.3	257.6	262.5	101.8	194.0	77.4	13.6	258.0	258.0	45.0	50.9	5.3	39.5	0.0	1.8	.Autoclave.Outputs.PRESSIP\OutputValue	-6.0	1.2	0.3	-1.0	0.0	-1.0	-1.0	-1.0	0.0	0.0	0.0	-1.0	-1.0	0.0	0.0	0.0	-1.0	0.0
17:20:06	195.0	257.8	257.9	256.9	258.1	257.9	0.1	45.4	-0.1	0.1	0.1	258.1	256.9	0.2	0.0	257.7	257.5	258.2	258.2	257.5	262.6	101.8	195.0	78.4	12.6	257.9	258.0	45.0	51.5	5.3	39.7	0.0	3.1	.Autoclave.Outputs.PRESSIP\OutputValue	-6.0	1.2	0.1	-1.0	0.0	-1.0	-1.0	-1.0	0.0	0.0	0.0	-1.0	-1.0	0.0	0.0	0.0	-1.0	0.0
17:21:06	196.0	257.7	257.9	256.9	258.1	257.8	0.0	45.4	-0.1	0.0	0.0	258.1	256.9	0.1	0.0	257.7	257.5	258.2	258.2	257.5	262.5	101.7	196.0	79.4	11.6	257.9	258.0	45.0	51.5	5.2	39.7	0.0	3.0	.Autoclave.Outputs.PRESSIP\OutputValue	-6.0	1.2	0.1	-1.0	0.0	-1.0	-1.0	-1.0	0.0	0.0	0.0	-1.0	-1.0	0.0	0.0	0.0	-1.0	0.0
17:22:06	197.0	257.7	257.8	256.8	258.1	257.9	0.1	45.4	-0.1	0.1	0.1	258.1	256.8	0.0	-0.2	257.7	257.5	258.2	258.2	257.4	262.6	101.8	197.0	80.4	10.6	257.8	258.0	45.0	49.5	5.2	39.7	0.0	0.0	.Autoclave.Outputs.PRESSIP\OutputValue	-6.0	1.3	0.1	-1.0	0.0	-1.0	-1.0	-1.0	0.0	0.0	0.0	-1.0	-1.0	0.0	0.0	0.0	-1.0	0.0
17:23:07	198.0	258.0	257.9	256.9	258.1	257.9	0.0	45.4	-0.1	0.0	0.0	258.1	256.9	0.2	-0.1	257.8	257.5	258.2	258.2	257.5	262.5	101.9	198.0	81.4	9.6	258.0	258.0	45.0	51.4	5.2	39.9	0.0	2.9	.Autoclave.Outputs.PRESSIP\OutputValue	-6.0	1.2	0.1	-1.0	0.0	-1.0	-1.0	-1.0	0.0	0.0	0.0	-1.0	-1.0	0.0	0.0	0.0	-1.0	0.0
17:24:07	199.1	257.8	258.0	256.9	258.1	257.9	0.1	45.5	-0.1	0.1	0.1	258.1	256.9	0.2	-0.1	257.7	257.5	258.0	258.0	257.4	262.6	101.7	199.0	82.4	8.6	257.9	258.0	45.0	52.1	5.2	39.7	0.0	4.2	.Autoclave.Outputs.PRESSIP\OutputValue	-6.0	1.2	-0.1	-1.0	0.0	-1.0	-1.0	-1.0	0.0	0.0	0.0	-1.0	-1.0	0.0	0.0	0.0	-1.0	0.0
17:25:07	200.0	257.9	257.9	257.0	258.1	257.9	0.0	45.4	-0.1	0.0	0.0	258.1	257.0	0.1	0.0	257.8	257.6	258.1	258.1	257.5	262.4	101.7	200.0	83.4	7.6	257.9	258.0	45.0	51.4	5.1	39.9	0.0	2.8	.Autoclave.Outputs.PRESSIP\OutputValue	-6.0	1.1	0.0	-1.0	0.0	-1.0	-1.0	-1.0	0.0	0.0	0.0	-1.0	-1.0	0.0	0.0	0.0	-1.0	0.0
17:26:06	201.0	257.9	257.9	257.1	258.0	257.9	0.0	45.4	-0.1	0.0	0.0	258.0	257.1	0.1	0.0	257.8	257.6	258.1	258.2	257.4	262.5	101.7	201.0	84.4	6.6	257.9	258.0	45.0	52.0	5.1	39.5	0.0	4.1	.Autoclave.Outputs.PRESSIP\OutputValue	-6.0	0.9	0.1	-1.0	0.0	-1.0	-1.0	-1.0	0.0	0.0	0.0	-1.0	-1.0	0.0	0.0	0.0	-1.0	0.0
17:27:06	202.0	258.1	258.1	257.1	258.2	257.9	0.1	45.5	-0.1	0.1	0.1	258.2	257.1	0.1	0.0	257.9	257.7	258.0	258.0	257.3	262.5	101.7	202.0	85.4	5.6	257.9	258.0	45.0	52.0	5.1	39.7	0.0	4.0	.Autoclave.Outputs.PRESSIP\OutputValue	-6.0	1.1	-0.2	-1.0	0.0	-1.0	-1.0	-1.0	0.0	0.0	0.0	-1.0	-1.0	0.0	0.0	0.0	-1.0	0.0
17:28:06	203.0	258.1	258.0	257.1	258.1	258.0	0.1	45.4	-0.1	0.1	0.1	258.1	257.1	0.1	-0.1	257.9	257.6	258.1	258.1	257.3	262.4	101.7	203.0	86.4	4.6	257.9	258.0	45.0	51.3	5.1	39.7	0.0	2.6	.Autoclave.Outputs.PRESSIP\OutputValue	-6.0	1.0	0.0	-1.0	0.0	-1.0	-1.0	-1.0	0.0	0.0	0.0	-1.0	-1.0	0.0	0.0	0.0	-1.0	0.0
17:29:07	204.0	258.1	258.0	257.1	258.1	257.9	0.0	45.4	-0.1	0.0	0.0	258.1	257.1	0.1	-0.1	257.8	257.6	258.2	258.1	257.4	262.5	101.8	204.0	87.4	3.6	257.9	258.0	45.0	50.6	5.0	39.7	0.0	1.2	.Autoclave.Outputs.PRESSIP\OutputValue	-6.0	1.0	0.1	-1.0	0.0	-1.0	-1.0	-1.0	0.0	0.0	0.0	-1.0	-1.0	0.0	0.0	0.0	-1.0	0.0
17:30:06	205.0	258.1	258.0	257.3	258.0	257.9	0.1	45.5	-0.1	0.1	0.1	258.1	257.3	0.1	-0.1	257.9	257.7	258.1	258.1	257.5	262.5	101.7	205.0	88.4	2.6	257.8	258.0	45.0	50.6	5.0	39.7	0.0	1.2	.Autoclave.Outputs.PRESSIP\OutputValue	-6.0	0.8	0.0	-1.0	0.0	-1.0	-1.0	-1.0	0.0	0.0	0.0	-1.0	-1.0	0.0	0.0	0.0	-1.0	0.0
17:31:06	206.0	258.1	258.1	257.3	258.1	257.9	0.0	45.4	-0.1	0.0	0.0	258.1	257.3	0.1	0.0	257.9	257.7	258.1	258.1	257.6	262.5	101.8	206.0	89.4	1.6	257.9	258.0	45.0	50.5	5.0	39.7	0.0	1.1	.Autoclave.Outputs.PRESSIP\OutputValue	-6.0	0.8	0.0	-1.0	0.0	-1.0	-1.0	-1.0	0.0	0.0	0.0	-1.0	-1.0	0.0	0.0	0.0	-1.0	0.0
17:32:07	207.0	258.1	257.9	257.2	258.1	258.0	0.1	45.4	-0.1	0.1	0.1	258.1	257.2	0.0	-0.2	257.9	257.7	258.2	258.3	257.5	262.4	101.8	207.0	90.4	0.6	257.8	258.0	45.0	49.8	4.9	39.7	0.0	0.0	.Autoclave.Outputs.PRESSIP\OutputValue	-6.0	0.9	0.1	-1.0	0.0	-1.0	-1.0	-1.0	0.0	0.0	0.0	-1.0	-1.0	0.0	0.0	0.0	-1.0	0.0
17:32:46	207.7	258.1	258.1	257.1	258.1	257.9	0.0	45.4	-0.1	0.0	0.0	258.1	257.1	0.1	-0.1	257.9	257.6	258.2	258.2	257.4	262.4	101.9	207.7	91.0	0.0	257.9	258.0	45.0	50.5	4.9	39.9	0.0	1.0	.Autoclave.Outputs.PRESSIP\OutputValue	-6.0	1.0	0.1	-1.0	0.0	-1.0	-1.0	-1.0	0.0	0.0	0.0	-1.0	-1.0	0.0	0.0	0.0	-1.0	0.0
17:33:06	208.0	258.1	258.1	257.2	258.0	258.0	0.0	45.0	-0.1	0.0	0.0	258.1	257.2	0.1	0.0	257.9	257.7	258.0	257.9	257.2	256.0	101.8	208.0	0.4	0.0	256.6	256.6	45.0	43.5	4.9	42.7	-1.0	0.0	.Autoclave.Outputs.PRESSIP\OutputValue	-6.0	0.9	-0.1	-1.0	0.0	-1.0	-1.0	-1.0	0.0	0.0	0.0	-1.0	-1.0	0.0	0.0	0.0	-1.0	0.0
17:34:07	209.0	257.7	257.6	257.2	257.1	257.2	0.0	45.0	-0.1	0.0	0.0	257.7	257.1	-0.2	-1.0	257.4	257.4	251.4	251.4	250.6	255.7	101.8	209.0	1.4	0.0	252.6	252.6	45.0	62.3	5.1	44.4	0.0	24.6	.Autoclave.Outputs.PRESSIP\OutputValue	-5.6	0.6	-6.3	-1.0	0.0	-1.0	-1.0	-1.0	0.0	0.0	0.0	-1.0	-1.0	0.0	0.0	0.0	-1.0	0.0
17:35:07	210.0	257.5	257.4	257.0	256.4	256.7	0.0	44.3	-0.1	0.0	0.0	257.5	256.4	0.0	-0.5	257.0	257.0	249.5	249.4	248.7	243.1	101.6	210.0	2.4	0.0	248.6	248.6	45.0	47.0	5.0	51.1	-1.0	0.0	.Autoclave.Outputs.PRESSIP\OutputValue	-5.3	1.1	-8.0	-1.0	0.0	-1.0	-1.0	-1.0	0.0	0.0	0.0	-1.0	-1.0	0.0	0.0	0.0	-1.0	0.0
17:36:07	211.0	257.0	256.9	256.7	255.5	255.9	0.1	45.3	-0.1	0.1	0.1	257.0	255.5	-0.3	-1.1	256.4	256.3	244.2	244.2	243.5	247.7	101.9	211.0	3.4	0.0	244.6	244.6	45.0	56.5	5.3	42.1	0.0	12.9	.Autoclave.Outputs.PRESSIP\OutputValue	-5.3	1.5	-12.8	-1.0	0.0	-1.0	-1.0	-1.0	0.0	0.0	0.0	-1.0	-1.0	0.0	0.0	0.0	-1.0	0.0
17:37:06	212.0	256.7	256.4	256.4	253.5	254.7	0.0	44.4	-0.1	0.0	0.0	256.7	253.5	-0.3	-1.7	255.5	255.1	238.3	238.3	237.5	229.6	101.7	212.0	4.4	0.0	240.6	240.6	45.0	67.2	5.2	51.3	0.0	34.4	.Autoclave.Outputs.PRESSIP\OutputValue	-5.1	3.2	-18.4	-1.0	0.0	-1.0	-1.0	-1.0	0.0	0.0	0.0	-1.0	-1.0	0.0	0.0	0.0	-1.0	0.0
17:38:06	213.0	255.9	255.5	255.8	253.2	254.0	0.0	44.7	-0.1	0.0	0.0	255.9	253.2	-0.5	-0.9	254.9	254.6	237.3	237.3	236.6	239.0	101.7	213.0	5.4	0.0	236.6	236.6	45.0	48.7	5.4	48.3	0.0	0.0	.Autoclave.Outputs.PRESSIP\OutputValue	-4.6	2.7	-18.6	-1.0	0.0	-1.0	-1.0	-1.0	0.0	0.0	0.0	-1.0	-1.0	0.0	0.0	0.0	-1.0	0.0
17:39:07	214.0	255.2	254.4	255.2	251.5	252.6	0.0	45.2	-0.1	0.0	0.0	255.2	251.5	-0.7	-1.6	253.8	253.4	231.1	231.0	230.3	233.2	102.0	214.0	6.4	0.0	232.6	232.6	45.0	63.5	5.5	44.0	0.0	26.9	.Autoclave.Outputs.PRESSIP\OutputValue	-4.1	3.7	-24.1	-1.0	0.0	-1.0	-1.0	-1.0	0.0	0.0	0.0	-1.0	-1.0	0.0	0.0	0.0	-1.0	0.0
17:40:07	215.1	254.5	253.6	254.7	249.4	251.0	0.0	44.4	-0.1	0.0	0.0	254.7	249.4	-0.6	-2.4	252.6	252.1	226.0	226.0	225.2	219.1	101.7	215.0	7.4	0.0	228.6	228.6	45.0	69.4	5.5	51.9	0.0	38.9	.Autoclave.Outputs.PRESSIP\OutputValue	-3.9	5.3	-28.7	-1.0	0.0	-1.0	-1.0	-1.0	0.0	0.0	0.0	-1.0	-1.0	0.0	0.0	0.0	-1.0	0.0
17:41:07	216.0	253.5	252.5	253.9	248.7	250.2	0.1	44.7	-0.1	0.1	0.1	253.9	248.7	-0.7	-1.3	251.8	251.3	225.9	225.9	225.2	226.7	101.8	216.0	8.4	0.0	224.6	224.6	45.0	44.2	5.6	50.0	-1.0	0.0	.Autoclave.Outputs.PRESSIP\OutputValue	-3.4	5.2	-28.0	-1.0	0.0	-1.0	-1.0	-1.0	0.0	0.0	0.0	-1.0	-1.0	0.0	0.0	0.0	-1.0	0.0
17:42:06	217.0	252.4	251.2	253.2	246.7	248.4	0.0	45.3	-0.1	0.0	0.0	253.2	246.7	-0.7	-2.1	250.4	250.0	220.3	220.3	219.6	223.0	101.8	217.0	9.4	0.0	220.6	220.6	45.0	55.8	5.7	44.2	0.0	11.5	.Autoclave.Outputs.PRESSIP\OutputValue	-3.2	6.5	-32.9	-1.0	0.0	-1.0	-1.0	-1.0	0.0	0.0	0.0	-1.0	-1.0	0.0	0.0	0.0	-1.0	0.0
17:43:07	218.0	251.2	249.8	252.3	244.6	246.5	0.0	44.9	-0.1	0.0	0.0	252.3	244.6	-0.8	-2.3	248.9	248.5	214.5	214.5	213.9	216.2	102.0	218.0	10.4	0.0	216.6	216.6	45.0	67.8	5.7	48.2	0.0	35.5	.Autoclave.Outputs.PRESSIP\OutputValue	-3.0	7.7	-37.8	-1.0	0.0	-1.0	-1.0	-1.0	0.0	0.0	0.0	-1.0	-1.0	0.0	0.0	0.0	-1.0	0.0
17:44:07	219.0	250.1	248.5	251.4	242.5	244.8	0.0	44.1	-0.1	0.0	0.0	251.4	242.5	-1.0	-1.4	247.5	247.0	211.4	211.4	210.7	202.7	101.7	219.0	11.4	0.0	212.6	212.6	45.0	60.8	5.7	56.7	0.0	21.5	.Autoclave.Outputs.PRESSIP\OutputValue	-2.3	8.9	-40.0	-1.0	0.0	-1.0	-1.0	-1.0	0.0	0.0	0.0	-1.0	-1.0	0.0	0.0	0.0	-1.0	0.0
17:45:07	220.0	249.0	246.8	250.3	241.1	243.2	0.0	44.2	-0.1	0.0	0.0	250.3	241.1	-1.1	-1.9	246.1	245.7	210.0	209.9	209.3	208.9	102.0	220.0	12.4	0.0	208.6	208.6	45.0	44.5	5.8	55.6	-1.0	0.0	.Autoclave.Outputs.PRESSIP\OutputValue	-1.1	9.2	-40.3	-1.0	0.0	-1.0	-1.0	-1.0	0.0	0.0	0.0	-1.0	-1.0	0.0	0.0	0.0	-1.0	0.0
17:46:07	221.0	247.4	245.0	249.1	239.0	241.3	-0.1	44.9	-0.1	-0.1	-0.1	249.1	239.0	-1.3	-2.3	244.4	244.1	204.8	204.8	204.1	206.9	102.1	221.0	13.4	0.0	204.6	204.6	45.0	52.6	5.8	50.2	0.0	5.1	.Autoclave.Outputs.PRESSIP\OutputValue	-0.5	10.1	-44.3	-1.0	0.0	-1.0	-1.0	-1.0	0.0	0.0	0.0	-1.0	-1.0	0.0	0.0	0.0	-1.0	0.0
17:47:06	222.0	246.1	243.3	247.9	236.3	239.1	0.0	44.6	-0.1	0.0	0.0	247.9	236.3	-1.2	-2.7	242.5	242.1	199.8	199.8	199.1	201.4	102.2	222.0	14.4	0.0	200.6	200.6	45.0	59.3	5.9	54.7	0.0	18.6	.Autoclave.Outputs.PRESSIP\OutputValue	0.4	11.6	-48.1	-1.0	0.0	-1.0	-1.0	-1.0	0.0	0.0	0.0	-1.0	-1.0	0.0	0.0	0.0	-1.0	0.0
17:48:06	223.0	244.6	241.4	246.7	233.9	236.8	-0.1	44.9	-0.1	-0.1	-0.1	246.7	233.9	-1.2	-2.3	240.7	240.3	194.9	194.8	194.2	193.9	102.1	223.0	15.4	0.0	196.6	196.6	45.0	65.3	5.9	52.1	0.0	30.7	.Autoclave.Outputs.PRESSIP\OutputValue	1.3	12.8	-51.8	-1.0	0.0	-1.0	-1.0	-1.0	0.0	0.0	0.0	-1.0	-1.0	0.0	0.0	0.0	-1.0	0.0
17:49:07	224.0	243.1	239.5	245.4	231.5	234.9	0.0	44.3	-0.1	0.0	0.0	245.4	231.5	-1.2	-2.2	238.9	238.5	192.1	192.0	191.3	184.6	102.2	224.0	16.4	0.0	192.6	192.6	45.0	57.3	5.8	58.4	0.0	14.6	.Autoclave.Outputs.PRESSIP\OutputValue	1.6	13.9	-53.3	-1.0	0.0	-1.0	-1.0	-1.0	0.0	0.0	0.0	-1.0	-1.0	0.0	0.0	0.0	-1.0	0.0
17:50:06	225.0	241.4	237.5	244.0	229.5	232.7	0.0	44.3	-0.1	0.0	0.0	244.0	229.5	-1.5	-2.2	237.0	236.8	190.5	190.4	189.8	186.6	102.1	225.0	17.4	0.0	188.6	188.6	45.0	41.4	5.8	59.2	-1.0	0.0	.Autoclave.Outputs.PRESSIP\OutputValue	2.4	14.5	-53.5	-1.0	0.0	-1.0	-1.0	-1.0	0.0	0.0	0.0	-1.0	-1.0	0.0	0.0	0.0	-1.0	0.0
17:51:06	226.0	239.7	235.5	242.4	226.8	230.3	0.0	45.0	-0.1	0.0	0.0	242.4	226.8	-1.5	-2.9	234.9	234.6	185.3	185.3	184.6	186.3	102.1	226.0	18.4	0.0	184.6	184.6	45.0	49.4	5.9	53.0	0.0	0.0	.Autoclave.Outputs.PRESSIP\OutputValue	3.0	15.6	-57.1	-1.0	0.0	-1.0	-1.0	-1.0	0.0	0.0	0.0	-1.0	-1.0	0.0	0.0	0.0	-1.0	0.0
17:52:07	227.0	237.6	233.2	241.0	224.1	227.6	0.0	44.7	-0.1	0.0	0.0	241.0	224.1	-1.5	-2.8	232.7	232.6	180.8	180.8	180.1	182.0	102.1	227.0	19.4	0.0	180.6	180.6	45.0	52.7	5.8	56.9	0.0	5.4	.Autoclave.Outputs.PRESSIP\OutputValue	3.6	16.9	-60.2	-1.0	0.0	-1.0	-1.0	-1.0	0.0	0.0	0.0	-1.0	-1.0	0.0	0.0	0.0	-1.0	0.0
17:52:45	227.7	236.7	231.8	239.9	221.9	226.0	-0.2	44.0	-0.1	-0.2	-0.2	239.9	221.9	-1.6	-2.5	231.3	230.9	177.6	177.6	176.9	171.5	102.1	227.7	20.0	0.0	178.1	178.0	45.0	57.2	5.8	63.8	0.0	14.4	.Autoclave.Outputs.PRESSIP\OutputValue	4.4	18.0	-62.4	-1.0	0.0	-1.0	-1.0	-1.0	0.0	0.0	0.0	-1.0	-1.0	0.0	0.0	0.0	-1.0	0.0
17:53:07	228.1	235.9	231.0	239.2	221.4	225.3	-0.1	44.4	-0.1	-0.1	-0.1	239.2	221.4	-1.7	-2.8	230.6	230.3	176.5	176.5	175.8	177.5	102.1	228.0	0.4	0.0	176.6	176.6	45.0	54.7	5.8	61.8	0.0	9.3	.Autoclave.Outputs.PRESSIP\OutputValue	5.0	17.8	-62.7	-1.0	0.0	-1.0	-1.0	-1.0	0.0	0.0	0.0	-1.0	-1.0	0.0	0.0	0.0	-1.0	0.0
17:54:07	229.0	234.0	228.7	237.6	218.3	222.6	0.0	44.6	-0.1	0.0	0.0	237.6	218.3	-1.8	-3.0	228.2	228.0	172.0	172.0	171.2	171.6	102.3	229.0	1.4	0.0	172.6	172.6	45.0	57.9	5.8	60.4	0.0	15.9	.Autoclave.Outputs.PRESSIP\OutputValue	6.3	19.3	-65.6	-1.0	0.0	-1.0	-1.0	-1.0	0.0	0.0	0.0	-1.0	-1.0	0.0	0.0	0.0	-1.0	0.0
17:55:07	230.0	231.9	226.4	236.1	215.7	220.1	0.0	44.7	-0.1	0.0	0.0	236.1	215.7	-1.5	-2.8	226.0	225.9	168.3	168.2	167.4	162.9	102.3	230.0	2.4	0.0	168.6	168.6	45.0	55.9	5.7	60.4	0.0	11.8	.Autoclave.Outputs.PRESSIP\OutputValue	7.4	20.4	-67.8	-1.0	0.0	-1.0	-1.0	-1.0	0.0	0.0	0.0	-1.0	-1.0	0.0	0.0	0.0	-1.0	0.0
17:56:07	231.0	230.1	223.9	234.3	213.0	217.4	-0.1	44.4	-0.3	-0.1	-0.1	234.3	213.0	-1.8	-2.5	223.7	223.6	165.3	165.2	164.5	160.2	102.1	231.0	3.4	0.0	164.6	164.6	45.0	49.2	5.7	64.1	-1.0	0.0	.Autoclave.Outputs.PRESSIP\OutputValue	7.9	21.3	-69.0	-1.0	0.0	-1.0	-1.0	-1.0	0.0	0.0	0.0	-1.0	-1.0	0.0	0.0	0.0	-1.0	0.0
17:57:07	232.0	228.0	221.3	232.5	210.0	214.7	-0.1	44.0	-0.1	-0.1	-0.1	232.5	210.0	-1.9	-3.1	221.3	221.2	160.9	160.7	160.0	156.2	102.2	232.0	4.4	0.0	160.6	160.6	45.0	51.8	5.6	67.4	0.0	3.6	.Autoclave.Outputs.PRESSIP\OutputValue	8.0	22.5	-71.6	-1.0	0.0	-1.0	-1.0	-1.0	0.0	0.0	0.0	-1.0	-1.0	0.0	0.0	0.0	-1.0	0.0
17:58:07	233.0	225.7	218.8	230.6	207.2	212.0	0.0	44.5	-0.1	0.0	0.0	230.6	207.2	-1.9	-2.7	218.9	218.9	158.0	158.0	157.2	154.4	102.5	233.0	5.4	0.0	156.6	156.6	45.0	43.1	5.5	62.9	-1.0	0.0	.Autoclave.Outputs.PRESSIP\OutputValue	8.0	23.4	-72.6	-1.0	0.0	-1.0	-1.0	-1.0	0.0	0.0	0.0	-1.0	-1.0	0.0	0.0	0.0	-1.0	0.0
17:59:07	234.0	223.5	216.2	228.7	204.2	209.3	0.0	44.3	-0.1	0.0	0.0	228.7	204.2	-2.0	-3.2	216.4	216.4	154.4	154.2	153.6	152.8	102.3	234.0	6.4	0.0	152.6	152.6	45.0	41.7	5.5	64.8	-1.0	0.0	.Autoclave.Outputs.PRESSIP\OutputValue	8.0	24.5	-74.3	-1.0	0.0	-1.0	-1.0	-1.0	0.0	0.0	0.0	-1.0	-1.0	0.0	0.0	0.0	-1.0	0.0
18:00:06	235.0	221.2	213.5	226.5	200.9	206.3	0.0	44.7	-0.1	0.0	0.0	226.5	200.9	-2.0	-3.4	213.7	213.7	149.9	149.9	149.0	149.9	102.5	235.0	7.4	0.0	148.6	148.6	45.0	45.7	5.4	61.0	-1.0	0.0	.Autoclave.Outputs.PRESSIP\OutputValue	8.0	25.6	-76.6	-1.0	0.0	-1.0	-1.0	-1.0	0.0	0.0	0.0	-1.0	-1.0	0.0	0.0	0.0	-1.0	0.0
18:01:07	236.0	218.9	210.8	224.7	197.8	203.4	0.0	44.3	-0.1	0.0	0.0	224.7	197.8	-2.0	-3.1	211.1	211.2	145.2	145.2	144.6	145.1	102.5	236.0	8.4	0.0	144.6	144.6	45.0	49.5	5.3	64.8	0.0	0.0	.Autoclave.Outputs.PRESSIP\OutputValue	8.0	26.9	-79.5	-1.0	0.0	-1.0	-1.0	-1.0	0.0	0.0	0.0	-1.0	-1.0	0.0	0.0	0.0	-1.0	0.0
18:02:07	237.0	216.6	207.8	222.4	194.3	200.3	-0.1	44.5	-0.1	-0.1	-0.1	222.4	194.3	-2.2	-3.4	208.3	208.3	141.8	141.7	140.9	138.6	102.5	237.0	9.4	0.0	140.6	140.6	45.0	45.5	5.1	62.5	-1.0	0.0	.Autoclave.Outputs.PRESSIP\OutputValue	8.0	28.1	-80.6	-1.0	0.0	-1.0	-1.0	-1.0	0.0	0.0	0.0	-1.0	-1.0	0.0	0.0	0.0	-1.0	0.0
18:03:07	238.0	214.3	205.1	220.5	191.5	197.7	0.0	44.4	-0.1	0.0	0.0	220.5	191.5	-2.0	-2.8	205.8	206.0	138.9	138.9	138.2	137.9	102.6	238.0	10.4	0.0	136.6	136.6	45.0	38.7	5.1	64.2	-1.0	0.0	.Autoclave.Outputs.PRESSIP\OutputValue	8.0	29.0	-81.6	-1.0	0.0	-1.0	-1.0	-1.0	0.0	0.0	0.0	-1.0	-1.0	0.0	0.0	0.0	-1.0	0.0
18:04:06	239.0	211.9	202.3	218.2	188.2	194.6	-0.1	44.0	-0.1	-0.1	-0.1	218.2	188.2	-2.2	-3.4	203.0	203.2	134.6	134.6	133.9	132.6	102.4	239.0	11.4	0.0	132.6	132.6	45.0	39.2	4.8	68.0	-1.0	0.0	.Autoclave.Outputs.PRESSIP\OutputValue	8.0	30.0	-83.6	-1.0	0.0	-1.0	-1.0	-1.0	0.0	0.0	0.0	-1.0	-1.0	0.0	0.0	0.0	-1.0	0.0
18:05:06	240.0	209.5	199.4	216.0	185.1	191.7	-0.1	44.4	-0.1	-0.1	-0.1	216.0	185.1	-2.3	-3.3	200.3	200.5	131.5	131.5	130.8	129.7	102.6	240.0	12.4	0.0	128.6	128.6	45.0	33.0	4.6	64.4	-1.0	0.0	.Autoclave.Outputs.PRESSIP\OutputValue	8.0	30.9	-84.5	-1.0	0.0	-1.0	-1.0	-1.0	0.0	0.0	0.0	-1.0	-1.0	0.0	0.0	0.0	-1.0	0.0
18:06:06	241.0	207.0	196.5	213.8	182.1	188.6	0.0	44.1	-0.1	0.0	0.0	213.8	182.1	-2.3	-3.1	197.6	197.9	128.1	128.2	127.3	127.0	102.6	241.0	13.4	0.0	124.6	124.6	45.0	29.4	4.3	66.9	-1.0	0.0	.Autoclave.Outputs.PRESSIP\OutputValue	8.0	31.7	-85.7	-1.0	0.0	-1.0	-1.0	-1.0	0.0	0.0	0.0	-1.0	-1.0	0.0	0.0	0.0	-1.0	0.0
18:07:06	242.0	204.4	193.7	211.3	178.8	185.4	-0.1	44.6	-0.1	-0.1	-0.1	211.3	178.8	-2.4	-3.4	194.7	195.0	126.6	126.6	125.8	125.1	102.6	242.0	14.4	0.0	120.6	120.6	45.0	13.6	3.8	62.3	-1.0	0.0	.Autoclave.Outputs.PRESSIP\OutputValue	8.0	32.5	-84.7	-1.0	0.0	-1.0	-1.0	-1.0	0.0	0.0	0.0	-1.0	-1.0	0.0	0.0	0.0	-1.0	0.0
18:08:07	243.0	201.8	190.7	209.1	175.8	182.8	0.0	44.3	-0.1	0.0	0.0	209.1	175.8	-2.3	-3.0	192.0	192.4	123.7	123.8	123.1	123.1	102.6	243.0	15.4	0.0	116.6	116.6	45.0	3.5	3.2	64.4	-1.0	0.0	.Autoclave.Outputs.PRESSIP\OutputValue	8.0	33.3	-85.4	-1.0	0.0	-1.0	-1.0	-1.0	0.0	0.0	0.0	-1.0	-1.0	0.0	0.0	0.0	-1.0	0.0
18:09:07	244.1	199.6	187.8	206.9	172.7	179.5	0.0	44.1	-0.1	0.0	0.0	206.9	172.7	-2.2	-3.2	189.3	189.8	121.9	121.9	121.3	121.4	102.6	244.0	16.4	0.0	112.6	112.6	45.0	0.0	0.0	66.7	-1.0	0.0	.Autoclave.Outputs.PRESSIP\OutputValue	8.0	34.2	-85.0	-1.0	0.0	-1.0	-1.0	-1.0	0.0	0.0	0.0	-1.0	-1.0	0.0	0.0	0.0	-1.0	0.0
18:10:06	245.0	197.4	185.1	204.8	170.2	177.1	0.0	44.6	-0.1	0.0	0.0	204.8	170.2	-2.2	-3.0	186.9	187.5	120.6	120.6	119.8	120.5	102.8	245.0	17.4	0.0	108.6	108.6	45.0	0.0	0.0	61.8	-1.0	0.0	.Autoclave.Outputs.PRESSIP\OutputValue	8.0	34.6	-84.2	-1.0	0.0	-1.0	-1.0	-1.0	0.0	0.0	0.0	-1.0	-1.0	0.0	0.0	0.0	-1.0	0.0
18:11:07	246.0	195.0	182.4	202.5	167.4	174.6	0.0	44.5	-0.1	0.0	0.0	202.5	167.4	-2.4	-2.8	184.4	184.9	119.0	118.8	118.1	118.8	102.7	246.0	18.4	0.0	104.6	104.6	45.0	0.0	0.0	63.5	-1.0	0.0	.Autoclave.Outputs.PRESSIP\OutputValue	8.0	35.1	-83.5	-1.0	0.0	-1.0	-1.0	-1.0	0.0	0.0	0.0	-1.0	-1.0	0.0	0.0	0.0	-1.0	0.0
18:12:06	247.0	192.6	179.6	200.2	164.6	171.9	0.0	44.3	-0.1	0.0	0.0	200.2	164.6	-2.4	-6.7	181.8	182.4	117.6	117.5	116.8	117.5	102.6	247.0	19.4	0.0	100.6	100.6	45.0	0.0	0.0	64.8	-1.0	0.0	.Autoclave.Outputs.PRESSIP\OutputValue	8.0	35.6	-82.6	-1.0	0.0	-1.0	-1.0	-1.0	0.0	0.0	0.0	-1.0	-1.0	0.0	0.0	0.0	-1.0	0.0
18:13:07	248.0	190.3	177.0	198.2	161.9	169.1	0.0	44.2	-0.1	0.0	0.0	190.3	161.9	-2.3	-2.9	174.6	176.1	115.8	115.8	115.3	116.3	102.7	248.0	20.4	0.0	96.6	96.6	45.0	0.0	0.0	66.3	-1.0	0.0	.Autoclave.Outputs.PRESSIP\OutputValue	8.0	28.4	-74.4	-1.0	0.0	-1.0	-1.0	-1.0	0.0	0.0	0.0	-1.0	-1.0	0.0	0.0	0.0	-1.0	0.0
18:14:06	249.0	188.1	174.4	0.0	159.4	166.7	0.0	44.1	-0.1	0.0	0.0	188.1	159.4	-2.3	-2.7	172.1	173.7	115.2	115.2	114.5	115.3	102.8	249.0	21.4	0.0	92.6	92.6	45.0	0.0	0.0	67.6	-1.0	0.0	.Autoclave.Outputs.PRESSIP\OutputValue	8.0	28.7	-72.8	-1.0	0.0	-1.0	-1.0	-1.0	0.0	0.0	0.0	-1.0	-1.0	0.0	0.0	0.0	-1.0	0.0
18:15:06	250.0	185.8	171.8	0.0	156.9	164.2	0.0	44.6	-0.1	0.0	0.0	185.8	156.9	-2.2	-2.7	169.7	171.3	114.4	114.2	113.5	114.5	102.8	250.0	22.4	0.0	88.6	88.6	45.0	0.0	0.0	62.2	-1.0	0.0	.Autoclave.Outputs.PRESSIP\OutputValue	8.0	28.9	-71.3	-1.0	0.0	-1.0	-1.0	-1.0	0.0	0.0	0.0	-1.0	-1.0	0.0	0.0	0.0	-1.0	0.0
18:16:06	251.0	183.6	169.4	0.0	154.6	161.8	0.0	44.5	-0.1	0.0	0.0	183.6	154.6	-2.2	-2.4	167.3	169.1	113.1	113.1	112.5	113.5	102.7	251.0	23.4	0.0	84.6	84.6	45.0	0.0	0.0	63.3	-1.0	0.0	.Autoclave.Outputs.PRESSIP\OutputValue	8.0	29.0	-70.4	-1.0	0.0	-1.0	-1.0	-1.0	0.0	0.0	0.0	-1.0	-1.0	0.0	0.0	0.0	-1.0	0.0
18:17:07	252.0	181.4	166.9	189.4	152.3	159.4	0.0	44.4	-0.1	0.0	0.0	181.4	152.3	-2.2	-2.5	165.0	166.8	112.3	112.3	111.7	112.8	102.8	252.0	24.4	0.0	80.6	80.6	45.0	0.0	0.0	64.2	-1.0	0.0	.Autoclave.Outputs.PRESSIP\OutputValue	8.0	29.1	-69.0	-1.0	0.0	-1.0	-1.0	-1.0	0.0	0.0	0.0	-1.0	-1.0	0.0	0.0	0.0	-1.0	0.0
18:18:06	253.0	179.3	164.5	186.8	150.0	157.3	0.1	44.3	-0.1	0.1	0.1	179.3	150.0	-2.1	-2.5	162.8	164.6	111.5	111.5	110.7	112.1	102.9	253.0	25.4	0.0	80.0	80.0	45.0	0.0	0.0	65.4	-1.0	0.0	.Autoclave.Outputs.PRESSIP\OutputValue	8.0	29.3	-67.7	-1.0	0.0	-1.0	-1.0	-1.0	0.0	0.0	0.0	-1.0	-1.0	0.0	0.0	0.0	-1.0	0.0
18:19:07	254.0	177.2	162.2	0.0	148.0	155.1	-0.1	44.2	-0.1	-0.1	-0.1	177.2	148.0	-2.1	-2.3	160.6	162.6	110.4	110.4	109.7	111.2	102.8	254.0	26.4	0.0	80.0	80.0	45.0	0.0	0.0	66.1	-1.0	0.0	.Autoclave.Outputs.PRESSIP\OutputValue	8.0	29.2	-66.7	-1.0	0.0	-1.0	-1.0	-1.0	0.0	0.0	0.0	-1.0	-1.0	0.0	0.0	0.0	-1.0	0.0
18:20:06	255.0	175.1	160.0	0.0	145.9	153.2	0.0	44.1	-0.1	0.0	0.0	175.1	145.9	-1.9	-2.3	158.5	160.5	109.5	109.5	108.8	110.4	102.8	255.0	27.4	0.0	80.0	80.0	45.0	0.0	0.0	66.9	-1.0	0.0	.Autoclave.Outputs.PRESSIP\OutputValue	8.0	29.2	-65.5	-1.0	0.0	-1.0	-1.0	-1.0	0.0	0.0	0.0	-1.0	-1.0	0.0	0.0	0.0	-1.0	0.0
18:21:07	256.0	173.0	157.9	180.6	143.9	151.2	0.0	44.0	-0.1	0.0	0.0	173.0	143.9	-2.0	-2.2	156.5	158.4	108.9	109.0	108.3	109.9	102.8	256.0	28.4	0.0	80.0	80.0	45.0	0.0	0.0	68.0	-1.0	0.0	.Autoclave.Outputs.PRESSIP\OutputValue	8.0	29.1	-64.0	-1.0	0.0	-1.0	-1.0	-1.0	0.0	0.0	0.0	-1.0	-1.0	0.0	0.0	0.0	-1.0	0.0
18:22:07	257.1	171.1	155.8	178.7	142.1	149.2	0.0	44.6	-0.1	0.0	0.0	171.1	142.1	-1.9	-2.2	154.5	156.6	108.4	108.4	107.8	109.5	102.8	257.0	29.4	0.0	80.0	80.0	45.0	0.0	0.0	61.8	-1.0	0.0	.Autoclave.Outputs.PRESSIP\OutputValue	8.0	29.0	-62.6	-1.0	0.0	-1.0	-1.0	-1.0	0.0	0.0	0.0	-1.0	-1.0	0.0	0.0	0.0	-1.0	0.0
18:23:07	258.0	169.1	153.9	176.8	140.3	147.0	0.0	44.5	-0.1	0.0	0.0	169.1	140.3	-1.9	-2.1	152.6	154.7	107.7	107.7	107.2	108.8	102.7	258.0	30.4	0.0	80.0	80.0	45.0	0.0	0.0	62.9	-1.0	0.0	.Autoclave.Outputs.PRESSIP\OutputValue	8.0	28.8	-61.3	-1.0	0.0	-1.0	-1.0	-1.0	0.0	0.0	0.0	-1.0	-1.0	0.0	0.0	0.0	-1.0	0.0
18:24:07	259.0	167.2	151.9	174.8	138.4	145.4	0.0	44.4	-0.1	0.0	0.0	167.2	138.4	-1.7	-2.1	150.7	152.8	107.2	107.2	106.6	108.2	102.8	259.0	31.4	0.0	80.0	80.0	45.0	0.0	0.0	63.8	-1.0	0.0	.Autoclave.Outputs.PRESSIP\OutputValue	8.0	28.8	-59.9	-1.0	0.0	-1.0	-1.0	-1.0	0.0	0.0	0.0	-1.0	-1.0	0.0	0.0	0.0	-1.0	0.0
18:25:06	260.0	165.2	150.0	172.7	137.0	143.9	0.0	44.4	-0.1	0.0	0.0	165.2	137.0	-1.5	-2.0	149.0	151.1	106.6	106.6	105.9	107.8	102.9	260.0	32.4	0.0	80.0	80.0	45.0	0.0	0.0	64.2	-1.0	0.0	.Autoclave.Outputs.PRESSIP\OutputValue	8.0	28.2	-58.5	-1.0	0.0	-1.0	-1.0	-1.0	0.0	0.0	0.0	-1.0	-1.0	0.0	0.0	0.0	-1.0	0.0
18:26:06	261.0	163.4	148.0	159.1	135.3	141.9	0.0	44.3	-0.1	0.0	0.0	163.4	135.3	-1.7	-2.0	147.1	149.3	106.0	106.0	105.3	107.4	102.8	261.0	33.4	0.0	80.0	80.0	45.0	0.0	0.0	65.2	-1.0	0.0	.Autoclave.Outputs.PRESSIP\OutputValue	8.0	28.1	-57.3	-1.0	0.0	-1.0	-1.0	-1.0	0.0	0.0	0.0	-1.0	-1.0	0.0	0.0	0.0	-1.0	0.0
18:27:07	262.0	161.8	146.4	169.1	133.6	140.5	0.0	44.2	-0.1	0.0	0.0	161.8	133.6	-1.5	-1.7	145.6	147.7	105.5	105.5	104.9	107.0	102.9	262.0	34.4	0.0	80.0	80.0	45.0	0.0	0.0	65.4	-1.0	0.0	.Autoclave.Outputs.PRESSIP\OutputValue	8.0	28.2	-56.2	-1.0	0.0	-1.0	-1.0	-1.0	0.0	0.0	0.0	-1.0	-1.0	0.0	0.0	0.0	-1.0	0.0
18:28:06	263.0	160.2	144.6	167.6	132.2	138.7	0.0	44.2	-0.1	0.0	0.0	160.2	132.2	-1.5	-1.8	143.9	146.2	105.2	105.3	104.5	106.6	102.9	263.0	35.4	0.0	80.0	80.0	45.0	0.0	0.0	66.1	-1.0	0.0	.Autoclave.Outputs.PRESSIP\OutputValue	8.0	28.0	-54.9	-1.0	0.0	-1.0	-1.0	-1.0	0.0	0.0	0.0	-1.0	-1.0	0.0	0.0	0.0	-1.0	0.0
18:29:06	264.0	158.5	142.9	165.7	131.0	137.3	-0.1	44.2	-0.1	-0.1	-0.1	158.5	131.0	-1.3	-1.8	142.4	144.7	104.8	104.8	104.1	106.2	102.9	264.0	36.4	0.0	80.0	80.0	45.0	0.0	0.0	66.5	-1.0	0.0	.Autoclave.Outputs.PRESSIP\OutputValue	8.0	27.5	-53.6	-1.0	0.0	-1.0	-1.0	-1.0	0.0	0.0	0.0	-1.0	-1.0	0.0	0.0	0.0	-1.0	0.0
18:30:06	265.0	156.8	141.2	164.0	129.5	135.8	-0.1	44.1	-0.1	-0.1	-0.1	156.8	129.5	-1.5	-1.8	140.8	143.1	104.3	104.4	103.8	105.8	102.8	265.0	37.4	0.0	80.0	80.0	45.0	0.0	0.0	66.9	-1.0	0.0	.Autoclave.Outputs.PRESSIP\OutputValue	8.0	27.3	-52.4	-1.0	0.0	-1.0	-1.0	-1.0	0.0	0.0	0.0	-1.0	-1.0	0.0	0.0	0.0	-1.0	0.0
18:31:06	266.0	155.3	139.7	162.3	128.2	134.3	0.0	44.1	-0.1	0.0	0.0	155.3	128.2	-1.5	-1.6	139.4	141.7	103.8	103.9	103.1	105.6	102.8	266.0	38.4	0.0	80.0	80.0	45.0	0.0	0.0	67.4	-1.0	0.0	.Autoclave.Outputs.PRESSIP\OutputValue	8.0	27.1	-51.4	-1.0	0.0	-1.0	-1.0	-1.0	0.0	0.0	0.0	-1.0	-1.0	0.0	0.0	0.0	-1.0	0.0
18:32:06	267.0	153.7	138.1	160.8	127.0	133.0	0.0	44.7	-0.1	0.0	0.0	153.7	127.0	-1.2	-1.6	137.9	140.3	103.7	103.7	103.1	105.6	103.0	267.0	39.4	0.0	80.0	80.0	45.0	0.0	0.0	61.0	-1.0	0.0	.Autoclave.Outputs.PRESSIP\OutputValue	8.0	26.7	-49.9	-1.0	0.0	-1.0	-1.0	-1.0	0.0	0.0	0.0	-1.0	-1.0	0.0	0.0	0.0	-1.0	0.0
18:33:06	268.0	152.2	136.8	159.2	125.8	131.8	0.0	44.6	-0.1	0.0	0.0	152.2	125.8	-1.3	-1.5	136.6	139.0	103.2	103.2	102.6	105.0	102.9	268.0	40.4	0.0	80.0	80.0	45.0	0.0	0.0	62.3	-1.0	0.0	.Autoclave.Outputs.PRESSIP\OutputValue	8.0	26.4	-48.9	-1.0	0.0	-1.0	-1.0	-1.0	0.0	0.0	0.0	-1.0	-1.0	0.0	0.0	0.0	-1.0	0.0
18:34:06	269.0	150.7	135.3	157.4	124.6	130.5	0.0	44.5	-0.1	0.0	0.0	150.7	124.6	-1.1	-1.6	135.3	137.6	103.0	103.0	102.4	104.6	103.0	269.0	41.4	0.0	80.0	80.0	45.0	0.0	0.0	62.9	-1.0	0.0	.Autoclave.Outputs.PRESSIP\OutputValue	8.0	26.1	-47.6	-1.0	0.0	-1.0	-1.0	-1.0	0.0	0.0	0.0	-1.0	-1.0	0.0	0.0	0.0	-1.0	0.0
18:35:06	270.0	149.2	134.0	155.8	123.5	129.3	0.0	44.5	-0.1	0.0	0.0	149.2	123.5	-1.1	-1.5	134.0	136.3	102.8	102.6	102.0	104.4	103.0	270.0	42.4	0.0	80.0	80.0	45.0	0.0	0.0	63.3	-1.0	0.0	.Autoclave.Outputs.PRESSIP\OutputValue	8.0	25.7	-46.3	-1.0	0.0	-1.0	-1.0	-1.0	0.0	0.0	0.0	-1.0	-1.0	0.0	0.0	0.0	-1.0	0.0
18:35:49	270.7	148.0	133.0	154.8	122.9	128.4	0.0	44.5	-0.1	0.0	0.0	148.0	122.9	-1.2	-1.4	133.1	135.4	102.5	102.4	101.8	104.1	102.9	270.7	43.1	0.0	80.0	80.0	45.0	0.0	0.0	63.5	-1.0	0.0	.Autoclave.Outputs.PRESSIP\OutputValue	8.0	25.1	-45.5	-1.0	0.0	-1.0	-1.0	-1.0	0.0	0.0	0.0	-1.0	-1.0	0.0	0.0	0.0	-1.0	0.0
18:36:06	271.0	147.6	132.6	154.3	122.3	128.1	0.0	42.9	-0.1	0.0	0.0	147.6	122.3	-1.2	-1.6	132.6	134.9	101.7	101.7	100.9	102.6	102.7	271.0	0.3	0.0	80.0	80.0	42.0	0.0	0.0	49.0	-1.0	0.0	.Autoclave.Outputs.PRESSIP\OutputValue	7.8	25.3	-45.8	-1.0	0.0	-1.0	-1.0	-1.0	0.0	0.0	0.0	-1.0	-1.0	0.0	0.0	0.0	-1.0	0.0
18:37:07	272.0	146.1	131.2	152.9	120.9	126.8	0.0	32.7	-0.1	0.0	0.0	146.1	120.9	-1.3	-1.6	131.2	133.5	97.3	97.3	96.7	99.0	101.7	272.0	1.3	0.0	80.0	80.0	32.0	0.0	0.0	47.1	-1.0	0.0	.Autoclave.Outputs.PRESSIP\OutputValue	6.6	25.2	-48.7	-1.0	0.0	-1.0	-1.0	-1.0	0.0	0.0	0.0	-1.0	-1.0	-1.0	0.0	0.0	-1.0	0.0
18:38:07	273.1	145.1	129.9	151.5	119.8	125.7	0.0	22.4	-0.1	0.0	0.0	145.1	119.8	-1.1	-1.4	130.1	132.4	94.5	94.4	93.7	95.6	100.9	273.0	2.3	0.0	80.0	80.0	22.0	0.0	0.0	50.2	-1.0	0.0	.Autoclave.Outputs.PRESSIP\OutputValue	5.3	25.3	-50.5	-1.0	0.0	-1.0	-1.0	-1.0	0.0	0.0	0.0	-1.0	-1.0	-1.0	0.0	0.0	-1.0	0.0
18:39:06	274.0	144.3	128.7	150.3	118.8	124.6	-0.2	12.9	-0.1	-0.2	-0.2	144.3	118.8	-0.8	-1.2	129.1	131.5	91.3	91.2	90.6	92.8	100.2	274.0	3.3	0.0	80.0	80.0	12.0	0.0	0.0	45.8	-1.0	0.0	.Autoclave.Outputs.PRESSIP\OutputValue	3.8	25.5	-52.9	-1.0	0.0	-1.0	-1.0	-1.0	0.0	0.0	0.0	-1.0	-1.0	0.0	0.0	0.0	-1.0	0.0
18:40:06	275.0	143.9	127.7	149.6	118.0	123.9	-0.2	3.9	-0.1	-0.2	-0.2	143.9	118.0	-0.4	-1.3	128.4	130.9	89.0	89.0	88.3	91.3	99.5	275.0	4.3	0.0	80.0	80.0	2.0	0.0	0.0	34.3	-1.0	0.0	.Autoclave.Outputs.PRESSIP\OutputValue	2.0	25.9	-54.8	-1.0	0.0	-1.0	-1.0	-1.0	0.0	0.0	0.0	-1.0	-1.0	-1.0	0.0	0.0	-1.0	0.0
18:40:46	275.7	143.8	127.1	149.1	117.8	123.5	-0.4	1.0	-0.1	-0.4	-0.4	143.8	117.8	-0.2	-0.9	128.0	130.8	89.1	89.1	88.4	91.6	99.6	275.7	4.9	0.0	80.0	80.0	0.0	0.0	0.0	39.1	-1.0	0.0	.Autoclave.Outputs.PRESSIP\OutputValue	-0.5	26.0	-54.5	-1.0	0.0	-1.0	-1.0	-1.0	0.0	0.0	0.0	-1.0	-1.0	-1.0	0.0	0.0	-1.0	0.0
