

Time	Elapsed	PTC13	PTC14	PTC15	PTC16	PTC17	VPRB2	PRESS	SVAC	HIPRB	LOPRB	HITC	LOTC	HIRATE	LORATE	AVGTC	MEAN	AIRTC	AIRTC1	AIRTC2	HILIMTC	CAPSTC	RUNTIME	SEGTIME	SEGTIMELEFT	TSET_AIR	TSET_PART	PSET	TEMPOUT	TEMPINT	PRESSOUT	COOLIP	SCROUT	PRESSIP	PRESSINT	SPREAD	AIRPARTDELTA	CAPSFLOW	SILENCE	BARLOCK	HIPSI	FANON	HYDON	FANSTARTSTOPPB	HYDPMPSTARTSTOPPB	COOLCNTRLONOFFSW	PRESSCNTRLONOFFSW	PRESSDUMPSW	PCMANUALSW	HILIMIT	BLWRMTRHILIMIT	MANINSIDE
HH:MM:SS	Mins	Deg.F	Deg.F	Deg.F	Deg.F	Deg.F	"Hg	Psig	"Hg			Deg.F	Deg.F	Deg.F	Deg.F	Deg.F	Deg.F	Deg.F	Deg.F	Deg.F	Deg.F	Deg.F	Mins	Mins	Mins	Deg.F	Deg.F	Psig				%	%	%	%	Deg.F	Deg.F															
03:15:13	0.0	79.4	80.2	80.2	78.2	78.3	-8.9	-0.4	-9.0	-8.9	-8.9	80.2	78.2	0.3	0.0	79.3	79.2	93.1	93.2	92.5	105.2	99.5	228.7	0.0	0.0	70.0	70.0	0.0	0.0	0.0	50.0	0.0	0.0	.Autoclave.Outputs.PRESSIP\OutputValue	8.0	2.0	12.9	-1.0	0.0	-1.0	-1.0	0.0	0.0	0.0	0.0	-1.0	-1.0	-1.0	0.0	0.0	-1.0	0.0
03:15:15	0.0	79.4	80.2	80.2	78.2	78.3	-8.9	-0.4	-9.0	-8.9	-8.9	80.2	78.2	0.3	0.0	79.3	79.2	93.1	93.2	92.5	105.2	99.5	228.7	0.0	0.0	70.0	70.0	0.0	0.0	0.0	50.0	0.0	0.0	.Autoclave.Outputs.PRESSIP\OutputValue	8.0	2.0	12.9	-1.0	0.0	-1.0	-1.0	0.0	0.0	0.0	0.0	-1.0	-1.0	-1.0	0.0	0.0	-1.0	0.0
03:15:15	0.0	79.4	80.2	80.2	78.2	78.3	-8.9	-0.4	-9.0	-8.9	-8.9	80.2	78.2	0.2	-0.1	79.3	79.2	93.2	93.2	92.5	105.2	99.5	228.7	0.0	0.0	70.0	70.0	0.0	0.0	0.0	50.0	0.0	0.0	.Autoclave.Outputs.PRESSIP\OutputValue	8.0	2.0	12.9	-1.0	0.0	-1.0	-1.0	0.0	0.0	0.0	0.0	-1.0	-1.0	-1.0	0.0	0.0	-1.0	0.0
03:15:15	0.0	79.4	80.2	80.2	78.2	78.3	-8.9	-0.4	-9.0	-8.9	-8.9	80.2	78.2	0.2	-0.1	79.3	79.2	93.2	93.2	92.5	105.2	99.5	228.7	0.0	0.0	70.0	70.0	0.0	0.0	0.0	50.0	0.0	0.0	.Autoclave.Outputs.PRESSIP\OutputValue	8.0	2.0	13.0	-1.0	0.0	-1.0	-1.0	0.0	0.0	0.0	0.0	-1.0	-1.0	-1.0	0.0	0.0	-1.0	0.0
03:16:16	1.1	78.5	81.1	80.7	78.4	78.6	-8.9	1.1	-8.9	-8.9	-8.9	81.1	78.4	1.0	0.2	79.5	79.7	93.8	93.7	93.0	96.5	97.1	1.0	1.0	0.0	89.3	85.2	2.0	16.9	-0.2	68.3	-1.0	0.0	.Autoclave.Outputs.PRESSIP\OutputValue	8.0	2.7	12.7	-1.0	0.0	-1.0	-1.0	-1.0	0.0	0.0	0.0	-1.0	-1.0	0.0	0.0	0.0	-1.0	0.0
03:17:16	2.1	80.6	81.5	81.1	78.6	78.8	-9.0	3.4	-9.0	-9.0	-9.0	81.5	78.6	1.0	0.2	80.1	80.0	95.6	95.7	95.0	107.4	97.1	2.0	2.0	0.0	98.6	90.2	4.0	65.6	-0.2	63.6	0.0	31.2	.Autoclave.Outputs.PRESSIP\OutputValue	8.0	2.9	14.1	-1.0	0.0	-1.0	-1.0	-1.0	0.0	0.0	0.0	-1.0	-1.0	0.0	0.0	0.0	-1.0	0.0
03:18:16	3.1	82.3	82.7	82.0	78.9	79.1	-8.9	5.2	-9.0	-8.9	-8.9	82.7	78.9	2.0	0.3	81.0	80.8	105.1	105.1	104.5	118.4	97.3	3.0	3.0	0.0	107.3	95.2	6.0	62.4	0.1	66.3	0.0	24.9	.Autoclave.Outputs.PRESSIP\OutputValue	8.0	3.8	22.4	-1.0	0.0	-1.0	-1.0	-1.0	0.0	0.0	0.0	-1.0	-1.0	0.0	0.0	0.0	-1.0	0.0
03:19:16	4.1	83.8	83.7	82.9	79.0	79.7	-8.8	7.6	-9.0	-8.8	-8.8	83.8	79.0	0.9	-1.5	81.8	81.4	113.0	113.0	112.3	127.0	97.3	4.0	4.0	0.0	116.6	100.2	8.0	71.9	0.3	61.6	0.0	43.8	.Autoclave.Outputs.PRESSIP\OutputValue	8.0	4.8	29.3	-1.0	0.0	-1.0	-1.0	-1.0	0.0	0.0	0.0	-1.0	-1.0	0.0	0.0	0.0	-1.0	0.0
03:20:16	5.1	85.0	85.0	83.8	79.5	80.2	-8.9	9.5	-8.9	-8.9	-8.9	85.0	79.5	8.0	0.5	82.7	82.2	121.0	121.1	120.5	135.8	97.5	5.0	5.0	0.0	119.9	105.2	10.0	42.9	0.6	63.1	-1.0	0.0	.Autoclave.Outputs.PRESSIP\OutputValue	8.0	5.5	36.0	-1.0	0.0	-1.0	-1.0	-1.0	0.0	0.0	0.0	-1.0	-1.0	0.0	0.0	0.0	-1.0	0.0
03:21:16	6.1	89.8	86.1	85.2	79.9	80.8	-9.0	11.3	-9.0	-9.0	-9.0	89.8	79.9	1.3	-2.4	84.4	84.8	129.9	129.9	129.1	142.0	97.5	6.0	6.0	0.0	132.4	110.2	12.0	66.0	0.9	65.1	0.0	32.0	.Autoclave.Outputs.PRESSIP\OutputValue	8.0	9.9	40.1	-1.0	0.0	-1.0	-1.0	-1.0	0.0	0.0	0.0	-1.0	-1.0	0.0	0.0	0.0	-1.0	0.0
03:22:16	7.1	90.1	87.8	86.8	80.6	81.6	-8.9	13.1	-9.0	-8.9	-8.9	90.1	80.6	2.0	0.7	85.4	85.3	137.8	137.8	137.0	151.1	97.7	7.0	7.0	0.0	139.8	115.2	14.0	62.9	1.2	67.2	0.0	25.8	.Autoclave.Outputs.PRESSIP\OutputValue	8.0	9.5	47.7	-1.0	0.0	-1.0	-1.0	-1.0	0.0	0.0	0.0	-1.0	-1.0	0.0	0.0	0.0	-1.0	0.0
03:23:16	8.1	92.7	89.9	88.5	81.5	82.5	-8.9	15.6	-9.0	-8.9	-8.9	92.7	81.5	3.6	0.8	87.0	87.1	145.5	145.5	144.7	158.1	97.7	8.0	8.0	0.0	144.7	120.0	16.0	45.2	1.5	62.1	0.0	0.0	.Autoclave.Outputs.PRESSIP\OutputValue	8.0	11.2	52.8	-1.0	0.0	-1.0	-1.0	-1.0	0.0	0.0	0.0	-1.0	-1.0	0.0	0.0	0.0	-1.0	0.0
03:24:16	9.1	95.6	91.4	90.0	82.4	83.6	-8.9	17.2	-8.9	-8.9	-8.9	95.6	82.4	2.7	1.0	88.6	89.0	142.7	142.6	141.8	143.7	98.0	9.0	9.0	0.0	148.8	120.0	18.0	67.2	1.5	67.4	0.0	34.5	.Autoclave.Outputs.PRESSIP\OutputValue	8.0	13.2	47.1	-1.0	0.0	-1.0	-1.0	-1.0	0.0	0.0	0.0	-1.0	-1.0	0.0	0.0	0.0	-1.0	0.0
03:25:16	10.1	97.9	93.1	91.4	83.4	84.5	-8.9	19.5	-9.0	-8.9	-8.9	97.9	83.4	1.7	1.0	90.1	90.6	141.3	141.3	140.5	145.7	98.0	10.0	10.0	0.0	142.3	120.0	20.0	56.7	1.7	62.8	0.0	13.5	.Autoclave.Outputs.PRESSIP\OutputValue	8.0	14.5	43.4	-1.0	0.0	-1.0	-1.0	-1.0	0.0	0.0	0.0	-1.0	-1.0	0.0	0.0	0.0	-1.0	0.0
03:25:32	10.3	98.6	93.4	92.0	83.7	84.9	-9.0	20.1	-9.0	-9.0	-9.0	98.6	83.7	4.8	1.0	90.5	91.1	140.5	140.4	139.7	141.4	97.9	10.3	10.3	0.0	142.6	120.0	20.5	58.7	1.7	63.5	0.0	17.5	.Autoclave.Outputs.PRESSIP\OutputValue	8.0	14.9	43.1	-1.0	0.0	-1.0	-1.0	-1.0	0.0	0.0	0.0	-1.0	-1.0	0.0	0.0	0.0	-1.0	0.0
03:26:15	11.0	103.0	94.6	93.0	84.5	85.6	-6.2	21.2	-6.0	-6.2	-6.2	103.0	84.5	1.6	1.1	92.1	93.7	138.5	138.5	137.8	142.3	98.1	11.0	0.7	0.0	140.0	120.0	22.0	48.2	1.8	66.5	0.0	0.0	.Autoclave.Outputs.PRESSIP\OutputValue	8.0	18.5	35.5	-1.0	0.0	-1.0	-1.0	-1.0	0.0	0.0	0.0	-1.0	-1.0	0.0	0.0	0.0	-1.0	0.0
03:27:15	12.0	102.9	96.2	94.7	85.6	86.7	-2.8	23.6	-2.6	-2.8	-2.8	102.9	85.6	5.2	1.0	93.2	94.2	136.2	136.2	135.6	138.4	98.2	12.0	1.7	0.0	135.7	120.0	24.0	44.9	1.8	62.0	-1.0	0.0	.Autoclave.Outputs.PRESSIP\OutputValue	8.0	17.3	33.3	-1.0	0.0	-1.0	-1.0	-1.0	0.0	0.0	0.0	-1.0	-1.0	0.0	0.0	0.0	-1.0	0.0
03:28:16	13.1	105.5	97.6	96.0	86.7	87.8	-1.4	25.2	-1.3	-1.4	-1.4	105.5	86.7	1.6	0.5	94.7	96.1	134.2	134.2	133.4	136.9	98.2	13.0	2.7	0.0	136.0	120.0	26.0	49.0	1.9	66.4	0.0	0.0	.Autoclave.Outputs.PRESSIP\OutputValue	8.0	18.8	28.7	-1.0	0.0	-1.0	-1.0	-1.0	0.0	0.0	0.0	-1.0	-1.0	0.0	0.0	0.0	-1.0	0.0
03:29:15	14.0	106.9	99.2	97.5	87.9	88.8	-0.8	27.4	-0.7	-0.8	-0.8	106.9	87.9	2.5	1.0	96.1	97.4	133.2	133.3	132.6	136.8	98.3	14.0	3.7	0.0	133.1	120.0	28.0	49.0	1.9	63.4	0.0	0.0	.Autoclave.Outputs.PRESSIP\OutputValue	8.0	19.0	26.3	-1.0	0.0	-1.0	-1.0	-1.0	0.0	0.0	0.0	-1.0	-1.0	0.0	0.0	0.0	-1.0	0.0
03:30:16	15.1	108.8	100.4	98.8	88.9	89.9	-0.5	29.4	-0.5	-0.5	-0.5	108.8	88.9	2.1	0.9	97.4	98.8	130.2	130.2	129.5	130.1	98.4	15.0	4.7	0.0	131.2	120.0	30.0	55.7	1.9	64.0	0.0	11.4	.Autoclave.Outputs.PRESSIP\OutputValue	8.0	19.9	21.4	-1.0	0.0	-1.0	-1.0	-1.0	0.0	0.0	0.0	-1.0	-1.0	0.0	0.0	0.0	-1.0	0.0
03:31:15	16.0	110.2	101.8	100.2	89.9	90.8	-0.3	31.0	-0.3	-0.3	-0.3	110.2	89.9	1.6	1.0	98.6	100.0	130.1	130.1	129.3	133.5	98.4	16.0	5.7	0.0	129.8	120.0	32.0	47.7	1.9	67.6	0.0	0.0	.Autoclave.Outputs.PRESSIP\OutputValue	8.0	20.3	19.9	-1.0	0.0	-1.0	-1.0	-1.0	0.0	0.0	0.0	-1.0	-1.0	0.0	0.0	0.0	-1.0	0.0
03:32:16	17.1	111.6	102.8	101.3	90.9	91.8	-0.2	33.1	-0.2	-0.2	-0.2	111.6	90.9	1.3	1.0	99.7	101.2	127.4	127.4	126.7	127.5	98.5	17.0	6.7	0.0	128.4	120.0	34.0	56.3	1.9	67.2	0.0	12.7	.Autoclave.Outputs.PRESSIP\OutputValue	8.0	20.7	15.8	-1.0	0.0	-1.0	-1.0	-1.0	0.0	0.0	0.0	-1.0	-1.0	0.0	0.0	0.0	-1.0	0.0
03:33:16	18.1	112.9	104.0	102.7	91.9	92.6	-0.1	35.5	-0.1	-0.1	-0.1	112.9	91.9	1.2	0.9	100.8	102.4	127.9	127.9	127.2	131.8	98.6	18.0	7.7	0.0	127.1	120.0	36.0	44.4	1.9	63.2	0.0	0.0	.Autoclave.Outputs.PRESSIP\OutputValue	8.0	21.0	15.0	-1.0	0.0	-1.0	-1.0	-1.0	0.0	0.0	0.0	-1.0	-1.0	0.0	0.0	0.0	-1.0	0.0
03:34:15	19.0	113.7	105.0	103.6	92.9	93.6	-0.1	37.5	-0.1	-0.1	-0.1	113.7	92.9	1.2	0.9	101.8	103.3	125.2	125.2	124.5	127.7	98.8	19.0	8.7	0.0	126.3	120.0	38.0	57.0	1.9	62.8	0.0	14.0	.Autoclave.Outputs.PRESSIP\OutputValue	8.0	20.8	11.5	-1.0	0.0	-1.0	-1.0	-1.0	0.0	0.0	0.0	-1.0	-1.0	0.0	0.0	0.0	-1.0	0.0
03:35:16	20.1	114.6	106.1	104.7	93.8	94.5	0.0	39.2	-0.1	0.0	0.0	114.6	93.8	1.2	0.8	102.7	104.2	126.2	126.2	125.4	129.8	98.7	20.0	9.7	0.0	125.4	120.0	40.0	45.0	1.9	66.1	0.0	0.0	.Autoclave.Outputs.PRESSIP\OutputValue	8.0	20.8	11.6	-1.0	0.0	-1.0	-1.0	-1.0	0.0	0.0	0.0	-1.0	-1.0	0.0	0.0	0.0	-1.0	0.0
03:36:15	21.0	115.3	106.8	105.7	94.7	95.4	0.0	41.3	0.0	0.0	0.0	115.3	94.7	1.0	0.8	103.6	105.0	123.6	123.7	123.0	126.7	98.7	21.0	10.7	0.0	124.6	120.0	42.0	57.0	1.9	65.0	0.0	14.0	.Autoclave.Outputs.PRESSIP\OutputValue	8.0	20.6	8.4	-1.0	0.0	-1.0	-1.0	-1.0	0.0	0.0	0.0	-1.0	-1.0	0.0	0.0	0.0	-1.0	0.0
03:36:29	21.3	115.5	107.0	106.0	94.8	95.5	0.0	42.0	0.0	0.0	0.0	115.5	94.8	0.9	0.8	103.8	105.1	124.1	124.2	123.4	128.3	98.7	21.3	11.0	0.0	124.5	120.0	42.4	52.4	1.9	63.6	0.0	4.7	.Autoclave.Outputs.PRESSIP\OutputValue	8.0	20.7	8.6	-1.0	0.0	-1.0	-1.0	-1.0	0.0	0.0	0.0	-1.0	-1.0	0.0	0.0	0.0	-1.0	0.0
03:37:16	22.1	116.3	108.0	106.9	95.6	96.3	0.0	43.6	0.0	0.0	0.0	116.3	95.6	1.3	0.7	104.6	105.9	129.4	129.6	128.9	138.5	98.9	22.0	0.8	0.0	131.5	123.9	44.0	63.5	2.0	62.3	0.0	26.9	.Autoclave.Outputs.PRESSIP\OutputValue	8.0	20.7	13.1	-1.0	0.0	-1.0	-1.0	-1.0	0.0	0.0	0.0	-1.0	-1.0	0.0	0.0	0.0	-1.0	0.0
03:38:16	23.1	117.8	109.7	108.5	96.6	97.4	0.0	44.8	0.0	0.0	0.0	117.8	96.6	1.8	1.0	106.0	107.2	137.6	137.6	136.8	146.3	98.8	23.0	1.8	0.0	140.0	128.9	45.0	67.0	2.3	59.7	0.0	34.0	.Autoclave.Outputs.PRESSIP\OutputValue	8.0	21.2	19.8	-1.0	0.0	-1.0	-1.0	-1.0	0.0	0.0	0.0	-1.0	-1.0	0.0	0.0	0.0	-1.0	0.0
03:39:16	24.1	119.7	111.6	110.1	97.5	98.5	0.0	45.5	0.0	0.0	0.0	119.7	97.5	2.1	1.0	107.5	108.6	145.6	145.6	144.9	154.4	98.9	24.0	2.8	0.0	148.0	133.9	45.0	67.8	2.5	53.3	0.0	35.6	.Autoclave.Outputs.PRESSIP\OutputValue	7.6	22.2	25.9	-1.0	0.0	-1.0	-1.0	-1.0	0.0	0.0	0.0	-1.0	-1.0	0.0	0.0	0.0	-1.0	0.0
03:40:16	25.1	122.1	113.7	111.9	98.8	99.8	0.0	44.8	-0.1	0.0	0.0	122.1	98.8	2.2	1.2	109.3	110.4	152.4	152.4	151.7	161.4	98.5	25.0	3.8	0.0	155.7	138.9	45.0	72.6	2.8	58.2	0.0	45.3	.Autoclave.Outputs.PRESSIP\OutputValue	6.3	23.3	30.3	-1.0	0.0	-1.0	-1.0	-1.0	0.0	0.0	0.0	-1.0	-1.0	0.0	0.0	0.0	-1.0	0.0
03:41:16	26.1	125.0	115.9	113.8	100.2	101.0	0.0	45.5	0.0	0.0	0.0	125.0	100.2	2.8	1.3	111.2	112.6	160.0	160.1	159.3	170.3	98.8	26.0	4.8	0.0	162.9	143.9	45.0	70.3	3.1	50.8	0.0	40.5	.Autoclave.Outputs.PRESSIP\OutputValue	5.9	24.8	35.0	-1.0	0.0	-1.0	-1.0	-1.0	0.0	0.0	0.0	-1.0	-1.0	0.0	0.0	0.0	-1.0	0.0
03:42:16	27.1	128.1	118.4	116.0	101.7	102.7	0.1	44.9	0.0	0.1	0.1	128.1	101.7	3.2	1.4	113.4	114.9	166.4	166.4	165.9	176.4	98.5	27.0	5.8	0.0	169.8	148.9	45.0	73.9	3.4	55.6	0.0	47.8	.Autoclave.Outputs.PRESSIP\OutputValue	4.6	26.4	38.3	-1.0	0.0	-1.0	-1.0	-1.0	0.0	0.0	0.0	-1.0	-1.0	0.0	0.0	0.0	-1.0	0.0
03:43:16	28.1	131.4	121.0	118.3	103.3	104.2	0.1	45.5	0.0	0.1	0.1	131.4	103.3	3.4	1.4	115.6	117.3	173.6	173.6	173.0	184.3	98.8	28.0	6.8	0.0	176.3	153.9	45.0	70.1	3.7	49.3	0.0	40.2	.Autoclave.Outputs.PRESSIP\OutputValue	4.2	28.1	42.2	-1.0	0.0	-1.0	-1.0	-1.0	0.0	0.0	0.0	-1.0	-1.0	0.0	0.0	0.0	-1.0	0.0
03:44:16	29.1	135.2	123.8	121.0	105.1	105.8	0.0	45.9	0.0	0.0	0.0	135.2	105.1	3.9	1.7	118.2	120.1	180.0	180.0	179.4	189.9	98.8	29.0	7.8	0.0	182.6	158.9	45.0	69.8	3.9	43.3	0.0	39.5	.Autoclave.Outputs.PRESSIP\OutputValue	2.7	30.1	44.8	-1.0	0.0	-1.0	-1.0	-1.0	0.0	0.0	0.0	-1.0	-1.0	0.0	0.0	0.0	-1.0	0.0
03:45:15	30.0	139.1	126.7	123.7	107.3	107.8	0.1	45.2	0.0	0.1	0.1	139.1	107.3	3.9	2.1	120.9	123.2	186.0	186.0	185.4	195.8	98.7	30.0	8.8	0.0	188.7	163.9	45.0	69.9	4.2	50.5	0.0	39.8	.Autoclave.Outputs.PRESSIP\OutputValue	2.5	31.8	46.9	-1.0	0.0	-1.0	-1.0	-1.0	0.0	0.0	0.0	-1.0	-1.0	0.0	0.0	0.0	-1.0	0.0
03:46:16	31.1	143.3	129.9	126.6	109.3	109.9	0.1	45.7	0.0	0.1	0.1	143.3	109.3	4.2	2.0	123.8	126.3	192.1	192.1	191.3	202.3	98.8	31.0	9.8	0.0	194.6	168.9	45.0	69.2	4.5	44.9	0.0	38.4	.Autoclave.Outputs.PRESSIP\OutputValue	1.7	34.0	48.8	-1.0	0.0	-1.0	-1.0	-1.0	0.0	0.0	0.0	-1.0	-1.0	0.0	0.0	0.0	-1.0	0.0
03:47:16	32.1	147.5	133.1	129.7	111.7	112.0	0.1	44.9	0.0	0.1	0.1	147.5	111.7	4.3	2.2	126.8	129.6	197.5	197.5	196.8	208.3	98.5	32.0	10.8	0.0	200.4	173.9	45.0	72.7	4.7	51.1	0.0	45.3	.Autoclave.Outputs.PRESSIP\OutputValue	0.5	35.8	50.0	-1.0	0.0	-1.0	-1.0	-1.0	0.0	0.0	0.0	-1.0	-1.0	0.0	0.0	0.0	-1.0	0.0
03:48:16	33.1	152.0	136.8	133.0	114.5	114.4	0.1	45.3	0.0	0.1	0.1	152.0	114.4	4.6	2.4	130.1	133.2	203.4	203.5	202.7	213.5	98.7	33.0	11.8	0.0	205.9	178.9	45.0	69.5	5.0	46.9	0.0	39.1	.Autoclave.Outputs.PRESSIP\OutputValue	0.2	37.5	51.4	-1.0	0.0	-1.0	-1.0	-1.0	0.0	0.0	0.0	-1.0	-1.0	0.0	0.0	0.0	-1.0	0.0
03:49:16	34.1	156.3	140.5	136.3	117.2	116.8	0.1	45.8	0.0	0.1	0.1	156.3	116.8	4.6	2.4	133.4	136.5	209.0	209.1	208.4	219.0	98.9	34.0	12.8	0.0	211.5	183.9	45.0	69.6	5.2	41.8	0.0	39.2	.Autoclave.Outputs.PRESSIP\OutputValue	-0.9	39.4	52.7	-1.0	0.0	-1.0	-1.0	-1.0	0.0	0.0	0.0	-1.0	-1.0	0.0	0.0	0.0	-1.0	0.0
03:50:15	35.0	160.8	144.1	139.6	119.8	119.1	0.1	45.0	0.0	0.1	0.1	160.8	119.1	4.6	2.4	136.7	139.9	214.3	214.3	213.6	225.5	98.7	35.0	13.8	0.0	217.0	188.9	45.0	72.5	5.5	47.9	0.0	44.9	.Autoclave.Outputs.PRESSIP\OutputValue	-1.7	41.6	53.5	-1.0	0.0	-1.0	-1.0	-1.0	0.0	0.0	0.0	-1.0	-1.0	0.0	0.0	0.0	-1.0	0.0
03:51:16	36.1	165.4	147.8	143.3	122.5	121.6	0.1	45.5	0.0	0.1	0.1	165.4	121.6	4.6	2.5	140.1	143.5	220.0	220.0	219.2	230.6	98.7	36.0	14.8	0.0	222.5	193.9	45.0	70.1	5.8	43.3	0.0	40.3	.Autoclave.Outputs.PRESSIP\OutputValue	-2.2	43.7	54.6	-1.0	0.0	-1.0	-1.0	-1.0	0.0	0.0	0.0	-1.0	-1.0	0.0	0.0	0.0	-1.0	0.0
03:52:16	37.1	170.0	151.6	146.8	125.2	124.2	0.1	45.9	0.0	0.1	0.1	170.0	124.2	4.7	2.6	143.6	147.1	225.4	225.3	224.7	236.3	98.8	37.0	15.8	0.0	227.9	198.9	45.0	70.4	6.0	37.9	0.0	40.7	.Autoclave.Outputs.PRESSIP\OutputValue	-3.4	45.7	55.4	-1.0	0.0	-1.0	-1.0	-1.0	0.0	0.0	0.0	-1.0	-1.0	0.0	0.0	0.0	-1.0	0.0
03:53:16	38.1	174.7	155.4	150.4	128.2	126.9	0.1	45.5	0.0	0.1	0.1	174.7	126.9	4.7	2.8	147.1	150.8	230.6	230.7	229.9	241.8	98.8	38.0	16.8	0.0	233.3	203.9	45.0	71.9	6.3	41.0	0.0	43.7	.Autoclave.Outputs.PRESSIP\OutputValue	-4.6	47.7	55.9	-1.0	0.0	-1.0	-1.0	-1.0	0.0	0.0	0.0	-1.0	-1.0	0.0	0.0	0.0	-1.0	0.0
03:54:16	39.1	179.3	159.5	154.3	130.8	129.7	0.1	45.8	0.0	0.1	0.1	179.3	129.7	4.6	2.7	150.7	154.5	235.9	235.9	235.2	247.3	98.8	39.0	17.8	0.0	238.6	208.9	45.0	72.2	6.6	35.2	0.0	44.4	.Autoclave.Outputs.PRESSIP\OutputValue	-5.9	49.5	56.7	-1.0	0.0	-1.0	-1.0	-1.0	0.0	0.0	0.0	-1.0	-1.0	0.0	0.0	0.0	-1.0	0.0
03:55:16	40.1	184.1	163.4	158.2	133.9	132.4	0.1	45.0	0.0	0.1	0.1	184.1	132.4	5.0	2.9	154.4	158.2	241.3	241.3	240.5	252.6	98.7	40.0	18.8	0.0	243.8	213.9	45.0	72.4	6.8	44.4	0.0	44.9	.Autoclave.Outputs.PRESSIP\OutputValue	-5.8	51.6	57.3	-1.0	0.0	-1.0	-1.0	-1.0	0.0	0.0	0.0	-1.0	-1.0	0.0	0.0	0.0	-1.0	0.0
03:56:16	41.1	188.8	167.4	162.1	136.8	135.2	0.1	45.4	0.0	0.1	0.1	188.8	135.2	4.7	2.6	158.1	162.0	246.3	246.4	245.6	258.1	98.9	41.0	19.8	0.0	249.0	218.9	45.0	74.2	7.1	39.9	0.0	48.4	.Autoclave.Outputs.PRESSIP\OutputValue	-6.0	53.5	57.6	-1.0	0.0	-1.0	-1.0	-1.0	0.0	0.0	0.0	-1.0	-1.0	0.0	0.0	0.0	-1.0	0.0
03:57:16	42.1	193.4	171.3	166.0	139.9	138.2	0.1	45.7	0.0	0.1	0.1	193.4	138.2	4.9	3.1	161.8	165.8	251.9	251.9	251.2	263.2	98.9	42.0	20.8	0.0	254.4	223.9	45.0	71.6	7.3	36.7	0.0	43.2	.Autoclave.Outputs.PRESSIP\OutputValue	-6.0	55.1	58.6	-1.0	0.0	-1.0	-1.0	-1.0	0.0	0.0	0.0	-1.0	-1.0	0.0	0.0	0.0	-1.0	0.0
03:58:16	43.1	198.2	175.3	169.7	143.0	141.3	0.1	45.0	0.0	0.1	0.1	198.2	141.3	4.8	3.2	165.5	169.7	256.5	256.5	255.8	269.6	98.7	43.0	21.8	0.0	259.6	228.9	45.0	76.1	7.6	44.3	0.0	52.1	.Autoclave.Outputs.PRESSIP\OutputValue	-5.9	56.8	58.4	-1.0	0.0	-1.0	-1.0	-1.0	0.0	0.0	0.0	-1.0	-1.0	0.0	0.0	0.0	-1.0	0.0
03:59:16	44.1	203.0	179.6	173.8	146.3	144.9	0.1	45.2	0.0	0.1	0.1	203.0	144.9	4.8	3.2	169.5	173.9	262.4	262.4	261.7	272.4	98.8	44.0	22.8	0.0	263.0	233.0	45.0	60.6	7.8	42.1	0.0	21.3	.Autoclave.Outputs.PRESSIP\OutputValue	-6.0	58.0	59.5	-1.0	0.0	-1.0	-1.0	-1.0	0.0	0.0	0.0	-1.0	-1.0	0.0	0.0	0.0	-1.0	0.0
04:00:16	45.1	207.3	183.1	177.5	149.4	147.9	0.1	44.9	0.0	0.1	0.1	207.3	147.9	4.6	3.0	173.0	177.6	259.0	259.1	258.3	264.1	98.7	45.0	23.8	0.0	258.8	233.0	45.0	54.0	7.8	45.2	0.0	7.9	.Autoclave.Outputs.PRESSIP\OutputValue	-5.9	59.3	51.8	-1.0	0.0	-1.0	-1.0	-1.0	0.0	0.0	0.0	-1.0	-1.0	0.0	0.0	0.0	-1.0	0.0
04:01:16	46.1	211.1	186.3	181.1	152.6	150.8	0.1	44.7	0.0	0.1	0.1	211.1	150.8	3.8	3.3	176.4	180.9	255.3	255.3	254.6	260.0	98.7	46.0	24.8	0.0	255.0	233.0	45.0	53.3	7.8	47.7	0.0	6.6	.Autoclave.Outputs.PRESSIP\OutputValue	-5.5	60.2	44.3	-1.0	0.0	-1.0	-1.0	-1.0	0.0	0.0	0.0	-1.0	-1.0	0.0	0.0	0.0	-1.0	0.0
04:02:16	47.1	214.4	189.5	184.4	155.5	153.9	0.1	44.5	0.0	0.1	0.1	214.4	153.9	3.5	2.9	179.5	184.1	252.3	252.3	251.6	256.7	98.7	47.0	25.8	0.0	251.6	233.0	45.0	51.3	7.7	50.0	0.0	2.5	.Autoclave.Outputs.PRESSIP\OutputValue	-4.8	60.4	38.0	-1.0	0.0	-1.0	-1.0	-1.0	0.0	0.0	0.0	-1.0	-1.0	0.0	0.0	0.0	-1.0	0.0
04:03:16	48.1	217.0	192.3	187.5	158.3	156.5	0.1	44.4	0.0	0.1	0.1	217.0	156.5	3.1	2.8	182.3	186.8	249.5	249.4	248.8	254.1	98.6	48.0	26.8	0.0	249.0	233.0	45.0	51.9	7.7	51.9	0.0	3.8	.Autoclave.Outputs.PRESSIP\OutputValue	-3.7	60.5	32.5	-1.0	0.0	-1.0	-1.0	-1.0	0.0	0.0	0.0	-1.0	-1.0	0.0	0.0	0.0	-1.0	0.0
04:04:15	49.0	219.6	195.0	190.3	161.2	159.4	0.1	44.3	0.0	0.1	0.1	219.6	159.4	3.0	2.5	185.1	189.5	247.1	247.2	246.4	251.7	98.8	49.0	27.8	0.0	246.6	233.0	45.0	51.8	7.6	54.7	0.0	3.7	.Autoclave.Outputs.PRESSIP\OutputValue	-2.4	60.2	27.5	-1.0	0.0	-1.0	-1.0	-1.0	0.0	0.0	0.0	-1.0	-1.0	0.0	0.0	0.0	-1.0	0.0
04:05:16	50.1	221.4	197.4	193.3	163.7	162.0	0.1	44.2	0.0	0.1	0.1	221.4	162.0	3.0	2.0	187.6	191.7	245.2	245.2	244.4	249.7	98.7	50.0	28.8	0.0	244.6	233.0	45.0	51.1	7.5	57.2	0.0	2.2	.Autoclave.Outputs.PRESSIP\OutputValue	-1.0	59.4	23.8	-1.0	0.0	-1.0	-1.0	-1.0	0.0	0.0	0.0	-1.0	-1.0	0.0	0.0	0.0	-1.0	0.0
04:06:16	51.1	223.2	199.5	195.7	166.2	164.4	0.1	44.1	0.0	0.1	0.1	223.2	164.4	2.6	1.7	189.8	193.8	243.6	243.7	242.9	248.2	98.8	51.0	29.8	0.0	242.9	233.0	45.0	50.4	7.5	59.4	0.0	0.7	.Autoclave.Outputs.PRESSIP\OutputValue	0.7	58.8	20.4	-1.0	0.0	-1.0	-1.0	-1.0	0.0	0.0	0.0	-1.0	-1.0	0.0	0.0	0.0	-1.0	0.0
04:07:16	52.1	224.5	201.4	197.9	168.4	166.7	0.1	44.1	0.0	0.1	0.1	224.5	166.7	2.4	1.4	191.8	195.6	242.3	242.3	241.6	246.8	98.7	52.0	30.8	0.0	241.5	233.0	45.0	49.0	7.4	61.8	0.0	0.0	.Autoclave.Outputs.PRESSIP\OutputValue	2.5	57.8	17.8	-1.0	0.0	-1.0	-1.0	-1.0	0.0	0.0	0.0	-1.0	-1.0	0.0	0.0	0.0	-1.0	0.0
04:08:16	53.1	225.6	203.1	200.0	170.7	168.9	0.0	44.4	0.0	0.0	0.0	225.6	168.9	2.3	1.3	193.7	197.3	239.4	239.4	238.6	233.0	98.7	53.0	31.8	0.0	240.4	233.0	45.0	61.6	7.3	60.2	0.0	23.1	.Autoclave.Outputs.PRESSIP\OutputValue	4.2	56.7	13.8	-1.0	0.0	-1.0	-1.0	-1.0	0.0	0.0	0.0	-1.0	-1.0	0.0	0.0	0.0	-1.0	0.0
04:09:15	54.0	226.3	204.6	201.8	172.7	171.1	0.1	45.1	0.0	0.1	0.1	226.3	171.1	2.2	0.6	195.3	198.7	238.9	238.9	238.2	244.9	98.7	54.0	32.8	0.0	239.6	233.0	45.0	59.8	7.5	52.5	0.0	19.6	.Autoclave.Outputs.PRESSIP\OutputValue	4.2	55.2	12.6	-1.0	0.0	-1.0	-1.0	-1.0	0.0	0.0	0.0	-1.0	-1.0	0.0	0.0	0.0	-1.0	0.0
04:10:16	55.1	227.2	206.1	203.6	174.7	173.2	0.1	45.1	0.0	0.1	0.1	227.2	173.2	2.2	0.9	197.0	200.2	239.0	239.1	238.4	244.0	98.7	55.0	33.8	0.0	238.8	233.0	45.0	54.5	7.6	52.8	0.0	9.0	.Autoclave.Outputs.PRESSIP\OutputValue	3.9	54.0	11.8	-1.0	0.0	-1.0	-1.0	-1.0	0.0	0.0	0.0	-1.0	-1.0	0.0	0.0	0.0	-1.0	0.0
04:11:16	56.1	227.8	207.6	205.2	176.6	175.1	0.0	45.1	0.0	0.0	0.0	227.8	175.1	2.0	0.8	198.5	201.5	238.4	238.4	237.6	243.1	98.9	56.0	34.8	0.0	238.1	233.0	45.0	53.1	7.5	52.7	0.0	6.2	.Autoclave.Outputs.PRESSIP\OutputValue	3.7	52.7	10.6	-1.0	0.0	-1.0	-1.0	-1.0	0.0	0.0	0.0	-1.0	-1.0	0.0	0.0	0.0	-1.0	0.0
04:12:15	57.0	228.5	208.9	206.6	178.4	177.1	0.1	45.1	0.0	0.1	0.1	228.5	177.1	2.1	0.6	199.9	202.8	237.8	237.9	237.2	242.5	98.9	57.0	35.8	0.0	237.5	233.0	45.0	53.1	7.5	52.8	0.0	6.2	.Autoclave.Outputs.PRESSIP\OutputValue	3.5	51.4	9.3	-1.0	0.0	-1.0	-1.0	-1.0	0.0	0.0	0.0	-1.0	-1.0	0.0	0.0	0.0	-1.0	0.0
04:13:16	58.1	229.1	210.1	208.1	180.3	178.9	0.1	45.0	0.0	0.1	0.1	229.1	178.9	1.9	0.4	201.3	204.0	237.5	237.4	236.6	242.1	98.9	58.0	36.8	0.0	237.0	233.0	45.0	51.7	7.4	52.9	0.0	3.4	.Autoclave.Outputs.PRESSIP\OutputValue	3.4	50.2	8.4	-1.0	0.0	-1.0	-1.0	-1.0	0.0	0.0	0.0	-1.0	-1.0	0.0	0.0	0.0	-1.0	0.0
04:14:16	59.1	229.6	211.2	209.3	182.0	180.7	0.1	45.0	0.0	0.1	0.1	229.6	180.7	1.9	0.7	202.6	205.2	236.9	236.9	236.2	241.4	98.9	59.0	37.8	0.0	236.5	233.0	45.0	51.7	7.4	53.4	0.0	3.3	.Autoclave.Outputs.PRESSIP\OutputValue	3.4	48.9	7.3	-1.0	0.0	-1.0	-1.0	-1.0	0.0	0.0	0.0	-1.0	-1.0	0.0	0.0	0.0	-1.0	0.0
04:15:16	60.1	229.9	212.4	210.5	183.8	182.5	0.1	45.0	0.0	0.1	0.1	229.9	182.5	1.8	0.3	203.8	206.2	236.6	236.5	235.8	240.9	98.9	60.0	38.8	0.0	236.1	233.0	45.0	51.6	7.3	53.2	0.0	3.3	.Autoclave.Outputs.PRESSIP\OutputValue	3.3	47.4	6.7	-1.0	0.0	-1.0	-1.0	-1.0	0.0	0.0	0.0	-1.0	-1.0	0.0	0.0	0.0	-1.0	0.0
04:16:16	61.1	230.3	213.4	211.7	185.2	184.2	0.1	45.0	0.0	0.1	0.1	230.3	184.2	1.7	0.4	205.0	207.3	236.1	236.1	235.4	240.6	98.9	61.0	39.8	0.0	235.8	233.0	45.0	52.9	7.3	53.8	0.0	5.9	.Autoclave.Outputs.PRESSIP\OutputValue	3.4	46.1	5.8	-1.0	0.0	-1.0	-1.0	-1.0	0.0	0.0	0.0	-1.0	-1.0	0.0	0.0	0.0	-1.0	0.0
04:17:16	62.1	230.5	214.3	212.7	187.0	185.9	0.1	45.0	0.0	0.1	0.1	230.5	185.9	1.8	0.3	206.1	208.2	235.8	235.8	235.1	240.4	99.0	62.0	40.8	0.0	235.4	233.0	45.0	52.2	7.3	53.8	0.0	4.4	.Autoclave.Outputs.PRESSIP\OutputValue	3.4	44.6	5.3	-1.0	0.0	-1.0	-1.0	-1.0	0.0	0.0	0.0	-1.0	-1.0	0.0	0.0	0.0	-1.0	0.0
04:18:16	63.1	230.8	215.2	213.7	188.6	187.4	0.1	45.0	0.0	0.1	0.1	230.8	187.4	1.7	0.3	207.1	209.1	235.5	235.5	234.9	240.0	99.0	63.0	41.8	0.0	235.2	233.0	45.0	52.8	7.2	54.1	0.0	5.7	.Autoclave.Outputs.PRESSIP\OutputValue	3.5	43.4	4.7	-1.0	0.0	-1.0	-1.0	-1.0	0.0	0.0	0.0	-1.0	-1.0	0.0	0.0	0.0	-1.0	0.0
04:19:16	64.1	231.1	216.0	214.7	190.0	188.9	0.1	45.0	0.0	0.1	0.1	231.1	188.9	1.6	0.2	208.1	210.0	235.3	235.3	234.5	239.8	98.9	64.0	42.8	0.0	234.9	233.0	45.0	52.1	7.2	54.0	0.0	4.3	.Autoclave.Outputs.PRESSIP\OutputValue	3.6	42.2	4.2	-1.0	0.0	-1.0	-1.0	-1.0	0.0	0.0	0.0	-1.0	-1.0	0.0	0.0	0.0	-1.0	0.0
04:20:16	65.1	231.4	216.9	215.6	191.4	190.4	0.1	44.9	0.0	0.1	0.1	231.4	190.4	1.5	0.3	209.1	210.9	235.2	235.2	234.3	239.6	99.0	65.0	43.8	0.0	234.6	233.0	45.0	51.4	7.1	54.5	0.0	2.8	.Autoclave.Outputs.PRESSIP\OutputValue	3.8	41.0	3.8	-1.0	0.0	-1.0	-1.0	-1.0	0.0	0.0	0.0	-1.0	-1.0	0.0	0.0	0.0	-1.0	0.0
04:21:16	66.1	231.5	217.7	216.3	192.8	191.8	0.1	44.9	0.0	0.1	0.1	231.5	191.8	1.5	0.2	210.0	211.7	234.9	234.9	234.1	239.3	99.0	66.0	44.8	0.0	234.5	233.0	45.0	52.0	7.1	54.9	0.0	4.1	.Autoclave.Outputs.PRESSIP\OutputValue	3.9	39.7	3.4	-1.0	0.0	-1.0	-1.0	-1.0	0.0	0.0	0.0	-1.0	-1.0	0.0	0.0	0.0	-1.0	0.0
04:22:16	67.1	231.6	218.4	217.2	194.1	193.3	0.1	44.9	0.0	0.1	0.1	231.6	193.3	1.4	0.1	210.9	212.5	234.8	234.7	234.0	239.4	99.0	67.0	45.8	0.0	234.4	233.0	45.0	52.0	7.0	55.1	0.0	4.0	.Autoclave.Outputs.PRESSIP\OutputValue	4.1	38.3	3.2	-1.0	0.0	-1.0	-1.0	-1.0	0.0	0.0	0.0	-1.0	-1.0	0.0	0.0	0.0	-1.0	0.0
04:23:16	68.1	231.7	219.0	217.9	195.4	194.5	0.1	44.9	0.0	0.1	0.1	231.7	194.5	1.3	0.2	211.7	213.1	234.6	234.6	233.8	239.1	99.0	68.0	46.8	0.0	234.3	233.0	45.0	52.6	7.0	55.5	0.0	5.3	.Autoclave.Outputs.PRESSIP\OutputValue	4.3	37.2	2.9	-1.0	0.0	-1.0	-1.0	-1.0	0.0	0.0	0.0	-1.0	-1.0	0.0	0.0	0.0	-1.0	0.0
04:24:16	69.1	231.9	219.7	218.6	196.7	195.8	0.1	44.9	0.0	0.1	0.1	231.9	195.8	1.3	0.1	212.5	213.9	234.6	234.6	233.8	239.1	99.1	69.0	47.8	0.0	234.1	233.0	45.0	51.9	7.0	55.7	0.0	3.9	.Autoclave.Outputs.PRESSIP\OutputValue	4.5	36.1	2.7	-1.0	0.0	-1.0	-1.0	-1.0	0.0	0.0	0.0	-1.0	-1.0	0.0	0.0	0.0	-1.0	0.0
04:25:16	70.1	231.9	220.2	219.2	197.8	196.9	0.1	44.9	0.0	0.1	0.1	231.9	196.9	1.2	0.0	213.2	214.4	234.4	234.4	233.7	238.9	99.0	70.0	48.8	0.0	234.1	233.0	45.0	52.6	6.9	55.7	0.0	5.1	.Autoclave.Outputs.PRESSIP\OutputValue	4.7	35.0	2.5	-1.0	0.0	-1.0	-1.0	-1.0	0.0	0.0	0.0	-1.0	-1.0	0.0	0.0	0.0	-1.0	0.0
04:26:16	71.1	232.1	220.7	219.8	199.0	198.1	0.1	44.9	0.0	0.1	0.1	232.1	198.1	1.3	0.1	213.9	215.1	234.3	234.3	233.4	238.8	99.1	71.0	49.8	0.0	233.9	233.0	45.0	51.2	6.9	56.3	0.0	2.4	.Autoclave.Outputs.PRESSIP\OutputValue	4.9	34.0	2.2	-1.0	0.0	-1.0	-1.0	-1.0	0.0	0.0	0.0	-1.0	-1.0	0.0	0.0	0.0	-1.0	0.0
04:27:16	72.1	232.1	221.3	220.5	200.1	199.3	0.1	44.9	0.0	0.1	0.1	232.1	199.3	1.2	0.1	214.7	215.7	234.3	234.2	233.6	238.9	99.0	72.0	50.8	0.0	233.9	233.0	45.0	51.8	6.8	56.3	0.0	3.6	.Autoclave.Outputs.PRESSIP\OutputValue	5.2	32.8	2.2	-1.0	0.0	-1.0	-1.0	-1.0	0.0	0.0	0.0	-1.0	-1.0	0.0	0.0	0.0	-1.0	0.0
04:28:16	73.1	232.2	221.8	221.0	201.4	200.5	0.1	44.9	0.0	0.1	0.1	232.2	200.5	1.3	0.1	215.4	216.4	234.2	234.2	233.5	238.6	99.1	73.0	51.8	0.0	233.9	233.0	45.0	52.4	6.8	56.3	0.0	4.9	.Autoclave.Outputs.PRESSIP\OutputValue	5.4	31.7	2.0	-1.0	0.0	-1.0	-1.0	-1.0	0.0	0.0	0.0	-1.0	-1.0	0.0	0.0	0.0	-1.0	0.0
04:29:16	74.1	232.3	222.3	221.5	202.4	201.6	0.0	44.9	0.0	0.0	0.0	232.3	201.6	1.2	0.1	216.0	217.0	234.0	234.1	233.4	238.6	99.0	74.0	52.8	0.0	233.7	233.0	45.0	53.1	6.8	56.8	0.0	6.1	.Autoclave.Outputs.PRESSIP\OutputValue	5.6	30.7	1.7	-1.0	0.0	-1.0	-1.0	-1.0	0.0	0.0	0.0	-1.0	-1.0	0.0	0.0	0.0	-1.0	0.0
04:30:15	75.0	232.4	222.9	222.1	203.5	202.7	0.1	44.9	0.0	0.1	0.1	232.4	202.7	1.1	0.1	216.7	217.6	233.9	233.9	233.2	238.3	99.0	75.0	53.8	0.0	233.5	233.0	45.0	51.7	6.7	57.0	0.0	3.4	.Autoclave.Outputs.PRESSIP\OutputValue	5.8	29.7	1.5	-1.0	0.0	-1.0	-1.0	-1.0	0.0	0.0	0.0	-1.0	-1.0	0.0	0.0	0.0	-1.0	0.0
04:31:16	76.1	232.5	223.3	222.5	204.5	203.7	0.1	44.9	0.0	0.1	0.1	232.5	203.7	1.1	0.1	217.3	218.1	233.9	233.9	233.1	238.4	99.1	76.0	54.8	0.0	233.5	233.0	45.0	52.3	6.7	57.4	0.0	4.6	.Autoclave.Outputs.PRESSIP\OutputValue	6.1	28.8	1.4	-1.0	0.0	-1.0	-1.0	-1.0	0.0	0.0	0.0	-1.0	-1.0	0.0	0.0	0.0	-1.0	0.0
04:32:16	77.1	232.5	223.8	223.1	205.5	204.8	0.0	44.9	0.0	0.0	0.0	232.5	204.8	1.1	0.0	217.9	218.7	233.7	233.8	233.1	238.3	99.1	77.0	55.8	0.0	233.5	233.0	45.0	53.0	6.7	57.5	0.0	5.9	.Autoclave.Outputs.PRESSIP\OutputValue	6.4	27.7	1.2	-1.0	0.0	-1.0	-1.0	-1.0	0.0	0.0	0.0	-1.0	-1.0	0.0	0.0	0.0	-1.0	0.0
04:33:15	78.0	232.7	224.1	223.5	206.5	205.8	0.1	44.8	0.0	0.1	0.1	232.7	205.8	1.0	0.1	218.5	219.3	233.8	233.8	233.0	238.2	99.2	78.0	56.8	0.0	233.5	233.0	45.0	51.6	6.6	58.3	0.0	3.2	.Autoclave.Outputs.PRESSIP\OutputValue	6.6	26.9	1.1	-1.0	0.0	-1.0	-1.0	-1.0	0.0	0.0	0.0	-1.0	-1.0	0.0	0.0	0.0	-1.0	0.0
04:34:15	79.0	232.5	224.6	223.9	207.3	206.7	0.1	44.8	0.0	0.1	0.1	232.5	206.7	1.0	0.0	219.0	219.6	233.7	233.7	232.9	238.0	99.1	79.0	57.8	0.0	233.4	233.0	45.0	52.2	6.6	58.4	0.0	4.4	.Autoclave.Outputs.PRESSIP\OutputValue	6.9	25.8	1.2	-1.0	0.0	-1.0	-1.0	-1.0	0.0	0.0	0.0	-1.0	-1.0	0.0	0.0	0.0	-1.0	0.0
04:35:16	80.1	232.7	224.8	224.2	208.3	207.7	0.0	44.9	-0.5	0.0	0.0	232.7	207.7	0.9	0.1	219.5	220.2	233.7	233.6	232.9	238.2	99.1	80.0	58.8	0.0	233.3	233.0	45.0	52.2	6.5	58.5	0.0	4.3	.Autoclave.Outputs.PRESSIP\OutputValue	7.2	25.0	1.0	-1.0	0.0	-1.0	-1.0	-1.0	0.0	0.0	0.0	-1.0	-1.0	0.0	0.0	0.0	-1.0	0.0
04:36:15	81.0	232.8	225.3	224.7	209.2	208.5	0.0	44.9	0.0	0.0	0.0	232.8	208.5	1.0	0.2	220.1	220.7	233.6	233.6	232.9	238.0	99.1	81.0	59.8	0.0	233.3	233.0	45.0	52.1	6.5	58.8	0.0	4.3	.Autoclave.Outputs.PRESSIP\OutputValue	7.4	24.3	0.8	-1.0	0.0	-1.0	-1.0	-1.0	0.0	0.0	0.0	-1.0	-1.0	0.0	0.0	0.0	-1.0	0.0
04:37:16	82.1	232.7	225.6	225.1	209.9	209.3	0.1	44.9	0.0	0.1	0.1	232.7	209.3	0.9	0.0	220.5	221.0	233.5	233.5	232.8	237.9	99.2	82.0	60.8	0.0	233.2	233.0	45.0	52.1	6.5	59.1	0.0	4.2	.Autoclave.Outputs.PRESSIP\OutputValue	7.7	23.4	0.8	-1.0	0.0	-1.0	-1.0	-1.0	0.0	0.0	0.0	-1.0	-1.0	0.0	0.0	0.0	-1.0	0.0
04:38:16	83.1	232.8	225.9	225.5	210.8	210.2	0.0	44.8	0.0	0.0	0.0	232.8	210.2	0.8	0.0	221.0	221.5	233.5	233.7	232.9	238.0	99.2	83.0	61.8	0.0	233.2	233.0	45.0	52.1	6.4	59.5	0.0	4.1	.Autoclave.Outputs.PRESSIP\OutputValue	8.0	22.6	0.7	-1.0	0.0	-1.0	-1.0	-1.0	0.0	0.0	0.0	-1.0	-1.0	0.0	0.0	0.0	-1.0	0.0
04:39:16	84.1	232.8	226.3	225.8	211.6	210.9	0.1	44.9	0.0	0.1	0.1	232.8	210.9	0.9	0.0	221.5	221.9	233.5	233.5	232.8	237.9	99.2	84.0	62.8	0.0	233.2	233.0	45.0	52.0	6.4	59.7	0.0	4.0	.Autoclave.Outputs.PRESSIP\OutputValue	8.0	21.9	0.7	-1.0	0.0	-1.0	-1.0	-1.0	0.0	0.0	0.0	-1.0	-1.0	0.0	0.0	0.0	-1.0	0.0
04:40:16	85.1	232.8	226.6	226.1	212.3	211.7	0.0	44.9	-0.1	0.0	0.0	232.8	211.7	0.8	0.0	221.9	222.3	233.5	233.5	232.7	237.9	99.3	85.0	63.8	0.0	233.2	233.0	45.0	51.3	6.4	59.3	0.0	2.6	.Autoclave.Outputs.PRESSIP\OutputValue	8.0	21.1	0.7	-1.0	0.0	-1.0	-1.0	-1.0	0.0	0.0	0.0	-1.0	-1.0	0.0	0.0	0.0	-1.0	0.0
04:41:16	86.1	232.8	226.8	226.3	213.1	212.4	0.1	44.9	0.0	0.1	0.1	232.8	212.4	0.8	0.0	222.3	222.6	233.5	233.5	232.7	237.9	99.2	86.0	64.8	0.0	233.2	233.0	45.0	52.6	6.3	59.3	0.0	5.2	.Autoclave.Outputs.PRESSIP\OutputValue	8.0	20.4	0.7	-1.0	0.0	-1.0	-1.0	-1.0	0.0	0.0	0.0	-1.0	-1.0	0.0	0.0	0.0	-1.0	0.0
04:42:16	87.1	232.8	227.1	226.6	213.8	213.2	0.1	44.9	0.0	0.1	0.1	232.8	213.2	0.6	0.0	222.7	223.0	233.5	233.4	232.7	238.0	99.2	87.0	65.8	0.0	233.2	233.0	45.0	51.3	6.3	59.1	0.0	2.5	.Autoclave.Outputs.PRESSIP\OutputValue	8.0	19.6	0.7	-1.0	0.0	-1.0	-1.0	-1.0	0.0	0.0	0.0	-1.0	-1.0	0.0	0.0	0.0	-1.0	0.0
04:43:16	88.1	232.9	227.3	226.8	214.6	213.9	0.0	44.8	0.0	0.0	0.0	232.9	213.9	0.8	0.0	223.1	223.4	233.5	233.5	232.7	237.9	99.1	88.0	66.8	0.0	233.2	233.0	45.0	51.9	6.3	59.5	0.0	3.8	.Autoclave.Outputs.PRESSIP\OutputValue	8.0	19.0	0.6	-1.0	0.0	-1.0	-1.0	-1.0	0.0	0.0	0.0	-1.0	-1.0	0.0	0.0	0.0	-1.0	0.0
04:44:16	89.1	232.8	227.6	227.2	215.3	214.6	0.1	44.9	0.0	0.1	0.1	232.8	214.6	0.8	0.1	223.5	223.7	233.3	233.4	232.7	237.8	99.2	89.0	67.8	0.0	233.0	233.0	45.0	52.5	6.2	59.3	0.0	5.0	.Autoclave.Outputs.PRESSIP\OutputValue	8.0	18.2	0.5	-1.0	0.0	-1.0	-1.0	-1.0	0.0	0.0	0.0	-1.0	-1.0	0.0	0.0	0.0	-1.0	0.0
04:45:16	90.1	232.9	227.8	227.5	215.9	215.2	0.1	44.8	0.0	0.1	0.1	232.9	215.2	0.8	0.0	223.9	224.1	233.5	233.5	232.6	237.8	99.3	90.0	68.8	0.0	233.1	233.0	45.0	51.8	6.2	59.5	0.0	3.6	.Autoclave.Outputs.PRESSIP\OutputValue	8.0	17.7	0.6	-1.0	0.0	-1.0	-1.0	-1.0	0.0	0.0	0.0	-1.0	-1.0	0.0	0.0	0.0	-1.0	0.0
04:46:16	91.1	232.9	228.0	227.7	216.4	216.0	0.1	44.8	0.0	0.1	0.1	232.9	216.0	0.7	0.1	224.2	224.4	233.4	233.4	232.7	237.8	99.2	91.0	69.8	0.0	233.0	233.0	45.0	51.1	6.1	59.7	0.0	2.2	.Autoclave.Outputs.PRESSIP\OutputValue	8.0	17.0	0.5	-1.0	0.0	-1.0	-1.0	-1.0	0.0	0.0	0.0	-1.0	-1.0	0.0	0.0	0.0	-1.0	0.0
04:47:16	92.1	233.0	228.2	227.8	217.0	216.7	0.0	44.9	0.0	0.0	0.0	233.0	216.7	0.9	-0.1	224.5	224.8	233.4	233.4	232.7	237.7	99.4	92.0	70.8	0.0	233.1	233.0	45.0	51.7	6.1	59.3	0.0	3.5	.Autoclave.Outputs.PRESSIP\OutputValue	8.0	16.4	0.4	-1.0	0.0	-1.0	-1.0	-1.0	0.0	0.0	0.0	-1.0	-1.0	0.0	0.0	0.0	-1.0	0.0
04:48:15	93.0	232.9	228.4	228.0	217.6	217.2	0.1	44.9	0.0	0.1	0.1	232.9	217.2	0.7	0.1	224.8	225.0	233.4	233.4	232.6	237.8	99.4	93.0	71.8	0.0	233.0	233.0	45.0	50.4	6.1	59.3	0.0	0.7	.Autoclave.Outputs.PRESSIP\OutputValue	8.0	15.8	0.5	-1.0	0.0	-1.0	-1.0	-1.0	0.0	0.0	0.0	-1.0	-1.0	0.0	0.0	0.0	-1.0	0.0
04:49:16	94.1	233.0	228.7	228.3	218.3	217.9	0.1	44.8	0.0	0.1	0.1	233.0	217.9	0.7	0.0	225.2	225.4	233.3	233.3	232.6	237.8	99.4	94.0	72.8	0.0	233.0	233.0	45.0	52.3	6.0	59.3	0.0	4.7	.Autoclave.Outputs.PRESSIP\OutputValue	8.0	15.2	0.3	-1.0	0.0	-1.0	-1.0	-1.0	0.0	0.0	0.0	-1.0	-1.0	0.0	0.0	0.0	-1.0	0.0
04:50:15	95.0	233.0	228.9	228.5	219.0	218.4	0.0	44.9	0.0	0.0	0.0	233.0	218.4	0.7	0.1	225.6	225.7	233.4	233.4	232.6	237.7	99.5	95.0	73.8	0.0	233.0	233.0	45.0	51.0	6.0	59.3	0.0	1.9	.Autoclave.Outputs.PRESSIP\OutputValue	8.0	14.7	0.4	-1.0	0.0	-1.0	-1.0	-1.0	0.0	0.0	0.0	-1.0	-1.0	0.0	0.0	0.0	-1.0	0.0
04:51:15	96.0	233.0	229.0	228.7	219.5	219.0	0.1	44.8	0.0	0.1	0.1	233.0	219.0	0.8	-0.2	225.8	226.0	233.4	233.4	232.6	237.7	99.5	96.0	74.8	0.0	233.1	233.0	45.0	52.2	5.9	59.7	0.0	4.5	.Autoclave.Outputs.PRESSIP\OutputValue	8.0	14.1	0.4	-1.0	0.0	-1.0	-1.0	-1.0	0.0	0.0	0.0	-1.0	-1.0	0.0	0.0	0.0	-1.0	0.0
04:52:16	97.1	232.9	229.3	228.9	220.2	219.6	0.0	44.9	0.0	0.0	0.0	232.9	219.6	0.8	0.0	226.2	226.2	233.3	233.3	232.6	237.7	99.6	97.0	75.8	0.0	232.9	233.0	45.0	50.9	5.9	59.3	0.0	1.7	.Autoclave.Outputs.PRESSIP\OutputValue	8.0	13.4	0.4	-1.0	0.0	-1.0	-1.0	-1.0	0.0	0.0	0.0	-1.0	-1.0	0.0	0.0	0.0	-1.0	0.0
04:53:16	98.1	233.0	229.4	229.1	220.5	220.0	0.1	44.8	0.0	0.1	0.1	233.0	220.0	0.6	0.1	226.4	226.5	233.4	233.4	232.6	237.7	99.6	98.0	76.8	0.0	232.9	233.0	45.0	50.8	5.9	59.5	0.0	1.7	.Autoclave.Outputs.PRESSIP\OutputValue	8.0	13.1	0.4	-1.0	0.0	-1.0	-1.0	-1.0	0.0	0.0	0.0	-1.0	-1.0	0.0	0.0	0.0	-1.0	0.0
04:54:16	99.1	233.1	229.4	229.1	221.0	220.6	0.0	44.9	0.0	0.0	0.0	233.1	220.6	0.6	0.0	226.6	226.8	233.4	233.4	232.6	237.6	99.6	99.0	77.8	0.0	233.0	233.0	45.0	51.5	5.8	59.3	0.0	2.9	.Autoclave.Outputs.PRESSIP\OutputValue	8.0	12.6	0.3	-1.0	0.0	-1.0	-1.0	-1.0	0.0	0.0	0.0	-1.0	-1.0	0.0	0.0	0.0	-1.0	0.0
04:55:16	100.1	233.1	229.6	229.4	221.5	221.0	0.1	44.9	0.0	0.1	0.1	233.1	221.0	0.7	0.0	226.9	227.0	233.4	233.4	232.6	237.7	99.6	100.0	78.8	0.0	232.8	233.0	45.0	50.1	5.8	59.1	0.0	0.1	.Autoclave.Outputs.PRESSIP\OutputValue	8.0	12.2	0.3	-1.0	0.0	-1.0	-1.0	-1.0	0.0	0.0	0.0	-1.0	-1.0	0.0	0.0	0.0	-1.0	0.0
04:56:16	101.1	233.2	229.9	229.5	221.9	221.6	0.0	44.9	0.0	0.0	0.0	233.2	221.6	0.4	0.0	227.2	227.4	233.3	233.4	232.7	237.8	99.8	101.0	79.8	0.0	232.8	233.0	45.0	50.0	5.7	59.0	0.0	0.0	.Autoclave.Outputs.PRESSIP\OutputValue	8.0	11.7	0.1	-1.0	0.0	-1.0	-1.0	-1.0	0.0	0.0	0.0	-1.0	-1.0	0.0	0.0	0.0	-1.0	0.0
04:57:15	102.0	233.2	230.0	229.6	222.4	222.0	0.0	44.9	0.0	0.0	0.0	233.2	222.0	0.6	0.1	227.4	227.6	233.4	233.4	232.7	237.7	99.8	102.0	80.8	0.0	232.8	233.0	45.0	49.3	5.7	59.3	0.0	0.0	.Autoclave.Outputs.PRESSIP\OutputValue	8.0	11.3	0.2	-1.0	0.0	-1.0	-1.0	-1.0	0.0	0.0	0.0	-1.0	-1.0	0.0	0.0	0.0	-1.0	0.0
04:58:16	103.1	233.3	230.1	229.8	222.8	222.4	0.1	44.9	0.0	0.1	0.1	233.3	222.4	0.5	0.0	227.7	227.8	233.4	233.5	232.7	237.8	99.8	103.0	81.8	0.0	232.7	233.0	45.0	48.6	5.6	59.0	0.0	0.0	.Autoclave.Outputs.PRESSIP\OutputValue	8.0	11.0	0.1	-1.0	0.0	-1.0	-1.0	-1.0	0.0	0.0	0.0	-1.0	-1.0	0.0	0.0	0.0	-1.0	0.0
04:59:16	104.1	233.2	230.3	229.9	223.3	222.8	0.1	44.9	0.0	0.1	0.1	233.2	222.8	0.5	0.1	227.9	228.0	233.4	233.5	232.7	237.9	99.9	104.0	82.8	0.0	232.7	233.0	45.0	48.5	5.5	59.1	0.0	0.0	.Autoclave.Outputs.PRESSIP\OutputValue	8.0	10.5	0.2	-1.0	0.0	-1.0	-1.0	-1.0	0.0	0.0	0.0	-1.0	-1.0	0.0	0.0	0.0	-1.0	0.0
05:00:15	105.0	233.3	230.4	230.2	223.7	223.3	0.0	44.9	0.0	0.0	0.0	233.3	223.3	0.4	0.0	228.2	228.3	233.5	233.5	232.7	237.9	99.9	105.0	83.8	0.0	232.7	233.0	45.0	48.4	5.4	59.0	0.0	0.0	.Autoclave.Outputs.PRESSIP\OutputValue	8.0	10.1	0.2	-1.0	0.0	-1.0	-1.0	-1.0	0.0	0.0	0.0	-1.0	-1.0	0.0	0.0	0.0	-1.0	0.0
05:01:16	106.1	233.1	230.3	230.1	224.0	223.5	0.0	44.8	0.0	0.0	0.0	233.1	223.5	0.4	-0.3	228.2	228.3	230.3	230.3	229.5	236.6	100.1	106.0	84.8	0.0	232.9	233.0	45.0	70.6	5.6	59.9	0.0	41.1	.Autoclave.Outputs.PRESSIP\OutputValue	8.0	9.7	-2.8	-1.0	0.0	-1.0	-1.0	-1.0	0.0	0.0	0.0	-1.0	-1.0	0.0	0.0	0.0	-1.0	0.0
05:02:16	107.1	233.2	230.6	230.3	224.4	223.9	0.0	44.8	0.0	0.0	0.0	233.2	223.9	0.5	0.1	228.5	228.5	232.6	232.6	231.9	237.1	100.0	107.0	85.8	0.0	232.7	233.0	45.0	54.6	5.7	59.9	0.0	9.3	.Autoclave.Outputs.PRESSIP\OutputValue	8.0	9.4	-0.6	-1.0	0.0	-1.0	-1.0	-1.0	0.0	0.0	0.0	-1.0	-1.0	0.0	0.0	0.0	-1.0	0.0
05:03:15	108.0	233.1	230.6	230.2	224.7	224.3	0.0	44.8	0.0	0.0	0.0	233.1	224.3	0.3	-0.1	228.6	228.7	233.0	233.0	232.1	237.3	100.1	108.0	86.8	0.0	232.9	233.0	45.0	53.3	5.7	59.7	0.0	6.6	.Autoclave.Outputs.PRESSIP\OutputValue	8.0	8.9	-0.1	-1.0	0.0	-1.0	-1.0	-1.0	0.0	0.0	0.0	-1.0	-1.0	0.0	0.0	0.0	-1.0	0.0
05:04:16	109.1	233.1	230.6	230.4	225.0	224.7	0.0	44.8	0.0	0.0	0.0	233.1	224.7	0.4	0.0	228.8	228.9	233.0	233.0	232.3	237.4	100.1	109.0	87.8	0.0	232.9	233.0	45.0	52.0	5.7	59.5	0.0	3.9	.Autoclave.Outputs.PRESSIP\OutputValue	8.0	8.5	-0.1	-1.0	0.0	-1.0	-1.0	-1.0	0.0	0.0	0.0	-1.0	-1.0	0.0	0.0	0.0	-1.0	0.0
05:05:16	110.1	233.1	230.8	230.5	225.4	225.0	0.0	44.8	0.0	0.0	0.0	233.1	225.0	0.4	0.0	229.0	229.0	233.1	233.1	232.4	237.4	100.1	110.0	88.8	0.0	232.9	233.0	45.0	51.9	5.6	59.5	0.0	3.9	.Autoclave.Outputs.PRESSIP\OutputValue	8.0	8.2	0.0	-1.0	0.0	-1.0	-1.0	-1.0	0.0	0.0	0.0	-1.0	-1.0	0.0	0.0	0.0	-1.0	0.0
05:05:21	110.1	233.0	230.8	230.4	225.4	225.3	0.0	44.8	0.0	0.0	0.0	233.0	225.3	0.4	0.0	229.0	229.1	233.0	233.0	232.4	237.4	100.1	110.1	88.9	0.0	233.0	233.0	45.0	52.6	5.6	59.5	0.0	5.2	.Autoclave.Outputs.PRESSIP\OutputValue	8.0	7.8	0.0	-1.0	0.0	-1.0	-1.0	-1.0	0.0	0.0	0.0	-1.0	-1.0	0.0	0.0	0.0	-1.0	0.0
05:06:16	111.1	233.4	231.3	230.9	225.8	225.5	0.0	45.6	0.0	0.0	0.0	233.4	225.5	0.6	0.1	229.4	229.4	239.4	239.5	238.8	250.3	100.3	111.0	0.9	0.0	241.7	237.6	45.0	68.9	5.8	52.3	0.0	37.8	.Autoclave.Outputs.PRESSIP\OutputValue	7.6	8.0	6.0	-1.0	0.0	-1.0	-1.0	-1.0	0.0	0.0	0.0	-1.0	-1.0	0.0	0.0	0.0	-1.0	0.0
05:07:16	112.1	234.2	232.1	231.5	226.3	226.0	0.0	44.8	0.0	0.0	0.0	234.2	226.0	1.0	0.4	230.0	230.1	247.8	247.9	247.2	259.2	100.2	112.0	1.9	0.0	250.8	242.6	45.0	73.7	6.1	58.3	0.0	47.4	.Autoclave.Outputs.PRESSIP\OutputValue	6.4	8.3	13.6	-1.0	0.0	-1.0	-1.0	-1.0	0.0	0.0	0.0	-1.0	-1.0	0.0	0.0	0.0	-1.0	0.0
05:08:16	113.1	235.6	233.3	232.3	226.9	226.7	0.0	45.4	0.0	0.0	0.0	235.6	226.7	1.3	0.7	231.0	231.1	256.8	256.8	256.2	268.2	100.4	113.0	2.9	0.0	259.5	247.6	45.0	72.7	6.3	52.6	0.0	45.3	.Autoclave.Outputs.PRESSIP\OutputValue	6.1	9.0	21.2	-1.0	0.0	-1.0	-1.0	-1.0	0.0	0.0	0.0	-1.0	-1.0	0.0	0.0	0.0	-1.0	0.0
05:09:15	114.0	237.6	234.7	233.4	227.7	227.5	0.1	45.9	0.0	0.1	0.1	237.6	227.5	1.9	0.8	232.2	232.5	264.7	264.7	264.0	276.5	100.4	114.0	3.9	0.0	267.5	252.6	45.0	73.3	6.6	46.0	0.0	46.5	.Autoclave.Outputs.PRESSIP\OutputValue	4.8	10.2	27.1	-1.0	0.0	-1.0	-1.0	-1.0	0.0	0.0	0.0	-1.0	-1.0	0.0	0.0	0.0	-1.0	0.0
05:10:16	115.1	239.9	236.4	234.7	228.7	228.6	0.1	45.1	0.0	0.1	0.1	239.9	228.6	2.4	0.9	233.7	234.2	272.3	272.3	271.6	284.4	100.4	115.0	4.9	0.0	275.1	257.6	45.0	73.9	6.9	53.2	0.0	47.9	.Autoclave.Outputs.PRESSIP\OutputValue	4.5	11.4	32.4	-1.0	0.0	-1.0	-1.0	-1.0	0.0	0.0	0.0	-1.0	-1.0	0.0	0.0	0.0	-1.0	0.0
05:11:16	116.1	242.5	237.9	236.1	229.7	229.6	0.1	45.0	0.0	0.1	0.1	242.5	229.6	2.6	1.1	235.2	236.0	273.4	273.4	272.7	279.1	100.7	116.0	5.9	0.0	273.5	258.0	45.0	55.1	7.0	54.5	0.0	10.3	.Autoclave.Outputs.PRESSIP\OutputValue	4.3	13.0	30.9	-1.0	0.0	-1.0	-1.0	-1.0	0.0	0.0	0.0	-1.0	-1.0	0.0	0.0	0.0	-1.0	0.0
05:12:16	117.1	244.9	239.5	237.5	230.8	230.7	0.1	44.9	0.0	0.1	0.1	244.9	230.7	2.4	1.1	236.7	237.8	271.3	271.3	270.6	276.2	100.6	117.0	6.9	0.0	271.2	258.0	45.0	53.8	7.0	55.6	0.0	7.6	.Autoclave.Outputs.PRESSIP\OutputValue	4.5	14.3	26.4	-1.0	0.0	-1.0	-1.0	-1.0	0.0	0.0	0.0	-1.0	-1.0	0.0	0.0	0.0	-1.0	0.0
05:13:16	118.1	246.9	240.7	238.8	232.1	231.7	0.0	44.8	0.0	0.0	0.0	246.9	231.7	2.0	1.0	238.0	239.3	269.4	269.4	268.6	274.1	100.7	118.0	7.9	0.0	269.3	258.0	45.0	53.1	6.9	56.9	0.0	6.3	.Autoclave.Outputs.PRESSIP\OutputValue	4.8	15.3	22.5	-1.0	0.0	-1.0	-1.0	-1.0	0.0	0.0	0.0	-1.0	-1.0	0.0	0.0	0.0	-1.0	0.0
05:14:16	119.1	248.6	241.9	240.2	232.9	232.9	0.1	44.7	0.0	0.1	0.1	248.6	232.9	1.8	1.0	239.3	240.7	267.6	267.7	266.8	272.3	100.6	119.0	8.9	0.0	267.4	258.0	45.0	53.1	6.9	58.2	0.0	6.2	.Autoclave.Outputs.PRESSIP\OutputValue	5.4	15.8	19.0	-1.0	0.0	-1.0	-1.0	-1.0	0.0	0.0	0.0	-1.0	-1.0	0.0	0.0	0.0	-1.0	0.0
05:15:16	120.1	250.2	243.2	241.4	234.1	233.7	0.0	44.6	0.0	0.0	0.0	250.2	233.7	1.6	1.0	240.5	241.9	266.2	266.2	265.5	270.6	100.6	120.0	9.9	0.0	265.8	258.0	45.0	52.4	6.9	59.8	0.0	4.8	.Autoclave.Outputs.PRESSIP\OutputValue	6.0	16.6	16.0	-1.0	0.0	-1.0	-1.0	-1.0	0.0	0.0	0.0	-1.0	-1.0	0.0	0.0	0.0	-1.0	0.0
05:16:16	121.1	251.4	244.2	242.5	235.0	234.6	0.1	44.5	0.0	0.1	0.1	251.4	234.6	1.3	0.9	241.5	243.0	264.9	264.9	264.1	269.3	100.6	121.0	10.9	0.0	264.6	258.0	45.0	52.4	6.8	61.6	0.0	4.8	.Autoclave.Outputs.PRESSIP\OutputValue	6.9	16.9	13.5	-1.0	0.0	-1.0	-1.0	-1.0	0.0	0.0	0.0	-1.0	-1.0	0.0	0.0	0.0	-1.0	0.0
05:17:16	122.1	252.5	245.1	243.4	235.9	235.6	0.0	44.5	0.0	0.0	0.0	252.5	235.6	1.2	0.8	242.5	244.0	263.9	263.8	263.1	268.3	100.8	122.0	11.9	0.0	263.7	258.0	45.0	52.4	6.8	62.5	0.0	4.7	.Autoclave.Outputs.PRESSIP\OutputValue	7.8	17.0	11.4	-1.0	0.0	-1.0	-1.0	-1.0	0.0	0.0	0.0	-1.0	-1.0	0.0	0.0	0.0	-1.0	0.0
05:18:15	123.0	253.4	245.9	244.2	236.7	236.3	0.1	44.5	0.0	0.1	0.1	253.4	236.3	0.9	0.7	243.3	244.8	263.0	263.0	262.3	267.3	100.7	123.0	12.9	0.0	262.7	258.0	45.0	52.3	6.8	63.5	0.0	4.6	.Autoclave.Outputs.PRESSIP\OutputValue	8.0	17.2	9.6	-1.0	0.0	-1.0	-1.0	-1.0	0.0	0.0	0.0	-1.0	-1.0	0.0	0.0	0.0	-1.0	0.0
05:19:16	124.1	254.1	246.6	245.1	237.5	237.1	0.1	44.4	0.0	0.1	0.1	254.1	237.1	0.9	0.7	244.1	245.6	262.2	262.2	261.6	266.7	100.8	124.0	13.9	0.0	261.9	258.0	45.0	52.3	6.7	64.0	0.0	4.6	.Autoclave.Outputs.PRESSIP\OutputValue	8.0	17.1	8.1	-1.0	0.0	-1.0	-1.0	-1.0	0.0	0.0	0.0	-1.0	-1.0	0.0	0.0	0.0	-1.0	0.0
05:20:16	125.1	254.7	247.4	246.0	238.3	237.9	0.1	44.4	0.0	0.1	0.1	254.7	237.9	0.8	0.6	244.9	246.3	261.7	261.7	260.9	266.2	100.9	125.0	14.9	0.0	261.3	258.0	45.0	51.6	6.7	63.7	0.0	3.2	.Autoclave.Outputs.PRESSIP\OutputValue	8.0	16.9	7.0	-1.0	0.0	-1.0	-1.0	-1.0	0.0	0.0	0.0	-1.0	-1.0	0.0	0.0	0.0	-1.0	0.0
05:21:16	126.1	255.2	248.0	246.7	239.0	238.6	0.0	44.4	0.0	0.0	0.0	255.2	238.6	0.8	0.5	245.5	246.9	261.1	261.1	260.4	265.6	100.7	126.0	15.9	0.0	260.8	258.0	45.0	52.2	6.6	64.2	0.0	4.4	.Autoclave.Outputs.PRESSIP\OutputValue	8.0	16.7	5.9	-1.0	0.0	-1.0	-1.0	-1.0	0.0	0.0	0.0	-1.0	-1.0	0.0	0.0	0.0	-1.0	0.0
05:22:11	127.0	255.6	248.5	247.1	239.6	239.2	0.0	44.3	0.0	0.0	0.0	255.6	239.2	0.7	0.4	246.0	247.4	260.7	260.7	260.0	265.3	100.9	126.9	16.8	0.0	260.4	258.0	45.0	52.2	6.6	64.4	0.0	4.4	.Autoclave.Outputs.PRESSIP\OutputValue	8.0	16.5	5.1	-1.0	0.0	-1.0	-1.0	-1.0	0.0	0.0	0.0	-1.0	-1.0	0.0	0.0	0.0	-1.0	0.0
05:22:15	127.0	255.6	248.6	247.3	239.6	239.2	0.0	44.4	0.0	0.0	0.0	255.6	239.2	0.7	0.4	246.1	247.4	260.7	260.7	260.0	265.1	100.8	127.0	0.1	90.9	260.4	258.0	45.0	52.2	6.6	64.2	0.0	4.4	.Autoclave.Outputs.PRESSIP\OutputValue	8.0	16.5	5.1	-1.0	0.0	-1.0	-1.0	-1.0	0.0	0.0	0.0	-1.0	-1.0	0.0	0.0	0.0	-1.0	0.0
05:23:15	128.0	256.0	249.1	247.8	240.3	239.9	0.0	44.4	0.0	0.0	0.0	256.0	239.9	0.7	0.4	246.6	247.9	260.3	260.3	259.7	264.9	100.9	128.0	1.1	89.9	260.0	258.0	45.0	52.2	6.6	64.4	0.0	4.3	.Autoclave.Outputs.PRESSIP\OutputValue	8.0	16.2	4.3	-1.0	0.0	-1.0	-1.0	-1.0	0.0	0.0	0.0	-1.0	-1.0	0.0	0.0	0.0	-1.0	0.0
05:24:16	129.1	256.2	249.6	248.3	240.8	240.5	0.1	44.3	0.0	0.1	0.1	256.2	240.5	0.6	0.3	247.1	248.3	260.0	260.0	259.3	264.7	100.8	129.0	2.1	88.9	259.8	258.0	45.0	52.8	6.5	64.8	0.0	5.6	.Autoclave.Outputs.PRESSIP\OutputValue	8.0	15.8	3.8	-1.0	0.0	-1.0	-1.0	-1.0	0.0	0.0	0.0	-1.0	-1.0	0.0	0.0	0.0	-1.0	0.0
05:25:15	130.0	256.4	250.0	248.8	241.5	241.1	0.1	44.3	0.0	0.1	0.1	256.4	241.1	0.7	0.2	247.6	248.7	259.8	259.8	259.1	264.4	100.8	130.0	3.1	87.9	259.6	258.0	45.0	52.8	6.5	64.8	0.0	5.5	.Autoclave.Outputs.PRESSIP\OutputValue	8.0	15.4	3.4	-1.0	0.0	-1.0	-1.0	-1.0	0.0	0.0	0.0	-1.0	-1.0	0.0	0.0	0.0	-1.0	0.0
05:26:15	131.0	256.5	250.4	249.3	242.0	241.7	0.0	44.3	0.0	0.0	0.0	256.5	241.7	0.6	0.3	248.0	249.1	259.6	259.6	259.0	264.3	101.0	131.0	4.1	86.9	259.4	258.0	45.0	52.7	6.5	65.0	0.0	5.5	.Autoclave.Outputs.PRESSIP\OutputValue	8.0	14.9	3.1	-1.0	0.0	-1.0	-1.0	-1.0	0.0	0.0	0.0	-1.0	-1.0	0.0	0.0	0.0	-1.0	0.0
05:27:16	132.1	256.9	250.9	249.8	242.5	242.2	0.0	44.3	0.0	0.0	0.0	256.9	242.2	0.5	0.1	248.5	249.5	259.4	259.4	258.7	263.9	100.9	132.0	5.1	85.9	259.1	258.0	45.0	52.7	6.5	65.0	0.0	5.4	.Autoclave.Outputs.PRESSIP\OutputValue	8.0	14.8	2.5	-1.0	0.0	-1.0	-1.0	-1.0	0.0	0.0	0.0	-1.0	-1.0	0.0	0.0	0.0	-1.0	0.0
05:28:16	133.1	257.1	251.2	250.2	243.1	242.7	0.0	44.3	0.0	0.0	0.0	257.1	242.7	0.5	0.2	248.9	249.9	259.1	259.2	258.5	263.8	100.9	133.0	6.1	84.9	258.9	258.0	45.0	53.3	6.4	65.2	0.0	6.7	.Autoclave.Outputs.PRESSIP\OutputValue	8.0	14.5	2.0	-1.0	0.0	-1.0	-1.0	-1.0	0.0	0.0	0.0	-1.0	-1.0	0.0	0.0	0.0	-1.0	0.0
05:29:15	134.0	257.1	251.5	250.6	243.6	243.3	0.0	44.3	0.0	0.0	0.0	257.1	243.3	0.6	0.2	249.2	250.2	259.0	259.1	258.3	263.8	101.0	134.0	7.1	83.9	258.9	258.0	45.0	53.3	6.4	65.2	0.0	6.6	.Autoclave.Outputs.PRESSIP\OutputValue	8.0	13.9	1.9	-1.0	0.0	-1.0	-1.0	-1.0	0.0	0.0	0.0	-1.0	-1.0	0.0	0.0	0.0	-1.0	0.0
05:30:16	135.1	257.2	251.8	250.9	243.9	243.7	0.1	44.3	0.0	0.1	0.1	257.2	243.7	0.6	0.0	249.5	250.4	259.0	259.0	258.4	263.9	100.9	135.0	8.1	82.9	258.8	258.0	45.0	52.6	6.4	64.8	0.0	5.2	.Autoclave.Outputs.PRESSIP\OutputValue	8.0	13.6	1.8	-1.0	0.0	-1.0	-1.0	-1.0	0.0	0.0	0.0	-1.0	-1.0	0.0	0.0	0.0	-1.0	0.0
05:31:16	136.1	257.3	252.1	251.3	244.4	244.2	0.0	44.3	0.0	0.0	0.0	257.3	244.2	0.5	0.2	249.9	250.7	258.9	259.0	258.2	263.4	100.9	136.0	9.1	81.9	258.7	258.0	45.0	52.6	6.3	65.2	0.0	5.2	.Autoclave.Outputs.PRESSIP\OutputValue	8.0	13.2	1.6	-1.0	0.0	-1.0	-1.0	-1.0	0.0	0.0	0.0	-1.0	-1.0	0.0	0.0	0.0	-1.0	0.0
05:32:16	137.1	257.4	252.4	251.6	244.9	244.6	0.0	44.3	0.0	0.0	0.0	257.4	244.6	0.5	0.0	250.2	251.0	258.7	258.7	258.1	263.6	101.0	137.0	10.1	80.9	258.6	258.0	45.0	52.6	6.3	65.4	0.0	5.1	.Autoclave.Outputs.PRESSIP\OutputValue	8.0	12.9	1.3	-1.0	0.0	-1.0	-1.0	-1.0	0.0	0.0	0.0	-1.0	-1.0	0.0	0.0	0.0	-1.0	0.0
05:33:16	138.1	257.5	252.6	251.8	245.3	245.1	0.0	44.2	0.0	0.0	0.0	257.5	245.1	0.6	0.2	250.5	251.3	258.7	258.7	258.0	263.5	100.9	138.0	11.1	79.9	258.5	258.0	45.0	51.9	6.3	65.5	0.0	3.7	.Autoclave.Outputs.PRESSIP\OutputValue	8.0	12.5	1.2	-1.0	0.0	-1.0	-1.0	-1.0	0.0	0.0	0.0	-1.0	-1.0	0.0	0.0	0.0	-1.0	0.0
05:34:16	139.1	257.6	252.9	252.2	245.7	245.5	0.1	44.3	0.0	0.1	0.1	257.6	245.5	0.3	0.0	250.8	251.5	258.7	258.7	258.0	263.2	101.0	139.0	12.1	78.9	258.4	258.0	45.0	52.5	6.2	65.2	0.0	5.0	.Autoclave.Outputs.PRESSIP\OutputValue	8.0	12.2	1.1	-1.0	0.0	-1.0	-1.0	-1.0	0.0	0.0	0.0	-1.0	-1.0	0.0	0.0	0.0	-1.0	0.0
05:35:16	140.1	257.6	253.2	252.5	246.1	245.9	0.1	44.3	0.0	0.1	0.1	257.6	245.9	0.5	0.0	251.1	251.7	258.6	258.6	257.8	263.3	101.1	140.0	13.1	77.9	258.4	258.0	45.0	52.5	6.2	65.4	0.0	4.9	.Autoclave.Outputs.PRESSIP\OutputValue	8.0	11.8	1.0	-1.0	0.0	-1.0	-1.0	-1.0	0.0	0.0	0.0	-1.0	-1.0	0.0	0.0	0.0	-1.0	0.0
05:36:16	141.1	257.8	253.4	252.7	246.5	246.3	0.0	44.2	0.0	0.0	0.0	257.8	246.3	0.4	0.1	251.3	252.0	258.5	258.5	257.8	263.0	101.0	141.0	14.1	76.9	258.3	258.0	45.0	52.4	6.2	65.4	0.0	4.9	.Autoclave.Outputs.PRESSIP\OutputValue	8.0	11.6	0.7	-1.0	0.0	-1.0	-1.0	-1.0	0.0	0.0	0.0	-1.0	-1.0	0.0	0.0	0.0	-1.0	0.0
05:37:16	142.1	257.7	253.6	252.9	246.8	246.7	0.0	44.3	0.0	0.0	0.0	257.7	246.7	0.4	0.0	251.5	252.2	258.5	258.6	257.8	262.9	101.0	142.0	15.1	75.9	258.3	258.0	45.0	52.4	6.2	65.4	0.0	4.8	.Autoclave.Outputs.PRESSIP\OutputValue	8.0	11.1	0.8	-1.0	0.0	-1.0	-1.0	-1.0	0.0	0.0	0.0	-1.0	-1.0	0.0	0.0	0.0	-1.0	0.0
05:38:15	143.0	257.7	253.8	253.0	247.2	246.9	0.1	44.3	0.0	0.1	0.1	257.7	246.9	0.5	0.0	251.7	252.3	258.5	258.6	257.8	263.0	100.9	143.0	16.1	74.9	258.3	258.0	45.0	52.4	6.1	65.4	0.0	4.8	.Autoclave.Outputs.PRESSIP\OutputValue	8.0	10.9	0.8	-1.0	0.0	-1.0	-1.0	-1.0	0.0	0.0	0.0	-1.0	-1.0	0.0	0.0	0.0	-1.0	0.0
05:39:15	144.0	257.7	253.9	253.3	247.6	247.4	0.0	44.3	0.0	0.0	0.0	257.7	247.4	0.4	0.0	252.0	252.5	258.4	258.4	257.7	263.1	101.1	144.0	17.1	73.9	258.3	258.0	45.0	53.0	6.1	65.5	0.0	6.1	.Autoclave.Outputs.PRESSIP\OutputValue	8.0	10.4	0.7	-1.0	0.0	-1.0	-1.0	-1.0	0.0	0.0	0.0	-1.0	-1.0	0.0	0.0	0.0	-1.0	0.0
05:40:15	145.0	257.8	254.1	253.4	247.9	247.7	0.0	44.3	0.0	0.0	0.0	257.8	247.7	0.4	0.1	252.2	252.7	258.5	258.5	257.8	263.0	101.1	145.0	18.1	72.9	258.2	258.0	45.0	51.7	6.1	65.4	0.0	3.3	.Autoclave.Outputs.PRESSIP\OutputValue	8.0	10.2	0.7	-1.0	0.0	-1.0	-1.0	-1.0	0.0	0.0	0.0	-1.0	-1.0	0.0	0.0	0.0	-1.0	0.0
05:41:15	146.0	257.8	254.3	253.6	248.3	248.1	0.0	44.3	0.0	0.0	0.0	257.8	248.1	0.3	0.0	252.4	252.9	258.4	258.4	257.7	263.0	101.1	146.0	19.1	71.9	258.3	258.0	45.0	53.0	6.1	65.4	0.0	6.0	.Autoclave.Outputs.PRESSIP\OutputValue	8.0	9.8	0.6	-1.0	0.0	-1.0	-1.0	-1.0	0.0	0.0	0.0	-1.0	-1.0	0.0	0.0	0.0	-1.0	0.0
05:42:16	147.1	257.8	254.4	253.8	248.6	248.4	0.0	44.2	0.0	0.0	0.0	257.8	248.4	0.4	0.1	252.6	253.1	258.3	258.3	257.6	262.8	101.1	147.0	20.1	70.9	258.2	258.0	45.0	52.3	6.0	65.4	0.0	4.6	.Autoclave.Outputs.PRESSIP\OutputValue	8.0	9.5	0.5	-1.0	0.0	-1.0	-1.0	-1.0	0.0	0.0	0.0	-1.0	-1.0	0.0	0.0	0.0	-1.0	0.0
05:43:16	148.1	257.9	254.6	254.0	248.9	248.8	0.0	44.2	0.0	0.0	0.0	257.9	248.8	0.3	0.0	252.8	253.3	258.3	258.3	257.5	263.0	101.2	148.0	21.1	69.9	258.1	258.0	45.0	52.9	6.0	65.5	0.0	5.9	.Autoclave.Outputs.PRESSIP\OutputValue	8.0	9.2	0.4	-1.0	0.0	-1.0	-1.0	-1.0	0.0	0.0	0.0	-1.0	-1.0	0.0	0.0	0.0	-1.0	0.0
05:44:16	149.1	258.0	254.8	254.2	249.3	249.1	0.1	44.3	0.0	0.1	0.1	258.0	249.1	0.4	0.1	253.1	253.5	258.2	258.2	257.5	262.8	101.2	149.0	22.1	68.9	258.1	258.0	45.0	52.9	6.0	65.4	0.0	5.8	.Autoclave.Outputs.PRESSIP\OutputValue	8.0	9.0	0.2	-1.0	0.0	-1.0	-1.0	-1.0	0.0	0.0	0.0	-1.0	-1.0	0.0	0.0	0.0	-1.0	0.0
05:45:15	150.0	258.0	255.0	254.3	249.5	249.3	0.0	44.2	0.0	0.0	0.0	258.0	249.3	0.4	-0.1	253.2	253.6	258.1	258.3	257.4	262.8	101.0	150.0	23.1	67.9	258.1	258.0	45.0	52.9	6.0	65.4	0.0	5.7	.Autoclave.Outputs.PRESSIP\OutputValue	8.0	8.8	0.1	-1.0	0.0	-1.0	-1.0	-1.0	0.0	0.0	0.0	-1.0	-1.0	0.0	0.0	0.0	-1.0	0.0
05:46:16	151.1	257.9	255.1	254.5	249.8	249.6	0.0	44.3	0.0	0.0	0.0	257.9	249.6	0.2	-0.1	253.4	253.7	258.2	258.3	257.4	262.8	101.1	151.0	24.1	66.9	258.0	258.0	45.0	52.2	5.9	65.4	0.0	4.4	.Autoclave.Outputs.PRESSIP\OutputValue	8.0	8.4	0.3	-1.0	0.0	-1.0	-1.0	-1.0	0.0	0.0	0.0	-1.0	-1.0	0.0	0.0	0.0	-1.0	0.0
05:47:16	152.1	258.0	255.2	254.7	250.0	250.0	0.0	44.2	0.0	0.0	0.0	258.0	250.0	0.3	0.1	253.6	254.0	258.2	258.2	257.6	262.7	100.9	152.0	25.1	65.9	258.0	258.0	45.0	52.2	5.9	65.2	0.0	4.3	.Autoclave.Outputs.PRESSIP\OutputValue	8.0	8.1	0.2	-1.0	0.0	-1.0	-1.0	-1.0	0.0	0.0	0.0	-1.0	-1.0	0.0	0.0	0.0	-1.0	0.0
05:48:16	153.1	258.0	255.3	254.8	250.4	250.2	0.0	44.2	0.0	0.0	0.0	258.0	250.2	0.3	0.0	253.7	254.1	258.1	258.1	257.3	262.6	101.0	153.0	26.1	64.9	258.0	258.0	45.0	52.8	5.9	65.4	0.0	5.6	.Autoclave.Outputs.PRESSIP\OutputValue	8.0	7.9	0.1	-1.0	0.0	-1.0	-1.0	-1.0	0.0	0.0	0.0	-1.0	-1.0	0.0	0.0	0.0	-1.0	0.0
05:49:15	154.0	258.1	255.5	255.0	250.6	250.5	0.0	44.3	0.0	0.0	0.0	258.1	250.5	0.3	0.0	253.9	254.3	258.0	258.1	257.3	262.7	101.1	154.0	27.1	63.9	257.9	258.0	45.0	53.4	5.9	65.4	0.0	6.9	.Autoclave.Outputs.PRESSIP\OutputValue	8.0	7.7	-0.1	-1.0	0.0	-1.0	-1.0	-1.0	0.0	0.0	0.0	-1.0	-1.0	0.0	0.0	0.0	-1.0	0.0
05:50:16	155.1	258.1	255.6	255.1	250.8	250.7	0.0	44.3	0.0	0.0	0.0	258.1	250.7	0.2	0.0	254.1	254.4	258.2	258.2	257.4	262.6	101.1	155.0	28.1	62.9	257.9	258.0	45.0	51.4	5.8	65.5	0.0	2.8	.Autoclave.Outputs.PRESSIP\OutputValue	8.0	7.5	0.1	-1.0	0.0	-1.0	-1.0	-1.0	0.0	0.0	0.0	-1.0	-1.0	0.0	0.0	0.0	-1.0	0.0
05:51:16	156.1	258.0	255.7	255.2	251.1	250.9	0.0	44.2	0.0	0.0	0.0	258.0	250.9	0.3	-0.2	254.2	254.4	258.1	258.1	257.4	262.6	101.2	156.0	29.1	61.9	257.9	258.0	45.0	52.1	5.8	65.7	0.0	4.1	.Autoclave.Outputs.PRESSIP\OutputValue	8.0	7.2	0.1	-1.0	0.0	-1.0	-1.0	-1.0	0.0	0.0	0.0	-1.0	-1.0	0.0	0.0	0.0	-1.0	0.0
05:52:15	157.0	258.1	255.7	255.3	251.3	251.2	0.0	44.3	0.0	0.0	0.0	258.1	251.2	0.2	0.0	254.3	254.6	258.1	258.1	257.4	262.6	101.1	157.0	30.1	60.9	257.9	258.0	45.0	52.7	5.8	65.4	0.0	5.4	.Autoclave.Outputs.PRESSIP\OutputValue	8.0	7.0	0.0	-1.0	0.0	-1.0	-1.0	-1.0	0.0	0.0	0.0	-1.0	-1.0	0.0	0.0	0.0	-1.0	0.0
05:53:16	158.1	258.1	255.9	255.4	251.6	251.4	0.0	44.2	0.0	0.0	0.0	258.1	251.4	0.3	0.1	254.5	254.7	258.1	258.0	257.4	262.6	101.2	158.0	31.1	59.9	257.9	258.0	45.0	52.0	5.8	65.5	0.0	4.0	.Autoclave.Outputs.PRESSIP\OutputValue	8.0	6.8	0.0	-1.0	0.0	-1.0	-1.0	-1.0	0.0	0.0	0.0	-1.0	-1.0	0.0	0.0	0.0	-1.0	0.0
05:54:16	159.1	258.0	256.0	255.5	251.8	251.6	0.0	44.3	0.0	0.0	0.0	258.0	251.6	0.1	-0.2	254.6	254.8	258.1	258.1	257.4	262.7	101.2	159.0	32.1	58.9	257.9	258.0	45.0	52.0	5.7	65.4	0.0	4.0	.Autoclave.Outputs.PRESSIP\OutputValue	8.0	6.5	0.1	-1.0	0.0	-1.0	-1.0	-1.0	0.0	0.0	0.0	-1.0	-1.0	0.0	0.0	0.0	-1.0	0.0
05:55:15	160.0	258.1	255.9	255.4	252.0	251.8	0.1	44.3	0.0	0.1	0.1	258.1	251.8	0.3	0.0	254.6	254.9	258.1	258.1	257.4	262.5	101.2	160.0	33.1	57.9	258.0	258.0	45.0	52.0	5.7	65.4	0.0	3.9	.Autoclave.Outputs.PRESSIP\OutputValue	8.0	6.4	0.0	-1.0	0.0	-1.0	-1.0	-1.0	0.0	0.0	0.0	-1.0	-1.0	0.0	0.0	0.0	-1.0	0.0
05:56:16	161.1	258.1	256.0	255.6	252.1	252.0	0.1	44.2	0.0	0.1	0.1	258.1	252.0	0.3	0.0	254.8	255.0	258.1	258.1	257.4	262.6	101.1	161.0	34.1	56.9	257.9	258.0	45.0	52.6	5.7	65.4	0.0	5.2	.Autoclave.Outputs.PRESSIP\OutputValue	8.0	6.2	0.0	-1.0	0.0	-1.0	-1.0	-1.0	0.0	0.0	0.0	-1.0	-1.0	0.0	0.0	0.0	-1.0	0.0
05:57:16	162.1	258.1	256.1	255.7	252.3	252.3	0.0	44.2	0.0	0.0	0.0	258.1	252.3	0.4	-0.2	254.9	255.2	258.1	258.1	257.4	262.6	101.2	162.0	35.1	55.9	257.9	258.0	45.0	52.6	5.7	65.7	0.0	5.2	.Autoclave.Outputs.PRESSIP\OutputValue	8.0	5.9	0.0	-1.0	0.0	-1.0	-1.0	-1.0	0.0	0.0	0.0	-1.0	-1.0	0.0	0.0	0.0	-1.0	0.0
05:58:16	163.1	258.0	256.1	255.7	252.5	252.4	0.0	44.2	0.0	0.0	0.0	258.0	252.4	0.2	0.0	254.9	255.2	258.1	258.1	257.4	262.7	101.2	163.0	36.1	54.9	257.9	258.0	45.0	52.6	5.6	65.5	0.0	5.1	.Autoclave.Outputs.PRESSIP\OutputValue	8.0	5.7	0.1	-1.0	0.0	-1.0	-1.0	-1.0	0.0	0.0	0.0	-1.0	-1.0	0.0	0.0	0.0	-1.0	0.0
05:59:15	164.0	258.1	256.2	255.7	252.6	252.5	0.0	44.2	0.0	0.0	0.0	258.1	252.5	0.2	-0.1	255.0	255.3	258.1	258.1	257.3	262.7	101.2	164.0	37.1	53.9	258.0	258.0	45.0	52.5	5.6	65.7	0.0	5.1	.Autoclave.Outputs.PRESSIP\OutputValue	8.0	5.7	0.0	-1.0	0.0	-1.0	-1.0	-1.0	0.0	0.0	0.0	-1.0	-1.0	0.0	0.0	0.0	-1.0	0.0
06:00:16	165.1	258.0	256.2	255.7	252.7	252.7	0.0	44.2	0.0	0.0	0.0	258.0	252.7	0.2	0.0	255.1	255.3	258.1	258.1	257.4	262.7	101.1	165.0	38.1	52.9	257.9	258.0	45.0	52.5	5.6	65.5	0.0	5.0	.Autoclave.Outputs.PRESSIP\OutputValue	8.0	5.4	0.1	-1.0	0.0	-1.0	-1.0	-1.0	0.0	0.0	0.0	-1.0	-1.0	0.0	0.0	0.0	-1.0	0.0
06:01:16	166.1	258.0	256.3	255.8	253.0	252.8	0.1	44.3	0.0	0.1	0.1	258.0	252.8	0.3	-0.1	255.2	255.4	258.1	258.1	257.4	262.9	100.9	166.0	39.1	51.9	258.0	258.0	45.0	52.5	5.6	65.2	0.0	5.0	.Autoclave.Outputs.PRESSIP\OutputValue	8.0	5.3	0.1	-1.0	0.0	-1.0	-1.0	-1.0	0.0	0.0	0.0	-1.0	-1.0	0.0	0.0	0.0	-1.0	0.0
06:02:16	167.1	258.0	256.3	255.8	253.2	253.1	0.0	44.3	0.0	0.0	0.0	258.0	253.1	0.2	0.0	255.3	255.5	258.1	258.1	257.4	262.6	100.9	167.0	40.1	50.9	257.9	258.0	45.0	51.8	5.6	65.5	0.0	3.6	.Autoclave.Outputs.PRESSIP\OutputValue	8.0	5.0	0.1	-1.0	0.0	-1.0	-1.0	-1.0	0.0	0.0	0.0	-1.0	-1.0	0.0	0.0	0.0	-1.0	0.0
06:03:15	168.0	258.0	256.4	255.9	253.1	253.2	0.0	44.2	0.0	0.0	0.0	258.0	253.1	0.2	-0.1	255.3	255.6	258.1	258.1	257.4	262.7	101.0	168.0	41.1	49.9	258.0	258.0	45.0	52.5	5.5	65.4	0.0	4.9	.Autoclave.Outputs.PRESSIP\OutputValue	8.0	4.9	0.1	-1.0	0.0	-1.0	-1.0	-1.0	0.0	0.0	0.0	-1.0	-1.0	0.0	0.0	0.0	-1.0	0.0
06:04:15	169.0	258.0	256.4	256.0	253.3	253.5	0.0	44.3	0.0	0.0	0.0	258.0	253.3	0.3	0.0	255.4	255.7	258.3	258.1	257.5	262.5	100.9	169.0	42.1	48.9	258.1	258.0	45.0	51.1	5.5	65.2	0.0	2.2	.Autoclave.Outputs.PRESSIP\OutputValue	8.0	4.7	0.3	-1.0	0.0	-1.0	-1.0	-1.0	0.0	0.0	0.0	-1.0	-1.0	0.0	0.0	0.0	-1.0	0.0
06:05:16	170.1	258.1	256.5	256.1	253.6	253.6	0.0	44.3	0.0	0.0	0.0	258.1	253.6	0.2	0.0	255.6	255.8	258.1	258.1	257.3	262.5	100.9	170.0	43.1	47.9	257.9	258.0	45.0	51.7	5.5	65.4	0.0	3.5	.Autoclave.Outputs.PRESSIP\OutputValue	8.0	4.6	0.0	-1.0	0.0	-1.0	-1.0	-1.0	0.0	0.0	0.0	-1.0	-1.0	0.0	0.0	0.0	-1.0	0.0
06:06:16	171.1	258.2	256.6	256.1	253.7	253.8	0.0	44.3	0.0	0.0	0.0	258.2	253.7	0.3	0.0	255.7	256.0	258.2	258.1	257.3	262.4	101.0	171.0	44.1	46.9	257.9	258.0	45.0	51.1	5.5	65.5	0.0	2.1	.Autoclave.Outputs.PRESSIP\OutputValue	8.0	4.5	0.0	-1.0	0.0	-1.0	-1.0	-1.0	0.0	0.0	0.0	-1.0	-1.0	0.0	0.0	0.0	-1.0	0.0
06:07:15	172.0	258.1	256.5	256.1	253.9	253.9	0.0	44.3	0.0	0.0	0.0	258.1	253.9	0.1	-0.1	255.7	256.0	258.0	258.0	257.4	262.6	100.9	172.0	45.1	45.9	257.9	258.0	45.0	52.4	5.5	65.7	0.0	4.8	.Autoclave.Outputs.PRESSIP\OutputValue	8.0	4.3	-0.1	-1.0	0.0	-1.0	-1.0	-1.0	0.0	0.0	0.0	-1.0	-1.0	0.0	0.0	0.0	-1.0	0.0
06:08:15	173.0	258.1	256.7	256.3	253.9	254.0	0.0	44.3	0.0	0.0	0.0	258.1	253.9	0.1	0.0	255.8	256.0	258.0	258.0	257.3	262.6	100.9	173.0	46.1	44.9	257.9	258.0	45.0	52.4	5.4	65.4	0.0	4.7	.Autoclave.Outputs.PRESSIP\OutputValue	8.0	4.2	-0.1	-1.0	0.0	-1.0	-1.0	-1.0	0.0	0.0	0.0	-1.0	-1.0	0.0	0.0	0.0	-1.0	0.0
06:09:16	174.1	258.1	256.6	256.4	254.1	254.2	0.0	44.3	0.0	0.0	0.0	258.1	254.1	0.3	0.0	255.9	256.1	258.1	258.1	257.3	262.6	100.9	174.0	47.1	43.9	257.9	258.0	45.0	51.7	5.4	65.4	0.0	3.3	.Autoclave.Outputs.PRESSIP\OutputValue	8.0	4.0	0.0	-1.0	0.0	-1.0	-1.0	-1.0	0.0	0.0	0.0	-1.0	-1.0	0.0	0.0	0.0	-1.0	0.0
06:10:16	175.1	258.1	256.8	256.4	254.4	254.3	0.0	44.3	0.0	0.0	0.0	258.1	254.3	0.2	0.0	256.0	256.2	258.1	258.0	257.3	262.5	100.9	175.0	48.1	42.9	257.9	258.0	45.0	51.6	5.4	65.4	0.0	3.3	.Autoclave.Outputs.PRESSIP\OutputValue	8.0	3.9	0.0	-1.0	0.0	-1.0	-1.0	-1.0	0.0	0.0	0.0	-1.0	-1.0	0.0	0.0	0.0	-1.0	0.0
06:11:16	176.1	258.2	256.8	256.4	254.4	254.4	0.1	44.2	0.0	0.1	0.1	258.2	254.4	0.3	0.0	256.0	256.3	258.1	258.1	257.3	262.4	100.9	176.0	49.1	41.9	257.8	258.0	45.0	51.6	5.4	65.5	0.0	3.3	.Autoclave.Outputs.PRESSIP\OutputValue	8.0	3.9	-0.1	-1.0	0.0	-1.0	-1.0	-1.0	0.0	0.0	0.0	-1.0	-1.0	0.0	0.0	0.0	-1.0	0.0
06:12:16	177.1	258.1	256.9	256.6	254.7	254.5	0.1	44.2	0.0	0.1	0.1	258.1	254.5	0.2	-0.1	256.2	256.3	258.0	258.0	257.3	262.5	101.0	177.0	50.1	40.9	257.8	258.0	45.0	51.6	5.3	65.5	0.0	3.2	.Autoclave.Outputs.PRESSIP\OutputValue	8.0	3.7	-0.1	-1.0	0.0	-1.0	-1.0	-1.0	0.0	0.0	0.0	-1.0	-1.0	0.0	0.0	0.0	-1.0	0.0
06:13:16	178.1	258.1	256.9	256.7	254.6	254.6	0.0	44.2	0.0	0.0	0.0	258.1	254.6	0.1	0.0	256.2	256.3	258.1	258.0	257.2	262.4	100.9	178.0	51.1	39.9	257.9	258.0	45.0	51.6	5.3	65.5	0.0	3.2	.Autoclave.Outputs.PRESSIP\OutputValue	8.0	3.6	0.0	-1.0	0.0	-1.0	-1.0	-1.0	0.0	0.0	0.0	-1.0	-1.0	0.0	0.0	0.0	-1.0	0.0
06:14:16	179.1	258.2	257.0	256.7	254.8	254.7	0.0	44.2	0.0	0.0	0.0	258.2	254.7	0.1	0.0	256.3	256.4	258.0	258.0	257.3	262.4	101.0	179.0	52.1	38.9	257.8	258.0	45.0	51.6	5.3	65.5	0.0	3.1	.Autoclave.Outputs.PRESSIP\OutputValue	8.0	3.6	-0.2	-1.0	0.0	-1.0	-1.0	-1.0	0.0	0.0	0.0	-1.0	-1.0	0.0	0.0	0.0	-1.0	0.0
06:15:15	180.0	258.2	257.0	256.6	254.9	254.8	0.0	44.2	0.0	0.0	0.0	258.2	254.8	0.1	-0.1	256.3	256.5	257.9	258.0	257.3	262.4	100.9	180.0	53.1	37.9	257.9	258.0	45.0	52.9	5.3	65.7	0.0	5.7	.Autoclave.Outputs.PRESSIP\OutputValue	8.0	3.5	-0.3	-1.0	0.0	-1.0	-1.0	-1.0	0.0	0.0	0.0	-1.0	-1.0	0.0	0.0	0.0	-1.0	0.0
06:16:16	181.1	258.1	257.1	256.7	255.1	255.0	0.0	44.3	0.0	0.0	0.0	258.1	255.0	0.1	-0.1	256.4	256.5	257.9	257.9	257.3	262.5	101.0	181.0	54.1	36.9	257.8	258.0	45.0	52.2	5.3	65.5	0.0	4.4	.Autoclave.Outputs.PRESSIP\OutputValue	8.0	3.2	-0.2	-1.0	0.0	-1.0	-1.0	-1.0	0.0	0.0	0.0	-1.0	-1.0	0.0	0.0	0.0	-1.0	0.0
06:17:16	182.1	258.1	257.2	256.8	255.1	255.0	0.0	44.2	0.0	0.0	0.0	258.1	255.0	0.2	0.0	256.4	256.5	257.9	258.1	257.2	262.5	100.9	182.0	55.1	35.9	257.9	258.0	45.0	52.2	5.2	65.4	0.0	4.3	.Autoclave.Outputs.PRESSIP\OutputValue	8.0	3.2	-0.2	-1.0	0.0	-1.0	-1.0	-1.0	0.0	0.0	0.0	-1.0	-1.0	0.0	0.0	0.0	-1.0	0.0
06:18:16	183.1	258.1	257.2	256.8	255.2	255.0	0.0	44.3	0.0	0.0	0.0	258.1	255.0	0.1	-0.1	256.5	256.5	257.9	257.9	257.3	262.4	101.0	183.0	56.1	34.9	257.8	258.0	45.0	51.5	5.2	65.4	0.0	3.0	.Autoclave.Outputs.PRESSIP\OutputValue	8.0	3.2	-0.2	-1.0	0.0	-1.0	-1.0	-1.0	0.0	0.0	0.0	-1.0	-1.0	0.0	0.0	0.0	-1.0	0.0
06:19:16	184.1	258.1	257.1	256.8	255.4	255.2	0.0	44.2	-0.5	0.0	0.0	258.1	255.2	0.2	0.1	256.5	256.6	258.0	258.0	257.2	262.4	100.9	184.0	57.1	33.9	257.9	258.0	45.0	52.1	5.2	65.9	0.0	4.3	.Autoclave.Outputs.PRESSIP\OutputValue	8.0	3.0	-0.1	-1.0	0.0	-1.0	-1.0	-1.0	0.0	0.0	0.0	-1.0	-1.0	0.0	0.0	0.0	-1.0	0.0
06:20:16	185.1	258.2	257.2	256.8	255.4	255.3	0.0	44.2	0.0	0.0	0.0	258.2	255.3	0.1	0.0	256.6	256.7	257.9	257.9	257.3	262.4	100.8	185.0	58.1	32.9	257.8	258.0	45.0	51.4	5.2	65.5	0.0	2.9	.Autoclave.Outputs.PRESSIP\OutputValue	8.0	3.0	-0.3	-1.0	0.0	-1.0	-1.0	-1.0	0.0	0.0	0.0	-1.0	-1.0	0.0	0.0	0.0	-1.0	0.0
06:21:16	186.1	258.2	257.3	256.9	255.6	255.2	0.0	44.2	0.0	0.0	0.0	258.2	255.2	0.2	-0.1	256.6	256.7	257.9	257.9	257.2	262.3	100.9	186.0	59.1	31.9	257.7	258.0	45.0	51.4	5.2	65.5	0.0	2.9	.Autoclave.Outputs.PRESSIP\OutputValue	8.0	3.1	-0.3	-1.0	0.0	-1.0	-1.0	-1.0	0.0	0.0	0.0	-1.0	-1.0	0.0	0.0	0.0	-1.0	0.0
06:22:16	187.1	258.3	257.2	257.0	255.6	255.4	0.0	44.2	0.0	0.0	0.0	258.3	255.4	0.2	0.0	256.7	256.8	258.0	258.0	257.2	262.3	100.8	187.0	60.1	30.9	257.8	258.0	45.0	51.4	5.1	65.7	0.0	2.8	.Autoclave.Outputs.PRESSIP\OutputValue	8.0	3.0	-0.3	-1.0	0.0	-1.0	-1.0	-1.0	0.0	0.0	0.0	-1.0	-1.0	0.0	0.0	0.0	-1.0	0.0
06:23:16	188.1	258.2	257.3	256.9	255.7	255.5	0.0	44.2	0.0	0.0	0.0	258.2	255.5	0.1	-0.1	256.7	256.8	257.9	257.9	257.3	262.4	100.8	188.0	61.1	29.9	257.9	258.0	45.0	52.1	5.1	65.5	0.0	4.1	.Autoclave.Outputs.PRESSIP\OutputValue	8.0	2.8	-0.3	-1.0	0.0	-1.0	-1.0	-1.0	0.0	0.0	0.0	-1.0	-1.0	0.0	0.0	0.0	-1.0	0.0
06:24:16	189.1	258.2	257.4	256.9	255.8	255.6	0.0	44.2	0.0	0.0	0.0	258.2	255.6	0.2	0.0	256.8	256.9	257.9	257.9	257.3	262.5	100.8	189.0	62.1	28.9	257.8	258.0	45.0	51.4	5.1	65.9	0.0	2.7	.Autoclave.Outputs.PRESSIP\OutputValue	8.0	2.7	-0.3	-1.0	0.0	-1.0	-1.0	-1.0	0.0	0.0	0.0	-1.0	-1.0	0.0	0.0	0.0	-1.0	0.0
06:25:16	190.1	258.2	257.4	257.0	255.9	255.6	0.1	44.2	0.0	0.1	0.1	258.2	255.6	0.2	0.0	256.8	256.9	257.9	258.0	257.3	262.4	100.9	190.0	63.1	27.9	257.8	258.0	45.0	52.0	5.1	65.7	0.0	4.0	.Autoclave.Outputs.PRESSIP\OutputValue	8.0	2.7	-0.3	-1.0	0.0	-1.0	-1.0	-1.0	0.0	0.0	0.0	-1.0	-1.0	0.0	0.0	0.0	-1.0	0.0
06:26:16	191.1	258.2	257.4	257.1	255.9	255.8	0.1	44.2	0.0	0.1	0.1	258.2	255.8	0.1	0.0	256.9	257.0	257.9	257.9	257.1	262.3	100.8	191.0	64.1	26.9	257.8	258.0	45.0	52.0	5.1	65.7	0.0	4.0	.Autoclave.Outputs.PRESSIP\OutputValue	8.0	2.5	-0.3	-1.0	0.0	-1.0	-1.0	-1.0	0.0	0.0	0.0	-1.0	-1.0	0.0	0.0	0.0	-1.0	0.0
06:27:15	192.0	258.2	257.4	257.0	256.0	255.8	0.0	44.2	0.0	0.0	0.0	258.2	255.8	0.1	-0.1	256.9	257.0	257.9	257.9	257.1	262.3	100.8	192.0	65.1	25.9	257.8	258.0	45.0	52.6	5.1	65.7	0.0	5.3	.Autoclave.Outputs.PRESSIP\OutputValue	8.0	2.5	-0.3	-1.0	0.0	-1.0	-1.0	-1.0	0.0	0.0	0.0	-1.0	-1.0	0.0	0.0	0.0	-1.0	0.0
06:28:16	193.1	258.2	257.4	257.0	256.1	255.9	0.0	44.2	0.0	0.0	0.0	258.2	255.9	0.1	0.0	256.9	257.0	257.9	257.9	257.0	262.4	100.7	193.0	66.1	24.9	257.8	258.0	45.0	52.0	5.0	65.7	0.0	3.9	.Autoclave.Outputs.PRESSIP\OutputValue	8.0	2.4	-0.3	-1.0	0.0	-1.0	-1.0	-1.0	0.0	0.0	0.0	-1.0	-1.0	0.0	0.0	0.0	-1.0	0.0
06:29:15	194.0	258.3	257.4	257.1	256.1	255.9	0.0	44.2	0.0	0.0	0.0	258.3	255.9	0.1	0.0	257.0	257.1	257.9	257.9	257.3	262.3	100.8	194.0	67.1	23.9	257.8	258.0	45.0	51.9	5.0	65.7	0.0	3.9	.Autoclave.Outputs.PRESSIP\OutputValue	8.0	2.5	-0.4	-1.0	0.0	-1.0	-1.0	-1.0	0.0	0.0	0.0	-1.0	-1.0	0.0	0.0	0.0	-1.0	0.0
06:30:15	195.0	258.2	257.4	257.1	256.1	256.0	0.0	44.2	0.0	0.0	0.0	258.2	256.0	0.1	-0.2	257.0	257.1	257.8	257.8	257.2	262.2	100.8	195.0	68.1	22.9	257.7	258.0	45.0	51.3	5.0	65.7	0.0	2.5	.Autoclave.Outputs.PRESSIP\OutputValue	8.0	2.3	-0.4	-1.0	0.0	-1.0	-1.0	-1.0	0.0	0.0	0.0	-1.0	-1.0	0.0	0.0	0.0	-1.0	0.0
06:31:15	196.0	258.1	257.5	257.0	256.2	256.1	0.1	44.2	0.0	0.1	0.1	258.1	256.1	0.1	0.0	257.0	257.1	257.9	257.9	257.3	262.5	100.7	196.0	69.1	21.9	257.9	258.0	45.0	52.6	5.0	65.7	0.0	5.2	.Autoclave.Outputs.PRESSIP\OutputValue	8.0	2.1	-0.2	-1.0	0.0	-1.0	-1.0	-1.0	0.0	0.0	0.0	-1.0	-1.0	0.0	0.0	0.0	-1.0	0.0
06:32:16	197.1	258.2	257.5	257.1	256.3	256.1	0.0	44.2	0.0	0.0	0.0	258.2	256.1	0.1	0.0	257.0	257.1	257.9	257.9	257.2	262.2	100.6	197.0	70.1	20.9	257.9	258.0	45.0	52.6	5.0	65.7	0.0	5.1	.Autoclave.Outputs.PRESSIP\OutputValue	8.0	2.2	-0.3	-1.0	0.0	-1.0	-1.0	-1.0	0.0	0.0	0.0	-1.0	-1.0	0.0	0.0	0.0	-1.0	0.0
06:33:16	198.1	258.1	257.5	257.2	256.3	256.2	0.0	44.3	0.0	0.0	0.0	258.1	256.2	0.1	0.0	257.1	257.1	258.0	257.9	257.3	262.4	100.8	198.0	71.1	19.9	257.8	258.0	45.0	51.2	5.0	65.7	0.0	2.4	.Autoclave.Outputs.PRESSIP\OutputValue	8.0	2.0	-0.1	-1.0	0.0	-1.0	-1.0	-1.0	0.0	0.0	0.0	-1.0	-1.0	0.0	0.0	0.0	-1.0	0.0
06:34:15	199.0	258.1	257.5	257.1	256.3	256.2	0.0	44.2	0.0	0.0	0.0	258.1	256.2	0.1	-0.1	257.0	257.1	257.9	257.9	257.2	262.4	100.7	199.0	72.1	18.9	257.9	258.0	45.0	52.5	4.9	65.5	0.0	5.1	.Autoclave.Outputs.PRESSIP\OutputValue	8.0	2.0	-0.2	-1.0	0.0	-1.0	-1.0	-1.0	0.0	0.0	0.0	-1.0	-1.0	0.0	0.0	0.0	-1.0	0.0
06:35:16	200.1	258.2	257.5	257.1	256.3	256.3	0.0	44.2	0.0	0.0	0.0	258.2	256.3	0.0	-0.1	257.1	257.2	257.9	257.9	257.2	262.3	100.8	200.0	73.1	17.9	257.8	258.0	45.0	51.2	4.9	65.5	0.0	2.4	.Autoclave.Outputs.PRESSIP\OutputValue	8.0	2.0	-0.3	-1.0	0.0	-1.0	-1.0	-1.0	0.0	0.0	0.0	-1.0	-1.0	0.0	0.0	0.0	-1.0	0.0
06:36:16	201.1	258.2	257.6	257.2	256.4	256.3	0.0	44.2	0.0	0.0	0.0	258.2	256.3	0.2	0.0	257.1	257.2	257.9	257.9	257.1	262.3	100.7	201.0	74.1	16.9	257.8	258.0	45.0	51.8	4.9	65.9	0.0	3.7	.Autoclave.Outputs.PRESSIP\OutputValue	8.0	2.0	-0.3	-1.0	0.0	-1.0	-1.0	-1.0	0.0	0.0	0.0	-1.0	-1.0	0.0	0.0	0.0	-1.0	0.0
06:37:16	202.1	258.2	257.5	257.2	256.6	256.4	0.0	44.2	0.0	0.0	0.0	258.2	256.4	0.1	-0.1	257.2	257.3	257.8	257.8	257.1	262.3	100.7	202.0	75.1	15.9	257.8	258.0	45.0	52.5	4.9	65.7	0.0	5.0	.Autoclave.Outputs.PRESSIP\OutputValue	8.0	1.9	-0.4	-1.0	0.0	-1.0	-1.0	-1.0	0.0	0.0	0.0	-1.0	-1.0	0.0	0.0	0.0	-1.0	0.0
06:38:16	203.1	258.1	257.6	257.2	256.5	256.5	0.0	44.2	0.0	0.0	0.0	258.1	256.5	0.1	0.0	257.2	257.3	257.9	257.9	257.1	262.2	100.7	203.0	76.1	14.9	257.8	258.0	45.0	51.8	4.9	65.9	0.0	3.6	.Autoclave.Outputs.PRESSIP\OutputValue	8.0	1.7	-0.2	-1.0	0.0	-1.0	-1.0	-1.0	0.0	0.0	0.0	-1.0	-1.0	0.0	0.0	0.0	-1.0	0.0
06:39:16	204.1	258.2	257.6	257.2	256.7	256.5	0.0	44.2	0.0	0.0	0.0	258.2	256.5	0.2	-0.1	257.2	257.3	257.9	257.9	257.1	262.3	100.8	204.0	77.1	13.9	257.8	258.0	45.0	51.8	4.9	65.7	0.0	3.6	.Autoclave.Outputs.PRESSIP\OutputValue	8.0	1.8	-0.3	-1.0	0.0	-1.0	-1.0	-1.0	0.0	0.0	0.0	-1.0	-1.0	0.0	0.0	0.0	-1.0	0.0
06:40:15	205.0	258.2	257.6	257.2	256.8	256.6	0.0	44.2	0.0	0.0	0.0	258.2	256.6	0.2	-0.1	257.3	257.4	257.9	257.9	257.1	262.3	100.7	205.0	78.1	12.9	257.8	258.0	45.0	51.8	4.8	65.7	0.0	3.5	.Autoclave.Outputs.PRESSIP\OutputValue	8.0	1.7	-0.3	-1.0	0.0	-1.0	-1.0	-1.0	0.0	0.0	0.0	-1.0	-1.0	0.0	0.0	0.0	-1.0	0.0
06:41:16	206.1	258.1	257.6	257.2	256.6	256.6	0.0	44.2	0.0	0.0	0.0	258.1	256.6	0.1	-0.1	257.2	257.3	257.9	257.9	257.1	262.4	100.7	206.0	79.1	11.9	257.9	258.0	45.0	52.4	4.8	65.9	0.0	4.8	.Autoclave.Outputs.PRESSIP\OutputValue	8.0	1.6	-0.2	-1.0	0.0	-1.0	-1.0	-1.0	0.0	0.0	0.0	-1.0	-1.0	0.0	0.0	0.0	-1.0	0.0
06:42:16	207.1	258.1	257.5	257.1	256.6	256.6	0.0	44.2	0.0	0.0	0.0	258.1	256.6	0.1	0.0	257.2	257.3	258.0	258.0	257.3	262.6	100.7	207.0	80.1	10.9	257.8	258.0	45.0	51.7	4.8	65.7	0.0	3.5	.Autoclave.Outputs.PRESSIP\OutputValue	8.0	1.6	-0.1	-1.0	0.0	-1.0	-1.0	-1.0	0.0	0.0	0.0	-1.0	-1.0	0.0	0.0	0.0	-1.0	0.0
06:43:16	208.1	258.1	257.5	257.2	256.7	256.6	0.0	44.2	0.0	0.0	0.0	258.1	256.6	0.1	-0.1	257.2	257.3	257.9	258.0	257.2	262.4	100.8	208.0	81.1	9.9	257.8	258.0	45.0	52.4	4.8	65.7	0.0	4.8	.Autoclave.Outputs.PRESSIP\OutputValue	8.0	1.6	-0.2	-1.0	0.0	-1.0	-1.0	-1.0	0.0	0.0	0.0	-1.0	-1.0	0.0	0.0	0.0	-1.0	0.0
06:44:16	209.1	258.1	257.5	257.3	256.7	256.6	0.0	44.2	0.0	0.0	0.0	258.1	256.6	0.1	-0.1	257.2	257.3	257.9	258.0	257.2	262.3	100.8	209.0	82.1	8.9	257.9	258.0	45.0	52.4	4.8	65.5	0.0	4.8	.Autoclave.Outputs.PRESSIP\OutputValue	8.0	1.6	-0.2	-1.0	0.0	-1.0	-1.0	-1.0	0.0	0.0	0.0	-1.0	-1.0	0.0	0.0	0.0	-1.0	0.0
06:45:16	210.1	258.3	257.6	257.2	256.8	256.6	0.0	44.2	-0.1	0.0	0.0	258.3	256.6	0.1	0.0	257.3	257.4	257.8	257.9	257.1	262.3	100.9	210.0	83.1	7.9	257.9	258.0	45.0	52.4	4.8	65.5	0.0	4.7	.Autoclave.Outputs.PRESSIP\OutputValue	8.0	1.8	-0.5	-1.0	0.0	-1.0	-1.0	-1.0	0.0	0.0	0.0	-1.0	-1.0	0.0	0.0	0.0	-1.0	0.0
06:46:16	211.1	258.3	257.6	257.1	256.8	256.7	0.0	44.2	0.0	0.0	0.0	258.3	256.7	0.0	-0.1	257.3	257.5	257.9	257.9	257.2	262.4	100.9	211.0	84.1	6.9	257.8	258.0	45.0	51.7	4.8	65.5	0.0	3.4	.Autoclave.Outputs.PRESSIP\OutputValue	8.0	1.7	-0.4	-1.0	0.0	-1.0	-1.0	-1.0	0.0	0.0	0.0	-1.0	-1.0	0.0	0.0	0.0	-1.0	0.0
06:47:16	212.1	258.1	257.6	257.2	256.8	256.7	0.0	44.2	0.0	0.0	0.0	258.1	256.7	0.1	-0.1	257.3	257.4	258.0	258.0	257.3	262.2	100.7	212.0	85.1	5.9	257.9	258.0	45.0	51.0	4.7	65.7	0.0	2.0	.Autoclave.Outputs.PRESSIP\OutputValue	8.0	1.5	-0.1	-1.0	0.0	-1.0	-1.0	-1.0	0.0	0.0	0.0	-1.0	-1.0	0.0	0.0	0.0	-1.0	0.0
06:48:16	213.1	258.1	257.5	257.2	256.8	256.7	0.0	44.2	0.0	0.0	0.0	258.1	256.7	0.0	-0.1	257.3	257.4	257.9	257.9	257.2	262.3	100.9	213.0	86.1	4.9	257.8	258.0	45.0	51.7	4.7	65.9	0.0	3.3	.Autoclave.Outputs.PRESSIP\OutputValue	8.0	1.5	-0.2	-1.0	0.0	-1.0	-1.0	-1.0	0.0	0.0	0.0	-1.0	-1.0	0.0	0.0	0.0	-1.0	0.0
06:49:15	214.0	258.2	257.6	257.1	256.8	256.8	0.0	44.2	0.0	0.0	0.0	258.2	256.8	0.2	-0.1	257.3	257.5	257.9	257.9	257.2	262.2	100.8	214.0	87.1	3.9	257.8	258.0	45.0	51.6	4.7	65.5	0.0	3.3	.Autoclave.Outputs.PRESSIP\OutputValue	8.0	1.5	-0.3	-1.0	0.0	-1.0	-1.0	-1.0	0.0	0.0	0.0	-1.0	-1.0	0.0	0.0	0.0	-1.0	0.0
06:50:16	215.1	258.2	257.5	257.0	256.9	256.9	0.0	44.2	0.0	0.0	0.0	258.2	256.9	0.1	-0.1	257.3	257.5	257.9	257.9	257.3	262.3	101.0	215.0	88.1	2.9	257.8	258.0	45.0	51.6	4.7	65.5	0.0	3.3	.Autoclave.Outputs.PRESSIP\OutputValue	8.0	1.4	-0.3	-1.0	0.0	-1.0	-1.0	-1.0	0.0	0.0	0.0	-1.0	-1.0	0.0	0.0	0.0	-1.0	0.0
06:51:16	216.1	258.2	257.6	257.1	257.0	256.9	0.0	44.2	0.0	0.0	0.0	258.2	256.9	0.2	0.0	257.4	257.5	257.8	257.9	257.1	262.4	100.9	216.0	89.1	1.9	257.9	258.0	45.0	53.0	4.7	65.5	0.0	5.9	.Autoclave.Outputs.PRESSIP\OutputValue	8.0	1.4	-0.4	-1.0	0.0	-1.0	-1.0	-1.0	0.0	0.0	0.0	-1.0	-1.0	0.0	0.0	0.0	-1.0	0.0
06:52:16	217.1	258.2	257.6	257.1	256.9	257.0	0.0	44.2	0.0	0.0	0.0	258.2	256.9	0.1	-0.1	257.4	257.6	257.9	257.9	257.3	262.3	101.0	217.0	90.1	0.9	257.9	258.0	45.0	52.3	4.7	65.5	0.0	4.6	.Autoclave.Outputs.PRESSIP\OutputValue	8.0	1.3	-0.3	-1.0	0.0	-1.0	-1.0	-1.0	0.0	0.0	0.0	-1.0	-1.0	0.0	0.0	0.0	-1.0	0.0
06:53:11	218.0	258.2	257.6	257.2	257.0	257.0	0.0	44.2	0.0	0.0	0.0	258.2	257.0	0.0	0.0	257.4	257.6	257.9	257.8	257.1	262.3	100.9	217.9	91.0	0.0	257.8	258.0	45.0	51.6	4.7	65.5	0.0	3.2	.Autoclave.Outputs.PRESSIP\OutputValue	8.0	1.3	-0.3	-1.0	0.0	-1.0	-1.0	-1.0	0.0	0.0	0.0	-1.0	-1.0	0.0	0.0	0.0	-1.0	0.0
06:53:16	218.1	258.2	257.6	257.1	256.9	257.1	0.0	44.2	0.0	0.0	0.0	258.2	256.9	0.0	0.0	257.4	257.6	257.9	257.9	257.2	262.3	100.9	218.0	0.1	0.0	257.7	257.6	45.0	51.2	4.7	65.7	0.0	2.4	.Autoclave.Outputs.PRESSIP\OutputValue	8.0	1.3	-0.3	-1.0	0.0	-1.0	-1.0	-1.0	0.0	0.0	0.0	-1.0	-1.0	0.0	0.0	0.0	-1.0	0.0
06:54:16	219.1	257.7	257.1	256.8	257.0	256.9	0.0	44.8	0.0	0.0	0.0	257.7	256.8	-0.1	-0.6	257.1	257.3	250.4	250.4	249.7	253.8	101.1	219.0	1.1	0.0	253.7	253.6	45.0	74.6	4.8	60.3	0.0	49.1	.Autoclave.Outputs.PRESSIP\OutputValue	8.0	0.9	-7.3	-1.0	0.0	-1.0	-1.0	-1.0	0.0	0.0	0.0	-1.0	-1.0	0.0	0.0	0.0	-1.0	0.0
06:55:16	220.1	257.4	256.9	256.6	256.9	256.8	0.0	44.6	0.0	0.0	0.0	257.4	256.6	-0.1	-0.4	256.9	257.0	250.1	250.0	249.4	252.7	100.9	220.0	2.1	0.0	249.7	249.6	45.0	50.0	4.9	62.0	0.0	0.0	.Autoclave.Outputs.PRESSIP\OutputValue	8.0	0.8	-7.3	-1.0	0.0	-1.0	-1.0	-1.0	0.0	0.0	0.0	-1.0	-1.0	0.0	0.0	0.0	-1.0	0.0
06:56:16	221.1	256.3	256.2	256.1	256.7	256.5	0.0	45.0	0.0	0.0	0.0	256.7	256.1	0.0	-0.9	256.4	256.4	242.9	242.9	242.3	245.3	101.0	221.0	3.1	0.0	245.7	245.7	45.0	71.5	5.0	57.8	0.0	43.1	.Autoclave.Outputs.PRESSIP\OutputValue	8.0	0.6	-13.8	-1.0	0.0	-1.0	-1.0	-1.0	0.0	0.0	0.0	-1.0	-1.0	0.0	0.0	0.0	-1.0	0.0
06:57:16	222.1	255.3	255.5	255.7	256.3	256.1	0.0	45.0	0.0	0.0	0.0	256.3	255.3	-0.4	-1.0	255.8	255.8	242.7	242.7	242.0	245.3	100.9	222.0	4.1	0.0	241.7	241.6	45.0	46.8	5.0	58.3	-1.0	0.0	.Autoclave.Outputs.PRESSIP\OutputValue	8.0	1.0	-13.6	-1.0	0.0	-1.0	-1.0	-1.0	0.0	0.0	0.0	-1.0	-1.0	0.0	0.0	0.0	-1.0	0.0
06:58:16	223.1	254.0	254.5	254.9	255.9	255.7	0.0	44.6	0.0	0.0	0.0	255.9	254.0	-0.4	-1.5	255.0	255.0	236.7	236.7	236.0	240.3	101.0	223.0	5.1	0.0	237.7	237.6	45.0	59.7	5.2	61.8	0.0	19.4	.Autoclave.Outputs.PRESSIP\OutputValue	8.0	1.9	-19.2	-1.0	0.0	-1.0	-1.0	-1.0	0.0	0.0	0.0	-1.0	-1.0	0.0	0.0	0.0	-1.0	0.0
06:59:16	224.1	252.4	253.4	254.0	255.5	255.3	0.0	44.8	0.0	0.0	0.0	255.5	252.4	-0.4	-1.4	254.1	254.0	231.7	231.5	230.8	224.8	101.1	224.0	6.1	0.0	233.7	233.6	45.0	66.3	5.1	60.5	0.0	32.7	.Autoclave.Outputs.PRESSIP\OutputValue	8.0	3.1	-23.8	-1.0	0.0	-1.0	-1.0	-1.0	0.0	0.0	0.0	-1.0	-1.0	0.0	0.0	0.0	-1.0	0.0
07:00:16	225.1	250.7	252.6	253.1	255.0	254.7	0.0	45.0	0.0	0.0	0.0	255.0	250.7	-0.5	-1.7	253.2	252.9	230.7	230.7	230.1	232.7	100.9	225.0	7.1	0.0	229.7	229.7	45.0	46.5	5.2	57.5	-1.0	0.0	.Autoclave.Outputs.PRESSIP\OutputValue	7.8	4.3	-24.3	-1.0	0.0	-1.0	-1.0	-1.0	0.0	0.0	0.0	-1.0	-1.0	0.0	0.0	0.0	-1.0	0.0
07:01:16	226.1	248.8	251.2	251.9	254.3	254.0	0.0	44.7	0.0	0.0	0.0	254.3	248.8	-0.6	-2.0	252.0	251.6	225.4	225.4	224.7	228.6	101.0	226.0	8.1	0.0	225.7	225.7	45.0	56.0	5.4	60.6	0.0	12.0	.Autoclave.Outputs.PRESSIP\OutputValue	8.0	5.5	-28.9	-1.0	0.0	-1.0	-1.0	-1.0	0.0	0.0	0.0	-1.0	-1.0	0.0	0.0	0.0	-1.0	0.0
07:02:16	227.1	246.9	249.8	250.8	253.7	253.3	0.0	45.1	0.0	0.0	0.0	253.7	246.9	-0.6	-2.0	250.9	250.3	219.5	219.4	218.8	220.9	101.1	227.0	9.1	0.0	221.7	221.6	45.0	68.0	5.4	56.9	0.0	36.0	.Autoclave.Outputs.PRESSIP\OutputValue	8.0	6.8	-34.2	-1.0	0.0	-1.0	-1.0	-1.0	0.0	0.0	0.0	-1.0	-1.0	0.0	0.0	0.0	-1.0	0.0
07:03:16	228.1	244.9	248.4	249.6	253.0	252.7	0.0	44.4	0.0	0.0	0.0	253.0	244.9	-0.8	-2.0	249.7	249.0	216.3	216.0	215.4	207.5	101.1	228.0	10.1	0.0	217.7	217.6	45.0	62.7	5.4	64.8	0.0	25.4	.Autoclave.Outputs.PRESSIP\OutputValue	8.0	8.1	-36.7	-1.0	0.0	-1.0	-1.0	-1.0	0.0	0.0	0.0	-1.0	-1.0	0.0	0.0	0.0	-1.0	0.0
07:04:15	229.0	242.6	247.1	248.3	252.1	251.8	0.0	44.7	0.0	0.0	0.0	252.1	242.6	-0.9	-2.5	248.4	247.4	215.2	215.2	214.6	216.9	101.1	229.0	11.1	0.0	213.7	213.7	45.0	43.5	5.5	60.6	-1.0	0.0	.Autoclave.Outputs.PRESSIP\OutputValue	8.0	9.5	-36.9	-1.0	0.0	-1.0	-1.0	-1.0	0.0	0.0	0.0	-1.0	-1.0	0.0	0.0	0.0	-1.0	0.0
07:05:16	230.1	240.0	245.3	246.6	251.0	250.7	0.0	45.2	0.0	0.0	0.0	251.0	240.0	-1.0	-2.4	246.7	245.5	209.8	209.8	209.0	212.3	101.3	230.0	12.1	0.0	209.7	209.6	45.0	53.6	5.6	55.8	0.0	7.1	.Autoclave.Outputs.PRESSIP\OutputValue	7.9	11.0	-41.2	-1.0	0.0	-1.0	-1.0	-1.0	0.0	0.0	0.0	-1.0	-1.0	0.0	0.0	0.0	-1.0	0.0
07:06:16	231.1	237.5	243.5	244.8	250.0	249.8	0.0	44.8	0.0	0.0	0.0	250.0	237.5	-1.0	-2.6	245.1	243.8	204.2	204.2	203.5	206.3	101.2	231.0	13.1	0.0	205.7	205.7	45.0	63.8	5.6	60.1	0.0	27.5	.Autoclave.Outputs.PRESSIP\OutputValue	8.0	12.5	-45.8	-1.0	0.0	-1.0	-1.0	-1.0	0.0	0.0	0.0	-1.0	-1.0	0.0	0.0	0.0	-1.0	0.0
07:07:17	232.1	234.7	241.3	243.1	248.9	248.6	0.0	44.2	0.0	0.0	0.0	248.9	234.7	-1.1	-2.7	243.3	241.8	199.9	199.9	199.2	195.6	101.1	232.0	14.1	0.0	201.7	201.6	45.0	64.9	5.6	66.5	0.0	29.8	.Autoclave.Outputs.PRESSIP\OutputValue	8.0	14.2	-49.0	-1.0	0.0	-1.0	-1.0	-1.0	0.0	0.0	0.0	-1.0	-1.0	0.0	0.0	0.0	-1.0	0.0
07:08:15	233.0	232.0	239.7	241.2	247.5	247.5	0.0	44.6	0.0	0.0	0.0	247.5	232.0	-1.2	-2.8	241.6	239.8	198.2	198.2	197.5	191.7	101.2	233.0	15.1	0.0	197.7	197.7	45.0	49.7	5.6	61.6	-1.0	0.0	.Autoclave.Outputs.PRESSIP\OutputValue	8.0	15.5	-49.4	-1.0	0.0	-1.0	-1.0	-1.0	0.0	0.0	0.0	-1.0	-1.0	0.0	0.0	0.0	-1.0	0.0
07:09:16	234.1	229.1	237.8	239.4	246.4	246.2	0.0	44.8	0.0	0.0	0.0	246.4	229.1	-1.1	-2.9	239.8	237.8	195.0	195.0	194.2	197.3	101.2	234.0	16.1	0.0	193.7	193.7	45.0	45.1	5.7	59.7	-1.0	0.0	.Autoclave.Outputs.PRESSIP\OutputValue	8.0	17.3	-51.5	-1.0	0.0	-1.0	-1.0	-1.0	0.0	0.0	0.0	-1.0	-1.0	0.0	0.0	0.0	-1.0	0.0
07:10:16	235.1	226.1	235.7	237.2	244.9	244.9	0.0	44.4	0.0	0.0	0.0	244.9	226.1	-1.4	-3.2	237.8	235.5	190.2	190.2	189.5	191.5	101.2	235.0	17.1	0.0	189.7	189.7	45.0	50.5	5.7	63.8	0.0	1.0	.Autoclave.Outputs.PRESSIP\OutputValue	8.0	18.8	-54.8	-1.0	0.0	-1.0	-1.0	-1.0	0.0	0.0	0.0	-1.0	-1.0	0.0	0.0	0.0	-1.0	0.0
07:11:16	236.1	223.2	233.4	235.1	243.7	243.8	0.0	44.9	0.0	0.0	0.0	243.8	223.2	-1.3	-3.0	235.8	233.5	185.7	185.6	185.0	187.1	101.2	236.0	18.1	0.0	185.7	185.6	45.0	53.7	5.7	59.1	0.0	7.5	.Autoclave.Outputs.PRESSIP\OutputValue	8.0	20.5	-58.1	-1.0	0.0	-1.0	-1.0	-1.0	0.0	0.0	0.0	-1.0	-1.0	0.0	0.0	0.0	-1.0	0.0
07:12:16	237.1	220.0	231.1	232.7	242.1	242.1	0.0	44.6	0.0	0.0	0.0	242.1	220.0	-1.4	-3.2	233.6	231.1	181.1	181.0	180.3	182.9	101.2	237.0	19.1	0.0	181.7	181.7	45.0	57.8	5.7	62.5	0.0	15.6	.Autoclave.Outputs.PRESSIP\OutputValue	8.0	22.1	-61.1	-1.0	0.0	-1.0	-1.0	-1.0	0.0	0.0	0.0	-1.0	-1.0	0.0	0.0	0.0	-1.0	0.0
07:13:15	238.0	216.9	228.9	230.7	240.8	240.7	0.0	44.8	0.0	0.0	0.0	240.8	216.9	-1.4	-3.0	231.6	228.9	176.3	176.3	175.4	174.8	101.2	238.0	20.1	0.0	177.7	177.7	45.0	63.2	5.6	60.1	0.0	26.3	.Autoclave.Outputs.PRESSIP\OutputValue	8.0	23.9	-64.6	-1.0	0.0	-1.0	-1.0	-1.0	0.0	0.0	0.0	-1.0	-1.0	0.0	0.0	0.0	-1.0	0.0
07:13:49	238.6	215.4	227.6	229.6	239.9	239.9	0.0	44.9	0.0	0.0	0.0	239.9	215.4	-1.5	-3.3	230.5	227.6	176.9	176.9	176.2	178.5	101.2	238.6	20.6	0.0	175.5	175.5	45.0	44.7	5.6	58.8	-1.0	0.0	.Autoclave.Outputs.PRESSIP\OutputValue	8.0	24.6	-63.2	-1.0	0.0	-1.0	-1.0	-1.0	0.0	0.0	0.0	-1.0	-1.0	0.0	0.0	0.0	-1.0	0.0
07:14:15	239.0	213.9	226.4	228.4	239.2	239.2	0.0	44.2	0.0	0.0	0.0	239.2	213.9	-1.5	-3.1	229.4	226.5	173.3	173.2	172.4	167.5	101.1	239.0	0.5	0.0	173.7	173.7	45.0	56.4	5.6	65.4	0.0	12.9	.Autoclave.Outputs.PRESSIP\OutputValue	8.0	25.4	-66.0	-1.0	0.0	-1.0	-1.0	-1.0	0.0	0.0	0.0	-1.0	-1.0	0.0	0.0	0.0	-1.0	0.0
07:15:15	240.0	210.6	224.1	226.1	237.5	237.5	0.0	44.0	0.0	0.0	0.0	237.5	210.6	-1.7	-3.6	227.2	224.0	170.0	170.0	169.3	164.4	101.1	240.0	1.5	0.0	169.7	169.7	45.0	51.0	5.6	67.8	0.0	2.1	.Autoclave.Outputs.PRESSIP\OutputValue	8.0	27.0	-67.6	-1.0	0.0	-1.0	-1.0	-1.0	0.0	0.0	0.0	-1.0	-1.0	0.0	0.0	0.0	-1.0	0.0
07:16:16	241.1	207.5	221.7	223.7	235.7	236.0	0.0	44.3	0.0	0.0	0.0	236.0	207.5	-1.4	-3.2	224.9	221.7	166.4	166.4	165.6	161.7	101.1	241.0	2.5	0.0	165.7	165.6	45.0	48.3	5.5	64.6	-1.0	0.0	.Autoclave.Outputs.PRESSIP\OutputValue	8.0	28.5	-69.6	-1.0	0.0	-1.0	-1.0	-1.0	0.0	0.0	0.0	-1.0	-1.0	0.0	0.0	0.0	-1.0	0.0
07:17:16	242.1	203.9	218.9	221.1	233.9	234.2	0.0	44.1	0.0	0.0	0.0	234.2	203.9	-1.7	-3.5	222.4	219.0	162.8	162.7	162.0	158.3	101.0	242.0	3.5	0.0	161.7	161.6	45.0	46.3	5.5	66.9	-1.0	0.0	.Autoclave.Outputs.PRESSIP\OutputValue	8.0	30.3	-71.4	-1.0	0.0	-1.0	-1.0	-1.0	0.0	0.0	0.0	-1.0	-1.0	0.0	0.0	0.0	-1.0	0.0
07:18:15	243.0	200.3	216.3	218.4	232.2	232.2	0.0	44.4	0.0	0.0	0.0	232.2	200.3	-2.1	-3.7	219.9	216.2	159.0	159.0	158.3	155.1	100.9	243.0	4.5	0.0	157.7	157.7	45.0	45.0	5.4	63.5	-1.0	0.0	.Autoclave.Outputs.PRESSIP\OutputValue	8.0	32.0	-73.3	-1.0	0.0	-1.0	-1.0	-1.0	0.0	0.0	0.0	-1.0	-1.0	0.0	0.0	0.0	-1.0	0.0
07:19:16	244.1	196.8	213.6	215.8	230.3	230.7	0.0	44.1	0.0	0.0	0.0	230.7	196.8	-1.6	-3.4	217.4	213.7	155.5	155.5	154.8	152.0	101.0	244.0	5.5	0.0	153.7	153.6	45.0	41.5	5.3	66.7	-1.0	0.0	.Autoclave.Outputs.PRESSIP\OutputValue	8.0	33.9	-75.2	-1.0	0.0	-1.0	-1.0	-1.0	0.0	0.0	0.0	-1.0	-1.0	0.0	0.0	0.0	-1.0	0.0
07:20:15	245.0	193.4	210.8	213.0	228.3	228.4	0.0	44.6	0.0	0.0	0.0	228.4	193.4	-2.1	-3.5	214.8	210.9	150.8	150.8	150.1	151.5	101.1	245.0	6.5	0.0	149.7	149.7	45.0	46.2	5.3	61.6	-1.0	0.0	.Autoclave.Outputs.PRESSIP\OutputValue	8.0	35.0	-77.6	-1.0	0.0	-1.0	-1.0	-1.0	0.0	0.0	0.0	-1.0	-1.0	0.0	0.0	0.0	-1.0	0.0
07:21:16	246.1	189.7	207.9	210.2	226.4	226.7	0.0	44.3	-0.3	0.0	0.0	226.7	189.7	-1.8	-3.8	212.2	208.2	146.5	146.5	145.8	147.2	101.0	246.0	7.5	0.0	145.7	145.7	45.0	48.1	5.2	65.2	0.0	0.0	.Autoclave.Outputs.PRESSIP\OutputValue	8.0	37.0	-80.2	-1.0	0.0	-1.0	-1.0	-1.0	0.0	0.0	0.0	-1.0	-1.0	0.0	0.0	0.0	-1.0	0.0
07:22:16	247.1	186.3	205.3	207.2	224.3	224.5	0.0	44.5	0.0	0.0	0.0	224.5	186.3	-2.0	-3.5	209.5	205.4	142.4	142.4	141.6	139.0	101.1	247.0	8.5	0.0	141.7	141.7	45.0	47.9	5.0	63.5	-1.0	0.0	.Autoclave.Outputs.PRESSIP\OutputValue	8.0	38.2	-82.1	-1.0	0.0	-1.0	-1.0	-1.0	0.0	0.0	0.0	-1.0	-1.0	0.0	0.0	0.0	-1.0	0.0
07:23:16	248.1	182.9	202.6	204.5	222.3	222.6	0.0	44.2	0.0	0.0	0.0	222.6	182.9	-2.0	-3.4	207.0	202.7	139.4	139.4	138.7	137.2	100.9	248.0	9.5	0.0	137.7	137.6	45.0	41.8	4.9	65.7	-1.0	0.0	.Autoclave.Outputs.PRESSIP\OutputValue	8.0	39.7	-83.2	-1.0	0.0	-1.0	-1.0	-1.0	0.0	0.0	0.0	-1.0	-1.0	0.0	0.0	0.0	-1.0	0.0
07:24:16	249.1	179.2	199.6	201.7	220.4	220.5	0.0	44.5	0.0	0.0	0.0	220.5	179.2	-2.1	-3.6	204.3	199.8	134.8	134.7	134.0	132.6	101.1	249.0	10.5	0.0	133.7	133.6	45.0	45.6	4.8	63.7	-1.0	0.0	.Autoclave.Outputs.PRESSIP\OutputValue	8.0	41.3	-85.7	-1.0	0.0	-1.0	-1.0	-1.0	0.0	0.0	0.0	-1.0	-1.0	0.0	0.0	0.0	-1.0	0.0
07:25:16	250.1	175.5	196.7	198.7	218.3	218.6	0.0	44.2	0.0	0.0	0.0	218.6	175.5	-1.9	-3.8	201.6	197.0	131.1	131.0	130.3	129.1	101.0	250.0	11.5	0.0	129.7	129.7	45.0	43.6	4.7	66.5	-1.0	0.0	.Autoclave.Outputs.PRESSIP\OutputValue	8.0	43.1	-87.5	-1.0	0.0	-1.0	-1.0	-1.0	0.0	0.0	0.0	-1.0	-1.0	0.0	0.0	0.0	-1.0	0.0
07:26:16	251.1	172.0	193.8	195.7	216.1	216.4	0.0	44.5	0.0	0.0	0.0	216.4	172.0	-2.4	-3.7	198.8	194.2	128.7	128.7	128.0	126.8	101.1	251.0	12.5	0.0	125.7	125.7	45.0	32.1	4.5	62.7	-1.0	0.0	.Autoclave.Outputs.PRESSIP\OutputValue	8.0	44.4	-87.7	-1.0	0.0	-1.0	-1.0	-1.0	0.0	0.0	0.0	-1.0	-1.0	0.0	0.0	0.0	-1.0	0.0
07:27:16	252.1	168.3	190.7	192.6	213.9	214.2	0.0	44.2	0.0	0.0	0.0	214.2	168.3	-2.0	-3.7	195.9	191.3	124.9	124.9	124.2	124.2	101.1	252.0	13.5	0.0	121.7	121.7	45.0	30.5	4.2	65.7	-1.0	0.0	.Autoclave.Outputs.PRESSIP\OutputValue	8.0	46.0	-89.4	-1.0	0.0	-1.0	-1.0	-1.0	0.0	0.0	0.0	-1.0	-1.0	0.0	0.0	0.0	-1.0	0.0
07:28:16	253.1	164.8	187.9	189.7	211.6	212.0	0.0	44.4	0.0	0.0	0.0	212.0	164.8	-2.3	-3.7	193.2	188.4	123.7	123.5	122.9	122.2	101.2	253.0	14.5	0.0	117.7	117.7	45.0	11.4	3.7	65.2	-1.0	0.0	.Autoclave.Outputs.PRESSIP\OutputValue	8.0	47.3	-88.3	-1.0	0.0	-1.0	-1.0	-1.0	0.0	0.0	0.0	-1.0	-1.0	0.0	0.0	0.0	-1.0	0.0
07:29:16	254.1	161.5	184.9	186.6	209.4	209.6	0.0	44.5	0.0	0.0	0.0	209.6	161.5	-2.3	-3.5	190.4	185.6	120.9	120.9	120.2	120.2	101.1	254.0	15.5	0.0	113.7	113.7	45.0	2.0	3.0	63.3	-1.0	0.0	.Autoclave.Outputs.PRESSIP\OutputValue	8.0	48.2	-88.7	-1.0	0.0	-1.0	-1.0	-1.0	0.0	0.0	0.0	-1.0	-1.0	0.0	0.0	0.0	-1.0	0.0
07:30:16	255.1	158.2	182.3	183.8	207.1	207.4	0.0	44.3	0.0	0.0	0.0	207.4	158.2	-2.2	-3.3	187.8	182.8	119.0	119.0	118.4	118.6	101.1	255.0	16.5	0.0	109.7	109.7	45.0	0.0	0.0	65.0	-1.0	0.0	.Autoclave.Outputs.PRESSIP\OutputValue	8.0	49.3	-88.4	-1.0	0.0	-1.0	-1.0	-1.0	0.0	0.0	0.0	-1.0	-1.0	0.0	0.0	0.0	-1.0	0.0
07:31:16	256.1	155.1	179.3	180.8	204.8	205.1	0.0	44.1	0.0	0.0	0.0	205.1	155.1	-2.2	-3.2	185.0	180.1	117.2	117.1	116.5	116.9	101.0	256.0	17.5	0.0	105.7	105.7	45.0	0.0	0.0	66.7	-1.0	0.0	.Autoclave.Outputs.PRESSIP\OutputValue	8.0	50.1	-87.9	-1.0	0.0	-1.0	-1.0	-1.0	0.0	0.0	0.0	-1.0	-1.0	0.0	0.0	0.0	-1.0	0.0
07:32:16	257.1	152.1	176.7	178.1	202.6	202.9	0.0	44.6	0.0	0.0	0.0	202.9	152.1	-2.3	-3.1	182.5	177.5	115.9	115.9	115.2	116.2	101.0	257.0	18.5	0.0	101.7	101.7	45.0	0.0	0.0	61.8	-1.0	0.0	.Autoclave.Outputs.PRESSIP\OutputValue	8.0	50.9	-87.0	-1.0	0.0	-1.0	-1.0	-1.0	0.0	0.0	0.0	-1.0	-1.0	0.0	0.0	0.0	-1.0	0.0
07:33:15	258.0	149.2	173.9	175.3	200.3	200.7	0.0	44.5	0.0	0.0	0.0	200.7	149.2	-2.3	-3.0	179.9	175.0	114.9	114.9	114.2	114.6	100.9	258.0	19.5	0.0	97.7	97.7	45.0	0.0	0.0	63.5	-1.0	0.0	.Autoclave.Outputs.PRESSIP\OutputValue	8.0	51.6	-85.8	-1.0	0.0	-1.0	-1.0	-1.0	0.0	0.0	0.0	-1.0	-1.0	0.0	0.0	0.0	-1.0	0.0
07:34:15	259.0	146.5	171.3	172.5	198.0	198.4	0.0	44.3	0.0	0.0	0.0	198.4	146.5	-2.3	-2.8	177.3	172.5	113.2	113.2	112.5	113.3	100.9	259.0	20.5	0.0	93.7	93.7	45.0	0.0	0.0	64.6	-1.0	0.0	.Autoclave.Outputs.PRESSIP\OutputValue	8.0	52.0	-85.2	-1.0	0.0	-1.0	-1.0	-1.0	0.0	0.0	0.0	-1.0	-1.0	0.0	0.0	0.0	-1.0	0.0
07:35:16	260.1	143.9	168.6	170.0	195.8	196.3	0.0	44.2	0.0	0.0	0.0	196.3	143.9	-2.1	-2.7	174.9	170.1	112.1	112.1	111.5	112.2	100.9	260.0	21.5	0.0	89.7	89.7	45.0	0.0	0.0	65.9	-1.0	0.0	.Autoclave.Outputs.PRESSIP\OutputValue	8.0	52.5	-84.2	-1.0	0.0	-1.0	-1.0	-1.0	0.0	0.0	0.0	-1.0	-1.0	0.0	0.0	0.0	-1.0	0.0
07:36:16	261.1	141.5	166.2	167.4	193.6	194.1	0.0	44.1	0.0	0.0	0.0	194.1	141.5	-2.2	-2.6	172.6	167.8	111.3	111.2	110.5	111.3	101.0	261.0	22.5	0.0	85.7	85.6	45.0	0.0	0.0	67.1	-1.0	0.0	.Autoclave.Outputs.PRESSIP\OutputValue	8.0	52.7	-82.8	-1.0	0.0	-1.0	-1.0	-1.0	0.0	0.0	0.0	-1.0	-1.0	0.0	0.0	0.0	-1.0	0.0
07:37:16	262.1	139.1	163.9	165.0	191.5	192.2	0.0	44.6	0.0	0.0	0.0	192.2	139.1	-2.1	-2.4	170.3	165.7	110.5	110.4	109.8	110.7	101.0	262.0	23.5	0.0	81.7	81.7	45.0	0.0	0.0	62.2	-1.0	0.0	.Autoclave.Outputs.PRESSIP\OutputValue	8.0	53.2	-81.7	-1.0	0.0	-1.0	-1.0	-1.0	0.0	0.0	0.0	-1.0	-1.0	0.0	0.0	0.0	-1.0	0.0
07:38:16	263.1	136.8	161.5	162.6	189.4	190.0	0.0	44.5	0.0	0.0	0.0	190.0	136.8	-2.1	-2.6	168.1	163.4	109.4	109.4	108.8	109.9	100.9	263.0	24.5	0.0	80.0	80.0	45.0	0.0	0.0	63.1	-1.0	0.0	.Autoclave.Outputs.PRESSIP\OutputValue	8.0	53.3	-80.6	-1.0	0.0	-1.0	-1.0	-1.0	0.0	0.0	0.0	-1.0	-1.0	0.0	0.0	0.0	-1.0	0.0
07:39:16	264.1	134.8	159.3	160.3	187.3	187.9	0.0	44.4	0.0	0.0	0.0	187.9	134.8	-2.1	-2.3	165.9	161.4	108.2	108.3	107.6	109.2	101.0	264.0	25.5	0.0	80.0	80.0	45.0	0.0	0.0	64.2	-1.0	0.0	.Autoclave.Outputs.PRESSIP\OutputValue	8.0	53.2	-79.7	-1.0	0.0	-1.0	-1.0	-1.0	0.0	0.0	0.0	-1.0	-1.0	0.0	0.0	0.0	-1.0	0.0
07:40:16	265.1	132.7	157.1	157.9	185.1	185.9	0.0	44.3	0.0	0.0	0.0	185.9	132.7	-2.0	-2.4	163.7	159.3	107.5	107.5	106.8	108.2	100.8	265.0	26.5	0.0	80.0	80.0	45.0	0.0	0.0	65.2	-1.0	0.0	.Autoclave.Outputs.PRESSIP\OutputValue	8.0	53.3	-78.4	-1.0	0.0	-1.0	-1.0	-1.0	0.0	0.0	0.0	-1.0	-1.0	0.0	0.0	0.0	-1.0	0.0
07:41:15	266.0	130.9	154.9	155.8	183.0	183.6	0.0	44.2	0.0	0.0	0.0	183.6	130.9	-1.5	-2.3	161.6	157.3	106.7	106.7	106.0	107.4	100.9	266.0	27.5	0.0	80.0	80.0	45.0	0.0	0.0	65.9	-1.0	0.0	.Autoclave.Outputs.PRESSIP\OutputValue	8.0	52.8	-76.9	-1.0	0.0	-1.0	-1.0	-1.0	0.0	0.0	0.0	-1.0	-1.0	0.0	0.0	0.0	-1.0	0.0
07:42:16	267.1	129.0	152.8	153.6	181.1	181.7	0.0	44.1	0.0	0.0	0.0	181.7	129.0	-2.0	-2.4	159.6	155.4	106.0	106.0	105.3	106.8	100.8	267.0	28.5	0.0	80.0	80.0	45.0	0.0	0.0	66.7	-1.0	0.0	.Autoclave.Outputs.PRESSIP\OutputValue	8.0	52.8	-75.7	-1.0	0.0	-1.0	-1.0	-1.0	0.0	0.0	0.0	-1.0	-1.0	0.0	0.0	0.0	-1.0	0.0
07:43:16	268.1	127.4	150.7	151.4	179.1	179.8	0.0	44.1	0.0	0.0	0.0	179.8	127.4	-1.6	-2.1	157.7	153.6	105.5	105.4	104.8	106.2	100.8	268.0	29.5	0.0	80.0	80.0	45.0	0.0	0.0	67.6	-1.0	0.0	.Autoclave.Outputs.PRESSIP\OutputValue	8.0	52.5	-74.3	-1.0	0.0	-1.0	-1.0	-1.0	0.0	0.0	0.0	-1.0	-1.0	0.0	0.0	0.0	-1.0	0.0
07:44:15	269.0	125.7	148.8	149.6	177.0	177.8	0.0	44.5	0.0	0.0	0.0	177.8	125.7	-1.8	-2.2	155.8	151.8	105.0	105.0	104.4	105.8	100.8	269.0	30.5	0.0	80.0	80.0	45.0	0.0	0.0	62.3	-1.0	0.0	.Autoclave.Outputs.PRESSIP\OutputValue	8.0	52.2	-72.8	-1.0	0.0	-1.0	-1.0	-1.0	0.0	0.0	0.0	-1.0	-1.0	0.0	0.0	0.0	-1.0	0.0
07:45:16	270.1	124.3	147.0	147.6	175.1	175.6	0.0	44.5	0.0	0.0	0.0	175.6	124.3	-1.5	-2.1	153.9	150.0	104.4	104.4	103.6	105.4	100.8	270.0	31.5	0.0	80.0	80.0	45.0	0.0	0.0	63.1	-1.0	0.0	.Autoclave.Outputs.PRESSIP\OutputValue	8.0	51.4	-71.2	-1.0	0.0	-1.0	-1.0	-1.0	0.0	0.0	0.0	-1.0	-1.0	0.0	0.0	0.0	-1.0	0.0
07:46:16	271.1	122.7	145.1	145.7	173.1	173.8	0.0	44.4	0.0	0.0	0.0	173.8	122.7	-1.5	-2.0	152.1	148.3	103.6	103.6	102.8	104.7	100.8	271.0	32.5	0.0	80.0	80.0	45.0	0.0	0.0	63.7	-1.0	0.0	.Autoclave.Outputs.PRESSIP\OutputValue	8.0	51.2	-70.2	-1.0	0.0	-1.0	-1.0	-1.0	0.0	0.0	0.0	-1.0	-1.0	0.0	0.0	0.0	-1.0	0.0
07:47:16	272.1	121.4	143.3	143.9	171.2	171.9	0.0	44.4	0.0	0.0	0.0	171.9	121.4	-1.5	-2.0	150.3	146.7	103.2	103.2	102.4	104.2	100.7	272.0	33.5	0.0	80.0	80.0	45.0	0.0	0.0	64.4	-1.0	0.0	.Autoclave.Outputs.PRESSIP\OutputValue	8.0	50.6	-68.7	-1.0	0.0	-1.0	-1.0	-1.0	0.0	0.0	0.0	-1.0	-1.0	0.0	0.0	0.0	-1.0	0.0
07:48:16	273.1	120.1	141.7	142.1	169.4	170.1	0.0	44.3	0.0	0.0	0.0	170.1	120.1	-1.3	-1.9	148.7	145.1	102.6	102.7	101.9	103.8	100.8	273.0	34.5	0.0	80.0	80.0	45.0	0.0	0.0	64.8	-1.0	0.0	.Autoclave.Outputs.PRESSIP\OutputValue	8.0	50.1	-67.5	-1.0	0.0	-1.0	-1.0	-1.0	0.0	0.0	0.0	-1.0	-1.0	0.0	0.0	0.0	-1.0	0.0
07:49:16	274.1	118.9	139.9	140.3	167.4	168.1	0.0	44.2	0.0	0.0	0.0	168.1	118.9	-1.3	-2.0	146.9	143.5	102.0	102.0	101.3	103.3	100.8	274.0	35.5	0.0	80.0	80.0	45.0	0.0	0.0	65.9	-1.0	0.0	.Autoclave.Outputs.PRESSIP\OutputValue	8.0	49.3	-66.1	-1.0	0.0	-1.0	-1.0	-1.0	0.0	0.0	0.0	-1.0	-1.0	0.0	0.0	0.0	-1.0	0.0
07:50:15	275.0	117.6	138.3	138.5	165.7	166.5	0.0	44.2	0.0	0.0	0.0	166.5	117.6	-1.2	-1.8	145.3	142.1	102.2	102.3	101.5	103.1	100.8	275.0	36.5	0.0	80.0	80.0	45.0	0.0	0.0	66.3	-1.0	0.0	.Autoclave.Outputs.PRESSIP\OutputValue	8.0	49.0	-64.3	-1.0	0.0	-1.0	-1.0	-1.0	0.0	0.0	0.0	-1.0	-1.0	0.0	0.0	0.0	-1.0	0.0
07:51:15	276.0	116.5	136.8	137.0	163.9	164.6	0.0	44.2	0.0	0.0	0.0	164.6	116.5	-1.2	-2.0	143.8	140.6	101.2	101.2	100.4	102.6	100.8	276.0	37.5	0.0	80.0	80.0	45.0	0.0	0.0	66.5	-1.0	0.0	.Autoclave.Outputs.PRESSIP\OutputValue	8.0	48.2	-63.4	-1.0	0.0	-1.0	-1.0	-1.0	0.0	0.0	0.0	-1.0	-1.0	0.0	0.0	0.0	-1.0	0.0
07:52:15	277.0	115.3	135.2	135.4	162.2	162.9	0.0	44.1	0.0	0.0	0.0	162.9	115.3	-0.9	-1.8	142.2	139.1	101.1	101.1	100.4	102.1	100.7	277.0	38.5	0.0	80.0	80.0	45.0	0.0	0.0	67.4	-1.0	0.0	.Autoclave.Outputs.PRESSIP\OutputValue	8.0	47.7	-61.8	-1.0	0.0	-1.0	-1.0	-1.0	0.0	0.0	0.0	-1.0	-1.0	0.0	0.0	0.0	-1.0	0.0
07:53:16	278.1	114.4	133.9	133.9	160.5	161.1	0.0	44.0	0.0	0.0	0.0	161.1	114.4	-1.3	-1.8	140.8	137.8	100.5	100.5	99.9	101.8	100.6	278.0	39.5	0.0	80.0	80.0	45.0	0.0	0.0	67.6	-1.0	0.0	.Autoclave.Outputs.PRESSIP\OutputValue	8.0	46.8	-60.6	-1.0	0.0	-1.0	-1.0	-1.0	0.0	0.0	0.0	-1.0	-1.0	0.0	0.0	0.0	-1.0	0.0
07:54:16	279.1	113.4	132.4	132.5	158.8	159.4	0.0	44.6	0.0	0.0	0.0	159.4	113.4	-1.2	-1.9	139.3	136.4	100.3	100.3	99.7	101.8	100.7	279.0	40.5	0.0	80.0	80.0	45.0	0.0	0.0	62.0	-1.0	0.0	.Autoclave.Outputs.PRESSIP\OutputValue	8.0	46.1	-59.1	-1.0	0.0	-1.0	-1.0	-1.0	0.0	0.0	0.0	-1.0	-1.0	0.0	0.0	0.0	-1.0	0.0
07:55:16	280.1	112.7	131.0	131.1	157.2	158.0	0.0	44.5	0.0	0.0	0.0	158.0	112.7	-0.8	-1.7	138.0	135.4	99.8	99.8	99.2	101.4	100.7	280.0	41.5	0.0	80.0	80.0	45.0	0.0	0.0	62.7	-1.0	0.0	.Autoclave.Outputs.PRESSIP\OutputValue	8.0	45.4	-58.2	-1.0	0.0	-1.0	-1.0	-1.0	0.0	0.0	0.0	-1.0	-1.0	0.0	0.0	0.0	-1.0	0.0
07:56:16	281.1	111.8	129.9	129.8	155.6	156.3	0.0	44.5	0.0	0.0	0.0	156.3	111.8	-0.9	-1.8	136.7	134.1	99.9	99.9	99.2	101.2	100.7	281.0	42.5	0.0	80.0	80.0	45.0	0.0	0.0	63.1	-1.0	0.0	.Autoclave.Outputs.PRESSIP\OutputValue	8.0	44.6	-56.4	-1.0	0.0	-1.0	-1.0	-1.0	0.0	0.0	0.0	-1.0	-1.0	0.0	0.0	0.0	-1.0	0.0
07:57:15	282.0	111.0	128.6	128.6	154.0	154.7	0.0	44.4	0.0	0.0	0.0	154.7	111.0	-0.7	-1.5	135.4	132.9	99.2	99.3	98.6	100.9	100.6	282.0	43.5	0.0	80.0	80.0	45.0	0.0	0.0	63.5	-1.0	0.0	.Autoclave.Outputs.PRESSIP\OutputValue	8.0	43.8	-55.5	-1.0	0.0	-1.0	-1.0	-1.0	0.0	0.0	0.0	-1.0	-1.0	0.0	0.0	0.0	-1.0	0.0
07:58:16	283.1	110.2	127.4	127.4	152.5	153.2	0.0	44.4	0.0	0.0	0.0	153.2	110.2	-0.8	-1.7	134.1	131.7	99.1	99.1	98.5	100.7	100.7	283.0	44.5	0.0	80.0	80.0	45.0	0.0	0.0	64.0	-1.0	0.0	.Autoclave.Outputs.PRESSIP\OutputValue	8.0	43.1	-54.1	-1.0	0.0	-1.0	-1.0	-1.0	0.0	0.0	0.0	-1.0	-1.0	0.0	0.0	0.0	-1.0	0.0
07:59:16	284.1	109.4	126.3	126.1	151.0	151.9	0.0	44.4	0.0	0.0	0.0	151.9	109.4	-0.9	-1.5	132.9	130.7	98.8	98.8	98.2	100.4	100.6	284.0	45.5	0.0	80.0	80.0	45.0	0.0	0.0	64.4	-1.0	0.0	.Autoclave.Outputs.PRESSIP\OutputValue	8.0	42.6	-53.1	-1.0	0.0	-1.0	-1.0	-1.0	0.0	0.0	0.0	-1.0	-1.0	0.0	0.0	0.0	-1.0	0.0
08:00:16	285.1	108.6	125.1	125.1	149.4	150.1	0.0	44.3	0.0	0.0	0.0	150.1	108.6	-0.8	-1.6	131.7	129.4	98.4	98.4	97.7	100.2	100.6	285.0	46.5	0.0	80.0	80.0	45.0	0.0	0.0	64.2	-1.0	0.0	.Autoclave.Outputs.PRESSIP\OutputValue	8.0	41.6	-51.7	-1.0	0.0	-1.0	-1.0	-1.0	0.0	0.0	0.0	-1.0	-1.0	0.0	0.0	0.0	-1.0	0.0
08:01:16	286.1	107.9	123.9	123.9	148.1	148.8	0.0	44.3	0.0	0.0	0.0	148.8	107.9	-0.6	-1.4	130.5	128.4	98.1	98.1	97.5	99.9	100.5	286.0	47.5	0.0	80.0	80.0	45.0	0.0	0.0	65.2	-1.0	0.0	.Autoclave.Outputs.PRESSIP\OutputValue	8.0	41.0	-50.7	-1.0	0.0	-1.0	-1.0	-1.0	0.0	0.0	0.0	-1.0	-1.0	0.0	0.0	0.0	-1.0	0.0
08:01:49	286.6	107.6	123.5	123.3	147.3	147.9	0.0	44.3	0.0	0.0	0.0	147.9	107.6	-0.8	-1.7	129.9	127.8	98.0	98.1	97.4	99.8	100.6	286.6	48.0	0.0	80.0	80.0	45.0	0.0	0.0	65.2	-1.0	0.0	.Autoclave.Outputs.PRESSIP\OutputValue	8.0	40.4	-50.1	-1.0	0.0	-1.0	-1.0	-1.0	0.0	0.0	0.0	-1.0	-1.0	0.0	0.0	0.0	-1.0	0.0
08:02:15	287.0	107.5	122.9	122.8	146.6	147.3	0.0	41.3	0.0	0.0	0.0	147.3	107.5	-0.6	-1.5	129.4	127.4	96.5	96.5	95.9	97.4	100.0	287.0	0.5	0.0	80.0	80.0	40.5	0.0	0.0	49.4	-1.0	0.0	.Autoclave.Outputs.PRESSIP\OutputValue	7.6	39.9	-50.8	-1.0	0.0	-1.0	-1.0	-1.0	0.0	0.0	0.0	-1.0	-1.0	0.0	0.0	0.0	-1.0	0.0
08:03:16	288.1	106.5	121.8	121.6	145.2	146.0	0.0	31.4	0.0	0.0	0.0	146.0	106.5	-0.9	-1.5	128.2	126.3	92.5	92.5	91.8	94.1	99.2	288.0	1.5	0.0	80.0	80.0	30.4	0.0	0.0	47.0	-1.0	0.0	.Autoclave.Outputs.PRESSIP\OutputValue	6.4	39.6	-53.5	-1.0	0.0	-1.0	-1.0	-1.0	0.0	0.0	0.0	-1.0	-1.0	0.0	0.0	0.0	-1.0	0.0
08:04:15	289.0	105.6	120.7	120.5	144.1	144.9	0.0	21.2	0.0	0.0	0.0	144.9	105.6	-1.0	-1.3	127.2	125.3	89.5	89.5	88.8	91.0	98.7	289.0	2.5	0.0	80.0	80.0	20.5	0.0	0.0	48.5	-1.0	0.0	.Autoclave.Outputs.PRESSIP\OutputValue	5.1	39.4	-55.4	-1.0	0.0	-1.0	-1.0	-1.0	0.0	0.0	0.0	-1.0	-1.0	0.0	0.0	0.0	-1.0	0.0
08:05:15	290.0	104.6	119.9	119.5	143.0	143.7	-0.1	11.3	0.0	-0.1	-0.1	143.7	104.6	-0.8	-1.2	126.1	124.2	87.0	86.9	86.1	88.9	97.8	290.0	3.5	0.0	80.0	80.0	10.5	1.0	-0.1	44.6	-1.0	0.0	.Autoclave.Outputs.PRESSIP\OutputValue	3.6	39.2	-56.7	-1.0	0.0	-1.0	-1.0	-1.0	0.0	0.0	0.0	-1.0	-1.0	-1.0	0.0	0.0	-1.0	0.0
08:06:16	291.1	103.8	119.1	118.6	142.1	142.7	-0.2	3.0	-0.1	-0.2	-0.2	142.7	103.8	-0.7	-1.1	125.3	123.3	84.9	84.9	84.1	87.4	97.2	291.0	4.5	0.0	80.0	80.0	0.4	14.5	-0.7	25.8	-1.0	0.0	.Autoclave.Outputs.PRESSIP\OutputValue	1.3	38.9	-57.8	-1.0	0.0	-1.0	-1.0	-1.0	0.0	0.0	0.0	-1.0	-1.0	-1.0	0.0	0.0	-1.0	0.0
08:06:46	291.6	104.0	118.7	118.3	141.8	142.2	-0.2	1.0	-0.1	-0.2	-0.2	142.2	104.0	-0.4	-0.9	125.0	123.1	85.2	85.2	84.5	87.7	97.3	291.5	5.0	0.0	80.0	80.0	0.0	12.2	-0.9	39.2	-1.0	0.0	.Autoclave.Outputs.PRESSIP\OutputValue	-0.6	38.2	-57.1	-1.0	0.0	-1.0	-1.0	-1.0	0.0	0.0	0.0	-1.0	-1.0	-1.0	0.0	0.0	-1.0	0.0
