228.1789473684
228.2542558802
228.3295643919
228.4062546145
228.4837780825
228.5475899167
228.5697394790
228.5918890412
228.7008965299
228.8227191225
228.9401539922
229.0531167598
229.1531589495
229.1575888619
229.1620187744
229.2355553212
229.3330133952
229.4215378125
229.4946313680
229.5677249235
229.6101044194
229.6521885877
229.7106001477
229.7792637907
229.8500369159
229.9275603839
230.0050838519
230.0596983441
230.1106423373
230.1067187006
230.0446999262
229.9923847695
230.0189642443
230.0455437190
230.1354709419
230.2484337095
230.3574411982
230.4593291847
230.5612171712
230.5935766269
230.6245860141
230.6622930071
230.7043771754
230.7474738952
230.7939879760
230.8405020567
230.9191119080
231.0032802447
231.0494779032
231.0539078156
231.0598881974
231.0798228035
231.0997574096
231.0844214745
231.0556270436
231.5950638118
233.2009070773
234.8067503428
236.1952747600
237.5774074465
238.9898639384
240.4229406181
241.8647505537
243.3376964455
244.8106423373
246.0595612277
247.2667123721
247.9921843687
248.1671659108
248.3327286151
248.4036072144
248.4744858137
248.6086488767
248.7681257251
248.9133741167
249.0307667968
249.1481594768
249.3145554266
249.4828921000
249.6304714693
249.7633688429
249.9022993355
250.0639911402
250.2256829448
250.3855289526
250.5450058011
250.6903069296
250.8187743909
250.9477797701
251.0828921000
251.2180044299
251.3390676089
251.4542453328
251.5730619133
251.6993144183
251.8255669233
251.8906444468
251.9526632212
251.9968146820
252.0278240692
252.0805400274
252.2200822698
252.3596245122
252.4535492037
252.5377175403
252.6248602468
252.7156734522
252.8072777133
252.9091656998
253.0110536863
253.0929226875
253.1660162430
253.2426431811
253.3268115178
253.4109798544
253.4888830292
253.5664064972
253.6338888303
253.6936926485
253.7568716380
253.8343951060
253.9119185740
253.9876384348
254.0629469465
254.1275814787
254.1785254720
254.2297436979
254.2851176036
254.3404915093
254.4201666491
254.5109798544
254.5860246809
254.6258938930
254.6657631052
254.7263052421
254.7883240165
254.8441725556
254.8951165489
254.9480645502
255.0100833245
255.0721020989
255.1252083114
255.1761523046
255.2223499631
255.2622191752
255.3029005379
255.3582744436
255.4136483493
255.4480540027
255.4724185213
255.4987765004
255.5297858876
255.5607952748
255.5979432549
255.6355975108
255.6768906234
255.7211897479
255.7586541504
255.7630840629
255.7675139753
255.8247864149
255.8956650142
255.9461238266
255.9682733889
255.9925113385
256.0633899378
256.1342685371
256.1638012868
256.1726611117
256.1943887776
256.2475477270
256.3007066765
256.2991878494
256.2925429807
256.3085434026
256.3439827022
256.3794220019
256.4148613016
256.4503006012
256.4665963506
256.4776711317
256.4987237633
256.5341630630
256.5690855395
256.5890201456
256.6089547516
256.6245227297
256.6378124670
256.6542136905
256.6785782090
256.7029427276
256.7132791900
256.7221390149
256.7345111275
256.7500158211
256.7695707204
256.8116548887
256.8537390571
256.8631578947
256.8631578947
256.8773336146
256.9127729142
256.9474738952
256.9519038076
256.9563337201
256.9722392153
256.9943887776
257.0189431495
257.0499525367
257.0809619238
257.0881763527
257.0926062652
257.1062335197
257.1283830820
257.1492669550
257.1625566923
257.1758464297
257.1976268326
257.2219913511
257.2342474423
257.2276025736
257.2214639806
257.2502584116
257.2790528425
257.2908870372
257.2931019935
257.2906760890
257.2751713954
257.2596667018
257.2853601941
257.3163695813
257.3451218226
257.3717012973
257.3965088071
257.4097985445
257.4230882818
257.4229617129
257.4185318004
257.4183208522
257.4249657209
257.4316422318
257.4449319692
257.4582217066
257.4701191857
257.4811939669
257.4922687480
257.5033435292
257.5144183103
257.5390781563
257.5656576311
257.5822698028
257.5889146714
257.5952853075
257.5997152199
257.6041451324
257.6052631579
257.6052631579
257.6060858559
257.6083008122
257.6105157684
257.6259571775
257.6414618711
257.6446260943
257.6401961818
257.6411454488
257.6588650986
257.6765847484
257.6943043983
257.7120240481
257.7112751819
257.6913405759
257.6759624512
257.6958970573
257.7158316633
257.7177829343
257.7133530218
257.7169391414
257.7346587913
257.7523784411
257.7548148929
257.7570298492
257.7592448054
257.7614597616
257.7662588335
257.7795485708
257.7928383082
257.7890412404
257.7823963717
257.7864043877
257.8019090813
257.8174137749
257.8329184685
257.8484231621
257.8477903175
257.8411454488
257.8368421053
257.8368421053
257.8368421053
257.8411665436
257.8455964561
257.8460394473
257.8438244911
257.8435924481
257.8502373167
257.8568821854
257.8560172978
257.8538023415
257.8599409345
257.8754456281
257.8892627360
257.8870477798
257.8848328235
257.8762472313
257.8651724502
257.8578947368
257.8578947368
257.8578947368
257.8000843793
257.7402805611
257.1246282038
256.1234679886
255.2177091024
254.6617550891
254.1058010758
253.4496044721
252.7740428225
251.8733994304
250.7105474106
249.6145237844
249.2313363569
248.8481489294
248.1255036389
247.2638856661
246.3085012130
245.1655837992
244.0226663854
242.9687902120
241.9189009598
241.1971416517
240.7120662377
240.1099778504
239.0534437296
237.9969096087
236.7990612805
235.5719755300
234.3779559118
233.2239637169
232.0920788946
231.2282459656
230.3644130366
229.4943782301
228.6216854762
227.6371057905
226.4188798650
225.2006539395
223.8795802131
222.5528214323
221.2893471153
220.0733361460
218.8759202616
217.7551524101
216.6343845586
215.5716696551
214.5217804029
213.4660056956
212.4028267060
211.3265056429
210.0661955490
208.8058854551
208.4157894737
208.4157894737
207.9918468516
206.6429385086
205.2940301656
203.8869423057
202.4760151883
201.1833245438
199.9828182681
198.7790212003
197.5607952748
196.3425693492
195.0848961080
193.8179411454
192.4770804767
191.0395738846
189.6124459445
188.3565657631
187.1006855817
185.7648665753
184.3915937137
183.0385718806
181.7317477059
180.4249235313
179.1695179833
177.9180677144
176.6727349436
175.4323594558
174.2048623563
173.0375804240
171.8702984917
170.7154203143
169.5636430756
168.4287627887
167.3168547622
166.2073726400
165.1464086067
164.0854445734
163.0274549098
161.9709207889
160.9255036389
159.9066237739
158.8877439089
157.8729353444
156.8584853918
155.8596667018
154.8740111803
153.8957388461
152.9543824491
152.0130260521
151.0664170446
150.1184157789
149.1841788841
148.2694019618
147.3567345217
146.4973315051
145.6379284886
144.8958126780
144.2136061597
143.5225398165
142.8093239110
142.0961080055
141.4755616496
140.8642337306
140.2351861618
139.5906338994
138.9603522835
138.4066132265
137.8528741694
137.2368632001
136.6033857188
136.0048729037
135.4577787153
134.9099251134
134.3362514503
133.7625777872
133.2654888725
132.8092078895
132.3339626622
131.8090180361
131.2840734100
130.7391941778
130.1920999895
129.6902541926
129.2295432971
128.7681784622
128.3030376543
127.8378968463
127.4018036072
126.9743170552
126.5328235418
126.0698976901
125.6071827866
125.1553317161
124.7034806455
124.2587490771
123.8179727877
123.3949161481
123.0205885455
122.6462609429
122.2581267799
121.8682944837
121.4704883451
121.0651513553
120.6644024892
120.2922898428
119.9201771965
119.5581900643
119.1993671554
118.8277291425
118.4356818901
118.0440987238
117.7007805084
117.3574622930
117.1305769434
116.9711000949
116.7859930387
116.5268431600
116.2676932813
115.6904862356
115.0702984917
114.4903596667
113.9499103470
113.4057588862
112.8365151355
112.2672713849
111.8213479591
111.4160109693
111.1231621137
111.0168442147
110.9105263158
