73.2720000000
73.2720000000
73.2720000000
73.2720000000
74.0951663327
74.7321122244
75.1513346693
75.5062284569
75.7879839679
75.9869819639
76.2341082164
76.4787735471
76.7175711423
76.9164809619
77.1242885772
77.3471663327
77.5234388778
77.6981162325
77.8758877756
78.0584849699
78.2436953908
78.4320801603
78.6086012024
78.7714068136
78.9146853707
79.0952865731
79.2120000000
79.2120000000
79.3633106212
79.5299158317
79.6811543086
79.8278877756
79.9774428858
80.1339879760
80.2617715431
80.4097955912
80.6114468938
80.7414108216
80.8678877756
81.0217795591
81.1586132265
81.3101322645
81.5064769539
81.5166172345
81.7086653307
82.4940440882
83.3307254509
84.2134749499
85.1819318637
87.0417154309
89.3665571142
92.2321282565
95.2199599198
98.3019318637
101.5522324649
104.8971943888
108.2745811623
111.6416272545
115.2035270541
118.8024368737
122.2411222445
125.7668376754
129.3085130261
132.7578116232
136.1926172345
139.6281282565
143.0986533066
146.6311823647
150.1954228457
153.7641202405
157.3587895792
160.8768657315
163.8618356713
166.7503967936
169.5672384770
172.2709579158
174.9878877756
177.7311102204
180.6152545090
183.6379639279
186.7762164329
190.1485691383
193.4250821643
196.6037114228
199.4374428858
201.9037194389
204.0613867735
205.6931703407
207.0491222445
208.1998557114
209.5212024048
211.0587334669
212.7708376754
214.3707815631
215.2737795591
215.6006973948
217.4500521042
219.1335470942
220.6638717435
222.4150541082
224.1103486974
225.7500921844
227.2843446894
228.7663326653
230.1938116232
231.6420681363
232.9969859719
234.2466933868
235.7623406814
237.1463727455
238.3615871743
238.9928496994
239.3607695391
239.4350621242
239.6381563126
239.7600000000
239.7600000000
240.0378036072
240.3228376754
240.5828617234
240.8548697395
241.1943166333
241.6347655311
242.2119038076
242.7931142285
243.3529619238
244.0518076152
244.7145971944
245.2797515030
245.6058677355
245.8840561122
246.1467334669
246.4697955912
246.8050020040
247.1419719439
247.3998717435
247.5979879760
247.7041202405
247.9806012024
248.3003927856
248.6294028056
248.9266693387
249.2158797595
249.5050901804
249.7507014028
249.9922164329
250.2548937876
250.5196072144
250.7346132265
250.8062525050
250.9597274549
251.1401523046
251.3205771543
251.4266773547
251.5403927856
251.7685771543
252.0925531062
252.4528336673
252.8110300601
253.1598476954
253.4984288577
253.8115190381
254.0566893788
254.2632945892
254.4331062124
254.6280561122
254.8269338677
254.9861322645
255.1295310621
255.2848817635
255.5502124248
255.8018196393
256.0481362725
256.3081603206
256.5128977956
256.6847054108
256.8518637275
257.0059398798
257.1538917836
257.3183967936
257.4988537074
257.6884008016
257.8635190381
258.0619639279
258.2681282565
258.3716072144
258.4796312625
258.5954468938
258.7758717435
258.9194228457
259.0251783567
258.9668056112
258.8696913828
258.7313026052
258.3492264529
258.0731543086
257.8984048096
258.0310701403
258.2233426854
258.4729458918
258.7860360721
259.0951823647
259.4003126253
259.5796232465
259.7522965932
259.9194549098
260.0220841683
260.1130340681
260.1926332665
260.2620681363
260.3394148297
260.4269739479
260.4995270541
260.5884809619
260.6999198397
260.8015150301
260.8934268537
260.9730260521
261.0768336673
261.1765210421
261.2667334669
261.3164729459
261.3615791583
261.4066853707
261.4822204409
261.5498917836
261.5976513026
261.6477114228
261.7009859719
261.7593587174
261.8222525050
261.8822765531
261.9353426854
261.9906292585
262.0489699399
262.1126492986
262.1436232465
262.1900120240
262.2855310621
262.3275430862
262.3543486974
262.3755751503
262.4346052104
262.5005771543
262.5589498998
262.6049619238
262.6488416834
262.6966012024
262.7524408818
262.8007134269
262.8192865731
262.8517194389
262.8800000000
262.8800000000
262.9187975952
262.9647454910
262.9859719439
263.0280961924
263.0785090180
263.1289218437
263.1737555110
263.2126172345
263.2364969940
263.2676553106
263.3040400802
263.3491462926
263.3337474950
263.3016272545
263.3361202405
263.3671342685
263.3963206413
263.4255070140
263.4733867735
263.5299959920
263.5751022044
263.5969779559
263.6096272545
263.6573867735
263.7051462926
263.7490901804
263.7597034068
263.7845290581
263.8173947896
263.8333146293
263.8353827655
263.8299238477
263.8564569138
263.8665010020
263.8653707415
263.8892505010
263.9204248497
263.9584689379
264.0168416834
264.0326492986
264.0129378758
264.0474308617
264.0819238477
264.1161923848
264.1321122244
264.1359839679
264.1280240481
264.1623887776
264.1851943888
264.1958076152
264.2168416834
264.2380681363
264.2592945892
264.2753907816
264.2986212425
264.3304609218
264.3496753507
264.3706052104
264.3944849699
264.3810901804
264.3731382766
264.3757915832
264.3882244489
264.3992945892
264.4072545090
264.4200240481
264.4533947896
264.5170741483
264.5405531062
264.5458917836
264.5299719439
264.5349739479
264.5488016032
264.5726813627
264.5691462926
264.5527454910
264.5209058116
264.0962805611
263.4573627255
262.5393186373
261.6345010020
260.7658276553
259.9671823647
258.5170741483
256.9361362725
255.3919118236
253.9985090180
252.6473346693
251.3074148297
249.9841683367
248.6492505010
247.2721843687
245.9278236473
244.5897234469
243.2418436874
241.9260280561
240.6192865731
239.3085531062
237.9546132265
236.6095791583
235.3439519038
234.0513907816
232.7399599198
231.3973867735
230.0793026052
228.7755190381
227.4886653307
226.1299078156
224.9393667335
224.6156633267
223.8771302605
222.8814829659
221.5893226453
220.3112705411
219.0311663327
217.7018597194
216.3673827655
215.0719358717
214.0291863727
213.1009058116
212.2271342685
211.2745971944
210.3647855711
209.4729298597
208.5150861723
207.5812905812
206.6640160321
205.7539318637
204.8797995992
204.0225170341
203.0726332665
202.1684408818
201.2951583166
200.3797675351
199.5058997996
198.6611222445
197.7483847695
196.8673907816
196.0120641283
195.1311663327
194.2558797595
193.3850340681
192.4882164329
191.6200160321
190.7787735471
189.9137955912
189.0673346693
188.2395030060
187.4116713427
186.6056432866
185.8229178357
184.9806412826
184.1580120240
183.3593667335
182.5938597194
181.8140761523
181.0154308617
180.2644569138
179.4825170341
178.6573386774
177.8543807615
177.0699158317
176.3084168337
175.5614909820
174.8299799599
174.1188937876
173.3839198397
172.6744368737
172.0084569138
171.2438316633
170.5014829659
169.8169298597
169.1069819639
168.3893947896
167.6650420842
166.9837915832
166.3006332665
165.6001603206
164.9108296593
164.2456673347
163.6247935872
162.9710941884
162.3129458918
161.6602324649
161.0096673347
160.3716312625
159.7613707415
159.1553266533
158.5465651303
157.9283446894
157.2894428858
156.6583967936
156.0640561122
155.4676873747
154.8672865731
154.2570260521
153.6944769539
153.1363527054
152.5420120240
151.9788376754
151.4257474950
150.8685531062
150.3228056112
149.7736753507
149.1952545090
148.6485851703
148.1147494990
147.5787815631
147.0336753507
146.4892505010
145.9665490982
145.4420601202
144.9246412826
144.4470460922
143.9607134269
143.4690501002
142.9728817635
142.4886653307
142.0074629259
141.5033346693
141.0192144289
140.5510941884
140.1132985972
139.6641122244
139.2049378758
138.7220360721
138.2613547094
137.8158396794
137.3727374749
136.9126172345
136.4447374749
136.0308216433
135.5852585170
135.1180280561
134.6881923848
134.2422204409
133.7872865731
133.4184769539
133.0425330661
132.6613386774
132.3084488978
131.9278236473
131.5221082164
131.1320721443
130.7985971944
130.5200000000
