75.0040000000
75.0040000000
74.9839679359
74.9399519038
76.0790060120
77.0472064128
77.5158476954
77.8931462926
78.2119278557
78.4294188377
78.6469098196
78.8759438878
79.1555751503
79.3572184369
79.5228617234
79.7610661323
79.9764408818
80.1731382766
80.3569699399
80.5228857715
80.6678797595
80.8294829659
81.0022204409
81.1912304609
81.3459959920
81.5023326653
81.6809859719
81.7146452906
81.7258436874
81.8604809619
82.0403527054
82.2374909820
82.3695390782
82.5160160321
82.6741482966
82.8476232465
83.0017314629
83.1337795591
83.2514949900
83.3914789579
83.5701322645
83.6991903808
83.8190380762
83.9407294589
83.9796953908
84.1444729459
84.9341723447
85.7458597194
86.5964328657
87.6709418838
89.4778276553
91.8611943888
94.7248256513
97.7380841683
100.9175951904
104.2173466934
107.5640881764
110.9714468938
114.4743887776
117.9781563126
121.4398877756
125.0471102204
128.6892745491
132.2778757515
135.8391583166
139.3869258517
142.9392785571
146.4813066132
150.0168176353
153.6028296593
156.8682805611
159.7862845691
162.7236553106
165.5118797595
168.0648096192
170.5323927856
173.0131142285
175.5608657315
178.2963847695
181.1063246493
183.9673667335
186.9662845691
190.0513426854
193.2593346693
196.3182284569
199.2511903808
201.6798396794
203.7649138277
205.4867174349
206.7016513026
207.8325771543
208.8837835671
210.1951102204
211.5193026052
212.7698757515
214.4108937876
216.0938837675
217.4868617234
218.2101402806
218.7725851703
220.4788537074
222.0374348697
223.4876553106
224.8780440882
226.2416673347
227.5776833667
228.8842645291
230.1704529058
231.4287935872
232.3363046092
233.0754468938
233.5725691383
234.7237354709
236.0911663327
237.5229819639
238.8231342685
240.0690340681
241.3688016032
242.6076472946
243.7840961924
244.5246012024
244.9927935872
245.1869819639
245.2898196393
245.3808016032
245.4610661323
245.6598637275
245.9409298597
246.3577875752
247.0451863727
247.7789579158
248.4029498998
248.9631663327
249.4185571142
249.4082004008
249.5548296593
249.8237034068
250.3829659319
251.0114789579
251.7079679359
252.1485050100
252.4343727455
252.5172264529
252.5325050100
252.5957595190
252.7795911824
253.1492665331
253.6377074148
254.3419639279
254.8048977956
255.1113907816
255.1346933868
255.1315591182
255.1221002004
255.3033426854
255.4475511022
255.5562965932
256.0351903808
256.4715350701
256.8314308617
257.1504929860
257.3274068136
257.2290180361
257.1632064128
257.1693947896
257.3739398798
257.6885050100
258.0545250501
258.4403126253
258.7129779559
258.9040080160
258.9687374749
259.0816593186
259.2395991984
259.4252264529
259.5784609218
259.6872064128
259.7913827655
259.9194148297
260.0954789579
259.9739879760
259.7829579158
259.6172505010
259.3696593186
259.0821242485
258.7662444890
258.5249619238
258.3471743487
258.3937795591
258.5555350701
258.8222204409
259.0990380762
259.3222124248
259.4749739479
259.7657715431
259.9955831663
260.0758476954
260.2202244489
260.3833827655
260.5542685371
260.6498917836
260.7311903808
260.8968977956
261.0032865731
261.0716553106
261.1208496994
261.1933466934
261.2865571142
261.3211382766
261.4162645291
261.5897394790
261.5917835671
261.6560881764
261.8735791583
261.8034549098
261.7356873747
261.8729138277
261.9064448898
261.9193987976
262.0333226453
262.1326733467
262.2235030060
262.3167134269
262.4029899800
262.4832545090
262.4942605210
262.4226613226
262.2491863727
262.3043126253
262.3458597194
262.3173787575
262.5325210421
262.7430300601
262.7844569138
262.8426933868
262.8905170341
262.8594468938
262.9542925852
263.1133867735
263.1755270541
263.2082084168
263.2159759519
263.0843607214
263.0377474950
263.0947094188
263.1258356713
263.1533787575
263.1792705411
263.2030460922
263.2171783567
263.2068216433
263.2529779559
263.3198236473
263.3845531062
263.4410260521
263.4942525050
263.5615711423
263.5962565130
263.6040961924
263.6351663327
263.6448817635
263.6293466934
263.6587414830
263.6943086172
263.7331462926
263.7101482966
263.6457635271
263.5085370741
263.5118957916
263.5692024048
263.6391102204
263.7106853707
263.7834388778
263.8585250501
263.9422204409
264.0316633267
263.9954148297
263.8954388778
263.7219639279
263.6984769539
263.7113987976
263.7631823647
263.8643767535
263.9749739479
264.0837194389
264.1005050100
264.0804248497
264.0415871743
264.0077995992
263.9870861723
264.0544048096
264.1086653307
264.1533226453
264.2387655311
264.3071503006
264.3563446894
264.3671903808
264.3779158317
264.3934509018
264.2618116232
264.1276553106
264.0577474950
264.0457955912
264.0707575150
264.1639679359
264.1892024048
264.1834629259
264.2145330661
264.2808096192
264.3733466934
264.4354869739
264.4852825651
264.5215310621
264.5360641283
264.5109338677
264.4254909820
264.3029819639
264.2189258517
264.2422284569
264.2947494990
264.3558156313
264.4127775551
264.3650981964
264.2053306613
263.6046412826
262.8556553106
261.9979959920
261.2082965932
260.3823326653
259.5175470942
257.7978036072
256.1498997996
254.6999599198
253.3774108216
252.0894268537
250.8284969940
249.4693707415
248.1088496994
246.8582765531
245.5782685371
244.2849619238
243.0007294589
241.6970100200
240.3838797595
239.2058036072
237.9859318637
236.7224128257
235.4368897796
234.1614428858
232.9031022044
231.7177715431
230.5160160321
229.2499078156
227.9758797595
226.7011222445
225.4324248497
224.8767054108
224.5627174349
223.5684729459
222.4242404810
221.1726252505
219.8961603206
218.6491943888
217.4322805611
216.2178276553
215.1263647295
214.2149739479
213.4127775551
212.6012745491
211.7313106212
210.8473747495
209.9551903808
209.0489779559
208.1321843687
207.2143166333
206.3210501002
205.4675911824
204.6411623246
203.8048577154
202.9555671343
202.0933707415
201.3228216433
200.4860601202
199.5487775551
198.6945410822
197.8789018036
197.1176833667
196.3303086172
195.5270140281
194.6958877756
193.8078156313
192.9107975952
192.1159198397
191.3473426854
190.5951182365
189.8183647295
189.0140040080
188.1828777555
187.4464849699
186.6444889780
185.7460440882
184.9854909820
184.2483847695
183.5182364729
182.6927695391
181.8767294589
181.1750621242
180.4805771543
179.7904208417
179.1068777555
178.3748777555
177.6113747495
176.8527454910
176.1553266533
175.5157995992
174.8035110220
174.0845050100
173.3595350701
172.7187975952
172.0385490982
171.2566172345
170.5605370741
169.9095150301
169.3269498998
168.6664849699
167.9689779559
167.2517755511
166.5629979960
165.8955991984
165.2741963928
164.6339398798
163.9762885772
163.3514629259
162.7285851703
162.1071823647
161.4720240481
160.8456673347
160.2397995992
159.6215711423
159.0053627255
158.4046733467
157.8204328657
157.2338757515
156.5995270541
156.0194148297
155.4738356713
154.9378757515
154.4073667335
153.8817635271
153.3434549098
152.7969939880
152.2403206413
151.7367454910
151.2108937876
150.6309178357
150.1007695391
149.5889218437
149.0943887776
148.5611382766
148.0239198397
147.5449218437
147.0546452906
146.5569218437
146.0520320641
145.5471422846
145.0422525050
144.5552625251
144.0558877756
143.5406412826
143.0625891784
142.5842004008
142.0974348697
141.5897474950
141.0975310621
140.6625490982
140.2219879760
139.7729539078
139.2939559118
138.8458757515
138.4169378758
137.9974909820
137.5529378758
137.0868857715
136.7057474950
136.3065410822
135.8845050100
135.4624689379
135.0236953908
134.5550541082
134.1475511022
133.7567855711
133.3735871743
132.9810100200
132.5904448898
132.2253707415
131.8225010020
131.3997354709
130.9958236473
130.6977234469
130.4880000000
