242.2680000000
242.2815150301
242.3803767535
242.7745651303
243.1808737475
243.6020921844
243.9914949900
244.3654108216
244.7090260521
245.0385250501
245.2908056112
245.5516392786
245.8286973948
246.0647134269
246.2696913828
246.4853947896
246.7043286573
246.9475991984
247.1957755511
247.4593186373
247.7123607214
247.9533787575
248.2037274549
248.4582605210
248.5912464930
248.7128817635
248.8345170341
248.9970340681
249.2312945892
249.4774589178
249.7319919840
249.9700761523
250.2045771543
250.4455951904
250.6731543086
250.8623647295
251.0613867735
251.2708697395
251.4628056112
251.6475110220
251.8532184369
252.0593907816
252.2598637275
252.4551903808
252.6421482966
252.8222925852
252.9979879760
253.1830220441
253.3686573146
253.5308376754
253.6948937876
253.8638316633
254.0237274549
254.1746452906
254.3386452906
254.5075831663
254.6722404810
254.8347094188
254.9878797595
255.1356633267
255.2753186373
255.4318076152
255.5984929860
255.7232064128
255.8424208417
255.9888336673
256.1299238477
256.2583166333
256.3913907816
256.5287935872
256.6444168337
256.7525370741
256.8802805611
257.0052104208
257.1155831663
257.2306452906
257.3522805611
257.6268617234
257.9872625251
257.8782204409
257.7222204409
257.8370981964
257.9160000000
257.9160000000
257.9583647295
258.0372024048
258.1091783567
258.1790060120
258.2710380762
258.3633907816
258.4557434870
258.5490741483
258.6436793587
258.7234549098
258.7955350701
258.8835190381
258.9741002004
259.0687054108
259.1603286573
259.2459238477
259.3452745491
259.4556472946
259.5660200401
259.6762725451
259.7528577154
259.8335470942
259.9281523046
260.0197034068
260.1075511022
260.1832144289
260.2530420842
260.3330100200
260.4093306613
260.4521282565
260.5067094188
260.5832945892
260.6611703407
260.7400080160
260.8008897796
260.8577795591
260.9411222445
261.0200400802
261.0853627255
261.1559759519
261.2325611222
261.3075831663
261.3819158317
261.4397034068
261.4976192385
261.5651943888
261.6286412826
261.6849539078
261.7452585170
261.8083286573
261.8695631263
261.9301162325
261.9841763527
262.0370501002
262.0866052104
262.1416513026
262.2024689379
262.2600801603
262.3163927856
262.3516232465
262.3882965932
262.4401042084
262.4849859719
262.5187735471
262.5648977956
262.6189579158
262.6542605210
262.6868216433
262.7363767535
262.7827655311
262.8210581162
262.8639038076
262.9112064128
262.9502925852
262.9863326653
263.0352625251
263.0836152305
263.1264128257
263.1673987976
263.2056913828
263.2425731463
263.2786132265
263.3242324649
263.3701883768
263.3994709419
263.4334669339
263.4785170341
263.5188537074
263.5548937876
263.5774669339
263.5954869739
263.6397675351
263.6817314629
263.7110140281
263.7497555110
263.8015631263
263.8258036072
263.8348136273
263.8672945892
263.9020841683
263.9246092184
263.9514148297
263.9874549098
264.0125290581
264.0282965932
264.0475110220
264.0677835671
264.1125691383
264.1547334669
264.1862685371
264.2227334669
264.2655310621
264.2934188377
264.3136913828
264.3459398798
264.3797274549
264.4135150301
264.4360000000
264.4360000000
264.4536192385
264.4851543086
264.5061082164
264.5241122244
264.5398797595
264.5551262525
264.5686412826
264.5872865731
264.6120641283
264.6383727455
264.6654028056
264.6761442886
264.6877515030
264.7170340681
264.7407615230
264.7542765531
264.7768817635
264.8061643287
264.8246252505
264.8405611222
264.8630861723
264.8788777555
264.8743727455
264.8837274549
264.9085050100
264.9348537074
264.9618837675
264.9951422846
265.0259719439
265.0394869739
265.0480000000
265.0480000000
265.0787895792
265.1305971944
265.1565931864
265.1759038076
265.1736513026
265.1792144289
265.2062444890
265.2266372745
265.2401523046
265.2552785571
265.2710460922
265.2550701403
265.1913266533
264.8939959920
264.5599679359
264.1680320641
263.7636873747
263.3514789579
262.3873266533
261.3100921844
260.1545571142
259.0612264529
258.1241843687
257.1963126253
256.2772905812
255.3830380762
254.4978036072
253.5823807615
252.6705170341
251.7807775551
250.8773306613
249.9538036072
249.0473026052
248.1508056112
247.2312224449
246.3101643287
245.4181723447
244.5227735471
243.6195190381
242.7138917836
241.8061322645
240.8763847695
239.9393426854
239.0023006012
238.0675030060
237.1417234469
236.2121282565
235.2773386774
234.3498436874
233.4263166333
232.4988617234
231.5706132265
230.6403286573
229.7078797595
228.7708376754
227.8166252505
226.8480480962
225.9054428858
224.9706533066
224.6620761523
224.3350060120
223.9250501002
223.4236472946
222.8064609218
222.1892745491
221.5720881764
220.9468857715
220.3204328657
219.6919839679
219.0650581162
218.4411142285
217.8159038076
217.1897074148
216.6060280561
216.0332424850
215.4002885772
214.7694509018
214.1455070140
213.5215631263
212.8976192385
212.2921442886
211.6952304609
211.0758316633
210.4571062124
209.8579398798
209.2499559118
208.6260120240
208.0229739479
207.4350701403
206.8526012024
206.2698517034
205.6323927856
205.0000561122
204.3828697395
203.8022044088
203.2616032064
202.6594148297
202.0309659319
201.4212745491
200.8147815631
200.2178677355
199.6234789579
199.0333226453
198.4391262525
197.8422124248
197.2860360721
196.7375310621
196.1653947896
195.5950861723
195.0297074148
194.4643286573
193.8989498998
193.3562404810
192.8223967936
192.2205771543
191.6229418838
191.0665731463
190.5190220441
189.9851783567
189.4374669339
188.8810981964
188.3379719439
187.7972264529
187.2543727455
186.7108697395
186.1657635271
185.6264288577
185.0925851703
184.5604008016
184.0288096192
183.4863967936
182.9497955912
182.4407294589
181.9178356713
181.3749819639
180.8378356713
180.3039919840
179.7875350701
179.2734108216
178.7530821643
178.2410260521
177.7477274549
177.2568176353
176.7680240481
176.2860280561
175.8062444890
175.2845771543
174.7711342685
174.2936032064
173.8151102204
173.3353266533
172.8658116232
172.4017955912
171.9239759519
171.4455390782
170.9792705411
170.5100841683
170.0348056112
169.5669338677
169.1051703407
168.6590621242
168.2175711423
167.7783246493
167.3380921844
166.8943486974
166.4486012024
166.0003527054
165.5566252505
165.1151342685
164.6816913828
164.2500040080
163.8242805611
163.3870140281
162.9275030060
162.4896593186
162.0684408818
161.6525611222
161.2382284569
160.8327775551
160.4203446894
159.9856112224
159.5675511022
159.1688577154
158.7608817635
158.3486733467
157.9385170341
157.5340440882
157.1646332665
156.7790300601
156.3645691383
155.9737715431
155.5998557114
155.2186613226
154.8360240481
154.4621082164
154.0870380762
153.7086172345
153.3507575150
153.0151342685
152.6398316633
152.2478957916
151.8747895792
151.5051943888
151.1470460922
150.7846492986
150.4152384770
150.0498917836
149.6872384770
149.3338837675
148.9822685371
148.6263727455
148.2741803607
147.9317995992
147.5905410822
147.2504128257
146.9167935872
146.5856753507
146.2417635271
145.9013627255
145.5815070140
145.2545330661
144.9166573146
144.5815711423
144.2482004008
143.9300280561
143.6133066132
143.2776833667
142.9512625251
142.6471743487
142.3454108216
142.0458276553
141.7095631263
141.3604248497
141.0721122244
140.7817955912
140.4732024048
140.1646092184
139.8560160321
139.5488577154
139.2425170341
138.9672144289
138.6936432866
138.3850501002
138.0841282565
137.8003126253
137.5092825651
137.2119519038
136.9265731463
136.6450100200
136.3523847695
136.0609539078
135.7748857715
135.4791182365
135.1705250501
134.8781563126
134.5943406814
134.3263647295
134.0598717435
133.7873186373
133.5140280561
133.2392224449
132.9905090180
132.7630060120
132.5687054108
132.3840000000
