81.8615384615
81.8628333590
81.8692307692
83.2094496686
85.1083705873
86.0073839988
88.6552797903
91.5049791891
94.3276553106
97.1985355326
100.0323878526
102.8298443040
105.7020965007
108.5107445661
111.3351934639
114.2106983197
117.0416679513
119.8925235086
122.7676892246
125.6853090797
128.5601664868
131.4555572684
134.3747494990
137.2957299214
140.2322028673
143.1954061970
146.1765531062
148.5882534299
150.1187760136
151.4916139972
152.8247109604
153.9156004316
154.9160937259
155.8765839371
156.7941421304
157.7219515955
158.6054724834
159.4311392015
159.9488361338
160.1752273778
160.4841375058
160.7897024819
161.0841991676
161.4469862803
161.7744566055
162.1075381532
162.4441498381
162.7685679050
163.1357330045
163.4399568368
163.7404193001
164.0280869431
164.3490211192
164.6990288269
164.9074456606
165.2790195776
165.5666101434
165.8175736088
166.0743795283
166.4031601665
166.6446739633
166.9448743641
167.1637737012
167.4224603052
167.6767689225
167.9191459843
168.0947279174
168.3006012024
168.5440419300
168.7455372283
168.9463234161
169.1823184831
169.3147988284
169.4785725297
169.6856790504
169.8846616310
170.0637274549
170.2180977339
170.3882688454
170.5498381378
170.6810544165
170.8215353784
170.9928626484
171.1427007862
171.2886542315
171.4433019886
171.5560968090
171.6469092030
171.7457684600
171.9126098351
172.0119623863
172.1549406505
172.2642824110
172.3933867735
172.4891475258
172.5381532295
172.6686449823
172.7486819793
172.8188376754
172.9562663789
173.0756744258
173.1156312625
173.2397718514
173.2748111608
173.3697703099
173.4440573455
173.4939879760
173.5856328041
173.6803298906
173.7307692308
173.7586095267
173.8109757977
173.9018806844
173.9401572376
174.0227069524
174.0841991676
174.1506243256
174.2096809003
174.2839216895
174.3248034531
174.3907969786
174.4518267304
174.4987205180
174.5307692308
174.5442114999
174.6086634808
174.6372437182
174.6761060583
174.7336673347
174.7945583475
174.8756744258
174.8777246801
174.8973947896
174.9303375983
174.9838446123
175.0132726992
175.0635116387
175.0942192076
175.1195313704
175.1291660244
175.1746261754
175.1959303222
175.2486665639
175.3142747033
175.2944504393
175.3052258363
175.3461538462
175.3461538462
175.3461538462
175.3929397256
175.4057807924
175.4295205796
175.4700786188
175.4981193156
175.4715739171
175.4923076923
175.5103437645
175.5813318946
175.6122861107
175.5977185140
175.5923076923
175.6430090951
175.6320332974
175.6735470942
175.6598890088
175.6956065978
175.6786496069
175.7409742562
175.7086326499
175.7342222907
175.7479574534
175.7357175890
175.8114845075
175.7806844458
175.7987513489
175.8086943117
175.8365037768
175.8124094343
175.8521812856
175.8442423308
175.7770155696
175.8846153846
175.8846153846
175.9156004316
175.9006012024
175.9153846154
175.9106058270
175.9368429166
175.9520271312
175.9384615385
175.9460305226
175.9680591953
175.9516725759
175.9382919686
175.9663789117
176.0531370433
176.0080622784
176.0282719285
176.0153846154
176.0268999538
176.0230615076
176.0153846154
176.0383073840
176.0079543703
176.0251888392
176.0159395715
176.0201017419
176.0402188993
176.1221057500
176.0566517651
176.0719284723
176.0769230769
176.0610605827
176.9622167412
179.7401880684
182.7871743487
185.6685062433
188.5221982426
191.3231385849
194.0286110683
196.8337752428
199.5811006629
202.3609989209
205.1345922614
207.9371974719
210.7614305534
213.6560351472
216.5629875135
219.4654539849
222.4211654077
225.4455988901
228.4876213966
231.4945275166
234.5356250963
237.6303530137
240.7512255280
243.8662247572
246.9635116387
250.1101279482
253.2555572684
256.4421458301
259.6266070603
262.8596423616
266.0930168028
269.3378140897
272.6057653769
275.8982426391
279.1475412363
282.4044858949
285.6726684138
288.9332357022
292.3629566826
295.6892862648
298.9968090026
302.3601973177
305.6325574225
309.1108833051
312.5082472638
315.9451210113
319.3745490982
322.8405272083
326.2016032064
329.6608601819
333.1092492678
336.0187297672
337.4659781101
338.0657314629
338.6482041005
339.2529366425
339.9078310467
340.6544011099
341.3400339140
342.0082164329
342.6381378141
343.2871126869
343.8757515030
344.4416987822
345.0348543240
345.5850624326
346.0781563126
346.5747186681
347.0264066595
347.4521504548
347.8001079081
348.2168336673
348.5926005858
348.9564513643
349.3082164329
349.6497456451
349.9213658085
350.2278248805
350.5044550640
350.7888392169
351.0129181440
351.2334361030
351.4622938184
351.7053183290
351.9223369817
352.1369816556
352.2614305534
352.4655773085
352.6542161246
352.8030985047
353.0234931401
353.1164482812
353.2834900570
353.4317866502
353.5500847850
353.6628641899
353.7936642516
353.8769230769
353.9040542624
354.0139663943
354.1540773855
354.2450901804
354.2720363805
354.4068290427
354.5391398181
354.5783567134
354.6753198705
354.7076923077
354.8024973023
354.8802373979
354.9345460151
354.9829813473
355.0731771235
355.1135039309
355.1346693387
355.2170340681
355.2407430245
355.2861877601
355.3387390165
355.4084784955
355.4166795129
355.4626329582
355.5552181286
355.5735470942
355.6049791891
355.5808540157
355.6307692308
355.6307692308
355.6493602590
355.6988900879
355.7381378141
355.7671034376
355.8065207338
355.7941883768
355.8190534916
355.8506243256
355.8538461538
355.8962078002
355.8789116695
355.8980422383
355.9118236473
355.9339139818
355.9073994142
355.9785108679
355.9732233698
355.9547402497
356.0066594728
356.0153846154
356.0331432095
356.0096038230
356.0643286573
356.0420841683
356.0889008787
356.0564051179
356.1044242331
356.1084939109
356.0506243256
356.0846153846
356.0985509480
356.1249421921
356.1429166024
356.1314166795
356.1471250193
356.1583782951
356.1727917373
356.1574996146
356.1707568984
356.1620317558
356.1604902112
356.1561893017
356.1724525975
356.1698165562
356.1615384615
356.1540157238
356.1363958687
356.1692307692
356.1878063820
356.2026822877
356.1621704948
356.1538461538
356.1302913519
356.1592415600
356.1308771389
356.1281640203
356.1243872360
356.1537844921
356.1115307538
356.1384923694
356.1461075998
356.1384615385
356.1513796824
356.1537844921
356.1447972869
356.1384615385
356.1305688300
356.1650069370
356.1519346385
356.1311854478
356.1524125173
356.1434253122
356.1585786959
356.1503314321
356.1120086326
353.2806227840
350.8584553723
347.8359334053
344.1842762448
340.6645907199
336.3919839679
333.3515954987
328.3036842917
325.0830430091
321.0097733929
320.2235393865
315.8457992909
312.8853399106
307.8253275782
303.9911361184
298.9794666256
293.7144442732
290.4902728534
285.7263141668
280.3214428858
274.9477570526
270.8097271466
266.7947279174
261.8324186835
256.7528287344
251.4557268383
246.1972252197
241.0606135348
236.0267457993
230.9758594111
225.9308771389
220.9556805920
215.8248342840
210.6885463234
205.5934330199
200.5594573763
195.7756281794
190.2915060891
185.5356405118
180.7118698936
176.1498227224
171.8689687066
167.7192230615
163.7542932018
159.9953907816
156.4068598736
152.8647140435
149.4734237706
146.5168336673
144.2751965469
142.2085864036
140.1403884692
138.1542777863
136.2940033914
134.5081701865
132.7933096963
131.1736241714
129.5888854632
128.0920918761
126.6493294281
125.2656235548
123.9737474950
122.6885771543
121.4277632187
120.2923539386
119.1899799599
118.1227686142
117.0778942500
116.0519654694
115.1079081239
114.1627408663
113.2463388315
112.3973331278
111.6030985047
110.7959457376
109.9905811623
109.2509634654
108.5673192539
107.8852011716
107.3379528287
106.6700477879
104.9345768460
103.1791583166
102.6923076923
