80.9692307692
80.9692307692
80.9692307692
81.8421766610
83.3309696316
84.8031139201
87.7207491907
90.6984584554
93.6108833051
96.5278557114
99.3972098042
102.2456913828
105.1547864961
108.0389856636
110.8420687529
113.7264374904
116.6602127332
119.5788962540
122.4614459689
125.3703098505
128.2559580700
131.1194542932
134.0939879760
137.0403576384
139.9769384924
142.9198396794
145.8923693541
148.3470325266
149.5743949437
151.0242947433
152.3800524125
153.6166795129
154.6710806228
155.7274857407
156.7123786034
157.6799290889
158.6123631879
159.4742716202
160.2742253738
161.1489902883
161.7849236935
161.9869893633
162.2852628334
162.5754431941
162.8757206721
163.2240326807
163.5160937259
163.8060582704
164.0930013874
164.3395560351
164.6398335132
164.9539848929
165.2248651148
165.5140126407
165.8168799137
166.0994604594
166.3624017265
166.5840450131
166.8311546169
167.1103129336
167.3688762140
167.5803607214
167.8098813011
168.0322491136
168.2777246801
168.5052874981
168.7123015261
168.9184985355
169.1238631108
169.3010790812
169.4684291660
169.6597502698
169.8237706182
170.0174657006
170.2136580854
170.3715276707
170.5430399260
170.6890550331
170.8343301989
170.9890704486
171.1391552335
171.2636503777
171.4118082318
171.5583320487
171.7357792508
171.7912748574
171.8938492369
172.0506397410
172.1502543549
172.2386927702
172.3760443965
172.4864960691
172.6047325420
172.7082626792
172.7953907816
172.9026668722
173.0310929551
173.0946045938
173.1657622938
173.2369199938
173.3177894250
173.4006782796
173.5025127177
173.5900107908
173.6542469554
173.7285802374
173.8086326499
173.8552027131
173.8818868506
173.9499614614
174.0416679513
174.0554493603
174.1504855866
174.2152304609
174.2622938184
174.2542161246
174.3645907199
174.4245722214
174.5230769231
174.5277015570
174.5599044242
174.6114074302
174.6565438569
174.7010174195
174.7454909820
174.8024048096
174.8468167103
174.8866039772
174.9462155079
174.9614305534
175.0073994142
175.0560968090
175.0874364113
175.0906890704
175.0995837830
175.2076923077
175.2176352705
175.2461538462
175.2373670418
175.2867273008
175.3348851549
175.3550793895
175.3936796670
175.4253429937
175.4271311854
175.4435794666
175.4777555110
175.5222290735
175.5318020657
175.5496377370
175.5906736550
175.6030522584
175.6233698166
175.6378140897
175.6395714506
175.6661476800
175.7017727763
175.7131185448
175.7414983814
175.7724217666
175.7616155388
175.7756281794
175.8076923077
175.8150608910
175.8084168337
175.8060891013
175.8660243564
175.8793278865
175.9000000000
175.8711422846
175.8924926777
175.9160166487
175.9349468167
175.9157083398
175.9307075690
175.9533528596
175.9581162325
175.9717897333
175.9438877756
175.9836904578
175.9979034993
175.9936180052
176.0222907353
176.0214583012
176.0563897025
176.0833513180
176.0461538462
176.0567905041
176.0952828734
176.0832896562
176.1015107137
176.1219670109
176.0695082473
176.0961923848
176.1078927085
176.1071065207
176.1181748112
176.1642207492
176.1111607831
176.1211037460
176.1732696162
176.1652844150
176.1650069370
176.1789887467
176.1222907353
176.1769230769
176.1722984430
176.1483582550
176.1542469554
176.1692307692
176.1374749499
176.1685370741
178.6615692924
181.4663480808
184.3664714043
187.1834129798
189.9731617080
192.7537690766
195.5697240635
198.3858177894
201.2621088331
204.1271003546
207.0552181286
209.8573917065
212.8431940805
215.7826576229
218.7778634191
221.7405888700
224.7537999075
227.7440573455
230.7807923539
233.8886542315
236.9981963928
240.0354401110
243.1843379066
246.3424233082
249.4527979035
252.6293047634
255.7113303530
258.9539078156
262.1915060891
265.4105287498
268.5590719901
271.7479112070
275.0577000154
278.2848928626
281.5499922923
284.7234931401
287.8986588562
291.2336827501
294.6642669955
297.8098813011
301.1642978264
304.5556651765
307.8435948821
311.2317866502
314.5629875135
317.9711577000
321.3012486511
324.7036072144
328.0508555573
331.5066132265
334.9697703099
337.9474641591
339.3086634808
339.7638199476
340.2709572992
340.9032680746
341.5271774318
342.1870664406
342.7913673501
343.3461846770
343.9325111762
344.5625712964
345.0320332974
345.5852936643
346.0063511639
346.4932634500
346.9525820873
347.3701248651
347.7202404810
348.1825805457
348.5092800987
348.8778017574
349.2595961153
349.5582395560
349.8265916448
350.1375674426
350.4334052721
350.6198396794
350.8892091876
351.1129798058
351.3215045476
351.5814398027
351.7851857561
351.9558039155
352.1848312009
352.3672730076
352.5491752736
352.6583628796
352.8496223216
353.0161708031
353.1959765685
353.3027131185
353.4094496686
353.5473562510
353.7138584862
353.8752582087
353.9166486820
354.0408201017
354.0964852782
354.1489132110
354.2201325728
354.3091105287
354.3421458301
354.4930784646
354.6026360413
354.6665638970
354.6986896871
354.8139972252
354.9152304609
354.9226144597
355.0153383690
355.0728225682
355.1193618005
355.1569600740
355.1836442115
355.3760443965
355.3588253430
355.3307692308
355.3890858640
355.4648990288
355.4631416680
355.5607368583
355.5637891167
355.6335748420
355.6424695545
355.7034684754
355.6858794512
355.7378449206
355.7919377216
355.7256050563
355.8199167566
355.8852011716
355.8643903191
355.8966702636
355.8974102050
355.8895791583
355.9568984122
355.9828117774
355.9836287961
355.9902420225
356.0312779405
356.0483582550
356.0230769231
356.0381840604
356.0737629104
356.0475258209
356.1049175274
356.0910590412
356.0482349314
356.1252813319
356.1699707107
356.1694928318
356.2167874210
356.1748419917
356.1497918915
356.1782025590
356.1820101742
356.1867889625
356.1704948358
356.2302759365
356.2427316171
356.2277632187
356.2207337752
356.2237397873
356.2682133498
356.2697703099
356.3111453677
356.2032680746
356.2523354401
356.2256513026
356.2591644828
356.2301988593
356.2238168645
356.2538461538
356.2564359488
356.2615384615
356.2165870202
356.1799136735
356.2361183906
356.2393710498
356.2419300139
356.2208262679
356.2122090335
356.1982272237
356.2546015107
356.1953291198
356.2396176969
356.2210574996
356.2671188531
356.3104825035
356.2831663327
356.2004624634
356.2334823493
356.2522121165
356.1793433020
356.2190534916
356.2725296747
356.2057653769
356.1979651611
356.1863264992
356.2277169724
356.2075843996
356.2153383690
356.2374595345
356.1263912440
354.4308617234
350.9383844612
347.9588870048
344.2917835671
341.0141359642
336.2342531216
333.7307846462
328.9187143518
325.6973177123
321.8334052721
320.6915831663
316.8110528750
313.8217511947
308.6592878064
304.3157700015
299.9550639741
294.6688299676
291.4139509789
286.7251117620
281.2182981347
276.4410975798
272.7319870510
268.0577925081
262.8531524588
257.5283027594
252.4950053954
247.1977185140
242.2247726222
237.3890858640
232.6490981964
227.5665022352
222.7326961616
217.4395714506
212.3383690458
207.4359796516
202.3420687529
196.8735316787
191.8820718360
186.7434098967
181.8638507785
177.2090334515
172.8423308155
168.5994604594
164.4448127023
160.6780638199
156.8816402035
153.2425312163
149.7774934484
146.4119932172
143.8931092955
141.5963157083
139.3702019423
137.3599969169
135.4000770772
133.5096038230
131.6809927547
129.9490519501
128.4324803453
126.8384923694
125.3321720364
123.8891321104
122.5027901958
121.1936950825
119.8837058733
118.6751657160
117.5346693387
116.4086943117
115.3632804070
114.4026514568
113.4420225066
112.5092492678
111.5909357176
110.7498997996
110.0015877910
109.2214891321
108.4685524896
107.8002312317
107.1004162170
106.6038846925
105.6906736550
103.8059811932
102.4137659935
102.1923076923
