80.2916666667
80.2916666667
80.2916666667
80.6922177689
82.1467267869
82.8973947896
83.6533066132
85.7804609218
88.8361723447
91.7835671343
94.7184368737
97.6176853707
100.4796092184
103.3998830995
106.1937207749
109.1001336005
111.9913493654
114.7914495658
117.6772211089
120.4881763527
123.3958416834
126.2959752839
129.6616065464
132.2417668671
135.0589846359
137.8719939880
140.8118737475
143.7117067468
146.5458750835
149.3594689379
151.1449732799
152.3414161657
153.5554776219
154.8724448898
156.1890781563
157.3090848363
158.1677354709
159.0653974616
159.9341850367
160.8201569806
161.6840347361
162.4848363393
163.1476619906
163.9086840347
164.6409318637
165.3341182365
166.1244989980
166.4352872411
166.6549766199
166.9444889780
167.0734468938
167.3126753507
167.5764696059
167.8233633935
168.0363226453
168.2794422178
168.5068971276
168.7029225117
168.9624749499
169.1380260521
169.3443052772
169.5275050100
169.7490313961
169.9249832999
170.0933700735
170.2956078824
170.4669505678
170.6172511690
170.7728623914
170.9476452906
171.0814128257
171.2194889780
171.3561456246
171.4498329993
171.5940213761
171.7410153641
171.8931529726
172.0212758851
172.1541416166
172.2697060788
172.3763193053
172.4629425518
172.5899966600
172.7137942552
172.7934535738
172.9557949232
173.0683199733
173.1077321309
173.2211255845
173.3229291917
173.4015364061
173.4683366733
173.5762525050
173.6326987308
173.6898964596
173.7754676019
173.8138610554
173.8813293253
173.9609385438
174.0139278557
174.0662324649
174.1349532398
174.1741983968
174.2347194389
174.3067969272
174.3699231797
174.3916666667
174.4642284569
174.5197394790
174.5887274549
174.5849198397
174.6370240481
174.7266867067
174.7523046092
174.8061122244
174.8391115564
174.8887942552
174.9287742151
174.9590514362
174.9796259185
175.0334836339
175.0259686039
175.0442718771
175.1491148965
175.1510855043
175.2074482298
175.2529392118
175.2438376754
175.2206913828
175.2765865063
175.3450567802
175.3583333333
175.3653807615
175.4130594522
175.4499164997
175.4439712759
175.4681195725
175.4814128257
175.5084669339
175.5179859719
175.5376753507
175.5471609886
175.5667000668
175.5895791583
175.6193887776
175.6173847695
175.6083667335
175.6686205745
175.6903306613
175.6813126253
175.6966432866
175.7382765531
175.7414829659
175.7642785571
175.7423346693
175.7617735471
175.7681863727
175.8191549766
175.8250000000
175.7932698731
175.8227621910
175.8469104876
175.8186873747
175.8449398798
175.8618737475
175.8796426186
175.9206245825
175.9356546426
175.9199398798
175.8649966600
175.9147962592
175.9491649967
175.9355377422
175.9446392786
175.9299432198
175.9258851035
175.9268871075
175.9719104876
175.9520708083
175.9451235805
175.9828991316
175.9844021376
175.9912825651
175.9996993988
175.9926519706
176.0100200401
176.0523547094
176.0461756847
176.0175517702
176.0347862391
176.0430527722
176.0391115564
176.0352037408
176.0404809619
176.0338343353
176.0414829659
176.0342017368
176.0432197729
176.0410487642
176.0254342017
176.0380594522
176.0505010020
176.0865731463
176.0603707415
176.0607047428
176.0807281229
176.0447561790
176.0665998664
176.1364896460
177.4377254509
180.6211088844
183.6086840347
186.4572144289
189.3401469606
192.1259686039
194.8494154977
197.5666332665
200.3225450902
203.1290748163
205.9178523714
208.7338677355
211.5809285237
214.4125918504
217.2308116232
220.0848530394
222.9868570474
225.8474448898
228.7422344689
231.6920340681
234.6272044088
237.6238643955
240.6277221109
243.6068136273
246.4991983968
249.5177187709
252.6006513026
255.6322144289
258.6904642619
261.7385604542
264.8344522378
267.8497995992
270.9279559118
274.0481963928
276.9672010688
280.1756179025
283.3618236473
286.4511356045
289.5714261857
292.6603373413
295.8103707415
298.9576653307
302.1437708751
305.2746325985
308.4334502338
311.6240647963
314.8481796927
318.0430193721
321.2595524382
324.4618570474
327.7270541082
330.9973279893
334.1790915164
337.2836339345
339.5645958584
341.2031229125
342.6188209753
343.9268537074
344.6236472946
345.0176853707
345.5099198397
345.8781229125
346.2610554442
346.7032398130
347.0983633935
347.4799933200
347.8898630595
348.2505177021
348.6664662659
349.0402137609
349.3457247829
349.7597862391
350.0213092852
350.2856713427
350.5757515030
350.8641449566
351.0819806279
351.3164495658
351.5751336005
351.8215263861
352.0407648631
352.2434034736
352.4493820975
352.5989311957
352.7231629927
352.9200567802
353.0210921844
353.1977788911
353.3737307949
353.4785404142
353.6087007348
353.7241315965
353.8696726787
354.0183700735
354.0118069472
354.0735303941
354.1570140281
354.2761523046
354.3613894456
354.4736639947
354.5342518370
354.6063961256
354.6739311957
354.8058784235
354.8666666667
354.9066466266
354.9534068136
354.9743987976
355.0538410154
355.1376085504
355.1719271877
355.2087341349
355.2562458250
355.2971275885
355.3513026052
355.3563126253
355.4320641283
355.4339345357
355.5190046760
355.4937541750
355.6064629259
355.5557114228
355.6065464262
355.6449398798
355.6659819639
355.6905978624
355.7504175017
355.7583333333
355.7640781563
355.7795257181
355.7762191049
355.8217935872
355.8096860387
355.8875083500
355.9295591182
355.9433867735
355.9423346693
355.9464094856
355.9296259185
355.9351703407
355.9643954576
355.9707080828
355.9736639947
356.0057281229
356.0169672679
356.0837675351
356.0154308617
356.0916666667
356.0778056112
356.0776553106
356.0959585838
356.0750000000
356.1025551102
356.1414495658
356.1500000000
356.1575651303
356.1418336673
356.1196726787
356.1557615230
356.1436372745
356.1526553106
356.1650133601
356.1629258517
356.1452905812
356.1308784235
356.1918670675
356.1828490314
356.2122411490
356.1678690715
356.2274215097
356.2608216433
356.2231462926
356.2318971276
356.2634435538
356.2270708083
356.2054442218
356.2008350033
356.2214762859
356.1934535738
356.2199899800
356.1688877756
356.2275718103
356.2707080828
356.2041750167
356.2712257849
356.2354542418
356.2136272545
356.2044756179
356.2392952572
356.2407982632
356.2725116900
356.2400467602
356.2333333333
356.2419171677
356.2481295925
356.2430527722
356.2718102872
356.2566132265
356.2686372745
356.2674348697
356.2581162325
356.2531229125
356.3032231129
356.2811790247
356.2205243821
356.2747327989
356.2616065464
356.2946726787
354.9125751503
350.9485804943
348.6327989312
345.3448897796
342.2191382766
339.3185370741
335.3724281897
332.5174515698
328.3200066800
327.3767034068
323.8309118236
320.2934368737
315.4691215765
312.3679191717
307.9041583166
304.6771710087
299.8092351369
296.2878757515
292.1708082832
286.7572311289
282.7468102872
279.6669004676
274.7251670007
269.5861556446
264.6014362057
260.4737140949
256.8346192385
252.3486472946
247.4143119572
242.4131095524
237.6022378090
232.7463927856
227.9297595190
223.0023046092
218.3374582498
213.7770374081
209.2792084168
204.5507682031
199.9563794255
195.0142618570
189.8800267201
184.9899966600
180.5402972612
176.2458583834
172.0100868403
168.2456078824
164.3936706747
160.6222277889
157.1159318637
153.6506012024
150.2809452238
147.0002505010
144.1069138277
141.8208750835
139.7128590514
137.9182698731
136.0358216433
134.1600033400
132.3794088176
130.6319138277
128.9944388778
127.4300100200
125.9416332665
124.5111723447
123.1721609886
121.8391115564
120.4942217769
119.2851703407
118.1553106212
117.0137775551
116.0024048096
114.9110220441
113.9219104876
112.9735136941
111.9891950568
111.0709585838
110.2452070808
109.4468102872
108.8900300601
107.9712591850
105.8837842351
104.2476786907
103.9083333333
