80.8538461538
80.8538461538
80.8579774934
81.6624479729
83.3011715739
84.2732233698
86.9892708494
90.0206104517
92.9865114845
95.8620780022
98.8426237090
101.7729767227
104.6690920302
107.6610759982
110.6529058116
113.5966086018
116.4528133189
119.4303221828
122.3780021582
125.3363187914
128.2766918452
131.2611993217
134.2112841067
137.2851395098
140.2535686758
143.2241251734
146.2869122861
148.3839371050
149.7074302451
151.0992292277
152.4699707107
153.7563280407
154.9759981501
155.8856482195
156.8761831355
157.7956682596
158.7566980114
159.7413596424
160.5877138893
161.3922460305
162.1865731463
162.9573146293
163.7425774626
164.4683366733
165.1593648836
165.5004008016
165.7239556035
165.9722059504
166.2420070911
166.5648373670
166.8327886542
167.1140126407
166.2474179127
167.2212733159
167.5558809928
167.8089101279
168.0579466626
168.3022506552
168.5162632958
168.7240326807
168.8941112995
169.0904578388
169.3010944967
169.5071681825
169.7112070294
169.8944350239
170.0577770926
170.2531370433
170.4267303838
170.5864035764
170.7566825960
170.9384307076
171.0847078773
171.2355942655
171.3767226761
171.5080931093
171.6546940034
171.8259287806
171.9233852320
172.1044088176
172.2339602281
172.3414213041
172.4236935409
172.5001541545
172.6073069215
172.6969631571
172.8028981039
172.8831817481
172.9892554339
173.1026822877
173.1917373208
173.2893941730
173.3859565284
173.4907044859
173.5968552490
173.6521350393
173.7505164175
173.7926776630
173.8247417913
173.9356405118
174.0207337752
174.0908123940
174.1611839063
174.2420533374
174.2316016649
174.2998612610
174.3781717281
174.4387236010
174.4961615539
174.5390935718
174.5674579929
174.6039926006
174.6834438107
174.6511946971
174.6761985509
174.7751040543
174.8453984893
174.8955295206
174.9194697086
175.0058270387
175.0496069061
175.0882996763
175.1347926622
175.1974256205
175.2234777247
175.2274394944
175.2590103283
175.2854169878
175.3157700015
175.3994142130
175.4237706182
175.4289810390
175.4829813473
175.4934021890
175.5151996300
175.5480961924
175.5675504856
175.6058732850
175.6384615385
175.6639741021
175.6953291198
175.7071681825
175.7292431016
175.7107753969
175.7127794050
175.7103437645
175.7446893788
175.7538461538
175.7672575921
175.7619084322
175.8219978418
175.8238322799
175.8555880993
175.8859411130
175.9260521042
175.9447047942
175.9388777555
175.9409280099
175.9659318637
175.9431170032
175.9416525358
175.9472945892
175.9615847079
175.9760443965
175.9309233852
175.9384615385
175.9540003083
175.9890550331
175.9974718668
176.0236472946
175.9863110837
175.9769230769
176.0209033452
176.0052720826
176.0007553569
175.9806536149
176.0097117312
176.0507168183
176.0823030677
176.0607522738
176.0449360259
176.0699398798
176.0538461538
176.0670263604
176.0714968398
176.1015261292
176.0552489595
176.0228765223
176.0827501156
176.0740249730
176.0770926468
176.0895791583
176.0983043009
176.1000000000
176.0611684908
176.0622629875
176.1024356405
176.0868814552
176.0615384615
176.0560043163
176.0604131340
176.0463388315
176.0258979497
176.0481270233
176.0508401418
176.0421149992
176.0688916294
176.0785108679
176.0555110220
176.2073377524
178.8044396485
181.7393710498
184.5936334207
187.3888083860
190.2988130106
193.1292893479
195.9436411284
198.8543240327
201.6614151380
204.5999383382
207.5086943117
210.4662401727
213.3856019732
216.3548019115
219.3648065361
222.3827192847
225.3632958224
228.3818097734
231.4214583012
234.4778325883
237.6440419300
240.6957761677
243.6912286111
246.8737166641
250.0561122244
253.2707877293
256.4655156467
259.5126560814
262.7641128411
265.9455063974
269.1439956837
272.3653614922
275.5378911669
278.7930938801
281.9974718668
285.2868968707
288.5783258825
291.8228148605
295.0759210729
298.3407276091
301.6126560814
304.9348697395
308.2247109604
311.5426699553
314.9050870973
318.1421149992
321.3361338061
324.6996916911
328.2731771235
331.5246030523
334.9036072144
338.1789116695
339.9837521196
341.5741945429
342.6370279020
343.2275936488
343.7223832280
344.2087097271
344.7689070449
345.3170186527
345.8298288885
346.2777863419
346.7475258209
347.1958069986
347.6510559581
348.0582549715
348.3770926468
348.8160012332
349.1472791737
349.4589486666
349.8140897179
350.1194697086
350.3716972406
350.6993987976
350.9141205488
351.1753507014
351.4232002466
351.6594419608
351.8978880839
352.1083860028
352.2615847079
352.4281486049
352.6351780484
352.8340681363
352.9621088331
353.1479266225
353.2859873593
353.3414521350
353.5399414213
353.6750423925
353.7797441036
353.8812548173
354.0025743795
354.1141051333
354.1887775551
354.3098350547
354.4200246647
354.4827963620
354.5362262988
354.5762447973
354.6652227532
354.7582703869
354.8386619393
354.8923076923
354.9071065207
355.0163403731
355.1022044088
355.1370433174
355.1913981810
355.2012948975
355.2668722060
355.2838600277
355.3605827039
355.4162016340
355.4268999538
355.4573917065
355.4947279174
355.5766455989
355.5621550794
355.5903345152
355.6490981964
355.6691228611
355.6943733621
355.7393402189
355.7160012332
355.7076923077
355.7712039464
355.8346847541
355.8147217512
355.8305071682
355.8481270233
355.8917527362
355.9141513797
355.9056112224
355.8822722368
355.9161245568
355.9043779867
355.9597965161
355.9859719439
355.9790812394
355.9692770156
355.9579929089
356.0364421150
356.0338214891
356.0384615385
356.0538153230
356.0246338832
356.0872205950
356.0660860182
356.0230769231
356.0489748728
356.0710189610
356.1036380453
356.1518421458
356.1404038847
356.1233852320
356.1516879914
356.0965623555
356.1013719747
356.1216587020
356.1147988284
356.1125173424
356.1153846154
356.1166486820
356.1340989672
356.1515492524
356.1615384615
356.1615384615
356.1615384615
356.1342222907
356.1538461538
356.1562509635
356.1781717281
356.2065361492
356.1723755203
356.1491290273
356.1411129952
356.1754586095
356.1377215970
356.1449514413
356.2035301372
356.1386311084
356.1171728072
356.1656543857
356.1414829659
356.1535686758
356.1474641591
356.1608755973
356.1465392323
356.1385540311
356.1343301989
356.1036534608
356.0849853553
356.1513026052
356.1307692308
356.1278557114
356.1704331740
356.1655927239
356.1204254663
356.1294743333
356.1003853862
356.1119469709
356.1356713427
356.1357021736
356.1275936488
356.1640665947
356.1637582858
352.8489132110
350.9552952058
347.4799753353
344.2639741021
340.9123015261
336.6580391552
333.9234006474
328.6232927393
326.6449360259
321.7725296747
321.1804532141
317.8304300910
313.8497918915
309.6152458764
305.3013873902
301.5492831817
295.9934638508
291.6556497611
288.3235856328
283.2591798983
278.0870972715
272.9468167103
268.9620934176
265.2452905812
260.1154308617
255.0609064282
249.8634345614
244.7213812240
239.7541236319
234.8400493294
229.9823184831
225.0482965932
220.3644519809
215.3782950516
210.1695699090
205.1269307846
200.2985971944
195.7148142439
190.4148450748
185.5898258055
180.9051641745
176.5113457685
172.2979343302
168.1857098813
164.2644519809
160.4542007091
156.9190072453
153.3889933714
150.0285031602
146.8357484199
144.2313858486
142.1075689841
139.9238322799
137.9664097426
136.0487282257
134.1753969477
132.4171728072
130.7020965007
129.0968860799
127.5788808386
126.1851703407
124.6927701557
123.2685987359
121.9592723909
120.7694003391
119.6452751657
118.4716664097
117.3976722676
116.3440727609
115.2614305534
114.2847078773
113.3544627717
112.4636041313
111.6337135810
110.7795437028
109.9951595499
109.3248188685
108.6389548327
107.9863419146
107.6557730846
105.8951287190
103.8241251734
103.2307692308
