76.8583333333
76.8583333333
76.8665998664
76.8666666667
78.8182030728
79.7891282565
82.6792585170
85.3985470942
88.1771543086
90.9576319305
93.6821142285
96.4602538410
99.2486639947
101.9821476286
104.8072144289
107.5513360053
110.3293086172
113.1641449566
115.9563293253
118.7759018036
121.4445724783
124.3066132265
127.1486973948
129.9872745491
132.8107882432
135.7902304609
138.5103039412
141.2737975952
144.2161322645
147.0245490982
149.8426519706
152.7740981964
154.1369071476
155.5053941216
156.6849532398
157.8375083500
159.0268537074
160.1439712759
161.0430026720
161.8991649967
162.7680527722
163.4933032732
164.1766366065
164.9675851703
165.6642952572
166.3024382098
166.9808116232
167.7102872411
168.3076486306
169.0394622578
169.6114562458
170.2072812291
170.7489144957
171.2586840347
171.8041583166
172.0094522378
172.0850367401
172.2221609886
172.3606713427
172.4616566466
172.5909318637
172.7005511022
172.8377254509
172.9372912492
173.0450734803
173.1674348697
173.2980627923
173.3516199065
173.4128924516
173.4936205745
173.6245824983
173.6785905144
173.7544756179
173.8304943220
173.9262024048
173.9991315965
174.0977955912
174.2139946560
174.2729124916
174.3459752839
174.3976452906
174.4477287909
174.4946392786
174.5639445558
174.6524716099
174.6998162993
174.7574816299
174.7887608550
174.8078490314
174.8595524382
174.8833333333
174.9256847027
174.9920841683
175.0532565130
175.1217434870
175.1654809619
175.1750000000
175.2004676019
175.2369071476
175.2550267201
175.3132598530
175.3648797595
175.3750000000
175.4141449566
175.4611055444
175.5039579158
175.5250000000
175.5440380762
175.5630594522
175.5619739479
175.6002672011
175.6610888444
175.6925183701
175.7000000000
175.7090514362
175.7481128925
175.7750000000
175.8104041416
175.8109218437
175.8094856379
175.8506346025
175.8881262525
175.8870407482
175.8962424850
175.9208082832
175.9083500334
175.8917501670
175.9201569806
175.9989144957
175.9893453574
175.9652638611
176.0118737475
176.0210754843
176.0166666667
176.0012358049
175.9986305945
176.0204575818
176.0062124248
175.9907815631
176.0073814295
176.0422678691
176.0496325985
176.0238476954
176.0475617902
176.0842852371
176.1048430194
176.1069138277
176.1132431530
176.1015531062
176.0983800935
176.0983633935
176.0899131597
176.1162825651
176.1416666667
176.1448563794
176.1405310621
176.1312458250
176.1540247161
176.1719438878
176.1545758183
176.1482798931
176.1809118236
176.1887441550
176.1862224449
176.1973780895
176.2055110220
176.1832665331
176.1582665331
176.1967768871
176.2416666667
176.2204241817
176.1881095524
176.2192551770
176.2224448898
176.2191883768
176.2274883100
176.2357882432
176.2368236473
176.2178356713
176.2117735471
176.2463092852
176.2514696059
176.2220607882
176.2027722111
176.2398964596
176.2561790247
176.2542418170
176.2666666667
176.2707748831
176.2792919172
176.2607047428
176.2494822979
176.2673179693
176.2378924516
176.2194388778
176.2145624582
176.2505845023
176.2074482298
176.2511857047
176.2051603206
176.2500668003
176.2166666667
176.2198396794
176.2333333333
176.2378924516
176.2449565798
176.1891449566
176.2166666667
176.3136940548
177.3153807615
180.4130093520
183.1737307949
185.9487307949
188.6352371409
191.2686873747
193.9684702739
196.6892618570
199.4401135605
202.1191215765
204.9006179025
207.6756012024
210.3529392118
213.0853874415
215.9504175017
218.7030227121
221.5772545090
224.4629425518
227.2561957248
230.1748997996
233.0564295257
235.8598530394
238.6526887108
241.6032565130
244.6028724115
247.5280895124
250.3934368737
253.4170507682
256.3340347361
259.1708416834
262.1390614562
265.0376419506
267.9846860387
270.9480126921
273.9172177689
276.8087174349
279.8363894456
282.7668503674
285.7379759519
288.6852037408
291.7557281229
294.6026052104
297.5737307949
300.5698563794
303.5579158317
306.5377087508
309.6885270541
312.5097361389
315.4446559786
318.4713760855
321.4848196393
324.4497995992
327.5639111556
330.6213593854
333.5496158985
336.5182865731
339.6459752839
342.5576653307
344.1525384102
345.6548263193
347.0265197061
348.2194388778
349.2990313961
350.2863226453
351.2883600534
352.2325317301
352.5195223781
352.7353206413
350.0667501670
352.2873079492
352.8738476954
353.0765698063
353.2456245825
353.4333667335
353.5881930528
353.6729625919
353.8262859051
354.0349699399
354.0879091516
354.2396626587
354.3788911156
354.4628256513
354.5583667335
354.6579659319
354.7713259853
354.7848196393
354.7015698063
354.8867401470
354.9265865063
355.0659819639
355.0131596526
355.1312458250
355.1931195725
355.2592184369
355.3077321309
355.3557448230
355.3990647963
355.4599031396
355.5198897796
355.5397127589
355.5733967936
355.6148964596
355.6501169005
355.7082999332
355.7125751503
355.7701235805
355.7855210421
355.8322311289
355.8439211757
355.8598029392
355.9027388110
355.9166666667
355.9701736807
355.9502839011
355.9568470274
355.9725116900
356.0040581162
356.0224448898
356.0192551770
356.0280895124
356.0730794923
356.0803774215
356.0862224449
356.1195557782
356.1499665999
356.1528223113
356.1280895124
356.1493319973
356.1558450234
356.1715096860
356.2474615898
356.2142952572
356.1855544422
356.2126419506
356.2197895792
356.1959585838
356.2141950568
356.2231128925
356.2217434870
356.2199565798
356.2166666667
356.2315965264
356.2268370073
356.2412157649
356.2973446894
356.2717267869
356.2621910488
356.2737808951
356.2761523046
356.2597862391
356.2556947228
356.2805945224
356.2778390114
356.2849699399
356.2863727455
356.2840180361
356.2692885772
356.2810955244
356.2862892452
356.2579158317
356.2630260521
356.2879258517
356.2914495658
356.3003006012
356.3040414162
356.3000167001
356.3166165665
356.2962424850
356.2992651971
356.3535404142
356.3188877756
356.3020541082
356.3460587842
356.2908650635
356.2372077488
356.2762358049
356.2633600534
356.2188710755
356.2566299265
356.2638777555
356.2206078824
356.2197394790
356.2594522378
356.2357047428
356.2308283233
356.2429859719
356.2437541750
356.2617735471
356.2564462258
356.2484134937
356.2583333333
356.2781730127
356.2985136941
356.2736138945
356.2487140949
356.2523714095
356.2864729459
356.2668169673
356.2526553106
356.2848029392
356.2583333333
356.2731963928
356.2853039412
356.2786740147
356.3080494322
356.2661155645
356.2391115564
356.2916499666
356.2973780895
355.0359218437
351.9185871743
349.8699565798
346.8381095524
343.3839345357
340.0952738811
336.6395290581
332.8373079492
331.8362391450
329.7551102204
325.3087174349
322.6089011356
317.8511189045
315.3994989980
310.8241148965
307.9984802939
303.4259352037
300.3685871743
295.7748663995
290.7538076152
287.9127922512
283.8443219773
278.8627421510
273.8364061456
270.2391282565
267.1022211089
262.5792919172
257.5982464930
252.6608884436
247.9798764195
244.1008684035
240.4116566466
236.2090848363
231.7877755511
227.1169171677
222.6113059452
217.9215764863
213.4824148297
208.8494488978
204.3590681363
199.6958416834
194.4661489646
189.8364562458
185.5867067468
180.9468603874
176.4735470942
172.1785070140
168.0855878424
164.1839011356
160.5260855043
156.7640447562
153.3391783567
149.9701068804
146.8576319305
143.7514696059
140.7057782231
137.7669672679
135.1906312625
133.2985470942
131.5626085504
129.7479625919
128.1387274549
126.4563293253
124.9096526386
123.4407815631
122.0878924516
120.7395123580
119.4650634603
118.2554442218
117.0855544422
115.9257682031
114.8145791583
113.7299933200
112.7187374749
111.7492818971
110.8376920508
109.9993319973
109.9279225117
107.5256513026
105.5173847695
104.5750334001
104.5833333333
