81.8416666667
81.8428022712
81.8500000000
82.5483967936
83.6764362057
84.3882264529
84.7090681363
87.8407147629
90.6804776219
92.3707581830
97.0366900468
100.2068303273
102.7529726119
105.7314796259
108.8729124916
112.1741649967
115.7044255177
118.1898797595
121.9030394122
124.8896125585
127.8874749499
130.8666332665
133.8114729459
136.9440046760
139.7982130929
142.7736806947
145.8391783567
148.8786072144
150.4417501670
151.8057448230
153.0545925184
154.3155978624
155.6000668003
156.5978957916
157.4882765531
158.3194388778
159.1921008684
160.0239311957
160.8787241149
161.6378423514
162.4252672011
163.1743987976
163.8424014696
164.6101369405
165.2644288577
165.4854041416
165.6598029392
165.8877087508
166.1789913160
166.4803607214
166.4634101536
166.5762358049
166.8008517034
167.1157815631
167.3569806279
167.5704575818
167.8292752171
168.0862558450
168.2530394122
168.4870073480
168.6190881764
168.9005511022
169.1152972612
169.2969104876
169.4554776219
169.6191382766
169.8238977956
169.9905477622
170.1855377422
170.3403974616
170.5103540414
170.6621242485
170.8082164329
170.9913159653
171.1750835003
171.3015698063
171.4695891784
171.6157314629
171.7619906480
171.8785070140
172.0352705411
172.1207915832
172.2424348697
172.3534736139
172.4613560454
172.5992818971
172.7062959252
172.7891783567
172.9570641283
173.1636773547
173.1977955912
173.2384268537
173.3888944556
173.4976118904
173.5166666667
173.6349031396
173.6791082164
173.7541249165
173.8672010688
173.9037909152
173.9929525718
174.0842351369
174.1149966600
174.0931696727
174.1448229793
174.2025718103
174.2342852371
174.2811957248
174.3275384102
174.3487808951
174.4077488310
174.4594689379
174.5337508350
174.5583333333
174.5984635939
174.6780895124
174.6932698731
174.7545925184
174.8263360053
174.8488810955
174.8867568470
174.9124081496
174.9427187709
175.0217935872
175.0865564462
175.1019873079
175.1625918504
175.1961088844
175.2323814295
175.2416666667
175.3072478290
175.2694555778
175.3488977956
175.3061623246
175.4039913160
175.3784402138
175.4071977288
175.4778891116
175.4513861055
175.4652137609
175.4660153641
175.4744154977
175.5187207749
175.4592017368
175.4353874415
175.4733132933
175.4907982632
175.5021376086
175.5666666667
175.5692050768
175.6043921176
175.6320474282
175.6250000000
175.6037575150
175.7150300601
175.6874081496
175.7274382098
175.7649131597
175.7794255177
175.7499665999
175.8337842351
175.8348363393
175.8955577822
175.8416666667
175.8532899132
175.9032899132
175.9126252505
175.8873747495
176.0099532398
175.9424181697
175.9625083500
175.9542752171
175.9248162993
175.8595858383
175.9140948564
175.8980126921
175.9080661323
175.9000000000
175.8957247829
175.8800601202
175.8705911824
175.8832999332
175.8849866399
175.9224114896
175.9101870407
175.9333333333
175.9391115564
175.9540247161
175.9789746159
175.9790748163
175.9675684703
176.0247661991
176.0139278557
176.0050100200
176.0275885104
176.0464428858
176.0559118236
176.1147127589
176.1413660655
176.0779559118
176.1106045424
176.1253841015
176.1000000000
176.0778891116
176.0799933200
176.0131429526
176.0951903808
176.0350701403
176.0675183701
176.1086506346
176.0691382766
176.0625584502
176.0370073480
176.0600868403
178.1567802271
181.3838176353
184.4208917836
187.4409318637
190.3514696059
193.3146793587
196.2402304609
199.0700400802
201.9233466934
204.9048096192
207.8015865063
210.7250835003
213.6737474950
216.6124916500
219.5637942552
222.5998997996
225.5752505010
228.6352037408
231.7098363393
234.7811289245
237.8765865063
241.0125250501
243.9855377422
247.0822979292
250.2034402138
253.4040915164
256.6369071476
259.7812959252
262.9304943220
266.2281897128
269.2098530394
272.5856379426
275.7542752171
279.0279559118
282.3240647963
285.4398964596
288.6888777555
292.0791583166
295.3042752171
298.6141950568
301.9463593854
305.1694221777
308.5101703407
311.8222611890
315.1240480962
318.4739478958
321.8484802939
325.2241649967
328.5482130929
331.8923847695
335.4083834335
338.6049766199
340.7435036740
342.4181529726
343.3375417502
343.7181696727
341.8496325985
343.6031563126
344.7847194389
345.3610220441
345.8411155645
346.2789412158
346.7079158317
347.3027054108
347.6562124248
347.8996826987
348.3711255845
348.8658316633
349.1393620574
349.4847528390
349.8028390114
350.0913994656
350.4417501670
350.6914662659
350.9409652639
351.1937374749
351.4621409486
351.6675517702
351.8503340013
352.1230293921
352.2961589846
352.5133934536
352.6782231129
352.8533734135
353.0261523046
353.2054609218
353.2793921176
353.4268036072
353.5468603874
353.7296259185
353.9544756179
354.0077655311
354.0157982632
354.2213593854
354.2745323981
354.3572144289
354.4146292585
354.4337174349
354.5482464930
354.6112224449
354.6083333333
354.7626419506
354.7468436874
354.8332665331
354.9001336005
354.9666666667
355.0375083500
355.0771376086
355.1116566466
355.1763360053
355.2532565130
355.2538577154
355.3710253841
355.4193052772
355.4315798263
355.4972444890
355.5568303273
355.5785404142
355.6123747495
355.6502505010
355.6616232465
355.6658984636
355.7424014696
355.7429358717
355.7515030060
355.7782732131
355.8332498330
355.9127588510
355.8831162325
355.8790247161
355.9637942552
355.8829826319
355.8696058784
355.9404976620
355.9759519038
355.9813627255
355.9145123580
355.8985971944
355.9241983968
355.9710086840
356.0023213093
355.9990313961
355.9950734803
355.9937207749
356.0148797595
356.0550768203
356.0431195725
356.0699064796
356.0860888444
356.0994488978
356.1133600534
356.1166666667
356.1093687375
356.1751002004
356.1746826987
356.1368570474
356.1736806947
356.1647628591
356.1211088844
356.1982130929
356.1764195057
356.2049265197
356.1750000000
356.1843687375
356.2170340681
356.2171509686
356.2409819639
356.2883266533
356.1518704075
356.1849365397
356.1861890448
356.2331162325
356.2098196393
356.1930193721
356.1792084168
356.2092518370
356.2914662659
356.2110554442
356.1612558450
356.2138777555
356.2422845691
356.2017201069
356.1756012024
356.2291583166
356.1896960588
356.1988643955
356.2207581830
356.2327989312
356.2612057448
356.2590180361
356.2457247829
356.3103206413
356.2887775551
356.2922845691
356.2933199733
356.2938710755
356.2698730795
356.3163326653
356.2774048096
356.2916666667
356.2916666667
356.3239311957
356.2982965932
356.3506847027
356.3105544422
350.6985804943
349.6981796927
345.3915831663
342.3895958584
339.2813293253
334.8838844355
332.5774048096
326.9047428190
324.6068971276
320.7882097528
319.2998496994
315.6299599198
310.3309619238
307.3232297929
302.1367401470
298.1149131597
294.0545925184
288.4794923180
284.2829826319
280.7025551102
275.7224949900
270.6526887108
265.2879759519
260.5720440882
256.5296259185
252.1528724115
247.0114228457
241.8528557114
237.2327655311
231.6020374081
226.4214762859
221.6002672011
216.7015364061
211.6131095524
206.2363560454
201.1069639279
196.2251336005
191.4257849031
186.0001837007
181.0634602538
176.3014863059
172.1464261857
167.7717601870
163.5220273881
159.5531229125
156.0805277221
152.3158984636
148.6484635939
145.2373413494
142.3526219105
139.6959418838
137.6169505678
135.4641783567
133.4126085504
131.5225283901
129.6691215765
127.9915998664
126.2592351369
124.7140280561
123.2156312625
121.9065130261
120.8260187041
119.1082832331
117.7263527054
116.5636940548
115.6584335337
114.3127755511
113.4372745491
112.2308617234
111.2783734135
110.3947561790
109.5042752171
108.6350534402
107.8196559786
107.1065631263
106.5364729459
106.1143787575
104.6629759519
102.2685871743
101.2306279225
101.1500000000
