84.2692307692
84.2667026360
84.2384615385
85.0613688916
87.8347926622
88.9809310930
91.2457992909
94.1790504085
96.9786804378
99.7594265454
102.4532757823
105.3047787883
108.0416371204
110.8007553569
113.6134576846
116.3670263604
119.1237397873
121.8857561276
124.6345614306
127.4367812548
130.2571604748
133.0931092955
135.9213966394
138.6543702790
141.4802528133
144.3515030060
147.2861723447
149.3486819793
150.6176815169
151.9416525358
153.2582549715
154.5472329274
155.6628796054
156.6436873747
157.6309542161
158.5438877756
159.4493294281
160.3692924310
161.1979651611
161.9955295206
162.7863419146
163.5771543086
164.3332819485
164.8522275320
165.1153537845
165.3532449514
165.6509480499
165.9407584400
166.2165253584
166.5527670726
166.8258054571
167.0867889625
167.3489132110
167.6009557577
167.8887929706
167.5240018499
167.7089872052
168.2803915523
168.5404809619
168.7825805457
169.0156620934
169.1720055496
169.4173886234
169.6212424850
169.8420225066
170.0370279020
170.2100200401
170.4048096192
170.5767843379
170.7388931710
170.9137043317
171.0756898412
171.2338523200
171.3843379066
171.5366425158
171.7060428549
171.8088947125
171.9378449206
172.0723292739
172.2071373516
172.3178202559
172.4273315862
172.5559580700
172.6238322799
172.7764451981
172.8452905812
172.9383998767
173.0575612764
173.1478957916
173.2836750424
173.4091105287
173.4707723139
173.5359796516
173.6300138739
173.6880530291
173.8038538616
173.8580854016
173.8913827655
173.8999229228
174.0374287036
174.0524125173
174.1422537382
174.1897333128
174.2551256359
174.3174657006
174.3867118853
174.4590411592
174.4891012795
174.5527979035
174.5468321258
174.6484969940
174.7150917219
174.7707877293
174.8031909974
174.8776938492
174.9199321720
174.9293355943
174.9454293202
174.9906274087
175.0418683521
175.1067519655
175.1153846154
175.1454139047
175.1219207646
175.1798211808
175.2068752890
175.2570063203
175.3003391398
175.3427007862
175.3676738092
175.3821643287
175.3963619547
175.4000000000
175.4785108679
175.5000000000
175.5014182211
175.5153846154
175.5252505010
175.5616617851
175.5769230769
175.5846616310
175.6013103129
175.6179589949
175.6634345614
175.7089101279
175.6732079544
175.6998766764
175.7153846154
175.7215507939
175.7463850778
175.7305688300
175.7555418529
175.7767535070
175.8021889934
175.8153846154
175.8153846154
175.8279636195
175.8376907661
175.8686758132
175.8764297826
175.8748574071
175.9059349468
175.9047787883
175.9244488978
175.9311546169
175.9102204409
175.9442577463
175.9359334053
175.9230769231
175.9707723139
175.9694774164
175.9773084631
175.9846153846
175.9912131956
175.9971327270
175.9567596732
175.9721751195
175.9887929706
175.9923076923
176.0195159550
175.9761060583
175.9749498998
176.0209495915
176.0453214121
176.0176198551
175.9877138893
176.0242484970
176.0189147526
176.0315862494
176.0271466009
176.0448743641
176.0218436874
176.0852474179
176.0878988747
176.0846153846
176.0613688916
176.0570525667
176.0874826576
176.0896716510
176.0723292739
176.0956374287
176.1000000000
176.1045938030
176.0763372900
176.0908278095
176.1000000000
176.1142438724
176.0465854786
176.0951441344
176.4372437182
178.9301217820
181.5905811623
184.3091567751
186.9755665177
189.6463850778
192.3632649915
195.0783721289
197.7499306305
200.4978880839
203.2768614151
205.9879605365
208.7646369662
211.5236935409
214.3180360721
217.1680746108
220.0308154771
222.8939571451
225.8143363650
228.7721597040
231.6833821489
234.6216895329
237.5986588562
240.5172344689
243.5028981039
246.5159241560
249.5079081239
252.5356559272
255.5849545244
258.6568521659
261.6535224295
264.7580391552
267.7674425775
270.7890396177
273.8422845691
277.0496839834
280.0854478187
283.2318945583
286.3891321104
289.5089717897
292.6863419146
295.7829967628
298.9092030214
302.1144442732
305.3109912132
308.4272545090
311.5605210421
314.7308771389
317.9277632187
321.2368275012
324.4339910590
327.6721134577
330.8799445044
334.0519500540
337.2724834284
339.8844766456
341.7131493757
343.0094034222
341.7768459997
343.7267920456
344.3262833359
344.7788191768
345.3050562664
345.8502081085
346.3130568830
346.7708956374
347.2058424541
347.6533220287
348.0493756744
348.4609680900
348.8286573146
349.2249730230
349.5635578850
349.8820410051
350.2177894250
350.4670880222
350.7795282873
351.0343918606
351.2802682288
351.5555110220
351.8124556806
351.9965623555
352.1980422383
352.3908894713
352.5581316479
352.7377524279
352.9238476954
353.0567288423
353.2264991522
353.3522275320
353.4731308771
353.6379528287
353.8012794820
353.8885309080
353.9689070449
353.9994912903
354.0798674272
354.2450593495
354.2660860182
354.3969169107
354.4829042701
354.5394018807
354.6603823031
354.7349314013
354.8234160629
354.8538461538
354.9081085247
354.9895329120
355.0053183290
355.1153846154
355.1283335903
355.2016802836
355.2845999692
355.3195622013
355.3692924310
355.3914906737
355.3985663635
355.4258208725
355.4441190072
355.5046092184
355.5632649915
355.6171419763
355.6277478033
355.6346693387
355.6790658240
355.6760443965
355.7209650069
355.7398335132
355.7307692308
355.7663789117
355.7834900570
355.7846153846
355.8608447665
355.8246184677
355.8426699553
355.8574687837
355.8674888238
355.9010944967
355.9198242639
355.9552797903
355.9355634346
355.8881146909
355.9479728688
355.9899028827
355.9232927393
355.9749344844
355.9642053337
356.0134576846
356.0128102359
356.0007399414
355.9998150146
356.0218591028
356.0255588099
356.0307692308
356.0117157392
356.0076923077
356.0381532295
356.0769230769
356.0769230769
356.0714660089
356.0293355943
355.9769230769
355.9917835671
356.0250809311
356.0384615385
356.0609064282
356.0629875135
356.0752890396
356.1069523663
356.0520579621
356.0349468167
356.1059811932
356.0812548173
356.0444119007
356.0610605827
356.0649915215
356.0517958995
356.0626637891
356.0569600740
356.0673809157
356.0322336982
356.0846153846
356.0826730384
356.0644211500
356.0662710035
356.1067827964
356.1028056112
356.0988592570
356.0989055033
356.0915060891
356.0605056266
356.0671650994
356.0983967936
356.0923076923
356.0914444273
356.0816247880
356.0713581008
356.0741637120
356.0624479729
356.0578695853
356.0987821797
356.1072144289
356.0881609373
356.1370279020
356.1533374441
356.1000000000
356.0962232157
356.0754123632
356.1223061508
354.4277169724
350.9836596269
348.0593802991
345.2928472329
341.6508555573
339.2270541082
335.0527362417
332.7851857561
328.1253892400
325.3775242793
324.1061815940
320.3682441807
316.2217974410
312.3893016803
308.2521350393
304.4157237552
299.9673655002
296.4931863727
291.9505934947
286.8540003083
282.4557885001
279.3967781717
274.6903807615
269.8483890859
264.9419608448
259.9141513797
255.4190072453
251.0831971636
247.0255742254
242.6691691074
237.9746724218
233.1391552335
228.1287343919
223.3638199476
218.6392939726
213.7729458918
208.9454601511
204.2164945275
199.1981347310
193.9994912903
189.0763372900
184.3651919223
179.8658702019
175.5053029135
171.4858332049
167.4139201480
163.6132418684
159.8233544011
156.2954986897
152.9267612147
149.5226915369
146.2576075227
143.4446585479
141.1457992909
139.1951287190
137.0812856482
135.1632958224
133.2907661477
131.4697394790
129.8028364421
128.1112532758
126.5373978727
125.0673655002
123.6183135502
122.2978880839
120.9815322954
119.6281486049
118.4299367967
117.2871897641
116.2702636041
115.1690457839
114.1394789579
113.1695390782
112.2096038230
111.2864652382
110.4329582241
109.6065361492
108.9281794358
108.5838600277
106.5315862494
104.6840450131
104.0384615385
